0 154.909 114.994 -0.427575 0.5
0 175.081 103.605 -14.5604 0.5
0 234.661 114.921 1.53628 0.5
0 85.5388 88.9314 10.1236 0.5
0 78.8597 85.0012 0.186411 0.5
0 46.542 85.2385 2.66431 0.5
0 48.6607 114.963 1.04603 0.5
0 148.244 86.1691 -5.80564 0.5
0 156.535 91.4757 -12.3424 0.5
0 249.165 101.961 14.8713 0.5
0 83.7907 103.065 14.6835 0.5
0 147.311 86.0885 5.60978 0.5
0 138.233 112.417 8.41515 0.5
0 126.579 108.771 12.1687 0.5
0 292.381 86.8402 -7.19855 0.5
0 233.489 114.752 2.71411 0.5
0 48.949 102.019 14.8635 0.5
0 330.649 101.543 14.9205 0.5
0 229.913 98.9694 -14.9646 0.5
0 105.054 108.028 12.6707 0.5
0 242.993 85.0182 0.738054 0.5
0 56.1584 91.4218 12.3051 0.5
0 170.063 101.323 14.9415 0.5
0 59.9607 85.8117 -4.86735 0.5
0 316.68 98.0454 14.8721 0.5
0 224.296 95.1414 14.1913 0.5
0 325.663 89.5733 -10.7835 0.5
0 164.597 93.7879 13.6532 0.5
0 145.488 97.1383 14.7245 0.5
0 246.257 105.328 -14.0219 0.5
0 294.525 106.377 13.577 0.5
0 72.3887 112.32 -8.55701 0.5
0 131.728 102.038 -14.8609 0.5
0 9.57437 109.912 11.2581 0.5
0 191.133 109.137 -11.8956 0.5
0 189.383 85.1349 -2.0073 0.5
0 146.341 112.657 8.05062 0.5
0 170.87 92.845 -13.1836 0.5
0 249.318 113.488 -6.56376 0.5
0 183.501 89.7126 10.9164 0.5
0 145.138 106.444 13.5455 0.5
0 330.334 110.582 10.6316 0.5
0 24.3405 91.2047 12.1508 0.5
0 241.163 94.9002 -14.1065 0.5
0 212.958 112.099 -8.8658 0.5
0 174.61 109.512 -11.5987 0.5
0 253.429 109.735 11.4118 0.5
0 88.3849 85.7915 4.8083 0.5
0 61.6158 114.652 -3.21135 0.5
0 205.853 105.86 -13.8078 0.5
0 151.374 114.72 2.8838 0.5
0 144.375 105.286 -14.0378 0.5
0 48.4845 104.452 -14.3241 0.5
0 146.09 96.3004 14.5366 0.5
0 181.866 85.9538 -5.26336 0.5
0 55.9961 85.061 -1.35163 0.5
0 301.379 111.794 -9.26866 0.5
0 260.059 111.831 9.22114 0.5
0 2.3026 92.4896 -12.9844 0.5
0 316.858 104.541 -14.2963 0.5
0 267.533 92.3722 -12.9158 0.5
0 5.71521 114.714 -2.91389 0.5
0 50.3874 86.4127 -6.35494 0.5
0 34.4139 94.9524 14.1252 0.5
0 62.3774 85.3291 -3.12485 0.5
0 239.155 91.6683 -12.4733 0.5
0 294.591 96.9405 14.6847 0.5
0 134.298 114.973 -0.892832 0.5
0 109.337 87.7505 8.65734 0.5
0 299.397 102.642 14.7656 0.5
0 278.176 109.68 11.4582 0.5
0 183.388 105.54 -13.9394 0.5
0 332.262 101.892 -14.8802 0.5
0 138.772 85.1324 1.98895 0.5
0 150.505 89.284 10.4961 0.5
0 283.61 110.794 10.416 0.5
0 229.073 112.816 7.79495 0.5
0 37.0908 90.1389 11.3031 0.5
0 126.453 90.239 -11.3896 0.5
0 312.54 96.9357 -14.6837 0.5
0 205.497 110.629 10.5841 0.5
0 169.169 85.6787 -4.46111 0.5
0 200.408 99.3918 14.9877 0.5
0 94.0356 112.371 8.48245 0.5
0 21.3689 109.787 11.3674 0.5
0 100.646 114.609 -3.40226 0.5
0 43.7638 105.321 14.0246 0.5
0 250.62 109.518 11.5937 0.5
0 82.5218 95.9108 -14.4319 0.5
0 167.088 109.414 11.6779 0.5
0 64.4475 91.997 12.6867 0.5
0 315.837 85.0454 1.16649 0.5
0 169.026 87.7453 8.64999 0.5
0 318.385 106.517 -13.5104 0.5
0 219.307 100.496 14.9918 0.5
0 69.6332 101.47 14.9278 0.5
0 309.341 86.3241 6.16185 0.5
0 223.266 107.98 12.7014 0.5
0 177.264 85.4245 -3.54318 0.5
0 332.185 89.8254 -11.0217 0.5
0 180.494 104.417 14.3349 0.5
0 208.333 114.929 1.45528 0.5
0 10.2926 113.85 5.75917 0.5
0 143.472 101.958 14.8717 0.5
0 305.961 111.807 9.2523 0.5
0 81.7758 99.2899 14.9832 0.5
0 128.874 88.3233 9.41564 0.5
0 202.901 114.963 1.05927 0.5
0 277.384 96.3513 -14.5495 0.5
0 2.30594 87.9839 8.97853 0.5
0 182.465 85.648 4.36114 0.5
0 57.151 113.878 -5.6912 0.5
0 276.278 89.616 10.8246 0.5
0 320.401 109.09 -11.9323 0.5
0 10.8551 86.2088 -5.8993 0.5
0 12.0408 101.542 14.9206 0.5
0 129.998 88.4677 -9.59202 0.5
0 291.11 86.0904 -5.61444 0.5
0 22.4103 99.1755 14.9773 0.5
0 15.4117 106.234 -13.6432 0.5
0 314.211 105.844 -13.8149 0.5
0 183.412 112.57 -8.18533 0.5
0 63.7946 89.1641 -10.3722 0.5
0 200.606 111.58 9.53454 0.5
0 93.0941 101.674 14.9062 0.5
0 189.497 95.4059 14.2791 0.5
0 120.222 114.682 3.07331 0.5
0 297.651 99.9293 14.9998 0.5
0 77.8706 92.5183 13.0009 0.5
0 107.733 104.528 -14.3002 0.5
0 169.806 104.518 14.3033 0.5
0 30.1431 85.2908 2.93907 0.5
0 207.328 85.4999 3.84027 0.5
0 323.225 114.723 2.86895 0.5
0 307.676 85.8347 -4.9339 0.5
0 132.621 100.45 -14.9933 0.5
0 260.283 114.73 2.83571 0.5
0 240.504 85.183 2.3356 0.5
0 128.717 102.343 -14.8159 0.5
0 293.399 103.47 -14.5931 0.5
0 241.806 96.376 14.5556 0.5
0 90.5412 94.3655 -13.9015 0.5
0 223.316 93.9643 13.7321 0.5
0 202.966 102.183 -14.8403 0.5
0 55.4692 85.0345 1.01738 0.5
0 161.804 87.8077 8.73769 0.5
0 62.0078 85.0348 -1.02181 0.5
0 30.976 109.735 11.4122 0.5
0 166.777 106.319 13.604 0.5
0 284.466 114.846 2.1427 0.5
0 120.239 111.57 9.5464 0.5
0 313.187 104.725 -14.2363 0.5
0 169.697 114.007 5.36811 0.5
0 254.597 85.921 5.17508 0.5
0 63.0254 114.168 4.92675 0.5
0 41.3662 96.3863 -14.5582 0.5
0 215.994 96.8117 -14.6572 0.5
0 103.715 101.711 -14.9021 0.5
0 62.8323 93.0506 -13.293 0.5
0 255.166 97.6974 -14.8222 0.5
0 149.271 99.8318 14.9991 0.5
0 271.661 101.287 -14.9447 0.5
0 69.9912 112.515 8.2693 0.5
0 101.711 97.4459 14.781 0.5
0 212.763 85.0023 -0.263372 0.5
0 218.194 85.2814 -2.89168 0.5
0 59.1586 103.819 -14.5058 0.5
0 122.597 95.219 14.2177 0.5
0 139.435 86.7234 6.98076 0.5
0 308.14 114.566 3.58306 0.5
0 153.194 103.076 14.6813 0.5
0 102.78 85.0639 1.38264 0.5
0 247.801 105.522 -13.9465 0.5
0 116.961 88.5729 -9.71707 0.5
0 286.848 85.1318 1.98416 0.5
0 24.2336 109.896 -11.2729 0.5
0 243.472 85.0313 -0.968598 0.5
0 301.971 85.3768 3.34098 0.5
0 239.985 99.0771 14.9716 0.5
0 61.0238 93.3608 13.4507 0.5
0 125.599 91.5417 12.3878 0.5
0 271.969 105.701 -13.8742 0.5
0 10.5594 107.31 13.0981 0.5
0 220.237 114.954 1.17418 0.5
0 324.976 88.9783 10.1746 0.5
0 195.743 88.9957 -10.1934 0.5
0 121.67 100.886 14.9738 0.5
0 50.0981 87.9054 -8.87249 0.5
0 272.471 102.999 14.6971 0.5
0 242.278 98.9238 -14.9613 0.5
0 294.128 101.93 14.8753 0.5
0 260.239 92.5665 -13.0286 0.5
0 165.26 91.2778 -12.2034 0.5
0 81.0371 85.3088 -3.02813 0.5
0 77.7233 103.056 14.6854 0.5
0 172.809 106.255 -13.6338 0.5
0 160.067 113.55 -6.43403 0.5
0 215.061 86.6141 -6.76888 0.5
0 328.014 88.8266 10.0078 0.5
0 127.899 114.976 -0.856291 0.5
0 207.388 104.27 14.3794 0.5
0 33.9206 112.209 8.71402 0.5
0 116.322 86.2615 6.02113 0.5
0 214.438 106.235 13.6427 0.5
0 146.688 100.845 -14.9762 0.5
0 31.1497 114.473 -3.94093 0.5
0 95.9735 113.948 -5.51833 0.5
0 123.053 107.256 13.128 0.5
0 243.011 110.128 -11.0642 0.5
0 311.011 97.2223 -14.7406 0.5
0 264.1 114.528 -3.73139 0.5
0 305.744 88.5144 -9.64786 0.5
0 230.893 114.905 1.68706 0.5
0 1.54164 114.995 0.377017 0.5
0 97.5261 85.8656 -5.0219 0.5
0 223.54 97.8432 14.8441 0.5
0 283.952 111.659 9.43746 0.5
0 197.503 101.669 14.9069 0.5
0 187.945 112.914 7.62999 0.5
0 74.8863 105.693 13.8776 0.5
0 230.67 89.4487 10.6616 0.5
0 78.2929 107.245 13.1343 0.5
0 101.815 112.193 8.73626 0.5
0 294.677 86.1864 -5.84682 0.5
0 6.85223 106.768 -13.3865 0.5
0 222.795 107.831 -12.7935 0.5
0 38.847 85.335 -3.15221 0.5
0 149.181 92.9456 13.2376 0.5
0 234.008 104.821 14.2041 0.5
0 74.3779 86.8791 7.26925 0.5
0 280.194 96.4532 14.5746 0.5
0 224.686 114.987 0.634592 0.5
0 302.37 98.088 -14.8776 0.5
0 68.7634 107.213 13.1521 0.5
0 87.7858 113.57 -6.39237 0.5
0 46.3256 98.7923 -14.9513 0.5
0 86.9586 102.284 -14.8251 0.5
0 100.058 88.1783 -9.23297 0.5
0 181.003 112.158 8.78489 0.5
0 150.317 99.327 14.9849 0.5
0 124.445 111.837 9.21359 0.5
0 77.0272 113.155 7.20824 0.5
0 38.7894 114.899 1.73373 0.5
0 309.37 110.534 10.6783 0.5
0 326.129 110.515 10.6975 0.5
0 156.171 87.1569 -7.74943 0.5
0 327.753 86.4836 -6.50438 0.5
0 64.9485 93.6444 13.587 0.5
0 84.8057 112.395 -8.44824 0.5
0 155.564 105.532 13.9428 0.5
0 8.40096 113.68 -6.1527 0.5
0 83.3451 108.485 -12.3692 0.5
0 99.4555 85.6496 -4.36635 0.5
0 12.0784 85.0283 -0.921226 0.5
0 275.53 105.895 13.7932 0.5
0 330.534 85.9547 5.26578 0.5
0 187.069 96.3183 -14.5411 0.5
0 327.642 106.789 -13.3758 0.5
0 95.7327 111.226 -9.94926 0.5
0 294.57 88.9695 -10.165 0.5
0 24.3936 114.641 -3.26003 0.5
0 156.099 98.4683 14.9216 0.5
0 230.379 92.3496 -12.9024 0.5
0 117.455 112.826 -7.77741 0.5
0 145.817 86.9051 -7.316 0.5
0 58.5104 113.648 6.22359 0.5
0 13.992 85.2921 -2.94589 0.5
0 146.279 90.6988 11.7681 0.5
0 231.54 100.931 14.9711 0.5
0 171.419 88.1886 -9.24617 0.5
0 12.9245 107.645 -12.9057 0.5
0 136.439 106.246 13.6375 0.5
0 211.458 85.6854 -4.48248 0.5
0 12.2758 104.367 -14.3501 0.5
0 70.9222 112.792 -7.83343 0.5
0 6.0366 114.578 3.53205 0.5
0 251.006 108.247 12.5292 0.5
0 295.582 114.722 2.87694 0.5
0 331.772 85.0055 0.407438 0.5
0 113.693 98.2305 14.8953 0.5
0 71.7121 108.393 12.4324 0.5
0 103.952 114.902 1.71165 0.5
0 223.431 95.5934 -14.3381 0.5
0 197.116 85.4625 -3.69624 0.5
0 317.907 108.803 -12.1454 0.5
0 260.302 111.91 -9.11934 0.5
0 125.894 97.5116 -14.7922 0.5
0 231.281 104.455 14.3231 0.5
0 32.0961 103.793 -14.5126 0.5
0 104.709 107.468 -13.0087 0.5
0 217.26 114.821 -2.31136 0.5
0 221.815 111.011 10.1858 0.5
0 4.32714 87.5839 -8.41675 0.5
0 271.036 103.812 -14.5076 0.5
0 205.339 85.8641 -5.01758 0.5
0 28.6057 89.1545 -10.3622 0.5
0 58.0379 114.686 3.0511 0.5
0 240.653 94.3272 13.886 0.5
0 295.934 88.4368 -9.55469 0.5
0 130.366 85.243 -2.68919 0.5
0 99.5896 87.2569 -7.91282 0.5
0 153.433 113.357 6.8251 0.5
0 106.427 113.613 -6.30012 0.5
0 155.195 113.71 -6.08647 0.5
0 63.8879 100.264 14.9977 0.5
0 303.926 113.06 -7.37776 0.5
0 95.7744 105.271 -14.0434 0.5
0 15.0294 107.74 12.849 0.5
0 111.255 90.1341 11.2988 0.5
0 109.3 93.3908 -13.4655 0.5
0 315.482 98.4391 -14.9186 0.5
0 14.1988 109.611 -11.5161 0.5
0 283.385 99.2874 -14.9831 0.5
0 3.67059 85.0362 -1.04193 0.5
0 137.062 105.431 -13.9824 0.5
0 202.947 113.894 -5.65188 0.5
0 225.579 101.649 -14.9091 0.5
0 285.884 110.089 -11.1004 0.5
0 134.336 102.138 14.8468 0.5
0 249.181 85.0546 -1.27848 0.5
0 196.134 85.0153 0.677996 0.5
0 192.92 100.365 14.9956 0.5
0 241.692 85.0673 -1.41967 0.5
0 161.07 114.979 0.802668 0.5
0 92.0298 91.1531 12.1133 0.5
0 328.362 114.658 -3.18309 0.5
0 247.076 86.5542 -6.64915 0.5
0 268.206 107.544 12.9648 0.5
0 33.7627 85.6153 -4.25203 0.5
0 100.914 86.3727 6.2687 0.5
0 16.1602 86.2138 -5.91105 0.5
0 274.306 114.583 -3.514 0.5
0 245.606 89.2239 -10.4343 0.5
0 293.99 99.2401 -14.9807 0.5
0 107.005 114.449 4.02935 0.5
0 293.688 104.91 -14.1735 0.5
0 78.3374 104.986 -14.147 0.5
0 324.751 114.547 -3.65694 0.5
0 190.217 114.87 -1.96678 0.5
0 0.0942839 112.448 8.36924 0.5
0 86.1957 85.4342 3.58291 0.5
0 136.185 88.6544 9.81206 0.5
0 217.971 95.9276 14.4366 0.5
0 110.753 111.463 -9.67455 0.5
0 187.602 91.272 12.1993 0.5
0 114.872 90.6653 -11.7415 0.5
0 266.518 112.53 8.2469 0.5
0 146.345 115 0.0493898 0.5
0 252.317 85.2948 2.95929 0.5
0 283.419 88.3116 9.40112 0.5
0 159.844 102.338 14.8167 0.5
0 112.196 87.7244 8.62024 0.5
0 25.5669 94.3141 -13.8806 0.5
0 17.5688 99.2804 -14.9827 0.5
0 221.402 89.8545 -11.0484 0.5
0 181.195 94.0372 13.7639 0.5
0 202.544 109.428 11.6665 0.5
0 81.3493 85.0536 -1.26725 0.5
0 89.7855 114.817 2.33859 0.5
0 1.48319 113.318 -6.90115 0.5
0 190.551 88.4843 9.61189 0.5
0 125.711 111.377 9.77601 0.5
0 247.021 113.912 -5.60859 0.5
0 267.48 89.9251 11.1129 0.5
0 264.934 108.983 12.0124 0.5
0 11.2755 89.2437 10.4548 0.5
0 192.625 108.256 -12.5238 0.5
0 224.442 109.755 11.3944 0.5
0 322.737 96.1037 14.4851 0.5
0 194.04 114.465 3.97031 0.5
0 218.656 94.8928 14.1038 0.5
0 163.844 104.521 -14.3024 0.5
0 174.069 105.475 -13.9652 0.5
0 192.522 114.558 3.61561 0.5
0 242.75 97.5963 14.8062 0.5
0 249.007 87.087 -7.63248 0.5
0 6.67685 85.0907 -1.64664 0.5
0 208.434 85.3278 -3.11878 0.5
0 76.4273 108.891 -12.0811 0.5
0 136.211 114.894 1.78196 0.5
0 43.7951 97.494 -14.7892 0.5
0 76.6822 114.097 5.12469 0.5
0 119.636 88.8169 -9.99689 0.5
0 88.6136 85.0398 -1.09193 0.5
0 125.39 85.0871 -1.61424 0.5
0 261.761 87.8494 -8.79563 0.5
0 100.378 88.8034 9.98175 0.5
0 272.702 112.887 7.67636 0.5
0 86.5517 114.198 4.83771 0.5
0 162.142 106.62 -13.4601 0.5
0 147.271 89.3245 10.5372 0.5
0 263.921 85.1232 1.91869 0.5
0 331.867 112.925 -7.61189 0.5
0 139.846 90.0778 11.2494 0.5
0 178.871 102.578 14.7767 0.5
0 170.322 112.103 8.86155 0.5
0 264.425 96.3132 14.5399 0.5
0 260.747 114.102 -5.11083 0.5
0 328.978 100.29 -14.9972 0.5
0 19.9267 90.2835 -11.4275 0.5
0 234.278 112.476 8.32806 0.5
0 316.034 109.079 -11.9401 0.5
0 316.028 86.9886 -7.46352 0.5
0 127.252 85.3201 3.08231 0.5
0 212.712 108.342 12.4667 0.5
0 288.403 97.6543 -14.8155 0.5
0 163.999 114.058 -5.23129 0.5
0 167.577 86.251 -5.99698 0.5
0 140.33 87.4309 8.1864 0.5
0 28.864 87.5694 -8.39527 0.5
0 104.261 86.6093 -6.75939 0.5
0 106.601 110.011 11.1703 0.5
0 157.656 92.9973 -13.2651 0.5
0 225.269 85.9935 5.36819 0.5
0 285.71 101.987 14.8678 0.5
0 167.238 113.457 -6.62539 0.5
0 185.953 95.9246 14.4358 0.5
0 211.25 101.24 -14.9487 0.5
0 331.943 115 -0.0422286 0.5
0 266.453 96.8907 14.6742 0.5
0 274.341 85.668 -4.4266 0.5
0 236.08 94.3599 13.8993 0.5
0 63.272 106.716 -13.4127 0.5
0 46.426 85.0802 1.5489 0.5
0 315.932 94.2171 13.8405 0.5
0 167.175 90.7337 -11.7956 0.5
0 34.8792 113.63 6.26353 0.5
0 182.327 114.895 1.77049 0.5
0 82.4771 94.8781 -14.0984 0.5
0 69.7275 114.357 4.34459 0.5
0 218.896 93.0428 13.289 0.5
0 40.3121 109.768 11.3839 0.5
0 154.657 90.457 -11.5729 0.5
0 49.5087 93.9919 13.7442 0.5
0 255.541 106.796 13.3721 0.5
0 280.641 101.637 -14.9104 0.5
0 296.364 96.0649 14.4746 0.5
0 109.229 109.548 11.569 0.5
0 218.285 107.186 13.1665 0.5
0 189.469 97.6331 -14.8121 0.5
0 32.8891 114.893 1.78941 0.5
0 185.026 98.4003 14.9145 0.5
0 226.47 110.902 10.3029 0.5
0 320.56 114.95 -1.22489 0.5
0 155.249 114.974 0.876437 0.5
0 199.813 85.2211 2.56613 0.5
0 259.162 86.1958 -5.86894 0.5
0 106.921 113.111 -7.28709 0.5
0 124.783 103.91 14.4815 0.5
0 247.656 110.37 10.8385 0.5
0 245.24 86.0868 -5.60572 0.5
0 19.2287 114.434 4.08193 0.5
0 19.716 87.5768 -8.40618 0.5
0 182.98 109.762 -11.3888 0.5
0 31.9386 99.6129 14.995 0.5
0 53.6413 92.3045 -12.8756 0.5
0 60.0012 103.521 14.5808 0.5
0 248.013 108.404 -12.4249 0.5
0 317.54 88.9972 10.195 0.5
0 317.921 103.66 -14.5466 0.5
0 207.712 89.8825 -11.0741 0.5
0 243.816 86.9655 7.42305 0.5
0 0.272598 99.5109 -14.992 0.5
0 154.954 94.9766 14.1339 0.5
0 227.574 114.29 -4.56091 0.5
0 326.233 85.7365 4.64236 0.5
0 259.445 112.427 8.40048 0.5
0 297.788 94.7662 14.0573 0.5
0 127.887 98.4873 14.9235 0.5
0 74.8688 114.616 -3.37284 0.5
0 208.665 86.4946 -6.52718 0.5
0 176.324 86.3326 -6.18086 0.5
0 272.136 113.37 -6.79995 0.5
0 305.323 86.5041 -6.54686 0.5
0 133.592 86.4283 6.38811 0.5
0 68.7666 99.3287 14.985 0.5
0 264.603 105.586 -13.9211 0.5
0 248.372 99.5504 -14.9933 0.5
0 150.372 86.8365 7.19174 0.5
0 277.03 85.9569 5.27187 0.5
0 201.296 103.738 14.5268 0.5
0 89.4054 85.6599 -4.40001 0.5
0 51.9888 114.919 -1.55793 0.5
0 99.3589 89.3689 -10.5821 0.5
0 296.714 93.1768 13.3583 0.5
0 289.256 87.028 7.53173 0.5
0 236.991 109.644 -11.489 0.5
0 39.3281 112.928 -7.60653 0.5
0 73.51 109.596 -11.5285 0.5
0 233.173 100.012 15 0.5
0 172.3 91.7664 12.5383 0.5
0 226.112 89.0983 -10.3031 0.5
0 128.447 107.423 13.0343 0.5
0 177.141 95.6712 14.3618 0.5
0 101.423 102.372 14.8113 0.5
0 168.192 105.967 -13.762 0.5
0 292.35 94.3244 13.8848 0.5
0 76.4546 85.4825 3.7737 0.5
0 49.3253 90.2889 -11.4322 0.5
0 12.7457 105.905 13.7886 0.5
0 243.956 94.1755 -13.823 0.5
0 16.9452 115 -0.0450374 0.5
0 299.603 113.105 7.29801 0.5
0 223.497 86.4439 -6.42129 0.5
0 81.2743 86.835 -7.18916 0.5
0 81.1031 86.9851 7.4573 0.5
0 138.981 110.016 11.1664 0.5
0 250.961 104.469 -14.3187 0.5
0 308.448 114.909 1.64714 0.5
0 108.296 111.354 9.80187 0.5
0 235.569 98.1243 -14.8823 0.5
0 219.994 96.483 14.5819 0.5
0 190.218 114.994 -0.41497 0.5
0 61.6286 102.275 -14.8264 0.5
0 11.0154 113.541 6.45391 0.5
0 311.791 86.6421 -6.82406 0.5
0 146.657 114.561 -3.6032 0.5
0 186.6 114.724 -2.86421 0.5
0 304.904 100.094 -14.9997 0.5
0 165.074 114.821 2.30891 0.5
0 37.3538 93.0314 -13.283 0.5
0 146.77 86.107 -5.65539 0.5
0 272.597 109.107 -11.9189 0.5
0 308.04 90.4655 -11.5799 0.5
0 314.318 112.104 -8.85932 0.5
0 63.5732 88.5323 9.66909 0.5
0 299.6 104.806 14.2093 0.5
0 223.058 101.767 -14.8956 0.5
0 22.5025 86.2603 -6.01826 0.5
0 1.64282 114.23 -4.74451 0.5
0 22.699 89.8115 11.0088 0.5
0 19.6179 111.64 -9.46139 0.5
0 66.9711 88.4676 -9.59185 0.5
0 175.399 85.4031 3.45396 0.5
0 148.797 91.2973 12.2174 0.5
0 280.574 113.311 -6.91406 0.5
0 299.918 85.2193 2.55567 0.5
0 13.2072 113.798 5.88292 0.5
0 124.369 109.301 11.7682 0.5
0 183.625 107.834 12.7916 0.5
0 11.0939 87.0808 7.6219 0.5
0 330.285 85.0721 -1.46912 0.5
0 279.41 112.216 -8.70417 0.5
0 155.448 111.154 10.0299 0.5
0 62.6258 108.053 12.6552 0.5
0 15.0693 114.203 -4.82539 0.5
0 293.503 89.1319 10.3385 0.5
0 139.725 113.9 5.63856 0.5
0 57.1348 107.686 -12.8813 0.5
0 158.421 104.612 -14.2734 0.5
0 286.925 100.581 14.9887 0.5
0 227.321 85.443 3.61836 0.5
0 154.206 109.895 -11.2735 0.5
0 182.863 92.0186 -12.7003 0.5
0 22.9771 85.4733 3.7382 0.5
0 292.939 91.4467 -12.3224 0.5
0 156.551 86.8398 7.19777 0.5
0 26.9817 90.4041 -11.529 0.5
0 31.3097 113.187 -7.14865 0.5
0 247.22 109.395 11.6936 0.5
0 230.714 87.9404 8.91999 0.5
0 324.315 94.3295 13.8869 0.5
0 189.678 110.697 10.5156 0.5
0 15.5775 113.458 6.62501 0.5
0 181.967 114.476 3.93153 0.5
0 285.68 93.5801 -13.5567 0.5
0 257.3 96.9729 14.6914 0.5
0 140.233 114.629 3.31626 0.5
0 2.47331 86.7021 -6.94022 0.5
0 302.37 112.607 8.12769 0.5
0 288.042 87.9128 8.8826 0.5
0 248.432 112.842 7.75137 0.5
0 247.087 103.458 -14.5961 0.5
0 288.017 101.892 -14.8802 0.5
0 79.8074 113.582 -6.36609 0.5
0 301.616 86.8649 7.24347 0.5
0 160.49 90.0739 11.246 0.5
0 131.718 113.691 6.12737 0.5
0 60.6387 85.6132 4.2451 0.5
0 223.876 110.97 10.2307 0.5
0 97.1675 88.2305 9.29935 0.5
0 196.618 114.621 3.35172 0.5
0 2.89839 94.0596 13.7736 0.5
0 308.07 108.112 -12.6172 0.5
0 62.6762 114.913 1.61634 0.5
1 482.152 -142.818 -1.29841 0.5
1 369.171 33.7223 -14.3986 0.5
1 343.373 68.1988 -4.15627 0.5
1 366.742 44.4992 14.8125 0.5
1 348.975 58.5437 4.32196 0.5
1 379.411 18.11 -14.8549 0.5
1 427.953 -55.2727 12.2804 0.5
1 391.284 2.39617 14.742 0.5
1 390.585 10.2442 11.684 0.5
1 375.161 17.6081 11.2292 0.5
1 389.5 -9.72867 8.37356 0.5
1 440.321 -84.901 14.9945 0.5
1 451.829 -96.587 12.2516 0.5
1 431.34 -82.3102 8.20285 0.5
1 407.709 -15.4236 -6.74425 0.5
1 378.695 24.6529 14.6501 0.5
1 470.96 -124.284 5.14068 0.5
1 347.425 66.7143 12.0904 0.5
1 392.283 3.32279 -13.9841 0.5
1 422.951 -47.7511 -13.0071 0.5
1 354.91 77.4594 2.24361 0.5
1 403.1 -28.3728 12.9707 0.5
1 446.541 -81.2393 -2.17499 0.5
1 431.234 -83.4002 -5.80386 0.5
1 429.289 -75.8028 -11.524 0.5
1 340.486 100.115 -8.2856 0.5
1 446.979 -111.84 0.143809 0.5
1 421.698 -67.4007 4.37487 0.5
1 425.392 -50.2499 11.847 0.5
1 478.825 -161.383 11.7018 0.5
1 397.294 -1.12945 11.4808 0.5
1 439.246 -94.2484 10.408 0.5
1 488.961 -183.741 4.87713 0.5
1 434.587 -87.1296 -9.31995 0.5
1 370.289 31.8343 -14.4127 0.5
1 489.959 -159.054 -8.68518 0.5
1 421.686 -65.8686 -7.7581 0.5
1 390.617 -11.3788 8.78244 0.5
1 365.245 56.9417 -8.70657 0.5
1 403.097 -34.5023 -6.17817 0.5
1 452.126 -91.8401 5.60337 0.5
1 432.127 -69.4071 -14.9024 0.5
1 460.053 -108.786 10.5128 0.5
1 459.811 -121.084 -14.8635 0.5
1 397.353 4.01588 1.72067 0.5
1 493.375 -188.36 -10.0239 0.5
1 371.627 45.3339 9.43662 0.5
1 482.691 -162.567 -14.4918 0.5
1 432.532 -64.3189 -12.991 0.5
1 353.824 50.3149 -4.84901 0.5
1 338.67 76.9175 5.78764 0.5
1 458.468 -119.454 -14.7525 0.5
1 472.198 -125.59 1.43691 0.5
1 455.015 -124.607 -5.76222 0.5
1 358.877 50.4733 -14.0384 0.5
1 359.239 58.5544 -14.6038 0.5
1 386.648 12.5108 -14.1926 0.5
1 422.643 -39.7029 0.658454 0.5
1 425.297 -46.867 -8.41158 0.5
1 449.802 -91.3144 -10.7951 0.5
1 367.275 45.9923 -14.2178 0.5
1 420.339 -36.0473 3.2158 0.5
1 498.166 -195.66 11.0331 0.5
1 443.779 -77.2285 5.20108 0.5
1 341.295 93.6452 -13.0275 0.5
1 371.746 46.3211 7.73043 0.5
1 393.374 -3.76606 -14.9983 0.5
1 337.982 90.5249 14.9324 0.5
1 357.49 72.6458 3.88863 0.5
1 425.554 -51.3164 12.417 0.5
1 455.958 -101.227 -10.0168 0.5
1 468.565 -119.303 -1.49626 0.5
1 420.542 -63.3486 -8.58755 0.5
1 377.453 15.863 12.8615 0.5
1 400.605 -8.21609 -12.4929 0.5
1 375.944 17.0082 -11.8569 0.5
1 372.016 18 0.0977249 0.5
1 336.06 88.805 -13.5322 0.5
1 407.427 -33.3557 14.1347 0.5
1 471.02 -128.129 -10.8563 0.5
1 410.055 -18.1227 -2.65905 0.5
1 417.685 -43.3378 14.7432 0.5
1 397.545 -9.10105 14.85 0.5
1 450.431 -103.962 -14.9564 0.5
1 493.687 -177.433 -14.9968 0.5
1 368.66 44.4077 13.9171 0.5
1 479.435 -159.931 -13.3313 0.5
1 470.276 -152.169 -0.827846 0.5
1 440.105 -73.7943 -10.0451 0.5
1 469.569 -122.128 5.78825 0.5
1 371.644 44.0155 -10.8364 0.5
1 468.653 -137.943 14.571 0.5
1 459.301 -129.085 10.3019 0.5
1 340.702 72.5484 -3.04139 0.5
1 499.112 -201.654 -3.77553 0.5
1 442.049 -101.775 -6.59285 0.5
1 462.764 -133.514 11.7422 0.5
1 441.284 -76.5383 -10.7733 0.5
1 382.986 6.86902 -13.1974 0.5
1 441.714 -78.1888 11.5825 0.5
1 414.036 -24.8868 1.77804 0.5
1 471.07 -145.393 13.3569 0.5
1 402.095 -18.8388 14.9977 0.5
1 496.723 -178.355 -14.263 0.5
1 397.618 -10.78 -14.9894 0.5
1 494.962 -175.905 -14.4445 0.5
1 487.07 -170.625 14.3566 0.5
1 416.203 -30.0562 -6.58423 0.5
1 349.99 59.6707 -9.65528 0.5
1 488.905 -154.458 -0.0567964 0.5
1 449.959 -116.982 0.759081 0.5
1 442.778 -97.7903 -12.5425 0.5
1 381.899 17.7002 14.8893 0.5
1 467.204 -124.564 -13.1005 0.5
1 343.662 76.8819 14.0596 0.5
1 419.568 -50.7212 -14.9384 0.5
1 394.813 -10.7914 14.3687 0.5
1 355.809 48.9812 -8.87833 0.5
1 485.866 -163.428 -14.9804 0.5
1 377.617 8.30888 -0.551512 0.5
1 396.643 -11.4076 14.8974 0.5
1 448.065 -89.6031 11.9101 0.5
1 340.921 101.125 -4.63128 0.5
1 477.022 -155.226 13.5902 0.5
1 421.09 -40.6485 9.80605 0.5
1 473.629 -146.057 -14.6851 0.5
1 417.682 -51.7793 -13.8814 0.5
1 442.809 -103.355 6.02415 0.5
1 374.084 32.8354 14.6056 0.5
1 448.319 -111.903 -7.91466 0.5
1 382.061 0.882281 2.88913 0.5
1 396.961 2.63558 7.75221 0.5
1 499.772 -174.471 -5.85772 0.5
1 480.768 -142.298 -7.36594 0.5
1 485.961 -164.791 -14.9938 0.5
1 417.819 -32.0439 4.563 0.5
1 496.728 -179.529 -14.5908 0.5
1 378.357 12.8787 11.8953 0.5
1 447.207 -94.253 14.7006 0.5
1 430.737 -77.579 -12.0952 0.5
1 434.657 -77.9189 -14.8033 0.5
1 342.15 96.9308 -8.72407 0.5
1 398.527 -26.9709 -5.24665 0.5
1 436.988 -65.4306 5.10677 0.5
1 441.992 -75.7109 8.30345 0.5
1 362.713 34.4448 -3.13614 0.5
1 376.483 35.4281 -11.0297 0.5
1 492.438 -160.592 0.673895 0.5
1 487.521 -158.059 -11.9984 0.5
1 428.599 -79.2715 4.63284 0.5
1 372.177 20.7991 -9.10371 0.5
1 430.968 -55.2078 -5.63752 0.5
1 492.315 -180.399 -14.1298 0.5
1 335.65 93.8371 -14.845 0.5
1 420.904 -38.9267 7.90018 0.5
1 424.03 -45.6849 -9.74053 0.5
1 495.628 -167.838 7.00274 0.5
1 460.287 -113.799 -13.7076 0.5
1 369.958 43.2796 13.413 0.5
1 451.577 -105.399 14.9882 0.5
1 463.232 -114.175 -10.3932 0.5
1 362.535 40.0043 11.6761 0.5
1 418.916 -44.2402 -14.4586 0.5
1 353.137 64.5546 14.9562 0.5
1 457.732 -105.799 -11.4699 0.5
1 392.842 -9.8783 -13.3672 0.5
1 449.805 -101.145 -14.9884 0.5
1 376.522 39.9178 2.86771 0.5
1 496.248 -167.434 2.76769 0.5
1 493.764 -185.653 12.8248 0.5
1 362.437 63.206 -6.29548 0.5
1 411.365 -47.4444 8.60162 0.5
1 341.65 70.9169 3.09167 0.5
1 352.149 82.3973 -0.627154 0.5
1 381.714 19.6647 -14.5947 0.5
1 343.815 88.3041 -13.5378 0.5
1 336.798 95.8731 -14.8824 0.5
1 391.047 12.2547 8.7021 0.5
1 359.87 68.16 5.05477 0.5
1 370.756 50.0471 2.00992 0.5
1 488.353 -182.611 -5.09027 0.5
1 465.626 -139.268 -11.0629 0.5
1 361.956 58.7145 12.5009 0.5
1 355.513 49.8989 9.4059 0.5
1 430.823 -79.9012 10.1502 0.5
1 415.054 -56.5161 -0.924485 0.5
1 409.557 -17.36 3.16406 0.5
1 366.266 44.461 -14.9247 0.5
1 453.771 -110.774 -14.8421 0.5
1 335.694 102.694 13.379 0.5
1 391.835 12.3807 6.08862 0.5
1 344.927 79.6362 -14.9973 0.5
1 389.087 4.79971 14.9375 0.5
1 395.547 5.56707 -6.89011 0.5
1 373.076 46.0147 -2.1055 0.5
1 350.839 65.8506 -14.5031 0.5
1 350.688 76.7243 13.3784 0.5
1 464.594 -112.549 2.43889 0.5
1 465.041 -113.799 -4.44572 0.5
1 355.917 48.2597 8.1014 0.5
1 464.092 -120.565 -13.7846 0.5
1 407.036 -42.3171 -3.17688 0.5
1 364.617 31.389 -4.11115 0.5
1 422.481 -69.3636 -1.16809 0.5
1 340.868 81.8857 -14.1193 0.5
1 362.406 64.1339 -3.88183 0.5
1 357.486 68.6049 -10.7715 0.5
1 362.618 48.4365 -14.9764 0.5
1 343.577 94.2395 -9.02344 0.5
1 336.144 109.909 2.58034 0.5
1 415.356 -54.2865 8.6994 0.5
1 482.509 -159.925 -14.9203 0.5
1 408.363 -43.3561 -6.7403 0.5
1 465.455 -140.323 9.65191 0.5
1 442.505 -84.5684 14.3021 0.5
1 490.64 -187.029 3.58326 0.5
1 348.864 74.7084 -14.9135 0.5
1 337.778 89.187 14.6731 0.5
1 387.323 -7.35104 -5.78769 0.5
1 351.683 72.011 -14.5123 0.5
1 353.212 51.7535 -5.84257 0.5
1 442.592 -88.3349 -14.9726 0.5
1 399.167 0.223394 4.68387 0.5
1 478.218 -147.41 -14.5769 0.5
1 497.931 -188.27 14.6595 0.5
1 355.062 61.3883 14.9682 0.5
1 369.019 37.5572 -14.9866 0.5
1 406.99 -34.927 -13.0761 0.5
1 421.446 -40.4691 8.80214 0.5
1 470.318 -151.036 5.9437 0.5
1 448.084 -101.037 14.8252 0.5
1 367.077 26.8864 3.1386 0.5
1 490.792 -165.056 12.8903 0.5
1 377.072 14.9182 -11.7504 0.5
1 412.427 -51.7729 -2.5694 0.5
1 388.471 -9.16944 6.18091 0.5
1 420.862 -43.6376 12.7098 0.5
1 361.16 41.5869 -10.9834 0.5
1 462.614 -116.149 -12.8299 0.5
1 465.888 -120.835 -12.1785 0.5
1 373.628 16.4722 -6.02978 0.5
1 342.063 94.5921 -11.4306 0.5
1 442.046 -96.9389 12.2598 0.5
1 379.412 20.1093 14.9998 0.5
1 352.002 82.6344 0.960305 0.5
1 492.724 -191.071 0.207263 0.5
1 482.559 -147.641 -10.3822 0.5
1 345.196 64.794 3.17646 0.5
1 374.056 27.1059 -14.8131 0.5
1 460.724 -134.309 6.19337 0.5
1 483.692 -145.452 -0.825614 0.5
1 398.795 -7.74028 13.8979 0.5
1 404.505 -10.5501 7.94601 0.5
1 401.361 -7.892 -11.2374 0.5
1 498.103 -199.832 -4.0514 0.5
1 428.788 -77.7642 8.3936 0.5
1 383.223 27.2926 6.09939 0.5
1 458.99 -127.828 11.0121 0.5
1 437.353 -65.6812 -3.89174 0.5
1 392.536 -17.1927 -3.2183 0.5
1 354.893 75.1642 -8.28268 0.5
1 401.919 -14.2198 14.2856 0.5
1 417.815 -38.3255 12.6883 0.5
1 388.345 -7.45125 -8.77133 0.5
1 454.519 -99.1638 -10.476 0.5
1 434.247 -89.6939 -1.68009 0.5
1 337.804 98.321 -13.7193 0.5
1 357.517 71.8256 6.07789 0.5
1 491.952 -176.639 -14.8788 0.5
1 394.528 -15.0798 11.9335 0.5
1 375.438 29.182 -14.8509 0.5
1 339.787 88.6394 14.9989 0.5
1 423.668 -64.587 12.6109 0.5
1 407.415 -39.6126 9.86589 0.5
1 407.346 -18.6481 11.5701 0.5
1 424.839 -47.0523 9.70267 0.5
1 389.163 -8.13533 -9.70755 0.5
1 356.101 47.2208 6.85085 0.5
1 339.475 104.282 -1.55645 0.5
1 408.559 -39.5282 -11.8206 0.5
1 393.486 10.6833 1.96048 0.5
1 461.22 -108.043 -6.61358 0.5
1 470.348 -122.602 2.9149 0.5
1 405.669 -12.5979 7.99688 0.5
1 466.96 -133.856 -14.8053 0.5
1 412.773 -30.9551 -13.4509 0.5
1 440.591 -91.7242 -13.7698 0.5
1 470.704 -144.001 13.7175 0.5
1 455.806 -97.3383 -2.49931 0.5
1 365.218 55.4325 10.5553 0.5
1 394.53 6.82352 7.78855 0.5
1 408.223 -37.1715 13.0145 0.5
1 408.937 -27.1477 -14.5104 0.5
1 339.181 77.2653 -8.13031 0.5
1 474.89 -143.184 14.8662 0.5
1 347.808 73.0918 14.8871 0.5
1 484.448 -151.108 -10.5828 0.5
1 337.376 101.456 12.3882 0.5
1 419.467 -34.1882 -0.0585953 0.5
1 344.672 88.8345 12.3768 0.5
1 402.447 -33.305 -6.33605 0.5
1 463.839 -140.988 -1.28854 0.5
1 415.676 -47.9981 -14.0037 0.5
1 497.177 -196.231 -8.3745 0.5
1 473.706 -128.509 -3.34301 0.5
1 390.194 -10.5725 -8.88355 0.5
1 438.909 -97.6581 2.46458 0.5
1 463.938 -120.749 13.969 0.5
1 335.981 103.658 -12.5315 0.5
1 343.443 97.4869 0.29633 0.5
1 434.332 -89.3769 -4.05004 0.5
1 442.017 -93.2513 -14.1398 0.5
1 420.837 -42.2968 -11.7968 0.5
1 474.807 -131.132 -5.6164 0.5
1 489.355 -161.29 12.0388 0.5
1 380.07 25.127 13.7135 0.5
1 372.04 47.8067 -2.12599 0.5
1 356.405 60.7797 -14.9817 0.5
1 338.505 76.1409 1.72058 0.5
1 436.789 -65.1119 -5.1745 0.5
1 453.797 -95.5334 7.27847 0.5
1 460.391 -109.722 10.8586 0.5
1 364.884 31.7016 6.21695 0.5
1 335.733 108.899 -7.38707 0.5
1 345.229 68.031 -9.78941 0.5
1 418.929 -60.7497 -8.3003 0.5
1 423.779 -68.7684 -8.84949 0.5
1 361.429 48.6014 14.7485 0.5
1 454.378 -111.335 14.9057 0.5
1 437.033 -75.4691 14.4162 0.5
1 394.699 2.53074 12.1341 0.5
1 432.09 -85.6238 -3.55943 0.5
1 417.086 -30.2323 2.23795 0.5
1 375.975 26.9456 14.9785 0.5
1 465.975 -117.466 -8.61947 0.5
1 346.914 74.5934 -14.8812 0.5
1 386.537 21.9505 -5.11367 0.5
1 371.782 19.6037 -5.87759 0.5
1 372.896 28.5591 14.7137 0.5
1 409.326 -46.3757 -2.71136 0.5
1 411.489 -48.9826 6.30045 0.5
1 413.113 -38.7539 -14.9891 0.5
1 465.173 -113.594 2.6812 0.5
1 350.132 66.6871 -14.395 0.5
1 468.754 -129.878 14.252 0.5
1 335.136 82.0917 2.52523 0.5
1 360.438 39.0614 5.40461 0.5
1 355.214 72.7764 10.538 0.5
1 499.202 -185.138 14.8444 0.5
1 395.992 -15.8913 13.0685 0.5
1 392.26 -14.1806 -8.84178 0.5
1 498.179 -179.758 -13.8484 0.5
1 356.238 74.7278 4.20225 0.5
1 401.974 -10.444 12.3968 0.5
1 362.526 41.3279 12.6198 0.5
1 386.34 -1.35038 11.5756 0.5
1 393.566 -2.7936 14.9215 0.5
1 480.132 -141.923 8.52905 0.5
1 405.023 -15.1198 -11.9619 0.5
1 495.542 -166.496 -3.99862 0.5
1 352.783 73.4948 13.1687 0.5
1 465.607 -127.685 -14.9326 0.5
1 436.584 -71.5121 13.0906 0.5
1 346.167 64.9089 7.71752 0.5
1 417.571 -54.9447 11.9688 0.5
1 459.96 -104.334 0.552528 0.5
1 451.782 -111.455 13.615 0.5
1 458.919 -103.957 6.40677 0.5
1 494.022 -166.086 -8.67623 0.5
1 478.984 -139.208 -7.36466 0.5
1 336.875 84.8264 11.9708 0.5
1 346.055 68.1253 11.3214 0.5
1 390.427 -12.1065 7.09369 0.5
1 399.81 -14.9221 -14.9984 0.5
1 429.233 -81.0912 -0.614155 0.5
1 363.038 43.6259 14.1689 0.5
1 384.328 0.932971 -10.4701 0.5
1 446.062 -80.3282 -1.51807 0.5
1 438.941 -70.0339 7.68211 0.5
1 436.419 -83.8373 14.0368 0.5
1 462.545 -129.057 -14.0488 0.5
1 450.865 -89.9316 -6.24259 0.5
1 474.138 -144.613 14.9821 0.5
1 378.582 20.7814 -14.9761 0.5
1 420.157 -35.3855 0.245672 0.5
1 473.007 -156.891 -0.975015 0.5
1 351.328 54.4262 -4.18092 0.5
1 412.447 -42.0306 14.1414 0.5
1 422.817 -42.6165 -8.47782 0.5
1 484.846 -148.485 5.53174 0.5
1 347.231 63.0287 -7.65328 0.5
1 339.143 100.954 10.1799 0.5
1 390.032 -3.91211 13.8718 0.5
1 495.358 -183.46 14.7315 0.5
1 392.843 -5.72595 14.7637 0.5
1 498.132 -172.746 7.99211 0.5
1 413.328 -48.0252 11.6329 0.5
1 340.481 99.3177 9.39032 0.5
1 475.752 -161.576 -1.73226 0.5
1 351.467 58.8723 11.4246 0.5
1 376.117 32.3042 13.5628 0.5
1 371.23 41.0817 13.4104 0.5
1 412.974 -28.9256 -11.9885 0.5
1 447.284 -96.2525 14.9584 0.5
1 464.499 -138.469 -9.88314 0.5
1 456.053 -97.5564 0.086984 0.5
1 403.826 -16.7341 -14.0088 0.5
1 476.19 -161.578 4.9954 0.5
1 382.319 29.7001 3.66661 0.5
1 342.233 80.1679 14.3347 0.5
1 459.58 -120.694 14.8622 0.5
1 387.185 6.28256 14.9934 0.5
1 401.35 -31.6398 5.80375 0.5
1 473.845 -129.806 -6.39703 0.5
1 380.752 12.6109 -14.0485 0.5
1 419.611 -45.7428 14.5381 0.5
1 473.144 -143.776 14.9126 0.5
1 375.15 27.7872 14.9985 0.5
1 463.842 -111.55 -3.85035 0.5
1 347.854 71.0402 -14.5082 0.5
1 388.488 -9.6066 -5.18213 0.5
1 347.867 87.9772 7.21673 0.5
1 491.77 -165.114 11.764 0.5
1 373.523 39.547 -11.8801 0.5
1 414.792 -37.1983 14.4862 0.5
1 379.394 12.5117 12.8678 0.5
1 423.161 -48.3547 13.142 0.5
1 497.877 -170.412 3.50058 0.5
1 434.62 -63.8036 9.47277 0.5
1 473.39 -141.073 14.9235 0.5
1 434.452 -60.2333 1.64774 0.5
1 477.236 -163.849 -3.43068 0.5
1 405.107 -37.5424 -7.07621 0.5
1 406.54 -16.5055 -10.9121 0.5
1 427.087 -72.6831 -10.908 0.5
1 491.343 -161.129 -8.213 0.5
1 370.27 50.7306 -2.95132 0.5
1 341.928 97.2995 8.74638 0.5
1 448.129 -105.724 -13.3235 0.5
1 383.621 26.2735 6.79069 0.5
1 399.813 -4.57965 -10.6457 0.5
1 488.86 -177.857 12.3748 0.5
1 429.756 -55.2954 -9.36935 0.5
1 381.29 9.60832 13.0879 0.5
1 387.933 -7.35539 -7.84369 0.5
1 495.639 -193.495 -8.47898 0.5
1 429.823 -58.5935 12.337 0.5
1 444.398 -80.1023 8.6319 0.5
1 412.961 -48.6927 -10.4366 0.5
1 401.023 -2.71844 -3.74852 0.5
1 477.079 -133.988 0.614772 0.5
1 384.378 15.2358 -14.5498 0.5
1 436.119 -67.5303 10.7122 0.5
1 440.759 -84.153 -14.8774 0.5
1 421.426 -48.0299 -14.2928 0.5
1 448.749 -113.43 -6.48706 0.5
1 499.483 -197.719 11.235 0.5
1 402.7 -8.06957 8.89541 0.5
1 408.304 -31.1909 -14.9402 0.5
1 404.793 -9.85243 5.59128 0.5
1 358.39 63.9361 13.0837 0.5
1 359.217 40.4652 -2.9677 0.5
1 459.291 -117.946 -14.9984 0.5
1 451.52 -107.516 14.7341 0.5
1 442.826 -91.179 14.9216 0.5
1 442.724 -98.6413 11.8696 0.5
1 473.322 -155.789 -6.89537 0.5
1 499.781 -178.608 -11.4524 0.5
1 416.251 -29.6649 5.50582 0.5
1 478.164 -157.104 13.636 0.5
1 429.069 -51.0161 -2.42693 0.5
1 375.023 20.0423 12.8432 0.5
1 372.973 25.5209 13.8243 0.5
1 438.118 -66.5676 -1.50372 0.5
1 400.489 -3.53731 7.85296 0.5
1 485.379 -177.724 4.28889 0.5
1 392.557 -7.52989 -14.1593 0.5
1 490.336 -160.764 10.0087 0.5
1 401.798 -10.1254 -12.387 0.5
1 499.365 -194.403 13.3557 0.5
1 481.504 -167.285 10.5673 0.5
1 350.657 62.573 13.0356 0.5
1 460.051 -118.664 -14.9777 0.5
1 460.854 -120.061 -14.978 0.5
1 447.202 -106.54 -11.7584 0.5
1 374.241 21.7935 -13.0748 0.5
1 347.782 64.8529 -11.071 0.5
1 471.88 -147.175 13.1563 0.5
1 406.369 -40.8153 4.48715 0.5
1 410.938 -37.0526 -14.7662 0.5
1 430.497 -81.1283 -7.76132 0.5
1 405.09 -38.8881 -3.43516 0.5
1 370.405 35.158 14.9867 0.5
1 416.991 -38.2133 -13.4278 0.5
1 421.319 -41.0258 -9.78451 0.5
1 415.785 -42.8764 14.9999 0.5
1 467.107 -136.737 -14.1303 0.5
1 496.807 -192.492 -11.7309 0.5
1 379.118 9.17579 -9.6035 0.5
1 438.325 -67.1531 2.99574 0.5
1 370.987 20.8318 5.51474 0.5
1 469.821 -133.867 14.784 0.5
1 473.634 -152.544 11.5776 0.5
1 476.007 -132.162 1.14068 0.5
1 428.5 -51.2673 -6.39891 0.5
1 464.749 -141.249 6.26343 0.5
1 353.068 68.4889 -14.7605 0.5
1 487.269 -181.469 -2.14772 0.5
1 359.825 64.7813 -10.5467 0.5
1 343.127 75.1426 12.7547 0.5
1 409.506 -46.8692 1.39852 0.5
1 350.65 82.7781 -7.86771 0.5
1 443.532 -90.0723 14.9788 0.5
1 409.944 -47.1078 -4.15276 0.5
1 479.994 -168.775 2.72294 0.5
1 451.439 -113.871 11.764 0.5
1 363.174 47.9002 14.9943 0.5
1 367.118 49.2366 -12.841 0.5
1 371.021 49.689 1.00244 0.5
1 450.74 -118.253 1.73932 0.5
1 432.944 -72.5233 -15 0.5
1 368.729 37.3805 14.9425 0.5
1 458.689 -131.309 -4.86975 0.5
1 447.022 -100.791 14.4905 0.5
1 389.994 16.2399 4.2718 0.5
1 464.977 -115.196 -7.79163 0.5
1 382.925 -0.466761 3.56118 0.5
1 382.117 14.8708 -14.9866 0.5
1 392.894 9.13434 8.58972 0.5
1 493.71 -162.991 2.50245 0.5
1 417.204 -38.8037 13.5356 0.5
1 475.638 -161.069 -3.48414 0.5
1 395.071 -19.505 8.18231 0.5
1 475.309 -145.938 15 0.5
1 498.43 -178.548 13.0429 0.5
1 376.276 15.2311 -10.8193 0.5
1 404.062 -11.7054 -10.4091 0.5
1 421.256 -62.5357 10.9516 0.5
1 438.76 -86.4193 -14.5069 0.5
1 466.776 -124.598 13.5032 0.5
1 444.534 -88.8187 -14.5142 0.5
1 419.644 -46.0579 -14.6011 0.5
1 346.004 92.9274 -1.94295 0.5
1 485.709 -165.537 14.9129 0.5
1 362.401 53.8381 -14.4046 0.5
1 408.32 -42.4919 8.12026 0.5
1 344.246 74.1014 -13.2677 0.5
1 361.167 37.7615 5.3091 0.5
1 386.426 -5.369 6.72103 0.5
1 472.212 -138.382 14.8432 0.5
1 341.651 83.0451 14.782 0.5
1 493.34 -191.673 -3.71568 0.5
1 495.885 -196.546 0.2933 0.5
1 383.492 27.8818 2.67508 0.5
1 382.934 29.0897 -0.0589525 0.5
1 386.488 -6.55844 3.87124 0.5
1 347.776 61.5272 6.62612 0.5
2 635.838 42.129 14.3173 0.5
2 573.606 -70.3839 -11.849 0.5
2 639.883 68.5131 -1.69044 0.5
2 573.679 -55.2574 13.8326 0.5
2 617.814 4.36172 10.1727 0.5
2 532.016 -133.89 14.9851 0.5
2 543.741 -105.649 13.1236 0.5
2 664.102 106.317 -10.4518 0.5
2 528.344 -149.221 11.4923 0.5
2 577.729 -55.6825 -14.9103 0.5
2 551.396 -104.851 14.0711 0.5
2 664.072 108.646 7.23401 0.5
2 608.825 12.8667 -7.39335 0.5
2 569.833 -59.4815 12.5342 0.5
2 561.129 -89.976 13.17 0.5
2 611.902 -8.02705 -7.17646 0.5
2 536.135 -124.841 14.9482 0.5
2 624.201 32.8378 13.5704 0.5
2 515.662 -169.876 -12.4759 0.5
2 528.076 -125.718 4.43943 0.5
2 578.274 -53.1314 -15 0.5
2 597.063 -28.4674 -12.7448 0.5
2 645.709 75.4368 9.34054 0.5
2 529.253 -149.166 10.0251 0.5
2 618.026 11.8479 -14.4829 0.5
2 623.775 40.4152 2.95699 0.5
2 568.002 -63.1774 12.8635 0.5
2 594.054 -25.3743 14.9948 0.5
2 503.225 -198.079 0.550921 0.5
2 556.482 -79.2254 9.48561 0.5
2 537.27 -133.965 -11.3188 0.5
2 545.139 -115.788 -14.0343 0.5
2 659.142 98.9425 9.03201 0.5
2 604.3 -18.9943 10.2274 0.5
2 511.66 -154.732 6.00113 0.5
2 607.605 9.10411 9.74761 0.5
2 537.872 -122.824 14.9978 0.5
2 513.368 -180.512 0.533987 0.5
2 534.06 -142.316 -8.08412 0.5
2 512.75 -159.899 13.4247 0.5
2 581.625 -33.2906 -5.36927 0.5
2 574.683 -57.7958 14.9223 0.5
2 578.317 -68.0242 0.194454 0.5
2 538.205 -114.322 12.5731 0.5
2 621.19 32.6158 -9.76823 0.5
2 626.287 25.2556 14.2097 0.5
2 621.314 34.6635 -7.09516 0.5
2 522.535 -148.252 -14.9353 0.5
2 600.406 -1.08145 6.14018 0.5
2 510.81 -174.281 14.3614 0.5
2 623.015 38.396 5.37578 0.5
2 584.095 -29.3785 -6.24077 0.5
2 611.659 5.44401 -14.9827 0.5
2 544.878 -107.397 -14.5745 0.5
2 640.953 43.1745 -8.60193 0.5
2 505.043 -194.858 1.57953 0.5
2 655.655 94.859 5.55935 0.5
2 579.557 -65.5631 3.06298 0.5
2 662.774 108.085 2.2763 0.5
2 637.468 63.7352 -4.50296 0.5
2 513.022 -174.243 -12.61 0.5
2 570.605 -80.6693 4.57199 0.5
2 661.515 81.0399 -11.1474 0.5
2 565.216 -61.9727 6.00489 0.5
2 665.038 111.28 -5.11463 0.5
2 620.136 22.154 14.7463 0.5
2 662.754 80.3018 7.6172 0.5
2 524.896 -156.99 -9.70594 0.5
2 598.892 -2.39292 0.309708 0.5
2 619.769 14.0509 14.2378 0.5
2 560.354 -79.7626 -14.3472 0.5
2 636.58 33.9721 -5.59893 0.5
2 665.256 112.417 2.04526 0.5
2 640.215 67.9014 6.06934 0.5
2 532.786 -122.001 11.2809 0.5
2 654.43 63.9817 -2.29706 0.5
2 597.033 -34.2778 6.17896 0.5
2 538.851 -131.981 -10.6162 0.5
2 562.003 -80.1606 -14.958 0.5
2 597.543 -32.4832 -7.8901 0.5
2 651.723 69.5962 14.3024 0.5
2 586.747 -49.0876 -10.5494 0.5
2 663.894 107.279 8.89109 0.5
2 662.656 82.413 10.572 0.5
2 613.237 15.5443 12.6335 0.5
2 508.021 -176.124 14.9399 0.5
2 503.839 -171.424 -10.6115 0.5
2 559.633 -77.5855 12.8109 0.5
2 568.522 -72.7617 14.7421 0.5
2 628.112 43.1725 -11.2235 0.5
2 586.562 -51.7492 -7.47789 0.5
2 590.916 -36.4405 14.0562 0.5
2 592.795 -13.2059 2.76153 0.5
2 578.079 -38.9294 -3.80923 0.5
2 515.409 -167.135 14.0884 0.5
2 656.528 95.5436 -7.29836 0.5
2 589.988 -32.2859 14.9908 0.5
2 622.352 37.7023 3.99517 0.5
2 579.526 -38.4195 8.27369 0.5
2 617.188 7.83061 13.5331 0.5
2 536.573 -125.265 -14.9999 0.5
2 621.809 24.0668 14.896 0.5
2 512.013 -181.188 6.89751 0.5
2 518.104 -152.671 14.2616 0.5
2 649.09 69.553 15 0.5
2 558.213 -99.6725 -9.2284 0.5
2 514.115 -149.852 4.28046 0.5
2 615.251 20.4068 -11.6394 0.5
2 520.605 -140.018 -7.53983 0.5
2 564.102 -73.4974 -14.4144 0.5
2 559.936 -91.4535 13.475 0.5
2 531.59 -148.946 0.619848 0.5
2 590.334 -43.3675 -10.0269 0.5
2 627.54 18.7146 6.50346 0.5
2 545.251 -95.9006 -4.20726 0.5
2 547.912 -92.3401 6.84285 0.5
2 641.342 41.8982 -4.72083 0.5
2 657.269 69.1103 3.38864 0.5
2 653.632 67.9636 11.6409 0.5
2 590.283 -46.7177 -4.13866 0.5
2 574.459 -59.1134 -14.9882 0.5
2 509.886 -156.559 0.440935 0.5
2 570.031 -68.9785 14.9144 0.5
2 612.682 19.9218 6.68757 0.5
2 657.028 81.5343 14.895 0.5
2 569.234 -53.7596 0.171456 0.5
2 521.524 -159.32 -12.7351 0.5
2 591.845 -14.6031 0.50184 0.5
2 613.418 -1.40411 11.8668 0.5
2 547.206 -119.362 8.36655 0.5
2 501.018 -200.164 7.02731 0.5
2 665.277 100.928 -14.6243 0.5
2 503.087 -174.261 11.9492 0.5
2 604.951 -1.55635 -14.018 0.5
2 630.083 49.3495 -7.9589 0.5
2 658.059 72.1089 7.51283 0.5
2 628.978 48.2525 -6.47194 0.5
2 578.94 -44.746 -13.1585 0.5
2 646.403 77.2881 -8.46092 0.5
2 513.883 -151.436 -7.13917 0.5
2 632.077 29.2544 -10.3728 0.5
2 505.447 -180.007 14.9804 0.5
2 532.485 -117.474 1.38944 0.5
2 539.128 -134.593 6.13164 0.5
2 506.86 -185.489 12.2223 0.5
2 600.719 -2.40354 9.23274 0.5
2 565.469 -64.0608 -9.95792 0.5
2 665.319 85.9286 -9.34012 0.5
2 633.034 29.6492 -8.8696 0.5
2 527.893 -125.383 0.792184 0.5
2 631.025 53.2154 1.23621 0.5
2 631.283 27.42 -9.87219 0.5
2 525.481 -141.124 14.6056 0.5
2 531.378 -122.044 -8.60958 0.5
2 567.38 -57.0919 1.90802 0.5
2 521.08 -165.883 -6.06566 0.5
2 649.487 58.1455 8.86626 0.5
2 568.43 -85.1002 1.22624 0.5
2 611.499 -1.34773 -13.8353 0.5
2 557.433 -79.8834 11.7574 0.5
2 576.982 -69.9644 3.32888 0.5
2 521.034 -165.411 -7.18378 0.5
2 500.834 -202.198 -1.00359 0.5
2 585.79 -47.5424 -13.0133 0.5
2 578.349 -67.8643 1.77624 0.5
2 509.977 -160.043 9.80416 0.5
2 558.231 -87.9001 -14.9998 0.5
2 647.645 69.5998 14.7822 0.5
2 612.67 -4.3369 10.3978 0.5
2 626.798 26.7634 14.405 0.5
2 604.207 2.44958 -10.5808 0.5
2 546.17 -118.849 11.0509 0.5
2 565.541 -76.9153 -14.8963 0.5
2 649.549 68.0995 -14.8299 0.5
2 595.756 -12.2541 10.6468 0.5
2 508.563 -166.472 13.064 0.5
2 649.616 83.0996 8.08738 0.5
2 653.533 89.5613 8.57253 0.5
2 546.766 -122.557 1.86242 0.5
2 661.984 76.9527 1.37207 0.5
2 625.379 14.5798 5.61946 0.5
2 647.119 80.4691 -4.44567 0.5
2 524.625 -131.351 -3.12194 0.5
2 581.717 -43.9465 -14.6566 0.5
2 617.736 1.45795 5.89974 0.5
2 627.247 42.6573 10.2689 0.5
2 541.937 -104.688 -9.80719 0.5
2 502.528 -169.575 2.88107 0.5
2 512.987 -169.116 -14.71 0.5
2 554.929 -103.778 10.9588 0.5
2 622.414 17.6193 -13.8613 0.5
2 541.095 -121.701 14.3986 0.5
2 505.673 -164.122 -2.84228 0.5
2 557.614 -91.7846 14.7171 0.5
2 503.094 -198.229 1.6218 0.5
2 567.845 -67.8914 14.6387 0.5
2 527.558 -141.176 14.9982 0.5
2 645.366 72.9536 11.3146 0.5
2 549.747 -99.639 -14.7226 0.5
2 576.208 -63.1305 13.5415 0.5
2 641.276 50.6248 13.9951 0.5
2 538.038 -121.233 14.9189 0.5
2 512.265 -162.327 -14.1043 0.5
2 527.725 -155.566 -1.62815 0.5
2 592.319 -43.6229 -2.12094 0.5
2 650.625 57.6124 3.42933 0.5
2 601.415 -17.2738 14.3841 0.5
2 533.185 -142.116 -10.2852 0.5
2 517.941 -142.61 -0.518865 0.5
2 620.437 11.9471 -12.7004 0.5
2 542.748 -99.8374 -2.46207 0.5
2 528.127 -151.283 -9.83495 0.5
2 513.151 -155.645 10.9499 0.5
2 516.886 -146.311 7.27614 0.5
2 521.988 -164.161 6.39135 0.5
2 524.404 -131.98 4.1103 0.5
2 557.561 -96.432 -13.0158 0.5
2 580.96 -59.1543 -10.5059 0.5
2 585.388 -31.3515 -11.6667 0.5
2 513.868 -150.817 5.78908 0.5
2 636.448 44.5788 14.6803 0.5
2 533.884 -122.557 13.0306 0.5
2 635.702 31.3709 0.342942 0.5
2 539.943 -124.004 14.305 0.5
2 633.125 44.099 -14.8387 0.5
2 569.039 -78.8411 11.4037 0.5
2 565.458 -85.7165 10.792 0.5
2 631.684 53.3311 5.58103 0.5
2 572.478 -69.1396 -13.7476 0.5
2 604.944 8.0848 0.480907 0.5
2 609.732 9.20389 -12.8018 0.5
2 525.403 -147.059 14.8095 0.5
2 632.727 42.8503 14.9106 0.5
2 522.051 -165.051 -3.56607 0.5
2 658.193 100.309 0.638852 0.5
2 572.252 -73.1764 11.4874 0.5
2 573.396 -74.9563 6.72897 0.5
2 584.66 -41.774 -14.9977 0.5
2 622.349 30.6602 -13.0357 0.5
2 597.722 -12.3131 13.2115 0.5
2 564.789 -88.4988 8.94417 0.5
2 537.298 -130.457 -13.5742 0.5
2 533.479 -118.671 -8.97881 0.5
2 592.921 -21.931 13.833 0.5
2 515.389 -173.888 -9.17545 0.5
2 586.187 -30.4709 12.0561 0.5
2 587.563 -45.9594 12.0388 0.5
2 551.853 -94.4787 -14.3451 0.5
2 636.362 52.9736 13.97 0.5
2 598.539 -10.7756 13.1451 0.5
2 643.379 73.4597 5.89206 0.5
2 525.726 -158.061 -5.52683 0.5
2 619.046 18.973 -14.9293 0.5
2 550.797 -90.7982 -11.2738 0.5
2 569.468 -67.1537 14.952 0.5
2 565.797 -88.2257 -6.50713 0.5
2 587.534 -49.0861 8.96707 0.5
2 630.854 50.5875 -8.11271 0.5
2 533.613 -127.407 -14.6871 0.5
2 523.758 -145.715 -14.8904 0.5
2 664.283 82.2158 6.20552 0.5
2 627.45 17.5823 -3.87044 0.5
2 552.339 -95.6031 14.8037 0.5
2 597.902 -26.7238 -12.9201 0.5
2 500.717 -202.219 -2.52813 0.5
2 534.045 -119.491 -10.9821 0.5
2 550.727 -109.872 11.9554 0.5
2 562.786 -69.1423 10.4255 0.5
2 529.038 -125.5 -7.68623 0.5
2 558.511 -101.672 -4.39725 0.5
2 533.479 -138.215 -12.9747 0.5
2 535.65 -116.378 10.6637 0.5
2 569.47 -58.467 11.2845 0.5
2 583.01 -56.9855 -8.88254 0.5
2 659.652 101.984 5.02678 0.5
2 518.238 -168.59 9.62584 0.5
2 609.333 8.27945 12.9409 0.5
2 500.544 -172.739 0.447864 0.5
2 624.262 41.3272 -2.59564 0.5
2 632.137 35.9525 -14.3882 0.5
2 612.589 11.4455 14.1022 0.5
2 634.762 58.0246 -6.96519 0.5
2 566.495 -70.5615 -14.709 0.5
2 655.131 75.4269 -14.2796 0.5
2 629.195 45.9532 10.3509 0.5
2 599.421 -11.3304 -14.0907 0.5
2 587.591 -32.5019 -14.3212 0.5
2 587.646 -23.2441 -6.27561 0.5
2 531.928 -127.497 13.8005 0.5
2 511.706 -160.51 12.757 0.5
2 660.725 87.4127 14.8232 0.5
2 569.17 -65.8184 -14.6865 0.5
2 573.531 -74.0168 -7.98151 0.5
2 655.399 94.9548 3.94565 0.5
2 536.036 -118.143 12.6144 0.5
2 659.235 80.0736 13.2373 0.5
2 626.771 38.9736 -12.6405 0.5
2 637.224 55.0647 -13.7206 0.5
2 516.931 -149.043 10.898 0.5
2 604.957 -20.6528 5.95142 0.5
2 653.679 92.2719 -2.63463 0.5
2 514.123 -178.162 -5.51738 0.5
2 583.389 -59.1496 -1.6576 0.5
2 552.819 -89.2191 12.7066 0.5
2 619.506 8.08097 10.9659 0.5
2 635.823 32.2445 -4.42299 0.5
2 527.253 -152.412 10.2629 0.5
2 601.965 -22.7084 10.5718 0.5
2 570.492 -76.6059 -11.1571 0.5
2 519.421 -145.895 -11.892 0.5
2 564.671 -76.233 14.9939 0.5
2 647.941 70.1456 -14.7765 0.5
2 649.389 83.1865 -7.28494 0.5
2 504.278 -167.632 6.25694 0.5
2 563.487 -63.9124 -2.44241 0.5
2 577.985 -65.6744 -8.90131 0.5
2 634.268 57.5647 -6.15283 0.5
2 613.715 5.64515 -14.7657 0.5
2 537.189 -132.011 12.8432 0.5
2 506.7 -184.16 13.2193 0.5
2 590.845 -30.259 -14.9619 0.5
2 645.738 78.0537 -4.51734 0.5
2 587.191 -23.0295 3.32337 0.5
2 663.22 79.1105 1.55598 0.5
2 632.943 28.2935 6.94653 0.5
2 596.059 -9.77504 -8.2592 0.5
2 516.128 -145.78 1.0963 0.5
2 633.094 50.4163 -12.3137 0.5
2 658.343 88.6448 14.6841 0.5
2 625.298 17.9661 -10.8271 0.5
2 557.85 -90.2944 -14.8893 0.5
2 620.581 23.5745 -14.6101 0.5
2 507.494 -177.798 -14.8518 0.5
2 525.278 -151.466 -13.483 0.5
2 600.828 -7.21043 -13.357 0.5
2 500.375 -202.375 -4.37015 0.5
2 528.395 -136.685 -14.7349 0.5
2 610.879 12.8335 -11.6406 0.5
2 634.662 59.2432 -3.10013 0.5
2 627.747 20.7668 -9.23142 0.5
2 524.45 -159.448 -7.26968 0.5
2 523.155 -152.972 14.3392 0.5
2 593.106 -15.4608 9.0666 0.5
2 572.997 -47.3342 -1.66576 0.5
2 515.779 -176.282 -1.36781 0.5
2 662.488 102.432 -11.4679 0.5
2 566.443 -64.8851 12.2143 0.5
2 603.268 -16.4929 -13.4289 0.5
2 596.094 -13.3602 12.0925 0.5
2 648.001 54.9832 -8.00149 0.5
2 627.313 32.1612 14.9965 0.5
2 622.22 8.08236 -1.41006 0.5
2 524.772 -134.352 9.72951 0.5
2 616.827 27.9233 -4.68921 0.5
2 542.855 -124.984 10.6774 0.5
2 614.923 21.3792 -10.1956 0.5
2 655.763 83.9746 -14.7248 0.5
2 551.263 -114.464 3.52717 0.5
2 539.761 -127.437 12.9149 0.5
2 513.586 -176.606 -9.67522 0.5
2 595.424 -23.8264 14.9938 0.5
2 658.574 93.9412 -12.7149 0.5
2 650.687 84.7481 8.40331 0.5
2 500.462 -179.785 12.6316 0.5
2 595.39 -36.1466 -7.99505 0.5
2 533.702 -126.79 14.5832 0.5
2 615.71 -0.478049 8.70139 0.5
2 509.182 -160.999 -9.29446 0.5
2 522.928 -136.379 8.16511 0.5
2 575.179 -48.3958 11.1212 0.5
2 543.658 -127.846 2.51072 0.5
2 560.227 -84.5921 -14.9982 0.5
2 560.283 -99.1806 1.55902 0.5
2 579.44 -43.2356 12.7847 0.5
2 561.784 -93.7915 8.82409 0.5
2 557.726 -75.3467 -6.84987 0.5
2 534.434 -119.421 11.5152 0.5
2 534.122 -144.134 3.60408 0.5
2 586.639 -32.5228 13.7083 0.5
2 575.157 -43.5753 -1.50027 0.5
2 644.549 56.8817 14.2078 0.5
2 661.893 88.882 14.7268 0.5
2 551.263 -91.4355 12.3939 0.5
2 559.771 -70.2746 -1.93724 0.5
2 518.339 -162.74 -13.8208 0.5
2 602.506 -21.7206 -10.6225 0.5
2 633.049 47.2483 -13.9648 0.5
2 647.138 78.3743 -8.72739 0.5
2 541.749 -105.659 -10.5068 0.5
2 645.549 48.981 -4.05535 0.5
2 562.885 -65.0559 2.99028 0.5
2 500.145 -182.059 -13.5824 0.5
2 664.253 95.5357 14.9973 0.5
2 598.138 -18.3311 14.9956 0.5
2 530.082 -134.481 14.8536 0.5
2 548.492 -90.9261 5.9748 0.5
2 606.69 -17.3363 6.633 0.5
2 647.207 56.4488 -11.3167 0.5
2 541.932 -103.931 -8.84363 0.5
2 530.077 -133.389 -14.6567 0.5
2 545.606 -123.005 -6.89357 0.5
2 573.888 -75.6963 0.107051 0.5
2 647.73 80.7391 -6.4571 0.5
2 560.46 -94.3402 10.824 0.5
2 659.654 90.2122 14.8133 0.5
2 588.433 -49.6665 -4.94567 0.5
2 655.515 78.7101 14.8695 0.5
2 608.441 11.8352 8.00451 0.5
2 637.085 34.3295 -4.08303 0.5
2 512.661 -171.035 14.3738 0.5
2 527.876 -135.205 14.0748 0.5
2 543.956 -121.569 -11.9792 0.5
2 619.71 28.9251 -10.9448 0.5
2 528.425 -129.492 11.2253 0.5
2 616.915 0.69072 -7.23987 0.5
2 594.415 -13.0947 -8.93379 0.5
2 649.853 85.6002 -2.86956 0.5
2 523.391 -159.209 10.1455 0.5
2 660.878 79.8852 11.1003 0.5
2 593.154 -18.1035 11.8283 0.5
2 607.122 7.9983 10.0526 0.5
2 537.696 -108.414 -0.948011 0.5
2 577.748 -60.1575 13.6831 0.5
2 518.635 -155.9 14.9917 0.5
2 617.223 28.0224 6.19347 0.5
2 581.53 -32.4832 -0.817238 0.5
2 511.721 -182.768 4.22254 0.5
2 609.48 10.252 11.7673 0.5
2 535.808 -113.518 7.24238 0.5
2 599.188 -24.7725 12.754 0.5
2 502.26 -169.761 0.00368956 0.5
2 572.491 -76.0669 7.57031 0.5
2 512.617 -180.349 -6.48216 0.5
2 514.322 -172.143 12.5118 0.5
2 512.992 -151.181 -0.478079 0.5
2 587.709 -44.0762 13.0942 0.5
2 654.602 78.7694 -14.9963 0.5
2 538.771 -106.585 -1.37647 0.5
2 620.177 15.9682 14.5839 0.5
2 564.463 -62.179 -2.15941 0.5
2 509.308 -185.353 7.82037 0.5
2 610.319 -6.7059 11.9169 0.5
2 591.192 -33.7418 14.6937 0.5
2 621.392 8.43679 7.22391 0.5
2 632.708 45.903 -14.2376 0.5
2 661.105 89.6661 -14.9836 0.5
2 506.118 -189.262 9.99668 0.5
2 510.483 -160.656 11.302 0.5
2 644.566 49.0808 8.07738 0.5
2 601.609 -2.5813 11.0889 0.5
2 533.798 -142.821 8.00576 0.5
2 627.261 35.6477 14.484 0.5
2 622.562 15.9956 12.9247 0.5
2 554.832 -85.2279 -12.3756 0.5
2 642.057 53.795 -14.5664 0.5
2 542.292 -103.728 9.39372 0.5
2 645.452 78.03 2.58974 0.5
2 508.135 -159.982 -3.42793 0.5
2 568.982 -54.2679 -1.47742 0.5
2 604.907 6.82915 -5.87801 0.5
2 592.169 -14.4098 -3.33458 0.5
2 549.192 -118.436 1.02951 0.5
2 537.05 -118.096 13.5632 0.5
2 653.013 88.1749 9.22984 0.5
2 538.562 -132 11.0743 0.5
2 612.752 -1.15113 -12.8318 0.5
2 623.183 9.8995 2.5306 0.5
2 510.14 -157.475 6.24806 0.5
2 565.857 -83.7604 11.8844 0.5
2 563.479 -64.1192 3.41324 0.5
2 630.208 21.9316 1.53941 0.5
2 547.038 -114.693 12.9956 0.5
2 554.637 -108.779 2.78529 0.5
2 622.552 36.9164 6.88658 0.5
2 530.644 -132.889 14.7532 0.5
2 607.169 6.31633 11.7143 0.5
2 557.683 -73.7964 0.958038 0.5
2 581.167 -52.1222 14.448 0.5
2 567.838 -61.8686 11.7633 0.5
2 509.349 -160.541 9.07668 0.5
2 597.85 -6.87272 8.55489 0.5
2 665.664 84.7895 -6.59291 0.5
2 544.056 -97.5239 -2.15377 0.5
2 545.045 -107.653 14.6964 0.5
2 557.352 -74.3556 -0.725945 0.5
2 648.458 64.9177 -14.5755 0.5
2 608.557 -7.34453 13.4226 0.5
2 586.822 -41.2149 -14.713 0.5
2 647.993 80.1048 8.36819 0.5
2 644.658 76.7534 1.94611 0.5
2 636.378 40.4545 13.2217 0.5
2 518.015 -162.35 14.185 0.5
2 568.47 -55.2127 -1.97556 0.5
2 515.011 -176.667 5.40642 0.5
2 638.872 41.4698 10.8202 0.5
2 524.232 -155.653 -12.0383 0.5
2 621.755 11.4665 10.4673 0.5
2 631.916 47.9054 12.6279 0.5
2 635.049 36.7727 12.3834 0.5
2 627.531 29.405 14.7343 0.5
2 568.335 -82.5524 -8.67527 0.5
2 616.554 3.76357 -11.6581 0.5
2 573.519 -64.5126 -14.66 0.5
2 528.909 -130.923 12.8848 0.5
2 577.441 -65.6817 -10.0467 0.5
2 533.094 -117.433 5.58698 0.5
2 557.763 -95.7022 13.2262 0.5
2 502.095 -180.785 -14.3817 0.5
2 539.806 -111.081 -12.2557 0.5
2 663.057 79.2889 -3.98925 0.5
2 505.309 -164.511 0.969684 0.5
2 658.416 100.319 3.40193 0.5
2 634.08 46.679 -14.6718 0.5
2 505.918 -175.486 14.7093 0.5
2 533.112 -116.353 -0.943731 0.5
2 502.137 -181.922 14.6863 0.5
2 523.842 -150.05 14.7604 0.5
2 602.823 -25.0105 -4.09782 0.5
2 601.239 -3.97817 -11.7325 0.5
2 516.318 -147.901 8.27533 0.5
2 535.021 -131.812 14.5117 0.5
2 649.359 55.0923 1.44206 0.5
2 526.008 -156.799 7.17966 0.5
2 503.772 -167.298 2.15878 0.5
2 503.934 -178.807 14.6857 0.5
2 628.465 23.3174 10.6978 0.5
2 547.345 -96.1329 10.6749 0.5
2 568.262 -56.0087 -4.08623 0.5
2 600.719 0.345296 3.56258 0.5
2 593.229 -41.946 -2.73295 0.5
2 595.363 -22.5862 -14.9721 0.5
2 652.705 90.6904 -1.94918 0.5
2 665.336 101.805 14.4263 0.5
2 502.549 -169.318 -1.32126 0.5
2 518.128 -143.625 6.2148 0.5
2 662.612 104.918 9.07926 0.5
2 521.261 -137.144 2.95904 0.5
2 641.263 41.1084 1.80071 0.5
2 579.839 -55.745 14.0118 0.5
2 615.759 5.61601 -13.6546 0.5
2 547.34 -121.19 -3.80287 0.5
2 585.019 -53.5948 -8.75972 0.5
2 556.849 -104.01 -5.87751 0.5
2 570.105 -80.1401 7.67122 0.5
2 662.605 78.035 1.45113 0.5
2 520.468 -138.226 -0.268286 0.5
2 621.694 10.2355 9.17101 0.5
2 584.632 -28.1936 -5.65138 0.5
2 564.148 -80.1872 -14.7695 0.5
2 580.529 -48.8824 -14.9967 0.5
2 645.798 48.9797 -1.93144 0.5
2 648.222 71.3963 -14.6227 0.5
2 573.255 -76.3793 3.50057 0.5
2 564.761 -63.9805 -8.2521 0.5
2 646.596 53.9944 9.93006 0.5
2 603.092 -14.0779 14.4669 0.5
2 619.458 15.018 -14.6515 0.5
2 542.96 -119.733 13.968 0.5
2 588.531 -38.879 14.5755 0.5
2 616.49 26.7587 -6.18186 0.5
2 586.98 -43.7044 13.8815 0.5
2 517.005 -173.756 3.71154 0.5
2 524.374 -131.676 2.54751 0.5
2 648.032 82.2842 3.6019 0.5
2 652.303 67.5541 -12.9513 0.5
2 522.232 -135.359 2.38146 0.5
2 583.874 -57.1937 -5.89553 0.5
2 619.176 8.94411 12.1483 0.5
2 523.369 -157.608 11.6823 0.5
2 649.784 58.9117 -9.20051 0.5
2 528.283 -124.766 -1.53217 0.5
2 518.257 -164.03 -13.2785 0.5
2 574.121 -60.1646 14.9994 0.5
2 587.448 -52.2108 -0.127466 0.5
3 709.765 105.227 -14.0597 0.5
3 876.85 85.0199 -0.771806 0.5
3 837.994 98.7603 14.9487 0.5
3 753.41 103.939 14.4737 0.5
3 803.79 108.824 12.1298 0.5
3 756.635 96.8584 -14.6673 0.5
3 993.355 114.764 -2.64836 0.5
3 712.418 91.6793 -12.4806 0.5
3 830.55 110.211 -10.9875 0.5
3 728.447 88.2436 9.31598 0.5
3 909.027 114.898 1.74544 0.5
3 741.425 96.4251 -14.5678 0.5
3 724.501 97.4277 -14.7778 0.5
3 981.468 102.773 14.7415 0.5
3 691.563 85.0545 1.27753 0.5
3 916.708 114.029 5.30832 0.5
3 853.768 94.4344 13.9293 0.5
3 732.255 98.6175 -14.9362 0.5
3 715.987 109.758 11.3918 0.5
3 927.67 88.4158 9.52923 0.5
3 879.617 96.2071 14.5125 0.5
3 855.376 114.272 4.61493 0.5
3 687.26 114.964 -1.04558 0.5
3 922.93 103.565 14.5701 0.5
3 955.485 85.5322 -3.96016 0.5
3 822.713 108.171 -12.5793 0.5
3 869.221 92.8368 -13.1791 0.5
3 954.688 113.306 -6.92459 0.5
3 924.497 108.688 -12.2276 0.5
3 887.53 113.946 5.52311 0.5
3 873.235 92.4518 -12.9624 0.5
3 973.04 102.549 14.7819 0.5
3 924.613 95.638 14.3518 0.5
3 675.415 103.858 -14.4954 0.5
3 839.602 85.236 2.65014 0.5
3 672.775 114.899 1.7409 0.5
3 722.29 107.13 13.1972 0.5
3 743.372 88.0613 -9.08112 0.5
3 954.926 110.972 -10.2278 0.5
3 871.301 99.8159 -14.9989 0.5
3 847.455 86.875 -7.26187 0.5
3 939.217 86.3416 -6.20072 0.5
3 926.607 103.869 -14.4925 0.5
3 834.183 85.1314 1.98122 0.5
3 957.929 112.416 -8.41684 0.5
3 715.205 85.0332 0.996984 0.5
3 929.035 102.639 14.766 0.5
3 707.347 92.8959 13.211 0.5
3 849.817 93.6314 -13.5809 0.5
3 691.022 114.295 4.54597 0.5
3 866.384 103.707 14.5347 0.5
3 995.146 95.1033 14.1782 0.5
3 938.16 85 0.0106957 0.5
3 889.459 86.3366 6.18953 0.5
3 950.915 85.0654 -1.39943 0.5
3 763.366 90.4137 11.537 0.5
3 795.148 85.1839 -2.34135 0.5
3 698.704 92.5711 13.0312 0.5
3 957.913 109.257 -11.8032 0.5
3 899.057 85.0656 1.40162 0.5
3 758.669 114.509 -3.80471 0.5
3 685.556 86.4267 -6.38488 0.5
3 972.632 109.036 -11.9732 0.5
3 678.438 109.92 11.2511 0.5
3 982.519 100.518 -14.9911 0.5
3 930.033 88.359 -9.45974 0.5
3 759.575 94.0958 -13.7891 0.5
3 830.125 103.923 14.4778 0.5
3 968.525 105.083 14.1126 0.5
3 754.906 85.0372 -1.05585 0.5
3 971.591 85.029 -0.931675 0.5
3 771.518 86.5817 6.70445 0.5
3 846.138 98.7799 14.9503 0.5
3 689.105 96.7044 14.6335 0.5
3 773.075 105.596 -13.917 0.5
3 894.989 97.007 14.6984 0.5
3 672.213 85.2539 -2.74834 0.5
3 842.588 85.0688 1.43479 0.5
3 824.919 92.3477 12.9013 0.5
3 847.445 114.883 1.86766 0.5
3 865.481 85.0911 -1.65068 0.5
3 934.539 89.0992 -10.304 0.5
3 966.36 107.31 -13.0982 0.5
3 845.013 90.4671 -11.5812 0.5
3 713.859 85.3764 -3.33911 0.5
3 716.3 85.0733 1.48096 0.5
3 766.598 86.3996 6.32681 0.5
3 743.422 114.927 -1.47975 0.5
3 758.022 114.138 -5.01027 0.5
3 782.74 85.5652 4.07892 0.5
3 678.386 100.973 -14.9684 0.5
3 684.797 108.909 12.0676 0.5
3 909.589 102.632 14.7673 0.5
3 705.417 109.257 11.803 0.5
3 888.081 85.3096 -3.03204 0.5
3 979.523 95.5055 14.3108 0.5
3 916.547 112.887 -7.67706 0.5
3 699.973 98.6493 14.9391 0.5
3 714.276 87.9206 -8.89311 0.5
3 935.92 112.448 -8.36964 0.5
3 691.472 110.024 11.159 0.5
3 844.796 96.2489 -14.5234 0.5
3 847.413 113.089 7.32643 0.5
3 683.02 114.73 2.83532 0.5
3 680.135 85.8309 -4.9232 0.5
3 912.786 114.479 -3.91819 0.5
3 762.031 114.997 -0.30012 0.5
3 731.213 98.2817 -14.9013 0.5
3 825.173 114.859 2.04876 0.5
3 887.555 111.224 -9.95061 0.5
3 876.425 111.863 9.17926 0.5
3 674.707 91.3699 12.2687 0.5
3 788 107.516 12.9814 0.5
3 899.313 86.0793 5.58693 0.5
3 989.982 108.272 12.5129 0.5
3 690.075 114.854 -2.08829 0.5
3 980.004 97.6906 14.8211 0.5
3 928.643 86.4634 6.46218 0.5
3 857.469 112.237 -8.67432 0.5
3 678.878 112.915 -7.62881 0.5
3 971.455 112.61 -8.12375 0.5
3 952.945 85.8059 4.85064 0.5
3 886.399 98.0425 14.8717 0.5
3 943.995 113.299 6.93725 0.5
3 751.542 109.205 -11.8437 0.5
3 839.095 105.62 13.9074 0.5
3 722.351 95.0838 14.1715 0.5
3 698.768 113.063 7.37253 0.5
3 944.897 99.6535 14.996 0.5
3 840.111 107.677 12.8864 0.5
3 855.288 97.7822 14.8351 0.5
3 858.031 112.818 -7.79139 0.5
3 729.934 112.979 -7.52046 0.5
3 808.219 113.912 -5.60863 0.5
3 684.52 112.557 8.20531 0.5
3 959.783 103.72 -14.5313 0.5
3 786.22 109.609 11.5181 0.5
3 750.267 87.5517 -8.36892 0.5
3 749.148 85.02 -0.774705 0.5
3 952.716 96.3579 14.5511 0.5
3 846.809 113.636 6.2502 0.5
3 944.962 85.0028 0.290226 0.5
3 669.926 104.988 -14.1462 0.5
3 691.404 107.694 12.8767 0.5
3 813.986 96.4365 -14.5706 0.5
3 892.858 87.7167 8.60939 0.5
3 956.473 89.9228 11.1108 0.5
3 702.047 101.035 -14.9643 0.5
3 929.179 109.351 11.7286 0.5
3 825.134 110.111 11.0799 0.5
3 895.44 90.3639 -11.4955 0.5
3 843.842 85.2733 -2.8503 0.5
3 760.654 86.1142 5.6732 0.5
3 707.265 112.65 -8.06158 0.5
3 868.56 85.2117 -2.51148 0.5
3 761.391 90.0587 -11.2326 0.5
3 961.364 94.9885 -14.1381 0.5
3 897.5 102.911 14.7149 0.5
3 754.633 110.2 10.9985 0.5
3 956.597 85.0014 0.208165 0.5
3 871.261 93.6793 13.6033 0.5
3 680.366 111.83 -9.22256 0.5
3 973.171 114.684 -3.06098 0.5
3 739.229 98.1583 -14.8865 0.5
3 859.318 110.316 -10.889 0.5
3 941.516 86.9328 -7.36534 0.5
3 690.341 103.375 14.6154 0.5
3 929.194 113.57 -6.39213 0.5
3 988.014 102.476 -14.7942 0.5
3 863.811 101.063 14.9623 0.5
3 711.297 101.999 -14.8663 0.5
3 903.595 108.523 12.3436 0.5
3 810.188 85.4993 3.83777 0.5
3 728.798 102.372 14.8113 0.5
3 789.924 86.4213 -6.37336 0.5
3 994.631 90.0316 -11.2085 0.5
3 682.599 102.254 -14.8297 0.5
3 745.657 112.202 8.72382 0.5
3 993.146 89.0548 10.2569 0.5
3 911.393 95.6915 14.3679 0.5
3 879.839 86.3482 6.21513 0.5
3 820.799 100.162 -14.9991 0.5
3 967.078 107.565 12.9528 0.5
3 708.184 86.3059 6.12136 0.5
3 804.779 94.8387 14.0841 0.5
3 901.319 85.4557 3.66913 0.5
3 836.021 109.696 11.4453 0.5
3 834.969 85.8555 -4.99344 0.5
3 822.961 85.1889 -2.37295 0.5
3 863.223 97.8819 -14.8497 0.5
3 706.956 114.118 5.06726 0.5
3 977.096 105.121 -14.0988 0.5
3 916.756 91.352 12.2561 0.5
3 941.43 101.497 -14.9251 0.5
3 705.419 99.2593 -14.9817 0.5
3 786.533 103.332 -14.6253 0.5
3 805.056 86.6845 6.90637 0.5
3 950.695 100.151 -14.9992 0.5
3 942.008 86.3037 -6.11642 0.5
3 985.598 111.851 9.19476 0.5
3 672.467 85.0034 0.31803 0.5
3 804.354 95.7387 14.382 0.5
3 989.51 101.515 -14.9233 0.5
3 948.181 101.835 -14.8873 0.5
3 854.602 112.819 7.7892 0.5
3 767.758 88.7872 -9.96356 0.5
3 878.966 90.0131 -11.192 0.5
3 705.064 100.888 -14.9737 0.5
3 706.277 87.2646 -7.92524 0.5
3 961.065 114.983 -0.715726 0.5
3 833.102 114.281 4.58737 0.5
3 740.401 96.7433 -14.6422 0.5
3 736.429 100.861 14.9753 0.5
3 939.485 108.453 -12.3913 0.5
3 954.644 113.766 5.95752 0.5
3 745.933 87.7054 8.5932 0.5
3 936.175 93.5527 13.5437 0.5
3 718.899 107.872 -12.7685 0.5
3 683.459 86.0736 5.57282 0.5
3 938.91 85.5796 4.12956 0.5
3 779.924 105.605 -13.9136 0.5
3 912.125 107.278 13.1159 0.5
3 746.031 113.259 -7.01376 0.5
3 841.503 85.0025 -0.27469 0.5
3 704.225 89.5467 10.7577 0.5
3 673.416 96.8146 14.6579 0.5
3 802.898 104.21 -14.397 0.5
3 706.672 110.18 11.017 0.5
3 759.668 114.908 -1.66284 0.5
3 958.61 85.0298 -0.94457 0.5
3 867.59 113.693 -6.12413 0.5
3 753.146 105.157 14.0856 0.5
3 668.325 85.3626 -3.27804 0.5
3 676.521 90.1308 11.296 0.5
3 908.436 110.728 10.4833 0.5
3 861.33 93.493 13.5152 0.5
3 807.29 89.2555 10.4669 0.5
3 740.641 109.683 11.4559 0.5
3 816.36 97.2655 -14.7486 0.5
3 770.88 91.9676 12.6681 0.5
3 754.641 97.4938 -14.7892 0.5
3 805.434 106.085 13.7104 0.5
3 946.31 85.5245 3.93174 0.5
3 770.618 88.6686 9.82853 0.5
3 903.757 86.7012 6.93851 0.5
3 796.403 94.9055 14.1084 0.5
3 726.825 113.016 7.45608 0.5
3 791.569 112.28 8.6141 0.5
3 717.08 92.2579 -12.8475 0.5
3 930.707 104.443 14.3268 0.5
3 800.54 89.7164 -10.92 0.5
3 800.517 88.3106 -9.39983 0.5
3 764.975 85.8846 5.07499 0.5
3 886.681 114.845 -2.15164 0.5
3 840.69 104.554 14.2921 0.5
3 782.145 108.671 -12.2398 0.5
3 753.651 93.9363 13.7198 0.5
3 997.656 103.908 14.4821 0.5
3 745.717 106.937 13.2995 0.5
3 779.613 89.5001 10.7122 0.5
3 883.801 109.372 11.7116 0.5
3 811.457 101.259 14.9471 0.5
3 873.845 93.4616 13.5 0.5
3 937.548 107.839 12.7889 0.5
3 987.161 89.6335 -10.8414 0.5
3 946.787 96.5422 -14.596 0.5
3 945.838 107.09 13.2188 0.5
3 925.841 91.1228 -12.0911 0.5
3 783.203 108.493 -12.3641 0.5
3 757.376 86.5295 6.59895 0.5
3 924.941 87.0085 7.49808 0.5
3 869.472 93.8556 -13.6838 0.5
3 743.619 100.994 -14.967 0.5
3 855.818 89.2459 10.457 0.5
3 790.759 85.008 0.49108 0.5
3 927.897 114.998 -0.222283 0.5
3 789.261 85.1556 2.15511 0.5
3 767.214 110.787 10.4233 0.5
3 839.135 85.9786 5.32912 0.5
3 998.464 90.765 -11.8201 0.5
3 868.912 108.553 -12.3226 0.5
3 670.638 97.8306 14.8423 0.5
3 716.414 95.6691 -14.3612 0.5
3 912.007 105.198 -14.0706 0.5
3 987.904 109.253 11.8062 0.5
3 753.397 93.5353 -13.5354 0.5
3 957.696 85.2393 2.66871 0.5
3 885.746 113.989 -5.41434 0.5
3 709.588 113.973 -5.45535 0.5
3 687.307 105.261 -14.047 0.5
3 748.133 112.77 -7.86857 0.5
3 683.535 94.184 -13.8266 0.5
3 709.538 109.389 11.6985 0.5
3 788.975 85.0026 0.281884 0.5
3 856.127 99.3246 14.9848 0.5
3 725.28 88.4377 9.55576 0.5
3 693.848 89.1192 -10.3251 0.5
3 733.404 101.047 14.9634 0.5
3 933.884 87.7871 8.70892 0.5
3 785.934 97.9626 -14.861 0.5
3 785.208 107.269 13.1208 0.5
3 888.547 110.469 10.7423 0.5
3 796.042 85.8637 -5.01655 0.5
3 877.141 107.136 -13.1938 0.5
3 881.068 114.983 0.719844 0.5
3 917.383 88.7578 -9.93039 0.5
3 815.555 86.8488 -7.21435 0.5
3 672.775 107.676 12.8869 0.5
3 825.343 94.3683 13.9027 0.5
3 870.657 90.7608 -11.8169 0.5
3 894.661 86.2747 -6.05105 0.5
3 768.731 85.1948 2.40939 0.5
3 864.241 91.6048 12.4306 0.5
3 756.382 114.958 1.12203 0.5
3 948.899 85.3764 3.3392 0.5
3 747.737 85.2743 -2.85525 0.5
3 727.715 110.001 -11.1791 0.5
3 685.807 112.491 -8.30558 0.5
3 875.57 108.981 -12.0144 0.5
3 671.393 86.8634 -7.24085 0.5
3 802.147 110.466 10.7455 0.5
3 798.118 110.099 -11.0913 0.5
3 750.805 86.7485 -7.02828 0.5
3 831.846 86.5309 6.6018 0.5
3 974.143 96.1579 14.4996 0.5
3 771.179 107.101 13.2128 0.5
3 994.491 100.205 14.9986 0.5
3 883.321 86.8096 -7.14243 0.5
3 983.886 111.036 10.1593 0.5
3 805.623 105.323 -14.0237 0.5
3 981.523 113.94 5.53862 0.5
3 909.231 85.0596 -1.33629 0.5
3 923.377 95.3617 14.2649 0.5
3 713.367 85.5574 4.051 0.5
3 999.873 91.8704 12.6059 0.5
3 714.528 100.363 14.9956 0.5
3 984.501 107.958 12.7149 0.5
3 867.549 109.736 -11.4111 0.5
3 946.812 114.338 4.40721 0.5
3 883.294 106.661 -13.4399 0.5
3 694.044 94.1635 -13.8179 0.5
3 876.752 107.077 13.2256 0.5
3 740.015 86.3039 -6.117 0.5
3 731.48 111.973 -9.03619 0.5
3 695.88 114.126 -5.04606 0.5
3 856.222 114.944 1.29038 0.5
3 747.217 112.251 8.65592 0.5
3 923.624 104.533 14.2985 0.5
3 908.35 114.46 -3.98927 0.5
3 740.941 106.095 -13.7057 0.5
3 710.478 101.646 14.9094 0.5
3 899.115 99.9404 -14.9999 0.5
3 757.046 105.009 -14.1389 0.5
3 813.966 108.012 -12.6808 0.5
3 998.434 111.68 -9.41203 0.5
3 814.464 100.223 -14.9983 0.5
3 854.927 85.0019 -0.240371 0.5
3 969.891 101.722 -14.9009 0.5
3 942.082 92.0231 12.7031 0.5
3 813.109 114.827 -2.27411 0.5
3 818.432 99.0962 -14.9727 0.5
3 783.334 91.5397 12.3864 0.5
3 794.692 94.1598 13.8164 0.5
3 752.145 85.4888 -3.79806 0.5
3 828.131 85 -0.0271507 0.5
3 985.782 114.999 -0.149276 0.5
3 879.304 107.243 13.1352 0.5
3 865.669 87.3727 8.09639 0.5
3 836.41 95.967 14.4477 0.5
3 693.396 109.108 -11.9184 0.5
3 991.396 107.296 -13.1059 0.5
3 708.907 114.909 -1.6466 0.5
3 678.445 114.808 -2.39502 0.5
3 999.173 111.997 9.00364 0.5
3 985.76 113.053 7.39117 0.5
3 679.92 113.672 -6.1708 0.5
3 892.579 91.3045 12.2224 0.5
3 934.918 85.3404 -3.17744 0.5
3 879.845 91.8459 -12.5901 0.5
3 945.456 85.4665 -3.71181 0.5
3 991.139 113.736 6.02649 0.5
3 850.84 106.509 -13.514 0.5
3 770.073 86.6431 -6.826 0.5
3 921.527 99.3453 -14.9857 0.5
3 912.525 114.163 4.94 0.5
3 948.595 114.102 -5.11231 0.5
3 891.982 114.136 -5.01835 0.5
3 945.82 85.0513 -1.23998 0.5
3 869.984 114.841 -2.18113 0.5
3 946.602 114.842 2.17242 0.5
3 823.876 91.2317 12.1703 0.5
3 723.918 101.737 -14.8991 0.5
3 880.485 110.962 10.2389 0.5
3 803.96 91.8024 12.5618 0.5
3 803.1 85.0691 -1.43785 0.5
3 976.956 106.267 -13.6279 0.5
3 834.12 114.32 4.4663 0.5
3 959.236 94.2379 -13.8491 0.5
3 831.02 108.071 -12.6433 0.5
3 700.109 89.5265 -10.7381 0.5
3 738.569 107.033 -13.2488 0.5
3 859.127 91.5763 -12.4113 0.5
3 901.185 92.1888 12.8057 0.5
3 979.397 86.432 6.39605 0.5
3 882.872 114.824 2.28987 0.5
3 789.273 113.118 -7.27504 0.5
3 673.933 85.4946 -3.82009 0.5
3 792.085 114.715 -2.91169 0.5
3 778.601 90.1275 -11.2931 0.5
3 997.721 110.358 10.8492 0.5
3 704.726 85.1564 2.16017 0.5
3 929.381 91.3449 -12.2511 0.5
3 759.402 104.986 14.1471 0.5
3 685.073 111.121 10.0664 0.5
3 867.625 86.3593 6.23955 0.5
3 829.738 114.939 1.34761 0.5
3 850.792 87.7811 8.70051 0.5
3 870.395 87.5788 8.40912 0.5
3 796.765 113.254 7.02319 0.5
3 850.401 111.924 9.10106 0.5
3 738.317 89.5069 10.7189 0.5
3 859.888 107.04 13.2451 0.5
3 685.817 99.6098 -14.9949 0.5
3 931.348 90.7964 11.8446 0.5
3 733.07 100.03 -15 0.5
3 909.231 114.696 -3.00679 0.5
3 922.74 92.9273 13.2279 0.5
3 896.812 85.4009 3.44486 0.5
3 772.786 95.6609 14.3587 0.5
3 786.159 114.824 2.29169 0.5
3 877.445 89.1022 -10.3072 0.5
3 835.145 114.409 -4.16869 0.5
3 812.515 93.218 -13.3792 0.5
3 720.73 102.217 14.8353 0.5
3 691.635 102.106 14.8514 0.5
3 712.917 114.816 2.34322 0.5
3 940.641 103.549 -14.5741 0.5
3 936.096 93.3808 -13.4605 0.5
3 774.23 85.4256 3.54784 0.5
3 735.447 102.404 14.8062 0.5
3 917.511 101.84 14.8868 0.5
3 690.411 89.3471 10.5601 0.5
3 768.687 107.523 -12.9769 0.5
3 674.726 91.591 -12.4213 0.5
3 693.367 101.496 14.9252 0.5
3 764.696 106.082 -13.7118 0.5
3 893.58 85.0296 -0.941146 0.5
3 667.264 114.995 0.368518 0.5
3 738.19 114.738 -2.79177 0.5
3 722.431 112.978 7.52068 0.5
3 715.918 97.2363 -14.7432 0.5
3 780.09 114.285 -4.577 0.5
3 968.6 95.5135 14.3133 0.5
3 741.657 85.7942 4.81601 0.5
3 903.013 104.847 14.1952 0.5
3 954.3 96.2916 14.5344 0.5
3 726.078 109.191 -11.8542 0.5
3 928.517 100.187 14.9988 0.5
3 992.61 113.535 -6.46583 0.5
3 694.793 104.335 14.3598 0.5
3 829.207 101.996 -14.8667 0.5
3 972.821 85.0013 -0.198192 0.5
3 681.125 107.777 12.8267 0.5
3 669.611 100.181 14.9989 0.5
3 841.069 85.1236 1.92173 0.5
3 957.942 101.841 -14.8866 0.5
3 901.512 114.861 -2.03954 0.5
3 820.703 91.2917 12.2133 0.5
3 998.198 85.0415 -1.11537 0.5
3 928.021 102.094 -14.8532 0.5
3 755.655 91.4171 12.3018 0.5
3 719.472 85.3503 -3.22277 0.5
3 864.857 107.459 -13.0142 0.5
3 809.807 85.2185 2.55075 0.5
3 982.956 107.866 -12.7718 0.5
3 905.345 85.5667 4.08414 0.5
3 784.332 87.6534 8.51826 0.5
3 933.559 107.688 12.8802 0.5
3 770.913 96.3036 14.5374 0.5
3 933.463 90.8148 11.8588 0.5
3 902.757 113.887 -5.67083 0.5
3 894.094 113.134 -7.24644 0.5
3 880.933 86.1915 -5.85875 0.5
3 776.641 97.3103 -14.7569 0.5
3 988.791 86.1987 5.87574 0.5
3 755.086 85.0648 1.39271 0.5
3 853.526 114.839 -2.18989 0.5
3 982.451 90.8377 -11.8765 0.5
3 858.509 90.8056 -11.8517 0.5
3 936.872 88.6396 -9.79491 0.5
3 855.531 95.679 14.3642 0.5
3 881.698 108.748 -12.1851 0.5
3 783.291 111.753 -9.32026 0.5
3 850.188 114.73 -2.8326 0.5
3 730.585 114.97 0.947515 0.5
3 669.084 112.637 -8.08072 0.5
3 694.112 86.3436 -6.20507 0.5
3 978.11 114.976 0.85159 0.5
3 747.076 111.664 -9.4314 0.5
3 712.521 89.9809 -11.1633 0.5
3 881.126 114.344 -4.3859 0.5
3 755.501 104.998 14.1429 0.5
3 710.696 114.297 -4.53866 0.5
3 746.816 85.6136 -4.24631 0.5
3 826.114 85.0636 1.37979 0.5
3 871.959 88.3124 9.40207 0.5
3 796.962 89.213 -10.4231 0.5
3 759.099 86.2619 -6.02212 0.5
3 836.116 108.06 12.6504 0.5
3 980.353 113.934 5.55458 0.5
3 688.756 98.2357 -14.8959 0.5
3 943.958 102.876 -14.7216 0.5
3 943.953 86.4442 -6.42179 0.5
3 713.995 110.788 -10.4225 0.5
3 855.757 90.1059 -11.2742 0.5
3 752.394 93.4238 -13.4816 0.5
3 946.382 92.1007 -12.7515 0.5
3 974.818 89.5712 10.7815 0.5
3 675.387 86.3943 6.31549 0.5
3 726.186 89.5091 -10.7211 0.5
3 986.888 114.991 -0.518907 0.5
3 901.566 98.7541 14.9482 0.5
3 969.448 112.339 -8.52882 0.5
3 773.867 107.132 13.196 0.5
3 890.713 88.0602 -9.07975 0.5
3 859.906 104.587 14.2815 0.5
3 904.827 109.352 -11.7276 0.5
3 921.384 86.416 -6.36207 0.5
3 928.418 92.2428 -12.8385 0.5
3 843.011 113.053 7.38995 0.5
3 815.599 88.4887 9.61717 0.5
3 734.92 91.8139 12.5693 0.5
3 857.863 114.441 -4.05519 0.5
3 876.525 101.954 14.8721 0.5
3 926.342 99.5043 -14.9918 0.5
3 669.152 98.4987 14.9247 0.5
3 861.947 112.842 -7.75069 0.5
3 835.758 113.244 7.04155 0.5
3 832.155 85.0092 0.525208 0.5
3 723.734 90.3364 -11.4724 0.5
3 905.911 86.2061 5.89304 0.5
3 847.428 112.267 -8.63262 0.5
3 937.553 88.6554 9.81322 0.5
3 808.804 100.963 14.9691 0.5
3 768.971 90.9508 11.963 0.5
3 840.924 87.5763 8.40542 0.5
3 813.319 92.8308 13.1759 0.5
3 733.193 114.01 -5.3592 0.5
3 782.719 85.9628 -5.2875 0.5
3 764.809 110.081 -11.1069 0.5
3 996.135 90.4422 11.5606 0.5
3 914.241 92.947 13.2384 0.5
3 863.59 92.6368 -13.0684 0.5
3 683.367 95.0127 14.1466 0.5
3 784.201 92.7425 -13.1274 0.5
3 849.9 113.06 7.37857 0.5
3 845.526 93.5573 -13.5459 0.5
3 831.509 94.7924 14.067 0.5
3 699.519 89.4838 10.6963 0.5
3 964.307 114.434 -4.07991 0.5
3 870.624 104.147 14.4154 0.5
3 868.248 85.9863 -5.34933 0.5
3 921.855 91.4834 12.3478 0.5
3 801.841 114.636 3.28561 0.5
3 738.676 95.0739 14.168 0.5
3 836.961 87.6012 -8.44217 0.5
3 982.53 111.068 10.1243 0.5
3 954.463 85.5174 -3.90552 0.5
3 702.408 112.342 -8.52456 0.5
3 917.239 109.982 11.1962 0.5
3 791.625 102.322 -14.8192 0.5
3 923.202 97.9657 -14.8614 0.5
3 972.584 108.572 12.3094 0.5
3 724.569 103.379 -14.6146 0.5
3 890.393 92.114 12.7598 0.5
3 861.152 91.8909 12.6192 0.5
3 675.484 85.0908 -1.64754 0.5
3 920.794 113.691 -6.12767 0.5
3 702.979 92.6481 13.0748 0.5
3 680.886 92.4884 -12.9837 0.5
3 702.915 110.76 10.4512 0.5
3 692.297 90.7886 -11.8385 0.5
3 788.067 85.3378 3.16538 0.5
3 946.464 93.2281 -13.3844 0.5
3 999.218 96.2597 14.5262 0.5
3 939.388 105.61 -13.9116 0.5
3 704.08 85.5784 -4.12506 0.5
3 670.413 113.383 6.77511 0.5
3 729.327 87.7195 -8.61326 0.5
3 894.663 98.1246 -14.8823 0.5
3 837.929 86.6584 6.85577 0.5
3 795.733 104.072 -14.4366 0.5
3 846.488 109.618 -11.5108 0.5
3 672.026 102.876 14.7216 0.5
3 686.721 87.0803 7.62114 0.5
3 743.926 102.954 14.7063 0.5
3 671.041 111.124 -10.0625 0.5
3 868.944 114.215 -4.78968 0.5
3 795.881 88.8681 10.0539 0.5
3 841.125 114.986 0.644611 0.5
3 906.792 85.974 -5.31699 0.5
3 949.306 110.175 11.0212 0.5
3 688.467 97.928 14.8562 0.5
3 918.165 114.851 2.10625 0.5
3 709.569 85.2128 2.51744 0.5
3 952.713 109.512 -11.5984 0.5
3 896.986 111.724 -9.35681 0.5
3 749.923 93.3144 -13.4277 0.5
3 954.524 86.4275 6.3866 0.5
3 849.652 107.698 -12.874 0.5
3 924.057 85.0275 -0.907259 0.5
3 907.43 99.2706 -14.9823 0.5
3 897.778 114.861 -2.03478 0.5
3 841.423 87.5673 -8.3921 0.5
