0 13.4768 85.832 4.92621 0.5
0 53.0899 111.81 -9.248 0.5
0 83.6794 109.591 -11.5329 0.5
0 67.4323 97.7564 -14.8313 0.5
0 29.1982 108.685 12.2299 0.5
0 88.4873 112.526 -8.2517 0.5
0 94.7432 86.5483 -6.63717 0.5
0 42.0271 111.852 -9.19431 0.5
0 101.613 89.4993 10.7114 0.5
0 28.432 87.7924 -8.71638 0.5
0 50.7164 94.5265 13.9657 0.5
0 73.3091 91.0652 12.0486 0.5
0 61.4966 85.1338 -1.9991 0.5
0 52.0834 87.4783 -8.25881 0.5
0 63.4423 112.185 -8.74764 0.5
0 39.9218 98.8999 -14.9596 0.5
0 5.5383 110.634 -10.579 0.5
0 41.4055 111.002 10.1954 0.5
0 21.3834 114.788 2.5113 0.5
0 5.59115 85.5102 3.87893 0.5
0 67.2743 101.303 -14.9433 0.5
0 67.8149 110.488 10.724 0.5
0 4.10493 109.266 11.7961 0.5
0 28.7109 103.726 14.5299 0.5
0 44.0915 109.827 -11.3329 0.5
0 67.0763 93.9196 -13.7123 0.5
0 45.3046 114.704 2.96474 0.5
0 73.6724 111.088 -10.1022 0.5
0 98.2639 114.086 5.15508 0.5
0 63.1357 114.76 -2.67018 0.5
0 63.0205 110.577 -10.636 0.5
0 45.3287 95.4088 14.2801 0.5
0 53.677 102.108 -14.8511 0.5
0 39.8209 102.389 14.8085 0.5
0 43.5097 100.088 14.9997 0.5
0 74.8214 109.994 11.1857 0.5
0 76.4037 87.0461 7.56291 0.5
0 2.71038 113.57 6.39163 0.5
0 58.2585 86.3394 -6.19588 0.5
0 18.2144 86.6785 -6.89484 0.5
0 6.96407 112.886 7.6782 0.5
0 109.146 85.3001 2.98535 0.5
0 46.6023 88.9888 10.186 0.5
0 54.2292 85.122 -1.90904 0.5
0 99.7511 90.0706 -11.2431 0.5
0 2.93137 111.173 10.0081 0.5
0 58.3071 99.4258 -14.989 0.5
0 47.1496 85.5025 -3.8499 0.5
0 4.7975 91.0454 12.0339 0.5
0 88.4636 107.27 13.1204 0.5
0 102.533 111.275 9.89282 0.5
0 30.34 114.686 -3.05354 0.5
0 25.3057 96.6268 14.6158 0.5
0 39.3759 86.2909 -6.08776 0.5
0 110.062 101.208 -14.9513 0.5
0 71.7597 88.2237 -9.29082 0.5
0 56.6998 100.699 14.9837 0.5
0 11.917 101.015 -14.9656 0.5
0 89.1472 98.9478 -14.9631 0.5
0 14.8273 86.9842 7.45572 0.5
0 41.1332 109.763 11.3879 0.5
0 52.8438 96.295 -14.5352 0.5
0 38.6401 114.865 -2.01138 0.5
0 5.29609 114.648 3.23003 0.5
0 6.56563 100.347 -14.996 0.5
0 70.0416 114.437 -4.0722 0.5
0 11.7281 92.4923 12.9859 0.5
0 77.2974 104.99 -14.1456 0.5
0 31.5387 87.7972 -8.72309 0.5
0 68.9423 107.553 -12.9597 0.5
0 98.764 97.0431 14.7057 0.5
0 26.2058 86.2383 5.96779 0.5
0 85.5742 92.3051 -12.8759 0.5
0 60.184 85.0484 1.20448 0.5
0 31.6516 106.686 -13.4275 0.5
0 62.7675 107.62 -12.9203 0.5
0 43.539 107.485 -12.9992 0.5
0 8.093 85.3255 -3.1078 0.5
0 70.5451 110.041 11.144 0.5
0 75.0679 99.7501 -14.9979 0.5
0 44.3189 108.795 12.1513 0.5
0 92.5326 90.1305 -11.2957 0.5
0 35.8912 90.8917 11.918 0.5
0 7.6348 85.8147 4.87615 0.5
0 87.4872 88.4025 -9.51299 0.5
0 27.6619 114.862 2.02892 0.5
0 100.076 85.0001 0.0464439 0.5
0 106.939 95.0085 14.1451 0.5
0 39.205 93.3132 13.4271 0.5
0 56.016 112.332 8.53997 0.5
0 105.53 112.007 -8.99047 0.5
0 26.5883 93.747 13.6345 0.5
0 88.4622 85.0098 -0.542203 0.5
0 105.021 107.613 12.9243 0.5
0 4.51632 86.9312 -7.36255 0.5
0 80.7807 113.179 7.16321 0.5
0 58.8145 108.716 -12.2082 0.5
0 80.0179 89.7887 10.9877 0.5
0 13.197 95.0592 -14.1629 0.5
0 64.6849 89.0434 10.2446 0.5
0 35.7154 99.8803 -14.9995 0.5
0 32.6057 107.818 12.8015 0.5
0 29.8878 85.1751 2.28553 0.5
0 48.9627 112.344 8.52191 0.5
0 5.04945 105.74 -13.8581 0.5
0 72.6093 101.503 14.9245 0.5
0 56.1838 85.6076 4.22598 0.5
0 43.9367 102.049 14.8594 0.5
0 97.7486 110.136 -11.0573 0.5
0 41.6116 110.546 -10.6672 0.5
0 53.4428 85.2082 2.49032 0.5
0 108.456 109.314 11.758 0.5
0 76.2546 114.856 2.07386 0.5
0 104.247 86.1516 -5.76395 0.5
0 81.4944 99.3558 14.9862 0.5
0 77.012 114.317 -4.47364 0.5
0 100.599 112.766 -7.87634 0.5
0 3.98346 92.93 -13.2293 0.5
0 28.4629 89.1507 10.3582 0.5
0 12.2076 85.1602 2.18629 0.5
0 14.0776 102.885 -14.7199 0.5
0 95.3291 104.413 14.336 0.5
0 49.4846 93.0952 -13.3163 0.5
0 23.9345 88.991 -10.1883 0.5
0 41.8353 114.972 -0.910851 0.5
0 44.1141 93.7535 -13.6375 0.5
0 89.6792 90.5701 11.6652 0.5
0 41.7492 114.702 2.97278 0.5
0 83.8432 92.5583 13.0239 0.5
0 58.0657 95.3868 -14.273 0.5
0 0.509348 108.434 -12.4046 0.5
0 35.7644 92.4679 12.9718 0.5
0 21.043 93.5448 13.5399 0.5
0 101.172 85.4601 3.68646 0.5
0 50.9534 107.233 13.1409 0.5
0 93.688 85.7137 4.57194 0.5
0 85.1901 107.208 -13.1549 0.5
0 55.7981 112.921 -7.61849 0.5
0 19.0544 94.5055 13.9574 0.5
0 85.8311 114.651 -3.21852 0.5
0 42.8656 93.1202 -13.3292 0.5
0 28.8976 86.1658 5.79776 0.5
0 107.893 88.6916 9.85494 0.5
0 81.5346 109.596 -11.5286 0.5
0 8.8063 87.9061 -8.87345 0.5
0 55.5171 107.098 -13.2141 0.5
0 84.105 115 0.100917 0.5
0 65.7371 114.882 1.87451 0.5
0 57.1622 112.571 8.18379 0.5
0 27.058 85.2126 2.51661 0.5
0 72.6738 85.2129 2.51832 0.5
0 108.719 111.014 -10.1826 0.5
0 10.5861 113.145 7.22613 0.5
0 59.7309 100.083 -14.9998 0.5
0 73.6612 85.1006 1.73456 0.5
0 109.798 112.757 -7.8906 0.5
0 2.71405 114.092 -5.14093 0.5
0 69.1202 93.4838 -13.5107 0.5
0 82.0297 114.337 4.41104 0.5
0 5.93745 109.575 11.5463 0.5
0 75.4025 85.0258 -0.879398 0.5
0 78.6195 109.504 11.6046 0.5
0 2.65455 114.748 2.73862 0.5
0 74.7232 98.516 -14.9264 0.5
0 108.921 114.059 -5.22999 0.5
0 96.0669 93.0057 13.2695 0.5
0 5.49063 97.7687 14.8331 0.5
0 56.6646 110.188 -11.0094 0.5
0 37.14 85.0383 -1.07088 0.5
0 46.5717 85.0007 -0.144788 0.5
0 28.644 102.557 14.7804 0.5
0 100.989 93.5284 -13.5321 0.5
0 35.36 86.524 6.58769 0.5
0 77.3333 112.406 -8.43162 0.5
0 22.8643 85.3502 -3.22211 0.5
0 17.4128 114.242 4.70752 0.5
0 68.5777 113.641 -6.23806 0.5
0 38.8597 85.0455 1.1677 0.5
0 34.45 85.0086 -0.50887 0.5
0 91.9954 114.988 -0.611268 0.5
0 29.8681 90.0219 11.1999 0.5
0 29.6295 96.5331 -14.5939 0.5
0 28.4176 108.052 12.6556 0.5
0 23.2494 107.593 12.9361 0.5
0 1.82743 97.3921 14.7716 0.5
0 7.19923 99.4444 -14.9897 0.5
0 44.0047 112.252 8.65424 0.5
0 3.27165 85.0326 -0.989045 0.5
0 95.3547 113.25 7.0321 0.5
0 43.1094 110.126 11.0666 0.5
0 68.1805 105.932 13.7772 0.5
0 54.4712 103.895 -14.4854 0.5
0 108.036 85.134 -2.00051 0.5
0 22.7694 90.8894 11.9163 0.5
0 71.1982 114.988 0.610858 0.5
1 147.76 22.4696 -5.24696 0.5
1 145.091 47.8317 13.4274 0.5
1 136.487 43.2828 7.8781 0.5
1 152.8 13.6049 4.86753 0.5
1 142.592 34.0837 -9.76 0.5
1 145.259 48.8169 -12.7119 0.5
1 113.679 108.577 -7.44123 0.5
1 162.914 25.0053 -2.82713 0.5
1 155.362 8.4853 1.97551 0.5
1 151.913 30.6314 14.9434 0.5
1 131.782 75.1239 -10.2764 0.5
1 140.113 35.0409 -2.8542 0.5
1 165.602 19.1759 -6.41968 0.5
1 128.601 66.4458 14.6413 0.5
1 154.642 11.7951 7.80858 0.5
1 129.681 67.4318 -14.9945 0.5
1 153.383 17.9043 12.0902 0.5
1 120.13 74.7917 11.5368 0.5
1 117.949 80.4401 12.8632 0.5
1 147.947 50.1952 -5.39316 0.5
1 153.731 24.5403 14.9101 0.5
1 135.245 61.4669 14.6398 0.5
1 150.996 18.9562 -9.05069 0.5
1 166.617 -5.7918 11.4813 0.5
1 156.555 8.27191 -7.45337 0.5
1 165.371 14.9719 -12.0354 0.5
1 154.703 10.9713 6.4875 0.5
1 157.675 17.0023 -14.8153 0.5
1 112.697 89.9393 13.0961 0.5
1 154.673 38.2977 -5.99574 0.5
1 147.843 48.9223 -8.22491 0.5
1 150.137 45.2481 -7.74893 0.5
1 140.489 39.1167 11.1816 0.5
1 150.051 32.8518 14.9971 0.5
1 119.424 90.3495 -14.2289 0.5
1 120.642 83.9795 -14.9921 0.5
1 141.29 39.4916 -12.5362 0.5
1 150.364 18.506 6.52688 0.5
1 145.752 25.2271 -2.6012 0.5
1 152.142 25.1523 -14.5159 0.5
1 164.374 18.759 -10.184 0.5
1 125.737 88.3743 6.0914 0.5
1 138.331 38.8394 5.34985 0.5
1 156.776 35.2151 4.49806 0.5
1 113.43 101.587 -13.9143 0.5
1 161.623 0.522935 9.01686 0.5
1 150.217 23.9367 -12.475 0.5
1 132.911 72.7921 10.6617 0.5
1 129.344 67.256 14.9548 0.5
1 145.839 50.9917 10.0434 0.5
1 148.059 33.7328 -14.8269 0.5
1 139.578 62.2157 9.60499 0.5
1 126.483 75.5721 14.8383 0.5
1 131.533 66.3641 -14.8993 0.5
1 140.039 58.1948 12.4949 0.5
1 143.306 53.3727 11.8963 0.5
1 118.49 76.552 10.5447 0.5
1 145.655 27.024 7.22712 0.5
1 134.785 44.6699 -4.44544 0.5
1 147.236 25.2193 -8.71183 0.5
1 165.391 1.18675 14.2118 0.5
1 136.961 47.1793 -12.6592 0.5
1 126.318 71.3023 -14.8135 0.5
1 127.573 80.2732 12.1573 0.5
1 143.598 41.2107 14.7868 0.5
1 157.316 28.5091 -12.3333 0.5
1 164.83 -7.33721 -4.54945 0.5
1 145.545 31.3638 12.0033 0.5
1 116.18 92.9754 14.8969 0.5
1 149.712 40.481 -13.082 0.5
1 121.382 96.9562 -2.75238 0.5
1 116.28 86.1764 14.1874 0.5
1 116.747 88.3969 -14.8865 0.5
1 138.055 50.8731 14.7972 0.5
1 146.985 28.2783 -11.5371 0.5
1 120.438 71.8434 -8.9982 0.5
1 115.199 77.924 0.396955 0.5
1 137.935 40.651 -7.67484 0.5
1 120.325 99.0404 -0.12998 0.5
1 134.121 62.5934 14.7988 0.5
1 129.551 60.0309 -12.6693 0.5
1 122.906 87.8316 -12.5198 0.5
1 161.373 2.7875 -11.039 0.5
1 132.734 47.6585 -1.82158 0.5
1 124.019 65.7069 -9.08493 0.5
1 165.394 20.9749 0.367523 0.5
1 115.366 78.4025 -4.75004 0.5
1 115.094 95.3225 -14.8348 0.5
1 162.113 12.6515 14.9674 0.5
1 135.1 44.0918 4.3426 0.5
1 116.483 78.6832 -8.98255 0.5
1 154.811 35.9029 -9.51752 0.5
1 161.99 0.182398 -9.39586 0.5
1 112.714 82.2311 -0.494289 0.5
1 142.409 32.8524 7.58909 0.5
1 119.023 85.5459 -14.9812 0.5
1 123.709 81.9862 14.5092 0.5
1 120.334 73.143 10.3226 0.5
1 115.124 84.7655 -12.5049 0.5
1 150.901 25.0711 13.7433 0.5
1 123.979 90.9914 -6.97717 0.5
1 128.18 59.0768 -9.79671 0.5
1 116.269 77.987 -7.34471 0.5
1 128.404 76.4023 -13.5874 0.5
1 155.921 10.4181 -9.04176 0.5
1 115.756 80.1253 9.22402 0.5
1 122.106 82.4241 -14.9281 0.5
1 150.095 27.811 -14.2554 0.5
1 141.587 34.2705 -7.58124 0.5
1 154.455 39.6478 2.87925 0.5
1 149.007 42.7281 12.4509 0.5
1 149.038 39.0072 -14.2449 0.5
1 142.2 31.1817 0.927363 0.5
1 154.596 13.5578 10.0633 0.5
1 138.157 47.5206 -13.9015 0.5
1 143.023 39.4858 14.0546 0.5
1 124.665 79.4977 14.7023 0.5
1 166.374 13.3576 11.9435 0.5
1 152.305 28.8647 14.9985 0.5
1 133.129 74.8567 7.4948 0.5
1 144.476 27.7631 -4.03482 0.5
1 136.918 68.5243 -7.08215 0.5
1 147.303 52.2495 1.37927 0.5
1 165.835 -3.75859 -12.0194 0.5
1 122.602 91.0384 -10.2602 0.5
1 154.581 9.72589 0.734119 0.5
1 116.226 81.7443 11.6927 0.5
1 140.502 48.2573 14.9767 0.5
1 148.732 20.0181 -2.31519 0.5
1 136.795 46.3442 11.8707 0.5
1 162.924 18.6732 12.4169 0.5
1 162.955 -0.292066 -10.716 0.5
1 153.909 39.7257 -5.75043 0.5
1 137.396 69.3871 -1.6051 0.5
1 126.615 87.8058 3.17611 0.5
1 121.709 94.98 6.8659 0.5
1 164.39 22.3134 -3.46316 0.5
1 155.85 33.2626 10.4593 0.5
1 163.586 2.81278 -13.6136 0.5
1 161.01 26.429 7.72883 0.5
1 166.537 17.6133 -6.29674 0.5
1 112.776 86.4645 -10.5607 0.5
1 112.36 92.0466 -13.8374 0.5
1 145.714 41.7755 -14.9023 0.5
1 136.172 43.5652 -7.43515 0.5
1 148.946 30.3111 14.4123 0.5
1 149.992 21.8482 10.4019 0.5
1 113.132 98.2472 14.8979 0.5
1 151.974 18.4382 10.4246 0.5
1 160.08 0.281763 1.71071 0.5
1 128.435 64.9186 14.1149 0.5
1 162.291 5.0956 -13.6323 0.5
1 156.912 6.30735 4.32141 0.5
1 117.769 92.6357 -14.4092 0.5
1 134.024 52.991 13.0907 0.5
1 122.24 74.1968 13.5057 0.5
1 137.91 38.945 -3.2732 0.5
1 116.872 105.021 0.145631 0.5
1 112.861 111.552 -3.51274 0.5
1 117.131 91.42 14.8858 0.5
1 144.876 31.8924 -11.5049 0.5
1 114.786 101.002 -13.0665 0.5
1 122.148 70.263 -10.5924 0.5
1 159.98 0.991721 4.31967 0.5
1 131.946 54.4353 -11.6267 0.5
1 138.767 45.7273 13.5797 0.5
1 159.478 31.2168 -0.519253 0.5
1 148.416 43.894 12.3537 0.5
1 114.753 82.5874 10.0843 0.5
1 138.802 66.8915 -2.09549 0.5
1 116.506 75.7328 -1.51252 0.5
1 121.907 66.692 3.40059 0.5
1 155.959 31.9405 11.5101 0.5
1 149.58 18.79 3.52203 0.5
1 154.572 39.6229 1.73775 0.5
1 117.349 74.227 -0.975787 0.5
1 143.516 34.1823 11.449 0.5
2 206.237 57.9112 4.19165 0.5
2 201.047 77.4549 5.02894 0.5
2 181.232 43.0644 -5.22165 0.5
2 181.204 42.9247 5.46085 0.5
2 179.141 26.2376 -14.9755 0.5
2 170.485 -3.5974 5.42262 0.5
2 212.052 96.7445 -4.33572 0.5
2 182.393 41.1813 -11.029 0.5
2 187.536 54.8398 1.56311 0.5
2 169.703 10.0074 -14.9684 0.5
2 178.401 38.9752 -1.93323 0.5
2 168.172 -8.4887 1.96729 0.5
2 202.359 79.9486 4.35792 0.5
2 218.867 81.8092 -8.46951 0.5
2 183.863 33.0348 -14.9908 0.5
2 173.504 0.634944 -0.710858 0.5
2 209.307 62.7119 1.55574 0.5
2 175.767 18.2557 14.9452 0.5
2 186.445 24.0446 5.41809 0.5
2 194.253 37.769 -5.90954 0.5
2 207.923 61.6873 6.44444 0.5
2 183.474 44.7275 9.20784 0.5
2 173.875 1.26232 0.288771 0.5
2 214.723 75.3323 9.41362 0.5
2 215.225 79.3547 12.3409 0.5
2 168.812 0.659018 13.3543 0.5
2 216.809 75.9687 3.19881 0.5
2 218.667 88.9907 -14.1941 0.5
2 203.704 80.3205 -8.44715 0.5
2 168.407 13.1051 -13.6057 0.5
2 209.499 65.3117 -8.05791 0.5
2 166.989 19.3164 0.712578 0.5
2 167.979 14.2788 12.5403 0.5
2 211.597 73.0231 -12.308 0.5
2 188.367 53.4195 8.9225 0.5
2 192.187 44.2314 -14.5245 0.5
2 210.588 79.0433 -14.9784 0.5
2 201.057 65.0003 -14.908 0.5
2 194.185 63.57 8.82053 0.5
2 213.62 70.4204 -3.08209 0.5
2 221.879 94.5488 -14.1922 0.5
2 177.953 17.4863 13.8173 0.5
2 222.064 106.241 -13.5114 0.5
2 168.166 -7.16617 6.46006 0.5
2 167.204 17.9962 -6.95509 0.5
2 197.38 42.765 -4.8113 0.5
2 177.048 25.2809 -14.5799 0.5
2 204.92 77.3271 -13.1066 0.5
2 188.184 55.3814 -4.40974 0.5
2 202.186 62.7067 -14.7747 0.5
2 172.305 12.3025 14.9487 0.5
2 171.156 14.5373 14.6996 0.5
2 191.805 37.3713 11.2301 0.5
2 198.72 71.9315 -8.07924 0.5
2 209.364 87.896 11.0289 0.5
2 201.329 74.8154 -10.195 0.5
2 188.814 49.6542 -12.979 0.5
2 176.203 20.6921 14.9947 0.5
2 214.892 84.953 -14.8148 0.5
2 215.286 97.395 -11.6827 0.5
2 201.129 51.5726 -9.14113 0.5
2 215.981 100.151 10.2402 0.5
2 201.291 53.5412 10.9932 0.5
2 203.692 68.8345 -14.9712 0.5
2 209.224 67.0888 -10.8108 0.5
2 189.993 38.8424 -14.0195 0.5
2 184.498 26.3103 -12.4612 0.5
2 167.863 12.0044 -13.6783 0.5
2 205.762 61.3212 11.0265 0.5
2 197.5 43.4598 -6.06171 0.5
2 198.112 49.3604 -12.0889 0.5
2 195.775 51.4554 -14.7482 0.5
2 215.078 74.411 -7.09766 0.5
2 190.777 59.386 5.75744 0.5
2 197.736 43.8406 5.99987 0.5
2 170.087 5.36724 14.3607 0.5
2 183.715 40.1774 13.3327 0.5
2 212.456 95.9174 -7.76498 0.5
2 196.873 45.5279 -10.6466 0.5
2 207.633 86.5152 -9.28141 0.5
2 219.933 94.3364 14.9035 0.5
2 176.152 5.56408 -3.26785 0.5
2 182.001 44.6517 -4.47487 0.5
2 178.942 35.1682 -11.0609 0.5
2 170.962 -2.53813 5.9872 0.5
2 215.83 80.0936 -12.1218 0.5
2 188.088 44.8947 -14.4524 0.5
2 220.758 110.305 -7.75289 0.5
2 221.073 112.816 -2.39831 0.5
2 212.682 68.4796 0.353902 0.5
2 222.041 96.9007 -14.7392 0.5
2 203.401 75.5066 -12.6209 0.5
2 220.843 96.7504 -14.9753 0.5
2 219.631 80.7284 2.53452 0.5
2 175.754 16.2226 14.6342 0.5
2 207.328 88.7721 -3.56566 0.5
2 195.811 39.2701 -0.697796 0.5
2 182.97 46.3658 4.35832 0.5
2 175.611 31.4054 8.81207 0.5
2 208.141 81.0741 -13.9696 0.5
2 210.93 92.2077 9.30264 0.5
2 202.233 78.5944 7.09464 0.5
2 215.686 87.558 14.9581 0.5
2 203.599 55.412 -8.54027 0.5
2 210.764 65.3004 -2.09471 0.5
2 182.918 19.9378 9.02059 0.5
2 176.273 6.90448 -6.52071 0.5
2 205.781 85.886 4.32266 0.5
2 222.186 104.818 14.1838 0.5
2 182.01 17.2174 -7.249 0.5
2 192.101 41.8726 -13.7672 0.5
2 207.467 64.4955 -11.2268 0.5
2 172.899 14.7737 -14.9986 0.5
2 194.964 60.0298 -13.1355 0.5
2 203.51 52.6851 -1.68864 0.5
2 172.663 28.0114 -5.75982 0.5
2 195.923 60.6662 -13.6503 0.5
2 184.073 38.8505 -14.1676 0.5
2 198.83 47.3181 8.77421 0.5
2 180.76 22.4144 -13.8458 0.5
2 177.601 17.7886 -14.1682 0.5
2 178.952 25.4626 14.9945 0.5
2 183.284 44.2161 -9.43655 0.5
2 197.306 41.875 -0.969402 0.5
2 196.292 63.585 12.3608 0.5
2 215.449 77.0684 -9.97752 0.5
2 185.831 45.2749 12.4903 0.5
2 219.601 92.5825 -14.7215 0.5
2 207.963 84.1287 12.1282 0.5
2 207.525 60.6201 5.57884 0.5
2 199.576 56.8642 14.4811 0.5
2 188.736 27.2295 2.61561 0.5
2 171.097 -3.09133 3.68716 0.5
2 171.98 9.97169 -14.6958 0.5
2 177.309 29.114 13.3153 0.5
2 185.703 32.2803 14.3194 0.5
2 214.253 89.6058 14.6076 0.5
2 208.367 61.2077 -2.47516 0.5
2 172.129 27.0896 5.75206 0.5
2 171.496 -0.830371 -7.53538 0.5
2 196.628 48.5932 -13.2264 0.5
2 206.14 84.9501 7.81102 0.5
2 183.07 44.9444 7.88745 0.5
2 211.501 86.134 -14.2432 0.5
2 194.533 66.6985 -3.1904 0.5
2 187.294 46.9239 13.0357 0.5
2 199.126 63.9664 -14.4649 0.5
2 212.209 97.1518 3.85824 0.5
2 193.901 38.127 -7.78792 0.5
2 216.568 103.281 -7.3532 0.5
2 169.383 2.20989 -13.6269 0.5
2 185.187 21.5034 -4.36871 0.5
2 177.209 8.30934 -6.0527 0.5
2 214.326 75.5428 -10.4296 0.5
2 204.657 71.1645 -14.9157 0.5
2 183.09 22.7548 11.6364 0.5
2 216.096 95.7818 -13.5692 0.5
2 196.637 50.8701 14.206 0.5
2 207.296 87.8275 -6.1514 0.5
2 205.832 69.3707 -14.8316 0.5
2 172.032 4.83815 -12.5408 0.5
2 203.434 53.4187 5.28086 0.5
2 172.221 27.9326 3.69369 0.5
2 194.956 67.7706 0.312547 0.5
2 219.998 106.161 -11.168 0.5
2 184.552 32.8936 14.8843 0.5
2 217.481 86.2756 -13.9502 0.5
2 172.054 0.435695 -8.02966 0.5
2 170.624 3.28191 13.077 0.5
2 174.204 12.0312 -14.2117 0.5
2 191.949 37.8607 -11.4376 0.5
2 190.203 56.0874 9.57521 0.5
2 186.422 43.8445 -13.8114 0.5
2 171.157 20.5024 -12.0379 0.5
2 166.671 14.0791 -10.9076 0.5
2 207.354 77.7898 -14.5757 0.5
2 202.567 69.5895 14.5532 0.5
2 195.962 62.5708 -12.654 0.5
2 166.737 15.8709 -9.03508 0.5
2 212.752 89.5442 13.771 0.5
2 217.352 76.5777 -0.643508 0.5
2 199.258 60.7276 -14.9916 0.5
2 216.124 100.577 -10.0444 0.5
2 188.155 38.9581 14.8613 0.5
2 169.905 23.9911 3.40951 0.5
2 185.255 47.9337 9.04957 0.5
2 169.438 -5.83946 4.15188 0.5
2 190.15 54.0621 -11.5146 0.5
2 174.221 11.1795 13.8833 0.5
3 225.14 113.617 -6.29036 0.5
3 237.712 114.272 4.61754 0.5
3 300.652 114.787 -2.51774 0.5
3 281.351 85.0024 -0.267261 0.5
3 304.047 95.1229 14.185 0.5
3 261.436 93.0561 -13.296 0.5
3 287.719 102.915 14.714 0.5
3 310.364 87.5125 8.31038 0.5
3 258.163 108.075 -12.6409 0.5
3 293.401 85.0597 1.33697 0.5
3 276.597 94.8302 -14.081 0.5
3 321.956 100.987 -14.9675 0.5
3 299.469 99.9128 14.9997 0.5
3 304.005 93.4514 -13.495 0.5
3 234.583 89.2984 -10.5108 0.5
3 246.054 92.9347 13.2319 0.5
3 287.468 113.794 5.8938 0.5
3 321.961 113.313 -6.91195 0.5
3 257.641 95.0417 -14.1568 0.5
3 240.048 114.796 2.46679 0.5
3 246.86 98.9284 14.9617 0.5
3 256.428 85.8179 4.88551 0.5
3 237.872 110.837 -10.3712 0.5
3 234.703 114.905 1.68604 0.5
3 275.051 112.063 -8.91474 0.5
3 260.064 85.0271 0.901339 0.5
3 285.285 85.4335 3.58013 0.5
3 294.372 115 0.0919283 0.5
3 310.91 112.279 -8.61506 0.5
3 302.061 88.0849 -9.11207 0.5
3 258.656 85.0125 0.611203 0.5
3 233.258 91.0068 -12.0051 0.5
3 275.865 91.2076 12.153 0.5
3 327.284 113.16 7.19737 0.5
3 278.027 114.262 -4.64583 0.5
3 270.403 108.392 -12.4327 0.5
3 231.031 90.6911 -11.762 0.5
3 286.985 110.84 10.3675 0.5
3 230.956 103.176 14.66 0.5
3 333.171 103.32 14.628 0.5
3 255.21 92.4474 -12.9598 0.5
3 311.696 112.267 8.6324 0.5
3 223.253 114.998 0.218829 0.5
3 262.207 111.049 10.1446 0.5
3 320.283 93.9453 -13.7237 0.5
3 289.508 88.5225 -9.65748 0.5
3 240.689 102.81 14.7345 0.5
3 298.329 114.548 3.65268 0.5
3 261.834 88.2295 9.29815 0.5
3 296.36 114.178 -4.89601 0.5
3 314.483 85.0256 -0.876007 0.5
3 235.118 85.9481 -5.24826 0.5
3 262.067 111.475 -9.66008 0.5
3 289.677 94.2063 -13.836 0.5
3 261.484 99.0297 14.9686 0.5
3 259.079 86.3624 -6.24617 0.5
3 320.251 108.779 -12.1628 0.5
3 292.805 109.311 -11.7604 0.5
3 282.327 90.6642 11.7407 0.5
3 261.447 89.1173 -10.3232 0.5
3 292.348 111.146 -10.0383 0.5
3 274.31 103.468 14.5937 0.5
3 299.684 100.01 -15 0.5
3 313.793 111.534 9.58983 0.5
3 307.56 112.147 -8.80047 0.5
3 314.67 85.8976 5.111 0.5
3 260.107 97.3691 14.7675 0.5
3 288.185 88.5361 -9.67359 0.5
3 279.392 86.8308 7.18137 0.5
3 240.692 100.305 14.9969 0.5
3 293.853 91.4543 12.3276 0.5
3 233.954 114.716 2.90276 0.5
3 231.781 94.985 -14.1368 0.5
3 268.036 113.442 6.65606 0.5
3 304.269 85.5134 3.89066 0.5
3 308.127 108.661 -12.2473 0.5
3 306.738 99.7833 14.9984 0.5
3 288.334 112.768 -7.87207 0.5
3 271.3 85.3103 -3.03506 0.5
3 243.525 107.927 -12.7342 0.5
3 270.466 85.8468 -4.96856 0.5
3 229.068 89.5356 10.7469 0.5
3 269.721 112.786 -7.84395 0.5
3 225.031 87.1195 -7.68718 0.5
3 278.473 88.1502 9.19691 0.5
3 291.609 108.193 -12.5649 0.5
3 312.836 93.4792 13.5085 0.5
3 314.847 85.154 2.1441 0.5
3 231.926 87.6888 8.56939 0.5
3 241.535 95.9696 -14.4484 0.5
3 285.196 114.94 1.33819 0.5
3 327.763 89.0424 -10.2436 0.5
3 233.346 113.059 -7.38045 0.5
3 314.047 97.2282 -14.7417 0.5
3 275.531 87.1539 7.74454 0.5
3 236.707 92.4653 12.9703 0.5
3 231.613 85.3912 3.40331 0.5
3 227.402 103.454 -14.597 0.5
3 225.642 110.294 10.9102 0.5
3 246.242 100.437 -14.9936 0.5
3 249.316 114.621 -3.35091 0.5
3 229.8 85.115 -1.85374 0.5
3 287.462 100.257 14.9978 0.5
3 278.158 96.5053 -14.5872 0.5
3 259.431 113.051 -7.39343 0.5
3 237.292 95.5126 -14.3131 0.5
3 259.354 87.421 -8.1712 0.5
3 268.331 114.997 0.290856 0.5
3 275.622 85.1791 2.31113 0.5
3 242.868 85.6213 -4.27219 0.5
3 289.432 105.114 -14.1014 0.5
3 297.822 105.565 -13.9293 0.5
3 277.726 114.571 -3.56283 0.5
3 236.05 107.345 13.0788 0.5
3 257.747 109.748 -11.4003 0.5
3 283.18 100.271 14.9975 0.5
3 316.224 85.67 -4.43299 0.5
3 273.61 110.187 -11.0106 0.5
3 292.541 92.4212 -12.9446 0.5
3 288.15 85.6907 4.49939 0.5
3 298.091 104.102 -14.4283 0.5
3 235.45 112.177 8.75888 0.5
3 293.172 101.718 -14.9013 0.5
3 264.539 96.1177 -14.4889 0.5
3 269.233 106.675 -13.4329 0.5
3 244.98 85.1408 -2.05064 0.5
3 299.551 114.799 2.45005 0.5
3 321.286 114.984 0.69483 0.5
3 224.777 112.617 8.1126 0.5
3 293.538 100.575 -14.989 0.5
3 319.46 96.5679 14.6021 0.5
3 308.062 110.239 10.9623 0.5
3 252.148 114.232 4.73801 0.5
3 306.534 96.2445 14.5223 0.5
3 276.424 111.213 9.96341 0.5
3 316.299 113.23 -7.06839 0.5
3 248.706 86.6167 6.77408 0.5
3 223.076 90.1371 11.3015 0.5
3 262.14 108.889 -12.0826 0.5
3 235.149 86.0322 5.46806 0.5
3 266.558 96.1287 14.4918 0.5
3 289.372 109.785 -11.3691 0.5
3 272.859 87.8221 -8.75777 0.5
3 246.167 113.291 6.95332 0.5
3 262.182 97.8552 -14.8459 0.5
3 270.222 85.0412 1.11131 0.5
3 250.129 91.1071 12.0796 0.5
3 238.765 100.926 -14.9714 0.5
3 226.164 98.2253 14.8946 0.5
3 298.318 89.8567 -11.0505 0.5
3 278.185 87.4887 8.27454 0.5
3 226.383 89.5112 10.7231 0.5
3 297.938 98.4514 -14.9199 0.5
3 264.017 85.0067 0.448983 0.5
3 224.024 114.599 -3.44306 0.5
3 327.736 87.3301 8.02951 0.5
3 307.348 85.1924 2.39464 0.5
3 286.029 114.866 -2.00407 0.5
3 266.659 90.5954 11.6856 0.5
3 270.66 101.62 -14.9122 0.5
3 241.449 115 -0.0147777 0.5
3 280.87 91.6398 -12.4542 0.5
3 258.044 96.598 -14.6091 0.5
3 238.487 106.344 -13.5923 0.5
3 319.905 113.35 -6.8392 0.5
3 314.283 87.7423 -8.64568 0.5
3 319.593 104.609 14.2743 0.5
3 315.85 89.1876 10.3967 0.5
3 304.245 114.06 -5.22574 0.5
3 305.927 114.983 -0.714653 0.5
3 319.741 111.533 -9.5909 0.5
3 288.336 94.0274 13.7596 0.5
3 234.439 100.226 14.9983 0.5
3 264.212 96.6287 14.6162 0.5
3 232.125 110.736 -10.4755 0.5
3 289.063 102.514 -14.7879 0.5
3 274.155 87.0456 7.56193 0.5
3 230.822 98.7536 14.9481 0.5
4 354.118 65.6161 -14.9127 0.5
4 358.547 68.5341 -8.71953 0.5
4 378.558 33.5205 9.194 0.5
4 386.423 11.8055 14.5212 0.5
4 363.887 42.2511 -14.2014 0.5
4 383.953 12.3021 15 0.5
4 347.626 89.1219 5.69271 0.5
4 348.258 66.4947 12.8992 0.5
4 370.732 24.2381 10.2139 0.5
4 348.737 88.2656 -1.28297 0.5
4 385.867 -5.93105 -1.33047 0.5
4 342.575 98.8863 -1.78033 0.5
4 349.693 76.1995 -14.2978 0.5
4 351.848 73.0344 -14.1053 0.5
4 380.247 30.9959 -8.65369 0.5
4 352.037 73.1721 13.9284 0.5
4 383.328 13.6452 -14.9981 0.5
4 374.869 16.1086 9.06664 0.5
4 351.947 76.597 12.1206 0.5
4 351.013 84.252 1.9361 0.5
4 374.581 41.446 -7.67164 0.5
4 387.442 20.718 4.06845 0.5
4 379.524 11.1639 12.1242 0.5
4 368.048 28.4201 9.68819 0.5
4 346.051 73.1744 -14.2122 0.5
4 379.306 31.0405 10.5449 0.5
4 380.02 32.6481 -6.51424 0.5
4 372.164 19.6426 -7.30567 0.5
4 379.587 15.7704 14.4245 0.5
4 363.24 38.8435 -11.7236 0.5
4 338.878 76.7686 6.26903 0.5
4 336.733 106.297 8.74827 0.5
4 343.677 79.2015 -14.7204 0.5
4 379.478 30.3971 -10.8836 0.5
4 346.142 91.6451 -5.80755 0.5
4 381.411 7.23435 -11.6142 0.5
4 336.823 94.4275 -14.9926 0.5
4 379.453 22.2826 14.843 0.5
4 380.557 4.94666 -7.01474 0.5
4 362.673 63.7392 3.62031 0.5
4 367.941 26.3954 -6.19081 0.5
4 378.644 30.9806 -11.6396 0.5
4 368.27 38.749 14.9818 0.5
4 350.659 60.0943 11.2716 0.5
4 372.943 42.2592 -10.342 0.5
4 386.27 22.959 3.22704 0.5
4 365.047 31.1795 5.66054 0.5
4 352.394 81.6471 3.16805 0.5
4 345.757 93.2031 2.87783 0.5
4 369.771 46.6612 11.3798 0.5
4 344.867 90.7274 -10.5072 0.5
4 376.49 39.6279 4.27581 0.5
4 371.332 48.9169 -2.81825 0.5
4 368.296 29.2265 10.9832 0.5
4 358.445 50.1278 13.5771 0.5
4 388.751 12.548 -12.3353 0.5
4 337.122 78.783 -3.20101 0.5
4 359.862 68.0624 5.35773 0.5
4 379.106 35.6057 -1.84588 0.5
4 386.659 22.1443 3.81712 0.5
4 363.006 33.759 -2.13676 0.5
4 368.734 33.6409 14.1266 0.5
4 351.685 53.4235 -2.49771 0.5
4 364.931 52.6361 13.0679 0.5
4 362.525 41.0343 -12.4243 0.5
4 384.815 -0.477084 9.85557 0.5
4 352.537 51.8958 -2.16481 0.5
4 367.032 34.5515 -13.2232 0.5
4 370.479 43.719 12.6519 0.5
4 363.08 47.5312 -14.9701 0.5
4 348.342 78.4494 14.3263 0.5
4 335.255 88.1912 -12.3728 0.5
4 365.752 35.0934 12.179 0.5
4 376.376 24.9627 14.9921 0.5
4 361.308 56.9359 13.9981 0.5
4 374.328 43.2985 -4.51634 0.5
4 341.818 75.207 11.0934 0.5
4 337.341 92.009 -14.9633 0.5
4 368.108 51.1428 -9.77878 0.5
4 383.773 26.5383 5.63214 0.5
4 353.689 54.4189 -10.8821 0.5
4 350.786 84.7284 -1.1248 0.5
4 352.925 51.4588 3.4112 0.5
4 364.312 31.4328 1.6323 0.5
4 334.47 94.9576 -14.6817 0.5
4 366.366 36.1356 13.4455 0.5
4 385.268 11.2152 -14.9544 0.5
4 353.767 57.5317 13.2264 0.5
4 340.215 91.259 -14.6592 0.5
4 379.939 12.3545 -13.3073 0.5
4 373.121 39.428 12.4662 0.5
4 363.97 32.2596 -3.09937 0.5
4 339.204 75.3206 -3.79675 0.5
4 352.608 81.0772 -3.98288 0.5
4 376.572 36.0189 10.2935 0.5
4 334.39 88.2061 11.2124 0.5
4 367.536 31.2554 -11.605 0.5
4 337.785 88.0559 14.3903 0.5
4 346.069 87.9058 -11.2113 0.5
4 343.619 96.0752 5.66028 0.5
4 356.776 50.907 -12.3663 0.5
4 348.777 85.1493 9.13295 0.5
4 334.098 83.9345 -2.772 0.5
4 356.613 48.5918 -10.1041 0.5
4 377.614 37.7586 -4.0079 0.5
4 354.351 53.1065 10.7217 0.5
4 385.045 15.6778 -14.0532 0.5
4 385.788 -4.3322 6.58499 0.5
4 340.934 96.5095 -11.4636 0.5
4 382.441 19.6709 -14.2354 0.5
4 371.583 25.1507 12.2904 0.5
4 371.395 19.1401 1.39003 0.5
4 359.547 50.5888 14.4546 0.5
4 376.105 17.2445 -12.2389 0.5
4 362.653 34.881 4.41248 0.5
4 336.843 105.225 9.85943 0.5
4 356.437 56.7481 -14.6469 0.5
4 386.167 10.5497 -14.8579 0.5
4 343.59 86.6448 14.3372 0.5
4 388.492 3.10089 14.9382 0.5
4 366.113 28.861 -4.32641 0.5
4 378.325 17.1889 14.1829 0.5
4 340.155 74.7611 -6.69248 0.5
4 385.556 3.04184 -13.5154 0.5
4 333.781 101.934 -14.7531 0.5
4 381.571 17.8567 14.9339 0.5
4 351.226 54.5546 4.0066 0.5
4 380.059 34.0674 0.156058 0.5
4 366.421 54.6521 9.05021 0.5
4 353.827 51.7472 -7.88944 0.5
4 370.761 50.1484 -0.867109 0.5
4 362.739 52.7389 -14.544 0.5
4 340.279 75.3662 8.13419 0.5
4 349.682 56.699 0.676836 0.5
4 375.087 35.3688 12.8796 0.5
4 360.552 54.4698 -14.9129 0.5
4 377.145 37.13 -7.45866 0.5
4 382.095 12.7065 14.7295 0.5
4 364.629 57.2648 9.66513 0.5
4 363.331 33.6639 4.27485 0.5
4 382.802 15.1329 -14.9778 0.5
4 387.465 14.5427 -12.493 0.5
4 370.666 27.0949 12.5323 0.5
4 354.812 77.7631 -1.02737 0.5
4 386.938 2.39601 14.2252 0.5
4 384.257 -1.60413 6.73578 0.5
4 367.026 32.8709 12.1676 0.5
4 350.36 62.8581 -12.9026 0.5
4 363.902 54.0939 13.2451 0.5
4 374.327 38.4543 -11.6433 0.5
4 336.628 94.4516 14.9992 0.5
4 334.536 83.1459 2.6125 0.5
4 337.805 78.2716 5.4288 0.5
4 348.031 63.7333 -10.399 0.5
4 336.29 103.302 -12.4126 0.5
4 368.549 49.3696 10.8431 0.5
4 349.136 74.0184 14.9354 0.5
4 382.804 23.5074 -11.8524 0.5
4 383.419 27.9569 2.94637 0.5
4 347.596 66.5327 -12.1732 0.5
4 376.284 14.1944 9.73294 0.5
4 366.663 50.7204 -12.3936 0.5
4 383.137 26.2595 8.25755 0.5
4 380.773 14.6207 14.6522 0.5
4 382.977 29.0146 0.159632 0.5
4 333.552 90.7711 12.1104 0.5
4 347.392 86.8385 9.9907 0.5
4 377.753 15.6748 13.0547 0.5
4 370.584 42.4943 13.2591 0.5
4 340.983 72.0365 -2.91396 0.5
4 333.489 114.707 -0.844736 0.5
4 342.163 73.7785 10.2744 0.5
4 374.467 40.6665 9.11594 0.5
4 381.89 24.276 -12.4418 0.5
4 342.174 99.0963 -4.17082 0.5
5 384.017 -18.3933 -6.04 0.5
5 350.065 -73.7741 10.9015 0.5
5 357.201 -60.3489 -11.8167 0.5
5 360.589 -57.8957 8.05355 0.5
5 348.504 -52.0609 -5.08392 0.5
5 385.7 11.559 6.92341 0.5
5 341.462 -77.3463 -14.965 0.5
5 366.469 -41.1347 13.7136 0.5
5 362.152 -29.8543 8.01356 0.5
5 383.853 5.5608 10.7038 0.5
5 349.716 -62.7447 -14.941 0.5
5 372.427 -17.1284 12.9262 0.5
5 370.39 -40.8346 8.18754 0.5
5 387.027 -4.91372 13.9695 0.5
5 371.923 -38.3804 -7.86907 0.5
5 375.384 -19.8033 -14.9988 0.5
5 352.229 -46.0237 6.11146 0.5
5 386.113 -14.1546 7.2669 0.5
5 338.78 -80.1027 14.7142 0.5
5 352.715 -70.3002 -9.72533 0.5
5 356.347 -65.5475 7.55643 0.5
5 360.273 -38.5346 -13.1293 0.5
5 378.254 -28.4603 5.84422 0.5
5 353.225 -53.2371 -14.225 0.5
5 383.649 9.55723 2.06007 0.5
5 375.025 -5.25309 -0.688351 0.5
5 339.043 -70.5221 8.9492 0.5
5 359.812 -46.2667 14.9966 0.5
5 377.683 -30.4045 2.6114 0.5
5 360.605 -53.2434 -12.6696 0.5
5 346.341 -66.6632 -14.6421 0.5
5 372.471 -36.1159 -9.68524 0.5
5 340.431 -78.5456 -14.9132 0.5
5 336.88 -71.8097 3.85123 0.5
5 375.099 -25.5315 13.9858 0.5
5 342.944 -63.2136 -8.15485 0.5
5 355.875 -53.6808 -14.9975 0.5
5 344.979 -60.5568 -9.35954 0.5
5 354.431 -56.4259 14.9911 0.5
5 351.778 -70.0819 -11.5428 0.5
5 373.666 -13.1231 11.6332 0.5
5 380.761 -21.6296 -9.83303 0.5
5 340.939 -82.8836 -14.5599 0.5
5 335.282 -102.763 6.13669 0.5
5 376.91 -8.96101 -12.6809 0.5
5 384.724 -17.8373 4.20491 0.5
5 342.645 -61.3596 -1.07482 0.5
5 387.633 16.3344 2.80588 0.5
5 383.33 -16.2072 10.8537 0.5
5 338.169 -83.7125 -14.9956 0.5
5 339.067 -68.4717 5.26055 0.5
5 348.337 -81.2556 2.48698 0.5
5 356.91 -57.1995 -13.9212 0.5
5 337.405 -76.4624 12.0486 0.5
5 344.295 -85.6171 -8.7922 0.5
5 355.954 -39.7454 6.48847 0.5
5 364.325 -25.0142 -5.97738 0.5
5 335.978 -73.2691 -3.44095 0.5
5 348.473 -56.0982 11.0638 0.5
5 386.026 8.43503 11.51 0.5
5 388.307 17.3147 -3.656 0.5
5 341.235 -75.0307 14.528 0.5
5 339.122 -86.4736 -14.4431 0.5
5 380.499 -25.4055 3.22767 0.5
5 336.217 -90.7913 -14.6244 0.5
5 361.68 -30.2488 -7.30054 0.5
5 333.637 -77.0734 -2.10829 0.5
5 352.915 -71.5981 -7.37159 0.5
5 337.007 -100.147 5.22471 0.5
5 369.635 -20.1575 11.6757 0.5
5 345.647 -57.2029 -5.59256 0.5
5 341.8 -75.3734 -14.8048 0.5
5 366.716 -49.2231 -3.47171 0.5
5 342.267 -63.5184 -6.62461 0.5
5 345.145 -70.0347 -14.8719 0.5
5 365.879 -30.9622 -14.1 0.5
5 364.583 -52.7429 4.1322 0.5
5 337.519 -70.2325 0.977581 0.5
5 386.45 -13.6172 -7.18488 0.5
5 378.668 -28.2831 -4.35063 0.5
5 387.263 10.7315 11.3797 0.5
5 387.235 -7.61444 -12.3422 0.5
5 385.947 6.12098 13.0235 0.5
5 361.548 -43.9233 -14.9961 0.5
5 343.065 -90.4938 -1.73178 0.5
5 334.003 -88.1675 14.6715 0.5
5 369.409 -34.8975 14.1659 0.5
5 374.933 -34.5327 5.01758 0.5
5 379.398 2.30495 0.966357 0.5
5 354.918 -67.1162 8.93125 0.5
5 367.328 -37.3241 -14.5225 0.5
5 342.818 -80.7619 14.2316 0.5
5 349.534 -53.3376 10.1408 0.5
5 379.847 -9.98559 14.8791 0.5
5 358.738 -56.7821 12.4713 0.5
5 366.651 -35.7536 -14.9659 0.5
5 343.881 -82.4762 12.4972 0.5
5 335.32 -90.4971 14.9261 0.5
5 359.783 -33.8586 -7.85333 0.5
5 353.787 -49.0147 -12.6829 0.5
5 383.493 -19.277 6.09399 0.5
5 361.036 -29.5266 1.33431 0.5
5 353.201 -67.764 -11.4201 0.5
5 367.75 -20.6969 -8.80737 0.5
5 339.315 -75.6883 13.5653 0.5
5 367.734 -42.5033 11.4946 0.5
5 365.275 -22.2578 1.98303 0.5
5 373.005 -15.0703 -12.2432 0.5
5 369.343 -44.5966 3.77239 0.5
5 380.489 -2.28738 -12.3687 0.5
5 350.751 -47.2948 0.607725 0.5
5 370.545 -15.811 8.74528 0.5
5 366.062 -24.3002 -9.67605 0.5
5 333.689 -78.7343 7.30785 0.5
5 362.057 -27.7973 -1.71228 0.5
5 383.514 -7.68297 14.8453 0.5
5 387.183 11.8327 10.1852 0.5
5 335.879 -94.0109 -13.7604 0.5
5 372.12 -34.8744 -11.5212 0.5
5 379.323 -21.8071 -11.9904 0.5
5 374.247 -9.03973 -8.22318 0.5
5 366.629 -47.3859 8.12926 0.5
5 362.746 -55.3734 -5.71843 0.5
5 386.814 -13.9296 -5.08801 0.5
5 382.418 -12.7333 14.0323 0.5
5 352.969 -50.1446 12.4969 0.5
5 386.285 8.42526 -11.878 0.5
5 367.31 -39.1022 -13.9547 0.5
5 385.593 -1.29397 -14.9864 0.5
5 369.731 -37.8265 12.4143 0.5
5 353.995 -41.6652 -0.290577 0.5
5 379.508 -4.67779 12.8148 0.5
5 341.236 -80.1614 -14.9347 0.5
5 341.617 -86.0126 12.7443 0.5
5 374.537 -18.9336 -14.8452 0.5
5 339.145 -68.0551 -4.43664 0.5
5 381.318 1.56018 10.3063 0.5
5 368.291 -23.9173 12.698 0.5
5 368.172 -19.8846 8.69529 0.5
5 359.102 -43.5775 -14.3881 0.5
5 345.156 -60.0701 9.12923 0.5
5 333.335 -105.101 -8.05494 0.5
5 376.699 -19.9652 14.7683 0.5
5 339.668 -95.4386 -5.48717 0.5
5 336.583 -71.8292 0.488224 0.5
5 347.001 -55.1647 -6.30075 0.5
5 347.599 -61.2203 13.5082 0.5
5 351.288 -58.5603 14.738 0.5
5 337.191 -86.0721 -14.9969 0.5
5 340.573 -83.6634 14.5229 0.5
5 379.346 -24.8513 8.86804 0.5
5 373.809 -23.1765 -14.9769 0.5
5 373.78 -37.2841 1.81278 0.5
5 380.965 5.03484 0.692486 0.5
5 384.858 11.7215 1.45974 0.5
5 339.08 -96.8726 -4.28318 0.5
5 360.518 -58.6221 7.01885 0.5
5 378.872 -0.404905 -7.17981 0.5
5 377.461 -27.1506 -10.0544 0.5
5 375.92 -5.11778 -6.39307 0.5
5 376.295 -27.5328 11.6133 0.5
5 365.284 -38.1687 -14.9626 0.5
5 375.413 -33.4521 -5.67142 0.5
5 337.712 -91.7434 -13.3309 0.5
5 383.71 -19.7846 -3.48532 0.5
5 337.086 -96.3267 -10.8312 0.5
5 358.005 -64.4385 -2.88315 0.5
5 347.898 -82.2024 0.796553 0.5
6 444.198 -82.2445 -10.993 0.5
6 432.85 -104.576 8.82901 0.5
6 360.727 -103.911 9.67776 0.5
6 438.247 -79.3506 -7.30784 0.5
6 411.324 -96.5679 14.4237 0.5
6 340.24 -80.5615 -9.14663 0.5
6 432.356 -78.3284 -5.05745 0.5
6 426.121 -107.379 1.46075 0.5
6 382.112 -106.118 6.17955 0.5
6 409.424 -77.8081 -3.25756 0.5
6 374.739 -77.8476 3.43015 0.5
6 393.496 -77.9413 -3.80741 0.5
6 352.892 -97.4511 14.1418 0.5
6 368.367 -94.0018 14.9195 0.5
6 399.656 -77.5615 1.82473 0.5
6 335.885 -83.4721 -12.0165 0.5
6 358.666 -96.1878 14.5268 0.5
6 432.111 -84.474 -12.7036 0.5
6 335.57 -107.086 3.28607 0.5
6 376.567 -95.2165 14.7427 0.5
6 413.374 -77.6332 -2.33679 0.5
6 436.52 -106.763 4.48695 0.5
6 369.727 -77.6895 -2.66907 0.5
6 349.736 -80.1034 8.51814 0.5
6 429.333 -105.326 -7.69445 0.5
6 440.389 -100.884 -12.4043 0.5
6 381.007 -87.9074 14.2956 0.5
6 356.91 -82.6699 -11.3731 0.5
6 436.132 -91.7542 14.9838 0.5
6 424.101 -106.826 -4.28211 0.5
6 363.201 -105.126 -8.01981 0.5
6 408.442 -81.8467 10.6099 0.5
6 370.215 -80.8141 -9.46596 0.5
6 389.963 -77.4511 -0.174442 0.5
6 436.331 -77.4608 0.566274 0.5
6 434.953 -106.956 3.81752 0.5
6 405.876 -106.795 4.38479 0.5
6 353.293 -105.767 -6.90451 0.5
6 407.59 -100.853 -12.4253 0.5
6 419.192 -78.99 6.62006 0.5
6 438.524 -102.188 11.4095 0.5
6 412.629 -82.9507 11.6087 0.5
6 376.818 -88.7274 14.5307 0.5
6 415.043 -107.177 2.84914 0.5
6 359.111 -107.437 -0.634585 0.5
6 443.47 -98.3127 -13.8069 0.5
6 335.95 -101.914 11.6373 0.5
6 374.037 -85.9823 13.534 0.5
6 359.481 -78.8175 6.25716 0.5
6 363.135 -93.4579 14.9661 0.5
6 443.264 -86.4477 -13.7467 0.5
6 429.464 -95.3059 14.7256 0.5
6 432.685 -106.229 -5.92826 0.5
6 375.072 -78.6513 -5.88157 0.5
6 403.449 -87.7947 14.2593 0.5
6 402.391 -84.0876 -12.4526 0.5
6 377.315 -77.9525 3.84953 0.5
6 364.743 -104.053 9.50697 0.5
6 367.667 -105.842 6.75791 0.5
6 344.811 -93.624 -14.954 0.5
6 345.552 -99.2234 13.3837 0.5
6 430.005 -81.055 9.7546 0.5
6 359.55 -77.5337 1.58187 0.5
6 376.507 -83.4042 11.9655 0.5
6 362.903 -89.9156 -14.7843 0.5
6 405.132 -88.6778 -14.5179 0.5
6 425.23 -81.3315 -10.0686 0.5
6 339.737 -79.6554 7.82915 0.5
6 437.172 -89.2603 14.6569 0.5
6 375.052 -104.218 9.30169 0.5
6 335.781 -94.7734 14.819 0.5
6 393.529 -92.0621 -14.995 0.5
6 402.68 -83.2695 11.8624 0.5
6 374.963 -105.074 -8.10139 0.5
6 380.866 -93.2378 14.9793 0.5
6 403.029 -86.1654 -13.6199 0.5
6 441.617 -101.401 -12.0367 0.5
6 441.971 -80.5338 -9.11058 0.5
6 394.123 -103.769 9.84299 0.5
6 365.01 -103.308 -10.3488 0.5
6 414.931 -78.6236 -5.81622 0.5
6 379.39 -107.431 -0.754135 0.5
6 423.771 -104.818 8.48764 0.5
6 406.132 -77.4732 -0.831825 0.5
6 433.942 -106.674 4.76364 0.5
6 368.593 -102.395 11.2293 0.5
6 411.751 -94.6055 -14.8443 0.5
6 348.408 -79.3187 7.25026 0.5
6 444.276 -95.2348 14.7392 0.5
6 434.424 -88.2681 -14.4052 0.5
6 411.224 -100.866 12.4164 0.5
6 366.432 -80.106 -8.52193 0.5
6 392.801 -107.039 -3.48733 0.5
6 412.387 -91.051 -14.9346 0.5
6 382.31 -79.3067 7.22845 0.5
6 388.92 -93.9326 14.9266 0.5
6 381.825 -99.9642 -12.9822 0.5
6 436.864 -106.057 -6.31256 0.5
6 341.993 -100.147 12.8749 0.5
6 366.281 -92.0688 -14.9952 0.5
6 337.319 -106.053 6.32071 0.5
6 359.281 -91.3604 14.9604 0.5
6 437.682 -90.8155 -14.9107 0.5
6 364.113 -91.7595 14.9841 0.5
6 346.981 -87.8413 -14.2744 0.5
6 397.43 -83.7736 -12.236 0.5
6 333.807 -107.435 -0.667034 0.5
6 406.748 -91.1906 -14.947 0.5
6 338.362 -107.394 -1.29778 0.5
6 349.443 -79.2241 -7.07633 0.5
6 427.025 -77.5847 -2.00485 0.5
6 359.268 -97.2682 -14.2051 0.5
6 423.386 -87.657 -14.2136 0.5
6 374.648 -107.416 1.00654 0.5
6 420.121 -96.4298 -14.4624 0.5
6 350.954 -78.3989 5.25019 0.5
6 340.175 -104.051 9.50849 0.5
6 362.017 -79.5766 7.69888 0.5
6 379.09 -78.6804 5.94946 0.5
6 411 -95.6463 14.6555 0.5
6 380.341 -91.3836 14.962 0.5
6 343.627 -95.3645 14.7141 0.5
6 389.483 -91.4307 -14.9653 0.5
6 416.41 -77.7044 2.75064 0.5
6 347.861 -83.1199 -11.7451 0.5
6 430.147 -106.765 4.48194 0.5
6 409.373 -93.4402 14.9673 0.5
6 352.327 -95.4315 14.7007 0.5
6 340.62 -101.462 -11.991 0.5
6 371.142 -97.6448 -14.0718 0.5
6 399.929 -100.971 12.3447 0.5
6 443.271 -90.7531 14.9037 0.5
6 415.884 -101.277 -12.1278 0.5
6 411.606 -81.0345 -9.73058 0.5
6 343.018 -78.6768 -5.94111 0.5
6 359.37 -103.095 -10.568 0.5
6 431.096 -92.0852 -14.9956 0.5
6 405.868 -103.313 -10.3444 0.5
6 372.116 -77.8055 -3.24612 0.5
6 340.04 -83.6479 12.1458 0.5
6 342.888 -78.3079 4.9998 0.5
6 388.463 -107.404 1.17171 0.5
6 409.53 -86.8703 13.9236 0.5
6 376.83 -93.0915 -14.9863 0.5
6 434.124 -80.3374 -8.84782 0.5
6 413.265 -102.168 11.4268 0.5
6 371.679 -79.5176 7.59931 0.5
6 365.18 -80.3382 -8.84889 0.5
6 415.427 -91.8056 -14.9861 0.5
6 385.388 -83.7153 12.1944 0.5
6 426.274 -77.5053 1.286 0.5
6 372.332 -93.7563 14.943 0.5
6 393.594 -78.5034 -5.52176 0.5
6 396.994 -77.4518 -0.224327 0.5
6 414.847 -106.981 -3.72003 0.5
6 353.124 -83.5287 12.0585 0.5
6 395.95 -93.1698 -14.9827 0.5
6 342.881 -79.865 8.16183 0.5
6 364.916 -79.3455 7.29859 0.5
6 405.123 -77.4534 -0.315516 0.5
6 389.517 -77.5047 -1.27889 0.5
6 365.751 -78.8671 6.36414 0.5
6 398.244 -98.3748 -13.7803 0.5
6 338.644 -78.3763 -5.18931 0.5
6 396.852 -78.3736 5.18201 0.5
6 395.278 -78.179 4.61914 0.5
6 371.713 -82.4954 -11.2207 0.5
7 447.299 -103.467 13.7158 0.5
7 454.198 -94.5658 2.57134 0.5
7 483.262 -144.755 1.46365 0.5
7 445.439 -88.9384 14.0572 0.5
7 463.001 -131.441 -13.3449 0.5
7 458.409 -127.598 -10.2405 0.5
7 472.26 -126.582 5.26432 0.5
7 484.346 -167.284 -13.8657 0.5
7 473.288 -157.398 0.530806 0.5
7 473.231 -136.019 13.6169 0.5
7 481.896 -168.208 10.3163 0.5
7 498.884 -195.285 -12.3305 0.5
7 480.984 -170.721 0.710167 0.5
7 493.68 -163.385 -4.39083 0.5
7 481.325 -146.76 -11.5519 0.5
7 457.18 -109.756 -14.2271 0.5
7 475.687 -156.518 -11.2208 0.5
7 499.006 -172.536 -4.13875 0.5
7 459.898 -129.065 11.3139 0.5
7 449.032 -109.721 -11.7499 0.5
7 481.867 -169.288 -8.97186 0.5
7 498.481 -173.515 -8.24595 0.5
7 451.425 -107.502 -14.7049 0.5
7 447.552 -92.7589 -14.1159 0.5
7 453.117 -97.8798 -11.5333 0.5
7 458.783 -102.79 -3.86088 0.5
7 469.252 -122.463 7.56095 0.5
7 473.536 -140.211 14.768 0.5
7 450.751 -101.71 14.9075 0.5
7 482.826 -155.768 -14.663 0.5
7 473.993 -130.272 -6.8233 0.5
7 445.663 -100.173 -13.9104 0.5
7 483.904 -174.699 5.6316 0.5
7 466.681 -121.64 11.7493 0.5
7 494.011 -192.472 4.92386 0.5
7 481.053 -144.25 9.50138 0.5
7 455.963 -126.687 4.57425 0.5
7 491.057 -174.567 -14.9363 0.5
7 478.452 -139.242 8.8501 0.5
7 446.312 -98.4191 14.7487 0.5
7 462.405 -113.514 11.1401 0.5
7 445.848 -81.0184 5.72893 0.5
7 450.336 -87.6559 -0.161624 0.5
7 471.52 -150.87 9.60161 0.5
7 489.4 -178.914 -12.2907 0.5
7 471.067 -130.766 12.8156 0.5
7 493.343 -165.613 9.59279 0.5
7 449.957 -109.729 12.8545 0.5
7 478.905 -138.399 6.02154 0.5
7 467.451 -117.336 -1.05934 0.5
7 485.571 -175.863 -8.75474 0.5
7 471.191 -124.388 -4.23807 0.5
7 470.194 -136.176 14.9745 0.5
7 483.247 -169.078 -11.6736 0.5
7 446.62 -107.938 9.3623 0.5
7 469.972 -123.319 -6.84797 0.5
7 465.726 -124.795 -14.3041 0.5
7 461.793 -109.474 7.4404 0.5
7 477.376 -148.23 14.947 0.5
7 453.688 -113.781 14.0246 0.5
7 496.659 -180.764 -14.8488 0.5
7 463.364 -118.869 13.5892 0.5
7 483.225 -173.256 6.24998 0.5
7 485.672 -165.628 14.8952 0.5
7 461.405 -117.142 14.2497 0.5
7 450.477 -97.9047 14.1445 0.5
7 450.934 -95.1212 12.311 0.5
7 459.755 -104.674 4.54359 0.5
7 473.448 -151.482 -12.1496 0.5
7 477.712 -138.592 9.65549 0.5
7 478.939 -141.157 -10.1543 0.5
7 477.389 -136.491 7.4465 0.5
7 493.172 -185.842 12.0053 0.5
7 485.515 -151.756 9.22146 0.5
7 458.482 -130.123 6.82386 0.5
7 471.841 -145.841 -13.7743 0.5
7 475.768 -161.412 2.94404 0.5
7 447.651 -109.055 10.1435 0.5
7 477.156 -141.489 12.9205 0.5
7 453.849 -120.454 -9.36758 0.5
7 457.206 -102.52 -8.95514 0.5
7 497.304 -192.428 12.4127 0.5
7 468.863 -142.434 12.8792 0.5
7 448.769 -111.902 -9.05243 0.5
7 474.256 -149.586 -13.9548 0.5
7 475.846 -139.92 13.309 0.5
7 470.884 -151.053 -7.80582 0.5
7 466.291 -129.783 -14.9914 0.5
7 461.74 -127.287 14.1841 0.5
7 448.07 -93.9149 14.2065 0.5
7 473.55 -132.439 10.7875 0.5
7 447.827 -96.0632 14.8308 0.5
7 475.772 -159.752 7.41168 0.5
7 478.935 -165.582 6.75542 0.5
7 446.531 -110.826 -2.66531 0.5
7 479.948 -168.944 -0.0847775 0.5
7 468.747 -120.151 -4.2231 0.5
7 465.855 -120.599 -12.0489 0.5
7 473.48 -133.665 11.9423 0.5
7 494.809 -187.279 12.9355 0.5
7 481.635 -142.857 -5.36479 0.5
7 460.17 -129.538 -11.313 0.5
7 460.723 -134.454 5.85806 0.5
7 482.493 -158.564 -14.9985 0.5
7 484.094 -148.163 7.5502 0.5
7 495.073 -181.709 -14.9179 0.5
7 469.636 -147.925 9.20673 0.5
7 494.386 -174.242 14.2412 0.5
7 453.137 -104.055 -14.5976 0.5
7 498.623 -200.733 -4.04848 0.5
7 489.303 -158.654 9.6384 0.5
7 477.638 -153.958 -14.4526 0.5
7 474.378 -133.656 10.5729 0.5
7 489.04 -184.562 -1.97136 0.5
7 475.908 -146.152 -14.979 0.5
7 454.958 -95.6679 0.49474 0.5
7 487.117 -171.639 -14.0411 0.5
7 446.064 -103.322 -12.6457 0.5
7 463.082 -134.758 11.1564 0.5
7 472.171 -125.56 1.60064 0.5
7 494.555 -175.92 14.6269 0.5
7 447.515 -92.3148 13.9736 0.5
7 464.087 -127.941 -14.9279 0.5
7 466.832 -119.278 -9.06854 0.5
7 470.654 -152.171 -4.45322 0.5
7 491.36 -160.908 -7.8172 0.5
7 458.227 -101.322 0.13333 0.5
7 452.403 -108.185 -14.8727 0.5
7 447.289 -91.5317 -13.814 0.5
7 496.81 -182.855 14.9971 0.5
7 462.168 -135.711 8.19683 0.5
7 456.432 -106.293 -13.3085 0.5
7 477.369 -137.563 -9.11382 0.5
7 477.153 -163.192 -5.14632 0.5
7 449.801 -103.279 14.9195 0.5
7 482.316 -170.524 8.32528 0.5
7 445.969 -97.3744 -14.8252 0.5
7 466.52 -122.922 12.8344 0.5
7 455.819 -125.856 6.09591 0.5
7 481.221 -169.014 -7.71258 0.5
7 469.222 -148.56 -7.13482 0.5
7 469.126 -139.993 14.2139 0.5
7 487.383 -181.338 3.77849 0.5
7 459.106 -104.793 7.39207 0.5
7 468.54 -145.255 -10.1218 0.5
7 464.552 -120.256 13.2553 0.5
7 462.477 -108.707 -0.839333 0.5
7 462.941 -109.596 -1.80746 0.5
7 498.422 -200.942 -0.0742439 0.5
7 444.762 -100.931 12.7321 0.5
7 469.76 -124.391 9.12132 0.5
7 447.517 -103.342 -13.9272 0.5
7 467.91 -141.792 12.221 0.5
7 484.423 -151.985 11.4338 0.5
7 447.447 -84.8165 7.76515 0.5
7 455.727 -116.703 14.2411 0.5
7 448.83 -92.4359 -12.9266 0.5
7 480.105 -151.887 14.8182 0.5
7 466.704 -116.138 -1.99436 0.5
7 489.729 -182.286 9.74893 0.5
7 459.972 -130.708 -9.79282 0.5
7 449.949 -96.5562 -13.9834 0.5
7 470.266 -134.578 14.7737 0.5
7 457.013 -99.8278 -4.22933 0.5
7 487.867 -153.889 -5.94484 0.5
7 468.738 -124.126 -10.808 0.5
7 480.503 -168.779 5.70252 0.5
7 473.798 -128.299 -0.484777 0.5
7 458.597 -112.724 -14.3888 0.5
7 457.207 -115.243 -14.9843 0.5
7 498.104 -199.098 -6.09103 0.5
7 483.041 -174.075 2.59513 0.5
7 464.627 -121.963 -13.9773 0.5
7 496.841 -197.949 2.75192 0.5
7 472.061 -149.81 -11.5855 0.5
7 475.806 -160.872 5.10981 0.5
7 466.168 -142.415 8.52879 0.5
7 483.897 -146.959 5.81993 0.5
7 485.969 -171 13.4564 0.5
7 473.165 -143.736 14.9207 0.5
7 476.113 -161.862 -3.60677 0.5
7 485.303 -154.266 -12.0345 0.5
7 472.279 -155.548 -1.83126 0.5
7 453.839 -93.7217 -0.0562847 0.5
7 462.084 -134.452 9.69077 0.5
7 470.758 -137.874 14.9992 0.5
7 486.555 -154.751 10.5757 0.5
7 481.64 -158.702 14.8882 0.5
7 499.034 -180.599 -13.5644 0.5
7 484.067 -166.204 -14.0969 0.5
7 482.983 -157.343 14.8845 0.5
7 461.115 -109.503 9.23462 0.5
7 490.234 -159.004 7.89105 0.5
7 492.507 -190.44 -2.76952 0.5
7 473.381 -144.496 -14.8759 0.5
7 471.145 -148.324 11.5031 0.5
8 540.324 -115.463 14.6168 0.5
8 521.561 -159.705 12.4439 0.5
8 516.976 -155.279 -14.4587 0.5
8 550.399 -86.443 -1.36018 0.5
8 528.052 -155.01 1.52351 0.5
8 520.705 -167.606 -2.48207 0.5
8 511.166 -165.605 -14.5291 0.5
8 513.055 -166.884 -14.9775 0.5
8 516.281 -152.48 12.6914 0.5
8 512.415 -169.382 14.8363 0.5
8 529.994 -147.232 -10.7043 0.5
8 529.276 -125.354 -8.11708 0.5
8 533.117 -141.026 11.4325 0.5
8 502.799 -190.145 13.6041 0.5
8 501.88 -191.454 13.7326 0.5
8 535.407 -113.304 5.26671 0.5
8 550.352 -91.6589 -11.3526 0.5
8 526.341 -143.769 -14.9828 0.5
8 523.256 -145.883 14.7884 0.5
8 536.37 -135.348 11.4681 0.5
8 536.742 -110.273 -2.65695 0.5
8 505.635 -165.472 -6.6527 0.5
8 516.433 -158.363 14.8855 0.5
8 547.375 -121.59 -0.92981 0.5
8 532.349 -143.182 -10.6757 0.5
8 555.189 -95.1626 -14.8555 0.5
8 517.189 -144.53 4.29497 0.5
8 530.19 -147.982 9.51437 0.5
8 526.184 -128.326 -0.290821 0.5
8 529.08 -124.432 5.69764 0.5
8 544.127 -126.586 4.39703 0.5
8 535.864 -111.75 -2.39381 0.5
8 530.739 -127.669 12.8341 0.5
8 506.119 -192.365 -4.56849 0.5
8 525.399 -133.993 10.5224 0.5
8 549.87 -87.894 -4.18648 0.5
8 509.445 -183.237 10.2826 0.5
8 539.455 -115.966 -14.3489 0.5
8 522.827 -142.56 -13.4809 0.5
8 501.263 -180.522 -13.7623 0.5
8 533.158 -125.278 -13.7627 0.5
8 506.873 -164.957 -9.24296 0.5
8 541.174 -118.95 14.9155 0.5
8 509.028 -161.567 -9.66544 0.5
8 540.685 -114.714 -14.5878 0.5
8 515.676 -171.764 -10.9614 0.5
8 506.947 -183.173 -13.5033 0.5
8 512.535 -154.439 8.25433 0.5
8 526.821 -130.825 -9.75444 0.5
8 519.216 -170.357 1.01877 0.5
8 536.355 -137.68 -9.0364 0.5
8 524.077 -134.965 8.99032 0.5
8 546.765 -119.308 -9.47078 0.5
8 510.493 -155.779 -2.88013 0.5
8 520.419 -160.199 -13.3232 0.5
8 521.051 -147.226 14.1465 0.5
8 513.268 -172.65 13.2902 0.5
8 509.085 -185.062 8.83546 0.5
8 508.567 -185.146 -9.85362 0.5
8 509.489 -169.866 -14.8111 0.5
8 537.251 -116.57 12.9412 0.5
8 507.035 -163.386 7.29824 0.5
8 523.44 -155.461 -13.0555 0.5
8 534.585 -119.313 11.6421 0.5
8 525.438 -130.141 3.93469 0.5
8 546.356 -95.0424 6.85599 0.5
8 544.404 -104.095 -12.8906 0.5
8 523.373 -160.036 9.20534 0.5
8 528.258 -124.865 -2.00722 0.5
8 511.218 -159.89 11.7261 0.5
8 515.118 -163.769 -14.9455 0.5
8 520.579 -161.85 12.1343 0.5
8 510.744 -182.761 7.98962 0.5
8 522.081 -141.823 -12.2857 0.5
8 545.197 -121.979 -9.5255 0.5
8 519.485 -140.076 2.11598 0.5
8 529.67 -124.092 -7.13751 0.5
8 515.384 -176.912 -1.87635 0.5
8 512.462 -155.28 9.24686 0.5
8 527.268 -148.546 -13.2128 0.5
8 529.64 -125.238 8.86734 0.5
8 529.687 -134.641 -14.7703 0.5
8 545.791 -101.629 12.853 0.5
8 507.086 -188.121 -9.36406 0.5
8 518.186 -171.175 -5.38752 0.5
8 506.877 -191.742 0.817513 0.5
8 506.505 -179.801 -14.808 0.5
8 549.852 -109.763 13.0284 0.5
8 505.793 -163.926 -2.90826 0.5
8 538.306 -130.07 -12.8469 0.5
8 541.475 -130.954 5.07445 0.5
8 525.412 -129.946 2.91176 0.5
8 548.714 -98.8855 -13.9883 0.5
8 518.886 -154.518 14.9302 0.5
8 529.448 -146.497 -12.1284 0.5
8 503.723 -189.355 13.198 0.5
8 538.107 -117.366 14.03 0.5
8 527.815 -136.466 14.4478 0.5
8 543.604 -98.7734 4.27494 0.5
8 551.442 -107.695 12.612 0.5
8 537.844 -120.398 14.7496 0.5
8 553.141 -92.9371 -14.5378 0.5
8 531.85 -147.991 3.90916 0.5
8 537.621 -114.471 11.9684 0.5
8 527.621 -149.679 12.115 0.5
8 534.74 -141.227 -7.94408 0.5
8 553.785 -81.6415 5.69722 0.5
8 504.069 -189.514 -12.7596 0.5
8 539.461 -112.518 12.8073 0.5
8 518.89 -159.499 -14.5759 0.5
8 549.669 -96.202 -13.5452 0.5
8 529.725 -150.348 -7.20031 0.5
8 516.567 -145.796 4.88184 0.5
8 524.991 -150.108 14.2386 0.5
8 540.669 -131.406 7.17655 0.5
8 539.617 -126.982 -13.3059 0.5
8 543.857 -109.934 -14.7403 0.5
8 515.278 -176.894 3.07606 0.5
8 553.362 -89.6969 13.493 0.5
8 530.205 -151.357 0.137092 0.5
8 509.546 -187.008 -1.98853 0.5
8 523.504 -162.104 -5.00732 0.5
8 525.557 -131.048 6.81753 0.5
8 536.245 -121.706 14.4025 0.5
8 527.834 -126.542 -5.58156 0.5
8 514.534 -178.445 1.29888 0.5
8 514.732 -159.074 14.4333 0.5
8 550.136 -89.7346 8.86251 0.5
8 500.853 -176.142 -10.1371 0.5
8 550.69 -104.277 14.6099 0.5
8 529.715 -122.397 -2.38256 0.5
8 516.851 -172.173 -8.00539 0.5
8 516.978 -144.375 1.77969 0.5
8 505.449 -173.066 -13.6718 0.5
8 536.525 -110.938 3.93609 0.5
8 515.982 -169.37 12.4431 0.5
8 522.54 -162.731 7.31173 0.5
8 515.534 -176.768 -0.175781 0.5
8 535.588 -131.666 14.2674 0.5
8 533.601 -141.895 9.72787 0.5
8 506.276 -162.846 1.11559 0.5
8 543.638 -108.134 -14.157 0.5
8 500.418 -201.085 -7.24593 0.5
8 537.221 -109.386 -2.30906 0.5
8 550.653 -92.7833 -12.587 0.5
8 546.741 -110.012 -14.8235 0.5
8 545.655 -116.855 -13.1281 0.5
8 516.398 -161.613 -14.94 0.5
8 550.695 -95.4798 -13.9988 0.5
8 539.061 -116.924 -14.4302 0.5
8 507.275 -175.707 14.9955 0.5
8 536.861 -126.211 -14.9363 0.5
8 528.241 -145.781 13.7385 0.5
8 525.545 -146.889 -14.7971 0.5
8 539.236 -135.681 -1.0275 0.5
8 528.179 -131.834 12.6674 0.5
8 518.565 -171.381 -2.03788 0.5
8 530.618 -144.116 12.3782 0.5
8 526.551 -136.598 -13.7083 0.5
8 506.057 -166.765 9.72595 0.5
8 552.979 -104.747 12.7919 0.5
8 541.833 -128.758 -8.23032 0.5
8 537.354 -109.581 -4.21791 0.5
8 516.064 -145.986 -2.00358 0.5
8 504.404 -171.073 -11.2041 0.5
8 505.979 -180.698 14.8101 0.5
8 532.956 -130.72 -14.9745 0.5
8 504.64 -165.707 1.43433 0.5
8 536.173 -130.552 -14.2993 0.5
8 546.357 -116.318 12.729 0.5
8 526.544 -155.63 -7.60164 0.5
8 504.376 -195.217 -5.05703 0.5
8 521.477 -147.845 -14.5539 0.5
8 541.534 -116.013 -14.9826 0.5
8 518.325 -162.899 -13.7637 0.5
8 508.012 -187.306 -8.27974 0.5
8 539.871 -127.883 -12.5169 0.5
8 539.417 -105.701 -2.97656 0.5
8 502.881 -197.163 6.58396 0.5
8 545.214 -101.697 -12.2434 0.5
8 525.536 -150.923 13.5294 0.5
8 547.105 -100.932 -13.6788 0.5
8 543.691 -117.642 14.2637 0.5
8 523.31 -136.233 -8.90846 0.5
8 513.525 -154.361 10.3167 0.5
8 539.532 -134.505 4.52363 0.5
8 515.38 -160.905 -14.9573 0.5
8 545.592 -108.228 14.9269 0.5
8 500.98 -193.974 -13.2685 0.5
8 539.597 -106.792 6.93801 0.5
8 517.259 -147.796 10.2127 0.5
8 514.921 -172.724 11.2755 0.5
8 519.867 -159.915 13.8946 0.5
8 538.1 -108.678 -5.37045 0.5
8 538.757 -123.713 14.8427 0.5
9 646.175 -83.6995 12.1831 0.5
9 602.541 -96.1782 14.5293 0.5
9 639.26 -97.423 -14.1517 0.5
9 565.645 -83.9684 -12.3718 0.5
9 569.922 -107.427 0.827708 0.5
9 573.715 -88.7306 14.5315 0.5
9 656.473 -105.495 7.40456 0.5
9 628.941 -105.534 -7.33633 0.5
9 599.392 -84.6601 -12.8186 0.5
9 657.878 -83.8697 -12.3035 0.5
9 558.861 -107.259 -2.38857 0.5
9 650.599 -107.449 -0.138183 0.5
9 632.706 -84.7262 -12.8585 0.5
9 628.204 -77.5542 -1.76382 0.5
9 593.347 -84.3482 12.6238 0.5
9 581.173 -81.1045 9.81211 0.5
9 664.388 -106.639 -4.8656 0.5
9 599.902 -103.967 9.61043 0.5
9 608.727 -106.771 4.46153 0.5
9 576.444 -84.8619 12.939 0.5
9 641.066 -84.837 12.9244 0.5
9 587.819 -107.449 -0.134559 0.5
9 640.585 -102.623 11.0233 0.5
9 570.077 -105.06 8.12413 0.5
9 572.88 -78.2955 -4.96477 0.5
9 641.494 -97.2247 -14.2198 0.5
9 627.392 -83.644 -12.143 0.5
9 645.205 -92.6297 14.9989 0.5
9 638.428 -82.834 11.5122 0.5
9 607.601 -87.978 -14.3178 0.5
9 610.903 -99.1081 13.4414 0.5
9 604.843 -85.6471 13.3686 0.5
9 561.815 -86.0934 13.5865 0.5
9 571.269 -91.5425 -14.9725 0.5
9 560.064 -98.1121 -13.8903 0.5
9 642.67 -97.7574 14.0297 0.5
9 559.679 -89.2355 14.6515 0.5
9 584.252 -77.4617 0.590501 0.5
9 565.897 -90.8517 -14.9146 0.5
9 562.394 -102.907 -10.7544 0.5
9 621.339 -83.804 -12.2574 0.5
9 640.93 -106.265 5.84319 0.5
9 584.725 -102.506 11.1297 0.5
9 635.035 -97.1666 -14.2392 0.5
9 582.531 -104.537 8.88311 0.5
9 655.017 -88.5834 -14.4931 0.5
9 641.772 -92.9798 14.9906 0.5
9 561.71 -107.436 -0.654324 0.5
9 591.083 -87.0428 -13.9915 0.5
9 664.465 -99.6139 -13.1787 0.5
9 627.978 -81.1152 -9.82451 0.5
9 571.103 -105.932 6.57542 0.5
9 651.781 -95.3247 14.722 0.5
9 639.197 -77.4809 -0.961468 0.5
9 583.858 -87.9659 14.314 0.5
9 607.906 -79.0518 6.74431 0.5
9 655.028 -79.2417 -7.10905 0.5
9 609.2 -105.701 7.0289 0.5
9 560.355 -97.8815 13.9821 0.5
9 611.531 -78.3661 5.16154 0.5
9 556.132 -81.2414 -9.96818 0.5
9 646.645 -106.871 4.12637 0.5
9 607.466 -84.7405 12.8671 0.5
9 653.964 -96.9911 -14.2961 0.5
9 629.013 -104.708 8.6455 0.5
9 590.784 -85.5173 -13.3017 0.5
9 556.004 -78.3085 -5.0015 0.5
9 645.468 -96.4542 14.4557 0.5
9 602.668 -88.5143 14.4744 0.5
9 644.242 -80.2195 8.68407 0.5
9 600.264 -102.264 -11.3439 0.5
9 607.851 -106.945 -3.86016 0.5
9 654.114 -104.827 -8.47409 0.5
9 572.97 -99.866 13.0385 0.5
9 567.377 -103.417 10.2338 0.5
9 579.004 -94.7104 14.8287 0.5
9 647.386 -79.5419 -7.64066 0.5
9 607.598 -89.1292 -14.6278 0.5
9 612.796 -81.6311 10.3899 0.5
9 559.058 -77.5124 -1.36548 0.5
9 600.462 -85.9484 -13.5177 0.5
9 662.981 -94.6034 -14.8446 0.5
9 650.888 -80.7615 9.40086 0.5
9 575.74 -91.9871 -14.9929 0.5
9 584.938 -90.0558 -14.8077 0.5
9 646.459 -81.7834 -10.5462 0.5
9 584.937 -82.4916 11.2173 0.5
9 611.818 -88.3796 -14.4371 0.5
9 632.775 -101.402 12.036 0.5
9 631.438 -100.217 -12.8327 0.5
9 628.937 -77.6398 2.37804 0.5
9 558.344 -106.711 4.65036 0.5
9 600.243 -91.8329 14.9873 0.5
9 644.575 -100.201 -12.842 0.5
9 597.306 -91.6394 -14.9781 0.5
9 631.257 -102.121 11.4666 0.5
9 624.717 -99.6742 13.1458 0.5
9 601.55 -96.3858 14.4745 0.5
9 601.604 -84.4526 12.6902 0.5
9 635.362 -84.0824 12.4491 0.5
9 654.11 -107.447 -0.318541 0.5
9 598.82 -107.177 2.85025 0.5
9 641.16 -97.2715 14.204 0.5
9 607.601 -107.408 1.12659 0.5
9 649.798 -99.0161 13.4866 0.5
9 591.992 -103.006 10.6572 0.5
9 638.924 -77.6788 -2.60954 0.5
9 641.603 -90.748 -14.9031 0.5
9 641.683 -81.7198 10.4815 0.5
9 642.86 -85.7988 -13.4447 0.5
9 592.695 -102.87 -10.7898 0.5
9 633.494 -107.433 0.719337 0.5
9 626.471 -78.3719 -5.17735 0.5
9 657.909 -90.9395 14.9237 0.5
9 643.751 -93.2382 -14.9793 0.5
9 607.253 -82.2677 11.0145 0.5
9 566.46 -96.2379 14.5139 0.5
9 616.678 -83.9624 12.3677 0.5
9 586.847 -86.4546 -13.7497 0.5
9 620.901 -77.7269 2.86818 0.5
9 644.752 -102.157 -11.4357 0.5
9 630.113 -100.595 -12.5962 0.5
9 624.531 -100.851 12.4268 0.5
9 604.45 -106.938 -3.88693 0.5
9 605.614 -106.229 5.9272 0.5
9 601.294 -79.4597 -7.50003 0.5
9 631.295 -102.833 -10.8255 0.5
9 589.821 -101.119 12.241 0.5
9 604.479 -103.378 -10.2752 0.5
9 563.835 -87.7763 14.2533 0.5
9 576.283 -86.3091 -13.6853 0.5
9 635.073 -87.1131 -14.0184 0.5
9 641.901 -86.4881 13.7643 0.5
9 636.746 -94.5065 -14.8584 0.5
9 600.556 -90.8034 14.9093 0.5
9 614.993 -100.736 -12.5035 0.5
9 660.867 -105.39 -7.58695 0.5
9 616.347 -107.45 -0.103639 0.5
9 597.904 -103.178 10.4843 0.5
9 617.508 -103.881 9.7127 0.5
9 628.311 -106.657 -4.812 0.5
9 600.47 -95.7783 14.6261 0.5
9 585.253 -106.545 5.13276 0.5
9 613.559 -95.8209 14.6163 0.5
9 650.31 -103.694 9.92892 0.5
9 584.884 -77.7935 -3.19141 0.5
9 623.163 -96.3033 -14.4966 0.5
9 606.631 -93.5604 -14.9589 0.5
9 648.848 -87.3945 -14.1224 0.5
9 665.39 -103.876 9.71851 0.5
9 603.034 -98.6075 -13.678 0.5
9 599.182 -77.5854 -2.01032 0.5
9 584.11 -90.34 14.8508 0.5
9 584.797 -105.658 7.11079 0.5
9 664.911 -100.976 12.3414 0.5
9 566.15 -105.528 7.34714 0.5
9 581.155 -84.0348 12.4171 0.5
9 579.975 -98.14 -13.8789 0.5
9 579.87 -78.0293 -4.12809 0.5
9 578.741 -77.5191 1.43729 0.5
9 616.221 -106.679 4.74659 0.5
9 616.785 -78.6925 -5.97731 0.5
9 656.104 -107.449 0.168269 0.5
9 566.18 -88.4243 -14.4497 0.5
9 587.667 -106.418 -5.46769 0.5
9 615.325 -94.7795 14.818 0.5
9 561.354 -98.2029 -13.853 0.5
9 648.608 -95.9986 14.5742 0.5
9 606.393 -90.6087 14.8865 0.5
9 629.558 -83.8963 12.322 0.5
9 588.112 -80.1158 -8.53611 0.5
9 610.081 -107.413 -1.04833 0.5
9 620.895 -88.8556 14.563 0.5
9 576.238 -77.7224 -2.84509 0.5
9 639.798 -94.7795 -14.818 0.5
9 638.147 -97.7778 14.022 0.5
9 655.759 -101.299 -12.1119 0.5
9 556.367 -107.37 -1.54682 0.5
9 637.48 -90.1616 -14.8244 0.5
9 585.861 -77.6047 -2.1484 0.5
9 662.141 -107.205 -2.70265 0.5
9 665.201 -77.5861 2.01516 0.5
9 611.005 -92.2975 14.9992 0.5
9 612.247 -90.713 -14.8991 0.5
9 649.57 -78.5862 5.72642 0.5
9 636.033 -104.772 8.55468 0.5
9 666.039 -80.5484 9.12957 0.5
9 631.823 -96.8269 14.3473 0.5
9 561.623 -105 8.21531 0.5
9 641.839 -103.035 10.6287 0.5
9 581.165 -98.43 -13.7565 0.5
9 633.689 -80.751 9.38784 0.5
9 594.512 -78.7437 -6.09392 0.5
9 561.214 -77.6393 2.37508 0.5
9 609.895 -77.9414 3.80765 0.5
9 623.722 -82.785 -11.4711 0.5
9 640.86 -82.4325 -11.1646 0.5
9 599.097 -86.3661 -13.7108 0.5
9 573.176 -84.5918 -12.7768 0.5
10 619.347 -18.3839 12.7548 0.5
10 633.433 -43.5527 -12.2439 0.5
10 614.338 -16.1387 -4.45138 0.5
10 614.987 -13.7027 -10.4458 0.5
10 662.821 -99.6315 -5.7782 0.5
10 616.924 -6.33888 -14.9999 0.5
10 634.488 -22.8283 5.66977 0.5
10 617.723 -9.09452 14.9329 0.5
10 659.983 -95.8419 0.974681 0.5
10 663.221 -95.1008 -12.2766 0.5
10 662.627 -95.9932 10.6722 0.5
10 638.111 -35.748 -13.1363 0.5
10 660.637 -81.3788 14.9869 0.5
10 624.235 -27.7944 -12.1198 0.5
10 666.072 -82.3749 -11.9661 0.5
10 630.288 -14.5628 -1.90798 0.5
10 612.127 12.4292 10.7964 0.5
10 636.899 -52.0815 -9.98843 0.5
10 621.246 -4.33013 11.6504 0.5
10 652.381 -81.8502 -4.9968 0.5
10 614.921 -17.4322 3.40908 0.5
10 648.826 -73.4903 -9.07746 0.5
10 614.271 -5.15164 14.5971 0.5
10 662.269 -92.7854 12.7189 0.5
10 628.046 -34.4408 -12.0862 0.5
10 666.1 -103.753 8.60647 0.5
10 656.27 -76.6518 -14.8365 0.5
10 665.695 -100.617 -11.3121 0.5
10 644.719 -50.9038 -14.5782 0.5
10 663.443 -96.3358 11.6326 0.5
10 660.421 -86.2711 14.2646 0.5
10 663.9 -83.9027 -14.5223 0.5
10 664.555 -84.5624 14.3911 0.5
10 663.849 -101.73 -4.95121 0.5
10 654.166 -84.4934 6.11779 0.5
10 622.332 -5.63391 -11.1566 0.5
10 661.243 -72.6929 -10.8442 0.5
10 649.144 -76.7293 3.31624 0.5
10 650.789 -57.6466 13.1024 0.5
10 628.469 -18.2509 -12.6637 0.5
10 660.646 -88.1867 13.6745 0.5
10 655.009 -58.7921 -6.60665 0.5
10 648.679 -64.1281 -14.7298 0.5
10 617.268 -12.0018 14.102 0.5
10 628.969 -14.0766 7.34455 0.5
10 629.349 -29.3849 14.9176 0.5
10 617.331 -16.4244 11.668 0.5
10 638.446 -37.0227 13.4958 0.5
10 651.013 -75.1707 11.3275 0.5
10 650.612 -49.8186 2.28838 0.5
10 615.348 -5.71527 -14.8449 0.5
10 618.826 -24.5877 -0.00367202 0.5
10 632.28 -18.303 -3.49591 0.5
10 656.473 -87.8519 7.38313 0.5
10 638.961 -59.1982 -2.79986 0.5
10 646.887 -69.7411 -9.56917 0.5
10 630.268 -18.876 -10.6822 0.5
10 620.656 0.0299313 7.84223 0.5
10 630.078 -38.8677 11.3641 0.5
10 646.679 -68.2659 -10.775 0.5
10 657.145 -63.2316 7.94084 0.5
10 639.659 -60.6686 0.244926 0.5
10 642.097 -40.1224 -11.3811 0.5
10 615.804 3.01957 13.0628 0.5
10 650.135 -51.9509 -9.17631 0.5
10 612.522 -8.48086 11.3463 0.5
10 645.642 -62.9402 -13.3154 0.5
10 663.969 -98.1648 -10.8208 0.5
10 625.45 -6.83954 4.77145 0.5
10 651.072 -62.2659 -14.6604 0.5
10 664.412 -76.4074 -8.81325 0.5
10 616.609 9.20195 1.22617 0.5
10 659.118 -94.3674 0.472547 0.5
10 624.155 -6.22997 8.15701 0.5
10 656.481 -66.0104 -12.1495 0.5
10 622.336 -10.0751 13.9186 0.5
10 653.888 -79.3157 -12.0014 0.5
10 651.464 -76.4791 10.8468 0.5
10 614.194 7.06065 -12.2722 0.5
10 611.449 -7.8514 -10.1534 0.5
10 663.54 -72.9571 5.17768 0.5
10 656.246 -59.4596 1.32003 0.5
10 636.828 -49.9955 -11.8255 0.5
10 656.384 -89.4939 -2.08858 0.5
10 628.354 -20.0314 13.7214 0.5
10 632.126 -47.1458 3.75638 0.5
10 644.297 -38.7055 -0.180107 0.5
10 643.387 -66.0185 -5.66232 0.5
10 616.397 1.77676 -13.1819 0.5
10 642.154 -62.3196 8.54745 0.5
10 615.589 -10.6662 -13.4275 0.5
10 612.906 -13.2797 5.52477 0.5
10 629.97 -43.8429 -1.1805 0.5
10 620.184 0.0710343 8.98575 0.5
10 629.968 -26.3175 -14.7785 0.5
10 623.735 -15.9155 -14.8416 0.5
10 652.989 -69.5287 -14.9803 0.5
10 657.753 -62.2237 2.51206 0.5
10 652.866 -57.7543 10.4173 0.5
10 656.525 -65.203 11.4577 0.5
10 653.337 -57.3162 8.93897 0.5
10 643.942 -40.8454 -8.66556 0.5
10 625.969 -36.9002 1.32698 0.5
10 663.763 -99.5521 -8.82198 0.5
10 636.207 -35.2994 14.3425 0.5
10 624.957 -8.458 9.32618 0.5
10 624.032 -7.60544 -10.1997 0.5
10 613.279 -4.45714 14.3165 0.5
10 615.286 10.5053 5.48238 0.5
10 626.845 -38.0142 3.69878 0.5
10 663.649 -100.019 7.82671 0.5
10 631.252 -28.8131 -14.823 0.5
10 623.112 -3.9588 -7.3926 0.5
10 630.464 -43.4243 6.15613 0.5
10 624.952 -24.0248 -14.5035 0.5
10 612.642 -12.0336 7.2035 0.5
10 654.542 -59.5692 9.15713 0.5
10 619.936 -16.1078 14.2781 0.5
10 645.228 -68.5709 7.02575 0.5
10 649.787 -74.493 -9.88733 0.5
10 648.154 -58.2874 14.8525 0.5
10 656.061 -86.9119 7.7696 0.5
10 629.288 -22.398 -14.0287 0.5
10 643.033 -39.8497 -9.42992 0.5
10 658.945 -90.9273 9.19449 0.5
10 647.312 -61.4951 -14.7785 0.5
10 646.176 -49.4059 -12.9596 0.5
10 638.661 -28.9947 1.23851 0.5
10 622.44 -2.51985 6.88421 0.5
10 646.466 -56.5715 -14.9736 0.5
10 664.932 -75.1473 -4.53363 0.5
10 666.41 -85.0727 -13.302 0.5
10 616.972 -21.3085 -1.43253 0.5
10 614.228 -14.5012 7.69276 0.5
10 646.271 -53.7863 -14.6241 0.5
10 665.834 -105.877 -1.97117 0.5
10 613.132 -3.5207 -14.5119 0.5
10 656.915 -60.7254 -2.22826 0.5
10 645.084 -57.1022 14.8614 0.5
10 658.71 -92.9276 4.65871 0.5
10 645.701 -47.4295 -12.2136 0.5
10 632.126 -36.6867 14.4394 0.5
10 614.359 -16.7697 1.55095 0.5
10 629.728 -20.3467 12.61 0.5
10 617.317 -7.23612 14.9977 0.5
10 666.582 -81.7719 10.6804 0.5
10 639.305 -45.9895 -14.971 0.5
10 640.455 -47.8203 -14.9802 0.5
10 653.687 -83.6931 -6.05189 0.5
10 664.031 -86.2813 -14.9141 0.5
10 623.094 -30.2125 7.06433 0.5
10 660.558 -95.5411 6.17226 0.5
10 634.551 -39.8043 -14.701 0.5
10 664.081 -99.6268 9.44117 0.5
10 611.225 -11.2034 2.55269 0.5
10 617.096 3.62648 -10.9813 0.5
10 626.374 -36.4959 -5.79716 0.5
10 638.042 -49.365 -13.5215 0.5
10 623.077 -8.50023 12.3937 0.5
10 644.397 -38.9067 0.916626 0.5
10 639.568 -56.8039 9.87695 0.5
10 645.854 -70.7103 4.49967 0.5
10 626.99 -37.4031 6.16298 0.5
10 618.309 -23.3561 3.1594 0.5
10 621.47 -9.21622 14.1593 0.5
10 658.138 -80.8224 14.6669 0.5
10 646.317 -68.5011 -9.86784 0.5
10 618.61 -7.53613 14.906 0.5
11 658.547 93.2768 -13.0813 0.5
11 637.401 41.2589 -12.6556 0.5
11 665.115 112.212 1.72514 0.5
11 652.099 71.9846 14.7394 0.5
11 643.11 48.3896 10.3999 0.5
11 649.705 85.1234 -3.83659 0.5
11 657.924 73.0187 9.21046 0.5
11 623.275 37.3758 -8.24211 0.5
11 646.046 54.8911 -11.6955 0.5
11 651.938 60.8037 -6.14039 0.5
11 643.687 66.1532 13.767 0.5
11 626.596 15.5992 -0.341011 0.5
11 646.666 58.27 -13.2202 0.5
11 628.284 18.6107 1.65106 0.5
11 655.322 88.1048 12.8403 0.5
11 647.876 64.2806 14.6606 0.5
11 633.753 35.0451 12.7215 0.5
11 623.381 24.161 -14.975 0.5
11 633.198 56.5272 3.85083 0.5
11 649.248 60.3643 -11.6357 0.5
11 649.535 78.5966 12.5147 0.5
11 640.356 66.1861 -9.31396 0.5
11 666.341 84.6695 -2.63321 0.5
11 651.36 77.737 14.3856 0.5
11 639.372 45.6148 -13.2079 0.5
11 613.686 -6.65755 1.79987 0.5
11 620.826 35.0748 -3.94331 0.5
11 613.77 8.21326 -14.9991 0.5
11 642.937 55.1952 -14.5353 0.5
11 656.574 73.2709 11.8096 0.5
11 628.545 43.8816 -11.2598 0.5
11 643.511 70.4956 -10.6114 0.5
11 665.922 87.5477 10.0195 0.5
11 624.831 13.8456 -6.12448 0.5
11 635.756 60.4195 5.49237 0.5
11 638.988 38.0636 5.39848 0.5
11 630.226 42.5293 -13.8968 0.5
11 625.186 36.8388 -12.2298 0.5
11 641.336 41.4706 -3.19881 0.5
11 634.16 55.354 -9.43975 0.5
11 664.103 82.3802 -7.16372 0.5
11 612.778 -7.97821 3.26246 0.5
11 658.207 100.226 -1.90524 0.5
11 641.415 71.2616 0.14599 0.5
11 636.629 61.7848 -5.85354 0.5
11 642.874 67.28 -12.3666 0.5
11 655.531 66.0803 3.2983 0.5
11 664.54 94.9337 -14.9361 0.5
11 639.229 55.6404 14.6625 0.5
11 611.463 16.791 8.43042 0.5
11 658.913 78.3939 -12.5758 0.5
11 653.691 67.2437 -10.9211 0.5
11 661.849 90.1476 -14.9239 0.5
11 646.665 66.7223 -14.9376 0.5
11 665.853 105.879 -13.1106 0.5
11 623.699 34.3258 12.1852 0.5
11 631.785 38.6343 14.97 0.5
11 621.7 24.0143 -14.8793 0.5
11 643.466 49.0341 -10.4294 0.5
11 666.138 86.928 8.78684 0.5
11 631.422 53.6877 -2.82051 0.5
11 643.859 58.4594 -14.8611 0.5
11 664.373 96.3893 -14.9956 0.5
11 664.32 95.8922 14.9999 0.5
11 625.827 28.4072 14.9755 0.5
11 642.256 60.2776 -14.7802 0.5
11 616.984 9.3524 -14.2792 0.5
11 618.91 2.62654 -3.18813 0.5
11 655.046 89.295 -11.6718 0.5
11 651.343 75.8353 14.8106 0.5
11 656.364 74.3446 -12.8065 0.5
11 642.313 62.5495 -14.2344 0.5
11 616.689 -0.931775 -4.30698 0.5
11 630.455 30.5923 13.4265 0.5
11 639.29 54.2408 -14.908 0.5
11 647.871 77.359 -11.2572 0.5
11 655.101 79.8113 -14.9992 0.5
11 641.395 52.8477 14.6143 0.5
11 652.946 85.6438 11.6826 0.5
11 639.624 57.2747 -14.4247 0.5
11 658.901 80.2544 -13.615 0.5
11 635.639 33.48 -7.85479 0.5
11 628.89 49.1765 -3.41165 0.5
11 651.059 83.5724 10.6071 0.5
11 614.816 -1.98708 -8.75564 0.5
11 647.695 52.6045 3.70085 0.5
11 629.365 40.9342 -13.9383 0.5
11 618.144 2.4412 -6.50665 0.5
11 617.591 11.1442 -14.4962 0.5
11 640.028 66.3852 -8.25362 0.5
11 631.604 46.7787 12.9853 0.5
11 624.356 24.8192 14.8797 0.5
11 649.7 80.0781 -11.6361 0.5
11 630.601 24.1274 6.73051 0.5
11 625.305 29.3576 -14.9667 0.5
11 658.286 84.8029 -14.9845 0.5
11 629.746 21.1742 1.92005 0.5
11 663.833 108.698 6.31366 0.5
11 662.215 89.8459 14.7995 0.5
11 666.247 84.4213 2.10206 0.5
11 647.556 65.5409 14.9383 0.5
11 659.62 97.5515 -11.3929 0.5
11 654.658 64.6086 -3.47898 0.5
11 621.737 14.5261 12.9004 0.5
11 621.758 36.8474 -3.30336 0.5
11 632.433 26.6711 5.29368 0.5
11 611.62 4.18114 14.9925 0.5
11 633.702 28.3147 -3.48884 0.5
11 612.164 -8.29799 5.64674 0.5
11 627.381 46.5258 -3.56296 0.5
11 614.379 -5.54046 -0.842203 0.5
11 634.699 55.3208 10.5216 0.5
11 658.876 74.6639 -9.20595 0.5
11 653.69 91.6163 -5.13817 0.5
11 644.768 47.8269 4.7044 0.5
11 611.205 -0.491062 14.3314 0.5
11 631.446 48.4237 -11.6676 0.5
11 643.793 53.4506 -13.3031 0.5
11 647.83 80.7725 -6.74376 0.5
11 649.453 71.4722 -14.9446 0.5
11 656.307 76.846 -14.0656 0.5
11 625.701 38.5621 -11.5945 0.5
11 618.575 6.80361 -11.2705 0.5
11 642.068 56.8004 14.9882 0.5
11 651.93 63.1997 -9.89231 0.5
11 640.065 50.5648 -14.6189 0.5
11 624.916 12.6983 -0.615585 0.5
11 637.766 63.7785 5.7919 0.5
11 635.047 30.4365 2.46309 0.5
11 665.467 104.622 -13.4201 0.5
11 640.89 44.1112 9.93107 0.5
11 613.183 18.0271 10.5501 0.5
11 647.239 51.6808 -3.12797 0.5
11 651.013 84.3494 9.67517 0.5
11 649.467 74.7556 -14.2947 0.5
11 617.847 14.2713 -14.9543 0.5
11 648.785 82.0903 -7.37481 0.5
11 627.494 45.7206 6.39329 0.5
11 638.287 55.2704 14.3323 0.5
11 657.499 99.1188 0.253606 0.5
11 615.943 22.049 11.2639 0.5
11 665.14 82.8389 -3.77768 0.5
11 657.555 69.2352 0.707737 0.5
11 666.397 109.624 11.0989 0.5
11 613.147 -5.06657 -8.48687 0.5
11 640.876 40.512 2.33309 0.5
11 613.647 23.1208 1.18476 0.5
11 663.266 105.256 -10.0377 0.5
11 617.738 27.9736 -7.94922 0.5
11 641.056 59.8239 -14.4051 0.5
11 618.751 25.907 12.0745 0.5
11 659.167 72.1461 2.01269 0.5
11 647.924 80.429 7.6667 0.5
11 621.9 18.3856 -14.4354 0.5
11 611.55 18.5918 5.23618 0.5
11 612.639 14.6492 12.5424 0.5
11 641.661 50.9151 -13.8443 0.5
11 636.54 57.5031 11.4546 0.5
11 649.736 85.3642 3.03584 0.5
11 623.76 22.4971 -14.6576 0.5
11 629.03 27.9174 13.3216 0.5
11 616.122 4.20425 -12.528 0.5
11 616.355 18.8501 -13.7507 0.5
11 651.143 58.9353 4.89888 0.5
11 645.083 77.6079 -0.478142 0.5
11 622.214 37.7673 -2.66225 0.5
11 658.78 75.7151 10.5888 0.5
12 680.746 86.1518 -5.76429 0.5
12 726.988 93.1416 -13.3403 0.5
12 740.463 106.516 13.5106 0.5
12 760.062 109.935 -11.2385 0.5
12 698.91 106.893 13.3224 0.5
12 696.079 90.434 11.5538 0.5
12 666.868 114.373 -4.29065 0.5
12 700.863 94.3662 13.9018 0.5
12 696.692 85.3265 3.11242 0.5
12 748.785 93.4191 -13.4793 0.5
12 718.972 103.723 -14.5307 0.5
12 728.38 93.8565 13.6842 0.5
12 707.987 89.4139 10.6271 0.5
12 757.853 97.9325 -14.8568 0.5
12 776.62 85.4155 3.50589 0.5
12 685.844 93.8647 13.6879 0.5
12 750.345 98.5109 14.9259 0.5
12 673.525 91.0531 12.0396 0.5
12 699.436 112.649 8.06172 0.5
12 761.493 100.4 14.9947 0.5
12 761.534 92.4672 -12.9714 0.5
12 769.547 85.9642 -5.2912 0.5
12 731.54 114.406 4.17894 0.5
12 757.403 85.2638 -2.80081 0.5
12 758.052 86.7708 -7.07017 0.5
12 734.265 89.6716 10.8777 0.5
12 711.071 110.386 -10.8227 0.5
12 735.826 102.398 -14.807 0.5
12 736.329 86.31 6.13063 0.5
12 686.437 98.8988 14.9595 0.5
12 720.535 104.7 14.2447 0.5
12 704.519 87.5956 8.43393 0.5
12 719.728 96.5081 -14.5879 0.5
12 760.651 87.9574 8.94286 0.5
12 743.731 114.588 -3.49067 0.5
12 754.215 87.0008 -7.48469 0.5
12 685.332 114.587 -3.49637 0.5
12 765.482 94.676 14.0234 0.5
12 718.002 114.071 5.19686 0.5
12 769.445 114.023 5.32455 0.5
12 695.625 90.4697 -11.5833 0.5
12 769.645 114.919 -1.55826 0.5
12 774.384 96.6918 -14.6307 0.5
12 702.796 87.9736 -8.9647 0.5
12 747.843 107.059 13.2352 0.5
12 698.163 114.594 3.4642 0.5
12 757.292 94.2995 13.8746 0.5
12 691.746 95.3705 14.2677 0.5
12 670.276 85.1173 -1.8723 0.5
12 737.838 99.9682 -15 0.5
12 715.34 113.763 -5.96542 0.5
12 737.898 95.9435 14.4411 0.5
12 774.501 87.6824 -8.56025 0.5
12 740.261 86.3313 6.17788 0.5
12 708.934 88.0856 9.11296 0.5
12 773.178 114.924 -1.51185 0.5
12 676.602 103.812 14.5076 0.5
12 776.075 89.5461 10.7571 0.5
12 734.75 114.732 -2.82376 0.5
12 754.549 96.5251 -14.5919 0.5
12 754.906 89.1194 10.3253 0.5
12 750.087 114.723 2.87132 0.5
12 678.214 86.2153 -5.91465 0.5
12 675.261 88.8796 -10.0666 0.5
12 752.332 86.3358 6.18787 0.5
12 678.1 112.372 8.48169 0.5
12 724.32 106.735 13.4031 0.5
12 738.101 109.75 -11.3988 0.5
12 713.912 112.552 -8.21229 0.5
12 707.177 110.54 10.6725 0.5
12 735.013 112.65 8.06036 0.5
12 722.422 97.2624 -14.7481 0.5
12 739.131 93.3922 -13.4661 0.5
12 760.817 114.768 2.6265 0.5
12 675.339 98.0718 -14.8755 0.5
12 685.775 106.404 13.5641 0.5
12 774.839 114.617 -3.36625 0.5
12 672.209 107.342 13.0806 0.5
12 707.963 92.2346 -12.8335 0.5
12 745.11 104.697 -14.2457 0.5
12 677.442 87.3771 -8.10328 0.5
12 685.487 108.361 12.4539 0.5
12 751.441 105.928 -13.7789 0.5
12 673.521 105.34 14.0171 0.5
12 724.836 90.0224 -11.2003 0.5
12 762.605 87.4443 -8.207 0.5
12 762.105 90.4927 -11.6022 0.5
12 746.134 86.663 -6.86482 0.5
12 720.29 106.353 13.588 0.5
12 757.037 114.63 -3.3093 0.5
12 743.783 88.9351 10.1276 0.5
12 758.479 114.957 1.13852 0.5
12 690.093 108.329 -12.4752 0.5
12 675.008 91.6867 -12.4855 0.5
12 682.765 92.4932 -12.9864 0.5
12 668.926 112.709 -7.96708 0.5
12 752.632 85.0085 -0.503862 0.5
12 673.194 112.917 7.62609 0.5
12 734.015 109.085 -11.936 0.5
12 724.87 104.328 -14.362 0.5
12 727.759 104.201 -14.3996 0.5
12 717.638 114.695 -3.01092 0.5
12 707.23 96.4719 -14.5792 0.5
12 761.727 113.992 5.40562 0.5
12 713.719 102.389 -14.8085 0.5
12 676.893 109.518 -11.5934 0.5
12 761.943 103.375 14.6153 0.5
12 679.672 114.865 2.00682 0.5
12 702.369 100.576 -14.989 0.5
12 695.634 103.347 14.6217 0.5
12 740.268 91.7221 -12.509 0.5
12 671.669 85.6922 4.50421 0.5
12 741.037 113.017 -7.45432 0.5
12 699.914 114.537 3.6968 0.5
12 725.945 86.1809 5.8337 0.5
12 681.272 104.196 -14.4013 0.5
12 748.424 112.058 -8.92229 0.5
12 713.212 86.6982 6.93273 0.5
12 762.038 86.3574 6.23536 0.5
12 692.565 98.2084 14.8926 0.5
12 724.759 109.603 -11.5228 0.5
12 727.81 103.218 -14.6507 0.5
12 753.814 86.3385 -6.19379 0.5
12 673.558 93.9868 13.742 0.5
12 671.485 85.007 -0.45826 0.5
12 693.971 92.9777 -13.2547 0.5
12 712.355 114.617 3.36638 0.5
12 711.115 111.883 9.1533 0.5
12 761.333 86.6496 -6.83867 0.5
12 773.886 101.26 14.947 0.5
12 731.277 114.799 -2.44966 0.5
12 765.139 114.638 -3.27711 0.5
12 691.838 105.398 13.9951 0.5
12 749.513 87.0435 7.55839 0.5
12 770.978 90.3298 -11.4668 0.5
12 671.643 101.05 14.9632 0.5
12 750.723 85.1613 -2.19404 0.5
12 711.208 113.045 7.40421 0.5
12 719.902 112.489 -8.30837 0.5
12 746.236 100.505 -14.9915 0.5
12 685.407 113.55 -6.43352 0.5
12 759.478 85.0002 -0.07476 0.5
12 695.048 114.968 0.985214 0.5
12 757.945 92.889 13.2073 0.5
12 668.367 107.245 -13.1341 0.5
12 730.091 114.95 1.2185 0.5
12 753.741 101.549 -14.9198 0.5
12 768.359 87.3002 7.98219 0.5
12 678.884 88.4734 -9.5988 0.5
12 721.009 86.0172 5.42966 0.5
12 765.051 107.71 -12.867 0.5
12 762.145 110.282 10.9214 0.5
12 686.966 110.809 10.4005 0.5
12 775.535 94.9808 -14.1353 0.5
12 676.87 107.985 12.6979 0.5
12 722.278 108.442 12.3987 0.5
12 700.46 114.968 0.974776 0.5
12 712.133 113.23 -7.0683 0.5
12 758.544 87.2842 7.95659 0.5
12 755.361 85.5463 4.0112 0.5
12 768.091 99.5431 -14.993 0.5
12 749.225 99.4057 14.9882 0.5
12 667.4 98.0464 14.8722 0.5
12 739.486 105.284 14.0386 0.5
12 766.759 114.343 4.39068 0.5
12 756.278 85.2514 2.73481 0.5
12 696.702 109.912 -11.2582 0.5
12 672.656 104.166 -14.4098 0.5
12 671.006 85.116 1.86219 0.5
12 701.205 91.1216 12.0902 0.5
12 708.395 100.718 14.9828 0.5
12 706.789 102.462 14.7966 0.5
12 690.097 89.0847 -10.2886 0.5
12 752.083 102.946 -14.7079 0.5
12 761.641 97.7624 -14.8322 0.5
12 755.297 100.34 -14.9961 0.5
12 758.875 85.1178 -1.87605 0.5
12 758.777 114.824 2.2912 0.5
12 723.52 112.119 8.83878 0.5
12 670.871 86.2978 -6.1032 0.5
12 772.447 106.598 13.471 0.5
12 693.698 110.154 -11.0402 0.5
12 672.144 113.794 5.89177 0.5
12 671.156 96.4071 -14.5634 0.5
12 725.791 113.726 6.05027 0.5
12 747.266 86.1207 -5.68895 0.5
12 686.447 88.8922 10.0805 0.5
13 826.796 29.9352 2.19775 0.5
13 798.15 58.2487 -13.5349 0.5
13 786.986 72.0221 -8.9624 0.5
13 785.851 100.805 2.51255 0.5
13 798.957 72.954 11.494 0.5
13 781.929 80.102 -7.96967 0.5
13 817.888 18.2348 -8.59586 0.5
13 783.047 103.182 8.57495 0.5
13 832.609 5.08243 -14.9999 0.5
13 804.431 51.2679 -14.7785 0.5
13 820.719 11.3863 -4.72004 0.5
13 814.571 41.0831 -14.2075 0.5
13 832.79 3.04429 -14.9065 0.5
13 816.968 47.0188 -1.74214 0.5
13 804.127 53.693 14.9851 0.5
13 784.403 93.657 14.0948 0.5
13 826.992 9.17574 13.9224 0.5
13 814.622 30.9217 14.0467 0.5
13 786.283 70.2904 -0.815242 0.5
13 784.296 103.132 -4.12673 0.5
13 794.053 83.3733 9.55577 0.5
13 799.165 77.8719 1.58342 0.5
13 781.831 94.8452 -14.8834 0.5
13 814.301 44.904 -12.5833 0.5
13 785.62 71.7661 -3.21983 0.5
13 800.975 62.2117 -14.8083 0.5
13 791.826 86.9919 -9.83756 0.5
13 792.532 87.4827 -7.41622 0.5
13 832.459 13.3091 12.6762 0.5
13 811.215 55.1004 7.45715 0.5
13 821.997 16.2865 -13.2006 0.5
13 815.812 48.2201 -5.12492 0.5
13 813.99 50.0683 -7.83814 0.5
13 825.422 7.11367 10.8434 0.5
13 816.336 48.0995 1.85939 0.5
13 778.117 99.5066 14.9997 0.5
13 790.7 83.0202 -13.9938 0.5
13 788.587 66.4802 -2.45607 0.5
13 779.191 82.5805 0.916209 0.5
13 811.727 56.1075 1.64241 0.5
13 819.312 33.0359 -14.1511 0.5
13 831.388 -4.94698 8.87804 0.5
13 832.37 9.38341 14.4732 0.5
13 808.95 52.2706 -13.6305 0.5
13 814.382 21.7948 -2.41326 0.5
13 822.134 21.4491 14.9007 0.5
13 808.967 36.3347 11.4892 0.5
13 815.958 31.8679 14.8659 0.5
13 797.615 62.6879 -14.7064 0.5
13 825.12 5.65222 -8.51632 0.5
13 792.148 65.3706 11.4073 0.5
13 780.912 92.5349 -14.8612 0.5
13 818.468 29.4495 -14.9998 0.5
13 809.393 58.712 -6.59728 0.5
13 827.003 3.37864 -9.79487 0.5
13 782.882 78.2966 -7.71816 0.5
13 783.374 105.249 -1.31057 0.5
13 797.409 72.3845 13.5721 0.5
13 829.032 26.1731 1.24224 0.5
13 816.212 46.9878 -6.41877 0.5
13 802.832 43.1045 -6.53903 0.5
13 810.798 31.9221 -10.3202 0.5
13 827.14 13.9946 14.9914 0.5
13 800.817 60.1324 -15 0.5
13 824.142 9.83163 -11.3014 0.5
13 786.844 69.3289 -0.969536 0.5
13 823.656 35.3715 -2.22449 0.5
13 779.127 85.1324 8.2448 0.5
13 827.433 28.9435 -1.2462 0.5
13 799.495 66.5952 -14.3967 0.5
13 819.411 13.4321 3.99806 0.5
13 802.724 51.024 -13.8466 0.5
13 799.856 56.6814 -14.1143 0.5
13 790.647 75.85 -14.8842 0.5
13 790.73 67.9549 11.5161 0.5
13 784.38 75.3487 7.09422 0.5
13 809.353 59.5519 4.70654 0.5
13 826.816 25.1072 11.1406 0.5
13 789.048 94.0692 -6.35011 0.5
13 799.924 72.26 10.5956 0.5
13 785.018 87.4212 15 0.5
13 826.464 24.7935 -11.9085 0.5
13 807.664 39.4088 12.1277 0.5
13 790.21 80.8228 -14.8138 0.5
13 810.219 50.5881 13.3814 0.5
13 794.758 58.138 -8.36567 0.5
13 831.44 -0.727323 -12.8239 0.5
13 815.099 22.4407 -7.62549 0.5
13 817.548 22.3548 12.1756 0.5
13 780.9 82.1999 8.45081 0.5
13 825.788 9.34366 -12.9899 0.5
13 787.807 93.9468 -9.84445 0.5
13 821.34 11.9958 -8.21362 0.5
13 777.953 104.059 14.3519 0.5
13 778.203 103.021 14.5218 0.5
13 788.592 96.2533 -0.68031 0.5
13 828.805 -2.99346 3.38834 0.5
13 816.448 25.0981 12.7371 0.5
13 783.921 97.5617 12.5592 0.5
13 801.74 45.5563 7.58659 0.5
13 828.801 0.930166 10.5178 0.5
13 803.696 48.2057 -13.3174 0.5
13 803.581 43.2012 -8.8572 0.5
13 832.754 -10.0357 -2.35545 0.5
13 778.772 87.7113 -10.6468 0.5
13 831.128 -5.51315 7.29242 0.5
13 792.085 79.2875 -14.4376 0.5
13 778.493 113.025 -4.64554 0.5
13 816.457 40.8679 -12.774 0.5
13 822.337 8.20403 -3.37054 0.5
13 823.453 18.593 -14.8235 0.5
13 812.55 47.0458 13.1186 0.5
13 806.721 37.0791 -7.83778 0.5
13 812.508 39.2369 14.9877 0.5
13 783.111 85.5424 -14.0624 0.5
13 810.551 28.2352 -0.0990826 0.5
13 780.212 80.784 -0.0722909 0.5
13 807.267 62.3087 6.76949 0.5
13 792.874 87.9525 -5.1178 0.5
13 824.954 33.2053 1.5705 0.5
13 801.472 51.45 12.9842 0.5
13 818.807 43.4686 3.71563 0.5
13 806.239 64.0515 -6.84518 0.5
13 828.793 10.2508 -14.9356 0.5
13 808.569 37.6304 -11.9713 0.5
13 784.712 101.481 6.555 0.5
13 800.706 65.6159 14.0215 0.5
13 819.89 13.0765 5.42882 0.5
13 790.967 79.6041 -14.7988 0.5
13 801.037 44.9666 -2.74572 0.5
13 812.513 46.4735 -13.4518 0.5
13 811.355 26.8438 -0.222399 0.5
13 820.54 40.8693 -1.38904 0.5
13 806.991 64.3575 -1.14553 0.5
13 788.823 92.9092 8.9454 0.5
13 788.231 76.1655 -13.8629 0.5
13 826.917 1.94528 -7.58006 0.5
13 785.181 92.7004 13.9459 0.5
13 794.662 77.2565 -13.5181 0.5
13 790.493 89.9031 9.09657 0.5
13 814.455 42.5219 13.726 0.5
13 795.338 56.8037 7.85073 0.5
13 794.254 80.5382 -11.9427 0.5
13 825.794 2.2174 -3.37436 0.5
13 807.83 53.8783 13.7783 0.5
13 811.786 30.0198 -10.115 0.5
13 786.528 81.064 14.5158 0.5
13 785.779 94.6006 12.3872 0.5
13 785.367 73.9422 -7.63384 0.5
13 815.212 39.4559 14.3722 0.5
13 827.716 17.8029 -14.3711 0.5
13 820.06 38.2367 9.66512 0.5
13 779.895 81.5392 2.4791 0.5
13 777.979 92.2319 -13.0363 0.5
13 811.589 26.5864 2.1112 0.5
13 797.978 79.6864 -3.11316 0.5
13 789.407 81.8751 -14.8637 0.5
13 804.485 67.3798 -6.24429 0.5
13 784.338 92.2035 -14.5701 0.5
13 795.957 54.1837 4.43795 0.5
13 787.223 98.6118 0.936355 0.5
13 818.493 20.5884 -12.0807 0.5
13 825.301 6.7918 -10.3088 0.5
13 833.041 0.990284 14.6344 0.5
13 824.841 23.1988 -14.2397 0.5
13 780.286 109.343 -6.13795 0.5
13 831.268 5.20399 14.8455 0.5
13 811.003 53.6935 -9.93136 0.5
13 787.707 92.1092 -11.763 0.5
13 798.381 49.3158 -0.168057 0.5
13 825.018 20.345 -14.8425 0.5
13 791.212 90.4734 6.01466 0.5
13 800.918 45.604 -4.47843 0.5
13 779.051 93.0324 -14.2241 0.5
13 783.763 76.6468 -7.50764 0.5
14 869.387 58.4182 12.8105 0.5
14 869.36 70.5232 14.3558 0.5
14 851.314 45.7234 -10.4045 0.5
14 858.557 34.154 6.91683 0.5
14 844.737 8.89894 -3.32396 0.5
14 851.552 49.7593 4.09776 0.5
14 845.921 36.0772 -10.7126 0.5
14 839.588 27.0563 8.36991 0.5
14 863.362 68.6263 -7.75346 0.5
14 858.33 32.0763 0.422468 0.5
14 843.324 27.4343 13.5873 0.5
14 864.891 45.63 -7.81435 0.5
14 866.256 51.748 -11.9624 0.5
14 841.22 32.1775 2.7674 0.5
14 859.664 35.1788 -4.8281 0.5
14 867.628 67.1259 -14.4705 0.5
14 876.154 63.2987 3.24993 0.5
14 887.196 109.242 -8.76363 0.5
14 836.122 12.9296 14.3631 0.5
14 876.54 89.1339 -10.6903 0.5
14 834.959 -6.09829 -8.00032 0.5
14 879.58 87.036 14.6634 0.5
14 858.956 40.1972 12.7155 0.5
14 888.141 88.0914 10.6004 0.5
14 863.906 47.168 11.5583 0.5
14 836.496 18.8161 -11.5568 0.5
14 850.262 20.0884 -7.47066 0.5
14 851.278 19.8799 0.854263 0.5
14 846.024 40.1595 -4.18857 0.5
14 853.341 26.001 8.39855 0.5
14 874.362 88.2391 6.73959 0.5
14 842.879 7.12115 -7.14892 0.5
14 867.394 59.6555 -14.673 0.5
14 865.162 45.6025 6.93259 0.5
14 883.78 84.2848 -13.336 0.5
14 847.191 16.1961 -9.53366 0.5
14 847.585 43.4434 -0.706615 0.5
14 864.905 52.7235 -13.8602 0.5
14 879.872 82.2597 14.849 0.5
14 878.658 71.6774 10.6117 0.5
14 883.791 77.4345 6.02727 0.5
14 875.547 90.8656 -5.45175 0.5
14 867.483 71.7692 12.1143 0.5
14 880.118 99.7945 0.648753 0.5
14 840.786 1.78758 1.7724 0.5
14 840.276 29.445 -6.23025 0.5
14 887.888 96.7843 14.9266 0.5
14 873.256 86.8435 5.58908 0.5
14 853.991 53.2884 -6.03351 0.5
14 866.443 74.4553 -6.87428 0.5
14 888.804 101.45 14.9148 0.5
14 867.302 58.1658 14.3263 0.5
14 861.662 48.124 -14.2387 0.5
14 844.42 24.2761 -14.9437 0.5
14 851.454 27.7598 -13.0468 0.5
14 853.562 33.8252 -14.147 0.5
14 856.988 50.2597 13.9499 0.5
14 886.349 103.005 13.0457 0.5
14 858.335 34.7185 -8.4979 0.5
14 836.787 -5.07242 2.26157 0.5
14 863.319 43.821 -9.14303 0.5
14 862.4 67.5319 6.71621 0.5
14 839.63 13.0983 -14.9163 0.5
14 871.405 63.9267 -13.8377 0.5
14 848.053 22.6492 -13.4596 0.5
14 878.615 91.8673 11.474 0.5
14 848.249 35.3895 13.8415 0.5
14 845.483 38.7277 -5.61441 0.5
14 833.928 -9.70815 3.79301 0.5
14 883.629 81.32 -11.5502 0.5
14 850.296 18.3993 -2.69888 0.5
14 850.624 48.7189 0.367112 0.5
14 859.458 51.9945 14.7031 0.5
14 853.705 26.3909 -8.03031 0.5
14 836.926 2.42606 -12.9486 0.5
14 886.05 93.5069 14.917 0.5
14 853.195 45.2545 -13.2253 0.5
14 857.438 37.0689 12.3886 0.5
14 836.6 0.902799 -12.3378 0.5
14 845.193 31.6687 13.0748 0.5
14 854.054 46.7274 13.2327 0.5
14 833.627 18.7639 -3.9133 0.5
14 839.093 28.5673 2.33715 0.5
14 885.397 96.2113 14.8289 0.5
14 839.319 4.7159 11.6676 0.5
14 855.007 27.495 5.83311 0.5
14 877.383 69.2219 10.3574 0.5
14 886.665 90.5261 13.9068 0.5
14 838.846 -1.53796 -2.04195 0.5
14 886.206 86.3135 11.9705 0.5
14 846.553 36.0168 -11.7342 0.5
14 883.9 77.0024 -4.34687 0.5
14 868.14 49.681 4.26445 0.5
14 842.105 3.96794 -0.116531 0.5
14 869.126 50.8662 -1.69628 0.5
14 872.034 73.3339 -14.7856 0.5
14 834.756 11.1987 14.1565 0.5
14 848.549 24.6272 13.9544 0.5
14 833.777 0.716491 -14.5036 0.5
14 844.302 26.5493 14.5171 0.5
14 875.365 90.5626 5.41949 0.5
14 844.905 9.89716 -5.58883 0.5
14 875.476 84.1047 13.0835 0.5
14 839.708 1.35907 6.62748 0.5
14 886.821 92.9517 -14.5938 0.5
14 867.258 69.9614 13.0322 0.5
14 840.962 27.1788 -11.0069 0.5
14 863.955 61.0845 -14.3791 0.5
14 838.486 22.8454 11.0488 0.5
14 849.947 41.2128 12.2459 0.5
14 882.018 87.0992 -14.9666 0.5
14 887.213 110.277 -7.16338 0.5
14 861.995 39.2195 4.83419 0.5
14 839.969 0.275127 0.439143 0.5
14 850.826 43.8101 11.4107 0.5
14 856.728 35.1801 11.9118 0.5
14 842.709 34.6364 3.34196 0.5
14 859.762 62.9704 -6.70186 0.5
14 863.548 45.2633 10.3632 0.5
14 862.556 64.3885 11.1813 0.5
14 886.069 82.655 -8.35072 0.5
14 880.001 97.5639 7.5569 0.5
14 836.637 24.1837 3.0488 0.5
14 873.045 73.8546 14.9438 0.5
14 875.186 62.3984 5.71677 0.5
14 865.521 65.3863 13.808 0.5
14 858.813 44.6753 -14.6477 0.5
14 845.998 10.7196 0.500913 0.5
14 860.027 36.197 -5.84799 0.5
14 864.4 71.9627 -4.27228 0.5
14 887.956 95.8227 -14.7798 0.5
14 888.222 84.9441 5.63773 0.5
14 838.038 14.1572 -14.8327 0.5
14 859.137 48.8441 -14.9953 0.5
14 868.832 80.1573 1.75101 0.5
14 885.991 88.9291 -13.7247 0.5
14 852.972 23.1118 -3.09274 0.5
14 882.824 98.4907 12.0029 0.5
14 887.675 111.088 7.14302 0.5
14 840.414 29.2415 7.12164 0.5
14 840.857 29.5422 -7.9235 0.5
14 849.816 35.8545 -14.5787 0.5
14 871.353 71.7315 -14.8516 0.5
14 847.723 24.1153 -14.2828 0.5
14 870.436 79.7172 -9.41357 0.5
14 849.416 29.949 -14.9054 0.5
14 853.835 51.1796 -9.13836 0.5
14 865.615 46.6385 -7.39654 0.5
14 877.075 84.2861 14.2286 0.5
14 877.826 85.8846 14.1259 0.5
14 886.256 107.551 8.85005 0.5
14 880.939 100.102 5.70615 0.5
14 880.424 78.007 13.086 0.5
14 845.762 30.5381 14.0564 0.5
14 837.791 -0.850335 8.51838 0.5
14 888.102 88.3496 -10.9171 0.5
14 838.712 15.1727 -14.855 0.5
14 883.38 77.6191 7.75694 0.5
14 880.393 71.5812 -6.10075 0.5
14 872.461 61.5995 -11.2285 0.5
14 838.682 28.0186 -0.78289 0.5
14 842.569 33.6866 5.60242 0.5
14 841.032 13.4171 -14.5386 0.5
14 834.513 -2.7727 -12.2964 0.5
14 850.675 42.2149 -12.4254 0.5
14 888.695 114.655 -0.500872 0.5
14 868.764 55.0406 11.0888 0.5
14 854.889 56.0817 -0.925594 0.5
14 871.052 56.4651 -8.07635 0.5
14 833.56 -3.51843 -12.8813 0.5
14 869.339 51.288 2.10813 0.5
14 861.387 37.6823 3.06579 0.5
14 876.673 93.4592 3.36119 0.5
14 844.725 36.2868 7.8508 0.5
14 867.051 73.5067 -9.82947 0.5
14 874.413 89.8859 -1.11593 0.5
14 842.85 24.2361 -14.4628 0.5
14 861.58 53.6022 14.9729 0.5
14 878.642 96.4029 -4.97291 0.5
14 865.989 45.7774 -3.61203 0.5
14 846.608 17.106 11.4739 0.5
14 842.942 5.44021 0.829627 0.5
14 838.229 6.45095 -13.8319 0.5
14 853.3 50.9419 8.1631 0.5
15 901.864 94.8493 14.088 0.5
15 976.632 87.547 8.362 0.5
15 995.529 114.971 0.935651 0.5
15 891.87 93.9358 13.7195 0.5
15 980.713 99.4926 14.9914 0.5
15 954.46 99.1121 -14.9737 0.5
15 952.086 86.9164 7.33621 0.5
15 989.318 104.867 14.1885 0.5
15 921.176 114.999 0.144149 0.5
15 971.597 86.7396 7.01158 0.5
15 953.508 87.674 8.54802 0.5
15 946.917 89.7574 10.9585 0.5
15 979.065 97.9937 14.8652 0.5
15 998.79 114.98 0.769932 0.5
15 894.073 104.203 14.3991 0.5
15 934.377 99.0377 14.9691 0.5
15 992.939 113.389 6.76372 0.5
15 951.377 109.006 -11.9954 0.5
15 919.575 95.7596 -14.3882 0.5
15 968.422 85.7396 4.65212 0.5
15 955.235 91.1502 12.1112 0.5
15 997.236 110.078 11.1098 0.5
15 911.906 105.74 13.8584 0.5
15 962.206 111.952 9.06417 0.5
15 989.127 97.6676 14.8176 0.5
15 930.914 102.546 -14.7824 0.5
15 989.894 86.6096 -6.76005 0.5
15 998.468 93.2178 13.3792 0.5
15 893.161 87.514 8.31258 0.5
15 990.827 112.593 -8.14975 0.5
15 930.174 90.4426 -11.5609 0.5
15 981.946 85.2152 -2.53173 0.5
15 963.593 99.0308 -14.9687 0.5
15 913.677 114.527 -3.73694 0.5
15 902.385 93.9956 13.7458 0.5
15 972.755 108.79 -12.1543 0.5
15 961.365 106.461 13.5371 0.5
15 896.257 114.998 -0.26531 0.5
15 890.559 90.4597 -11.5751 0.5
15 960.076 104.815 -14.2062 0.5
15 951.458 114.298 4.53493 0.5
15 895.042 89.7709 -10.9711 0.5
15 940.271 108.275 12.5112 0.5
15 984.914 94.6763 14.0235 0.5
15 956.907 111.27 9.89894 0.5
15 994.628 85.2338 -2.63783 0.5
15 894.126 86.7782 7.08413 0.5
15 909.648 91.5093 -12.3656 0.5
15 981.208 114.662 -3.16572 0.5
15 957.648 87.9038 8.8703 0.5
15 903.411 98.02 -14.8687 0.5
15 993.536 109.88 11.2862 0.5
15 964.039 101.539 14.9208 0.5
15 919.293 86.3506 6.22043 0.5
15 911.127 97.8382 -14.8434 0.5
15 946.239 85.3025 -2.99725 0.5
15 993.822 105.473 -13.966 0.5
15 912.166 113.668 6.18007 0.5
15 997.836 98.3634 -14.9104 0.5
15 905.041 85.0253 -0.870882 0.5
15 932.537 99.7118 14.9972 0.5
15 989.451 96.084 -14.4798 0.5
15 974.476 100.968 -14.9687 0.5
15 932.56 113.767 -5.95655 0.5
15 953.801 89.5406 10.7518 0.5
15 929.461 101.503 -14.9245 0.5
15 980.396 113.185 -7.1519 0.5
15 996.876 114.029 5.30946 0.5
15 919.387 105.676 13.8847 0.5
15 976.392 110.724 10.4878 0.5
15 954.201 108.979 12.0158 0.5
15 894.443 96.8934 -14.6748 0.5
15 903.825 95.9579 -14.4451 0.5
15 967.982 103.426 14.6035 0.5
15 947.888 109.23 11.8243 0.5
15 951.301 88.8954 -10.0841 0.5
15 952.031 94.9229 14.1147 0.5
15 962.974 108.657 -12.2501 0.5
15 998.609 89.2385 -10.4494 0.5
15 973.816 102.088 -14.8539 0.5
15 937.73 114.935 1.39809 0.5
15 947.076 99.0923 -14.9725 0.5
15 906.879 100.387 -14.995 0.5
15 957.269 86.7292 6.99185 0.5
15 989.793 92.7963 13.157 0.5
15 983.853 85.0595 1.33428 0.5
15 963.752 85.1256 1.9374 0.5
15 997.897 87.1204 -7.68864 0.5
15 892.912 92.4191 12.9433 0.5
15 890.544 95.4364 14.2889 0.5
15 969.463 85.6659 4.41981 0.5
15 982.691 108.405 -12.4243 0.5
15 976.18 85.0076 0.476453 0.5
15 889.095 88.2669 -9.34527 0.5
15 965.19 114.062 5.22171 0.5
15 999.367 88.6653 -9.82473 0.5
15 996.579 106.777 -13.3819 0.5
15 912.13 109.777 -11.3756 0.5
15 998.463 101.173 14.9541 0.5
15 942.179 93.759 13.64 0.5
15 979.089 99.09 14.9724 0.5
15 943.208 110.079 11.1088 0.5
15 919.828 91.681 12.4818 0.5
15 889.664 92.2431 12.8386 0.5
15 973.323 108.127 12.6078 0.5
15 934.643 97.9843 14.8639 0.5
15 956.265 108.094 -12.6288 0.5
15 896.71 95.6605 -14.3586 0.5
15 897.973 85.5133 3.89058 0.5
15 944.9 85.3265 -3.11251 0.5
15 996.482 115 -0.0486112 0.5
15 968.102 114.846 2.14161 0.5
15 911.493 85.1457 -2.08558 0.5
15 995.044 85.9804 -5.33384 0.5
15 950.253 89.4936 -10.7059 0.5
15 958.167 85.7893 4.80164 0.5
15 957.939 110.025 11.1579 0.5
15 993.65 96.2924 14.5346 0.5
15 981.668 114.72 2.88361 0.5
15 901.601 112.684 -8.00755 0.5
15 938.168 113.346 -6.84645 0.5
15 897.378 85.2638 2.80091 0.5
15 997.672 91.0718 12.0535 0.5
15 952.076 106.475 13.5306 0.5
15 951.982 111.963 -9.04949 0.5
15 965.514 96.4072 14.5634 0.5
15 940.204 110.507 -10.7052 0.5
15 992.387 113.206 -7.1126 0.5
15 951.397 110.162 -11.0335 0.5
15 996.519 85.1915 -2.38912 0.5
15 941.765 110.911 -10.2928 0.5
15 927.873 114.622 -3.34599 0.5
15 921.919 108.844 -12.1155 0.5
15 974.188 112.224 -8.69401 0.5
15 914.521 99.1238 -14.9744 0.5
15 971.237 105.289 14.0367 0.5
15 922.087 111.517 -9.60984 0.5
15 936.263 100.915 14.9721 0.5
15 961.05 85.5878 4.15795 0.5
15 917.62 106.404 -13.5642 0.5
15 890.928 113.918 -5.59316 0.5
15 907.192 114.974 -0.874446 0.5
15 990.964 85.2844 -2.90718 0.5
15 956.798 88.8669 -10.0526 0.5
15 891.537 87.7889 8.71144 0.5
15 947.565 95.8845 14.4244 0.5
15 998.95 112.056 -8.92446 0.5
15 932.971 107.961 -12.7131 0.5
15 935.721 96.281 14.5317 0.5
15 983.446 95.2157 -14.2165 0.5
15 907.101 102.599 14.7731 0.5
15 914.746 99.9855 15 0.5
15 945.996 95.1133 14.1817 0.5
15 902.835 104.137 14.4181 0.5
15 935.257 111.106 -10.0829 0.5
15 994.263 85.0002 -0.0696236 0.5
15 894.316 98.4103 14.9155 0.5
15 963.851 99.4933 14.9914 0.5
15 995.01 91.4756 -12.3424 0.5
15 969.866 93.8441 -13.6786 0.5
15 902.753 85.5661 -4.08205 0.5
15 991.887 114.828 -2.26505 0.5
15 936.967 114.626 3.32783 0.5
15 913.848 103.797 14.5114 0.5
15 993.408 111.087 10.1038 0.5
15 979.139 87.0208 -7.51937 0.5
15 919.847 97.4318 14.7785 0.5
15 999.258 111.106 -10.0826 0.5
15 929.295 106.391 13.5703 0.5
15 908.438 86.4714 6.479 0.5
15 924.883 110.345 10.8616 0.5
15 991.593 90.9255 -11.9438 0.5
15 896.161 85.9083 5.14055 0.5
15 906.832 96.157 14.4993 0.5
15 893.498 114.689 3.03745 0.5
15 901.481 86.9678 7.42712 0.5
15 899.669 85.7756 -4.76093 0.5
15 976.158 114.434 4.08286 0.5
15 936.374 85.106 1.77974 0.5
15 960.443 108.802 12.1463 0.5
15 947.369 114.971 -0.938943 0.5
15 953.549 100.246 -14.998 0.5
15 954.473 106.341 13.5939 0.5
15 972.067 87.9589 8.94489 0.5
15 965.407 106.894 -13.3217 0.5
15 948.605 111.672 -9.42175 0.5
15 931.302 85.017 -0.71322 0.5
15 943.849 114.938 1.36537 0.5
15 914.99 103.597 -14.5622 0.5
15 916.672 89.3276 10.5404 0.5
15 906.623 110.109 -11.0819 0.5
15 953.868 86.5 -6.53826 0.5
15 956.04 92.5548 -13.0219 0.5
15 916.348 90.6523 -11.7312 0.5
15 967.353 88.6731 -9.83371 0.5
15 919.985 103.783 -14.5151 0.5
15 938.338 114.975 -0.864869 0.5
15 937.099 88.5991 -9.74785 0.5
15 935.019 93.7254 13.6246 0.5
15 897.948 114.677 -3.09407 0.5
