0 271.922 0.198083 6.29105 0.5
0 196.21 138.127 -92.4463 0.5
0 112.634 183.11 55.6127 0.5
0 209.885 10.3654 44.3356 0.5
0 151.661 9.60535 -42.7645 0.5
0 117.516 195.921 -28.268 0.5
0 188.773 154.12 84.0893 0.5
0 206.539 125.111 -96.7959 0.5
0 16.0888 113.749 -99.0504 0.5
0 38.6454 193.663 -35.0311 0.5
0 2.32229 31.7612 73.099 0.5
0 12.1951 71.6126 -95.8861 0.5
0 177.068 125.058 -96.8096 0.5
0 9.92174 70.2889 -95.4843 0.5
0 98.2749 25.5842 66.8003 0.5
0 166.513 130.5 -95.2351 0.5
0 257.879 161.786 -78.6287 0.5
0 205.838 189.046 45.5057 0.5
0 187.201 0.313266 -7.90918 0.5
0 107.286 29.9729 -71.3877 0.5
0 293.347 98.2737 99.9851 0.5
0 264.857 30.9264 72.3107 0.5
0 167.985 120.968 -97.777 0.5
0 83.7999 45.9881 -84.1588 0.5
0 73.4955 9.5 -42.5412 0.5
0 10.6664 134.61 93.8196 0.5
0 96.7815 199.993 1.18329 0.5
0 275.411 93.7263 -99.803 0.5
0 68.4544 190.938 -41.5966 0.5
0 24.6162 22.9353 63.7262 0.5
0 32.1 0.0272779 2.33556 0.5
0 270.129 146.528 88.5162 0.5
0 285.284 145.521 -89.0383 0.5
0 170.276 199.276 12.0117 0.5
0 204.041 48.8097 85.9043 0.5
0 274.79 100.597 99.9982 0.5
0 64.1736 97.1539 99.9595 0.5
0 206.14 193.124 36.4409 0.5
0 126.966 115.023 -98.8651 0.5
0 56.9922 199.122 13.2233 0.5
0 131.428 127.218 96.2247 0.5
0 74.0517 44.3992 -83.1177 0.5
0 276.564 26.199 67.479 0.5
0 290.265 128.018 -95.9947 0.5
0 301.493 27.7296 69.1158 0.5
0 249.724 183.689 54.7372 0.5
0 159.848 108.849 99.6077 0.5
0 154.447 170.056 71.3589 0.5
0 236.853 119.15 -98.1493 0.5
0 163.185 154.678 -83.7278 0.5
0 121.364 118.978 98.1826 0.5
0 245.044 46.2034 84.2967 0.5
0 11.8212 196.835 24.9614 0.5
0 303.94 1.14888 15.1148 0.5
0 301.233 66.4734 94.2123 0.5
0 293.851 57.174 90.3656 0.5
0 152.777 138.989 -92.0864 0.5
0 232.766 45.9973 84.1648 0.5
0 326.237 40.2888 -80.2158 0.5
0 8.10159 38.953 79.2039 0.5
0 325.066 190.883 -41.7176 0.5
0 27.414 116.532 -98.624 0.5
0 175.185 14.7478 52.2691 0.5
0 187.698 99.827 99.9999 0.5
0 209.247 144.972 89.317 0.5
0 15.8583 171.576 69.8342 0.5
0 111.078 84.4621 -98.7855 0.5
0 289.197 148.199 -87.6178 0.5
0 70.3015 58.9251 91.1748 0.5
0 277.643 169.988 71.4258 0.5
0 295.14 174.449 -66.7634 0.5
0 159.894 0.147923 -5.43717 0.5
0 146.991 194.044 33.9954 0.5
0 238.862 154.552 83.8099 0.5
0 230.309 73.2084 -96.3442 0.5
0 106.544 159.319 80.5064 0.5
0 20.0896 52.0343 -87.7456 0.5
0 266.46 183.33 55.2814 0.5
0 183.92 148.034 -87.7083 0.5
0 69.1789 164.508 -76.4114 0.5
0 232.802 141.422 91.0178 0.5
0 270.748 199.976 -2.19582 0.5
0 293.092 197.152 23.6971 0.5
0 300.347 177.522 63.1688 0.5
0 17.297 98.4238 99.9876 0.5
0 114.39 1.79224 -18.8477 0.5
0 64.7859 86.2758 -99.0538 0.5
0 324.193 15.8703 -54.0573 0.5
0 93.4318 128.301 -95.9118 0.5
0 286.421 39.024 79.2586 0.5
0 218.036 85.6407 -98.9637 0.5
0 310.073 1.31163 -16.1433 0.5
0 41.8826 89.5964 99.4574 0.5
0 210.664 166.913 -74.3149 0.5
0 256.839 1.09695 14.7711 0.5
0 178.607 70.1831 95.4513 0.5
0 141.681 27.2004 68.5582 0.5
0 161.489 75.2355 96.8851 0.5
0 313.932 182.841 56.0116 0.5
0 90.7584 70.9557 -95.6892 0.5
0 41.5137 196.761 -25.2456 0.5
0 178.952 195.073 -31.0032 0.5
0 233.572 188.124 -47.2675 0.5
0 212.724 2.41711 21.8536 0.5
0 176.058 35.7405 -76.6206 0.5
0 260.253 54.2321 -88.9118 0.5
0 37.9084 184.734 -53.1045 0.5
0 318.941 172.759 68.6015 0.5
0 35.8151 104.622 -99.8931 0.5
0 142.487 106.774 99.7703 0.5
0 8.17318 1.60042 -17.8192 0.5
0 187.007 126.403 96.4516 0.5
0 260.292 164.6 -76.3335 0.5
0 220.212 42.4369 -81.7709 0.5
0 241.266 42.9546 -82.1329 0.5
0 185.985 20.7288 -60.9597 0.5
0 247.998 199.904 -4.37071 0.5
0 39.755 182.907 -55.915 0.5
0 88.593 109.726 99.5259 0.5
0 248.145 42.4275 81.7643 0.5
0 274.124 61.312 -92.213 0.5
0 113.478 5.73295 -33.3725 0.5
0 111.254 65.206 -93.7517 0.5
0 77.8299 189.166 45.2714 0.5
0 61.2496 158.396 -81.1786 0.5
0 71.0585 198.494 17.2908 0.5
0 259.898 179.162 -61.1015 0.5
0 110.764 34.5748 -75.6276 0.5
0 323.964 98.0606 -99.9812 0.5
0 139.315 0.800898 12.6308 0.5
0 25.8851 141.779 -90.8542 0.5
0 42.6599 4.5301 -29.7573 0.5
1 341.581 15.7931 71.491 0.5
1 363.591 53.5942 99.8197 0.5
1 375.876 -59.7632 -50.8979 0.5
1 363.135 -35.921 -53.7863 0.5
1 375.461 -72.7632 -6.37684 0.5
1 387.512 72.8249 -74.5363 0.5
1 360.711 136.422 54.5018 0.5
1 339.373 56.2396 94.2931 0.5
1 350.776 121.824 -85.3942 0.5
1 338.247 -5.69147 -23.5789 0.5
1 344.013 75.1235 -99.7963 0.5
1 369.766 62.3296 96.712 0.5
1 362.325 76.5419 96.3537 0.5
1 372.475 -5.74572 92.519 0.5
1 341.999 172.587 48.2371 0.5
1 333.96 13.1878 -51.4884 0.5
1 376.105 -68.1896 33.8212 0.5
1 380.873 62.4302 89.4179 0.5
1 346.857 152.432 65.1609 0.5
1 361.989 14.6961 -93.4219 0.5
1 338.581 190.424 -9.85382 0.5
1 367.692 133.959 35.5439 0.5
1 336.042 179.99 -53.1888 0.5
1 374.885 100.539 -68.8654 0.5
1 374.056 18.1913 99.3624 0.5
1 377.754 -61.177 -53.8893 0.5
1 375.92 96.1616 71.4887 0.5
1 345.433 -11.0441 43.4094 0.5
1 375.758 112.946 50.3017 0.5
1 340.813 114.001 -96.2983 0.5
1 339.208 178.228 -46.7416 0.5
1 375.813 51.8694 96.7081 0.5
1 380.078 -0.813054 -98.0101 0.5
1 346.861 -23.392 -2.75929 0.5
1 370.935 134.305 10.6381 0.5
1 363.716 94.7391 88.0724 0.5
1 367.87 -53.4753 -35.0522 0.5
1 352.246 -9.00012 64.7083 0.5
1 386.121 97.7344 45.2736 0.5
1 348.77 124.43 85.9186 0.5
1 334.136 48.0145 -86.256 0.5
1 341.22 129.145 -90.3756 0.5
1 346.623 27.8493 -87.0974 0.5
1 347.67 174.31 13.0813 0.5
1 369.478 17.0794 -97.9145 0.5
1 381.048 107.686 -42.9004 0.5
1 378.672 -59.6444 58.4841 0.5
1 344.771 162.097 -57.3688 0.5
1 364.568 143.584 -21.3994 0.5
1 335.009 63.5784 94.2152 0.5
1 388.864 88.7568 -52.7773 0.5
1 340.863 153.902 -74.2867 0.5
1 354.885 -16.0147 -61.7126 0.5
1 345.324 -3.94135 55.5172 0.5
1 357.587 154.168 27.3864 0.5
1 345.39 34.1807 -89.3345 0.5
1 368.318 -60.3144 -7.49218 0.5
1 339.702 -0.668171 44.3299 0.5
1 343.36 139.493 82.2614 0.5
1 387.072 -6.4668 99.0997 0.5
1 386.72 59.8582 85.2167 0.5
1 351.743 -12.1654 -59.626 0.5
1 361.423 -48.1985 9.51594 0.5
1 385.502 -70.3593 59.9982 0.5
1 366.828 129.812 -47.8156 0.5
1 334.253 106.988 -99.6312 0.5
1 341.724 -7.39426 37.1046 0.5
1 359.098 130.149 -66.398 0.5
1 387.12 80.4052 -67.7343 0.5
1 349.928 21.376 -86.6707 0.5
1 356.73 122.386 -77.7317 0.5
1 384.159 -87.4651 -10.6386 0.5
1 338.203 42.9185 -87.3696 0.5
1 382.646 -81.0272 -29.2851 0.5
1 384.29 111.632 -4.64626 0.5
1 357.583 112.802 -83.6448 0.5
1 358.048 156.789 8.97264 0.5
1 334.083 2.32174 26.6628 0.5
1 371.701 -3.49928 92.8856 0.5
1 352.446 164.587 21.3616 0.5
1 368.527 25.7714 99.1155 0.5
1 357.105 158.542 7.52595 0.5
1 375.257 -68.3265 -28.9671 0.5
1 371.61 -31.6612 75.6799 0.5
1 333.872 197.77 -16.0498 0.5
1 380.448 -39.5131 81.5266 0.5
1 358.295 -5.52986 -78.2258 0.5
1 356.78 155.802 -26.5436 0.5
1 362.598 5.87294 90.0728 0.5
1 379.744 -73.2816 -37.017 0.5
1 365.186 144.411 9.14604 0.5
1 367.535 57.5972 -98.5727 0.5
1 344.635 89.7183 -99.5673 0.5
1 348.533 50.0757 -97.1757 0.5
1 362.882 -25.675 66.7111 0.5
1 343.279 22.8519 -80.0588 0.5
1 352.52 104.324 92.6797 0.5
1 387.683 48.4789 -90.4652 0.5
1 374.927 -52.0899 59.9375 0.5
1 352.202 28.962 92.3512 0.5
1 341.412 118.764 94.4828 0.5
1 352.007 51.6871 -98.7166 0.5
1 376.26 -53.7945 -60.7362 0.5
1 387.826 -11.1264 -98.5884 0.5
1 339.634 130.901 90.8383 0.5
1 335.339 21.3243 65.914 0.5
1 344.304 175.905 31.5082 0.5
1 371.701 84.7638 -85.8878 0.5
1 367.175 122.328 58.7209 0.5
1 376.344 -39.4591 -76.026 0.5
1 339.089 125.499 -93.4989 0.5
1 369.049 86.2142 -87.6854 0.5
1 388.038 -93.1132 18.0296 0.5
1 368.862 -36.2619 -66.4547 0.5
1 385.284 43.2996 -94.2994 0.5
1 380.502 -61.5869 -60.1493 0.5
1 379.561 118.587 16.3425 0.5
1 370.499 -53.9795 -44.3907 0.5
1 350.995 -27.969 22.7476 0.5
1 380.33 27.7337 99.582 0.5
1 361.659 0.413449 -86.2968 0.5
1 377.237 5.03534 98.1937 0.5
1 375.672 31.5226 99.8821 0.5
1 387.557 34.26 -95.9479 0.5
1 361.798 145.944 30.4649 0.5
1 347.975 -25.211 5.47422 0.5
1 376.624 85.0238 79.9954 0.5
1 334.711 67.6299 95.3991 0.5
1 342.185 142.281 81.7354 0.5
1 351.401 165.796 23.9484 0.5
1 370.375 79.5082 89.9629 0.5
1 359.031 -42.9538 17.5669 0.5
1 341.445 124.945 -92.0839 0.5
1 369.722 136.972 -0.310245 0.5
1 338.365 147.278 -82.8544 0.5
1 339.785 130.593 -90.8591 0.5
1 338.829 71.7428 98.2287 0.5
1 385.689 80.2689 70.4682 0.5
1 347.819 -6.95375 -57.432 0.5
1 363.331 143.122 30.9813 0.5
1 383.646 -48.7052 78.8056 0.5
1 358.527 73.8652 98.4564 0.5
1 377.129 3.61801 97.8706 0.5
1 338.933 113.884 97.1793 0.5
2 377.288 58.5388 66.3049 0.5
2 377.553 -53.6447 -92.5865 0.5
2 343.645 -42.608 94.7478 0.5
2 367.174 -128.593 31.9552 0.5
2 388.054 47.9735 88.9755 0.5
2 360.838 -99.2856 -83.8601 0.5
2 348.534 -123.748 -81.7273 0.5
2 351.41 6.4418 -73.706 0.5
2 367.758 -55.8436 97.3146 0.5
2 336.759 -91.1491 99.8926 0.5
2 375.204 22.4214 -90.5902 0.5
2 333.836 -105.209 99.0669 0.5
2 387.315 -98.3359 -11.0688 0.5
2 350.936 -157.506 29.5166 0.5
2 366.472 61.3803 26.4716 0.5
2 366.341 41.0508 64.6052 0.5
2 350.754 -45.8078 -98.6346 0.5
2 334.539 -176.422 -50.9275 0.5
2 341.359 -121.626 -90.2459 0.5
2 388.145 21.4933 -98.177 0.5
2 351.942 -119.681 80.4012 0.5
2 369.636 67.8502 22.5624 0.5
2 380.419 88.6726 9.2867 0.5
2 354.349 -37.0144 98.1716 0.5
2 334.577 -172.471 -56.9839 0.5
2 356.05 10.058 77.5274 0.5
2 368.067 50.5081 -56.0766 0.5
2 338.243 5.91181 43.8803 0.5
2 350.97 -77.7319 -98.7392 0.5
2 360.014 42.2873 -46.5116 0.5
2 351.38 33.2284 32.9338 0.5
2 337.442 -139.728 83.9122 0.5
2 355.988 41.931 -30.7878 0.5
2 350.725 -22.7126 91.8193 0.5
2 345.254 -160.742 45.7161 0.5
2 355.531 45.6293 -8.57903 0.5
2 333.695 -191.754 -3.72348 0.5
2 345.447 -165.278 34.6393 0.5
2 343.237 19.839 30.8113 0.5
2 377.353 -113.44 -23.3552 0.5
2 359.397 -7.88911 -91.9033 0.5
2 376.746 -113.197 28.205 0.5
2 386.24 -78.8016 62.5932 0.5
2 333.629 -173.26 58.1946 0.5
2 357.979 -24.288 96.7009 0.5
2 374.672 3.56211 -96.9745 0.5
2 339.221 -24.5265 81.6565 0.5
2 342.052 -175.97 16.5475 0.5
2 350.825 -6.43341 83.0372 0.5
2 338.799 -35.6489 88.0875 0.5
2 359.343 10.9165 81.2349 0.5
2 380.86 -16.7049 -99.7837 0.5
2 355.353 -152.927 -16.578 0.5
2 360.901 50.1046 -31.8064 0.5
2 350.13 -131.342 -73.3362 0.5
2 361.624 55.8622 11.7213 0.5
2 360.906 -122.792 62.4551 0.5
2 381.722 56.7589 75.6517 0.5
2 366.666 -65.7715 95.0555 0.5
2 366.579 -126.523 -39.9918 0.5
2 362.82 -76.7503 93.5349 0.5
2 370.216 -102.863 -66.9344 0.5
2 348.083 -2.81275 -76.7621 0.5
2 361.766 42.6048 51.3516 0.5
2 371.494 67.4904 34.5418 0.5
2 361.295 -59.6589 98.7694 0.5
2 383.731 -97.5484 -38.2641 0.5
2 342.839 9.70132 -51.5523 0.5
2 383.102 93.6177 5.17763 0.5
2 343.066 -128.485 84.8669 0.5
2 384.855 91.4752 32.1633 0.5
2 372.518 16.6087 91.1232 0.5
2 378.385 33.4675 87.7896 0.5
2 334.284 -139.491 87.3468 0.5
2 360.46 -133.407 47.6061 0.5
2 347.214 -115.791 88.0613 0.5
2 383.595 47.104 -85.1118 0.5
2 333.881 8.48025 1.89049 0.5
2 375.617 -71.967 84.9532 0.5
2 346.794 -128.927 -80.1556 0.5
2 358.085 -103.607 -84.1478 0.5
2 348.467 -24.0316 -90.6566 0.5
2 362.651 14.9545 -82.4233 0.5
2 363.553 -8.53366 -94.8846 0.5
2 349.933 15.9069 60.5227 0.5
2 349.191 -155.448 -42.6154 0.5
2 345.469 -155.699 53.8406 0.5
2 372.887 -40.5883 -98.6046 0.5
2 369.238 -6.80622 97.2104 0.5
2 372.175 64.2373 -44.7852 0.5
2 356.253 -135.627 -55.9636 0.5
2 364.352 -2.07913 -93.0438 0.5
2 348.721 33.6504 10.4919 0.5
2 386.813 89.6988 44.569 0.5
2 340.344 -148.892 72.7754 0.5
2 334.545 -169.171 -61.5437 0.5
2 364.455 17.3991 -82.8863 0.5
2 357.935 40.9306 -41.9644 0.5
2 385.645 -83.6088 57.5704 0.5
2 350.349 -153.676 42.1178 0.5
2 375.208 57.5061 63.2863 0.5
2 355.175 45.3342 -3.03866 0.5
2 369.946 13.0145 -90.7298 0.5
2 363.775 -102.789 77.6068 0.5
2 371.886 -55.7335 -95.3757 0.5
2 383.721 -34.5303 -95.5946 0.5
2 370.995 61.6833 45.7882 0.5
2 336.313 -54.152 94.3499 0.5
2 365.216 -122.868 -51.6301 0.5
2 347.799 -48.1056 -98.1219 0.5
2 358.152 -139.853 -42.7743 0.5
2 381.732 -86.1062 63.2149 0.5
2 378.965 -102.777 -44.8795 0.5
2 351.473 30.3546 -40.6028 0.5
2 342.739 -135.37 80.5855 0.5
2 351.745 -125.557 75.9957 0.5
2 353.028 -119.634 -79.0108 0.5
2 386.418 -83.9721 -55.0736 0.5
2 380.048 82.6153 -33.6932 0.5
2 365.341 -113.077 -64.9165 0.5
2 348.907 -38.6249 96.3277 0.5
2 383.942 51.3507 82.7515 0.5
2 349.989 -47.9596 98.7691 0.5
2 357.808 -123.28 -68.1068 0.5
2 337.044 -1.46746 -53.3897 0.5
2 362.902 -59.9772 -98.2281 0.5
2 368.766 -130.923 -5.59516 0.5
2 340.391 -168.389 47.1935 0.5
2 365.734 -132.866 26.0958 0.5
2 375.583 36.1132 -83.262 0.5
2 337.815 13.9348 16.5365 0.5
2 383.967 20.6084 96.7314 0.5
2 385.197 -44.5364 -90.791 0.5
2 334.774 -64.9583 -96.8255 0.5
2 338.67 16.7475 3.05166 0.5
2 355.078 23.4723 -62.2542 0.5
2 344.351 20.9942 -33.1063 0.5
3 417.596 -184.075 40.0603 0.5
3 424.713 6.52987 -14.2466 0.5
3 357.678 -1.02642 40.5181 0.5
3 386.274 7.45312 -4.39861 0.5
3 372.464 -182.359 43.7764 0.5
3 404.428 -69.5924 97.3526 0.5
3 347.007 -126.386 94.0658 0.5
3 343.54 -94.0414 99.9873 0.5
3 371.35 -73.6886 98.2243 0.5
3 386.255 -192.425 2.24705 0.5
3 354.53 1.29403 -34.8144 0.5
3 426.903 -191.471 13.9608 0.5
3 348.218 -38.375 -84.1183 0.5
3 400.04 -155.733 -77.4291 0.5
3 358.705 -46.2106 -88.6674 0.5
3 363.017 -28.2566 76.6759 0.5
3 437.956 -29.2111 77.465 0.5
3 436.014 -173.317 58.8265 0.5
3 392.941 1.1887 -35.0967 0.5
3 380.146 -22.2461 71.2138 0.5
3 337.223 -27.4351 75.9806 0.5
3 356.465 -33.3098 80.6376 0.5
3 347.434 -101.092 -99.6259 0.5
3 399.62 -179.16 -49.8141 0.5
3 442.906 -5.06433 -48.6182 0.5
3 350.369 0.79632 36.1263 0.5
3 344.516 -182.813 -42.8313 0.5
3 385.687 7.54704 -0.757961 0.5
3 402.225 -108.568 98.6925 0.5
3 356.584 -48.4339 89.7919 0.5
3 429.748 -105.368 99.1622 0.5
3 389.39 -56.5386 -93.3293 0.5
3 382.548 1.42523 34.459 0.5
3 425.516 -172.917 -59.373 0.5
3 342.993 -52.2711 -91.5732 0.5
3 359.611 -152 -80.3357 0.5
3 392.868 -191.856 10.8805 0.5
3 422.823 -66.4447 -96.5594 0.5
3 377.222 -188.273 -28.5994 0.5
3 360.765 -123.689 -94.9954 0.5
3 436.542 -88.1051 99.9056 0.5
3 391.361 -21.4115 -70.3812 0.5
3 379.618 -2.17899 43.0247 0.5
3 352.612 -185.331 -37.0569 0.5
3 412.391 -12.2522 -59.7352 0.5
3 403.736 -139.697 -88.1347 0.5
3 356.605 7.31463 -6.85571 0.5
3 399.303 -189.809 22.8287 0.5
3 364.614 -69.4325 -97.3149 0.5
3 348.189 6.01648 17.4452 0.5
3 433.786 -42.8493 86.8318 0.5
3 367.429 4.6731 23.8136 0.5
3 401.241 -31.5165 79.2912 0.5
3 391.783 -191.463 -14.0125 0.5
3 391.14 -84.4251 99.6775 0.5
3 386.436 -12.3417 59.8552 0.5
3 423.325 -177.568 52.487 0.5
3 341.418 -160.555 73.2234 0.5
3 400.477 -151.639 80.6019 0.5
3 341.19 -25.0726 73.8937 0.5
3 401.793 -43.1087 86.9795 0.5
3 391.087 -124.753 94.6389 0.5
3 360.517 -180.608 -47.2045 0.5
3 345.434 -183.44 41.483 0.5
3 383.4 -153.041 -79.5537 0.5
3 414.788 -16.4973 -65.0474 0.5
3 377.743 -39.5033 84.833 0.5
3 377.254 -179.197 49.7496 0.5
3 363.89 -114.855 -97.4577 0.5
3 374.845 -143.749 85.8394 0.5
3 370.96 4.79212 -23.3228 0.5
3 424.592 -115.752 97.2473 0.5
3 393.053 -53.9719 92.3007 0.5
3 340.333 -54.8013 -92.6422 0.5
3 407.618 -78.1511 98.9724 0.5
3 424.667 -12.4917 60.0555 0.5
3 391.152 -119.728 96.2075 0.5
3 406.495 -152.908 -79.6548 0.5
3 385.51 -139.065 88.4708 0.5
3 390.717 7.54844 -0.542264 0.5
3 396.841 7.10394 -9.43372 0.5
3 387.313 -178.902 -50.2594 0.5
3 430.311 -49.3243 -90.2229 0.5
3 363.189 -183.237 41.9259 0.5
3 422.56 -28.2084 -76.6355 0.5
3 412.291 -87.9181 -99.8973 0.5
3 396.969 -136.064 -89.988 0.5
3 404.552 -12.3933 59.9242 0.5
3 379.039 -184.233 -39.6975 0.5
3 438.508 -11.9134 59.2776 0.5
3 411.946 7.19089 -8.4661 0.5
3 370.778 -67.4468 -96.8237 0.5
3 334.384 -144.235 85.5473 0.5
3 363.497 -69.284 -97.2797 0.5
3 425.087 -161.082 -72.7301 0.5
3 437.009 -10.1253 -56.7682 0.5
3 365.524 -161.199 -72.6193 0.5
3 407.086 -17.4691 -66.1653 0.5
3 436.576 -55.7498 93.022 0.5
3 340.672 4.37058 -25.0151 0.5
3 394.178 -73.3201 -98.1532 0.5
3 392.309 -167.412 66.1874 0.5
3 433.859 -161.802 -72.0437 0.5
3 348.045 -177.243 -53.0114 0.5
3 382.014 -103.433 -99.3951 0.5
3 378.274 -188.474 -27.9176 0.5
3 392.041 -181.673 -45.1581 0.5
3 430.076 -124.944 -94.5736 0.5
3 381.703 -72.5887 98.0078 0.5
3 340.468 6.46391 -14.6976 0.5
3 373.013 -4.80333 48.1461 0.5
3 413.345 -161.565 -72.2713 0.5
3 377.27 -157.18 -76.2235 0.5
3 439.252 4.98998 22.4818 0.5
3 436.271 -82.5367 99.5074 0.5
3 338.599 -189.049 -25.857 0.5
3 352.875 -192.434 -1.80355 0.5
3 443.216 -187.945 29.6782 0.5
3 376.147 -178.062 51.6771 0.5
3 370.011 -109.311 -98.5682 0.5
3 351.085 -190.295 20.6501 0.5
3 342.725 -185.008 -37.8557 0.5
3 369.934 -188.334 -28.3939 0.5
3 414.877 -97.7732 99.8582 0.5
3 395.985 -180.822 46.8011 0.5
3 394.349 -38.1915 -84 0.5
3 391.294 0.232992 37.5479 0.5
3 399.455 -163.386 -70.4847 0.5
3 409.083 -95.7965 99.944 0.5
3 443.062 -45.7547 -88.4282 0.5
3 372.335 -189.792 22.9033 0.5
3 334.589 -129.839 -92.7474 0.5
3 335.875 -17.5734 -66.2833 0.5
3 393.535 -56.4451 93.2933 0.5
3 350.285 -178.309 -51.2671 0.5
3 442.549 -143.094 -86.2274 0.5
3 430.99 -180.502 -47.4017 0.5
3 347.454 -168.436 65.0086 0.5
3 391.464 -8.70922 -54.6577 0.5
3 400.187 -128.873 -93.1311 0.5
3 359.901 -2.99438 -44.6954 0.5
3 413.066 -99.9812 -99.716 0.5
3 427.945 -154.767 78.2087 0.5
3 437.081 -191.471 13.9565 0.5
3 405.393 -61.7256 -95.163 0.5
3 404.395 -177.24 -53.0158 0.5
3 398.582 1.7984 -33.4249 0.5
3 359.339 -180.78 -46.8816 0.5
3 338.241 -190.278 20.7282 0.5
3 424.823 -35.7533 -82.374 0.5
3 431.752 -126.069 -94.1793 0.5
3 421.412 -138.254 -88.8931 0.5
3 434.246 -12.3083 -59.8105 0.5
3 342.014 -51.8517 91.388 0.5
3 355.206 -64.6666 -96.0629 0.5
3 420.493 7.22758 8.02257 0.5
3 424.851 -117.31 96.8607 0.5
3 340.75 -5.68278 -49.7135 0.5
3 398.045 -159.296 -74.3749 0.5
3 356.782 -50.7659 90.8979 0.5
4 475.829 -49.3109 -22.2259 0.5
4 477.455 -195.28 88.9702 0.5
4 475.632 -46.4803 -1.49797 0.5
4 491.631 -245.947 -69.6376 0.5
4 461.488 -217.459 -29.6965 0.5
4 474.309 -111.32 94.448 0.5
4 446.215 3.97766 10.0509 0.5
4 463.175 -37.3222 -48.2867 0.5
4 457.017 -14.2319 -1.07753 0.5
4 471.829 -239.195 11.6951 0.5
4 453.867 -145.716 92.9244 0.5
4 460.001 -161.527 -90.6909 0.5
4 473.582 -81.0822 78.5893 0.5
4 462.524 -222.159 17.8446 0.5
4 458.066 -214.73 -16.1549 0.5
4 465.997 -68.999 79.4084 0.5
4 490.983 -104.383 72.6899 0.5
4 457.214 -127.49 99.1616 0.5
4 460.45 -70.4722 -86.7749 0.5
4 462.882 -213.459 -45.4517 0.5
4 454.572 -139.79 -95.4573 0.5
4 472.808 -45.0922 -26.2785 0.5
4 462.627 -59.0737 76.1047 0.5
4 476.294 -71.4175 64.7612 0.5
4 487.463 -149.042 98.3816 0.5
4 473.966 -156.108 -99.2125 0.5
4 479.193 -241.555 45.7531 0.5
4 449.395 -116.799 -98.7481 0.5
4 448.154 -127.102 -95.9336 0.5
4 484.206 -133.908 96.1699 0.5
4 488.313 -69.6062 15.2783 0.5
4 467.675 -198.255 -75.504 0.5
4 455.856 -170.614 81.1762 0.5
4 450.175 -123.886 97.6589 0.5
4 462.924 -35.9269 -46.5014 0.5
4 461.743 -175.752 84.5858 0.5
4 471.417 -76.377 -77.8284 0.5
4 481.267 -95.9573 -79.7958 0.5
4 444.599 -13.2907 60.7553 0.5
4 461.284 -129.51 99.688 0.5
4 492.76 -229.68 -84.4563 0.5
4 461.444 -219.191 -23.095 0.5
4 476.638 -236.144 -47.6232 0.5
4 498.721 -99.8264 -49.947 0.5
4 494.471 -271.428 38.4087 0.5
4 477.025 -66.0724 -56.0592 0.5
4 489.761 -82.9544 47.5231 0.5
4 480.01 -86.4693 73.7069 0.5
4 485.622 -138.027 96.6291 0.5
4 498.91 -86.8032 -1.82297 0.5
4 456.647 -148.698 -93.6331 0.5
4 462.402 -223.032 -10.1995 0.5
4 460.014 -177.491 81.4088 0.5
4 457.246 -43.9192 70.7173 0.5
4 467.878 -47.131 -51.1857 0.5
4 476.538 -209.949 -78.5306 0.5
4 492.465 -77.7742 -20.6289 0.5
4 463.199 -79.068 -88.861 0.5
4 479.116 -116.534 93.3072 0.5
4 491.531 -189.855 -98.7362 0.5
4 479.15 -101.112 -85.749 0.5
4 493.629 -147.36 -95.3053 0.5
4 486.392 -211.824 -88.416 0.5
4 476.387 -226.987 -61.0383 0.5
4 488.391 -267.062 -17.2866 0.5
4 488.468 -228.397 -80.2279 0.5
4 485.758 -197.213 94.3261 0.5
4 475.46 -113.406 -94.48 0.5
4 495.478 -109.242 -69.8091 0.5
4 485.296 -87.7944 65.6725 0.5
4 468.212 -106.064 96.1294 0.5
4 452.026 -60.014 -89.0143 0.5
4 490.248 -260.309 -46.5123 0.5
4 488.267 -136.283 -94.7183 0.5
4 497.607 -99.1109 -51.9951 0.5
4 493.237 -120.747 82.7036 0.5
4 445.178 -5.06286 -46.2578 0.5
4 447.276 -32.2838 -75.9331 0.5
4 479.967 -104.115 86.6819 0.5
4 466.523 -111.457 -98.1326 0.5
4 470.668 -176.804 92.1097 0.5
4 482.594 -128.487 95.3816 0.5
4 484.565 -216.206 83.9956 0.5
4 453.71 -29.0704 60.7549 0.5
4 482.804 -92.6228 -74.8905 0.5
4 487.028 -149.442 -98.5848 0.5
4 493.83 -198.332 -97.9087 0.5
4 445.695 -71.0503 -97.1837 0.5
4 483.989 -75.6236 52.1582 0.5
4 467.296 -61.6785 71.0676 0.5
4 445.327 -74.7841 -98.1404 0.5
4 470.702 -179.891 90.7704 0.5
4 465.317 -140.279 -99.316 0.5
4 474.623 -120.029 -96.9035 0.5
4 489.298 -247.48 -63.3903 0.5
4 455.895 -136.068 -97.1302 0.5
4 452.985 -148.092 91.2759 0.5
4 459.199 -73.9872 89.7905 0.5
4 464.631 -196.895 71.9194 0.5
4 456.051 -179.257 -74.5024 0.5
4 487.79 -74.3987 -36.4282 0.5
4 481.864 -170.71 99.0918 0.5
4 449.2 -114.168 -99.0872 0.5
4 466.666 -42.408 46.5008 0.5
4 468.098 -174.188 91.3124 0.5
4 480.899 -97.7066 81.543 0.5
4 497.943 -278.649 35.3647 0.5
4 486.797 -221.891 82.7922 0.5
4 479.081 -205.849 -84.5438 0.5
4 457.431 -23.737 41.0058 0.5
4 451.743 -27.648 63.2659 0.5
4 481.642 -151.897 -99.8758 0.5
4 445.198 -79.2966 98.9491 0.5
4 478.734 -235.875 -54.2073 0.5
4 496.324 -188.183 99.8273 0.5
4 465.817 -121.104 99.6496 0.5
4 496.502 -282.597 1.98665 0.5
4 466.307 -42.9785 48.7043 0.5
4 459.629 -146.321 -96.1241 0.5
4 461.219 -167.282 -88.9066 0.5
4 480.492 -169.919 98.8636 0.5
4 447.335 2.22423 -7.97957 0.5
4 474.643 -60.7734 54.2857 0.5
4 463.082 -224.715 1.83411 0.5
4 493.846 -78.3555 -8.22319 0.5
4 495.982 -259.003 63.4559 0.5
4 485.796 -146.636 98.4681 0.5
4 454.991 -12.4776 -18.6792 0.5
4 472.179 -42.6939 -20.8879 0.5
4 466.285 -30.4686 6.14944 0.5
4 484.239 -108.839 -85.0874 0.5
4 477.567 -116.388 94.2458 0.5
4 476.531 -247.388 -11.2728 0.5
4 467.027 -186.312 83.6817 0.5
4 498.313 -177.496 -99.6585 0.5
4 499.812 -242.107 84.3213 0.5
4 461.445 -144.747 -97.354 0.5
4 482.706 -144.855 99.0339 0.5
4 477.798 -58.4077 -39.6285 0.5
4 448.256 -198.768 7.53666 0.5
4 456.669 -191.551 62.6675 0.5
4 493.88 -152.642 -96.7115 0.5
4 473.708 -43.501 -8.53314 0.5
4 467.106 -218.292 50.0189 0.5
4 460.427 -30.195 43.7167 0.5
4 465.518 -167.523 -92.2611 0.5
4 494.158 -84.5063 33.9791 0.5
4 478.733 -92.1057 -80.1985 0.5
4 498.237 -235.958 -86.4069 0.5
4 477.763 -106.212 89.825 0.5
4 465.41 -214.52 51.438 0.5
4 496.052 -264.157 -56.774 0.5
4 471.906 -99.3195 91.345 0.5
4 479.336 -222.059 -72.2142 0.5
4 493.471 -82.6702 32.1335 0.5
4 498.61 -263.426 63.6137 0.5
4 462.607 -214.218 42.9435 0.5
4 466.169 -96.9467 -94.3519 0.5
4 453.95 -75.3249 -94.1903 0.5
4 488.323 -84.9107 -54.9662 0.5
4 484.043 -112.442 87.3986 0.5
5 529.375 -236.804 14.0472 0.5
5 504.055 -279.189 22.0575 0.5
5 538.193 -152.96 95.2556 0.5
5 538.446 -218.394 26.9152 0.5
5 505.901 -127.834 86.2417 0.5
5 549.001 -16.9102 49.4936 0.5
5 554.228 -9.65773 52.5291 0.5
5 532.101 -82.6533 -86.3576 0.5
5 552.991 -192.958 -27.7755 0.5
5 504.04 -108.261 67.8978 0.5
5 547.96 -55.462 -86.5196 0.5
5 532.31 -207.015 66.9254 0.5
5 551.913 -47.3256 -85.759 0.5
5 502.104 -179.474 -99.8455 0.5
5 529.777 -83.3025 -84.296 0.5
5 540.205 -27.9219 41.2066 0.5
5 531.668 -141.815 -99.6802 0.5
5 502.655 -151.299 -94.4753 0.5
5 550.843 -59.205 -91.0243 0.5
5 540.211 -178.797 -80.1721 0.5
5 511.35 -239.98 -70.4574 0.5
5 554.29 -168.202 67.7413 0.5
5 531.825 -67.9379 75.4639 0.5
5 528.106 -174.538 -93.8439 0.5
5 511.095 -127.889 -90.9505 0.5
5 546.176 -201.223 -37.9308 0.5
5 519.621 -254.284 -9.01258 0.5
5 508.437 -179.986 99.8243 0.5
5 541.083 -121.949 99.9017 0.5
5 550.435 -1.81714 9.96551 0.5
5 540.973 -43.2107 66.7095 0.5
5 500.576 -130.86 -82.2911 0.5
5 539.502 -147.044 -96.3452 0.5
5 539.908 -121.247 -99.9857 0.5
5 505.655 -278.306 10.6945 0.5
5 511.969 -139.151 -95.7652 0.5
5 508.394 -272.735 16.6793 0.5
5 501.949 -221.744 93.1225 0.5
5 538.282 -73.1084 -87.0253 0.5
5 543.006 -209.553 -30.0901 0.5
5 511.818 -215.089 88.3285 0.5
5 551.569 -196.545 -23.5369 0.5
5 510.465 -73.0369 22.1659 0.5
5 501.305 -268.546 -57.0474 0.5
5 538.07 -202.343 -60.5196 0.5
5 555.113 -99.9984 -99.7698 0.5
5 549.46 -189.237 -50.6404 0.5
5 529.7 -87.7725 86.9119 0.5
5 500.055 -126.001 -77.9997 0.5
5 543.857 -53.8363 80.8303 0.5
5 531.759 -177.125 90.0634 0.5
5 549.591 -146.563 -89.9068 0.5
5 539.045 -216.444 -29.9898 0.5
5 551.905 -15.6552 55.601 0.5
5 543.336 -182.05 72.9145 0.5
5 534.42 -90.1702 92.1288 0.5
5 501.237 -175.348 99.3725 0.5
5 502.641 -197.678 -99.0741 0.5
5 515.6 -62.9251 -15.8823 0.5
5 510.912 -226.517 82.3427 0.5
5 551.269 -199.59 -7.53351 0.5
5 541.937 -20.9637 -30.995 0.5
5 540.799 -47.8571 -71.2648 0.5
5 544.846 -40.9896 -71.4051 0.5
5 529.821 -38.2514 -15.6231 0.5
5 521.536 -174.134 97.3753 0.5
5 507.177 -145.061 95.0137 0.5
5 536.616 -211.832 50.0434 0.5
5 523.661 -54.2921 35.7231 0.5
5 550.794 -151.451 86.1626 0.5
5 523.799 -47.4646 1.44419 0.5
5 549.749 -34.7357 73.533 0.5
5 527.537 -223.565 -56.388 0.5
5 526.628 -121.011 97.6519 0.5
5 523.346 -160.332 99.2661 0.5
5 522.234 -241.178 -41.4338 0.5
5 551.246 -88.4123 99.3364 0.5
5 527.403 -73.1435 73.2582 0.5
5 551.171 -103.206 -99.95 0.5
5 550.992 -43.0419 -81.9462 0.5
5 513.638 -253.023 47.5547 0.5
5 523.634 -228.8 -58.5608 0.5
5 537.103 -24.8138 8.97528 0.5
5 503.875 -195.798 99.0384 0.5
5 523.933 -174.342 96.2524 0.5
5 510.98 -253.594 -54.3565 0.5
5 503.439 -242.227 -80.3665 0.5
5 526.38 -213.636 -70.7686 0.5
5 518.167 -254.138 24.5937 0.5
5 529.242 -42.5242 -29.6546 0.5
5 550.078 -2.31525 8.67784 0.5
5 505.37 -128.884 -86.3179 0.5
5 536.689 -42.0486 55.658 0.5
5 537.422 -23.8681 1.37128 0.5
5 548.288 -113.801 99.6153 0.5
5 534.867 -85.7913 -90.5227 0.5
5 519.126 -112.564 -90.2907 0.5
5 533.307 -223.38 -38.2522 0.5
5 537.576 -99.2069 96.9815 0.5
5 516.989 -255.314 27.7736 0.5
5 549.768 -193.004 42.478 0.5
5 528.673 -93.0219 -88.7969 0.5
5 537.658 -194.553 70.3167 0.5
5 550.955 -198.07 -21.5439 0.5
5 501.92 -263.999 -61.7585 0.5
5 509.637 -222.384 -86.3703 0.5
5 532.351 -107.576 -96.8075 0.5
5 520.351 -129.994 97.2158 0.5
5 517.005 -139.155 -97.9661 0.5
5 530.799 -121.366 -99.0203 0.5
5 500.414 -104.253 -54.7111 0.5
5 512.208 -204.138 -93.0585 0.5
5 531.867 -93.2211 91.5384 0.5
5 525.856 -186.987 90.2367 0.5
5 524.743 -206.291 -79.6441 0.5
5 551.633 -170.702 -69.9551 0.5
5 505.107 -80.0186 6.15306 0.5
5 546.858 -207.47 2.98113 0.5
5 528.493 -43.3379 28.0458 0.5
5 530.809 -43.6208 39.9065 0.5
5 542.442 -48.9773 74.9628 0.5
5 534.043 -39.7174 43.604 0.5
5 553.941 -107.275 99.2738 0.5
5 501.443 -92.6263 35.3363 0.5
5 515.592 -217.611 -82.8889 0.5
5 518.447 -183.096 -96.4597 0.5
5 550.452 -178.889 63.0742 0.5
5 552.44 -134.181 93.1653 0.5
5 509.258 -230.469 81.5833 0.5
5 529.094 -228.949 42.1853 0.5
5 543.851 -198.768 50.9546 0.5
5 533.396 -183.892 -84.762 0.5
5 510.472 -194.26 97.1453 0.5
5 530.408 -201.408 75.6487 0.5
5 549.808 -3.35896 -13.7725 0.5
5 534.032 -77.4162 -85.2245 0.5
5 518.846 -59.9595 -27.747 0.5
5 537.052 -31.3056 -36.2627 0.5
5 550.181 -102.761 99.995 0.5
5 547.172 -28.0216 61.3753 0.5
5 524.967 -229.552 54.0699 0.5
5 542.195 -171.862 82.6663 0.5
5 545.38 -167.985 -81.5259 0.5
5 549.287 -166.067 77.8542 0.5
6 640.836 -92.8898 -99.999 0.5
6 634.465 -11.7804 59.0965 0.5
6 564.595 -17.932 66.6862 0.5
6 582.979 -174.158 -57.6532 0.5
6 606.783 -71.7059 -97.8247 0.5
6 556.28 7.41127 5.26382 0.5
6 623.033 -167.84 65.6994 0.5
6 639.355 4.89353 22.8958 0.5
6 576.421 -4.91381 -48.3467 0.5
6 640.745 -106.04 -99.0723 0.5
6 642.362 -156.782 -76.5596 0.5
6 628.057 -79.3201 99.1343 0.5
6 652.612 -82.9131 -99.5442 0.5
6 666.166 -173.843 58.0971 0.5
6 646.707 -114.901 -97.4473 0.5
6 628.873 -122.072 -95.5121 0.5
6 596.595 7.2086 -8.255 0.5
6 621.622 -180.561 47.2917 0.5
6 580.111 -23.1928 -72.1348 0.5
6 597.147 -191.838 -11.051 0.5
6 653.502 -184.696 38.6105 0.5
6 660.381 -26.895 -75.5151 0.5
6 639.208 -180.519 47.3689 0.5
6 655.478 5.29168 21.1317 0.5
6 562.115 -190.957 17.2147 0.5
6 595.918 -42.2769 -86.5023 0.5
6 558.624 -127.965 93.4808 0.5
6 604.99 -94.4446 99.9801 0.5
6 658.684 -156.926 76.4389 0.5
6 584.207 -19.538 68.4385 0.5
6 569.389 7.45528 -4.34935 0.5
6 664.765 -107.873 98.8035 0.5
6 572.406 -14.7066 62.8963 0.5
6 577.524 -8.08806 -53.694 0.5
6 574.726 -98.1004 99.8402 0.5
6 605.83 3.51309 28.1259 0.5
6 571.809 -181.163 -46.1519 0.5
6 653.644 -45.9751 -88.5442 0.5
6 583.853 -186.541 33.8664 0.5
6 557.735 -168.907 -64.4544 0.5
6 562.091 -180.562 47.2898 0.5
6 615.238 -7.01769 -51.9741 0.5
6 612.726 -60.0624 -94.6099 0.5
6 613.438 -30.1762 -78.2429 0.5
6 593.603 -113.391 97.7828 0.5
6 594.698 -31.6554 79.3978 0.5
6 589.054 -110.783 98.3051 0.5
6 577.311 -86.8805 99.8448 0.5
6 555.663 -8.83091 54.8437 0.5
6 573.69 -192.45 -0.0963826 0.5
6 648.187 -4.06673 46.7801 0.5
6 582.686 -192.34 -4.6973 0.5
6 566.033 7.54009 1.4017 0.5
6 591.975 -187.546 -30.9325 0.5
6 660.989 6.03505 -17.3401 0.5
6 601.908 -188.802 26.763 0.5
6 596.326 -188.547 27.6672 0.5
6 565.121 -94.6454 -99.9759 0.5
6 590.704 -66.0075 96.4406 0.5
6 579.764 -33.3796 -80.6887 0.5
6 572.159 -29.2807 77.5218 0.5
6 572.579 -94.6112 -99.9766 0.5
6 617.413 -139.727 88.1186 0.5
6 666.226 -14.4394 62.5647 0.5
6 590.634 -170.712 -62.2506 0.5
6 598.468 -192.345 4.58838 0.5
6 589.689 -184.428 39.2433 0.5
6 603.779 -178.285 -51.3069 0.5
6 584.627 -15.0091 63.2684 0.5
6 578.258 -150.143 -81.6791 0.5
6 584.494 -171.404 -61.3696 0.5
6 584.185 -83.7792 -99.6234 0.5
6 616.209 -186.458 34.0963 0.5
6 603.651 -166.423 -67.2907 0.5
6 607.32 -45.1321 -88.0966 0.5
6 655.532 -13.3613 61.1961 0.5
6 595.648 -3.10119 44.9085 0.5
6 564.929 -184.671 38.6689 0.5
6 559.941 -94.8768 -99.9706 0.5
6 613.764 -98.9777 -99.7867 0.5
6 665.339 -39.1343 84.6015 0.5
6 575.367 -134.109 -90.9093 0.5
6 591.972 -17.8639 66.61 0.5
6 573.516 -68.1345 96.9987 0.5
6 595.916 -29.72 77.8777 0.5
6 639.765 -9.90301 56.4445 0.5
6 619.493 -79.4537 99.1519 0.5
6 591.762 -146.941 -83.8496 0.5
6 624.468 -24.4844 -73.3531 0.5
6 649.45 -187.46 31.195 0.5
6 586.53 6.23383 -16.1705 0.5
6 567.945 -85.6849 99.7709 0.5
6 614.981 -1.13879 -40.7707 0.5
6 616.735 -78.3686 99.0036 0.5
6 576.517 6.84595 -11.8447 0.5
6 647.784 -57.1388 93.5581 0.5
6 623.153 6.12759 16.806 0.5
6 570.163 -149.406 82.1948 0.5
6 584.232 -13.7895 61.7455 0.5
6 569.727 3.0872 29.5402 0.5
6 620.708 -192.035 9.099 0.5
6 587.223 4.95259 -22.6433 0.5
6 599.092 -174.97 -56.4838 0.5
6 661.787 -176.672 -53.914 0.5
6 573.37 0.328068 37.3124 0.5
6 650.438 -29.28 -77.5213 0.5
6 613.291 -190.384 20.222 0.5
6 566.012 -166.741 66.9392 0.5
6 599.224 -160.858 72.941 0.5
6 598.849 -184.536 -38.9888 0.5
6 582.663 -130.127 -92.6306 0.5
6 593.347 -99.1601 -99.7746 0.5
6 610.605 -22.283 71.2501 0.5
6 642.868 -76.9619 -98.7933 0.5
6 603.804 -31.8936 -79.5796 0.5
6 556.916 -154.097 78.7381 0.5
6 571.055 -184.223 -39.7202 0.5
6 581.193 -149.295 82.272 0.5
6 659.705 -0.835418 -40.0843 0.5
6 647.143 -2.69232 -44.0856 0.5
6 579.834 -51.7124 -91.326 0.5
6 580.255 -116.862 -96.9746 0.5
6 647.471 7.48309 -3.65503 0.5
6 661.569 -6.53722 -51.176 0.5
6 637.5 -113.647 97.7275 0.5
6 597.055 -189.374 -24.6118 0.5
6 663.19 -176.893 -53.5673 0.5
6 628.853 4.08011 26.1136 0.5
6 660.207 -156.776 76.5645 0.5
6 593.929 -138.471 -88.7811 0.5
6 599.027 -185.966 35.4223 0.5
6 652.418 -192.128 8.02005 0.5
6 654.599 5.57286 -19.7864 0.5
6 643.374 -143.176 -86.1796 0.5
7 653.836 -25.4397 89.4096 0.5
7 646.008 -142.466 -51.3667 0.5
7 660.339 -81.949 99.9989 0.5
7 657.137 -107.869 -94.7667 0.5
7 615.042 -53.4759 -86.3461 0.5
7 655.056 -18.2291 -84.0958 0.5
7 644.234 32.3566 -51.1097 0.5
7 628.915 -127.06 0.537947 0.5
7 620.839 -58.6617 -89.0046 0.5
7 647.597 37.7774 23.5082 0.5
7 660.992 -109.803 96.2349 0.5
7 633.932 -114.193 -62.0241 0.5
7 627.285 -8.63762 -98.7754 0.5
7 617.52 -101.568 -33.4423 0.5
7 650.556 35.4199 -2.61537 0.5
7 633.483 -132.694 21.2333 0.5
7 619.891 87.9068 -11.4733 0.5
7 661.162 -90.143 99.7385 0.5
7 640.961 -147.892 -2.6212 0.5
7 650.354 -161.005 -25.0624 0.5
7 655.36 -12.1747 -79.4762 0.5
7 657.793 -28.4705 -87.3901 0.5
7 626.435 -21.7264 99.9946 0.5
7 640.825 43.7568 -40.4616 0.5
7 649.862 28.5536 -39.4344 0.5
7 620.583 -60.4071 -87.8493 0.5
7 646.727 -65.6865 -99.6975 0.5
7 634.179 -5.99052 95.334 0.5
7 652.19 -56.2713 99.3816 0.5
7 613.305 -97.91 20.4594 0.5
7 635.92 -134.002 31.8063 0.5
7 649.965 -19.2256 -89.6541 0.5
7 626.654 -121.392 18.6481 0.5
7 638.29 -142.675 11.1725 0.5
7 665.754 -119.867 -95.7032 0.5
7 654.249 -86.4526 -98.7899 0.5
7 631.235 48.6749 -60.3236 0.5
7 641.426 51.2555 -1.59536 0.5
7 638.045 -142.652 6.69732 0.5
7 660.296 -164.955 54.9655 0.5
7 611.531 -95.2273 18.4924 0.5
7 615.847 -36.5791 -94.6907 0.5
7 624.31 35.4628 -83.8121 0.5
7 662.269 -50.4015 93.8852 0.5
7 660.613 -155.349 67.9321 0.5
7 625.766 -120.124 -17.1671 0.5
7 619.666 -0.612884 -99.4547 0.5
7 629.796 -19.5502 99.5907 0.5
7 615.361 91.0068 -32.4378 0.5
7 646.503 41.4629 -14.1857 0.5
7 616.246 -104.172 -13.7234 0.5
7 629.789 -25.3099 -99.9466 0.5
7 632.235 -2.5543 95.3125 0.5
7 634.233 -22.4505 -99.0401 0.5
7 648.398 -44.5934 -98.6766 0.5
7 631.882 -14.6003 -98.4389 0.5
7 617.595 -81.6702 67.0229 0.5
7 653.375 -97.2094 96.0638 0.5
7 666.337 -152.655 -79.4129 0.5
7 659.048 -99.5228 97.9242 0.5
7 640.017 -71.232 96.8399 0.5
7 655.639 0.814118 67.0796 0.5
7 647.53 -158.525 12.4639 0.5
7 658.706 8.11431 -49.6971 0.5
7 624.089 -98.0814 -60.8204 0.5
7 617.241 11.6533 98.2748 0.5
7 664.409 -57.9063 -95.1923 0.5
7 662.515 -117.745 -94.5764 0.5
7 619.242 -59.7619 86.9156 0.5
7 626.498 -113.292 42.721 0.5
7 644.138 -33.2781 97.9486 0.5
7 615.781 89.4401 34.7883 0.5
7 654.658 -165.113 -35.5622 0.5
7 634.028 61.7724 -21.3626 0.5
7 644.69 45.2475 8.55403 0.5
7 626.217 -39.0011 98.6106 0.5
7 629.637 60.2123 -46.5128 0.5
7 633.302 29.4063 76.7811 0.5
7 635.88 -37.8303 99.9916 0.5
7 629.694 -46.9961 98.258 0.5
7 660.639 -14.506 -73.7781 0.5
7 616.968 62.1738 72.8142 0.5
7 631.846 53.4284 51.7512 0.5
7 613.449 87.9421 47.0953 0.5
7 646.196 42.6524 8.3944 0.5
7 622.744 48.3248 -76.2509 0.5
7 645.424 37.0429 -37.5068 0.5
7 659.844 -92.8196 99.2547 0.5
7 653.391 -58.606 -99.4096 0.5
7 659.135 -152.359 -68.3924 0.5
7 639.816 -89.4988 90.0165 0.5
7 624.709 -114.257 -32.7673 0.5
7 621.481 -14.1593 100 0.5
7 629.452 48.3909 64.5411 0.5
7 627.438 4.61754 95.6656 0.5
7 628.243 69.774 -29.1027 0.5
7 616.531 -105.472 -5.31502 0.5
7 614.292 15.5174 98.5006 0.5
7 655.514 15.5964 -46.1214 0.5
7 641.094 50.7526 -14.7314 0.5
7 641.732 44.6055 -34.4804 0.5
7 647.273 -104.988 -88.7253 0.5
7 653.067 -66.1399 -99.9621 0.5
7 640.677 -136.445 45.5749 0.5
7 631.403 -14.443 98.5567 0.5
7 614.059 -61.5188 -79.8589 0.5
7 634.986 14.0137 -85.664 0.5
7 661.423 -29.2905 -84.1173 0.5
7 632.387 -91.4166 81.2184 0.5
7 622.507 -83.2395 73.9862 0.5
7 632.89 13.2833 -88.1435 0.5
7 623.317 -85.5957 73.1085 0.5
7 620.295 78.5928 -42.0606 0.5
7 656.878 -101.957 -96.4354 0.5
7 629.889 22.9997 -85.5689 0.5
7 637.333 -26.0707 98.7801 0.5
7 611.123 66.0002 -78.2653 0.5
7 623.913 -118.398 0.218703 0.5
7 637.054 -10.9205 -95.3184 0.5
7 652.929 -85.7342 -98.5309 0.5
7 626.051 67.2523 44.8986 0.5
7 631.881 -98.2688 -75.0653 0.5
7 617.575 3.32169 -99.4213 0.5
7 655.567 -132.336 80.6584 0.5
7 635.369 -133.284 31.0947 0.5
7 641.322 46.4781 31.1316 0.5
7 649.771 -16.8266 88.6051 0.5
7 612.614 -86.3629 -48.3479 0.5
7 629.327 -29.3059 99.9883 0.5
7 623.387 -6.41207 99.3848 0.5
7 615.811 -13.3642 99.5942 0.5
7 612.303 101.477 6.82841 0.5
7 656.833 -144.073 72.7086 0.5
7 655.133 9.33843 -57.5052 0.5
7 633.609 3.98243 92.0074 0.5
7 633.25 31.8998 74.7109 0.5
7 639.266 -86.2079 91.1103 0.5
7 649.598 -37.7035 96.7773 0.5
7 654.376 28.0865 12.2417 0.5
7 639.954 -86.9709 91.3031 0.5
7 633.861 -135.533 -4.39026 0.5
7 650.037 28.4893 38.8724 0.5
7 645.382 44.4002 1.82629 0.5
7 631.05 -117.533 -49.702 0.5
7 663.374 -63.2217 -97.1934 0.5
7 622.388 76.9193 -37.5648 0.5
7 652.726 -149.493 -58.3807 0.5
7 653.7 -153.431 -55.116 0.5
7 657.372 8.3431 -53.169 0.5
8 636.233 -47.9358 -30.5404 0.5
8 617.342 110.708 -27.5135 0.5
8 653.034 -21.0982 -22.285 0.5
8 621.408 -29.683 85.8432 0.5
8 622.25 -73.2823 -26.7714 0.5
8 666.384 106.984 99.7204 0.5
8 647.688 164.134 24.2871 0.5
8 620.52 119.862 -6.45998 0.5
8 616.59 -25.8836 -92.0188 0.5
8 611.784 -93.8601 15.4424 0.5
8 631.437 82.5012 90.0331 0.5
8 636.573 -32.4158 -59.6078 0.5
8 664.391 72.8903 -97.2794 0.5
8 646.227 78.5279 -99.0249 0.5
8 618.964 102.061 53.1844 0.5
8 645.711 75.9068 -99.2526 0.5
8 647.273 104.001 -92.6654 0.5
8 616.261 98.1861 -51.8775 0.5
8 660.245 81.0433 -99.6926 0.5
8 616.521 -43.1155 -82.6726 0.5
8 664.911 172.26 65.8004 0.5
8 643.308 20.0856 -91.8872 0.5
8 626.676 3.43678 96.2024 0.5
8 612.372 74.0159 -73.2678 0.5
8 613.346 105.733 19.4625 0.5
8 624.217 -37.95 76.4819 0.5
8 639.844 136.998 55.0913 0.5
8 640.01 -26.3481 -59.762 0.5
8 652.425 169.781 -32.8532 0.5
8 663.884 190.245 31.0294 0.5
8 660.582 105.704 98.6721 0.5
8 620.893 119.885 -12.8765 0.5
8 627.445 1.12651 95.0933 0.5
8 662.587 113.883 97.781 0.5
8 639.97 25.8034 -96.0126 0.5
8 646.899 56.2284 -99.5445 0.5
8 623.915 48.3406 97.4615 0.5
8 650.502 126.222 84.0247 0.5
8 615.204 96.5377 -51.5768 0.5
8 619.716 66.0527 -88.0666 0.5
8 644.845 160.738 17.0633 0.5
8 617.546 12.3267 -99.9664 0.5
8 666.383 196.946 -22.4909 0.5
8 638.756 142.313 42.2096 0.5
8 622.411 46.8031 -97.2102 0.5
8 618.164 -27.6126 -89.993 0.5
8 665.411 121.418 -97.1771 0.5
8 611.741 -94.3718 -12.3275 0.5
8 633.671 21.8167 -97.763 0.5
8 651.935 174.471 -1.56067 0.5
8 628.638 -14.7196 -87.2551 0.5
8 665.526 13.5093 -53.4528 0.5
8 649.05 -7.5312 -63.7823 0.5
8 628.289 96.5281 -77.6587 0.5
8 662.042 51.3412 91.3657 0.5
8 637.351 -20.2572 -71.92 0.5
8 631.984 -59.6087 9.61196 0.5
8 626.777 53.3652 -97.4461 0.5
8 632.361 123.638 55.6898 0.5
8 655.446 167.414 49.5697 0.5
8 627.211 -61.6552 -35.9465 0.5
8 666.534 182.963 55.4879 0.5
8 645.304 122.98 80.0141 0.5
8 625.301 31.0421 99.9638 0.5
8 660.798 135.073 89.1825 0.5
8 663.631 13.3269 58.0661 0.5
8 632.358 140.575 -0.170617 0.5
8 614.302 6.23958 -99.9531 0.5
8 653.168 168.175 -40.2195 0.5
8 655.238 179.071 15.0129 0.5
8 663.114 188.216 -33.0815 0.5
8 615.349 89.3454 62.2891 0.5
8 658.622 100.507 98.9519 0.5
8 645.447 -2.74715 -75.1324 0.5
8 642.127 -5.76362 77.4482 0.5
8 622.593 -75.0788 -15.8162 0.5
8 638.08 93.802 90.1319 0.5
8 638.301 63.0326 -99.2576 0.5
8 644.245 34.0962 96.2668 0.5
8 644.598 145.471 54.7273 0.5
8 651.047 -9.98588 -55.8767 0.5
8 657.512 178.395 -33.417 0.5
8 611.696 10.0156 -99.8632 0.5
8 646.152 30.0974 -93.9081 0.5
8 628.291 63.6753 95.3488 0.5
8 634.151 -11.0367 83.7014 0.5
8 653.141 -6.16114 -56.1699 0.5
8 633.523 16.2642 96.4717 0.5
8 622.312 108.643 -51.916 0.5
8 619.141 87.5466 71.5484 0.5
8 622.409 112.322 -45.6372 0.5
8 628.859 134.507 -1.22342 0.5
8 618.759 115.392 -17.9818 0.5
8 619.492 -81.1717 -10.354 0.5
8 661.089 92.9218 -99.9666 0.5
8 648.514 132.468 76.9121 0.5
8 621.838 -41.7159 76.7781 0.5
8 662.546 59.1633 94.1504 0.5
8 647.726 126.732 -80.3444 0.5
8 656.935 41.2589 -90.8054 0.5
8 654.025 46.7617 94.9611 0.5
8 640.541 -1.4839 82.6919 0.5
8 623.914 99.6997 -67.5355 0.5
8 657.535 128.272 89.7562 0.5
8 622.027 71.2949 87.3885 0.5
8 666.064 166.296 73.9283 0.5
8 637.964 27.0826 -97.2709 0.5
8 616.183 -57.2908 -71.5608 0.5
8 653.418 3.09389 67.3063 0.5
8 655.927 28.4489 -84.831 0.5
8 620.322 37.128 98.4748 0.5
8 633.512 124.761 -56.9689 0.5
8 611.249 14.3869 -99.4605 0.5
8 635.971 -13.8815 -79.4582 0.5
8 636.641 -24.1438 69.2535 0.5
8 653.47 9.02291 -73.2095 0.5
8 616.785 -59.9393 67.7613 0.5
8 631.931 30.6114 -99.5736 0.5
8 634.045 -54.0632 21.9503 0.5
8 627.762 82.0335 -86.9353 0.5
8 619.298 107.687 -44.1368 0.5
8 631.763 117.167 63.0456 0.5
8 655.601 140.244 80.4391 0.5
8 620.106 113.127 34.7362 0.5
8 664.649 31.7966 76.2422 0.5
8 666.411 125.976 96.4471 0.5
8 659.591 153.991 74.9089 0.5
8 627.566 45.9949 -99.0544 0.5
8 642.632 -6.01373 76.5155 0.5
8 612.407 7.19619 99.9931 0.5
8 651.632 57.2867 -98.6004 0.5
8 654.572 -17.8568 24.6748 0.5
8 660.31 52.2994 93.026 0.5
8 647.714 0.414271 -74.4526 0.5
8 621.711 -64.8498 -49.3314 0.5
8 614.342 98.6582 45.0299 0.5
8 623.685 -34.1858 80.1944 0.5
8 634.388 41.759 -99.9728 0.5
8 645.503 100.091 93.0034 0.5
8 645.815 154.328 42.662 0.5
8 613.188 -63.1142 -70.9348 0.5
8 632.292 39.7869 99.9977 0.5
8 656.717 118.898 -93.2444 0.5
8 638.896 145.059 36.3529 0.5
8 665.302 55.9245 -90.8856 0.5
8 634.328 -35.9747 60.0503 0.5
8 623.748 28.2542 -99.9664 0.5
8 649.634 45.2047 96.7481 0.5
9 904.892 165.238 75.7889 0.5
9 896.692 79.9473 -97.9688 0.5
9 828.153 23.9203 -64.899 0.5
9 690.593 121.305 97.7042 0.5
9 690.186 165.266 -75.7652 0.5
9 928.032 183.181 -55.5055 0.5
9 905.283 96.5095 -99.9391 0.5
9 989.759 53.4381 -88.4985 0.5
9 886.101 199.898 -4.50921 0.5
9 768.161 22.8508 -63.624 0.5
9 815.84 196.349 26.7732 0.5
9 836.09 24.3064 65.3489 0.5
9 692.479 102.977 -99.9557 0.5
9 949.76 193.201 36.2436 0.5
9 982.459 8.23693 39.7434 0.5
9 782.563 0.926734 13.5826 0.5
9 760.077 127.28 96.2071 0.5
9 679.004 156.383 -82.5888 0.5
9 920.809 131.166 95.0195 0.5
9 883.395 153.214 -84.6657 0.5
9 980.691 135.949 93.3151 0.5
9 814.237 44.6154 -83.2619 0.5
9 947.216 26.3964 67.6943 0.5
9 950.479 64.3427 93.4267 0.5
9 872.319 61.0534 92.1041 0.5
9 823.559 72.2485 -96.0721 0.5
9 941.18 33.7666 -74.9209 0.5
9 738.144 13.9665 -50.973 0.5
9 696.235 43.8477 82.7461 0.5
9 671.071 95.9512 -99.918 0.5
9 754.799 67.3707 -94.5269 0.5
9 695.138 165.962 -75.16 0.5
9 694.595 147.402 88.0514 0.5
9 892.532 5.64464 -33.122 0.5
9 718.381 133.424 94.2489 0.5
9 852.149 25.2115 -66.3829 0.5
9 859.901 84.7622 -98.8322 0.5
9 788.507 79.4849 97.873 0.5
9 828.272 80.6974 98.1194 0.5
9 820.687 6.26805 -34.8471 0.5
9 824.289 163.599 77.1698 0.5
9 794.506 52.3104 -87.896 0.5
9 750.796 17.1122 -55.9429 0.5
9 714.789 89.968 -99.4955 0.5
9 753.236 150.531 -86.2941 0.5
9 874.843 0.819668 12.7774 0.5
9 925.988 66.1393 -94.0928 0.5
9 867.318 119.163 98.1467 0.5
9 974.911 150.182 86.497 0.5
9 720.593 87.6885 99.2392 0.5
9 680.986 181.332 -58.1816 0.5
9 995.702 188.951 -45.6919 0.5
9 861.229 157.348 81.9221 0.5
9 779.113 124.827 -96.8692 0.5
9 885.111 14.3391 -51.5965 0.5
9 713.056 196.141 -27.5122 0.5
9 910.41 66.4988 -94.2214 0.5
9 681.901 26.7231 68.0478 0.5
9 960.593 49.1499 -86.1061 0.5
9 737.476 109.012 -99.5931 0.5
9 838.21 42.3089 81.6807 0.5
9 985.366 2.83752 -23.6528 0.5
9 727.76 142.015 90.7454 0.5
9 739.79 156.906 -82.2293 0.5
9 987.046 139.379 -91.9201 0.5
9 843.451 6.3251 -35.0002 0.5
9 741.077 199.587 9.08453 0.5
9 750.627 196.547 -26.052 0.5
9 894.943 108.369 99.6492 0.5
9 909.094 197.992 -19.9392 0.5
9 998.686 21.5217 -61.9771 0.5
9 780.258 175.066 66.0691 0.5
9 719.6 16.6075 55.1877 0.5
9 725.953 3.58094 26.521 0.5
9 922.695 119.203 98.1389 0.5
9 907.292 194.84 -31.7067 0.5
9 858.749 190.36 42.8371 0.5
9 863.947 157.857 -81.5634 0.5
9 978.226 126.503 -96.424 0.5
9 781.696 0.247889 7.03678 0.5
9 889 149.741 86.7518 0.5
9 905.091 68.6102 94.9457 0.5
9 743.618 22.4694 63.1586 0.5
9 749.19 6.86511 -36.4128 0.5
9 780.376 179.262 -60.9712 0.5
9 748.734 44.6863 -83.309 0.5
9 810.049 8.81697 41.0567 0.5
9 949.169 198.774 15.6103 0.5
9 794.673 105.806 99.8313 0.5
9 795.289 0.930971 -13.6135 0.5
9 823.412 162.521 -78.0456 0.5
9 888.856 175.61 -65.4461 0.5
9 963.962 187.221 -48.9123 0.5
9 893.168 97.2752 -99.9629 0.5
9 890.654 188.588 46.3907 0.5
9 955.954 194.915 31.4824 0.5
9 843.498 195.573 29.4242 0.5
9 708.054 32.9484 -74.1895 0.5
9 764.439 27.9554 69.3512 0.5
9 851.93 199.99 1.44557 0.5
9 707.564 195.325 30.2183 0.5
9 966.897 182.144 -57.0301 0.5
9 870.357 0.200355 6.32699 0.5
9 877.96 119.362 -98.1077 0.5
9 992.163 130.347 -95.284 0.5
9 687.585 187.15 -49.0401 0.5
9 816.085 0.173081 5.88101 0.5
9 702.168 1.72374 -18.4872 0.5
9 977.307 135.444 -93.508 0.5
9 676.755 117.392 98.4759 0.5
9 873.47 99.0945 -99.9959 0.5
9 951.759 85.4435 98.9349 0.5
9 815.007 57.4122 90.4781 0.5
9 673.702 197.091 -23.9438 0.5
9 836.275 197.663 21.4925 0.5
9 859.306 140.29 91.5246 0.5
9 747.232 77.4121 97.4155 0.5
9 960.273 101.805 -99.9837 0.5
9 971.628 40.4581 -80.3415 0.5
9 691.56 29.1644 70.5855 0.5
9 911.327 196.698 25.4864 0.5
9 745.352 126.632 96.3886 0.5
9 812.265 199.684 -7.94065 0.5
9 971.512 195.778 28.7488 0.5
9 765.858 64.9667 93.6625 0.5
9 836.562 191.887 -39.4557 0.5
9 866.924 23.6238 -64.5498 0.5
9 805.117 142.662 90.4431 0.5
9 809.236 134.877 93.7209 0.5
9 760.259 23.1826 -64.0241 0.5
9 892.384 23.3766 -64.2562 0.5
