0 204.517 85.4793 3.76148 0.5
0 254.771 108.764 12.1733 0.5
0 213.885 108.328 -12.4759 0.5
0 65.036 113.963 -5.48111 0.5
0 66.1718 101.668 -14.9069 0.5
0 165.155 114.923 -1.51595 0.5
0 277.268 85.0008 -0.155459 0.5
0 267.172 98.085 -14.8773 0.5
0 301.529 114.996 -0.329665 0.5
0 124.033 95.6604 14.3585 0.5
0 275.629 89.121 10.327 0.5
0 138.27 97.7696 -14.8333 0.5
0 129.437 89.1816 -10.3905 0.5
0 170.123 85.6788 -4.46129 0.5
0 76.0577 92.4986 -12.9896 0.5
0 245.446 92.6544 13.0783 0.5
0 286.263 87.3189 -8.01182 0.5
0 116.62 108.404 12.4249 0.5
0 78.3114 88.2114 -9.27516 0.5
0 185.445 86.7653 7.06001 0.5
0 194.255 101.818 -14.8894 0.5
0 15.763 106.829 -13.3554 0.5
0 200.21 86.3606 -6.24226 0.5
0 316.491 96.5466 14.5971 0.5
0 188.391 106.376 13.5775 0.5
0 152.793 106.407 13.5628 0.5
0 195.243 92.3262 -12.8885 0.5
0 257.991 92.1559 12.7855 0.5
0 117.271 103.864 -14.4937 0.5
0 151.503 114.272 4.61545 0.5
0 205.058 112.959 -7.55444 0.5
0 137.628 104.254 14.3841 0.5
0 279.363 114.987 -0.623236 0.5
0 160.715 107.277 13.1166 0.5
0 138.684 85.0031 -0.305397 0.5
0 273.261 107.064 13.2327 0.5
0 283.008 98.6289 14.9372 0.5
0 137.69 85.387 -3.38522 0.5
0 290.889 89.3479 -10.5609 0.5
0 240.595 95.4084 14.28 0.5
0 196.997 87.5373 8.34752 0.5
0 78.4061 90.8152 -11.8591 0.5
0 269.194 114.879 -1.90108 0.5
0 220.604 114.925 1.49472 0.5
0 157.3 114.441 -4.05788 0.5
0 189.462 97.531 14.7954 0.5
0 254.589 106.102 13.7028 0.5
0 249.169 87.9552 -8.94002 0.5
0 33.8724 106.311 -13.6079 0.5
0 72.9044 114.086 -5.15476 0.5
0 55.3774 112.573 8.17972 0.5
0 250.845 92.6728 13.0886 0.5
0 29.0331 100.617 14.9873 0.5
0 240.049 112.564 8.19474 0.5
0 327.657 92.7009 -13.1043 0.5
0 332.092 86.379 6.28234 0.5
0 243.458 98.6141 14.9358 0.5
0 243.034 114.651 3.21685 0.5
0 24.3473 114.979 0.802741 0.5
0 102.358 107.105 13.2105 0.5
0 261.844 107.157 -13.1826 0.5
0 187.636 92.7763 -13.146 0.5
0 304.372 109.203 -11.845 0.5
0 29.1108 103.817 -14.5062 0.5
0 73.6696 113.198 7.1292 0.5
0 168.514 114.832 -2.23585 0.5
0 137.831 85.1648 2.21746 0.5
0 71.5791 91.6666 -12.4721 0.5
0 132.768 90.1124 -11.2798 0.5
0 271.992 113.523 6.49048 0.5
0 302.912 113.667 -6.18132 0.5
0 207.967 97.4042 14.7737 0.5
0 44.5584 95.2924 -14.2421 0.5
0 303.398 113.519 6.49988 0.5
0 242.683 96.3442 14.5477 0.5
0 278.81 85.6015 -4.20512 0.5
0 310.579 85.2053 2.47314 0.5
0 304.394 86.5365 6.61311 0.5
0 281.169 100.754 14.981 0.5
0 112.408 103.988 14.4602 0.5
0 298.933 104.162 -14.411 0.5
0 85.0635 114.267 -4.63079 0.5
0 94.5018 98.2572 14.8984 0.5
0 114.772 112.977 7.52278 0.5
0 164.285 93.2604 13.4006 0.5
0 283.391 92.0266 12.7053 0.5
0 129.021 95.3153 14.2497 0.5
0 193.091 85.7333 -4.63251 0.5
0 289.799 105.991 13.7515 0.5
0 220.538 94.091 13.7871 0.5
0 274.678 102.952 -14.7067 0.5
0 65.517 105.55 -13.9353 0.5
0 109.07 86.3137 6.13883 0.5
0 192.346 88.3744 -9.47871 0.5
0 199.736 96.6711 14.626 0.5
0 254.098 91.2592 12.1901 0.5
0 16.1098 92.599 -13.047 0.5
0 145.799 100.978 14.9681 0.5
0 221.175 85.6408 4.3373 0.5
0 201.28 114.243 -4.70607 0.5
0 328.615 85.6094 -4.23203 0.5
0 54.3807 109.171 -11.8697 0.5
0 125.101 114.623 3.34284 0.5
0 181.705 112.519 -8.26209 0.5
0 42.9377 89.0872 -10.2913 0.5
0 44.1893 86.0955 5.62706 0.5
0 283.178 89.3998 10.613 0.5
0 247.955 109.438 11.659 0.5
0 332.704 85.5712 -4.10002 0.5
0 167.461 86.0934 -5.62208 0.5
0 279.15 113.136 7.24246 0.5
0 244.936 105.187 -14.0748 0.5
0 4.69222 103.24 14.6458 0.5
0 281.333 92.4117 12.939 0.5
0 313.414 114.862 -2.02698 0.5
0 131.236 85.777 -4.76524 0.5
0 141.881 86.2806 6.0645 0.5
0 77.8663 110.364 10.8434 0.5
0 249.741 107.485 -12.9989 0.5
0 7.40643 108.1 12.6248 0.5
0 121.77 114.63 3.31241 0.5
0 212.517 111.071 -10.1206 0.5
0 329.191 100.783 14.9796 0.5
0 18.8611 85.2002 -2.44223 0.5
0 101.026 92.7129 -13.111 0.5
0 206.924 94.1345 -13.8056 0.5
0 48.6697 98.9036 14.9599 0.5
0 25.3904 114.051 5.25185 0.5
0 303.026 112.655 8.05287 0.5
0 76.5483 96.1466 14.4966 0.5
0 21.1105 110.984 -10.2158 0.5
0 106.387 87.6165 -8.46464 0.5
0 169.154 112.212 8.71047 0.5
0 266.369 114.926 -1.4895 0.5
0 157.524 112.435 -8.38822 0.5
0 233.935 101.823 -14.8888 0.5
0 99.4803 86.5737 -6.68836 0.5
0 238.435 88.353 -9.45235 0.5
0 119.096 85.3789 3.34997 0.5
0 23.1035 99.131 14.9748 0.5
0 301.546 94.8066 14.0723 0.5
0 93.0186 113.853 5.75205 0.5
0 104.385 102.105 14.8516 0.5
0 127.849 106.079 13.7128 0.5
0 106.505 85.19 2.38009 0.5
0 272.797 85.946 5.24252 0.5
0 304.283 105.04 14.128 0.5
0 238.518 96.5835 -14.6057 0.5
0 328.461 111.786 -9.27796 0.5
0 168.933 85.5364 -3.9756 0.5
0 76.6889 114.705 2.9625 0.5
0 205.369 105.342 14.0167 0.5
0 196.148 95.6121 14.3439 0.5
0 57.2943 98.4252 14.9171 0.5
0 15.349 91.2173 -12.1599 0.5
0 138.021 109.19 -11.8552 0.5
0 143.943 88.7847 -9.96082 0.5
0 7.57278 111.42 9.72499 0.5
0 257.53 110.43 -10.7803 0.5
0 67.0027 95.6416 -14.3528 0.5
0 182.868 89.357 10.5701 0.5
0 73.0091 104.023 14.4503 0.5
0 188.603 98.305 -14.9039 0.5
0 69.7981 92.5376 13.012 0.5
0 289.357 85.4666 3.71231 0.5
0 325.725 106.748 -13.3965 0.5
0 257.781 93.825 -13.67 0.5
0 277.095 112.61 -8.12391 0.5
0 263.379 90.0178 -11.1962 0.5
0 50.6756 98.583 14.9329 0.5
0 169.962 108.135 -12.6024 0.5
0 124.181 95.6496 -14.3553 0.5
0 111.589 100.691 -14.9841 0.5
0 68.9401 110.904 10.3001 0.5
0 232.771 100.402 14.9946 0.5
0 269.201 114.908 1.65672 0.5
0 91.9411 108.915 12.0634 0.5
0 251.68 114.894 1.77922 0.5
0 92.53 110.974 10.2264 0.5
0 296.986 113.197 7.13086 0.5
0 200.774 100.496 -14.9918 0.5
0 142.483 94.7406 14.0477 0.5
0 18.3838 99.6233 14.9953 0.5
0 186.705 111.493 -9.6392 0.5
0 328.576 89.5362 -10.7475 0.5
0 321.299 91.0431 -12.0322 0.5
0 82.5378 108.27 12.5143 0.5
0 281.778 108.105 -12.6216 0.5
0 241.2 113.666 6.18434 0.5
0 83.3324 88.4754 9.60122 0.5
0 235.779 111.501 9.62945 0.5
0 20.1203 90.4098 -11.5338 0.5
0 138.994 94.4574 -13.9384 0.5
0 54.4755 114.886 -1.84336 0.5
0 71.41 87.7051 -8.59274 0.5
0 27.3849 89.8248 11.0211 0.5
0 212.336 106.822 -13.3588 0.5
0 185.914 85.769 4.74103 0.5
0 158.793 88.9472 10.1408 0.5
0 324.74 97.3333 14.7611 0.5
0 35.7128 114.346 -4.38106 0.5
0 233.587 87.9769 8.96909 0.5
0 136.17 114.241 -4.70999 0.5
0 183.486 105.815 13.8268 0.5
0 146.823 93.9176 13.7115 0.5
0 111.584 107.545 -12.9646 0.5
0 40.6099 114.264 -4.6402 0.5
0 70.0314 99.0628 14.9707 0.5
0 264.522 110.045 11.1397 0.5
0 206.917 106.31 -13.6081 0.5
0 327.812 96.3412 -14.5469 0.5
0 111.385 86.9724 -7.43516 0.5
0 205.774 114.618 -3.36325 0.5
0 97.8336 94.4836 13.9488 0.5
0 135.055 89.5755 -10.7856 0.5
0 245.848 107.789 -12.8194 0.5
0 116.682 105.608 -13.9122 0.5
0 301.037 109.513 11.5975 0.5
0 310.082 110.581 -10.6321 0.5
0 53.5597 86.3905 6.30723 0.5
0 287.859 109.82 -11.3389 0.5
0 176.839 98.7329 14.9464 0.5
0 22.1502 114.944 1.29661 0.5
0 141.685 97.2765 -14.7507 0.5
0 158.909 114.163 4.94043 0.5
0 51.1036 88.1646 9.21543 0.5
0 289.103 109.321 11.7527 0.5
0 206.119 89.6053 10.8143 0.5
0 51.1083 108.216 12.5497 0.5
0 7.96434 85.5492 4.02188 0.5
0 253.255 85.9057 5.13333 0.5
0 149.743 108.343 -12.466 0.5
0 35.5658 89.2996 10.5119 0.5
0 160.664 106.341 -13.5939 0.5
0 6.58434 103.998 -14.4574 0.5
0 74.0829 91.7848 -12.5503 0.5
0 23.0829 114.444 4.04663 0.5
0 209.037 96.7202 -14.637 0.5
0 303.655 109.474 11.6297 0.5
0 289.198 114.924 -1.50544 0.5
0 57.4813 88.5181 9.65227 0.5
0 107.346 85.2187 -2.55222 0.5
0 103.175 85.2869 -2.91949 0.5
0 103.347 107.465 -13.0107 0.5
0 275.505 114.101 5.11519 0.5
0 312.874 99.8675 14.9994 0.5
0 310.058 114.846 -2.142 0.5
0 64.112 93.9927 13.7445 0.5
0 252.972 97.3891 -14.771 0.5
0 69.4389 101.399 14.9346 0.5
0 235.775 106.692 13.4244 0.5
0 113.389 88.1377 -9.18076 0.5
0 294.828 114.453 -4.01291 0.5
1 461.634 -110.66 9.55461 0.5
1 349.212 63.6651 -12.1234 0.5
1 352.886 56.3575 11.3761 0.5
1 397.228 4.24684 -1.59219 0.5
1 435.306 -67.1034 11.5932 0.5
1 425.797 -74.7709 -3.36076 0.5
1 485.031 -150.183 8.19344 0.5
1 343.468 69.1224 -6.89133 0.5
1 449.854 -116.332 -3.7973 0.5
1 420.755 -53.2 -14.8939 0.5
1 335.042 84.8327 -8.717 0.5
1 415.93 -28.5186 3.67418 0.5
1 338.425 96.8782 -13.8757 0.5
1 410.234 -24.1178 -11.9417 0.5
1 430.598 -56.7034 9.30654 0.5
1 395.18 -8.11326 14.9672 0.5
1 445.779 -80.9708 -5.89832 0.5
1 480.068 -157.942 -14.5134 0.5
1 374.658 30.7477 14.819 0.5
1 405.546 -12.4841 -8.15259 0.5
1 337.315 79.506 -6.33217 0.5
1 498.228 -200.116 3.80335 0.5
1 406.673 -34.0747 13.2416 0.5
1 499.42 -189.966 -14.8235 0.5
1 493.186 -162.003 1.96659 0.5
1 345.145 78.6624 -14.9743 0.5
1 405.94 -30.2201 14.3213 0.5
1 336.443 87.1311 13 0.5
1 488.776 -183.455 4.7726 0.5
1 385.024 -4.53045 0.104814 0.5
1 353.893 69.3002 14.1734 0.5
1 365.308 49.5783 14.1563 0.5
1 385.455 -3.21628 7.58821 0.5
1 348.926 87.8763 -1.85865 0.5
1 370.735 35.9533 -14.982 0.5
1 475.218 -159.691 5.54026 0.5
1 447.807 -92.0557 -13.6504 0.5
1 484.376 -176.612 0.262462 0.5
1 427.374 -55.6172 -13.123 0.5
1 458.449 -109.722 13.2742 0.5
1 466.28 -115.89 4.27033 0.5
1 454.532 -106.195 -14.5295 0.5
1 496.747 -194.591 -9.57045 0.5
1 367.034 51.0135 -11.7021 0.5
1 435.686 -71.0283 -13.6349 0.5
1 348.33 65.5038 12.3441 0.5
1 360.16 63.7737 10.9627 0.5
1 470.47 -146.65 11.9072 0.5
1 495.071 -194.406 -4.62851 0.5
1 418.222 -49.8284 -14.7369 0.5
1 347.821 62.1648 -7.91386 0.5
1 357.39 72.3799 -5.25879 0.5
1 338.759 86.0582 14.295 0.5
1 497.532 -188.224 14.5043 0.5
1 497.414 -192.67 12.3767 0.5
1 339.333 101.097 -9.64353 0.5
1 404.778 -13.6151 -11.0617 0.5
1 353.729 62.4001 14.8267 0.5
1 376.145 15.0907 -10.4529 0.5
1 481.799 -170.335 -7.15293 0.5
1 493.583 -172.964 -14.2782 0.5
1 339.521 92.0539 -14.7419 0.5
1 381.516 20.3414 -14.5118 0.5
1 335.989 91.1505 14.3856 0.5
1 394.607 7.85086 -5.43811 0.5
1 418.117 -43.3484 14.5856 0.5
1 473.128 -143.832 -14.9033 0.5
1 455.733 -127.001 -0.222107 0.5
1 492.617 -189.269 -6.77875 0.5
1 479.444 -144.248 -12.1309 0.5
1 371.625 40.5549 13.3298 0.5
1 338.294 93.3165 14.878 0.5
1 488 -154.735 -7.20549 0.5
1 387.248 -8.13266 -2.72857 0.5
1 441.111 -92.9861 -13.6087 0.5
1 429.614 -60.928 -13.8183 0.5
1 407.594 -34.8502 -13.6464 0.5
1 435.569 -87.9116 -10.3747 0.5
1 406.806 -34.762 -12.9879 0.5
1 343.494 67.9866 -4.15235 0.5
1 336.503 103.107 -12.2919 0.5
1 493.135 -190.195 6.71924 0.5
1 379.817 8.92374 10.6485 0.5
1 475.298 -156.712 10.3864 0.5
1 480.746 -140.995 4.42724 0.5
1 427.14 -66.3075 14.5031 0.5
1 473.082 -152.656 10.6085 0.5
1 444.959 -107.284 5.53296 0.5
1 343.39 91.1189 -12.3331 0.5
1 445.284 -108.882 -0.798746 0.5
1 398.895 -14.3602 -14.9785 0.5
1 396.345 -24.0844 -1.27842 0.5
1 396.497 -12.0019 -14.7731 0.5
1 394.203 -10.1323 14.2438 0.5
1 379.618 19.4984 14.9963 0.5
1 466.442 -121.363 -11.8569 0.5
1 481.135 -166.58 10.633 0.5
1 408.764 -26.75 -14.484 0.5
1 397.922 0.0445643 9.11088 0.5
1 408.745 -19.9522 10.548 0.5
1 480.09 -142.332 9.1859 0.5
1 394.169 -13.0566 -12.8813 0.5
1 376.401 40.4043 -0.0517196 0.5
1 383.195 6.88922 -13.3969 0.5
1 344.478 93.8123 -7.27915 0.5
1 340.382 72.8086 0.729567 0.5
1 354.722 48.0963 2.06814 0.5
1 337.759 77.9603 -4.28499 0.5
1 485.564 -168.469 -14.2123 0.5
1 434.555 -85.8462 10.6877 0.5
1 412.114 -51.3451 1.78766 0.5
1 451.583 -101.935 -14.7209 0.5
1 337.694 85.2259 13.1479 0.5
1 489.566 -155.687 1.59013 0.5
1 464.591 -119.377 -12.7086 0.5
1 346.148 91.6313 -5.81361 0.5
1 449.897 -95.4556 13.5482 0.5
1 350.1 58.0415 7.62563 0.5
1 376.86 18.5479 -13.7209 0.5
1 454.961 -100.838 -11.3318 0.5
1 335.548 87.5368 -12.2709 0.5
1 384.343 9.10763 -14.7831 0.5
1 392.799 -7.60083 14.2763 0.5
1 351.21 77.0745 12.6644 0.5
1 357.578 69.3504 -9.81379 0.5
1 468.41 -148.237 -4.59856 0.5
1 433.209 -58.1613 -2.25667 0.5
1 447.014 -109.054 8.79092 0.5
1 400.669 -16.9935 14.9956 0.5
1 473.046 -128.492 6.54598 0.5
1 364.651 52.9599 13.1573 0.5
1 365.489 59.2528 1.23827 0.5
1 401.112 -24.4192 -13.2546 0.5
1 389.442 -3.19256 13.744 0.5
1 459.412 -108.572 11.3538 0.5
1 437.277 -90.3937 -10.8494 0.5
1 490.637 -158.332 -5.04433 0.5
1 383.308 28.2272 -2.52152 0.5
1 468.361 -118.877 0.24186 0.5
1 372.789 46.409 2.7358 0.5
1 370.373 26.9698 12.0922 0.5
1 467.031 -130.814 -14.9808 0.5
1 447.602 -86.9583 -10.2399 0.5
1 491.248 -179.295 -13.8419 0.5
1 459.85 -105.136 -5.3935 0.5
1 422.166 -65.4879 -9.47982 0.5
1 389.003 16.9519 6.7898 0.5
1 422.273 -58.0105 -14.4673 0.5
1 356.52 62.3968 -14.7803 0.5
1 385.079 25.2852 1.6275 0.5
1 465.319 -136.468 12.7741 0.5
1 352.064 52.5719 -0.643086 0.5
1 416.946 -30.3933 -4.10529 0.5
1 339.966 73.5988 -1.61647 0.5
1 415.223 -31.6869 11.0449 0.5
1 356.436 60.2695 -14.9973 0.5
1 472.998 -153.378 -9.66482 0.5
1 394.668 7.30813 -6.44788 0.5
1 391.359 -8.38702 12.7611 0.5
1 471.476 -154.251 -0.763407 0.5
1 484.162 -175.405 4.9453 0.5
1 404.285 -21.513 -14.9365 0.5
1 487.851 -152.88 2.71087 0.5
1 362.656 63.7754 -3.58928 0.5
1 451.996 -90.7018 -2.26839 0.5
1 361.552 63.4562 8.53819 0.5
1 413.021 -38.8796 14.9755 0.5
1 468.975 -120.397 -3.68168 0.5
1 401.419 -32.4693 -3.68285 0.5
1 408.206 -44.2028 3.76902 0.5
1 399.131 -3.32199 -10.5704 0.5
1 411.365 -33.6111 -14.9203 0.5
1 420.968 -42.1155 11.4649 0.5
1 339.11 78.5956 -9.7501 0.5
1 386.688 -1.67084 11.802 0.5
1 338.313 98.264 -13.3242 0.5
1 417.198 -31.7008 6.42081 0.5
1 488.607 -158.195 10.4644 0.5
1 350.716 83.9388 5.26147 0.5
1 471.074 -151.925 6.83774 0.5
1 383.417 28.246 -0.420426 0.5
1 359.42 45.9951 12.1318 0.5
1 468.19 -137.731 14.4139 0.5
1 347.743 60.1311 -1.62881 0.5
1 454.927 -98.8197 -9.27754 0.5
1 476.72 -158.45 -11.0934 0.5
1 442.439 -95.6922 13.4125 0.5
1 453.02 -92.8207 -3.90323 0.5
1 453.279 -93.1743 3.53169 0.5
1 433.79 -78.091 -14.4304 0.5
1 369.607 31.4669 -13.8726 0.5
1 472.376 -129.333 9.6368 0.5
1 443.511 -99.8987 -11.951 0.5
1 396.147 -19.2721 -10.7362 0.5
1 383.724 19.6707 -13.2925 0.5
1 403.825 -37.0519 -1.13132 0.5
1 450.384 -116.112 6.79057 0.5
1 376.248 36.2601 10.6227 0.5
1 406.413 -32.1674 -13.9193 0.5
1 444.575 -79.4474 -7.06941 0.5
1 455.49 -121.092 11.5992 0.5
1 400.289 -21.3542 -14.0005 0.5
1 357.824 71.4463 -5.72297 0.5
1 468.865 -147.464 7.95643 0.5
1 416.875 -57.1318 -8.39143 0.5
1 351.161 79.0305 11.2614 0.5
1 401.333 -32.7783 -0.0222586 0.5
1 415.036 -36.4444 -14.1176 0.5
1 490.57 -157.581 -2.66563 0.5
1 486.21 -174.264 -11.6301 0.5
1 410.051 -34.2881 14.9336 0.5
1 397.68 -23.9609 8.27838 0.5
1 476.485 -134.636 -6.91853 0.5
1 417.931 -54.8148 12.5027 0.5
1 469.668 -149.433 6.94597 0.5
1 436.461 -91.4697 -7.74287 0.5
1 440.053 -96.5725 -9.35135 0.5
1 451.122 -90.0894 5.57426 0.5
1 495.887 -182.332 -14.9797 0.5
1 404.779 -25.9627 14.8355 0.5
1 464.598 -125.83 -14.9221 0.5
1 433.702 -87.7059 -5.73203 0.5
1 381.008 30.7821 6.82569 0.5
1 417.284 -42.3336 14.6817 0.5
1 372.183 29.1399 14.5689 0.5
1 488.443 -179.956 -9.86684 0.5
1 431.685 -85.0386 -3.04307 0.5
1 438.835 -96.9394 4.81583 0.5
1 476.134 -150.174 14.7293 0.5
1 451.877 -118.048 7.94359 0.5
1 338.355 106.011 2.94115 0.5
1 388.212 -8.02437 7.53289 0.5
1 469.704 -147.513 -9.85037 0.5
1 485.957 -178.952 3.44382 0.5
1 345.354 93.3483 -4.92397 0.5
1 405.065 -39.1195 1.91972 0.5
1 421.368 -52.2703 14.9985 0.5
1 455.984 -125.807 -6.79988 0.5
1 450.096 -90.1327 8.85643 0.5
1 338.115 95.3915 14.5433 0.5
1 389.363 3.02783 -14.9998 0.5
1 363.874 61.4511 -4.37308 0.5
1 335.579 107.442 9.82853 0.5
1 351.406 77.1694 -12.3783 0.5
1 482.153 -171.584 -5.83041 0.5
1 477.04 -134 -1.6619 0.5
1 488.268 -178.17 11.342 0.5
1 416.307 -34.9144 12.1479 0.5
1 483.78 -152.598 -12.6993 0.5
1 342.19 84.968 -14.9968 0.5
2 522.499 -137.721 9.01952 0.5
2 604.527 -3.52556 -14.4279 0.5
2 521.683 -136.184 -1.38414 0.5
2 520.807 -167.633 -0.321396 0.5
2 570.35 -74.8755 -12.6568 0.5
2 602.979 -4.63546 -13.8848 0.5
2 648.514 78.4182 11.3047 0.5
2 544.829 -119.616 12.299 0.5
2 659.992 91.5672 14.6701 0.5
2 501.847 -183.295 -14.8405 0.5
2 635.49 54.8957 -12.0773 0.5
2 603.913 -1.57345 13.2031 0.5
2 524.728 -134.533 -9.85025 0.5
2 555.579 -93.5376 -14.9576 0.5
2 635.169 51.0087 -13.93 0.5
2 662.509 84.4627 12.4702 0.5
2 650.282 74.9747 14.6204 0.5
2 608.646 -3.4275 14.7106 0.5
2 541 -123.418 -13.8512 0.5
2 578.712 -67.2551 1.61904 0.5
2 603.105 -15.4112 -14.0253 0.5
2 511.591 -163.876 14.237 0.5
2 541.845 -106.325 11.2934 0.5
2 587.236 -51.3865 5.86028 0.5
2 588.346 -45.4086 11.3965 0.5
2 661.278 98.6855 12.677 0.5
2 648.515 70.5983 14.861 0.5
2 554.48 -106.864 -8.21328 0.5
2 507.451 -188.67 -7.65266 0.5
2 515.605 -176.39 -2.76018 0.5
2 578.68 -51.4858 -14.9723 0.5
2 544.903 -96.3575 -3.67464 0.5
2 654.193 63.5527 -2.1677 0.5
2 561.011 -76.4878 -13.5125 0.5
2 637.64 38.5861 -10.0469 0.5
2 631.635 48.2032 -12.0891 0.5
2 541.109 -111.443 -13.7353 0.5
2 615.075 10.7236 14.9998 0.5
2 588.661 -47.7762 8.03582 0.5
2 542.342 -101.758 6.37253 0.5
2 651.734 63.4056 10.481 0.5
2 512.394 -152.765 4.05254 0.5
2 521.311 -164.152 8.45776 0.5
2 638.528 36.3843 1.90749 0.5
2 561.554 -72.0202 11.1445 0.5
2 530.217 -128.223 12.6158 0.5
2 659.978 73.5562 -2.05241 0.5
2 597.984 -11.3311 12.9143 0.5
2 626.62 45.2338 3.45579 0.5
2 599.886 -9.6206 -13.727 0.5
2 643.308 46.0213 6.49717 0.5
2 567.57 -85.3729 6.03574 0.5
2 625.759 16.5703 -8.17755 0.5
2 588.691 -33.2866 -14.8951 0.5
2 564.497 -79.8598 14.7176 0.5
2 519.001 -141.713 -5.24902 0.5
2 566.33 -59.7509 5.28689 0.5
2 613.661 -6.68552 -1.91753 0.5
2 559.552 -100.443 -1.59386 0.5
2 509.347 -165.066 13.0365 0.5
2 538.287 -109.987 8.47933 0.5
2 542.229 -130.517 -0.685127 0.5
2 520.361 -152.745 14.9853 0.5
2 648.206 59.8658 -12.5869 0.5
2 526.815 -156.897 -3.14239 0.5
2 516.897 -150.537 -12.0947 0.5
2 630.861 47.9954 11.1698 0.5
2 640.262 68.7958 -3.7282 0.5
2 517.034 -160.063 -14.9735 0.5
2 578.865 -37.2335 2.15936 0.5
2 661.526 80.9621 -11.0593 0.5
2 513.167 -175.556 11.4531 0.5
2 556.182 -89.1259 14.8318 0.5
2 550.371 -104.194 -14.7431 0.5
2 555.167 -85.6804 -13.0232 0.5
2 604.092 6.32807 2.93532 0.5
2 666.1 97.0125 -14.8652 0.5
2 643.008 44.3686 3.20476 0.5
2 525.361 -136.549 -12.5601 0.5
2 519.232 -140.639 -2.8566 0.5
2 561.594 -67.1905 2.44193 0.5
2 596.391 -36.72 0.123239 0.5
2 641.359 68.6313 -8.34348 0.5
2 597.905 -30.861 9.30749 0.5
2 635.912 33.8214 -7.63837 0.5
2 640.593 65.7293 10.315 0.5
2 643.833 67.7628 13.0975 0.5
2 521.057 -141.893 -10.8955 0.5
2 613.125 19.597 8.53564 0.5
2 615.384 26.1737 -0.262455 0.5
2 591.912 -43.9614 -3.90342 0.5
2 548.968 -98.7083 -14.0877 0.5
2 573.994 -74.4213 -5.62103 0.5
2 640.02 42.7409 -10.0835 0.5
2 526.135 -158.362 -1.17014 0.5
2 521.11 -155.006 -14.7183 0.5
2 582.798 -46.5508 -14.9448 0.5
2 531.744 -145.998 8.57721 0.5
2 553.587 -87.7436 -12.6148 0.5
2 546.823 -100.632 13.2961 0.5
2 662.152 97.785 13.9134 0.5
2 589.844 -38.942 -13.7987 0.5
2 529.149 -127.801 -10.8225 0.5
2 584.309 -29.4692 -7.16453 0.5
2 643.785 45.7016 -3.14658 0.5
2 500.602 -195.304 -12.8897 0.5
2 591.215 -20.6099 11.1121 0.5
2 516.235 -145.821 -2.8117 0.5
2 535.419 -139.086 -9.31386 0.5
2 609.663 6.16762 -14.1767 0.5
2 533.957 -144.859 -0.199782 0.5
2 662.698 89.7389 14.6126 0.5
2 518.643 -141.464 -1.53594 0.5
2 622.682 20.0289 -14.514 0.5
2 607.817 -0.270346 14.9079 0.5
2 552.819 -83.2742 -5.59796 0.5
2 618.193 31.0368 0.340509 0.5
2 502.77 -177.908 13.761 0.5
2 509.298 -179.989 -13.0368 0.5
2 583.711 -58.6153 1.42615 0.5
2 568.494 -80.3896 -10.8572 0.5
2 513.491 -169.889 -14.2835 0.5
2 614.086 23.8871 -1.10117 0.5
2 579.647 -38.0978 -8.0998 0.5
2 540.036 -107.128 8.72185 0.5
2 646.033 79.2348 -0.891672 0.5
2 550.604 -91.4547 -11.5485 0.5
2 657.25 73.3365 10.8534 0.5
2 659.707 99.7971 -9.19479 0.5
2 546.972 -117.067 -11.3997 0.5
2 662.806 94.6281 14.9423 0.5
2 604.602 6.8816 -4.26399 0.5
2 590.892 -21.4082 -11.324 0.5
2 654.647 93.7535 3.56002 0.5
2 571.489 -76.8076 -9.05859 0.5
2 506.09 -174.825 -14.6321 0.5
2 653.287 63.3312 -6.55082 0.5
2 562.461 -70.1948 10.9089 0.5
2 653.249 91.0139 4.67221 0.5
2 623.285 38.1297 6.99671 0.5
2 532.286 -147.303 -3.65011 0.5
2 505.104 -171.748 -12.6339 0.5
2 653.199 82.1511 -13.9638 0.5
2 558.291 -96.7266 -11.9892 0.5
2 604.142 -11.1325 -14.7293 0.5
2 634.789 33.2931 9.6393 0.5
2 624.885 41.5965 5.47679 0.5
2 561.303 -68.6956 5.87783 0.5
2 526.6 -155.433 7.76941 0.5
2 614.018 2.01766 13.3744 0.5
2 545.979 -123.832 2.47473 0.5
2 635.961 45.241 -14.917 0.5
2 648.975 56.1339 7.0817 0.5
2 655.717 66.445 -3.48296 0.5
2 620.16 8.24122 -9.96995 0.5
2 616.453 12.9196 14.9996 0.5
2 502.057 -170.372 -2.7779 0.5
2 597.931 -33.0915 5.28745 0.5
2 512.693 -181.25 3.61067 0.5
2 592.782 -30.2633 14.8241 0.5
2 590.6 -24.3821 13.0648 0.5
2 532.388 -138.937 13.5853 0.5
2 645.117 53.1823 11.6149 0.5
2 587.868 -34.8623 -14.9121 0.5
2 648.432 54.4293 -5.4168 0.5
2 654.647 80.8875 -14.9026 0.5
2 528.986 -123.501 0.981845 0.5
2 512.936 -151.275 -0.41168 0.5
2 658.103 92.7033 -12.9692 0.5
2 511.148 -158.025 9.81805 0.5
2 566.246 -65.7326 12.5597 0.5
2 514.971 -148.215 3.72816 0.5
2 520.322 -140.347 7.2553 0.5
2 568.988 -73.7825 -14.278 0.5
2 579.247 -47.6124 14.5101 0.5
2 640.642 43.5636 9.79427 0.5
2 615.07 25.5084 -1.92764 0.5
2 565.029 -65.8917 -11.0439 0.5
2 588.961 -38.1204 14.5788 0.5
2 509.004 -164.694 -12.4366 0.5
2 563.855 -76.2454 -14.888 0.5
2 525.869 -154.433 10.6489 0.5
2 612.93 20.7077 -5.92158 0.5
2 662.718 78.7572 4.19027 0.5
2 510.731 -172.448 -14.8134 0.5
2 586.965 -24.5083 -6.45635 0.5
2 531.482 -121.327 -7.78783 0.5
2 571.675 -70.1451 13.9096 0.5
2 629.864 33.4338 14.732 0.5
2 542.591 -104.47 -10.7749 0.5
2 542.715 -108.008 -13.4293 0.5
2 657.408 90.9481 13.275 0.5
2 561.474 -90.2859 12.6337 0.5
2 592.871 -33.7728 13.7675 0.5
2 584.923 -27.422 -4.94052 0.5
2 513.569 -152.582 8.15347 0.5
2 590.544 -46.0363 -4.87063 0.5
2 590.49 -32.8628 14.9717 0.5
2 569.153 -83.7453 2.14344 0.5
2 652.528 82.5388 -13.2522 0.5
2 554.194 -99.3683 14.2901 0.5
2 543.834 -126.798 -5.26396 0.5
2 536.659 -110.894 -4.57372 0.5
2 521.548 -149.229 -14.849 0.5
2 602.298 -18.7265 -13.139 0.5
2 590.826 -44.5945 7.05891 0.5
2 509.949 -185.797 -4.3556 0.5
2 665.76 83.7319 2.99477 0.5
2 553.016 -81.9768 1.95126 0.5
2 623.981 16.6349 11.664 0.5
2 607.02 11.5422 -2.09131 0.5
2 663.279 82.2502 -9.15451 0.5
2 626.088 37.1805 13.0108 0.5
2 627.724 47.407 2.06306 0.5
2 589.882 -41.8469 12.1094 0.5
2 579.376 -37.8221 -6.80215 0.5
2 583.233 -34.3887 11.0697 0.5
2 595.966 -36.5369 -5.1739 0.5
2 658.167 94.8556 -11.5442 0.5
2 640.994 55.1303 -14.9946 0.5
2 601.657 2.39409 0.42816 0.5
2 590.319 -46.9351 -3.00172 0.5
2 596.345 -36.7268 1.49353 0.5
2 626.675 17.1779 -6.42532 0.5
2 549.712 -101.882 14.9841 0.5
2 544.21 -125.164 -7.37251 0.5
2 552.527 -90.376 -13.0925 0.5
2 605.899 -14.1474 -12.0784 0.5
2 572.699 -68.7302 -13.7595 0.5
2 618.397 4.18546 -8.71503 0.5
2 631.197 51.349 7.84704 0.5
2 631.628 39.1544 -14.9992 0.5
2 657.783 79.599 14.137 0.5
2 665.741 112.725 -4.44196 0.5
2 513.695 -158.255 13.4206 0.5
2 545.611 -100.595 11.9398 0.5
2 532.662 -119.537 8.1906 0.5
2 596.042 -18.5324 14.5126 0.5
2 624.026 41.0474 -1.70674 0.5
2 548.736 -95.882 12.4411 0.5
2 512.477 -169.254 14.8394 0.5
2 659.25 96.9603 11.3503 0.5
2 539.702 -124.121 14.3968 0.5
2 636.292 52.3138 -14.1688 0.5
2 586.254 -51.1952 -9.10991 0.5
2 658.353 70.7753 -2.28048 0.5
2 523.219 -134.706 -5.98678 0.5
2 507.775 -161.241 5.47155 0.5
2 627.184 17.5319 -5.16606 0.5
2 594.403 -39.9816 -2.33698 0.5
2 573.855 -70.4234 -11.4684 0.5
2 529.355 -127.785 11.1392 0.5
2 553.87 -82.9103 8.35311 0.5
2 559.445 -76.2082 11.6036 0.5
2 615.347 24.1644 7.39073 0.5
2 552.474 -98.458 -14.985 0.5
2 641.044 58.1134 -14.7913 0.5
2 613.371 22.5692 1.89768 0.5
2 571.846 -72.0251 12.8181 0.5
2 542.671 -112.577 -14.8392 0.5
2 654.678 71.0052 12.541 0.5
2 651.991 81.3124 13.4048 0.5
2 641.086 68.459 7.87496 0.5
2 622.509 8.51754 0.198022 0.5
2 504.828 -193.433 7.27065 0.5
2 512.145 -158.936 -12.2163 0.5
2 654.118 83.3766 -14.1024 0.5
2 527.483 -131.929 11.8911 0.5
2 576.953 -55.0815 -14.9969 0.5
2 637.957 35.5467 2.8478 0.5
2 606.446 -3.95531 14.9959 0.5
2 584.628 -56.9436 -2.12723 0.5
2 624.846 40.1915 8.09626 0.5
2 612.577 -8.53966 -2.09352 0.5
2 507.623 -160.472 -0.0848062 0.5
2 602.367 -9.74508 14.9118 0.5
3 754.206 98.4482 -14.9195 0.5
3 746.087 108.259 -12.5218 0.5
3 952.506 106.301 13.6122 0.5
3 972.991 95.2115 -14.2151 0.5
3 928.43 100.161 -14.9991 0.5
3 976.121 91.5982 -12.4262 0.5
3 696.274 110.742 10.4693 0.5
3 850.532 94.6511 -14.0139 0.5
3 845.804 107.167 -13.1769 0.5
3 870.598 99.8964 14.9996 0.5
3 682.942 114.939 1.34723 0.5
3 987.241 105.505 -13.9531 0.5
3 905.418 109.153 11.8839 0.5
3 923.764 107.283 13.1131 0.5
3 789.941 96.8057 -14.6559 0.5
3 756.14 109.161 -11.8776 0.5
3 685.966 101.704 -14.9029 0.5
3 927.434 103.326 -14.6266 0.5
3 818.014 114.272 4.61587 0.5
3 870.436 89.8138 -11.011 0.5
3 824.608 100.597 14.9881 0.5
3 836.878 113.396 -6.74848 0.5
3 834.397 114.339 -4.40395 0.5
3 791.17 105.953 13.7683 0.5
3 703.846 113.079 7.34405 0.5
3 765.088 101.292 -14.9443 0.5
3 945.217 101.288 -14.9446 0.5
3 705.439 111.464 -9.67408 0.5
3 908.898 111.451 9.68891 0.5
3 946.742 98.6453 14.9387 0.5
3 962.86 85.0174 -0.721905 0.5
3 714.885 114.273 4.61452 0.5
3 916.004 111.389 -9.76149 0.5
3 865.053 108.057 12.6527 0.5
3 825.948 104.545 14.2948 0.5
3 814.453 85.3445 3.19641 0.5
3 879.182 107.606 -12.9288 0.5
3 829.719 86.2177 -5.92009 0.5
3 705.586 88.0485 -9.06426 0.5
3 674.554 98.9002 -14.9596 0.5
3 833.441 114.154 -4.96645 0.5
3 831.41 91.5497 12.3933 0.5
3 943.975 107.398 -13.0487 0.5
3 732.654 92.8705 -13.1973 0.5
3 949.137 89.799 10.9972 0.5
3 794.149 89.6848 -10.8902 0.5
3 930.003 114.975 -0.858284 0.5
3 989.534 85.6433 -4.34558 0.5
3 841.717 109.636 11.4958 0.5
3 917.672 87.285 -7.95799 0.5
3 740.472 89.6319 10.8399 0.5
3 933.516 105.414 13.9888 0.5
3 986.206 87.2355 -7.87837 0.5
3 743.057 112.564 -8.19375 0.5
3 886.928 109.482 11.6226 0.5
3 935.892 99.2704 14.9822 0.5
3 843.518 103.043 -14.688 0.5
3 939.948 115 -0.114335 0.5
3 917.416 92.2218 12.8257 0.5
3 716.716 90.8341 11.8737 0.5
3 870.686 91.9725 -12.6712 0.5
3 827.929 93.4538 13.4962 0.5
3 860.562 114.667 3.14152 0.5
3 698.093 113.354 -6.83208 0.5
3 818.485 85.0125 0.611145 0.5
3 803.412 101.288 14.9446 0.5
3 973.269 114.942 1.32291 0.5
3 908.156 90.1381 -11.3023 0.5
3 808.045 92.7658 -13.1403 0.5
3 811.385 99.8012 -14.9987 0.5
3 891.438 107.142 13.1908 0.5
3 805.8 115 0.00761008 0.5
3 824.429 86.2932 6.09288 0.5
3 793.996 85.0008 0.153795 0.5
3 822.065 93.9581 13.7294 0.5
3 677.715 91.0786 12.0585 0.5
3 955.748 114.333 -4.42229 0.5
3 887.023 114.881 1.8874 0.5
3 767.649 92.425 12.9468 0.5
3 674.586 88.2741 -9.35432 0.5
3 708.28 86.0402 -5.48864 0.5
3 718.701 110.902 -10.3025 0.5
3 688.242 106.203 -13.6575 0.5
3 944.098 114.981 -0.764018 0.5
3 879.198 104.494 -14.3109 0.5
3 860.567 90.3907 -11.5178 0.5
3 818.524 113.774 5.93975 0.5
3 906.685 113.398 6.74519 0.5
3 972.483 112.658 8.04897 0.5
3 853.555 97.8035 -14.8383 0.5
3 905.141 101.694 -14.9041 0.5
3 942.352 95.0281 -14.152 0.5
3 730.045 89.1447 -10.352 0.5
3 911.501 101.171 -14.9542 0.5
3 717.073 89.0087 10.2074 0.5
3 778.399 95.0051 -14.1439 0.5
3 764.932 85.0616 -1.35839 0.5
3 982.227 112.92 7.62035 0.5
3 837.342 111.201 9.97686 0.5
3 669.112 109.974 -11.2031 0.5
3 770.088 96.7791 -14.6501 0.5
3 750.625 114.737 2.79899 0.5
3 749.973 110.13 -11.0627 0.5
3 689.111 89.6224 -10.8308 0.5
3 852.263 85.3427 3.18814 0.5
3 859.62 114.494 3.86345 0.5
3 967.094 91.0558 12.0416 0.5
3 884.348 97.9804 14.8634 0.5
3 949.402 102.676 -14.7593 0.5
3 898.824 108.318 -12.4824 0.5
3 723.601 107.803 12.8108 0.5
3 817.612 110.664 -10.5489 0.5
3 683.058 94.4418 13.9322 0.5
3 959.557 114.495 3.85809 0.5
3 864.28 99.612 -14.995 0.5
3 689.58 115 0.0383532 0.5
3 951.955 109.863 11.3013 0.5
3 748.573 88.5975 9.74593 0.5
3 981.085 114.277 4.60067 0.5
3 835.993 114.607 3.40992 0.5
3 948.373 95.9735 -14.4495 0.5
3 728.7 86.8736 7.2593 0.5
3 873.219 114.707 2.94867 0.5
3 854.914 86.5587 -6.65811 0.5
3 771.682 95.9352 14.4387 0.5
3 735.329 93.9384 -13.7207 0.5
3 798.022 88.8299 10.0114 0.5
3 828.021 103.914 -14.4802 0.5
3 715.837 112.27 -8.62787 0.5
3 685.62 111.658 9.43847 0.5
3 991.543 100.365 14.9956 0.5
3 674.477 92.0588 12.7255 0.5
3 891.942 97.7043 14.8233 0.5
3 983.101 114.044 -5.26808 0.5
3 917.81 112.98 -7.51748 0.5
3 820.228 100.066 14.9999 0.5
3 731.707 108.518 12.3468 0.5
3 868.359 100.289 -14.9972 0.5
3 872.979 85.6736 -4.44444 0.5
3 745.642 114.044 5.27036 0.5
3 806.796 85.8856 5.07768 0.5
3 852.708 96.588 -14.6068 0.5
3 938.276 86.8723 7.25701 0.5
3 824.727 107.521 -12.9783 0.5
3 765.187 103.34 14.6234 0.5
3 698.067 85 -0.038216 0.5
3 780.624 110.151 -11.0432 0.5
3 909.872 114.538 3.69489 0.5
3 802.3 106.334 -13.5972 0.5
3 746.975 110.5 10.7125 0.5
3 770.806 103.844 14.499 0.5
3 677.06 100.992 14.9672 0.5
3 914.08 113.167 -7.18558 0.5
3 689.342 99.6241 -14.9953 0.5
3 807.817 86.4918 -6.52132 0.5
3 838.989 100.288 14.9972 0.5
3 681.766 89.7465 10.9483 0.5
3 670.853 111.293 9.87229 0.5
3 720.643 97.9037 -14.8528 0.5
3 765.509 110.766 10.4453 0.5
3 726.756 86.5489 -6.63838 0.5
3 782.137 85.4928 3.81315 0.5
3 694.781 113.767 5.95459 0.5
3 881.234 111.535 9.58856 0.5
3 769.316 87.7574 -8.66704 0.5
3 919.854 109.626 11.5039 0.5
3 803.597 85.4834 -3.77726 0.5
3 692.862 94.9714 14.132 0.5
3 755.743 95.5801 -14.334 0.5
3 768.138 111.213 9.96352 0.5
3 894.958 101.052 14.963 0.5
3 937.985 111.64 -9.46125 0.5
3 706.356 85.3149 -3.05757 0.5
3 766.184 113.293 -6.94911 0.5
3 798.678 110.38 -10.8286 0.5
3 919.368 105.642 13.8983 0.5
3 984.482 95.7273 -14.3786 0.5
3 689.983 100.449 -14.9933 0.5
3 682.329 102.62 14.7695 0.5
3 895.712 95.2157 -14.2165 0.5
3 947.632 88.845 -10.0282 0.5
3 800.024 85.076 -1.50813 0.5
3 915.3 100.419 -14.9942 0.5
3 822.992 112.496 -8.2971 0.5
3 835.168 106.324 -13.6018 0.5
3 910.764 104.858 -14.1916 0.5
3 779.991 113.036 7.42052 0.5
3 960.034 108.502 -12.3582 0.5
3 840.009 114.019 -5.3366 0.5
3 820.812 104.447 14.3257 0.5
3 921.699 88.2656 -9.3436 0.5
3 700.629 114.494 3.86165 0.5
3 840.258 96.8242 -14.66 0.5
3 711.489 91.0711 -12.053 0.5
3 969.04 91.6878 12.4863 0.5
3 713.651 102.032 -14.8618 0.5
3 808.682 94.8217 14.0778 0.5
3 950.471 101.441 -14.9306 0.5
3 683.252 95.0782 -14.1695 0.5
3 743.276 91.8612 12.6 0.5
3 980.298 97.0871 14.7144 0.5
3 709.873 91.7493 -12.527 0.5
3 754.447 85.5339 -3.96637 0.5
3 988.343 86.9861 -7.4591 0.5
3 726.812 114.871 -1.96202 0.5
3 809.008 114.784 2.53729 0.5
3 825.622 114.806 -2.40744 0.5
3 836.601 101.322 14.9416 0.5
3 796.3 113.044 -7.40578 0.5
3 717.213 112.187 8.74462 0.5
3 957.463 113.25 7.0313 0.5
3 973.69 95.8092 14.4027 0.5
3 805.669 88.6562 9.81422 0.5
3 900.811 85.6431 4.34496 0.5
3 689.675 107.201 -13.1585 0.5
3 912.97 100.623 -14.9871 0.5
3 874.376 99.7567 -14.998 0.5
3 782.037 108.514 -12.3498 0.5
3 793.184 107.59 12.9379 0.5
3 968.399 114.996 -0.355949 0.5
3 833.657 85.3068 -3.01815 0.5
3 740.59 88.3245 -9.41709 0.5
3 892.319 86.6429 -6.82547 0.5
3 809.168 89.5956 10.805 0.5
3 820.663 85.6221 4.27518 0.5
3 930.227 108.997 12.0025 0.5
3 745.417 103.14 -14.6676 0.5
3 848.974 88.6115 9.76225 0.5
3 789.032 110.84 10.3683 0.5
3 854.941 113.167 -7.1851 0.5
3 939.911 111.473 9.66305 0.5
3 937.343 102.048 -14.8595 0.5
3 716.18 93.4985 -13.5178 0.5
3 798.198 110.233 10.9674 0.5
3 900.288 96.1335 14.4931 0.5
3 913.317 87.0624 7.59063 0.5
3 761.855 85.8106 4.86414 0.5
3 740.035 98.8016 14.9521 0.5
3 842.345 103.402 -14.6092 0.5
3 716.224 92.4626 -12.9687 0.5
3 835.179 86.9844 7.45621 0.5
3 871.696 90.4206 -11.5427 0.5
3 744.891 112.136 8.81539 0.5
3 687.667 89.0904 -10.2947 0.5
3 813.064 85.1834 2.33869 0.5
3 685.559 90.1762 -11.3355 0.5
3 795.855 90.8458 11.8828 0.5
3 904.523 112.149 -8.79763 0.5
3 894.613 114.48 -3.9171 0.5
3 818.491 85.2884 -2.92703 0.5
3 922.113 107.925 -12.7357 0.5
