0 313.366 101.999 14.8663 0.5
0 5.95361 89.3704 10.5836 0.5
0 191.162 100.392 14.9949 0.5
0 174.711 86.8086 -7.14052 0.5
0 15.4302 98.6524 -14.9393 0.5
0 167.721 113.96 -5.4882 0.5
0 235.325 111.854 9.19123 0.5
0 170.786 113.833 5.80089 0.5
0 280.559 113.342 6.85596 0.5
0 321.703 105.576 -13.9252 0.5
0 161.679 91.8827 12.6139 0.5
0 108.021 93.9585 13.7296 0.5
0 11.3669 87.981 -8.97462 0.5
0 119.915 88.4139 9.52698 0.5
0 64.2001 109.873 11.2927 0.5
0 208.86 100.305 14.9969 0.5
0 194.808 111.398 9.75164 0.5
0 257.239 114.837 -2.20274 0.5
0 132.169 97.6766 -14.819 0.5
0 8.35962 112.779 7.85488 0.5
0 315.448 111.118 10.0689 0.5
0 50.8398 99.4167 -14.9887 0.5
0 24.443 109.512 11.5984 0.5
0 278.564 85.3879 -3.38924 0.5
0 289.048 97.6103 -14.8084 0.5
0 315.904 92.4315 12.9506 0.5
0 41.177 85.5559 -4.04561 0.5
0 313.437 87.1802 7.78797 0.5
0 22.2202 88.531 -9.66762 0.5
0 290.485 91.7255 -12.5113 0.5
0 60.229 91.4148 -12.3002 0.5
0 236.742 102.918 14.7134 0.5
0 83.6737 88.2858 9.36895 0.5
0 31.2638 87.3196 8.01296 0.5
0 74.5773 85.1049 1.77074 0.5
0 13.0706 88.0658 -9.08702 0.5
0 108.389 85.0645 1.38962 0.5
0 72.2251 85.0047 -0.37347 0.5
0 8.4128 102.777 -14.7407 0.5
0 275.431 114.013 -5.35046 0.5
0 276.047 110.638 -10.5754 0.5
0 250.015 113.666 -6.18321 0.5
0 36.4277 95.2513 14.2285 0.5
0 147.94 85.8255 4.90739 0.5
0 204.228 108.046 12.6597 0.5
0 158.433 85.0097 -0.538603 0.5
0 267.852 111.126 -10.0599 0.5
0 137.686 92.3065 -12.8768 0.5
0 52.8796 86.3067 -6.12328 0.5
0 276.408 92.0168 12.6992 0.5
0 88.3266 93.4393 13.4892 0.5
0 52.9233 95.1489 -14.1939 0.5
0 129.804 114.079 5.17511 0.5
0 134.006 91.9408 -12.6511 0.5
0 231.589 114.828 2.26256 0.5
0 136.701 85.0209 0.792284 0.5
0 32.5406 85.085 -1.59423 0.5
0 222.781 97.6155 14.8093 0.5
0 237.975 111.283 -9.88352 0.5
0 191.671 88.2913 9.37583 0.5
0 42.0683 85.1023 -1.74851 0.5
0 19.8601 106.247 13.6374 0.5
0 76.8503 91.7693 12.5401 0.5
0 141.059 105.196 -14.0714 0.5
0 2.85902 88.8183 -9.9985 0.5
0 195.722 86.6171 6.7749 0.5
0 47.3818 97.5019 -14.7905 0.5
0 145.16 105.015 14.1369 0.5
0 283.527 88.9918 -10.1892 0.5
0 309.364 94.9184 14.113 0.5
0 249.643 87.8301 8.76889 0.5
0 14.4447 111.95 9.06651 0.5
0 50.4948 109.842 -11.3197 0.5
0 209.937 112.298 -8.588 0.5
0 291.102 90.0335 -11.2102 0.5
0 30.2143 85.2409 2.67745 0.5
0 274.918 86.4106 6.35049 0.5
0 196.503 95.8924 14.4266 0.5
0 181.421 85.0001 -0.0610419 0.5
0 27.8391 113.732 -6.0362 0.5
0 208.177 85.2249 -2.58767 0.5
0 67.4697 107.306 -13.1005 0.5
0 10.2657 92.8325 -13.1767 0.5
0 13.0229 96.4794 -14.581 0.5
0 61.5371 86.1077 5.65721 0.5
0 44.2003 93.9621 -13.7311 0.5
0 260.767 90.9948 -11.9961 0.5
0 109.642 114.571 -3.56193 0.5
0 238.103 110.286 -10.9175 0.5
0 67.5225 106.137 13.6873 0.5
0 165.855 112.687 8.00183 0.5
0 11.2335 110.431 -10.7792 0.5
0 216.451 110.215 10.9843 0.5
0 101.634 93.2077 13.374 0.5
0 51.0654 102.947 -14.7076 0.5
0 333.175 113.862 -5.73205 0.5
0 19.7212 102.219 -14.835 0.5
0 311.359 86.9514 7.39822 0.5
0 281.559 112.115 -8.84505 0.5
0 183.908 114.21 -4.80398 0.5
0 221.219 113.999 -5.38693 0.5
0 308.138 85.2405 2.67519 0.5
0 313.764 91.4093 12.2964 0.5
0 234.726 114.971 -0.925424 0.5
0 9.78343 108.269 12.5152 0.5
0 286.267 104.917 -14.1711 0.5
0 4.33823 110.194 11.0033 0.5
0 12.1271 85.4491 -3.64292 0.5
0 157.213 105.883 -13.7984 0.5
0 15.9443 91.811 12.5674 0.5
0 32.8349 95.7554 -14.3869 0.5
0 120.114 105.282 -14.0392 0.5
0 243.171 87.411 8.1558 0.5
0 240.901 99.1251 14.9745 0.5
0 52.4495 110.838 10.3696 0.5
0 229.357 85.2131 2.51923 0.5
0 227.431 92.6634 13.0833 0.5
0 30.3263 95.4847 -14.3043 0.5
0 170.057 100.901 -14.9729 0.5
0 7.52403 87.0224 7.52207 0.5
0 212.044 94.938 -14.12 0.5
0 246.731 114.501 -3.83863 0.5
0 1.72509 113.851 -5.75755 0.5
0 12.6551 86.476 6.48855 0.5
0 160.346 108.225 12.5441 0.5
0 304.278 100.541 -14.9902 0.5
0 283.983 110.391 10.8177 0.5
0 141.513 109.674 11.4639 0.5
0 163.32 98.9262 -14.9615 0.5
0 106.721 109.398 11.6906 0.5
0 326.925 110.081 -11.1072 0.5
0 246.014 91.8002 12.5604 0.5
0 235.212 106.769 13.386 0.5
0 111.439 114.73 2.83335 0.5
0 214.138 92.4879 -12.9834 0.5
0 256.183 88.6339 -9.78836 0.5
0 4.86935 86.7245 -6.98292 0.5
0 62.9664 111.04 -10.1544 0.5
0 53.596 105.413 13.9894 0.5
0 212.949 85.19 2.38008 0.5
0 311.534 112.483 -8.31643 0.5
0 279.658 85.1427 -2.06387 0.5
0 227.893 113.477 6.58498 0.5
0 214.335 106.482 13.5272 0.5
0 173.545 102.743 14.747 0.5
0 249.314 90.4021 11.5273 0.5
0 282.43 89.3397 10.5527 0.5
0 42.3194 88.4185 9.53257 0.5
0 23.2964 103.321 14.6277 0.5
0 329.83 87.0501 -7.56975 0.5
0 81.0323 88.4354 9.55303 0.5
0 133.039 112.983 -7.51353 0.5
0 1.04623 110.444 -10.7668 0.5
0 138.517 114.968 0.981016 0.5
0 96.9708 112.137 -8.81482 0.5
0 317.999 85.1997 2.43954 0.5
0 221.177 94.0994 13.7907 0.5
0 105.172 105.454 13.9733 0.5
0 4.11367 114.939 -1.3503 0.5
0 231.115 105.019 14.1352 0.5
0 331.263 85.5749 -4.11294 0.5
0 112.81 101.508 14.924 0.5
0 288.163 110.495 -10.7173 0.5
0 63.7003 91.6739 -12.477 0.5
0 214.672 114.715 -2.90955 0.5
0 255.086 114.87 1.9718 0.5
0 22.0041 93.2294 13.385 0.5
0 122.956 95.4853 14.3045 0.5
0 14.6355 114.998 -0.236927 0.5
0 87.0253 101.848 -14.8857 0.5
0 141.884 88.4548 9.57643 0.5
0 300.776 106.754 -13.3935 0.5
0 161.198 90.7064 -11.7741 0.5
0 25.8752 86.1635 5.79233 0.5
0 104.862 88.6334 9.78779 0.5
0 239.199 113.951 5.5112 0.5
0 10.2532 106.639 -13.4508 0.5
0 29.4166 85.6461 -4.35506 0.5
0 52.3084 114.349 -4.37122 0.5
0 205.33 112.652 -8.05765 0.5
0 15.4095 112.245 -8.6635 0.5
0 97.3998 113.181 7.15898 0.5
0 279.903 89.1512 -10.3587 0.5
0 315.938 89.0241 -10.224 0.5
0 205.544 89.3259 10.5387 0.5
0 305.165 109.211 -11.8386 0.5
0 242.447 110.016 -11.166 0.5
0 225.731 85.2895 -2.93297 0.5
0 250.576 106.234 -13.643 0.5
0 129.917 85.0054 -0.400797 0.5
0 309.649 104.953 14.1587 0.5
0 181.439 114.339 4.40416 0.5
0 249.694 90.2977 -11.4397 0.5
1 381.486 1.8515 -2.74756 0.5
1 423.957 -71.6601 -3.00402 0.5
1 468.348 -148.841 0.588583 0.5
1 439.822 -99.3753 -1.43827 0.5
1 392.591 6.7948 11.664 0.5
1 425.439 -48.3291 9.97427 0.5
1 463.932 -122.796 14.6078 0.5
1 455.01 -109.918 -14.9769 0.5
1 382.786 -0.54255 -1.82362 0.5
1 340.372 102.738 -1.45008 0.5
1 488.532 -154.179 3.30103 0.5
1 454.464 -104.184 -13.9075 0.5
1 365.431 38.3211 -13.7107 0.5
1 390.021 -10.0136 9.22523 0.5
1 351.994 70.7987 14.6718 0.5
1 393.978 -14.7658 11.4187 0.5
1 353.879 79.0469 -3.30026 0.5
1 352.229 60.7701 13.518 0.5
1 441.798 -97.9465 -11.1078 0.5
1 364.43 44.238 14.879 0.5
1 452.127 -109.26 -14.5851 0.5
1 411.105 -49.504 2.44004 0.5
1 346.612 85.1418 -12.599 0.5
1 480.315 -156.599 -14.8634 0.5
1 397.833 -8.5721 14.6665 0.5
1 350.134 59.7175 -9.99644 0.5
1 474.142 -144.379 14.9919 0.5
1 362.572 42.9837 13.5784 0.5
1 394.289 -5.25287 14.9965 0.5
1 482.067 -153.392 -14.3936 0.5
1 338.126 84.3914 -13.0996 0.5
1 453.138 -99.2466 -12.5203 0.5
1 460.602 -105.618 2.33524 0.5
1 357.418 43.3599 -1.51205 0.5
1 400.729 -22.895 -13.6756 0.5
1 460.617 -115.391 14.1169 0.5
1 411.391 -49.3097 -5.08916 0.5
1 460.481 -105.23 -0.340243 0.5
1 421.03 -44.1285 -12.8332 0.5
1 432.04 -83.465 8.29224 0.5
1 421.136 -48.8 -14.6371 0.5
1 381.831 18.9375 14.7094 0.5
1 452.993 -121.791 3.70802 0.5
1 409.948 -38.5046 -13.8316 0.5
1 418.043 -33.3149 6.7287 0.5
1 482.559 -166.017 -12.961 0.5
1 373.018 17.5478 -6.07113 0.5
1 346.054 63.4646 -3.82995 0.5
1 379.541 11.8042 12.5857 0.5
1 471.06 -153.53 0.776392 0.5
1 349.749 60.7833 -10.4263 0.5
1 349.115 61.9196 -10.4647 0.5
1 384.966 -3.91847 3.88442 0.5
1 484.095 -174.074 -7.57401 0.5
1 453.478 -96.0564 8.94517 0.5
1 405.292 -10.0463 -3.4821 0.5
1 348.405 83.3548 11.6405 0.5
1 357.102 69.3684 10.6751 0.5
1 364.299 51.5761 -14.066 0.5
1 453.674 -114.899 13.5367 0.5
1 443.502 -85.0525 13.8476 0.5
1 347.585 60.3559 1.093 0.5
1 417.502 -36.7328 11.9613 0.5
1 404.868 -14.163 11.4082 0.5
1 337.217 78.2957 0.831693 0.5
1 457.182 -108.285 -13.646 0.5
1 341.803 94.3112 -12.0136 0.5
1 432.911 -57.8063 3.14239 0.5
1 473.581 -132.388 10.6842 0.5
1 480.029 -139.944 5.00711 0.5
1 347.02 89.4222 -7.25701 0.5
1 460.589 -107.107 6.92471 0.5
1 346.02 76.2628 -14.896 0.5
1 451.111 -113.07 11.9444 0.5
1 467.233 -138.895 13.2807 0.5
1 413.917 -54.0292 4.01135 0.5
1 488.672 -154.151 -1.69569 0.5
1 469.868 -129.569 -13.3109 0.5
1 360.694 45.445 -13.1781 0.5
1 352.006 76.5324 12.093 0.5
1 370.393 49.8587 5.25991 0.5
1 371.637 26.0044 -12.9013 0.5
1 490 -185.998 3.24709 0.5
1 375.185 37.6174 11.084 0.5
1 493.102 -176.252 -14.9924 0.5
1 394.479 -11.2128 14.0304 0.5
1 358.962 40.623 -0.608262 0.5
1 355.024 53.9154 -12.3488 0.5
1 457.924 -126.065 10.9353 0.5
1 370.302 36.1976 -14.9982 0.5
1 395.907 -1.06267 13.0938 0.5
1 368.678 24.0622 -2.89241 0.5
1 487.995 -177.803 -11.2502 0.5
1 384.704 1.51148 11.5977 0.5
1 411.159 -23.9536 10.3632 0.5
1 360.585 60.3363 12.9691 0.5
1 414.161 -54.0842 -5.15395 0.5
1 434.222 -62.3904 8.50737 0.5
1 455.406 -96.4595 -0.84243 0.5
1 417.517 -31.459 -4.36107 0.5
1 489.986 -178.007 -13.4322 0.5
1 384.209 -2.95193 2.23365 0.5
1 489.471 -177.509 13.2292 0.5
1 419.062 -60.8523 -8.49008 0.5
1 354.025 69.9111 -13.8537 0.5
1 382.807 18.0714 14.5204 0.5
1 436.01 -63.0857 2.69705 0.5
1 487.753 -174.474 -13.2604 0.5
1 411.541 -39.6411 14.4053 0.5
1 419.954 -42.4233 12.9273 0.5
1 446.111 -96.4291 -14.9601 0.5
1 485.359 -178.196 -1.88695 0.5
1 478.718 -159.764 12.7198 0.5
1 418.663 -49.2038 -14.9337 0.5
1 466.253 -140.548 -10.881 0.5
1 480.633 -170.048 1.57069 0.5
1 372.609 23.3896 -12.3019 0.5
1 479.474 -146.008 -13.2051 0.5
1 450.804 -103.509 14.9999 0.5
1 455.114 -100.096 -10.3733 0.5
1 492.132 -162.998 8.93437 0.5
1 454.617 -120.145 11.113 0.5
1 354.399 48.7292 -2.5365 0.5
1 486.955 -171.008 14.1675 0.5
1 426.289 -56.6615 -14.3579 0.5
1 458.089 -102.308 5.93727 0.5
1 358.698 62.038 13.7605 0.5
1 404.488 -37.3928 4.97876 0.5
1 475.762 -141.703 14.1453 0.5
1 346.256 66.9497 -10.5451 0.5
1 464.851 -126.41 -14.936 0.5
1 415.812 -45.4744 14.7699 0.5
1 350.962 54.8984 3.57624 0.5
1 377.592 12.5156 10.3828 0.5
1 495.478 -190.467 11.5048 0.5
1 451.952 -96.4608 -12.0057 0.5
1 340.406 101.253 6.53209 0.5
1 357.062 62.4082 14.5842 0.5
1 480.911 -145.672 11.2339 0.5
1 389.213 15.1208 9.12261 0.5
1 367.354 52.8667 -9.27105 0.5
1 435.025 -62.1307 -5.37367 0.5
1 468.286 -140.405 13.4406 0.5
1 384.939 9.13477 -14.9267 0.5
1 429.997 -55.9996 9.71732 0.5
1 416.688 -29.3756 0.152161 0.5
1 394.704 8.60284 -1.7266 0.5
1 386.548 17.7017 -11.2928 0.5
1 351.89 77.2891 -11.6646 0.5
1 359.418 44.3548 10.7454 0.5
1 467.278 -146.774 2.5845 0.5
1 353.96 58.2659 -13.7442 0.5
1 487.249 -158.12 12.3797 0.5
1 379.755 6.21987 -6.79085 0.5
1 451.489 -98.9834 -13.8877 0.5
1 361.289 64.9255 -6.84679 0.5
1 414.641 -26.0385 2.50299 0.5
1 490.721 -161.804 10.4099 0.5
1 408.743 -36.4465 -13.8193 0.5
1 349.803 56.527 1.26148 0.5
1 494.784 -186.444 13.368 0.5
1 485.188 -161.547 14.9274 0.5
1 367.613 55.1036 3.92437 0.5
1 410.228 -25.0062 -12.5743 0.5
1 395.458 -17.2575 11.4798 0.5
1 395.558 2.39046 -11.0283 0.5
1 434.726 -69.5156 13.7026 0.5
1 421.862 -40.0998 -7.05769 0.5
1 373.778 15.5729 4.28582 0.5
1 456.503 -110.156 -14.6591 0.5
1 438.393 -82.6274 -14.9855 0.5
1 409.845 -24.754 12.8318 0.5
1 339.855 75.7152 -7.5039 0.5
1 375.535 40.6434 -6.01859 0.5
1 371.296 27.45 13.3719 0.5
1 365.358 32.0323 8.2935 0.5
1 419.048 -59.2062 10.4669 0.5
1 423.596 -45.9397 10.8086 0.5
1 393.193 -8.16094 14.315 0.5
1 499.762 -197.02 -12.1785 0.5
1 434.863 -89.0213 7.18695 0.5
1 495.357 -194.255 -6.28182 0.5
1 457.373 -100.025 -2.33101 0.5
1 337.959 98.693 13.4177 0.5
1 375.197 38.9111 9.72439 0.5
1 495.607 -167.382 6.14205 0.5
1 349.492 58.3255 6.13886 0.5
2 655.989 66.8467 -3.18067 0.5
2 570.453 -81.5492 1.71469 0.5
2 534.796 -140.761 8.50791 0.5
2 523.479 -145.387 14.7693 0.5
2 511.493 -159.117 -11.4815 0.5
2 639.287 61.3586 -12.1604 0.5
2 635.448 42.9375 14.6991 0.5
2 655.089 93.8335 5.67083 0.5
2 590.395 -19.6197 8.31243 0.5
2 608.884 -14.9021 -2.32237 0.5
2 605.796 -4.62554 -14.9784 0.5
2 634.776 57.9384 7.17035 0.5
2 504.795 -167.416 7.56166 0.5
2 518.51 -160.227 -14.5584 0.5
2 595.596 -37.2843 -4.8711 0.5
2 638.21 58.0525 13.081 0.5
2 501.955 -199.862 -3.55181 0.5
2 513.422 -150.43 0.252448 0.5
2 605.668 -18.2432 -8.15244 0.5
2 525.195 -159.723 -3.04939 0.5
2 645.603 56.9877 -13.5049 0.5
2 646.867 51.187 3.77123 0.5
2 641.064 66.5349 -10.3256 0.5
2 547.161 -99.0815 12.7457 0.5
2 662.993 85.2385 -12.4278 0.5
2 557.837 -99.2512 -10.4576 0.5
2 600.122 -8.00019 -13.1266 0.5
2 643.505 70.4512 10.6443 0.5
2 553.613 -84.1372 -9.41485 0.5
2 616.694 -1.54943 0.402144 0.5
2 522.828 -159.877 10.4692 0.5
2 524.542 -151.358 -14.0734 0.5
2 558.583 -80.1821 13.2533 0.5
2 611.37 -7.85053 8.90027 0.5
2 573.853 -45.9335 2.28241 0.5
2 637.503 64.2446 -2.68916 0.5
2 597.853 -12.7391 13.5423 0.5
2 611.636 19.6716 0.591598 0.5
2 627.078 31.0967 -14.9963 0.5
2 639.669 56.5458 -14.6309 0.5
2 652.675 81.7004 13.7763 0.5
2 583.85 -50.0375 13.4724 0.5
2 506.504 -191.885 -3.9371 0.5
2 631.942 54.6867 2.23645 0.5
2 664.565 89.7576 13.4687 0.5
2 575.613 -70.3608 8.05813 0.5
2 577.71 -41.4386 8.07858 0.5
2 606.899 11.0476 -3.57036 0.5
2 502.723 -198.944 -0.663627 0.5
2 542.223 -123.779 12.5365 0.5
2 632.255 25.7099 3.04983 0.5
2 660.552 79.6625 -11.4016 0.5
2 518.755 -143.606 8.16349 0.5
2 602.232 -3.59093 12.6803 0.5
2 619.577 21.4733 -14.6896 0.5
2 599.859 -20.2469 -14.2985 0.5
2 642.992 44.115 1.90189 0.5
2 529.91 -129.541 13.0878 0.5
2 567.792 -73.8752 14.7697 0.5
2 583.104 -30.4882 -4.69643 0.5
2 501.976 -199.268 5.34534 0.5
2 552.578 -93.7328 14.4907 0.5
2 662.528 80.8468 9.01985 0.5
2 653.759 74.5989 -14.6879 0.5
2 664.645 110.023 -6.48575 0.5
2 576.338 -43.8189 -8.08315 0.5
2 505.657 -169.428 -11.6508 0.5
2 569.369 -82.7065 -4.88703 0.5
2 541.155 -102.446 1.25771 0.5
2 569.868 -75.8195 12.5869 0.5
2 621.871 32.27 -11.3056 0.5
2 556.383 -95.0704 -14.442 0.5
2 535.996 -114.289 8.94687 0.5
2 548.672 -107.9 14.5794 0.5
2 507.577 -170.602 14.1601 0.5
2 567.699 -86.3772 1.081 0.5
2 530.637 -148.808 7.13114 0.5
2 624.527 37.7655 -10.4584 0.5
2 537.447 -127.291 14.5918 0.5
2 619.135 3.12643 -3.6617 0.5
2 596.47 -36.5782 -0.451694 0.5
2 599.689 -11.3852 -14.2698 0.5
2 577.34 -69.6673 1.2394 0.5
2 564.22 -88.9536 -9.61879 0.5
2 618.956 19.5083 -14.8459 0.5
2 566.331 -60.6564 7.25275 0.5
2 500.706 -172.894 3.61533 0.5
2 649.057 68.241 14.9472 0.5
2 614.507 4.88382 14.2202 0.5
2 511.817 -153.207 -0.0207697 0.5
2 607.721 9.2416 9.81972 0.5
2 551.699 -112.641 -6.51298 0.5
2 648.008 78.4103 -10.4835 0.5
2 661.865 77.6532 -5.30772 0.5
2 618.81 26.4124 -11.7667 0.5
2 574.406 -64.8894 -14.1104 0.5
2 584.174 -44.1875 14.943 0.5
2 592.469 -20.1687 -12.4644 0.5
2 504.582 -188.74 -12.6878 0.5
2 567.294 -77.3967 -14.0409 0.5
2 604.246 -21.855 6.0179 0.5
2 563.173 -73.0749 13.6674 0.5
2 640.126 58.4586 -14.3313 0.5
2 540.32 -115.248 14.5636 0.5
2 528.966 -152.003 6.54216 0.5
2 643.793 48.7907 9.52074 0.5
2 637.1 50.0184 14.9496 0.5
2 656.765 85.068 14.8351 0.5
2 586.38 -45.0368 -13.7582 0.5
2 570.966 -52.154 6.3174 0.5
2 560.447 -78.1441 13.8193 0.5
2 624.455 15.6844 9.9751 0.5
2 648.952 84.3172 0.0615463 0.5
2 600.984 -22.1943 12.4076 0.5
2 621.839 37.0327 -3.09473 0.5
2 636.476 38.6723 -11.9728 0.5
2 577.556 -40.1931 -4.97234 0.5
2 519.216 -155.444 14.9999 0.5
2 666.032 84.4152 -3.89224 0.5
2 583.313 -31.4272 -7.57686 0.5
2 592.955 -30.32 -14.7646 0.5
2 657.606 93.1998 12.0793 0.5
2 640.208 40.8959 6.98081 0.5
2 635.224 50.4412 14.1763 0.5
2 524.653 -142.448 -14.5796 0.5
2 514.073 -160.053 14.3861 0.5
2 603.804 5.2578 -5.00612 0.5
2 595.776 -22.8157 15 0.5
2 665.843 99.8274 14.9475 0.5
2 605.941 -14.1119 12.0513 0.5
2 575.711 -68.2024 10.5501 0.5
2 661.478 105.862 -2.11717 0.5
2 519.857 -162.068 -12.8203 0.5
2 594.885 -27.7452 -14.6059 0.5
2 602.122 2.57457 4.30361 0.5
2 634.006 28.949 -3.91267 0.5
2 608.261 11.413 8.17783 0.5
2 522.129 -159.287 12.0444 0.5
2 584.158 -28.1197 2.50841 0.5
2 579.388 -62.3256 10.0281 0.5
2 507.387 -185.024 -11.8912 0.5
2 605.575 -20.7997 0.671179 0.5
2 517.934 -149.891 12.8599 0.5
2 606.911 6.6389 11.0543 0.5
2 582.533 -60.6418 -1.57084 0.5
2 627.246 19.3868 -8.53681 0.5
2 643.367 65.9566 -13.607 0.5
2 512.888 -161.781 -14.2866 0.5
2 529.917 -146.693 11.3255 0.5
2 620.586 10.2369 11.2265 0.5
2 503.335 -187.577 14.252 0.5
2 567.299 -58.6964 -6.71534 0.5
2 601.22 1.47428 -2.24594 0.5
2 517.223 -159.099 14.9978 0.5
2 603.613 -21.045 9.21847 0.5
2 611.08 -10.9629 -3.06649 0.5
2 644.241 76.0752 -1.56186 0.5
2 591.813 -18.52 10.0556 0.5
2 651.102 87.3557 -4.48416 0.5
2 648.971 68.3346 -14.9656 0.5
2 551.288 -114.815 -0.891941 0.5
2 640.429 52.9036 14.9088 0.5
2 518.496 -142.659 -5.43339 0.5
2 535.528 -131.078 14.4736 0.5
2 636.407 57.9428 -10.8528 0.5
2 557.392 -75.8027 6.60574 0.5
2 637.902 65.1656 -0.604803 0.5
2 638.712 66.4858 1.69258 0.5
2 563.799 -92.7699 -3.45025 0.5
2 603.852 -18.6823 -11.2822 0.5
2 624.821 29.5136 14.867 0.5
2 615.181 7.97845 14.7274 0.5
2 571.64 -49.5959 -0.394877 0.5
2 517.922 -144.873 7.88585 0.5
2 653.343 71.4055 13.9482 0.5
2 600.139 -0.497039 2.82274 0.5
2 556.573 -99.8009 11.9137 0.5
2 505.291 -180.078 14.9893 0.5
2 573.359 -74.1891 8.17785 0.5
2 550.786 -92.4347 12.5097 0.5
2 506.23 -188.055 -11.0245 0.5
2 633.399 52.1301 11.3983 0.5
2 624.177 41.348 -1.31294 0.5
2 519.152 -157.352 -14.8856 0.5
2 579.878 -58.2448 -12.7371 0.5
2 533.018 -117.094 -4.22627 0.5
2 611.907 17.1162 9.04927 0.5
3 940.062 104.167 14.4096 0.5
3 740.831 96.4806 -14.5813 0.5
3 899.698 85.3708 3.31473 0.5
3 999.566 110.039 -11.145 0.5
3 734.479 101.118 14.9583 0.5
3 910.975 114.771 -2.6118 0.5
3 699.089 94.0431 -13.7665 0.5
3 689.936 108.863 -12.1016 0.5
3 767.678 94.5358 13.9693 0.5
3 969.88 85.0567 -1.30309 0.5
3 785.74 98.0787 14.8764 0.5
3 969.589 92.3354 -12.894 0.5
3 778.332 114.745 -2.75485 0.5
3 716.566 89.7133 10.9172 0.5
3 737.627 96.4863 14.5827 0.5
3 916.478 92.5565 -13.0229 0.5
3 832.928 110.765 -10.4459 0.5
3 813.825 85.029 -0.932979 0.5
3 779.661 113.952 -5.50804 0.5
3 742.827 110.97 10.2307 0.5
3 843.406 88.5256 -9.66122 0.5
3 798.063 98.0787 14.8764 0.5
3 895.584 89.652 -10.8591 0.5
3 790.911 85.086 -1.60369 0.5
3 677.961 114.993 0.451448 0.5
3 854.223 115 -0.0334907 0.5
3 984.31 99.0363 -14.969 0.5
3 834.717 113.872 -5.70777 0.5
3 884.608 85.7172 4.58288 0.5
3 921.866 96.6548 14.6222 0.5
3 981.31 85.2757 -2.86282 0.5
3 857.324 112.776 7.85913 0.5
3 733.572 88.1914 -9.24966 0.5
3 956.87 90.9324 11.949 0.5
3 842.434 95.0931 -14.1747 0.5
3 850.928 85.5346 -3.96894 0.5
3 983.634 114.921 1.53266 0.5
3 704.225 89.4731 -10.6857 0.5
3 906.545 97.1547 -14.7277 0.5
3 913.83 90.2704 -11.4165 0.5
3 992.331 95.9208 -14.4347 0.5
3 753.778 98.2347 14.8958 0.5
3 933.048 85.1483 -2.10404 0.5
3 729.105 111.04 10.1543 0.5
3 917.51 90.588 11.6796 0.5
3 748.19 85.0058 -0.416363 0.5
3 758.145 91.3088 -12.2255 0.5
3 793.116 96.2176 14.5153 0.5
3 932.421 86.0421 5.49325 0.5
3 829.088 98.7019 -14.9437 0.5
3 933.529 87.9028 8.86895 0.5
3 773.229 92.9118 13.2196 0.5
3 910.497 100.289 14.9972 0.5
3 984.951 86.4587 -6.45232 0.5
3 701.225 113.851 5.75856 0.5
3 832.684 112.488 8.30888 0.5
3 971.093 91.6437 -12.4568 0.5
3 749.044 90.1568 -11.3186 0.5
3 677.97 101.456 14.9292 0.5
3 733.034 103.367 -14.6172 0.5
3 883.901 85.6041 -4.21419 0.5
3 686.279 85.4287 -3.56048 0.5
3 843.973 113.274 6.98489 0.5
3 830.684 110.873 10.3338 0.5
3 696.54 90.1731 11.3328 0.5
3 703.941 102.966 -14.7039 0.5
3 970.285 88.8521 -10.0362 0.5
3 686.705 85.0409 -1.1067 0.5
3 890.725 103.621 -14.5563 0.5
3 878.637 85.7843 -4.78681 0.5
3 940.104 85.0283 -0.920873 0.5
3 998.141 114.885 1.85489 0.5
3 753.97 114.906 1.67414 0.5
3 668.67 86.0023 5.39109 0.5
3 841.343 92.0219 -12.7024 0.5
3 798.093 86.3032 6.11532 0.5
3 756.122 85.0744 -1.49182 0.5
3 992.915 85.2564 -2.76147 0.5
3 861.782 101.181 14.9534 0.5
3 684.155 85.8744 -5.04639 0.5
3 980.328 97.7618 -14.8321 0.5
3 993.376 92.9442 -13.2369 0.5
3 673.2 111.605 9.50343 0.5
3 908.239 95.4092 -14.2802 0.5
3 992.394 87.642 8.50172 0.5
3 739.908 106.747 13.3972 0.5
3 867.275 85.9551 -5.26708 0.5
3 830.1 114.948 -1.25184 0.5
3 876.579 113.502 -6.53408 0.5
3 908.727 85.0298 -0.945445 0.5
3 895.11 94.6757 14.0233 0.5
3 726.416 93.1032 -13.3204 0.5
3 802.991 85.8483 4.97283 0.5
3 788.332 106.314 13.6062 0.5
3 907.111 113.978 5.44254 0.5
3 913.249 98.4971 -14.9245 0.5
3 810.342 85.151 -2.12334 0.5
3 872.536 98.7773 -14.9501 0.5
3 732.602 114.823 -2.29964 0.5
3 911.16 106.036 13.7321 0.5
3 935.65 114.922 -1.52693 0.5
3 960.988 112.755 -7.8943 0.5
3 682.047 85.0485 1.20526 0.5
3 717.241 112.087 -8.88302 0.5
3 695.52 97.0267 -14.7024 0.5
3 851.722 94.2656 13.8606 0.5
3 706.195 114.913 1.60904 0.5
3 855.387 100.45 14.9932 0.5
3 913.727 85.0733 1.4813 0.5
3 923.411 98.5814 14.9328 0.5
3 780.282 85.7218 4.59705 0.5
3 888.551 87.8439 8.78795 0.5
3 680.742 85.3135 3.05081 0.5
3 971.173 92.805 13.1617 0.5
3 731.09 114.239 -4.71609 0.5
3 977.336 85.1092 1.80645 0.5
3 839.02 113.824 -5.82142 0.5
3 895.924 113.169 7.18236 0.5
3 926.117 112.83 7.77124 0.5
3 992.18 114.864 -2.01417 0.5
3 684.681 108.698 12.2209 0.5
3 889.851 85.005 0.386523 0.5
3 703.778 85.2847 2.90864 0.5
3 926.218 106.218 -13.6507 0.5
3 921.99 103.769 -14.5187 0.5
3 818.217 86.2216 5.92932 0.5
3 673.631 105.708 -13.8715 0.5
3 913.651 103.894 14.4857 0.5
3 680.476 97.7586 -14.8316 0.5
3 823.449 103.992 14.459 0.5
3 762.218 114.345 -4.38338 0.5
3 771.885 114.828 -2.26512 0.5
3 922.002 98.8712 14.9575 0.5
3 904.798 111.831 9.22165 0.5
3 678.455 105.123 -14.0981 0.5
3 946.657 110.975 -10.2251 0.5
3 670.806 109.103 11.9223 0.5
3 868.028 102.681 -14.7585 0.5
3 745.613 112.441 -8.3799 0.5
3 906.928 86.4671 6.47001 0.5
3 982.416 88.4521 -9.57321 0.5
3 914.681 85.7593 -4.71196 0.5
3 879.794 114.889 1.82525 0.5
3 926.42 86.6546 -6.84839 0.5
3 886.999 88.0733 9.09691 0.5
3 734.024 98.5233 14.9271 0.5
3 765.678 96.7868 -14.6518 0.5
3 704.275 92.0825 12.7402 0.5
3 943.732 85.657 4.3908 0.5
3 937.784 103.627 -14.5549 0.5
3 693.178 94.4662 -13.9419 0.5
3 818.839 96.8534 14.6663 0.5
3 921.395 114.065 -5.21312 0.5
3 786.149 93.3462 -13.4435 0.5
3 761.325 86.3035 6.11604 0.5
3 985.511 90.6283 -11.712 0.5
3 851.567 92.377 12.9186 0.5
3 986.628 102.251 14.8301 0.5
3 716.417 103.94 -14.4733 0.5
3 771.254 112.86 7.72078 0.5
3 948.226 100.648 14.986 0.5
3 685.287 114.283 4.58112 0.5
3 907.077 113.066 -7.36745 0.5
3 780.752 88.2947 9.38008 0.5
3 828.98 91.8257 -12.577 0.5
3 935.506 85.8133 -4.87206 0.5
3 981.257 96.1476 -14.4969 0.5
3 863.291 112.741 -7.91614 0.5
3 902.602 97.1952 -14.7354 0.5
3 874.351 95.3958 -14.2759 0.5
3 785.82 85.7723 4.75107 0.5
3 969.419 85.5863 4.1528 0.5
3 755.789 109.966 11.211 0.5
3 977.372 97.3778 -14.769 0.5
3 946.248 107.71 -12.867 0.5
3 741.485 103.85 14.4975 0.5
3 676.342 86.1123 -5.66842 0.5
3 875.75 103.109 -14.6743 0.5
3 920.414 104.347 -14.3563 0.5
3 677.473 99.3815 14.9872 0.5
3 805.904 112.253 -8.65289 0.5
3 883.164 93.7151 -13.6198 0.5
3 679.307 114.496 3.85708 0.5
3 670.895 103.245 14.6447 0.5
3 700.798 113.182 -7.15838 0.5
3 876.492 85.0147 0.662901 0.5
3 769.278 98.1882 -14.8902 0.5
3 691.926 86.4496 -6.43316 0.5
3 815.596 109.277 11.7873 0.5
3 983.9 85.8124 4.86952 0.5
3 954.891 113.808 -5.86053 0.5
3 915.473 114.991 -0.521577 0.5
3 921.228 110.296 10.9087 0.5
