0 13.7963 97.0523 -14.7075 0.5
0 44.302 104.058 -14.4408 0.5
0 3.51967 85.5987 4.1954 0.5
0 18.9784 87.0016 7.48605 0.5
0 69.2511 113.309 -6.91977 0.5
0 97.0342 91.996 12.686 0.5
0 110.026 85.6041 4.21399 0.5
0 1.46957 102.219 -14.835 0.5
0 19.5191 114.978 0.816137 0.5
0 32.3811 94.8267 14.0797 0.5
0 12.137 108.455 12.3903 0.5
0 56.3177 86.0417 -5.49237 0.5
0 67.9302 110.501 10.711 0.5
0 21.5806 87.6737 -8.54769 0.5
0 45.0632 85.0892 1.63336 0.5
0 22.9804 87.7645 8.67718 0.5
0 90.7798 90.512 -11.618 0.5
0 88.0066 110.456 -10.7554 0.5
0 94.661 86.0175 5.43052 0.5
0 38.7064 85.2613 2.78737 0.5
0 107.206 109.414 -11.6778 0.5
0 73.7774 95.239 -14.2244 0.5
0 57.2324 102.748 14.7461 0.5
0 39.8414 88.5045 9.636 0.5
0 85.5231 108.406 -12.4235 0.5
0 34.0521 108.89 -12.0815 0.5
0 38.9222 109.686 11.4538 0.5
0 32.7931 94.6298 -14.0057 0.5
0 34.8459 99.8921 14.9996 0.5
0 43.362 114.928 -1.46653 0.5
0 26.0926 110.304 -10.9007 0.5
0 104.067 93.066 -13.3011 0.5
0 36.4366 95.0229 -14.1502 0.5
0 90.0703 109.924 -11.2476 0.5
0 42.9992 103.614 14.558 0.5
0 83.4719 114.97 -0.953776 0.5
0 71.8545 94.3546 13.8971 0.5
0 87.7855 112.601 8.13722 0.5
0 91.7357 111.814 9.24312 0.5
0 66.7045 93.1407 -13.3398 0.5
0 61.8395 86.4676 6.47098 0.5
0 16.6158 97.4408 14.7801 0.5
0 94.3183 114.718 2.89489 0.5
0 24.567 85.0432 1.13817 0.5
0 36.1807 86.7545 -7.03956 0.5
0 30.8487 85.3007 2.98825 0.5
0 78.6754 110.048 11.1369 0.5
0 27.4888 98.819 14.9534 0.5
0 71.9867 106.906 -13.3159 0.5
0 10.9282 109.634 11.4971 0.5
0 0.966515 112.846 7.74541 0.5
0 58.0408 109.289 11.7774 0.5
0 2.17059 87.3105 7.99852 0.5
0 21.626 110.636 -10.5766 0.5
0 65.4726 107.594 -12.9354 0.5
0 54.5167 85.2838 -2.90424 0.5
0 61.7012 85.0112 0.579906 0.5
0 41.3667 114.855 -2.07835 0.5
0 41.3528 98.2003 14.8916 0.5
0 75.417 85.5648 4.07745 0.5
0 40.8443 114.407 4.17459 0.5
0 97.0824 92.9395 13.2344 0.5
0 39.8892 100.861 -14.9753 0.5
0 110.382 103.319 -14.6282 0.5
0 93.6034 110.483 10.7288 0.5
0 92.443 89.2482 -10.4594 0.5
0 106.295 108.327 12.4766 0.5
0 58.0961 88.9605 10.1553 0.5
0 34.1819 110.384 10.8247 0.5
0 66.569 109.615 11.5133 0.5
0 88.8406 114.385 -4.25228 0.5
0 77.5001 102.999 14.6971 0.5
0 40.1223 88.539 -9.67711 0.5
0 42.4096 113.135 7.24376 0.5
0 56.5076 91.7294 -12.5139 0.5
0 75.1621 114.994 0.410745 0.5
0 19.2372 97.671 14.8181 0.5
0 68.4364 100.579 -14.9888 0.5
0 89.6262 88.9912 -10.1886 0.5
0 61.0602 98.4527 -14.92 0.5
0 104.922 85.0001 0.0452741 0.5
0 104.677 106.429 13.5524 0.5
0 73.1279 99.3538 -14.9861 0.5
0 33.106 105.7 -13.875 0.5
0 32.8087 91.5675 -12.4053 0.5
0 49.136 113.395 6.75044 0.5
0 14.3065 106.981 13.2766 0.5
0 85.9402 85.0173 -0.720065 0.5
0 56.1944 99.0301 -14.9686 0.5
0 31.5005 104.704 14.2432 0.5
0 53.2715 113.428 6.68509 0.5
0 0.231549 95.7486 -14.3849 0.5
0 45.836 95.7187 14.376 0.5
0 74.3856 113.818 -5.8353 0.5
0 20.9818 88.7058 -9.87122 0.5
0 30.8914 85.1032 1.75634 0.5
0 46.5583 85.0047 -0.374696 0.5
0 24.2742 111.495 9.63639 0.5
0 26.2809 93.4648 -13.5015 0.5
0 39.1939 86.148 -5.75525 0.5
0 47.017 86.1001 5.63852 0.5
0 37.2757 96.1174 14.4888 0.5
0 85.7654 90.9267 -11.9447 0.5
0 28.274 97.9696 -14.8619 0.5
0 8.40019 102.912 14.7146 0.5
0 77.4275 91.4963 -12.3567 0.5
0 0.952531 107.003 13.2648 0.5
0 4.44034 92.5744 13.033 0.5
0 109.491 95.1755 -14.203 0.5
0 79.0869 85.8364 -4.93879 0.5
0 8.19041 97.1858 -14.7336 0.5
0 30.0628 105.286 14.0376 0.5
0 52.4462 97.7425 14.8292 0.5
0 50.3753 93.6003 13.5663 0.5
0 98.1851 86.8686 7.25033 0.5
0 54.6921 101.926 14.8759 0.5
0 33.1665 104.109 -14.4263 0.5
0 37.187 85.7407 -4.65522 0.5
0 91.5054 114.5 3.84032 0.5
0 22.3776 90.7368 11.798 0.5
0 49.665 91.7953 -12.5572 0.5
0 105.815 114.972 -0.922006 0.5
0 1.08585 85.2564 2.76165 0.5
0 94.8017 105.15 -14.0881 0.5
0 76.3142 93.9561 -13.7285 0.5
0 24.3405 85.0001 0.0547573 0.5
0 26.1284 85.0266 0.892801 0.5
0 13.989 92.7976 13.1577 0.5
0 56.4442 98.7808 14.9504 0.5
0 25.1255 114.336 -4.41424 0.5
0 19.0303 94.0135 -13.7536 0.5
0 74.6006 105.32 14.0249 0.5
0 84.4819 104.523 14.302 0.5
0 73.2641 97.6409 14.8133 0.5
0 81.3104 108.767 -12.1712 0.5
0 105.289 98.8396 14.955 0.5
0 9.74186 85.6695 4.43146 0.5
0 95.8402 108.241 12.5334 0.5
0 30.3399 106.61 13.465 0.5
0 41.027 107.046 13.242 0.5
0 30.4415 101.899 14.8793 0.5
0 12.7698 98.7321 -14.9463 0.5
0 17.6121 91.3621 12.2632 0.5
0 58.883 100.695 14.9839 0.5
0 85.6864 110.625 -10.588 0.5
0 65.2772 86.1951 5.86729 0.5
0 26.8195 111.774 -9.29408 0.5
0 67.1878 114.863 -2.02151 0.5
0 78.3339 106.043 13.729 0.5
0 24.9097 108.398 -12.4289 0.5
0 47.156 102.403 -14.8062 0.5
0 4.24888 90.7449 11.8043 0.5
0 36.4506 114.588 -3.49203 0.5
0 43.6666 114.855 2.0801 0.5
0 66.072 114.378 4.27452 0.5
0 93.4522 90.102 -11.2707 0.5
0 4.29803 100.14 14.9993 0.5
0 10.1159 114.888 -1.83065 0.5
0 50.4931 114.501 -3.83558 0.5
0 23.133 86.7155 -6.96584 0.5
0 103.733 91.3161 -12.2307 0.5
0 72.5621 114.282 -4.58411 0.5
0 96.6945 112.365 -8.49179 0.5
0 51.4802 96.2905 -14.5341 0.5
0 56.3498 88.9082 -10.0981 0.5
0 63.322 112.162 -8.77932 0.5
0 48.8995 114.444 4.04734 0.5
0 103.994 89.358 -10.5711 0.5
0 86.9575 111.552 -9.56803 0.5
0 11.1851 111.799 9.26232 0.5
0 51.7357 107.533 12.9712 0.5
0 39.1308 110.99 10.2092 0.5
0 12.681 111.36 -9.795 0.5
0 84.308 102.286 14.8247 0.5
0 75.7358 101.558 14.9188 0.5
0 77.192 85.5957 -4.18527 0.5
0 22.0096 114.966 -1.01382 0.5
0 50.8271 98.1493 14.8854 0.5
0 90.2275 85.7968 -4.82386 0.5
0 93.5318 104.664 14.2565 0.5
0 61.8281 110.362 10.8459 0.5
0 86.5974 85.9707 5.30826 0.5
0 79.9075 106.707 -13.4171 0.5
0 17.727 89.4597 10.6725 0.5
0 79.7077 85.014 0.648956 0.5
1 131.18 62.8026 -14.8008 0.5
1 129.355 66.7385 -14.9075 0.5
1 144.858 36.5699 -14.1498 0.5
1 133.115 76.8645 0.854561 0.5
1 152.462 35.3082 -13.3028 0.5
1 134.508 57.6097 -14.8834 0.5
1 165.391 15.2646 11.7851 0.5
1 148.701 26.6098 -12.5055 0.5
1 162.473 13.071 14.8616 0.5
1 150.776 37.8026 -13.5162 0.5
1 116.174 80.9166 10.8915 0.5
1 113.825 110.251 -1.21249 0.5
1 139.762 58.2121 -12.7896 0.5
1 144.507 28.1582 -5.39002 0.5
1 125.852 60.6919 -5.93416 0.5
1 154.641 9.61644 -0.608295 0.5
1 126.527 80.1919 -13.3225 0.5
1 137.329 40.2146 -4.28721 0.5
1 117.595 101.889 -7.27108 0.5
1 146.662 44.7298 13.6105 0.5
1 134.81 67.4295 -12.3744 0.5
1 126.441 86.846 -6.74305 0.5
1 113.266 86.4531 -11.3431 0.5
1 164.944 13.652 13.3218 0.5
1 125.868 65.5373 -12.0728 0.5
1 127.19 87.0205 -1.97372 0.5
1 153.088 18.6613 12.2668 0.5
1 129.688 57.7288 11.0947 0.5
1 143.078 54.1693 11.5772 0.5
1 122.793 82.0434 14.8262 0.5
1 149.786 37.7617 14.2283 0.5
1 125.626 60.327 3.71457 0.5
1 142.8 58.4986 -6.77134 0.5
1 148.49 30.7198 -14.2971 0.5
1 146.609 53.4334 1.56933 0.5
1 126.059 80.6169 13.5147 0.5
1 127.72 84.7296 -6.54612 0.5
1 112.471 106.937 -11.7759 0.5
1 161.377 14.3106 -14.937 0.5
1 152.463 22.7509 13.905 0.5
1 161.008 21.5473 12.7068 0.5
1 115.76 80.2783 -9.4238 0.5
1 138.284 55.7676 -14.7303 0.5
1 137.824 48.9399 14.2141 0.5
1 134.252 48.7494 10.0121 0.5
1 150.686 24.6949 -13.3909 0.5
1 118.247 74.4218 7.0889 0.5
1 140.525 42.4641 -13.4747 0.5
1 154.05 32.1932 13.4867 0.5
1 135.11 69.3707 -10.2644 0.5
1 157.329 29.6784 -11.4153 0.5
1 150.156 19.2991 7.35542 0.5
1 138.985 36.9089 2.36206 0.5
1 112.681 107.323 11.1429 0.5
1 156.713 35.4984 -3.90129 0.5
1 115.453 82.5329 11.2274 0.5
1 143.465 29.4033 -3.61543 0.5
1 150.511 45.9778 -4.77043 0.5
1 114.29 85.5685 12.056 0.5
1 126.577 67.0345 13.6685 0.5
1 114.366 79.3698 -0.470022 0.5
1 111.424 87.4928 9.04515 0.5
1 152.046 39.1506 -11.1339 0.5
1 116.319 75.9795 0.141707 0.5
1 137.523 67.164 7.63498 0.5
1 139.798 35.8191 3.86645 0.5
1 125.222 64.1601 -9.75038 0.5
1 122.788 64.9988 -2.58205 0.5
1 122.687 74.5671 14.001 0.5
1 131.033 73.4786 12.699 0.5
1 138.677 37.4591 -2.47161 0.5
1 116.494 100.832 11.0387 0.5
1 135.451 55.5579 -14.8249 0.5
1 143.752 32.4598 -10.1923 0.5
1 150.42 21.6414 -10.9287 0.5
1 151.182 25.4408 -14.0865 0.5
1 160.879 28.7805 0.76163 0.5
1 164.418 -0.369737 12.6638 0.5
1 139.363 36.9192 4.98703 0.5
1 166.351 -9.75275 -5.18583 0.5
1 113.272 110.016 -5.97458 0.5
1 160.799 27.5272 -6.35115 0.5
1 149.817 24.4821 12.3747 0.5
1 117.472 85.2961 -14.5397 0.5
1 146.645 30.1893 -12.5184 0.5
1 135.346 71.8793 5.74846 0.5
1 135.039 71.7728 -7.09234 0.5
1 131.877 78.8165 -2.53495 0.5
1 114.36 91.5141 14.725 0.5
1 112.203 97.9826 14.9995 0.5
1 150.14 18.6019 -5.88462 0.5
1 132.499 49.2005 -5.98338 0.5
1 159.358 13.7534 14.7586 0.5
1 129.553 81.6361 -6.37573 0.5
1 149.294 18.962 -1.69968 0.5
1 114.794 83.4557 11.0309 0.5
1 112.288 112.955 0.428634 0.5
1 142.625 34.1225 -9.87114 0.5
1 142.59 60.3987 1.52676 0.5
1 117.345 90.1579 -14.9695 0.5
1 163.135 -2.50395 -8.44754 0.5
1 153.718 38.7454 -8.22573 0.5
1 138.211 38.0637 -0.289318 0.5
1 149.405 29.6737 -14.457 0.5
1 124.852 61.6392 3.60091 0.5
1 116.451 93.4873 14.7482 0.5
1 111.853 83.7604 -1.1699 0.5
1 151.388 16.4252 5.84558 0.5
1 131.354 67.6279 -14.7568 0.5
1 116.36 94.5168 -14.5596 0.5
1 118.551 84.0791 -14.6898 0.5
1 161.464 11.117 14.9069 0.5
1 120.72 80.1761 -14.6587 0.5
1 137.811 61.2192 13.0107 0.5
1 130.243 73.8302 -13.2833 0.5
1 114.788 108.631 0.0672978 0.5
1 150.21 32.3108 -15 0.5
1 139.338 65.961 2.10213 0.5
1 139.316 46.7612 -14.3442 0.5
1 127.891 58.3831 8.21027 0.5
1 142.594 41.936 14.5779 0.5
1 142.196 31.92 4.71595 0.5
1 120.586 73.1269 -10.7488 0.5
1 166.298 18.9754 3.59774 0.5
1 132.57 76.7964 5.47544 0.5
1 121.784 95.9336 -4.13375 0.5
1 113.658 87.7498 -12.7893 0.5
1 158.421 14.5491 -14.584 0.5
1 154.599 37.2747 8.14266 0.5
1 159.189 31.64 1.60306 0.5
1 128.489 84.9003 0.17585 0.5
1 166.46 18.1592 5.31679 0.5
1 155.827 30.991 12.3998 0.5
1 156.206 17.9398 14.4694 0.5
1 111.198 87.134 -7.958 0.5
1 123.7 93.0791 1.85852 0.5
1 140.2 62.8748 -7.01663 0.5
1 157.656 19.1254 14.9978 0.5
1 143.448 35.1191 12.095 0.5
1 162.703 17.5076 -13.3355 0.5
1 140.505 54.7217 -13.902 0.5
1 164.881 21.038 -4.92101 0.5
1 147.714 38.8845 14.8252 0.5
1 119.608 71.5742 -6.089 0.5
1 124.217 65.9761 9.8371 0.5
1 156.76 7.27016 -6.18986 0.5
1 121.679 95.6223 5.57176 0.5
1 132.623 68.7878 -13.7268 0.5
1 164.932 -5.13107 9.11818 0.5
1 153.642 13.5185 -7.79485 0.5
1 145.064 52.5361 9.81344 0.5
1 127.377 67.5804 -14.3865 0.5
1 154.181 33.9316 12.3382 0.5
1 131.988 66.2618 -14.8031 0.5
1 136.714 70.229 3.54457 0.5
1 153.633 40.2137 5.72546 0.5
1 151.404 40.6323 10.7886 0.5
1 123.818 92.3341 -4.39054 0.5
1 116.687 86.0813 14.3822 0.5
1 113.624 98.4994 -14.7263 0.5
1 137.283 51.1087 -14.5712 0.5
1 143.934 53.6051 10.7558 0.5
1 145.211 51.5745 10.5751 0.5
1 158.218 17.5989 14.9781 0.5
1 160.413 24.8095 -10.9956 0.5
1 144.772 49.8624 12.5835 0.5
1 158.033 3.73331 -0.380754 0.5
1 139.913 65.1138 0.0890174 0.5
1 156.561 30.5723 11.7744 0.5
1 121.553 93.1128 9.97947 0.5
1 160.472 -0.40048 -1.69199 0.5
1 128.863 54.5799 3.11258 0.5
1 134.493 73.5596 5.23139 0.5
1 141.259 55.3419 12.9555 0.5
1 152.752 21.7053 13.672 0.5
1 121.382 77.9479 -14.3816 0.5
1 165.449 12.6288 -13.3984 0.5
2 175.858 6.14238 6.42804 0.5
2 216.31 75.2824 3.92701 0.5
2 222.112 90.2369 -11.5488 0.5
2 200.071 46.8189 -2.35895 0.5
2 196.238 69.7464 2.71639 0.5
2 207.995 83.0116 -12.9 0.5
2 175.148 29.6782 -9.96368 0.5
2 184.046 43.4134 11.5776 0.5
2 171.924 22.2253 11.7344 0.5
2 179.183 11.7293 -6.05346 0.5
2 194.778 39.0141 6.63728 0.5
2 173.533 22.5401 13.3328 0.5
2 189.946 34.9451 -11.886 0.5
2 185.791 24.2297 -8.03078 0.5
2 172.119 21.7146 -12.3623 0.5
2 220.936 108.699 10.2764 0.5
2 178.948 33.4581 -12.4199 0.5
2 189.892 41.7952 -14.8368 0.5
2 194.604 67.1475 0.714033 0.5
2 175.391 4.24626 -3.27034 0.5
2 187.503 54.7596 -1.77345 0.5
2 187.215 41.5122 -14.8456 0.5
2 221.29 83.5034 1.87417 0.5
2 209.538 70.057 -12.7059 0.5
2 174.545 26.384 12.0269 0.5
2 180.193 24.7569 -14.7991 0.5
2 190.869 53.6976 -12.6868 0.5
2 171.51 -2.74602 -1.64105 0.5
2 216.177 76.4773 -7.39301 0.5
2 203.423 54.6973 7.9156 0.5
2 210.276 64.4482 2.0358 0.5
2 217.86 90.9322 14.9235 0.5
2 171.432 9.71411 14.8204 0.5
2 211.996 80.5566 14.8998 0.5
2 200.068 54.6326 13.2694 0.5
2 201.607 59.3328 -14.1558 0.5
2 193.8 61.7109 10.2624 0.5
2 214.223 71.198 1.25583 0.5
2 182.044 26.2465 14.4106 0.5
2 191.627 50.4778 14.5931 0.5
2 177.978 10.1338 -7.06381 0.5
2 203.44 60.0794 -13.0538 0.5
2 216.196 78.1801 -9.76989 0.5
2 169.41 23.4726 -1.27889 0.5
2 212.405 85.3474 -14.8147 0.5
2 192.888 45.0641 14.4209 0.5
2 195.265 60.7471 -13.0257 0.5
2 169.398 7.08888 -14.933 0.5
2 216.528 83.4536 -13.4284 0.5
2 180.787 40.4638 8.682 0.5
2 201.998 51.3757 6.34007 0.5
2 176.036 26.5152 13.5129 0.5
2 187.932 52.7816 -8.76333 0.5
2 197.439 49.3846 12.879 0.5
2 206.335 63.2912 -11.8538 0.5
2 212.878 69.9459 -5.71407 0.5
2 170.124 20.1867 -10.786 0.5
2 197.887 43.7552 -5.13237 0.5
2 206.74 65.7444 -13.0248 0.5
2 180.621 15.4366 8.2802 0.5
2 190.896 60.1101 -4.30426 0.5
2 183.641 21.5438 9.47068 0.5
2 209.8 79.7459 -14.9469 0.5
2 184.461 42.2471 -12.9016 0.5
2 167.376 5.85633 -14.9758 0.5
2 179.23 17.2745 -12.5203 0.5
2 192.005 38.0842 11.5445 0.5
2 217.374 103.77 -8.7718 0.5
2 214.987 79.2143 -12.5243 0.5
2 181.181 30.2051 14.9444 0.5
2 205.37 57.0197 5.8975 0.5
2 192.237 36.8723 -9.98707 0.5
2 208.661 71.0882 -13.9854 0.5
2 168.07 19.982 5.93463 0.5
2 208.833 90.3637 -6.42417 0.5
2 215.657 85.0522 14.5673 0.5
2 195.382 68.2096 2.99211 0.5
2 185.028 41.7924 -13.6522 0.5
2 177.353 11.2036 -10.1095 0.5
2 189.63 54.2284 10.533 0.5
2 168.438 18.9806 8.81271 0.5
2 209.222 91.8619 4.2743 0.5
2 177.987 21.8424 14.9207 0.5
2 182.5 20.6688 10.682 0.5
2 175.175 7.11609 9.75403 0.5
2 211.195 66.7157 4.87807 0.5
2 216.352 81.3676 12.3834 0.5
2 212.303 67.8219 -0.288621 0.5
2 173.935 29.9239 6.41231 0.5
2 214.859 101.202 -5.49897 0.5
2 199.827 52.5853 -12.2719 0.5
2 220.5 96.7916 14.9983 0.5
2 179.766 30.83 -14.3502 0.5
2 222.187 112.759 -7.78704 0.5
2 216.892 75.9193 2.12968 0.5
2 202.186 72.0935 13.3715 0.5
2 183.926 36.2235 14.7808 0.5
2 189.411 37.1147 13.7234 0.5
2 203.337 63.0542 -14.3898 0.5
2 219.917 83.2377 7.86883 0.5
2 189.789 29.8115 5.35367 0.5
2 178.31 9.05906 1.86595 0.5
2 178.903 29.7735 -14.2097 0.5
2 215.618 74.1047 -4.00015 0.5
2 210.187 91.566 8.42255 0.5
2 204.971 83.466 -6.84848 0.5
2 170.129 23.462 6.13099 0.5
2 170.905 26.0655 -1.23554 0.5
2 216.999 102.092 -10.0468 0.5
2 209.324 85.7296 -12.6446 0.5
2 178.166 14.3704 11.7518 0.5
2 188.545 34.0203 -12.9035 0.5
2 171.619 3.03208 11.7522 0.5
2 187.815 25.7659 -3.269 0.5
2 173.232 28.7984 6.21311 0.5
2 189.733 32.506 -9.95448 0.5
2 200.413 51.0798 10.0387 0.5
2 199.528 46.1649 3.73805 0.5
2 221.215 83.4014 -2.09006 0.5
2 217.84 78.2682 -5.00079 0.5
2 170.25 9.21181 14.9802 0.5
2 190.979 44.2759 -14.9133 0.5
2 199.96 47.9504 -6.55874 0.5
2 201.565 50.1387 -5.16578 0.5
2 170.221 -4.61805 -3.65148 0.5
2 190.749 31.4961 -5.40822 0.5
2 221.485 94.2721 14.3244 0.5
2 215.541 90.7024 14.8265 0.5
2 187.428 34.6952 14.1281 0.5
2 201.221 75.1174 -9.63895 0.5
2 169.715 9.32919 -14.9975 0.5
2 170.017 16.4259 13.3455 0.5
2 209.806 85.3039 13.3657 0.5
2 192.035 32.7692 1.28361 0.5
2 221.408 107.621 -11.9759 0.5
2 209.385 90.3014 8.23567 0.5
2 205.394 57.9454 -7.64352 0.5
2 198.051 63.2739 -14.0923 0.5
2 184.611 49.8118 -1.15345 0.5
2 197.135 70.195 6.22499 0.5
2 197.558 43.544 6.02585 0.5
2 214.654 89.2508 14.8133 0.5
2 204.96 84.3479 4.69532 0.5
2 179.292 40.1518 3.80806 0.5
2 216.57 104.408 -4.84117 0.5
2 177.878 35.5454 -8.51135 0.5
2 199.967 51.4535 -11.1813 0.5
2 214.271 99.316 7.32726 0.5
2 173 1.86867 7.69599 0.5
2 202.558 60.2246 13.8685 0.5
2 182.316 40.2035 11.751 0.5
2 166.741 13.0402 11.8963 0.5
2 189.759 58.4572 -3.0534 0.5
2 176.496 6.66145 -5.00838 0.5
2 181.169 39.4129 -10.6927 0.5
2 199.968 57.6531 -14.5103 0.5
2 177.283 32.7135 -10.6626 0.5
2 189.848 39.0194 -14.1744 0.5
2 188.423 51.599 -11.0525 0.5
2 187.284 24.4997 0.651241 0.5
2 193.234 63.5809 5.90225 0.5
2 169.844 -5.03849 4.47548 0.5
2 215.378 73.2001 1.27488 0.5
2 174.938 11.7754 13.6007 0.5
2 170.321 6.78054 14.6271 0.5
2 176.364 34.223 6.2144 0.5
2 208.849 84.6913 -12.7797 0.5
2 202.936 61.9828 -14.2731 0.5
2 205.285 83.1616 -8.29447 0.5
2 168.868 -0.317289 12.7474 0.5
2 184.937 47.8801 -8.35178 0.5
2 198.448 52.172 -13.4452 0.5
2 215.42 90.8107 -14.7743 0.5
2 219.146 87.3641 13.0998 0.5
2 188.424 55.7945 4.41828 0.5
2 186.737 33.3464 -14.0728 0.5
2 213.976 93.3439 12.9161 0.5
2 196.22 51.4397 14.5806 0.5
2 213.255 69.8577 -3.39865 0.5
2 206.037 62.8457 11.908 0.5
2 215.144 72.741 -0.179075 0.5
2 192.065 49.6646 -14.8794 0.5
2 205.937 85.8991 -5.09951 0.5
2 182.517 44.206 -7.52147 0.5
2 190.929 35.4194 10.8286 0.5
2 185.364 49.5786 6.70176 0.5
2 198.475 66.65 12.8237 0.5
2 180.49 20.3354 13.0578 0.5
2 197.562 65.4399 12.591 0.5
2 175.516 7.89051 -9.96373 0.5
2 177.368 37.2749 1.02553 0.5
2 181.367 33.6446 -14.3378 0.5
2 186.611 30.92 13.0483 0.5
2 173.693 6.12134 11.3355 0.5
2 202.076 50.3274 2.57355 0.5
2 197.145 45.6548 10.2949 0.5
2 198.696 47.5723 9.41174 0.5
3 297.961 112.656 8.05136 0.5
3 243.476 96.8771 -14.6713 0.5
3 331.05 109.808 11.3495 0.5
3 246.745 102.229 14.8334 0.5
3 314.398 114.715 -2.90875 0.5
3 252.469 107.141 -13.191 0.5
3 238.09 115 -0.057571 0.5
3 239.747 97.1853 -14.7336 0.5
3 277.023 112.578 8.17307 0.5
3 228.193 107.101 -13.2128 0.5
3 292.355 91.4984 -12.3581 0.5
3 280.374 86.2543 -6.00472 0.5
3 253.249 103.742 -14.5258 0.5
3 276.89 85.1473 -2.09721 0.5
3 299.215 92.0838 -12.741 0.5
3 227.33 87.2288 -7.86738 0.5
3 312.299 96.5179 14.5902 0.5
3 297.198 86.5967 -6.73426 0.5
3 256.615 91.3487 12.2538 0.5
3 316.803 99.9826 -15 0.5
3 256.082 114.491 3.87575 0.5
3 269.715 110.258 -10.9439 0.5
3 293.068 97.0837 -14.7138 0.5
3 286.598 113.918 -5.59465 0.5
3 232.527 98.9528 -14.9634 0.5
3 301.609 113.013 7.45999 0.5
3 262.307 85.27 -2.83314 0.5
3 288.308 110.289 -10.9153 0.5
3 240.128 85.0748 1.49629 0.5
3 329.84 98.7615 -14.9488 0.5
3 312.568 106.702 -13.4195 0.5
3 232.502 114.77 -2.61511 0.5
3 241.039 114.853 2.09828 0.5
3 329.252 86.5599 -6.66068 0.5
3 268.171 109.412 -11.6793 0.5
3 265.756 111.39 -9.76019 0.5
3 273.258 99.9385 14.9999 0.5
3 282.291 113.85 5.76098 0.5
3 224.45 113.736 -6.02584 0.5
3 257.571 94.1619 -13.8172 0.5
3 329.482 85.8905 -5.09131 0.5
3 250.261 110.027 11.156 0.5
3 270.537 109.655 -11.48 0.5
3 260.481 102.605 14.7721 0.5
3 281.309 85.2216 2.56879 0.5
3 268.147 91.7191 12.5071 0.5
3 321.295 90.3999 -11.5256 0.5
3 296.429 114.525 3.74626 0.5
3 250.681 85.2028 2.45831 0.5
3 241.7 98.5423 -14.929 0.5
3 226.637 85.0286 -0.926634 0.5
3 222.32 114.968 0.984149 0.5
3 311.594 94.5369 -13.9698 0.5
3 279.528 111.908 -9.12187 0.5
3 284.782 114.485 -3.89725 0.5
3 247.83 99.0896 14.9723 0.5
3 238.31 91.6173 12.4391 0.5
3 267.726 86.0088 5.40804 0.5
3 299.399 85.3822 -3.36458 0.5
3 267.253 102.95 14.7071 0.5
3 300.01 85.0172 -0.717349 0.5
3 253.432 110.589 -10.6237 0.5
3 233.428 114.732 2.8243 0.5
3 277.928 91.2526 -12.1854 0.5
3 278.192 90.4156 -11.5386 0.5
3 309.568 97.8506 14.8452 0.5
3 254.926 89.3243 -10.5371 0.5
3 317.372 86.5481 6.63684 0.5
3 241.086 112.576 -8.17563 0.5
3 299.43 112.089 8.87985 0.5
3 308.02 109.551 -11.5659 0.5
3 223.073 88.1571 -9.20574 0.5
3 262.241 112.677 -8.01894 0.5
3 235.354 90.6511 -11.7302 0.5
3 314.644 95.5289 -14.3181 0.5
3 282.527 103.765 -14.5198 0.5
3 312.273 103.773 14.5178 0.5
3 299.199 101.072 14.9617 0.5
3 290.539 102.8 -14.7363 0.5
3 324.702 89.9559 -11.1408 0.5
3 243.659 86.0326 -5.46921 0.5
3 332.753 114.945 -1.28456 0.5
3 263.332 87.8066 -8.73621 0.5
3 309.745 103.142 -14.6672 0.5
3 325.033 113.459 6.62271 0.5
3 310.016 86.9627 -7.41809 0.5
3 306.703 86.0027 -5.39216 0.5
3 228.192 108.856 -12.1065 0.5
3 261.463 85.0447 1.15728 0.5
3 307.201 96.4079 14.5635 0.5
3 329.223 86.0487 5.51 0.5
3 248.191 114.944 1.29594 0.5
3 228.264 113.048 -7.39911 0.5
3 268.77 89.7255 10.9286 0.5
3 249.017 90.9066 11.9294 0.5
3 262.624 85.5647 4.07694 0.5
3 235.759 113.799 -5.88139 0.5
3 266.282 88.814 -9.9937 0.5
3 310.644 92.1956 -12.8098 0.5
3 301.037 92.814 -13.1667 0.5
3 233.895 85.3515 3.22801 0.5
3 274.878 114.84 2.1867 0.5
3 241.353 90.0756 11.2475 0.5
3 232.905 96.3881 14.5586 0.5
3 232.886 101.595 -14.915 0.5
3 281.956 113.379 6.78316 0.5
3 303.802 111.905 9.12587 0.5
3 242.136 102.325 14.8187 0.5
3 332.871 110.873 10.3337 0.5
3 261.344 86.3888 -6.30353 0.5
3 297.184 113.778 5.92909 0.5
3 311.614 91.9309 -12.6448 0.5
3 303.676 85.4272 3.55429 0.5
3 330.056 85.4035 3.45596 0.5
3 279.076 87.234 -7.87583 0.5
3 232.63 94.2155 13.8398 0.5
3 257.028 89.2687 10.4804 0.5
3 223.643 109.274 -11.7895 0.5
3 282.555 86.6718 -6.88187 0.5
3 279.519 109.028 -11.9792 0.5
3 271.432 85.7628 4.72244 0.5
3 248.122 88.0548 -9.07264 0.5
3 223.235 85.1839 2.34136 0.5
3 300.833 90.1227 -11.2889 0.5
3 228.78 99.5533 -14.9933 0.5
3 295.733 85.0172 -0.717346 0.5
3 232.757 92.2123 -12.82 0.5
3 276.326 109.481 11.6236 0.5
3 228.52 109.142 11.8923 0.5
3 317.426 103.852 14.4969 0.5
3 276.716 88.2971 -9.38304 0.5
3 236.14 109.567 11.553 0.5
3 327.45 110.498 10.7136 0.5
3 267.278 114.446 -4.03986 0.5
3 228.187 114.952 -1.19283 0.5
3 235.368 104.892 -14.1797 0.5
3 326.621 91.7624 12.5356 0.5
3 232.832 85.8965 -5.10789 0.5
3 300.085 110.918 10.2861 0.5
3 312.778 88.4694 9.59403 0.5
3 267.904 96.1809 -14.5057 0.5
3 238.573 85.8166 -4.88166 0.5
3 320.68 85.1877 2.36531 0.5
3 267.757 85.0293 -0.937226 0.5
3 246.675 90.5967 11.6867 0.5
3 325.655 109.772 -11.3805 0.5
3 309.329 90.6688 -11.7443 0.5
3 324.027 94.8646 -14.0935 0.5
3 327.572 94.318 13.8822 0.5
3 232.909 106.659 -13.441 0.5
3 319.721 85.8663 -5.02392 0.5
3 245.544 107.512 12.9835 0.5
3 258.554 87.1951 -7.81241 0.5
3 257.082 114.694 3.01498 0.5
3 245.964 113.463 6.6132 0.5
3 261.95 107.5 -12.9903 0.5
3 315.001 89.0991 10.3039 0.5
3 274.366 97.9929 -14.8651 0.5
3 256.576 110.071 11.1166 0.5
3 290.819 110.211 -10.9878 0.5
3 295.601 86.7855 7.09773 0.5
3 331.808 91.3817 -12.277 0.5
3 235.577 104.534 14.2982 0.5
3 285.734 90.0073 11.1869 0.5
3 258.52 99.8711 14.9994 0.5
3 326.986 107.602 -12.9309 0.5
3 286.989 92.1255 12.7668 0.5
3 231.817 88.6269 -9.78018 0.5
3 296.479 103.594 14.563 0.5
3 270.837 85 -0.0357049 0.5
4 353.671 57.0992 12.8882 0.5
4 335.417 109.419 -7.43536 0.5
4 341.271 71.7804 3.9467 0.5
4 348.204 59.2681 -0.851473 0.5
4 373.665 32.9742 -14.7305 0.5
4 385.226 -4.32659 -4.0372 0.5
4 384.437 3.51744 12.7088 0.5
4 360.524 49.4212 -14.5901 0.5
4 333.531 89.3925 -10.937 0.5
4 386.224 5.8723 -14.787 0.5
4 336.986 98.2427 14.2872 0.5
4 382.652 1.77928 7.82336 0.5
4 376.86 28.0053 -14.6105 0.5
4 386.623 -2.1132 -11.3455 0.5
4 335.134 95.3698 14.9237 0.5
4 379.508 5.89953 -5.05186 0.5
4 357.001 64.7993 -13.8362 0.5
4 375.718 38.6451 8.92254 0.5
4 344.153 71.6306 -11.5011 0.5
4 385.681 4.35875 14.152 0.5
4 361.133 47.9212 -14.4765 0.5
4 381.554 29.8673 -6.76308 0.5
4 337.619 91.0962 14.9267 0.5
4 363.765 33.3309 5.48698 0.5
4 347.192 65.5642 10.779 0.5
4 379.334 22.3419 14.8638 0.5
4 382.106 30.5079 0.68818 0.5
4 343.168 88.4066 -13.9785 0.5
4 377.554 19.9103 -14.5868 0.5
4 384.095 -0.323219 8.4372 0.5
4 339.261 77.6481 -8.88588 0.5
4 342.209 98.0374 -6.72128 0.5
4 379.248 34.419 -5.5227 0.5
4 339.165 101.999 -8.86672 0.5
4 361.559 46.0731 -14.1286 0.5
4 342.068 97.0361 8.77649 0.5
4 356.803 45.7087 -6.24 0.5
4 345.105 87.3989 -12.8198 0.5
4 354.075 74.4879 10.7969 0.5
4 356.536 71.5891 -9.28924 0.5
4 344.742 76.6188 -14.5564 0.5
4 354.159 66.0795 14.845 0.5
4 335.144 100.213 -14.6211 0.5
4 386.341 -6.81147 0.0389671 0.5
4 361.279 52.8251 14.9496 0.5
4 360.254 61.1257 -12.8406 0.5
4 345.858 84.9946 13.4261 0.5
4 357.884 69.67 8.73719 0.5
4 380.165 13.176 -13.871 0.5
4 387.448 0.541634 13.8631 0.5
4 368.485 53.7577 -3.25494 0.5
4 348.574 61.0896 -8.27159 0.5
4 358.551 42.9478 6.79346 0.5
4 366.659 55.2936 7.45572 0.5
4 387.731 2.77404 -14.6957 0.5
4 372.39 25.1846 -13.1773 0.5
4 348.349 71.3499 14.7653 0.5
4 355.826 75.597 3.62445 0.5
4 375.912 36.1938 11.2316 0.5
4 369.505 33.4053 -14.4721 0.5
4 342.542 89.8504 13.8333 0.5
4 342.222 99.5857 0.732702 0.5
4 368.533 51.2152 8.75097 0.5
4 367.58 42.1269 -14.9303 0.5
4 339.749 75.4387 6.64402 0.5
4 362.473 38.9374 10.6222 0.5
4 370.133 43.1758 13.3111 0.5
4 355.945 60.694 14.9993 0.5
4 347.579 80.0065 14.2509 0.5
4 343.139 94.0177 10.196 0.5
4 349.174 74.825 -14.8285 0.5
4 335.346 84.4167 -8.8687 0.5
4 359.731 46.2568 -12.6747 0.5
4 382.918 26.1522 8.95161 0.5
4 348.268 87.4172 6.96436 0.5
4 373.11 42.2579 -10.0303 0.5
4 387.769 9.88995 -14.4073 0.5
4 340.936 101.77 -1.36637 0.5
4 376.559 36.0523 -10.2821 0.5
4 378.753 33.6743 8.52305 0.5
4 387.084 -1.19216 -12.6295 0.5
4 360.432 45.301 12.8354 0.5
4 355.157 75.0307 -7.77105 0.5
4 367.292 30.1869 10.203 0.5
4 347.994 63.9677 -10.5746 0.5
4 371.082 47.8603 -7.04503 0.5
4 350.877 60.8711 -12.1884 0.5
4 347.414 76.337 14.9825 0.5
4 358.88 59.3107 14.5716 0.5
4 366.89 50.3078 -12.4075 0.5
4 379.894 5.78017 6.38069 0.5
4 356.566 73.4126 -6.21438 0.5
4 351.864 70.6273 -14.7507 0.5
4 340.525 73.7804 -5.96456 0.5
4 351.541 81.4175 -7.56131 0.5
4 388.609 -3.6866 -12.7226 0.5
4 335.609 81.1507 1.66232 0.5
4 363.978 34.2627 -8.04614 0.5
4 346.357 70.1735 -13.1215 0.5
4 371.714 48.5041 -0.75937 0.5
4 333.668 84.7838 3.28313 0.5
4 380.818 3.95775 -5.8874 0.5
4 338.529 76.4146 -3.49655 0.5
4 372.47 45.3678 7.20878 0.5
4 386.026 -4.28689 7.44893 0.5
4 383.67 11.9371 14.9744 0.5
4 340.436 73.4954 -4.82447 0.5
4 333.648 104.129 -14.2531 0.5
4 388.09 -7.88425 -7.40856 0.5
4 363.001 37.5126 -10.0866 0.5
4 348.73 79.0933 -13.8492 0.5
4 335.923 82.0823 6.67808 0.5
4 358.477 42.4622 -5.41768 0.5
4 367.877 53.7847 6.29394 0.5
4 355.961 66.7447 13.7753 0.5
4 378.285 17.1345 -14.1395 0.5
4 370.091 50.4126 5.17658 0.5
4 363.369 59.8235 -9.20146 0.5
4 372.47 47.0774 -2.01499 0.5
4 368.559 24.2265 -2.67118 0.5
4 370.497 20.8249 2.41071 0.5
4 341.406 76.1357 -11.285 0.5
4 386.715 14.0744 13.5022 0.5
4 356.188 47.0395 -6.78956 0.5
4 381.748 19.1646 14.6925 0.5
4 385.001 -4.42951 -1.35761 0.5
4 340.365 102.154 4.42134 0.5
4 377.234 9.32377 -3.27471 0.5
4 354.069 50.6349 6.64201 0.5
4 358.255 68.0086 -10.0078 0.5
4 373.736 21.6463 12.4443 0.5
4 375.297 12.4858 2.24088 0.5
4 365.468 52.7612 -12.4135 0.5
4 355.426 73.194 -9.67936 0.5
4 340.062 98.2425 11.2721 0.5
4 339.282 104.584 1.83424 0.5
4 373.352 45.1992 -3.78746 0.5
4 334.075 109.912 9.98277 0.5
4 385.043 -3.27176 6.08941 0.5
4 360.465 49.7287 14.6373 0.5
4 358.443 63.0375 13.5043 0.5
4 385.253 20.0173 -11.2298 0.5
4 345.859 76.9027 14.9343 0.5
4 362.484 42.5262 13.2749 0.5
4 352.739 59.2251 -13.1794 0.5
4 347.705 82.3153 -13.1549 0.5
4 342.753 70.6814 -7.47653 0.5
4 359.288 40.0489 0.368857 0.5
4 374.77 43.2058 0.843871 0.5
4 377.406 35.4452 9.28463 0.5
4 374.205 24.3235 14.1824 0.5
4 381.004 31.8521 4.13274 0.5
4 380.269 23.7582 -14.1233 0.5
4 353.549 52.8946 -8.87763 0.5
4 386.185 23.203 -2.75084 0.5
4 345.684 73.9376 14.2541 0.5
4 378.371 7.25829 2.81469 0.5
4 366.313 57.6253 -2.73899 0.5
4 372.281 41.3004 -12.1771 0.5
4 375.856 24.6455 -14.903 0.5
4 355.213 64.9283 14.7315 0.5
4 340.002 78.4859 11.2131 0.5
4 376.189 32.322 13.4941 0.5
4 358.338 52.2275 -14.3204 0.5
4 374.698 22.3169 -13.7311 0.5
4 346.119 79.7435 -14.8805 0.5
4 351.349 74.4622 -13.8884 0.5
4 377.232 29.8577 13.7943 0.5
4 381.37 25.1722 -12.4444 0.5
4 356.289 45.957 4.58521 0.5
4 361.687 64.2391 -6.83981 0.5
4 347.418 80.0786 -14.317 0.5
4 364.765 33.9157 9.45647 0.5
4 383.636 -0.232145 7.29855 0.5
4 337.122 99.2087 13.8458 0.5
4 346.132 63.9099 -5.58377 0.5
4 335.805 105.282 11.5557 0.5
4 343.161 96.2826 6.92773 0.5
4 370.075 47.5808 -9.95588 0.5
4 377.542 35.4957 -8.90849 0.5
4 382.691 21.2363 13.4069 0.5
4 344.377 93.8139 -7.58442 0.5
4 384.277 -2.76135 -3.74828 0.5
4 344.789 77.7878 -14.8116 0.5
4 352.837 57.155 -11.9523 0.5
4 352.381 55.5599 9.69083 0.5
4 344.212 88.3502 13.1634 0.5
4 360.358 54.1109 -14.9719 0.5
4 387.249 -8.37777 0.454849 0.5
4 373.377 31.7398 14.9598 0.5
5 346.733 -69.5993 -14.9957 0.5
5 376.972 -2.08134 -2.52944 0.5
5 338.471 -90.8317 -13.1147 0.5
5 344.976 -57.6482 3.28707 0.5
5 339.568 -67.1274 -3.74787 0.5
5 338.945 -89.1418 -13.5605 0.5
5 333.84 -95.9422 14.3493 0.5
5 377.782 -26.0816 -10.5946 0.5
5 360.842 -49.5279 -14.2366 0.5
5 380.648 -11.5301 -14.9645 0.5
5 365.884 -23.3411 7.93477 0.5
5 387.643 16.0022 -4.25161 0.5
5 384.95 -7.5755 14.3002 0.5
5 380.903 4.33555 -4.22592 0.5
5 341.516 -73.706 14.2864 0.5
5 365.008 -22.6318 1.15186 0.5
5 335.435 -103.531 2.88152 0.5
5 369.352 -20.0177 11.1394 0.5
5 370.982 -22.9236 14.3654 0.5
5 363.64 -40.8055 -14.976 0.5
5 370.942 -36.584 -11.7898 0.5
5 341.433 -89.2138 -10.4171 0.5
5 335.722 -101.175 -7.7172 0.5
5 338.053 -98.6445 4.30722 0.5
5 350.426 -75.6655 7.78653 0.5
5 365.276 -24.0607 -7.37316 0.5
5 347.744 -77.4962 -11.1753 0.5
5 366.604 -27.1375 12.8814 0.5
5 384.285 3.52474 -12.8583 0.5
5 381.205 -13.1487 -14.558 0.5
5 366.861 -26.3473 -12.6692 0.5
5 378.826 0.577374 4.74017 0.5
5 354.081 -41.5149 -0.146943 0.5
5 374.507 -27.8188 -13.4284 0.5
5 361.885 -57.9266 -1.45409 0.5
5 361.539 -40.3412 14.6426 0.5
5 343.775 -82.4351 12.6434 0.5
5 355.993 -44.732 12.3789 0.5
5 369.838 -23.5898 13.9024 0.5
5 350.501 -77.4927 -2.57357 0.5
5 373.757 -30.8041 12.4472 0.5
5 353.007 -54.5533 14.5054 0.5
5 344.969 -64.804 -12.9947 0.5
5 356.025 -49.078 14.4378 0.5
5 366.914 -20.2865 5.38302 0.5
5 375.085 -18.3823 14.8973 0.5
5 358.164 -34.5175 1.50581 0.5
5 369.775 -27.7053 14.9116 0.5
5 354.649 -70.5295 -0.132666 0.5
5 382.728 -8.94205 14.8599 0.5
5 386.297 -6.79184 -13.7139 0.5
5 366.816 -47.8453 -6.76226 0.5
5 379.012 -2.55634 -10.4352 0.5
5 355.273 -39.921 -3.7291 0.5
5 358.194 -44.9926 14.341 0.5
5 359.787 -44.5126 -14.8497 0.5
5 383.273 -19.7772 -5.81803 0.5
5 346.682 -68.4416 -14.9737 0.5
5 351.256 -75.7028 -4.54132 0.5
5 353.867 -71.4239 -3.68806 0.5
5 361.496 -41.7503 -14.8764 0.5
5 341.202 -67.674 -10.037 0.5
5 349.441 -55.6441 12.0698 0.5
5 354.852 -69.6037 4.11337 0.5
5 374.248 -6.95341 -3.31018 0.5
5 363.24 -44.8344 -14.4048 0.5
5 347.402 -53.7861 -4.54195 0.5
5 385.931 -1.14733 14.9987 0.5
5 378.949 -26.8321 6.76073 0.5
5 359.928 -57.2092 -10.3859 0.5
5 340.29 -82.7738 -14.8111 0.5
5 385.329 -1.49232 -14.9731 0.5
5 368.249 -19.8311 -8.80498 0.5
5 345.088 -77.6586 -13.928 0.5
5 382.234 -22.5561 2.40887 0.5
5 373.637 -23.3248 -14.9844 0.5
5 379.852 -17.0895 -14.0651 0.5
5 346.458 -65.7677 -14.4707 0.5
5 381.251 -1.96795 12.998 0.5
5 384.089 -15.711 -10.0083 0.5
5 337.191 -96.9944 -9.94899 0.5
5 361.965 -41.5421 14.9421 0.5
5 368.958 -40.2549 11.6014 0.5
5 366.5 -36.1965 -14.9525 0.5
5 377.075 -1.81663 1.97021 0.5
5 352.428 -74.2107 2.23175 0.5
5 385.726 8.07668 11.3735 0.5
5 344.019 -88.3102 -4.30786 0.5
5 387.782 16.2971 4.06027 0.5
5 352.946 -70.7661 -8.60641 0.5
5 375.167 -23.082 -14.6782 0.5
5 372.384 -9.86706 1.27749 0.5
5 388.576 4.12496 14.9734 0.5
5 341.828 -72.1162 13.9074 0.5
5 352.766 -46.6931 -8.86722 0.5
5 379.672 -23.6164 9.71621 0.5
5 334.464 -76.6903 5.87688 0.5
5 356.65 -65.2651 -7.12224 0.5
5 344.524 -58.0956 -0.921762 0.5
5 363.33 -25.5721 -1.5266 0.5
5 354.027 -71.5438 1.38319 0.5
5 356.121 -38.038 -1.31099 0.5
5 339.13 -78.7426 14.5449 0.5
5 354.799 -49.8086 -13.9705 0.5
5 342.046 -92.3 1.33043 0.5
5 348.633 -54.2029 -9.32685 0.5
5 369.663 -18.2773 -9.92428 0.5
5 354.248 -42.2458 -5.44093 0.5
5 370.519 -32.3131 14.3794 0.5
5 367.202 -42.6787 -12.0814 0.5
5 382.718 6.84566 5.97333 0.5
5 350.266 -77.7128 3.48047 0.5
5 388.443 16.0288 -7.43838 0.5
5 386.482 -8.19566 12.8118 0.5
5 362.286 -30.0576 8.66327 0.5
5 342.355 -77.9979 14.954 0.5
5 351.598 -55.0487 -13.8475 0.5
5 351.498 -46.9992 -5.41431 0.5
5 382.569 -18.1901 10.1773 0.5
5 344.498 -74.0503 14.9706 0.5
5 343.07 -81.8463 13.6311 0.5
5 375.804 -19.545 14.9856 0.5
5 381.359 0.573705 -11.3212 0.5
5 358.965 -34.6686 6.77012 0.5
5 352.019 -49.6146 10.7406 0.5
5 362.497 -55.3087 -6.79549 0.5
5 372.927 -24.6191 14.9814 0.5
5 385.598 -9.92272 12.6901 0.5
5 345.233 -74.7052 14.7236 0.5
5 373.68 -23.2152 14.986 0.5
5 376.537 -32.2779 3.17962 0.5
5 372.319 -26.9895 14.8572 0.5
5 341.525 -72.7278 -13.942 0.5
5 341.677 -64.7344 -7.00562 0.5
5 343.581 -89.3417 3.26109 0.5
5 333.623 -78.5763 -6.79654 0.5
5 385.484 -13.3222 -9.97905 0.5
5 369.918 -42.253 -7.18059 0.5
5 381.099 -23.2719 6.42608 0.5
5 379.669 -14.8533 14.7624 0.5
5 361.19 -54.5319 10.8756 0.5
5 339.373 -67.0654 -1.50445 0.5
5 370.1 -40.7719 8.99465 0.5
5 388.755 -0.633069 -14.4071 0.5
5 340.076 -91.8803 10.0793 0.5
5 340.635 -77.1242 14.7589 0.5
5 358.177 -34.6661 -2.70987 0.5
5 361.411 -38.8939 -14.1685 0.5
5 349.907 -48.7493 0.42362 0.5
5 378.566 0.759091 2.01405 0.5
5 354.885 -43.4667 -9.4437 0.5
5 348.232 -76.3945 -11.3986 0.5
5 348.85 -53.1266 -8.36928 0.5
5 380.659 -0.457328 -11.1598 0.5
5 369.933 -33.4167 14.3524 0.5
5 368.187 -20.3313 9.32439 0.5
5 344.776 -84.6946 -8.91517 0.5
5 362.16 -45.4058 14.7198 0.5
5 350.46 -76.0116 -7.07818 0.5
6 334.433 -104.318 9.17379 0.5
6 384.488 -98.2134 -13.8486 0.5
6 398.216 -83.9103 12.3318 0.5
6 398.646 -105.441 7.49857 0.5
6 428.74 -82.8297 11.5086 0.5
6 412.847 -106.353 -5.63106 0.5
6 368.747 -84.5253 12.7357 0.5
6 388.042 -78.4786 -5.45861 0.5
6 395.37 -104.765 -8.56467 0.5
6 367.944 -98.0834 13.902 0.5
6 364.557 -105.743 6.9494 0.5
6 334.143 -77.5196 1.44247 0.5
6 360.262 -80.3371 -8.84736 0.5
6 409.94 -77.4874 -1.05726 0.5
6 347.534 -81.7496 10.5119 0.5
6 357.169 -90.0396 -14.8051 0.5
6 398.31 -85.6277 13.3587 0.5
6 370.156 -93.9776 -14.922 0.5
6 337.335 -101.231 -12.1611 0.5
6 385.664 -97.1487 14.2451 0.5
6 335.969 -107.183 2.81791 0.5
6 443.824 -103.116 10.5467 0.5
6 365.125 -80.7488 -9.38513 0.5
6 380.926 -77.4795 -0.939544 0.5
6 438.232 -77.4513 0.18984 0.5
6 412.917 -107.186 -2.80021 0.5
6 441.04 -85.4744 13.2793 0.5
6 336.388 -98.918 13.5339 0.5
6 400.469 -106.643 -4.85485 0.5
6 400.524 -79.0901 -6.81992 0.5
6 431.758 -94.8111 14.813 0.5
6 371.721 -102.038 11.5361 0.5
6 434.866 -89.9339 -14.7875 0.5
6 426.303 -80.6211 -9.22365 0.5
6 359.395 -102.563 11.0788 0.5
6 384.859 -84.3686 -12.6368 0.5
6 359.936 -90.2846 -14.8429 0.5
6 360.091 -107.447 -0.295965 0.5
6 441.321 -94.2984 -14.8857 0.5
6 335.528 -94.8122 -14.8129 0.5
6 369.852 -92.1027 14.996 0.5
6 360.828 -77.805 -3.24348 0.5
6 442.227 -92.1845 -14.9976 0.5
6 337.888 -94.8775 14.8023 0.5
6 354.45 -102.981 -10.6815 0.5
6 422.524 -92.7163 -14.9976 0.5
6 351.533 -101.452 11.9988 0.5
6 425.34 -91.5554 -14.9733 0.5
6 423.356 -78.2112 4.71756 0.5
6 352.386 -78.2094 4.71207 0.5
6 391.833 -105.372 -7.61745 0.5
6 400.591 -87.0018 13.9756 0.5
6 345.462 -80.6387 9.2461 0.5
6 356.668 -98.0593 13.9118 0.5
6 364.515 -102.098 11.4857 0.5
6 395.96 -98.9238 13.5311 0.5
6 371.184 -94.839 -14.8085 0.5
6 377.42 -105.932 -6.5763 0.5
6 354.706 -106.632 4.88621 0.5
6 347.012 -93.6298 -14.9535 0.5
6 427.698 -98.7049 -13.6337 0.5
6 363.945 -106.63 4.89096 0.5
6 416.943 -96.5053 14.4415 0.5
6 432.221 -104.018 9.54866 0.5
6 443.296 -96.9137 -14.3205 0.5
6 351.246 -104.768 -8.55926 0.5
6 419.015 -77.5565 1.78394 0.5
6 383.703 -77.6921 -2.68361 0.5
6 431.683 -78.1571 4.55097 0.5
6 336.301 -84.6841 12.8331 0.5
6 419.682 -89.1812 14.6395 0.5
6 442.685 -88.3157 -14.419 0.5
6 345.245 -87.8601 14.2805 0.5
6 360.001 -78.4826 5.46887 0.5
6 418.929 -107.438 0.594122 0.5
6 387.978 -104.263 9.24457 0.5
6 362.576 -81.3681 10.1089 0.5
6 354.37 -80.8145 -9.46645 0.5
6 370.673 -103.41 10.2413 0.5
6 402.921 -107.449 0.213055 0.5
6 396.876 -84.9144 -12.9697 0.5
6 355.658 -106.543 -5.13644 0.5
6 364.359 -95.929 -14.591 0.5
6 358.825 -78.6915 5.97506 0.5
6 389.779 -88.0109 14.3281 0.5
6 444.305 -105.045 -8.14596 0.5
6 404.212 -81.8471 -10.6102 0.5
6 342.734 -87.7981 14.2604 0.5
6 376.173 -83.923 -12.3405 0.5
6 386.007 -107.403 1.18483 0.5
6 434.951 -100.009 -12.9565 0.5
6 342.868 -77.8859 -3.5894 0.5
6 405.413 -77.4699 -0.771088 0.5
6 379.38 -98.3013 13.8117 0.5
6 338.632 -80.0656 8.46308 0.5
6 336.118 -106.442 -5.40567 0.5
6 334.982 -107.147 2.99873 0.5
6 387.231 -89.3798 14.6824 0.5
6 415.671 -96.696 -14.3865 0.5
6 435.744 -103.336 10.32 0.5
6 359.44 -91.6788 -14.9802 0.5
6 442.881 -81.2793 10.0106 0.5
6 369.07 -96.2773 14.5035 0.5
6 376.453 -79.2775 7.17515 0.5
6 430.04 -103.691 -9.93172 0.5
6 347.312 -79.2302 7.08761 0.5
6 334.989 -95.9508 14.5858 0.5
6 379.764 -78.3619 -5.15007 0.5
6 366.792 -89.3205 14.6699 0.5
6 345.454 -91.5287 14.9717 0.5
6 383.179 -77.4577 -0.476456 0.5
6 340.409 -77.92 -3.72511 0.5
6 364.254 -103.107 -10.5561 0.5
6 364.894 -77.622 2.26475 0.5
6 434.193 -106.295 5.77142 0.5
6 433.464 -79.6097 7.754 0.5
6 388.957 -103.076 -10.5872 0.5
6 431.169 -107.321 1.96498 0.5
6 436.515 -80.8518 -9.51214 0.5
6 421.777 -78.659 5.89972 0.5
6 439.472 -99.5102 -13.2346 0.5
6 415.12 -107.177 2.84942 0.5
6 339.052 -78.7784 6.17122 0.5
6 411.039 -107.271 2.31413 0.5
6 398.656 -101.992 -11.5737 0.5
6 347.606 -83.7436 12.2146 0.5
6 371.391 -106.7 4.68392 0.5
6 387.503 -98.4306 13.7562 0.5
6 415.145 -82.1785 10.9314 0.5
6 418.537 -83.0644 -11.7008 0.5
6 363.739 -103.054 10.6092 0.5
6 409.673 -102.842 10.8169 0.5
6 412.727 -87.6375 -14.207 0.5
6 429.814 -94.1765 14.9003 0.5
6 415.81 -100.455 -12.6854 0.5
6 401.387 -99.7517 13.1029 0.5
6 375.389 -77.5318 1.56395 0.5
6 349.191 -104.7 -8.65747 0.5
6 374.382 -97.7979 14.0143 0.5
6 377.105 -78.5296 5.58743 0.5
6 402.596 -82.1435 10.8984 0.5
6 419.217 -77.4746 -0.856443 0.5
6 397.514 -101.757 -11.7635 0.5
6 335.214 -79.5901 7.72147 0.5
6 439.726 -83.8499 12.2897 0.5
6 416.722 -82.973 11.6269 0.5
6 399.217 -81.1361 9.84855 0.5
6 398.546 -79.9452 -8.28417 0.5
6 412.098 -101.898 11.6507 0.5
6 360.999 -79.0613 6.7632 0.5
6 355.799 -84.7291 -12.8603 0.5
6 418.436 -77.9917 -3.99436 0.5
6 440.089 -100.904 -12.3908 0.5
6 381.522 -83.343 11.919 0.5
6 384.143 -84.5072 12.7244 0.5
6 390.949 -77.462 0.598167 0.5
6 422.652 -80.7316 -9.36362 0.5
6 388.804 -95.1015 14.7638 0.5
6 442.002 -92.4223 15 0.5
6 370.169 -81.2698 10.0001 0.5
6 355.049 -103.694 -9.92852 0.5
6 369.636 -96.6423 -14.4023 0.5
6 368.985 -106.093 -6.23508 0.5
6 402.72 -80.0922 -8.50198 0.5
6 393.599 -102.969 -10.6937 0.5
6 406.196 -78.2088 -4.71015 0.5
6 363.336 -94.2753 14.8885 0.5
6 407.976 -77.5973 -2.09649 0.5
7 497.591 -191.849 13.0775 0.5
7 468.573 -137.128 14.7199 0.5
7 453.13 -92.4942 -0.0760142 0.5
7 489.047 -174.307 14.2765 0.5
7 491.079 -158.73 3.86362 0.5
7 481.706 -169.49 -8.28996 0.5
7 466.333 -145.331 0.965072 0.5
7 488.904 -164.332 -14.098 0.5
7 469.218 -149.366 5.36509 0.5
7 483.188 -152.218 -13.0831 0.5
7 472.206 -155.533 0.172765 0.5
7 451.748 -90.3174 2.54246 0.5
7 496.017 -169.433 8.52195 0.5
7 464.954 -126.808 14.9547 0.5
7 486.88 -170.983 -14.1305 0.5
7 498.988 -172.357 3.58267 0.5
7 456.054 -122.676 -11.0736 0.5
7 449.562 -116.114 2.44386 0.5
7 456.66 -109.502 14.4269 0.5
7 451.362 -113.333 -12.0732 0.5
7 490.717 -186.671 5.18734 0.5
7 476.45 -162.352 3.96505 0.5
7 473.425 -140.21 14.801 0.5
7 483.711 -154.125 13.5956 0.5
7 489.071 -178.549 -12.1457 0.5
7 473.088 -145.618 14.5723 0.5
7 461.638 -111.863 -10.8413 0.5
7 493.536 -162.563 -1.58265 0.5
7 451.29 -117.852 6.44594 0.5
7 463.709 -111.206 -3.38917 0.5
7 446.769 -86.2646 -10.9866 0.5
7 466.932 -118.159 -7.04779 0.5
7 461.257 -121.603 -15 0.5
7 477.942 -152.532 14.8576 0.5
7 473.012 -129.309 8.10581 0.5
7 491.632 -189.063 1.87447 0.5
7 467.23 -140.555 12.262 0.5
7 478.767 -151.468 14.9938 0.5
7 474.57 -132.808 9.23451 0.5
7 453.821 -105.442 -14.6442 0.5
7 458.392 -101.712 -1.75477 0.5
7 478.534 -156.602 -14.1035 0.5
7 476.743 -133.456 -1.36602 0.5
7 458.964 -102.618 0.749201 0.5
7 448.921 -86.9108 6.95124 0.5
7 452.591 -91.8396 2.87686 0.5
7 482.06 -171.961 4.33741 0.5
7 459.178 -108.303 11.4711 0.5
7 493.88 -183.457 14.0015 0.5
7 448.303 -84.2625 1.96555 0.5
7 492.185 -172.411 -14.7498 0.5
7 477.419 -164.563 -0.160023 0.5
7 453.901 -119.389 10.6535 0.5
7 483.691 -174.882 -4.00761 0.5
7 486.611 -176.974 9.64466 0.5
7 472.118 -125.565 2.34292 0.5
7 464.059 -124.1 14.8191 0.5
7 474.432 -130.415 5.44836 0.5
7 465.715 -141.411 -8.8381 0.5
7 464.278 -111.844 1.10986 0.5
7 498.917 -174.692 -8.85341 0.5
7 468.761 -144.652 11.1044 0.5
7 451.322 -110.696 -13.5973 0.5
7 490.072 -171.89 -14.9944 0.5
7 452.767 -109.593 -14.7499 0.5
7 484.143 -175.97 -2.66572 0.5
7 460.444 -135.144 -0.750776 0.5
7 451.404 -119.36 -2.07467 0.5
7 497.148 -197.619 5.67952 0.5
7 476.671 -159.637 -9.78541 0.5
7 482.985 -160.448 14.9483 0.5
7 464.387 -141.2 4.80505 0.5
7 488.463 -176.584 -12.757 0.5
7 472.495 -139.344 -14.9044 0.5
7 483.849 -173.162 8.34896 0.5
7 461.329 -111.958 11.4102 0.5
7 484.964 -150.032 8.13838 0.5
7 462.41 -118.039 13.9441 0.5
7 467.052 -143.837 8.68426 0.5
7 481.377 -146.868 -11.5662 0.5
7 493.284 -173.579 -14.5943 0.5
7 455.298 -98.4525 -7.82574 0.5
7 467.418 -117.724 -3.76904 0.5
7 498.915 -197.775 10.2208 0.5
7 459.172 -127.326 -11.7165 0.5
7 498.358 -174.497 9.82521 0.5
7 486.434 -180.133 -1.15891 0.5
7 490.626 -183.138 -10.5127 0.5
7 471.856 -132.5 13.032 0.5
7 458.464 -101.943 2.50312 0.5
7 467.498 -118.341 -5.2801 0.5
7 495.397 -169.32 -9.76841 0.5
7 445.166 -103.294 -11.5308 0.5
7 484.103 -170.325 -11.86 0.5
7 487.391 -180.444 -6.30772 0.5
7 447.408 -99.9838 14.8066 0.5
7 493.88 -188.265 11.0073 0.5
7 493.398 -163.166 -5.18707 0.5
7 454.125 -122.902 -6.14141 0.5
7 484.144 -165.968 14.2263 0.5
7 498.354 -196.341 10.6961 0.5
7 481.633 -171.421 -3.61774 0.5
7 472.293 -154.429 -6.01179 0.5
7 446.29 -86.8158 12.1245 0.5
7 485.089 -162.09 -14.9808 0.5
7 458.336 -130.783 4.61573 0.5
7 489.504 -157.594 7.654 0.5
7 462.015 -120.051 14.73 0.5
7 454.889 -107.966 -14.7775 0.5
7 492.009 -170.408 -14.332 0.5
7 461.776 -125.166 -14.7554 0.5
7 469.163 -130.635 -14.2677 0.5
7 485.814 -149.487 3.36652 0.5
7 461.715 -110.942 -9.72466 0.5
7 449.429 -116.079 -0.340279 0.5
7 490.783 -161.898 -10.3952 0.5
7 449.936 -93.8052 -12.5882 0.5
7 476.118 -142.196 14.1012 0.5
7 496.982 -198.177 -2.83832 0.5
7 476.206 -132.678 2.53389 0.5
7 474.553 -143.636 -14.9689 0.5
7 466.902 -116.482 -2.00293 0.5
7 469.48 -126.426 -11.6999 0.5
7 473.8 -141.704 14.9154 0.5
7 456.943 -127.001 -7.64861 0.5
7 496.875 -191.648 -12.4379 0.5
7 447.751 -113.02 -2.16937 0.5
7 471.776 -127.155 -8.08358 0.5
7 450.57 -118.06 0.0164225 0.5
7 498.622 -195.389 -11.9236 0.5
7 482.235 -167.843 -11.2353 0.5
7 490.627 -172.781 14.9961 0.5
7 445.18 -97.4256 14.5361 0.5
7 474.535 -130.205 -4.32183 0.5
7 464.5 -117.083 -11.0866 0.5
7 444.914 -80.743 8.26018 0.5
7 495.584 -195.996 0.963583 0.5
7 446.711 -83.559 7.7931 0.5
7 476.782 -151.905 14.5991 0.5
7 454.66 -124.335 -4.85785 0.5
7 485.623 -152.937 -10.3717 0.5
7 451.634 -98.275 -13.4562 0.5
7 491.516 -178.788 -14.209 0.5
7 486.024 -178.962 3.8603 0.5
7 464.394 -128.462 -14.9289 0.5
7 498.818 -188.382 14.8971 0.5
7 465.823 -137.569 12.6309 0.5
7 474.421 -137.005 -13.0669 0.5
7 490.315 -157.141 2.6789 0.5
7 481.954 -148.627 -12.1538 0.5
7 454.924 -101.1 -11.6072 0.5
7 457.443 -125.2 -10.9654 0.5
7 492.624 -167.894 -12.6851 0.5
7 477.771 -141.494 12.2347 0.5
7 452.993 -121.913 3.18884 0.5
7 446.527 -81.3767 3.08047 0.5
7 472.717 -156.384 1.03253 0.5
7 449.579 -108.092 -13.3968 0.5
7 497.881 -199.962 -1.13301 0.5
7 467.348 -130.213 -14.8783 0.5
7 478.365 -155.726 14.3017 0.5
7 480.644 -144.291 -10.3484 0.5
7 450.104 -96.2856 -13.7622 0.5
7 473.492 -127.851 1.62998 0.5
7 458.59 -112.038 14.1728 0.5
7 490.639 -162.901 11.559 0.5
7 445.814 -109.436 3.38497 0.5
7 460.38 -118.257 -14.8923 0.5
8 505.755 -174.239 -14.3191 0.5
8 511.558 -161.243 13.0404 0.5
8 513.565 -158.905 13.6245 0.5
8 515.52 -163.564 -14.8953 0.5
8 539.419 -118.232 -14.8426 0.5
8 542.497 -106.901 12.5814 0.5
8 544.917 -123.074 -8.73111 0.5
8 547.459 -115.393 12.0602 0.5
8 551.174 -111.78 9.33472 0.5
8 507.002 -185.451 -12.0713 0.5
8 522.034 -148.912 -14.9145 0.5
8 521.369 -150.595 14.962 0.5
8 508.278 -186.538 8.72576 0.5
8 521.523 -164.102 -7.97205 0.5
8 507.65 -162.685 -7.91846 0.5
8 534.576 -114.856 5.56037 0.5
8 550.221 -113.017 -9.83437 0.5
8 513.345 -180.286 2.85638 0.5
8 540.736 -111.186 13.3023 0.5
8 524.144 -131.88 -0.831927 0.5
8 538.825 -113.514 12.7418 0.5
8 555.431 -86.7668 -13.7913 0.5
8 521.172 -138.55 6.63085 0.5
8 530.612 -137 14.9394 0.5
8 554.592 -91.3436 -14.7411 0.5
8 510.875 -183.221 -6.77701 0.5
8 521.406 -139.824 -9.29228 0.5
8 529.928 -151.051 -4.79748 0.5
8 528.745 -126.499 8.45765 0.5
8 534.721 -142.478 5.53285 0.5
8 517.137 -171.58 8.15891 0.5
8 529.663 -142.201 14.176 0.5
8 520.554 -156.363 14.6348 0.5
8 534.571 -130.741 14.8734 0.5
8 537.066 -138.13 6.20853 0.5
8 546.362 -100.216 -12.5873 0.5
8 551.061 -114.524 -4.5619 0.5
8 512.464 -176.791 -11.4388 0.5
8 532.717 -138.704 13.4226 0.5
8 505.856 -164.199 -4.42261 0.5
8 517.412 -167.844 11.7471 0.5
8 517.106 -145.047 -5.38762 0.5
8 526.003 -147.926 14.3739 0.5
8 544.086 -99.584 7.93117 0.5
8 513.108 -151.078 -1.78806 0.5
8 524.485 -145.951 14.9967 0.5
8 510.402 -185.583 1.49668 0.5
8 518.9 -164.597 12.2494 0.5
8 544.942 -108.009 -14.7318 0.5
8 537.945 -130.369 13.0384 0.5
8 554.038 -103.827 12.1847 0.5
8 513.537 -163.247 -14.8684 0.5
8 513.284 -173.113 -13.0213 0.5
8 528.8 -153.627 2.22673 0.5
8 500.031 -174.097 -3.74501 0.5
8 527.159 -130.84 10.4151 0.5
8 523.112 -159.541 10.3079 0.5
8 506.602 -162.252 0.585115 0.5
8 529.474 -134.221 14.6087 0.5
8 505.755 -165.646 7.37579 0.5
8 544.788 -107.773 14.6261 0.5
8 547.232 -110.779 -14.4805 0.5
8 550.743 -92.7095 -12.6399 0.5
8 543.397 -106.569 -13.2975 0.5
8 524.777 -130.762 0.178874 0.5
8 554.681 -108.907 1.32182 0.5
8 524.898 -158.494 7.57866 0.5
8 504.068 -194.836 7.11164 0.5
8 511.116 -164.219 14.0689 0.5
8 518.437 -171.47 2.84064 0.5
8 542.553 -117.944 14.7025 0.5
8 516.322 -169.329 12.057 0.5
8 538.234 -112.863 -11.5341 0.5
8 538.033 -135.167 -8.4897 0.5
8 554.019 -82.7315 -8.46887 0.5
8 544.619 -115.639 -14.3864 0.5
8 545.089 -95.5804 -0.217864 0.5
8 554.216 -101.377 -13.4668 0.5
8 519.376 -164.119 -11.996 0.5
8 546.918 -92.6375 -2.59941 0.5
8 508.339 -188.319 -5.15183 0.5
8 541.056 -132.562 -0.277336 0.5
8 502.272 -179.001 13.8588 0.5
8 540.821 -130.837 7.7109 0.5
8 518.249 -167.992 10.2776 0.5
8 543.671 -115.768 14.7488 0.5
8 512.445 -156.048 10.1208 0.5
8 553.427 -81.2953 -2.1733 0.5
8 514.725 -149.951 -7.08756 0.5
8 515.353 -149.327 7.89007 0.5
8 547.61 -104.689 14.9226 0.5
8 539.295 -134.235 -6.28417 0.5
8 521.872 -159.52 -12.1987 0.5
8 553.265 -102.459 -13.7294 0.5
8 501.545 -171.657 4.39216 0.5
8 506.452 -186.511 -11.992 0.5
8 541.763 -112.955 14.6132 0.5
8 528.291 -143.884 14.3967 0.5
8 539.045 -135.175 -5.0427 0.5
8 548.897 -118.704 2.88546 0.5
8 550.065 -89.4744 8.31398 0.5
8 516.172 -146.51 4.96658 0.5
8 544.066 -97.781 -3.56792 0.5
8 550.916 -99.2273 -14.9471 0.5
8 535.054 -123.339 14.2705 0.5
8 542.276 -126.944 9.63943 0.5
8 528.664 -126.904 -8.83296 0.5
8 502.361 -197.84 -7.02345 0.5
8 508.302 -181.766 13.0073 0.5
8 535.882 -111.795 -2.83006 0.5
8 552.799 -90.5891 13.4529 0.5
8 514.656 -160.637 14.7634 0.5
8 501.181 -177.607 11.9834 0.5
8 509.737 -186.175 4.31847 0.5
8 505.307 -183.638 14.4129 0.5
8 532.478 -133.857 14.9313 0.5
8 539.488 -134.905 -3.33849 0.5
8 546.207 -122.962 4.46509 0.5
8 524.213 -142.223 -14.3044 0.5
8 503.893 -187.456 13.9461 0.5
8 555.049 -104.069 -10.47 0.5
8 552.292 -100.418 -14.8203 0.5
8 520.272 -146.456 13.2096 0.5
8 538.076 -109.662 -7.37151 0.5
8 510.308 -182.887 -8.91149 0.5
8 531.951 -142.497 -11.8765 0.5
8 548.131 -94.7689 -10.6713 0.5
8 543.35 -104.737 12.1085 0.5
8 503.724 -194.225 8.99967 0.5
8 514.731 -166.407 -14.6442 0.5
8 510.726 -161.144 -12.0342 0.5
8 511.119 -183.057 6.2392 0.5
8 551.121 -113.662 6.47437 0.5
8 508.504 -177.982 -14.4469 0.5
8 539.222 -127.159 -13.5577 0.5
8 501.199 -188.315 -14.9016 0.5
8 530.231 -139.171 -14.7255 0.5
8 515.48 -157.624 -14.3885 0.5
8 528.288 -134.765 -14.1723 0.5
8 519.83 -154.54 -14.9985 0.5
8 525.809 -129.283 -3.03549 0.5
8 519.842 -139.34 0.98076 0.5
8 507.206 -165.63 -10.6484 0.5
8 530.037 -151.18 -3.72078 0.5
8 513.058 -180.557 3.84499 0.5
8 540.719 -127.571 11.6708 0.5
8 517.99 -171.959 -4.05133 0.5
8 507.584 -160.611 -1.46391 0.5
8 510.292 -185.353 3.82213 0.5
8 516.304 -148.973 -9.6742 0.5
8 526.733 -127.89 3.90656 0.5
8 532.351 -146.637 -5.39638 0.5
8 525.809 -129.124 2.12283 0.5
8 543.811 -97.7933 0.0900782 0.5
8 543.928 -105.37 -13.1487 0.5
8 501.02 -194.766 12.7777 0.5
8 529.525 -149.394 9.18665 0.5
8 546.339 -105.494 -14.7132 0.5
8 522.036 -164.809 -4.52268 0.5
8 507.296 -179.962 14.4776 0.5
8 532.781 -124.236 12.896 0.5
8 516.98 -172.087 -7.78495 0.5
8 539.128 -115.21 -13.8775 0.5
8 548.083 -90.6075 2.52603 0.5
8 543.019 -121.388 -13.146 0.5
8 512.166 -156.699 -10.2999 0.5
8 516.652 -161.689 14.8848 0.5
8 525.322 -153.328 -12.3511 0.5
8 539.99 -107.322 8.88064 0.5
8 547.587 -107.566 -14.9423 0.5
8 545.787 -113.789 14.334 0.5
8 552.664 -85.7716 9.40211 0.5
8 509.258 -187.595 1.17506 0.5
8 524.674 -160.457 3.7692 0.5
8 551.173 -90.1738 -11.2982 0.5
8 521.469 -165.681 -4.85798 0.5
8 501.457 -173.089 -7.37447 0.5
8 533.08 -117.685 6.123 0.5
9 564.713 -77.7766 3.11248 0.5
9 612.732 -78.3391 -5.08716 0.5
9 569.28 -77.496 1.17322 0.5
9 604.859 -96.3081 14.4954 0.5
9 664.598 -95.7159 14.6402 0.5
9 579.339 -79.0318 -6.70448 0.5
9 652.025 -84.2462 12.5577 0.5
9 657.689 -97.9326 13.9621 0.5
9 597.472 -95.5806 -14.6697 0.5
9 570.754 -77.6368 2.35929 0.5
9 637.075 -93.2791 -14.9771 0.5
9 578.286 -102.153 11.4394 0.5
9 612.969 -93.1393 -14.9842 0.5
9 589.613 -88.8876 -14.5708 0.5
9 657.396 -102.512 11.1244 0.5
9 565.161 -85.1516 -13.1047 0.5
9 621.768 -89.9267 -14.7862 0.5
9 636.179 -77.5391 -1.63142 0.5
9 576.307 -80.6086 9.20755 0.5
9 611.908 -107.446 0.345513 0.5
9 594.426 -81.837 -10.6001 0.5
9 579.898 -106.642 -4.85706 0.5
9 662.341 -77.6023 -2.13136 0.5
9 611.201 -107.377 -1.47832 0.5
9 565.02 -106.521 -5.19728 0.5
9 587.104 -97.1767 14.2358 0.5
9 622.394 -107.247 2.46119 0.5
9 603.081 -107.362 -1.61958 0.5
9 611.162 -83.8477 12.2881 0.5
9 626.236 -92.5287 14.9998 0.5
9 590.121 -91.0153 -14.9312 0.5
9 591.495 -106.354 5.62889 0.5
9 621.86 -106.88 4.09593 0.5
9 593.089 -81.0403 -9.7374 0.5
9 596.784 -100.964 12.3495 0.5
9 574.718 -80.4337 8.97815 0.5
9 635.602 -86.2143 -13.6424 0.5
9 613.13 -95.014 14.7793 0.5
9 630.032 -78.715 6.02882 0.5
9 641.216 -80.9692 -9.6534 0.5
9 625.454 -95.0693 14.7696 0.5
9 615.085 -79.6047 7.74564 0.5
9 593.144 -78.7398 6.08511 0.5
9 643.042 -84.904 12.9637 0.5
9 603.781 -92.5997 -14.9993 0.5
9 623.279 -107.134 -3.0611 0.5
9 577.985 -80.5662 -9.15276 0.5
9 575.68 -86.1022 13.5906 0.5
9 627.314 -101.74 11.777 0.5
9 626.534 -105.665 7.09748 0.5
9 609.351 -105.673 7.08183 0.5
9 628.001 -102.665 -10.9842 0.5
9 615.72 -84.126 12.4784 0.5
9 593.413 -77.63 -2.31634 0.5
9 576.188 -77.5227 -1.47387 0.5
9 637.033 -98.759 13.6087 0.5
9 643.376 -94.7415 14.824 0.5
9 572.385 -102.238 11.3666 0.5
9 639.522 -77.5356 -1.59917 0.5
9 607.353 -78.1732 4.60122 0.5
9 624.142 -106.085 -6.25167 0.5
9 583.226 -84.9595 12.9958 0.5
9 598.507 -77.5568 1.786 0.5
9 639.056 -83.5245 12.0554 0.5
9 601.873 -100.103 -12.9011 0.5
9 638.113 -87.494 14.1576 0.5
9 568.457 -77.9021 -3.65461 0.5
9 646.304 -77.6475 -2.42558 0.5
9 595.518 -78.3258 -5.05008 0.5
9 559.78 -102.214 11.3869 0.5
9 555.763 -77.8325 3.36532 0.5
9 664.635 -92.3349 -14.9996 0.5
9 573.88 -78.0771 -4.29148 0.5
9 664.295 -83.7348 -12.2084 0.5
9 627.058 -82.9624 -11.6182 0.5
9 584.207 -77.4899 -1.09226 0.5
9 598.598 -86.4624 -13.7531 0.5
9 648.26 -83.5716 12.0901 0.5
9 571.345 -103.651 9.97655 0.5
9 610.557 -104.741 8.59783 0.5
9 603.125 -86.1776 13.6256 0.5
9 637.796 -81.7882 -10.551 0.5
9 624.736 -87.2921 -14.0853 0.5
9 566.342 -100.292 12.787 0.5
9 563.471 -105.583 -7.24795 0.5
9 609.168 -87.8816 -14.2874 0.5
9 571.854 -107.398 -1.25466 0.5
9 588.072 -91.4376 14.9658 0.5
9 589.615 -107.061 -3.39377 0.5
9 623.904 -99.7107 13.1257 0.5
9 626.663 -96.9725 14.302 0.5
9 557.229 -100.524 -12.6416 0.5
9 666.468 -91.1085 14.9399 0.5
9 650.336 -85.1337 -13.0947 0.5
9 626.099 -87.7155 14.2332 0.5
9 661.162 -86.9243 13.9451 0.5
9 625.59 -102.595 11.0489 0.5
9 566.094 -85.4626 13.2731 0.5
9 650.433 -105.026 -8.17656 0.5
9 572.15 -91.4234 -14.9648 0.5
9 557.894 -106.889 -4.06357 0.5
9 603.403 -106.947 3.85199 0.5
9 556.336 -106.978 -3.73344 0.5
9 638.3 -87.3707 -14.1138 0.5
9 634.335 -81.3047 -10.0389 0.5
9 645.254 -78.7997 6.21824 0.5
9 607.25 -107.075 -3.33214 0.5
9 624.063 -82.666 11.3698 0.5
9 636.238 -78.5536 -5.64685 0.5
9 611.804 -87.0396 13.9903 0.5
9 621.765 -89.0587 14.6116 0.5
9 601.367 -79.0546 -6.74978 0.5
9 583.654 -102.327 -11.2894 0.5
9 614.325 -83.3495 11.9239 0.5
9 655.679 -88.3361 -14.4248 0.5
9 648.3 -80.7843 -9.4292 0.5
9 629.357 -104.591 8.8089 0.5
9 637.984 -89.9425 -14.7889 0.5
9 580.398 -88.16 -14.3734 0.5
9 624.227 -107.209 2.67844 0.5
9 557.679 -81.9238 10.6863 0.5
9 567.042 -103.292 10.366 0.5
9 608.05 -97.987 -13.9407 0.5
9 642.545 -106.026 -6.37919 0.5
9 581.737 -80.1051 -8.52057 0.5
9 663.084 -81.3382 -10.076 0.5
9 600.269 -77.4539 0.337221 0.5
9 630.838 -89.8673 -14.776 0.5
9 615.568 -81.2319 9.95751 0.5
9 589.261 -102.693 10.958 0.5
9 577.264 -85.5974 -13.3432 0.5
9 575.274 -92.7728 14.9965 0.5
9 634.397 -92.3486 -14.9997 0.5
9 595.315 -91.1906 -14.947 0.5
9 578.881 -94.7283 -14.826 0.5
9 660.826 -98.7569 -13.6097 0.5
9 566.476 -78.0034 -4.03652 0.5
9 611.759 -78.7459 6.09886 0.5
9 582.377 -106.493 -5.27235 0.5
9 563.345 -77.494 -1.14719 0.5
9 638.761 -101.614 11.8752 0.5
9 587.046 -81.3768 -10.1184 0.5
9 616.335 -91.2138 -14.949 0.5
9 576.638 -77.4601 -0.548449 0.5
9 581.628 -106.227 5.93352 0.5
9 631.458 -79.4513 -7.48547 0.5
9 623.019 -99.9307 -13.0015 0.5
9 642.266 -104.852 8.43744 0.5
9 564.149 -100.342 -12.7558 0.5
9 592.209 -77.4502 0.0592189 0.5
9 625.023 -78.57 -5.68702 0.5
9 570.015 -78.0586 4.22911 0.5
9 622.49 -105.975 -6.48766 0.5
9 656.768 -97.4643 14.1371 0.5
9 660.463 -78.1363 4.48503 0.5
9 584.046 -103.481 -10.1645 0.5
9 606.855 -103.007 10.6562 0.5
9 621.467 -83.4334 11.9875 0.5
9 565.039 -81.7203 -10.482 0.5
9 650.543 -97.4031 14.1587 0.5
9 633.528 -93.1476 14.9838 0.5
9 650.018 -102.389 11.2346 0.5
10 625.959 -18.4837 14.5958 0.5
10 660.025 -86.4894 -13.938 0.5
10 618.927 -22.9511 7.14572 0.5
10 662.792 -100.335 3.45575 0.5
10 614.79 -4.89333 -14.8231 0.5
10 635.396 -24.6512 -6.2504 0.5
10 657.071 -84.6409 -12.1392 0.5
10 630.836 -32.4623 -14.8562 0.5
10 663.464 -78.3143 12.2979 0.5
10 633.611 -48.5665 6.79837 0.5
10 660.349 -73.5604 -12.7219 0.5
10 624.783 -33.7159 5.85587 0.5
10 642.281 -39.8393 10.8354 0.5
10 641.501 -57.6079 12.1866 0.5
10 617.63 5.59958 7.27906 0.5
10 625.85 -6.82569 -1.47501 0.5
10 650.439 -75.8108 -9.6694 0.5
10 661.609 -96.9436 7.02532 0.5
10 626.218 -37.3522 -1.087 0.5
10 631.384 -25.8917 13.9763 0.5
10 616.519 -5.5012 14.9997 0.5
10 661.862 -96.5532 -8.40476 0.5
10 650.432 -69.571 14.0548 0.5
10 660.189 -96.1243 -1.7799 0.5
10 632.229 -21.7529 -10.1438 0.5
10 638.886 -59.1077 2.58407 0.5
10 614.677 -10.1618 -12.8368 0.5
10 647.717 -68.1427 12.3498 0.5
10 622.111 -0.93383 -4.38718 0.5
10 649.666 -49.9487 -7.3849 0.5
10 617.888 -22.6226 3.181 0.5
10 646.972 -44.0926 -4.70063 0.5
10 648.932 -75.5697 5.79069 0.5
10 626.238 -11.6445 10.4284 0.5
10 636.444 -54.3759 -4.61503 0.5
10 648.581 -47.6026 -6.49065 0.5
10 647.385 -44.2665 -2.52493 0.5
10 625.691 -16.4407 -14.1287 0.5
10 618.369 -10.4485 14.9088 0.5
10 640.617 -62.0621 -2.8217 0.5
10 657.532 -91.5811 -1.18504 0.5
10 623.023 -27.2533 10.8121 0.5
10 627.909 -40.2689 -1.2423 0.5
10 627.264 -39.1956 -0.486835 0.5
10 611.204 12.8208 11.8415 0.5
10 660.749 -71.0109 -9.98997 0.5
10 650.513 -74.6421 11.0246 0.5
10 637.581 -50.763 12.2259 0.5
10 622.091 -0.370679 1.95064 0.5
10 655.735 -59.2883 -4.74966 0.5
10 666.499 -105.971 -5.85253 0.5
10 646.368 -48.6781 12.2797 0.5
10 634.163 -47.2384 -10.1044 0.5
10 642.563 -48.3523 14.8149 0.5
10 642.351 -65.3342 0.0237068 0.5
10 621.672 -26.5917 -8.89869 0.5
10 614.866 -12.9882 -10.9421 0.5
10 658.159 -67.6385 11.1119 0.5
10 646.588 -54.7844 14.7193 0.5
10 643.57 -43.1254 -11.7533 0.5
10 655.796 -62.6192 10.1948 0.5
10 644.687 -66.9576 8.17352 0.5
10 630.275 -30.0525 14.9866 0.5
10 630.592 -17.7076 -8.64276 0.5
10 640.154 -57.7237 -9.98409 0.5
10 666.299 -77.442 -4.29656 0.5
10 664.936 -94.434 -14.1485 0.5
10 638.913 -31.402 -7.52268 0.5
10 617.609 -2.10588 14.0044 0.5
10 620.923 -18.1604 -14.1632 0.5
10 616.442 -0.814194 14.263 0.5
10 632.096 -17.5799 -0.496967 0.5
10 629.563 -25.6723 -14.7882 0.5
10 648.762 -50.7098 -10.4829 0.5
10 614.257 13.326 -0.156891 0.5
10 619.43 -5.9373 -14.246 0.5
10 623.537 -32.698 1.22195 0.5
10 639.787 -40.5807 14.0275 0.5
10 643.049 -36.966 -3.53445 0.5
10 627.249 -13.6428 -10.678 0.5
10 653.919 -59.2426 10.0583 0.5
10 625.859 -17.1078 14.2572 0.5
10 628.17 -13.2841 -8.30933 0.5
10 637.817 -28.3822 -5.12199 0.5
10 615.45 10.4039 4.99237 0.5
10 625.008 -5.29661 -0.213039 0.5
10 639.541 -31.8068 6.19564 0.5
10 626.635 -32.8531 11.4083 0.5
10 648.107 -74.9969 -3.0196 0.5
10 637.654 -31.4995 10.513 0.5
10 616.063 -13.8796 11.9412 0.5
10 614.101 9.48851 -10.3136 0.5
10 639.757 -42.3408 -14.5857 0.5
10 656.301 -70.9586 14.5767 0.5
10 622.677 -31.2568 0.0736611 0.5
10 644.355 -42.1175 -9.40118 0.5
10 616.806 -20.8878 2.44685 0.5
10 649.595 -63.1698 -14.9972 0.5
10 634.529 -28.3859 -12.4274 0.5
10 619.104 4.71074 -2.56529 0.5
10 655.359 -78.2984 13.981 0.5
10 618.051 -20.9266 -8.01221 0.5
10 659.925 -89.4766 12.2174 0.5
10 632.477 -47.6046 -4.29353 0.5
10 666.381 -106.67 -2.91566 0.5
10 633.947 -21.534 4.7026 0.5
10 656.31 -82.225 -12.8649 0.5
10 633.7 -24.7531 10.6167 0.5
10 620.712 -1.20235 -9.44711 0.5
10 618.841 -8.3257 -14.9446 0.5
10 631.612 -16.7676 -1.00284 0.5
10 663.551 -95.5779 12.342 0.5
10 646.855 -44.3558 -5.92807 0.5
10 620.536 1.56527 5.07697 0.5
10 652.28 -54.9584 8.17991 0.5
10 640.159 -48.352 14.8899 0.5
10 638.094 -34.5567 -12.4248 0.5
10 653.001 -66.7881 -14.8672 0.5
10 612.405 5.20825 14.5431 0.5
10 662.174 -99.4885 2.32146 0.5
10 621.796 -4.82371 -11.2625 0.5
10 636.25 -40.9114 14.9563 0.5
10 632.184 -45.5241 -7.82122 0.5
10 663.386 -93.4219 13.4437 0.5
10 617.944 -7.3571 14.9835 0.5
10 633.775 -23.0445 8.38785 0.5
10 644.244 -56.9509 -14.6238 0.5
10 665.285 -96.764 -13.4172 0.5
10 637.982 -39.7207 -14.6875 0.5
10 654.763 -56.9352 -1.75208 0.5
10 651.305 -67.3368 14.9254 0.5
10 646.252 -61.9855 14.1791 0.5
10 663.594 -96.3557 -11.8256 0.5
10 658.716 -91.4055 -7.93837 0.5
10 645.578 -62.4528 -13.5041 0.5
10 619.187 -7.10896 14.6755 0.5
10 635.944 -47.6843 -12.3955 0.5
10 661.421 -95.0151 9.44667 0.5
10 619.115 -11.7115 -14.9119 0.5
10 611.737 2.01117 14.9846 0.5
10 620.736 -8.60634 -14.3737 0.5
10 630.451 -19.7738 -11.2257 0.5
10 635.476 -24.279 4.98799 0.5
10 642.277 -65.1504 -1.28771 0.5
10 642.978 -54.525 14.6751 0.5
10 665.482 -90.1723 -14.9983 0.5
10 615.908 -18.7035 -4.92248 0.5
10 612.658 -0.636513 -14.8997 0.5
10 623.649 -32.5447 -3.42701 0.5
10 652.927 -80.6989 8.93696 0.5
10 656.042 -87.6773 6.26352 0.5
10 617.337 7.57144 -3.52238 0.5
10 614.092 1.37718 -14.7429 0.5
10 657.492 -85.8309 11.7906 0.5
10 620.849 -22.189 -11.9258 0.5
10 637.96 -56.0081 -6.97603 0.5
10 625.664 -13.8982 -12.9714 0.5
10 631.089 -40.9048 -11.1113 0.5
10 618.16 5.8442 4.59785 0.5
10 644.139 -41.6439 9.2771 0.5
10 644.139 -38.4369 -0.405438 0.5
10 639.761 -36.2225 -11.5046 0.5
10 633.399 -42.5267 12.8745 0.5
10 654.255 -83.3038 -8.51192 0.5
10 664.716 -97.6044 -12.3369 0.5
10 633.621 -49.4312 -4.78183 0.5
10 647.906 -53.4663 13.5232 0.5
10 624.141 -33.4627 3.13092 0.5
10 636.841 -37.8294 -14.7048 0.5
10 641.245 -34.5417 5.69471 0.5
10 649.749 -76.516 -6.80511 0.5
10 659.513 -70.3938 -11.4711 0.5
10 630.509 -24.515 -14.0295 0.5
10 639.588 -60.2728 -2.86042 0.5
10 652.905 -56.3801 -8.67803 0.5
10 637.916 -27.6628 0.547749 0.5
10 664.266 -89.983 14.9044 0.5
10 658.053 -92.0722 3.68412 0.5
11 624.31 40.8148 -4.89359 0.5
11 658.394 81.4557 -14.3952 0.5
11 647.819 72.9887 -13.9021 0.5
11 653.545 68.526 12.186 0.5
11 627.886 35.1846 -14.8141 0.5
11 637.572 64.6032 -0.2785 0.5
11 651.932 60.161 -4.47329 0.5
11 663.16 108.01 5.16024 0.5
11 629.522 50.6065 1.29987 0.5
11 626.825 26.9892 -14.4558 0.5
11 662.121 102.6 -10.7394 0.5
11 650.368 86.549 -2.56724 0.5
11 635.824 39.7675 -13.3643 0.5
11 630.188 27.055 11.388 0.5
11 614.924 18.1606 12.8241 0.5
11 637.933 60.7559 -10.6889 0.5
11 643.01 58.9419 -14.9998 0.5
11 650.928 68.1972 -14.2955 0.5
11 659.462 73.6123 -5.61541 0.5
11 620.466 20.5482 -14.9892 0.5
11 633.426 28.7198 6.09391 0.5
11 643.354 73.2968 -6.16227 0.5
11 652.871 69.4864 13.4607 0.5
11 631.248 50.1525 -9.63227 0.5
11 631.052 47.3993 -11.9349 0.5
11 619.462 4.2329 5.37031 0.5
11 638.895 56.1707 14.3784 0.5
11 625.745 26.9638 -14.8441 0.5
11 641.245 64.3898 12.4132 0.5
11 632.599 52.1375 10.0402 0.5
11 663.071 97.5271 14.5225 0.5
11 625.029 40.0845 -8.72281 0.5
11 648.561 62.3402 -13.6131 0.5
11 638.352 36.929 -5.30928 0.5
11 661.439 83.6366 -13.0986 0.5
11 656.73 68.542 -4.69216 0.5
11 661.643 77.1947 5.10561 0.5
11 611.551 -9.93956 3.92719 0.5
11 655.927 89.8636 12.3833 0.5
11 640.764 65.4973 -10.8449 0.5
11 621.341 17.6398 -14.4967 0.5
11 613.731 -5.26067 6.38417 0.5
11 634.809 30.1408 -3.0847 0.5
11 643.735 45.4221 2.05706 0.5
11 656.034 96.5835 -0.0157986 0.5
11 666.386 98.0905 -14.9323 0.5
11 654.239 75.8072 -14.7608 0.5
11 620.143 30.2714 -10.3547 0.5
11 666.152 102.776 -14.5448 0.5
11 630.11 35.8568 14.9773 0.5
11 662.677 99.5847 13.5208 0.5
11 645.619 65.5172 14.8696 0.5
11 665.427 83.203 3.22585 0.5
11 644.767 51.0584 10.1866 0.5
11 646.363 51.9556 7.6937 0.5
11 654.065 74.5045 -14.5446 0.5
11 663.468 81.5885 7.70128 0.5
11 638.917 45.3706 -13.4866 0.5
11 620.627 34.9223 -3.14857 0.5
11 613.362 21.8867 4.79637 0.5
11 622.28 10.079 -7.41052 0.5
11 659.578 76.3902 9.82791 0.5
11 656.705 77.2691 -13.9641 0.5
11 653.651 74.1713 14.6357 0.5
11 632.762 43.118 -14.8864 0.5
11 614.718 -2.66726 -7.99947 0.5
11 622.945 36.2378 -9.04596 0.5
11 633.352 35.7607 13.5007 0.5
11 637.936 50.0057 14.9982 0.5
11 631.015 26.339 9.11828 0.5
11 633.58 57.6756 0.696553 0.5
11 637.336 38.9968 10.9978 0.5
11 620.273 6.35783 6.96183 0.5
11 665.155 96.853 14.9907 0.5
11 613.836 -6.42799 1.52494 0.5
11 620.486 5.4182 -3.46396 0.5
11 626.928 31.3725 -14.9986 0.5
11 622.448 8.98873 4.12182 0.5
11 618.168 6.99058 -11.9942 0.5
11 625.782 14.8993 -4.5711 0.5
11 645.321 58.7122 14.3658 0.5
11 611.513 11.4001 -13.3041 0.5
11 624.302 34.0013 -13.0598 0.5
11 634.523 29.3427 -0.731426 0.5
11 665.664 85.2412 -7.4439 0.5
11 639.362 66.2289 6.49405 0.5
11 642.18 44.7063 7.68421 0.5
11 625.229 20.1434 -12.6348 0.5
11 623.232 10.0426 2.84755 0.5
11 624.518 12.8288 -4.92818 0.5
11 619.123 28.7693 10.0704 0.5
11 634.357 44.9278 14.9736 0.5
11 616.666 21.1244 -12.8557 0.5
11 661.143 94.1147 -14.541 0.5
11 656.496 82.9001 -14.9911 0.5
11 629.701 33.6581 -14.8203 0.5
11 665.736 84.2225 -4.9309 0.5
11 635.95 53.8185 -13.2556 0.5
11 653.566 91.8738 3.5873 0.5
11 620.948 33.6556 7.75063 0.5
11 621.6 36.7654 -2.29972 0.5
11 614.978 16.2312 -13.8508 0.5
11 634.687 33.5174 10.0968 0.5
11 620.673 29.4969 11.8779 0.5
11 657.604 82.7079 14.9149 0.5
11 655.662 75.6123 -14.0221 0.5
11 663.527 89.9004 14.2571 0.5
11 623.563 20.9527 14.3436 0.5
11 655.921 79.328 -14.8579 0.5
11 653.348 65.7284 9.97511 0.5
11 654.954 74.8961 14.2055 0.5
11 661.32 98.7926 -12.6551 0.5
11 613.449 13.29 13.969 0.5
11 637.209 43.8809 -14.1074 0.5
11 627.185 26.6825 14.1654 0.5
11 623.536 37.2808 -9.01915 0.5
11 653.864 89.5526 -9.35315 0.5
11 665.284 88.5039 11.9229 0.5
11 651.384 72.2823 14.948 0.5
11 630.346 24.1202 7.53511 0.5
11 619.76 10.1016 -12.2524 0.5
11 616.98 28.6072 3.14333 0.5
11 655.072 73.8137 13.7016 0.5
11 616.906 6.36297 13.0196 0.5
11 639.678 38.2565 -0.294144 0.5
11 644.319 62.9911 14.9034 0.5
11 637.981 64.9905 3.10509 0.5
11 623.11 26.2114 -14.9086 0.5
11 623.639 22.8792 14.7739 0.5
11 635.63 33.1444 -7.30862 0.5
11 613.906 11.6951 14.6806 0.5
11 639.253 66.8179 4.52898 0.5
11 661.56 76.4617 3.02207 0.5
11 665.203 100.799 -14.6248 0.5
11 621.585 8.25009 -6.18436 0.5
11 617.549 11.2774 14.5494 0.5
11 659.582 75.2405 8.30794 0.5
11 615.822 -2.87744 2.3655 0.5
11 636.475 34.5323 7.17366 0.5
11 620.647 13.1527 13.1922 0.5
11 653.22 88.9529 -8.66562 0.5
11 636.11 39.721 13.0738 0.5
11 622.097 33.0755 10.9302 0.5
11 620.96 30.2208 -11.6998 0.5
11 636.441 38.8089 12.1197 0.5
11 663.892 107.649 8.35955 0.5
11 656.64 71.9519 10.5316 0.5
11 619.586 6.40413 8.93217 0.5
11 653.676 82.5282 -14.132 0.5
11 666.219 114.155 1.44421 0.5
11 618.987 12.5635 -14.1933 0.5
11 630.127 46.8945 11.0139 0.5
11 645.735 78.3514 -3.41158 0.5
11 655.345 94.0158 6.27082 0.5
11 619.971 21.5185 -14.8071 0.5
11 618.075 22.3238 -13.5247 0.5
11 616.19 2.96576 -11.5209 0.5
11 625.674 35.9764 13.2783 0.5
11 657.762 72.5004 8.89692 0.5
11 657.41 79.7832 -14.4048 0.5
11 612.288 0.141512 13.8862 0.5
11 621.419 15.7889 -13.8169 0.5
11 618.57 25.3652 -12.2396 0.5
11 652.693 89.8826 -5.15842 0.5
11 615.396 7.37219 14.5044 0.5
11 614.922 -1.93403 8.57088 0.5
11 666.538 113.494 6.07306 0.5
11 617.592 0.436365 -3.59402 0.5
11 624.281 20.5323 -13.724 0.5
11 639.391 60.6462 12.7574 0.5
11 657.372 80.893 14.6953 0.5
11 664.156 91.9999 14.5486 0.5
11 653.294 71.1547 -13.8814 0.5
11 637.971 35.6904 -3.40991 0.5
11 621.938 7.54225 -0.642748 0.5
11 613.893 23.2641 3.12866 0.5
11 638.973 66.859 -2.27985 0.5
11 662.503 78.282 3.81592 0.5
11 646.881 80.6938 1.04976 0.5
11 638.044 38.1615 -8.63845 0.5
11 655.908 67.1788 -4.87344 0.5
11 658.175 99.5908 4.53152 0.5
11 644.201 68.9849 12.7527 0.5
11 628.648 36.3984 14.8304 0.5
11 636.801 48.4132 14.9993 0.5
11 642.99 43.9971 0.434378 0.5
11 633.338 27.7663 3.8134 0.5
11 658.196 94.4409 -11.9143 0.5
12 689.053 97.8342 14.8428 0.5
12 710.708 105.9 13.7911 0.5
12 689.822 85.8149 4.87684 0.5
12 704.114 109.416 11.6762 0.5
12 739.492 100.948 14.97 0.5
12 704.958 104.299 -14.3709 0.5
12 707.991 98.0811 -14.8768 0.5
12 722.167 114.235 4.72853 0.5
12 742.532 109.995 -11.185 0.5
12 769.601 100.885 -14.9739 0.5
12 700.854 90.609 -11.6965 0.5
12 763.624 113.214 7.0993 0.5
12 773.259 108.909 12.0676 0.5
12 741.618 86.1361 5.72653 0.5
12 748.608 103.823 14.5048 0.5
12 769.401 114.351 4.36471 0.5
12 705.734 95.1862 -14.2066 0.5
12 705.263 107.528 12.974 0.5
12 692.762 85.4608 -3.68936 0.5
12 705.157 85.0573 1.30948 0.5
12 673.444 114.209 -4.80545 0.5
12 734.403 112.413 -8.42086 0.5
12 769.173 111.468 -9.66934 0.5
12 766.7 112.532 -8.24261 0.5
12 718.204 102.586 -14.7754 0.5
12 772.042 108.635 -12.2652 0.5
12 708.488 85.1457 2.08536 0.5
12 702.383 94.6937 14.0301 0.5
12 688.578 85.0156 -0.685005 0.5
12 727.291 91.2836 12.2075 0.5
12 718.418 107.22 13.1482 0.5
12 733.778 113.545 -6.44386 0.5
12 767.933 108.584 12.3011 0.5
12 732.821 114.082 5.16603 0.5
12 695.514 114.893 1.78914 0.5
12 742.631 114.911 -1.63042 0.5
12 721.939 111.405 -9.74277 0.5
12 682.549 85.0032 0.309666 0.5
12 692.442 91.0599 -12.0447 0.5
12 692.34 101.932 14.875 0.5
12 694.13 102.382 14.8097 0.5
12 692.788 110.245 -10.9563 0.5
12 762.37 85.0194 0.762524 0.5
12 774.734 86.5426 6.62554 0.5
12 714.287 87.6762 -8.55132 0.5
12 714.412 114.715 2.90988 0.5
12 669.016 105.865 13.8057 0.5
12 744.947 88.0218 9.02894 0.5
12 705.515 99.9982 15 0.5
12 675.056 100.065 -14.9999 0.5
12 698.434 114.654 3.20511 0.5
12 760.571 100.78 14.9797 0.5
12 704.987 107.482 -13.001 0.5
12 759.715 114.684 -3.06459 0.5
12 771.105 85.153 2.13677 0.5
12 692.501 103.037 14.6892 0.5
12 730.768 86.988 7.46238 0.5
12 773.619 92.3074 -12.8773 0.5
12 753.311 94.4749 13.9454 0.5
12 766.07 95.7395 -14.3822 0.5
12 722.018 92.5524 13.0205 0.5
12 679.889 106.724 13.4084 0.5
12 670.837 88.5186 -9.65279 0.5
12 770.311 101.792 14.8925 0.5
12 765.538 86.0912 5.61647 0.5
12 768.65 113.512 6.51348 0.5
12 697.67 111.91 9.11859 0.5
12 750.701 113.995 -5.39813 0.5
12 670.618 92.4146 -12.9407 0.5
12 737.397 92.2369 12.8349 0.5
12 700.278 114.221 -4.77033 0.5
12 764.82 110.827 -10.3816 0.5
12 775.261 100.971 14.9685 0.5
12 709.784 103.334 14.6248 0.5
12 762.047 106.28 -13.6221 0.5
12 763.227 114.23 -4.74324 0.5
12 722.072 111.262 9.90827 0.5
12 760.703 113.789 -5.9051 0.5
12 767.968 90.3913 -11.5184 0.5
12 701.139 86.6837 -6.90482 0.5
12 682.324 99.2513 14.9813 0.5
12 736.479 85.0342 -1.01302 0.5
12 754.918 114.676 3.09902 0.5
12 761.32 86.2856 -6.07575 0.5
12 704.735 105.464 13.9693 0.5
12 745.832 85.0447 -1.15703 0.5
12 725.287 114.904 -1.69735 0.5
12 775.539 85.2936 -2.95327 0.5
12 739.265 88.8528 10.037 0.5
12 729.071 91.9161 12.6353 0.5
12 686.19 99.6141 -14.995 0.5
12 766.123 97.8068 14.8388 0.5
12 745.132 95.5668 -14.3299 0.5
12 692.97 98.3656 -14.9107 0.5
12 672.542 94.0949 13.7887 0.5
12 684.093 113.039 -7.41465 0.5
12 671.118 114.735 2.80638 0.5
12 727.51 86.6376 -6.81512 0.5
12 746.664 91.478 -12.3441 0.5
12 704.506 96.2353 -14.5199 0.5
12 676.909 88.068 9.09 0.5
12 669.666 107.522 12.9777 0.5
12 695.823 101.488 -14.926 0.5
12 738.949 88.7374 -9.90727 0.5
12 763.009 108.979 12.0154 0.5
12 716.583 113.131 -7.25105 0.5
12 769.346 110.47 10.7416 0.5
12 708.217 114.951 1.21337 0.5
12 754.134 90.0401 11.2161 0.5
12 685.949 85.0016 -0.216001 0.5
12 671.881 114.232 4.73936 0.5
12 706.083 85.3466 -3.20568 0.5
12 699.584 96.4932 14.5843 0.5
12 701.112 86.8731 7.25842 0.5
12 767.359 85.0069 0.453774 0.5
12 751.178 92.8285 13.1746 0.5
12 707.888 93.2075 -13.374 0.5
12 711.619 112.63 8.09235 0.5
12 673.912 114.263 4.64373 0.5
12 693.574 103.526 -14.5797 0.5
12 710.174 100.36 -14.9957 0.5
12 770.064 85.883 5.0705 0.5
12 730.78 98.1572 14.8864 0.5
12 766.177 104.375 14.3477 0.5
12 711.729 100.931 -14.9711 0.5
12 714.288 89.1758 -10.3844 0.5
12 690.196 114.955 -1.15617 0.5
12 702.58 109.802 -11.3542 0.5
12 756.751 85.0135 0.635686 0.5
12 735.472 97.7869 -14.8358 0.5
12 737.126 100.269 -14.9976 0.5
12 687.065 86.7718 7.07209 0.5
12 747.4 114.548 3.65308 0.5
12 776.989 85.2189 -2.55312 0.5
12 731.84 89.1266 -10.3329 0.5
12 728.438 96.7359 14.6405 0.5
12 745.736 90.0641 -11.2373 0.5
12 764.736 103.004 -14.6961 0.5
12 671.848 88.5015 -9.63253 0.5
12 689.121 91.922 -12.6391 0.5
12 757.987 103.607 14.56 0.5
12 771.259 92.6883 -13.0973 0.5
12 676.623 90.4759 -11.5884 0.5
12 724.087 87.9612 8.94798 0.5
12 694.359 88.8209 10.0014 0.5
12 667.828 94.698 -14.0317 0.5
12 700.785 87.4802 -8.26168 0.5
12 689.979 114.186 4.87278 0.5
12 739.404 90.276 11.4212 0.5
12 669.708 114.874 1.93842 0.5
12 668.739 91.9168 12.6358 0.5
12 697.527 113.338 6.86268 0.5
12 746.168 102.781 -14.7399 0.5
12 731.898 101.358 14.9384 0.5
12 751.147 86.0428 5.49525 0.5
12 726.573 112.494 -8.30097 0.5
12 728.074 114.344 -4.38788 0.5
12 743.969 95.0513 14.1602 0.5
12 718.067 111.89 -9.14543 0.5
12 680.462 85.143 2.066 0.5
12 696.828 85.2481 -2.717 0.5
12 721.34 113.995 -5.39696 0.5
12 679.29 113.11 7.28853 0.5
12 697.092 110.072 11.1158 0.5
12 679.197 112.311 8.57021 0.5
12 743.873 111.841 -9.20849 0.5
12 769.27 85.1369 -2.02191 0.5
12 733.324 113.189 7.14442 0.5
12 729.465 105.126 -14.0969 0.5
12 733.407 111.022 10.1747 0.5
12 700.589 85.7599 -4.71386 0.5
12 670.495 85.0176 0.727076 0.5
12 714.318 91.2478 12.1819 0.5
12 742.199 112.739 -7.91956 0.5
12 741.723 91.0465 12.0347 0.5
12 711.968 97.0076 -14.6985 0.5
12 693.524 102.04 -14.8607 0.5
12 733.077 114.716 2.90509 0.5
12 765.56 91.9805 12.6763 0.5
12 734.226 99.9616 -15 0.5
12 695.111 91.826 -12.5772 0.5
13 830.831 17.9281 11.339 0.5
13 785.238 89.6794 14.7728 0.5
13 817.646 16.7992 -4.98798 0.5
13 812.114 45.7538 14.0603 0.5
13 797.555 80.6801 1.40179 0.5
13 820.309 18.1802 -12.5908 0.5
13 780.87 85.2282 11.6761 0.5
13 781.44 91.753 14.8787 0.5
13 817.829 24.2037 -13.5542 0.5
13 810.177 55.9004 -8.97755 0.5
13 785.116 72.6249 3.14907 0.5
13 821.722 12.1272 9.31243 0.5
13 807.041 34.5337 2.55925 0.5
13 811.79 30.5871 -10.7098 0.5
13 821.372 39.3215 2.26102 0.5
13 830.278 14.8282 13.8496 0.5
13 813.448 48.7656 -10.6651 0.5
13 809.176 30.9887 -3.31734 0.5
13 824.492 4.12363 -1.02969 0.5
13 804.183 41.8661 -8.44223 0.5
13 806.731 36.2319 6.28582 0.5
13 804.229 54.9276 -14.9816 0.5
13 779.466 88.2223 -12.1083 0.5
13 788.065 93.6079 9.71754 0.5
13 797.58 63.0757 14.7683 0.5
13 812.629 27.7025 9.08906 0.5
13 802.221 72.5927 -1.4508 0.5
13 803.938 53.5129 14.9538 0.5
13 819.804 12.4463 2.6634 0.5
13 808.355 54.1036 -13.2317 0.5
13 785.296 72.2432 -2.81022 0.5
13 805.426 42.5584 11.5638 0.5
13 784.388 97.1065 12.3208 0.5
13 801.277 62.6162 14.6285 0.5
13 820.001 23.819 14.6869 0.5
13 801.401 52.6772 -13.5634 0.5
13 819.795 35.4532 12.5411 0.5
13 830.415 12.4802 14.549 0.5
13 799.491 59.4085 14.7004 0.5
13 818.407 15.906 -6.05717 0.5
13 801.97 43.4611 3.27821 0.5
13 790.414 76.4308 14.9054 0.5
13 783.79 87.6906 14.8796 0.5
13 788.195 70.2562 -9.38689 0.5
13 787.054 92.0428 12.6191 0.5
13 783.5 75.2095 1.89287 0.5
13 802.797 43.0594 6.31302 0.5
13 816.907 32.8731 14.986 0.5
13 810.158 58.8651 -1.22565 0.5
13 822.913 31.4935 -11.4675 0.5
13 789.09 84.6785 -14.379 0.5
13 802.252 50.6931 -13.3105 0.5
13 788.03 97.2331 0.518992 0.5
13 818.702 23.3994 13.8678 0.5
13 807.493 33.5516 0.779113 0.5
13 786.053 75.1766 -10.7223 0.5
13 777.825 86.1442 5.93816 0.5
13 824.716 5.46856 -7.06537 0.5
13 823.594 33.2722 -8.09417 0.5
13 796.963 61.7224 14.1253 0.5
13 778.97 97.4566 14.9924 0.5
13 813.931 24.9298 8.36497 0.5
13 830.945 -1.49533 -11.6843 0.5
13 808.286 41.4893 -13.8876 0.5
13 825.68 4.84551 8.74657 0.5
13 797.818 54.3957 10.3114 0.5
13 819.137 30.7961 -14.8014 0.5
13 787.435 83.8643 -14.9884 0.5
13 829.597 0.168518 -11.1105 0.5
13 810.796 35.3771 13.0281 0.5
13 809.815 30.3175 4.85365 0.5
13 815.405 27.2741 -12.9595 0.5
13 810.602 47.4313 14.3753 0.5
13 809.076 30.8561 -1.40713 0.5
13 799.568 77.0166 -2.68503 0.5
13 783.325 76.3535 5.28408 0.5
13 818.466 42.7186 7.13919 0.5
13 784.576 98.9488 10.4877 0.5
13 804.14 67.4974 -7.20255 0.5
13 786.8 73.226 10.038 0.5
13 823.592 33.1132 8.3442 0.5
13 779.085 99.766 -14.8621 0.5
13 804.987 53.7556 14.974 0.5
13 829.172 10.1811 14.9786 0.5
13 808.981 36.2988 11.4786 0.5
13 795.139 74.699 14.2213 0.5
13 827.059 18.3173 14.5429 0.5
13 778.762 113.253 -1.11518 0.5
13 788.749 68.5265 -8.33634 0.5
13 826.669 6.50385 -12.1377 0.5
13 777.922 114.421 3.13002 0.5
13 828.669 8.34306 14.5835 0.5
13 829.093 21.1756 -11.1297 0.5
13 781.173 103.3 -11.8622 0.5
13 800.803 71.1891 10.1221 0.5
13 833.012 13.9221 11.5331 0.5
13 791.46 88.8537 8.21397 0.5
13 826.092 21.7857 13.9676 0.5
13 802.891 44.1124 8.45377 0.5
13 809.503 58.9268 -5.69681 0.5
13 818.317 44.3203 3.70192 0.5
13 821.116 21.88 -14.6854 0.5
13 796.058 59.7954 -12.3299 0.5
13 790.028 79.844 -14.9624 0.5
13 813.038 24.2768 -3.21985 0.5
13 810.222 45.3799 -14.917 0.5
13 828.849 26.1765 -3.29074 0.5
13 800.805 47.1719 7.58158 0.5
13 805.659 59.0634 -13.0732 0.5
13 799.874 60.7687 -14.9693 0.5
13 779.458 110.979 -5.66366 0.5
13 779.317 83.7949 6.45573 0.5
13 817.92 36.0663 13.9173 0.5
13 790.118 92.0432 -6.70701 0.5
13 796.035 78.9645 10.626 0.5
13 831.789 21.0509 3.43942 0.5
13 805.378 47.979 -14.3953 0.5
13 794.266 68.944 14.7905 0.5
13 821.67 29.1291 -14.0873 0.5
13 794.362 58.7702 8.28287 0.5
13 798.782 63.3256 -14.9971 0.5
13 816.409 28.2501 14.1979 0.5
13 781.023 97.2122 14.73 0.5
13 791.099 78.8873 -14.8714 0.5
13 813.054 23.905 -0.361956 0.5
13 825.943 11.4152 14.0844 0.5
13 833.234 9.45906 13.9504 0.5
13 787.357 92.0197 -12.2824 0.5
13 814.954 24.976 10.5802 0.5
13 792.97 60.2102 6.58655 0.5
13 810.628 57.711 3.40177 0.5
13 782.374 97.191 14.0877 0.5
13 787.527 87.8864 -14.2206 0.5
13 827.671 20.0058 13.5548 0.5
13 823.032 15.767 -13.8123 0.5
13 829.464 -4.15454 3.30499 0.5
13 778.563 90.0633 12.3058 0.5
13 778.931 83.9242 -5.17842 0.5
13 795.995 66.512 -14.8747 0.5
13 782.875 100.017 12.1147 0.5
13 831.827 15.0336 12.2547 0.5
13 790.836 63.1637 4.777 0.5
13 789.516 74.1178 13.9352 0.5
13 816.022 24.6392 -11.9089 0.5
13 830.088 19.8098 10.7957 0.5
13 793.368 74.4703 -14.9275 0.5
13 814.713 36.9908 -14.969 0.5
13 820.452 21.4391 14.2617 0.5
13 783.45 102.914 -7.9201 0.5
13 803.331 69.0037 -7.00594 0.5
13 787.032 98.7345 2.65799 0.5
13 799.69 67.0776 14.1311 0.5
13 798.522 49.9426 5.03963 0.5
13 788.119 68.8141 6.98669 0.5
13 831.836 -8.47081 2.19218 0.5
13 779.507 82.1204 1.8587 0.5
13 791.632 61.7255 4.59902 0.5
13 833.289 -10.3773 -4.74688 0.5
13 817.961 39.8848 -11.6205 0.5
13 788.831 81.0902 14.9982 0.5
13 814.174 40.8735 -14.4805 0.5
13 795.103 74.4272 -14.3292 0.5
13 779.49 85.5353 -9.6322 0.5
13 800.406 46.6772 -5.03761 0.5
13 795.816 83.4904 2.81146 0.5
13 809.096 55.0264 -11.7914 0.5
13 785.559 101.3 -2.57589 0.5
13 816.215 48.4179 0.454699 0.5
13 809.039 60.2668 -4.15574 0.5
13 823.63 12.9512 -12.914 0.5
13 807.64 34.7802 6.54328 0.5
13 785.689 74.069 -8.68607 0.5
13 804.915 67.9336 -1.37738 0.5
13 817.047 17.6914 4.55463 0.5
13 827.408 28.9931 1.1537 0.5
13 831.15 21.9304 4.2902 0.5
13 793.532 62.0627 10.5635 0.5
13 820.472 38.9234 7.7002 0.5
13 786.823 91.4049 -13.2284 0.5
13 781.492 105.639 8.90317 0.5
13 814.932 21.5392 5.09599 0.5
13 815.818 19.371 -2.77034 0.5
13 783.348 104.839 -3.89031 0.5
13 786.399 78.9635 -13.7021 0.5
14 842.859 18.8235 14.9297 0.5
14 863.907 56.0643 -14.9852 0.5
14 851.088 36.0431 14.9231 0.5
14 858.963 33.1708 0.33839 0.5
14 860.777 66.1317 -2.3022 0.5
14 886.1 94.3316 -14.9765 0.5
14 868.59 79.1734 -4.42629 0.5
14 852.959 48.3695 10.6107 0.5
14 858.954 46.5437 -14.9137 0.5
14 867.227 48.0825 -4.20666 0.5
14 836.572 24.374 -0.573981 0.5
14 852.626 26.8517 -10.8681 0.5
14 852.06 48.0818 -9.16998 0.5
14 837.438 24.4643 6.37001 0.5
14 881.693 74.1645 -6.79545 0.5
14 859.756 36.2493 6.95474 0.5
14 842.625 6.41983 -6.64348 0.5
14 851.646 48.7598 6.99982 0.5
14 843.153 34.6577 5.69986 0.5
14 849.466 22.8115 12.0693 0.5
14 850.961 41.4901 13.1682 0.5
14 856.939 29.7118 -1.23285 0.5
14 845.007 8.99716 -0.251545 0.5
14 853.581 53.4556 3.39375 0.5
14 850.632 45.2319 9.63785 0.5
14 845.011 28.9996 14.1429 0.5
14 885.273 97.911 14.4078 0.5
14 869.267 79.7804 -5.95822 0.5
14 879.368 75.6464 -12.7739 0.5
14 845.548 39.8166 1.84559 0.5
14 833.662 -6.96868 9.85008 0.5
14 863.742 65.8791 11.6606 0.5
14 867.536 54.0604 12.0334 0.5
14 871.63 57.8916 8.70612 0.5
14 835.614 -3.57182 -9.86763 0.5
14 853.279 45.7289 -13.0437 0.5
14 843.897 35.4534 -6.77653 0.5
14 839.681 0.66979 -5.12095 0.5
14 876.335 63.4565 2.44856 0.5
14 841.689 10.6491 -12.9335 0.5
14 879.095 68.5709 -3.96623 0.5
14 845.339 12.2927 8.61885 0.5
14 882.468 98.5674 -11.4509 0.5
14 867.845 63.4089 -14.9993 0.5
14 859.139 60.9385 8.34034 0.5
14 835.555 21.5849 5.48494 0.5
14 864.749 43.9926 4.84669 0.5
14 836.515 1.47854 12.8081 0.5
14 886.843 110.762 -4.50929 0.5
14 852.065 23.7598 -8.35272 0.5
14 881.009 78.0054 -12.463 0.5
14 850.993 38.6797 -14.3653 0.5
14 876.562 92.6244 5.45065 0.5
14 876.898 76.9712 14.8288 0.5
14 885.871 109.158 -4.25055 0.5
14 835.915 21.709 6.61373 0.5
14 838.511 1.53665 -9.97175 0.5
14 876.46 63.511 1.06887 0.5
14 867.445 56.2867 13.4842 0.5
14 866.278 60.8411 -15 0.5
14 857.528 52.26 -13.4806 0.5
14 885.838 106.679 9.0491 0.5
14 856.737 44.9738 -14.9853 0.5
14 873.443 87.6389 -4.22723 0.5
14 863.25 42.5859 -7.47197 0.5
14 883.198 85.5162 14.2687 0.5
14 888.531 86.6994 -8.01206 0.5
14 855.595 30.8359 9.63474 0.5
14 855.509 32.0325 -11.0423 0.5
14 838.811 28.2532 0.546577 0.5
14 850.184 40.6409 12.8852 0.5
14 845.152 13.0962 10.0338 0.5
14 870.638 60.985 13.0456 0.5
14 842.813 5.20638 -0.613818 0.5
14 877.526 72.4133 12.7481 0.5
14 885.654 92.9771 -14.9326 0.5
14 842.737 22.3544 14.8238 0.5
14 873.778 63.1517 10.5367 0.5
14 879.619 94.5328 10.624 0.5
14 853.811 39.9372 14.9839 0.5
14 882.561 99.1834 11.0507 0.5
14 835.345 1.63238 13.9048 0.5
14 873.461 61.152 -8.82962 0.5
14 854.734 32.3481 -12.3637 0.5
14 880.937 71.3411 1.85224 0.5
14 843.966 17.2029 -14.1462 0.5
14 866.892 49.9399 -9.0516 0.5
14 877.968 95.6851 3.43778 0.5
14 867.505 73.0708 11.0827 0.5
14 882.025 99.5344 -9.72111 0.5
14 862.736 69.5643 -2.03247 0.5
14 854.248 50.1979 10.9996 0.5
14 840.79 31.4334 -2.76652 0.5
14 851.38 20.1574 -1.92534 0.5
14 855.077 55.7335 -4.53611 0.5
14 857.902 40.4819 13.8132 0.5
14 844.747 29.2587 -13.8688 0.5
14 853.22 31.9303 13.6179 0.5
14 860.277 65.1111 -3.13636 0.5
14 885.571 105.816 -9.55547 0.5
14 874.844 67.2757 12.4286 0.5
14 862.369 56.3474 14.8256 0.5
14 879.697 84.6103 14.9906 0.5
14 860.827 65.6584 -4.64456 0.5
14 840.796 30.5213 5.82972 0.5
14 845.56 39.4983 -3.66429 0.5
14 868.631 68.8975 14.461 0.5
14 838.997 26.6212 7.41845 0.5
14 884.139 105.507 6.03275 0.5
14 847.949 40.706 -9.49001 0.5
14 866.378 66.4667 -13.9725 0.5
14 840.662 5.80854 -10.5523 0.5
14 840.737 8.97531 -12.9184 0.5
14 878.375 70.5597 9.94446 0.5
14 841.481 32.1658 4.59502 0.5
14 874.954 76.7124 14.976 0.5
14 878.541 87.151 -14.1157 0.5
14 856.036 48.0808 -14.1477 0.5
14 853.134 43.5792 13.9521 0.5
14 867.6 48.1854 -1.33519 0.5
14 870.716 66.1849 14.8165 0.5
14 888.655 87.6414 -9.06252 0.5
14 837.413 5.06068 -13.8415 0.5
14 836.841 7.76204 -14.8539 0.5
14 880.095 83.3416 14.932 0.5
14 858.577 42.5546 14.1619 0.5
14 886.83 111.359 -1.49982 0.5
14 884.549 103.035 -10.6617 0.5
14 876.31 83.889 -13.8844 0.5
14 845.09 14.6199 -11.5936 0.5
14 849.635 29.145 14.724 0.5
14 887.112 81.9636 -1.10163 0.5
14 847.688 29.8787 14.9486 0.5
14 835.834 12.6648 -14.2906 0.5
14 869.01 67.2293 14.9078 0.5
14 857.734 34.2531 -9.27979 0.5
14 840.124 15.8634 -14.9964 0.5
14 851.341 23.6598 -9.85785 0.5
14 886.367 107.205 -9.54339 0.5
14 877.891 73.9104 13.2453 0.5
14 848.106 39.9795 -10.5948 0.5
14 861.953 64.2788 -10.2698 0.5
14 862.427 69.1328 -1.00532 0.5
14 842.79 32.3679 -8.70697 0.5
14 868.305 49.48 1.99401 0.5
14 880.26 91.5867 -13.5029 0.5
14 877.455 95.1946 -0.250592 0.5
14 843.829 8.50422 -6.6427 0.5
14 886.31 99.9772 -14.3267 0.5
14 886.936 85.2902 9.83362 0.5
14 879.843 77.922 -13.5613 0.5
14 854.733 53.307 8.34235 0.5
14 880.403 90.8866 13.9219 0.5
14 880.857 95.7313 11.4896 0.5
14 849.343 46.4994 0.362274 0.5
14 870.105 82.3764 1.63723 0.5
14 848.263 44.0215 4.24333 0.5
14 861.683 42.8557 -11.1604 0.5
14 888.775 103.461 -14.5472 0.5
14 842.922 17.5779 -14.7353 0.5
14 873.638 78.9002 -14.0264 0.5
14 884.165 91.7539 -14.9999 0.5
14 855.302 49.833 -12.6841 0.5
14 840.963 4.73768 8.65266 0.5
14 859.16 34.2853 4.76778 0.5
14 865.995 47.1998 7.22354 0.5
14 847.312 41.2335 -7.03841 0.5
14 869.152 72.8334 13.2562 0.5
14 880.315 70.7114 -4.06937 0.5
14 838.258 5.39312 13.3131 0.5
14 865.158 48.0687 -10.3801 0.5
14 861.963 40.083 -6.97275 0.5
14 835.578 3.63547 14.4494 0.5
14 878.284 94.1021 8.33522 0.5
14 870.396 82.4663 -3.849 0.5
14 884.541 98.6171 13.682 0.5
14 863.423 44.267 -9.47906 0.5
14 846.938 38.0343 10.5164 0.5
14 885.473 109.082 -0.109311 0.5
14 873.57 88.4458 -0.781139 0.5
14 856.832 58.0784 -6.32245 0.5
14 840.406 4.94026 -10.1053 0.5
14 846.199 21.8051 -14.384 0.5
14 849.099 19.6832 -9.7502 0.5
14 872.076 82.6288 -9.32425 0.5
14 843.109 20.5322 -14.999 0.5
14 871.218 55.4253 5.46813 0.5
14 877.623 82.8749 -14.8087 0.5
14 854.186 32.2553 12.9095 0.5
14 878.687 76.7821 -13.9367 0.5
14 881.684 96.7469 -11.8269 0.5
14 833.456 -10.8927 -1.8972 0.5
14 860.211 62.2491 9.10449 0.5
14 842.154 14.3897 14.2565 0.5
14 856.926 55.4862 10.3602 0.5
14 881.562 72.5702 -2.78138 0.5
14 881.781 74.1553 6.46932 0.5
15 994.16 88.1459 -9.19128 0.5
15 952.604 95.3016 -14.2452 0.5
15 979.287 92.4762 12.9766 0.5
15 917.761 114.152 -4.97091 0.5
15 988.027 112.678 -8.01637 0.5
15 945.992 87.0664 -7.59758 0.5
15 964.109 114.947 1.26388 0.5
15 972.438 102.059 -14.8581 0.5
15 912.141 97.3135 -14.7575 0.5
15 971.134 101.215 14.9507 0.5
15 971.423 85.0038 -0.335716 0.5
15 918.997 105.797 -13.8346 0.5
15 964.869 87.0657 -7.59632 0.5
15 923.007 94.3566 -13.8979 0.5
15 969.234 111.373 -9.78062 0.5
15 991.05 104.984 -14.1479 0.5
15 998.087 91.3644 12.2649 0.5
15 999.903 114.355 4.35222 0.5
15 972.446 99.5558 14.9934 0.5
15 915.896 85.0044 -0.361352 0.5
15 988.064 110.666 -10.5473 0.5
15 900.571 105.642 -13.8986 0.5
15 998.516 96.8684 -14.6695 0.5
15 987.532 93.5438 -13.5395 0.5
15 985.873 99.489 14.9913 0.5
15 931.754 92.5041 12.9927 0.5
15 968.884 86.2991 -6.10625 0.5
15 891.158 112.175 -8.76127 0.5
15 906.004 89.98 -11.1625 0.5
15 932.433 85.1956 -2.41468 0.5
15 960.405 99.1853 -14.9779 0.5
15 920.2 112.945 7.57789 0.5
15 978.205 104.058 14.4407 0.5
15 920.002 110.564 -10.6489 0.5
15 932.856 89.8672 11.0601 0.5
15 995.196 85.391 3.40269 0.5
15 915.227 107.124 13.2005 0.5
15 902.035 114.905 -1.68523 0.5
15 957.618 85.7117 -4.56562 0.5
15 918.292 86.9626 7.41801 0.5
15 890.692 112.062 8.9164 0.5
15 895.449 114.344 -4.38808 0.5
15 933.359 91.5327 12.3816 0.5
15 942.322 91.6262 -12.4451 0.5
15 985.79 95.0089 14.1453 0.5
15 953.298 114.99 0.552386 0.5
15 982.075 87.2602 7.91813 0.5
15 966.553 85.0332 -0.996705 0.5
15 988.244 85.0912 1.65181 0.5
15 983.253 99.7734 14.9983 0.5
15 978.182 88.7302 9.8991 0.5
15 943.699 85.8957 -5.10579 0.5
15 954.192 98.3892 -14.9133 0.5
15 904.499 112.507 8.28065 0.5
15 911.463 112.393 8.45002 0.5
15 940.604 113.843 5.77582 0.5
15 979.392 101.527 -14.922 0.5
15 973.527 105.199 14.0703 0.5
15 907.564 93.3387 -13.4398 0.5
15 921.677 85.4158 -3.5074 0.5
15 905.906 108.473 12.378 0.5
15 963.989 113.336 -6.86707 0.5
15 986.563 92.9289 13.2287 0.5
15 925.68 102.789 -14.7385 0.5
15 968.829 92.8915 -13.2087 0.5
15 932.747 103.515 -14.5824 0.5
15 934.484 89.5329 -10.7443 0.5
15 971.564 97.3293 14.7603 0.5
15 930.708 86.5858 -6.71266 0.5
15 894.014 85.2715 2.84088 0.5
15 971.888 104.395 -14.3417 0.5
15 998.248 113.068 7.3638 0.5
15 894.148 108.744 12.1879 0.5
15 910.947 100.166 14.9991 0.5
15 955.246 89.6292 -10.8373 0.5
15 938.404 95.7832 14.3951 0.5
15 889.272 98.2144 -14.8933 0.5
15 989.27 104.57 -14.2868 0.5
15 907.402 110.122 -11.0698 0.5
15 995.702 111.836 -9.21436 0.5
15 918.92 85.5232 3.92725 0.5
15 967.707 96.0644 14.4745 0.5
15 936.76 95.7037 -14.3716 0.5
15 907.028 96.3919 -14.5596 0.5
15 992.275 111.233 9.94049 0.5
15 903.961 85.2266 -2.5977 0.5
15 911.557 87.3948 8.13073 0.5
15 971.779 91.2515 12.1846 0.5
15 994.25 93.4804 13.5091 0.5
15 916.878 99.1482 -14.9758 0.5
15 952.47 114.985 -0.661447 0.5
15 921.698 105.192 -14.0729 0.5
15 946.676 112.491 8.30568 0.5
15 943.406 88.7302 9.89909 0.5
15 899.501 87.8096 -8.74039 0.5
15 992.353 114.956 -1.15065 0.5
15 996.085 96.6124 -14.6125 0.5
15 983.861 86.0212 -5.4399 0.5
15 932.06 103.07 14.6825 0.5
15 969.633 110.793 10.4165 0.5
15 931.504 113.098 -7.31011 0.5
15 920.325 114.342 4.3943 0.5
15 906.592 85.2201 -2.56009 0.5
15 956.801 98.9045 -14.9599 0.5
15 931.21 110.937 -10.2653 0.5
15 931.982 105.924 -13.7806 0.5
15 890.49 99.3466 -14.9858 0.5
15 981.844 102.89 14.719 0.5
15 946.221 115 0.113179 0.5
15 919.833 108.586 -12.2998 0.5
15 930.505 114.911 1.62934 0.5
15 988.262 85.7648 -4.72861 0.5
15 944.217 102.762 -14.7435 0.5
15 936.558 94.5729 -13.9838 0.5
15 929.027 113.408 -6.72467 0.5
15 905.924 112.293 -8.59615 0.5
15 892.533 111.842 -9.20641 0.5
15 902.437 85.7671 -4.7356 0.5
15 958.557 99.6082 14.9949 0.5
15 959.958 102.249 -14.8304 0.5
15 972.374 110.054 -11.1319 0.5
15 940.448 110.948 10.2543 0.5
15 962.963 94.9133 -14.1112 0.5
15 987.441 108.696 -12.222 0.5
15 931.842 89.5778 10.7879 0.5
15 918.982 100.137 -14.9994 0.5
15 971.79 94.3884 -13.9108 0.5
15 996.034 113.898 -5.6433 0.5
15 919.989 103.572 -14.5684 0.5
15 898.385 89.2342 -10.445 0.5
15 939.733 87.1543 -7.74523 0.5
15 907.291 85.9566 -5.27106 0.5
15 895.13 110.717 10.4951 0.5
15 934.595 114.158 -4.95596 0.5
15 954.216 90.9836 -11.9877 0.5
15 991.061 97.2372 -14.7434 0.5
15 930.952 104.511 -14.3055 0.5
15 898.319 112.382 -8.4673 0.5
15 959.851 113.236 7.05833 0.5
15 997.049 99.0533 14.9701 0.5
15 933.605 97.3971 14.7724 0.5
15 890.318 91.9411 12.6512 0.5
15 927.093 89.2243 -10.4347 0.5
15 961.617 85.3722 -3.32065 0.5
15 977.593 111.438 -9.7044 0.5
15 937.012 111.959 -9.05389 0.5
15 893.555 114.822 2.30165 0.5
15 889.705 99.0133 14.9675 0.5
15 991.463 85.6041 4.21411 0.5
15 982.6 86.7652 -7.05982 0.5
15 982.879 112.519 8.26301 0.5
15 981.198 96.387 -14.5584 0.5
15 912.859 85.8022 4.83955 0.5
15 948.738 114.596 -3.45678 0.5
15 979.019 86.0452 5.50135 0.5
15 935.219 105.111 -14.1023 0.5
15 945.413 86.5921 -6.72527 0.5
15 962.748 97.5391 14.7968 0.5
15 968.59 114.985 -0.672572 0.5
15 987.181 114.255 -4.66772 0.5
15 995.111 100.471 14.9926 0.5
15 911.277 85.5432 -4.0002 0.5
15 936.227 114.47 -3.9531 0.5
15 949.35 89.5052 10.7172 0.5
15 963.482 98.3247 -14.9062 0.5
15 977.101 94.7904 -14.0663 0.5
15 976.202 102.424 14.8029 0.5
15 993.809 114.999 -0.176265 0.5
15 998.95 101.503 14.9246 0.5
15 964.227 88.8351 10.0173 0.5
15 987.757 100.353 14.9959 0.5
15 892.84 94.9932 -14.1397 0.5
15 929.004 106.676 13.4324 0.5
15 942.539 88.187 9.2441 0.5
15 908.479 97.2341 -14.7428 0.5
15 959.66 114.873 -1.9452 0.5
15 915.898 112.822 -7.78386 0.5
15 968.457 99.0272 -14.9684 0.5
