0 263.029 114.898 1.74259 0.5
0 245.134 96.696 14.6316 0.5
0 88.7443 112.949 7.57117 0.5
0 112.543 85.0176 -0.726868 0.5
0 276.792 105.851 -13.8118 0.5
0 81.7756 112.201 -8.72537 0.5
0 85.9792 106.782 -13.3792 0.5
0 269.578 114.934 -1.40177 0.5
0 39.5362 88.9003 10.0895 0.5
0 110.056 107.416 13.0385 0.5
0 35.4439 85.6523 -4.37545 0.5
0 209.308 112.104 8.85916 0.5
0 87.8997 108.466 -12.3826 0.5
0 103.381 88.4573 -9.57951 0.5
0 135.399 94.0632 -13.7751 0.5
0 107.473 113.536 6.46323 0.5
0 191.534 95.5147 -14.3137 0.5
0 33.4074 114.777 2.57687 0.5
0 84.5705 107.646 -12.9048 0.5
0 161.515 114.842 -2.17409 0.5
0 97.5178 98.9376 14.9623 0.5
0 190.3 114.214 4.79249 0.5
0 143.29 99.2012 14.9787 0.5
0 72.8098 99.8543 14.9993 0.5
0 147.129 92.7796 13.1479 0.5
0 121.2 113.24 7.04984 0.5
0 107.339 85.9821 5.33838 0.5
0 265.355 110.32 10.8857 0.5
0 126.726 85.1815 2.32624 0.5
0 272.088 88.8305 10.0122 0.5
0 75.3675 85.5977 -4.19196 0.5
0 223.162 109.063 11.9526 0.5
0 64.3605 98.4459 14.9193 0.5
0 315.405 85.8246 4.90486 0.5
0 192.33 85.0001 -0.0608973 0.5
0 100.445 96.3773 14.556 0.5
0 95.7842 85.7014 4.5332 0.5
0 192.455 110.851 -10.3569 0.5
0 96.9211 95.4903 -14.306 0.5
0 282.314 113.074 7.35267 0.5
0 234.128 93.1384 13.3386 0.5
0 41.5989 113.318 -6.90056 0.5
0 73.8475 85.4562 -3.67131 0.5
0 272.827 114.228 4.74954 0.5
0 191.06 86.3522 6.22386 0.5
0 224.185 106.767 13.387 0.5
0 65.4782 97.7252 14.8265 0.5
0 19.819 99.5046 -14.9918 0.5
0 206.841 114.513 3.79278 0.5
0 139.634 111.782 -9.28374 0.5
0 192.125 107.828 -12.7957 0.5
0 153.532 87.7489 8.65515 0.5
0 250.165 114.027 -5.31535 0.5
0 280.442 87.0888 -7.6355 0.5
0 63.5973 89.9687 -11.1523 0.5
0 107.347 98.2577 -14.8985 0.5
0 152.395 111.874 -9.16549 0.5
0 186.93 108.034 12.6671 0.5
0 111.197 87.8415 8.78466 0.5
0 73.3258 110.338 -10.8685 0.5
0 19.5365 95.1688 -14.2007 0.5
0 275.573 85.0673 1.41969 0.5
0 124.357 109.097 -11.9265 0.5
0 225.724 102.468 14.7955 0.5
0 326.701 85.0001 0.0535166 0.5
0 264.373 99.551 14.9933 0.5
0 125.617 87.5493 -8.36539 0.5
0 142.414 85.079 1.53779 0.5
0 48.0871 94.3757 -13.9056 0.5
0 301.819 108.706 -12.2152 0.5
0 327.903 99.5973 -14.9946 0.5
0 90.869 87.0575 7.58237 0.5
0 231.831 90.0403 -11.2162 0.5
0 196.604 88.5594 9.70115 0.5
0 157.959 110.538 -10.6744 0.5
0 169.099 101.713 -14.9019 0.5
0 322.536 85.2093 -2.49683 0.5
0 310.282 87.3679 -8.08894 0.5
0 126.988 85.474 3.74084 0.5
0 172.57 109.146 11.8889 0.5
0 93.6097 113.51 6.51807 0.5
0 284.002 85 0.0340331 0.5
0 143.341 108.318 -12.4821 0.5
0 313.921 96.8822 -14.6724 0.5
0 32.6626 108.77 -12.1691 0.5
0 193.764 110.207 10.9917 0.5
0 212.463 108.272 12.5132 0.5
0 265.964 101.887 -14.8808 0.5
0 117.27 86.6723 -6.88274 0.5
0 245.721 108.114 -12.616 0.5
0 248.184 89.3252 10.5379 0.5
0 56.7844 85.0743 1.49108 0.5
0 39.011 85.0081 -0.494217 0.5
0 143.136 92.6962 13.1017 0.5
0 329.331 99.7014 14.997 0.5
0 232.689 91.3129 -12.2284 0.5
0 138.981 85.3182 3.07334 0.5
0 276.494 114.78 -2.55703 0.5
0 212.719 109.626 -11.5037 0.5
0 214.476 113.703 6.10041 0.5
0 285.734 114.95 -1.22337 0.5
0 139.907 114.758 -2.68215 0.5
0 304.846 107.52 -12.9787 0.5
0 57.2694 85.2031 -2.46021 0.5
0 176.633 85.1145 -1.85008 0.5
0 266.244 102.563 14.7794 0.5
0 196.25 105.74 -13.8584 0.5
0 310.917 101.44 14.9307 0.5
0 155.308 102.914 14.7142 0.5
0 75.0648 106.454 -13.5407 0.5
0 287.528 95.7876 -14.3964 0.5
0 239.127 87.3425 8.04902 0.5
0 96.8601 100.401 -14.9946 0.5
0 212.813 113.84 5.78445 0.5
0 178.47 86.4517 6.43759 0.5
0 48.8212 103.609 -14.5594 0.5
0 216.938 109.451 -11.6482 0.5
0 106.693 110.58 -10.6328 0.5
0 57.7453 96.5954 -14.6085 0.5
0 56.7868 111.219 9.95713 0.5
0 120.071 113.755 5.98285 0.5
0 6.04151 96.3636 14.5525 0.5
0 329.573 85.4928 3.81343 0.5
0 285.392 90.0936 11.2634 0.5
0 274.686 86.0526 5.51987 0.5
0 209.08 88.6845 9.84686 0.5
0 245.512 104.451 14.3244 0.5
0 194.475 102.78 -14.7402 0.5
0 279.661 112.033 -8.95554 0.5
0 86.4592 114.382 -4.26212 0.5
0 165.074 85.3274 -3.11691 0.5
0 35.6806 110.706 -10.5061 0.5
0 107.38 86.2796 -6.06229 0.5
0 58.4966 102.942 -14.7087 0.5
0 205.09 99.3043 -14.9839 0.5
0 220.975 113.824 -5.82202 0.5
0 180.499 89.1068 -10.312 0.5
0 51.3353 93.1752 -13.3575 0.5
0 171.682 88.2298 -9.29852 0.5
0 244.77 109.661 11.4748 0.5
0 321.059 93.3202 13.4306 0.5
0 166.264 86.5562 6.65313 0.5
0 236.894 106.578 -13.4806 0.5
0 156.06 114.679 3.08818 0.5
0 111.372 102.146 -14.8456 0.5
0 69.6428 108.698 12.221 0.5
0 101.205 88.4727 9.59799 0.5
0 255.823 87.5159 8.31542 0.5
0 279.365 85.3768 -3.34114 0.5
0 322.057 95.2541 14.2294 0.5
0 50.2403 109.001 11.9991 0.5
0 195.733 93.7231 13.6235 0.5
0 51.5529 86.3813 -6.28727 0.5
0 12.4953 90.2049 -11.3602 0.5
0 169.322 114.577 3.53663 0.5
0 314.904 97.4186 14.7762 0.5
0 38.169 88.8978 10.0867 0.5
0 250.877 85.6982 4.52297 0.5
0 2.02194 105.445 -13.977 0.5
0 142.046 85.0252 -0.86899 0.5
0 109.956 85.1867 2.35903 0.5
0 110.585 85.0002 -0.0674384 0.5
0 52.0917 109.743 -11.4046 0.5
0 77.2035 111.241 -9.9313 0.5
0 255.831 85.6767 4.45449 0.5
0 92.8154 89.1898 -10.399 0.5
0 58.0466 104.755 14.2262 0.5
0 243.686 106.06 13.7215 0.5
0 199.94 111.929 9.09342 0.5
0 3.86984 85.054 -1.27217 0.5
0 7.64923 95.7505 14.3855 0.5
0 119.236 113.95 -5.51402 0.5
0 231.024 92.7283 -13.1196 0.5
0 82.0908 95.3317 14.2551 0.5
0 32.5045 95.8016 14.4005 0.5
0 7.31251 96.9457 14.6858 0.5
0 289.432 91.345 -12.2511 0.5
0 319.872 91.7043 -12.4972 0.5
0 260.112 88.4042 -9.51515 0.5
0 134.553 110.574 -10.6388 0.5
0 292.996 99.9497 14.9999 0.5
0 165.683 101.394 14.9351 0.5
0 57.7588 109.348 -11.7309 0.5
0 148.726 87.2972 7.97735 0.5
0 172.271 87.4968 -8.28672 0.5
0 27.6502 86.6066 6.75405 0.5
0 243.598 108.442 -12.3988 0.5
0 70.9888 101.038 14.9641 0.5
0 205.464 94.9906 14.1388 0.5
0 72.2332 85.0057 -0.415158 0.5
0 0.751518 86.0618 5.54303 0.5
0 257.885 90.4492 -11.5664 0.5
0 121.261 85.2547 2.75228 0.5
0 41.8588 99.6663 -14.9963 0.5
0 58.3215 89.5481 10.7591 0.5
0 123.707 85.4085 3.47663 0.5
0 247.87 95.6928 14.3683 0.5
0 48.0166 97.1264 -14.7222 0.5
0 172.13 86.5461 6.63271 0.5
0 265.759 98.8551 -14.9562 0.5
0 223.376 85.4152 -3.50491 0.5
0 312.834 114.133 5.02611 0.5
0 239.802 85.8516 -4.98213 0.5
0 157.881 103.038 14.6891 0.5
0 71.93 92.4419 -12.9566 0.5
0 45.5642 86.945 -7.38697 0.5
0 29.1011 108.895 -12.0783 0.5
0 226.016 85.845 -4.96349 0.5
0 70.3473 105.718 -13.8676 0.5
0 161.347 108.557 12.3198 0.5
0 188.497 114.031 5.30408 0.5
0 106.555 87.9561 -8.94119 0.5
0 224.455 90.3951 11.5215 0.5
0 302.453 112.905 7.64596 0.5
0 297.062 92.1886 -12.8055 0.5
0 90.0519 92.2433 -12.8388 0.5
0 245.866 114.181 -4.88809 0.5
0 115.707 106.351 -13.5893 0.5
0 144.48 85.4335 3.58027 0.5
0 176.33 112.049 8.93453 0.5
0 122.222 100.369 14.9955 0.5
0 248.544 109.578 -11.544 0.5
0 241.936 86.5736 -6.68819 0.5
0 127.605 86.7845 7.0959 0.5
0 41.8115 114.504 3.82683 0.5
0 198.244 85.5166 3.90286 0.5
0 329.047 114.029 -5.31006 0.5
0 308.464 93.9952 -13.7456 0.5
0 189.91 97.1176 14.7205 0.5
0 119.065 110.882 -10.3241 0.5
0 63.0433 102.496 -14.7908 0.5
0 55.1787 114.945 1.28706 0.5
0 167.153 105.495 13.9574 0.5
0 5.50796 105.843 13.8154 0.5
0 22.1548 85.8058 4.85018 0.5
0 112.485 114.989 0.574407 0.5
0 76.8654 108.607 12.2847 0.5
0 325.543 102.953 -14.7065 0.5
0 316.069 110.346 10.861 0.5
0 274.999 85.1112 -1.82349 0.5
0 320.184 101.057 -14.9627 0.5
0 262.699 90.718 -11.7832 0.5
0 20.191 104.221 -14.394 0.5
0 209.121 112.037 -8.94991 0.5
0 30.0972 96.8083 -14.6565 0.5
0 223.828 94.3308 13.8874 0.5
0 232.899 96.3195 -14.5415 0.5
0 151.028 86.1061 -5.65326 0.5
0 6.34564 107.745 12.8459 0.5
0 159.13 106.962 13.2864 0.5
0 109.218 111.209 9.96806 0.5
0 27.5194 90.8201 -11.863 0.5
0 331.556 105.233 -14.0577 0.5
0 43.2302 97.9039 14.8528 0.5
0 68.9743 92.1721 -12.7955 0.5
0 157.677 93.914 13.7099 0.5
0 240.736 103.208 14.653 0.5
0 106.117 113.465 -6.60989 0.5
0 262.177 100.379 14.9952 0.5
0 155.437 96.861 -14.6679 0.5
0 59.2143 113.859 5.73934 0.5
0 54.3538 110.011 11.1702 0.5
0 186.317 102.487 -14.7924 0.5
0 189.328 114.458 3.99612 0.5
0 15.0512 114.997 -0.28627 0.5
0 184.707 114.591 -3.48078 0.5
0 315.323 85.6394 -4.33278 0.5
0 65.3571 104.731 14.2342 0.5
0 171.429 112.489 8.30874 0.5
0 94.7559 109.635 11.4964 0.5
0 57.8543 85.2964 2.96718 0.5
0 257.926 100.021 -15 0.5
0 124.62 85.1577 2.16923 0.5
0 280.667 90.9198 11.9395 0.5
0 158.522 100.032 15 0.5
0 154.983 98.5192 14.9267 0.5
0 207.285 97.3267 14.7599 0.5
0 217.43 114.984 0.699325 0.5
0 43.9207 111.056 -10.137 0.5
0 11.2703 89.0995 -10.3044 0.5
0 32.1076 109.056 11.9579 0.5
0 197.482 105.143 14.0908 0.5
0 162.543 85.0709 1.45662 0.5
0 218.763 90.9013 11.9254 0.5
0 164.908 98.2096 14.8928 0.5
0 1.48659 113.909 5.61587 0.5
0 215.984 113.173 7.17523 0.5
0 165.797 114.521 -3.76169 0.5
0 244.443 97.6602 14.8164 0.5
0 28.8997 107.221 13.1476 0.5
0 228.684 106.294 -13.6158 0.5
0 197.72 109.062 11.953 0.5
0 161.838 109.461 -11.64 0.5
0 230.363 103.96 -14.4679 0.5
0 185.824 94.487 13.9501 0.5
0 318.382 106.265 -13.6289 0.5
0 196.9 103.272 -14.6388 0.5
0 118.833 108.013 12.6805 0.5
0 263.699 108.12 12.6122 0.5
0 284.547 87.9536 8.93778 0.5
0 303.332 94.2486 -13.8536 0.5
0 5.93975 112.6 -8.13894 0.5
0 275.817 100.888 14.9737 0.5
0 117.063 85.0244 0.85539 0.5
0 233.966 96.9485 14.6863 0.5
0 221.854 98.9709 -14.9647 0.5
0 109.144 89.719 -10.9225 0.5
0 86.8886 113.166 7.1871 0.5
0 312.91 113.3 -6.93659 0.5
0 47.3859 90.0119 11.1909 0.5
0 333.195 107.173 -13.174 0.5
0 199.969 87.9403 8.9198 0.5
0 179.981 114.988 0.598796 0.5
0 248.559 85.3506 3.22414 0.5
0 253.155 112.811 7.80186 0.5
0 282.446 114.597 -3.45325 0.5
0 16.0052 114.043 -5.27106 0.5
0 262.262 98.7088 14.9443 0.5
0 248.676 86.0679 -5.55853 0.5
0 73.4056 96.8937 -14.6748 0.5
0 225.236 97.2564 14.747 0.5
0 233.252 114.71 2.93346 0.5
0 286.181 94.8041 -14.0713 0.5
0 58.0383 91.2166 -12.1594 0.5
0 189.8 109.01 -11.9922 0.5
0 235.305 105.207 14.0673 0.5
0 157.486 86.0827 -5.59547 0.5
0 179.771 87.7516 -8.65887 0.5
0 243.221 103.681 14.5413 0.5
0 218.896 114.428 -4.1027 0.5
0 0.448819 85.0001 -0.0656214 0.5
0 17.2411 96.2964 14.5356 0.5
0 50.1981 101.416 -14.933 0.5
0 31.1681 86.9273 7.35552 0.5
0 320.475 95.9672 -14.4477 0.5
0 51.2108 102.929 14.7112 0.5
0 216.818 113.531 6.47436 0.5
0 61.4245 86.3482 -6.21522 0.5
0 142.959 85.1331 -1.99358 0.5
0 52.3729 94.4686 -13.9429 0.5
0 276.041 97.7074 -14.8238 0.5
0 23.1442 86.4665 -6.4688 0.5
0 7.29911 85.9962 5.37524 0.5
0 195.02 95.3119 -14.2486 0.5
0 147.077 106.573 13.4834 0.5
0 327.695 114.604 3.426 0.5
0 260.667 114.422 4.12368 0.5
0 308.542 114.339 4.40518 0.5
0 264.514 97.3282 14.7601 0.5
0 58.0301 107.965 12.7106 0.5
0 266.266 104.738 14.2321 0.5
0 51.8624 113.237 7.05497 0.5
0 4.31028 114.981 0.758773 0.5
0 326.886 93.7861 13.6524 0.5
0 321.874 86.7403 -7.0129 0.5
0 135.171 103.644 14.5507 0.5
0 290.864 87.0775 -7.61628 0.5
0 164.711 85.6541 -4.38121 0.5
0 148.064 85.022 -0.811809 0.5
0 260.047 100.095 -14.9997 0.5
0 21.3627 98.7217 14.9454 0.5
0 281.787 112.014 8.98082 0.5
0 32.5691 89.4792 -10.6917 0.5
0 253.673 91.5422 -12.3881 0.5
0 290.616 90.3669 11.498 0.5
0 117.132 90.8241 11.866 0.5
0 63.6731 93.0799 -13.3083 0.5
0 40.6826 102.254 14.8298 0.5
0 19.5948 111.828 -9.22474 0.5
0 332.405 88.4192 9.53338 0.5
0 307.072 115 -0.109484 0.5
0 4.86975 104.261 -14.382 0.5
0 10.0618 86.8751 7.26205 0.5
0 280.596 110.481 -10.7307 0.5
0 72.2129 92.1733 12.7962 0.5
0 54.2463 113.108 -7.29196 0.5
0 30.6872 87.8731 8.82832 0.5
0 179.328 95.5928 -14.3379 0.5
0 12.92 108.689 -12.227 0.5
0 124.849 95.7443 -14.3836 0.5
0 159.135 92.9232 13.2257 0.5
0 50.3013 86.3345 -6.18506 0.5
0 190.276 90.1685 11.3288 0.5
0 119.805 104.228 -14.3918 0.5
0 217.664 95.9119 14.4322 0.5
0 120.16 98.5699 -14.9317 0.5
0 227.637 100.815 14.9779 0.5
0 237.435 102.301 14.8225 0.5
0 108.485 85.1993 2.43693 0.5
0 112.75 114.955 -1.16722 0.5
0 299.502 113.951 -5.51205 0.5
0 110.939 85.6287 -4.29727 0.5
0 210.065 107.292 13.1085 0.5
0 284.214 106.284 -13.6202 0.5
0 145.21 92.4335 12.9517 0.5
0 34.3393 114.978 0.80817 0.5
0 31.3361 87.1501 -7.73821 0.5
0 224.863 112.139 -8.81204 0.5
0 239.578 114.979 0.799833 0.5
0 172.226 85.147 2.09482 0.5
0 285.696 101.219 14.9504 0.5
0 320.796 89.9536 -11.1387 0.5
0 318.178 93.8497 -13.6811 0.5
0 129.004 109.468 11.6343 0.5
0 169.782 111.764 9.30654 0.5
0 86.2072 85.0304 -0.955063 0.5
0 44.2744 98.2199 14.894 0.5
0 75.0655 114.861 2.03852 0.5
0 171.847 85.217 -2.54251 0.5
0 220.508 92.742 13.1271 0.5
0 76.5369 85.7604 4.71514 0.5
0 32.3382 112.807 7.80941 0.5
0 224.813 114.985 -0.675923 0.5
0 303.525 88.0851 -9.11234 0.5
0 64.7411 113.197 -7.12974 0.5
0 247.615 97.5322 14.7956 0.5
0 6.88308 102.005 14.8654 0.5
0 252.638 89.9642 -11.1482 0.5
0 242.785 103.504 -14.585 0.5
0 258.439 87.8131 -8.74525 0.5
0 85.4478 96.7227 14.6376 0.5
0 157.463 113.269 -6.99601 0.5
0 272.043 107.505 12.9875 0.5
0 183.591 91.7092 12.5005 0.5
0 147.931 115 0.0501965 0.5
0 64.5587 87.6484 8.51101 0.5
0 133.034 95.6151 14.3448 0.5
0 222.931 89.0329 10.2334 0.5
0 178.134 98.2116 14.893 0.5
0 195.013 114.795 -2.47248 0.5
0 88.186 114.688 3.04406 0.5
0 112.266 106.031 -13.7343 0.5
0 203.47 86.7368 7.00616 0.5
0 161.873 86.8563 7.22803 0.5
0 32.7341 86.1113 5.66604 0.5
0 221.339 110.769 -10.4419 0.5
0 83.7137 101.734 -14.8994 0.5
0 181.957 85.6348 4.31747 0.5
0 121.006 108.574 12.3077 0.5
0 80.6713 95.5905 14.3372 0.5
0 246.539 87.2139 7.84316 0.5
0 326.13 100.034 -15 0.5
0 322.131 109.302 11.7671 0.5
0 277.045 97.6452 14.814 0.5
0 214.816 114.684 -3.06292 0.5
0 32.389 98.2403 -14.8964 0.5
0 226.647 98.9687 -14.9645 0.5
0 129.798 90.2088 -11.3637 0.5
0 120.571 88.0114 9.01513 0.5
0 123.228 95.9468 -14.442 0.5
0 139.472 107.766 12.8333 0.5
0 298.229 99.5968 -14.9946 0.5
0 38.7253 111.106 -10.0827 0.5
0 317.331 113.31 -6.91774 0.5
0 280.485 107.531 -12.9727 0.5
0 47.3782 106.191 -13.6626 0.5
0 177.718 95.1838 -14.2058 0.5
0 125.875 93.1516 13.3454 0.5
0 116.607 91.9546 12.6598 0.5
0 175.987 110.859 10.3481 0.5
0 19.9449 114.92 1.54243 0.5
0 85.6792 112.213 8.709 0.5
0 5.26922 86.8826 7.2756 0.5
0 116.328 98.2123 -14.8931 0.5
0 97.7798 85.5069 -3.86657 0.5
0 61.7861 102.27 14.8273 0.5
0 123.39 112.429 8.39769 0.5
0 268.207 92.4562 -12.965 0.5
0 142.203 87.6947 -8.57782 0.5
0 233.928 85.2636 -2.79997 0.5
0 18.1264 92.3929 -12.928 0.5
0 79.6361 106.134 -13.6887 0.5
0 4.36144 114.991 -0.527375 0.5
0 267.253 85.3102 -3.03485 0.5
0 131.815 86.5273 6.59448 0.5
0 223.207 113.759 -5.97509 0.5
0 194.816 91.3838 12.2785 0.5
0 24.4768 104.099 14.4291 0.5
0 277.292 93.881 13.6952 0.5
0 104.863 85.6876 4.48959 0.5
0 61.0497 106.279 -13.6226 0.5
0 189.008 85.3322 -3.13931 0.5
0 105.91 98.6424 -14.9384 0.5
0 333.136 97.8516 14.8454 0.5
0 144.251 86.0993 -5.63645 0.5
0 117.337 114.625 -3.33245 0.5
0 157.583 88.3662 -9.46858 0.5
0 119.56 91.2641 -12.1936 0.5
0 49.1225 105.944 13.7719 0.5
0 12.2717 114.511 3.80059 0.5
0 118.846 95.2265 14.2202 0.5
0 268.7 95.653 -14.3563 0.5
0 276.116 107.177 -13.1716 0.5
0 332.762 102.055 14.8586 0.5
0 74.779 89.7328 -10.9354 0.5
0 238.965 86.1834 -5.83958 0.5
0 302.691 87.8618 8.81267 0.5
0 242.566 89.6379 10.8456 0.5
0 328.465 113.956 5.49695 0.5
0 188.789 85.1184 -1.88065 0.5
0 151.03 93.3326 -13.4367 0.5
0 22.2117 114.78 2.55764 0.5
0 119.674 108.16 -12.5864 0.5
0 195.81 88.8088 -9.98785 0.5
0 76.1982 113.19 7.14333 0.5
0 52.0448 93.6661 13.5971 0.5
0 290.434 95.1554 -14.1961 0.5
0 48.445 97.2881 14.7528 0.5
0 253.235 99.6172 -14.9951 0.5
0 204.276 90.6153 11.7016 0.5
0 132.663 96.461 -14.5765 0.5
0 45.8758 111.082 -10.1092 0.5
0 25.8753 94.6149 -14 0.5
0 154.226 102.671 -14.7602 0.5
0 149.94 114.955 -1.15777 0.5
0 47.647 87.0424 7.55648 0.5
0 298.616 88.137 9.17987 0.5
0 108.321 99.6554 14.996 0.5
0 107.354 114.861 2.03512 0.5
0 59.0991 102.131 -14.8478 0.5
0 193.617 85.0497 -1.22052 0.5
1 384.01 -2.51911 2.75645 0.5
1 456.366 -111.964 -14.9571 0.5
1 434.499 -84.7854 11.5582 0.5
1 349.922 58.1767 -7.32365 0.5
1 364.92 30.2944 0.316439 0.5
1 473.526 -148.254 13.9815 0.5
1 375.06 13.0916 -3.28375 0.5
1 382.505 2.50208 8.54144 0.5
1 474.459 -129.809 3.32228 0.5
1 441.612 -99.9206 -8.47552 0.5
1 399.045 -8.30136 13.9497 0.5
1 488.821 -159.399 -11.2572 0.5
1 351.046 57.0478 -8.62412 0.5
1 381.974 29.3932 6.2399 0.5
1 350.706 58.5796 9.83074 0.5
1 340.246 99.3625 9.82432 0.5
1 375.11 37.5766 11.2371 0.5
1 469.376 -129.332 13.6121 0.5
1 369.504 51.5191 -4.92263 0.5
1 400.454 -1.34022 -1.58868 0.5
1 476.55 -162.914 -2.07289 0.5
1 398.929 -28.3805 2.64009 0.5
1 478.753 -164.598 -7.94578 0.5
1 441.668 -92.0388 -14.3407 0.5
1 443.754 -76.257 -0.243493 0.5
1 400.907 -20.9882 -14.4716 0.5
1 337.102 83.1801 10.9124 0.5
1 365.726 54.3369 -10.7685 0.5
1 379.86 10.9659 -12.3952 0.5
1 427.109 -76.7507 4.44508 0.5
1 449.327 -111.757 -10.3569 0.5
1 446.608 -111.182 0.67036 0.5
1 482.302 -164.17 13.6821 0.5
1 341.145 100.097 -6.2663 0.5
1 375.034 30.3533 14.7761 0.5
1 391.616 -1.31248 14.9956 0.5
1 497.372 -197.643 -6.49915 0.5
1 464.897 -134.067 13.6625 0.5
1 369.979 46.5423 11.1667 0.5
1 395.963 -11.3109 14.7299 0.5
1 419.289 -37.0216 9.18569 0.5
1 366.205 30.7448 -8.55701 0.5
1 444.445 -92.3644 14.9998 0.5
1 363.659 55.3342 12.7757 0.5
1 456.016 -98.2313 -4.64846 0.5
1 393.379 8.7393 -7.91579 0.5
1 428.334 -50.6315 5.60208 0.5
1 405.417 -38.6373 5.91298 0.5
1 472.739 -140.159 -14.9437 0.5
1 453.69 -99.5216 12.0433 0.5
1 446.477 -81.6122 -4.3399 0.5
1 429.12 -53.3938 8.27042 0.5
1 481.683 -145.025 9.09878 0.5
1 357.68 58.0031 -14.999 0.5
1 358.341 53.0907 14.5629 0.5
1 386.31 20.6615 8.4109 0.5
1 398.989 -25.3813 9.43431 0.5
1 479.349 -167.838 1.43879 0.5
1 362.653 58.0338 12.1346 0.5
1 450.637 -115.062 9.14986 0.5
1 416.646 -46.8802 14.7768 0.5
1 404.83 -38.8319 0.31592 0.5
1 470.381 -129.139 -12.5374 0.5
1 340.729 72.3398 -2.10728 0.5
1 432.155 -56.4292 2.80941 0.5
1 384.718 10.1901 -14.9782 0.5
1 487.987 -162.025 13.8151 0.5
1 345.483 88.0902 -11.8981 0.5
1 434.499 -71.8956 -14.626 0.5
1 352.757 59.2822 -13.2265 0.5
1 367.184 26.3705 0.25003 0.5
1 359.614 69.0776 3.45592 0.5
1 399.451 0.481434 0.0406383 0.5
1 347.503 64.1719 -9.88158 0.5
1 422.671 -42.1431 8.14885 0.5
1 341.264 84.5158 -14.8978 0.5
1 456.715 -125.459 -9.3172 0.5
1 420.727 -44.6815 13.426 0.5
1 456.956 -129.089 0.986271 0.5
1 444.741 -101.714 -12.1836 0.5
1 397.089 -22.8662 -8.38392 0.5
1 448.818 -113.896 -5.71033 0.5
1 404.765 -30.2132 -13.5236 0.5
1 489.151 -171.272 14.9357 0.5
1 422.442 -39.8034 -3.69579 0.5
1 455.291 -98.3176 -7.62151 0.5
1 453.612 -114.922 -13.4734 0.5
1 353.488 73.1104 -12.6768 0.5
1 423.348 -70.8738 1.04076 0.5
1 448.201 -83.9756 0.756336 0.5
1 414.776 -29.3528 -9.3751 0.5
1 457.175 -106.272 -12.5418 0.5
1 464.915 -123.193 14.2402 0.5
1 348.585 82.8913 -11.7627 0.5
1 358.001 42.276 0.264121 0.5
1 479.188 -160.771 -12.5963 0.5
1 356.996 71.8318 -7.79363 0.5
1 387.91 2.42892 -14.6886 0.5
1 403.229 -20.1891 14.9746 0.5
1 467.236 -120.004 -9.10287 0.5
1 369.76 41.7373 14.201 0.5
1 453.903 -104.131 14.2443 0.5
1 398.802 -1.17529 8.69938 0.5
1 342.521 92.261 12.5774 0.5
1 391.167 -2.76978 -14.773 0.5
1 417.005 -34.1874 10.4754 0.5
1 460.996 -112.448 12.2405 0.5
1 456.114 -119.523 -13.3397 0.5
1 340.836 96.9218 -11.2536 0.5
1 492.869 -170.269 -13.7235 0.5
1 393.342 -11.6032 12.8937 0.5
1 392.906 -12.2389 11.9572 0.5
1 379.183 28.0882 -12.9888 0.5
1 354.379 53.9749 -11.5477 0.5
1 370.013 21.5316 -1.3632 0.5
1 410.058 -38.2912 13.9942 0.5
1 356.752 58.86 -14.9889 0.5
1 446.238 -101.554 -13.7488 0.5
1 498.405 -187.155 -14.9484 0.5
1 432.93 -60.8435 -9.43309 0.5
1 413.001 -50.4105 -8.40835 0.5
1 352.214 73.3043 -13.7452 0.5
1 341.639 100.229 -3.3782 0.5
1 410.218 -48.0124 -2.16013 0.5
1 359.942 40.7846 7.25528 0.5
1 467.141 -146.762 -0.10324 0.5
1 367.134 43.7192 -14.8281 0.5
1 499.607 -177.749 10.9548 0.5
1 391.89 -14.2111 7.84062 0.5
1 406.663 -13.8634 -7.22102 0.5
1 495.74 -196.224 1.47908 0.5
1 368.817 52.61 -5.20324 0.5
1 403.763 -9.95217 8.95213 0.5
1 343.963 73.3093 12.508 0.5
1 464.189 -111.65 0.177188 0.5
1 352.996 67.9246 -14.8686 0.5
1 425.477 -74.4469 -2.12136 0.5
1 393.194 -1.02386 14.7627 0.5
1 342.12 74.9837 -11.3584 0.5
1 375.042 34.0627 13.6112 0.5
1 492.166 -183.721 -12.28 0.5
1 439.697 -92.408 12.5734 0.5
1 394.414 -19.1961 6.73686 0.5
1 397.046 -10.0365 14.9966 0.5
1 406.245 -31.6705 -14.0005 0.5
1 372.975 40.4529 -11.9136 0.5
1 402.084 -33.2247 4.99206 0.5
1 423.765 -47.3195 11.7595 0.5
1 415.146 -30.5167 -9.99238 0.5
1 398.666 -7.59675 -13.9304 0.5
1 404.862 -18.3539 -13.9403 0.5
1 423.302 -58.1445 14.8203 0.5
1 392.089 -12.5394 10.4395 0.5
1 401.746 -30.1243 9.47278 0.5
1 365.927 39.0328 -14.3051 0.5
1 337.872 78.2343 -5.6253 0.5
1 423.487 -71.1515 0.00492708 0.5
1 337.973 106.898 -1.40441 0.5
1 353.54 57.0695 12.7311 0.5
1 469.083 -127.578 -12.9632 0.5
1 399.828 -14.3518 14.9775 0.5
1 432.95 -72.416 -14.9995 0.5
1 466.676 -145.804 2.12891 0.5
1 337.426 81.2683 9.45725 0.5
1 459.118 -113.618 -14.3862 0.5
1 359.774 39.5884 -3.37348 0.5
1 453.595 -108.232 -14.9998 0.5
1 425.118 -71.1343 -8.78533 0.5
1 406.057 -24.2949 -14.9072 0.5
1 438.988 -70.9073 8.87638 0.5
1 387.657 19.4943 -6.35798 0.5
1 356.163 56.3155 14.4165 0.5
1 458.553 -103.376 -6.51739 0.5
1 422.578 -61.969 -13.0521 0.5
1 371.86 27.1097 -13.6769 0.5
1 374.858 43.0227 1.27269 0.5
1 435.982 -85.4984 -12.87 0.5
1 446.811 -81.6685 -1.88318 0.5
1 460.141 -133.527 5.66247 0.5
1 379.132 16.5757 14.4293 0.5
1 353.45 64.6876 14.9927 0.5
1 403.796 -7.32878 -2.90228 0.5
1 348.544 86.8467 -7.1389 0.5
1 418.883 -38.9621 11.8361 0.5
1 434.115 -60.797 -5.96903 0.5
1 357.318 49.8475 12.283 0.5
1 427.755 -78.1466 -3.42895 0.5
1 420.115 -52.5421 14.8329 0.5
1 471.644 -131.534 -12.6722 0.5
1 437.285 -89.6434 11.5314 0.5
1 337.236 108.119 -1.90567 0.5
1 371.069 22.6545 9.01843 0.5
1 378.382 15.8761 -13.7046 0.5
1 382.085 20.4854 -14.1683 0.5
1 395.226 2.25839 -11.6417 0.5
1 415.528 -27.3718 0.410139 0.5
1 460.804 -109.771 10.182 0.5
1 378.286 33.3237 9.99579 0.5
1 433.594 -76.6218 -14.7039 0.5
1 355.542 46.6379 -1.76724 0.5
1 360.856 56.4552 14.4217 0.5
1 499.495 -180.513 -13.1103 0.5
1 479.246 -141.064 -9.43087 0.5
1 451.05 -118.022 5.03057 0.5
1 490.78 -175.014 14.8214 0.5
1 458.596 -119.636 14.7597 0.5
1 344.714 70.9563 -11.744 0.5
1 484.682 -168.232 -13.7086 0.5
1 358.712 55.5959 -14.9933 0.5
1 430.64 -56.7924 -9.3279 0.5
1 470.944 -135.158 -14.6569 0.5
1 395.246 -21.5665 -4.43382 0.5
1 456.511 -127.432 5.16611 0.5
1 456.898 -109.653 -14.3502 0.5
1 456.637 -113.344 14.9983 0.5
1 356.509 72.1408 8.61128 0.5
1 466.554 -144.527 5.919 0.5
1 467.426 -145.331 -7.35157 0.5
1 437.711 -95.569 -2.54846 0.5
1 443.61 -78.3846 8.10857 0.5
1 495.085 -194.378 -4.78511 0.5
1 440.754 -100.93 1.96062 0.5
1 361.41 36.4974 -1.95053 0.5
1 347.582 82.8243 -12.9883 0.5
1 337.799 99.5349 -13.1205 0.5
1 473.271 -132.791 -11.5354 0.5
1 350.079 56.1469 2.13068 0.5
1 466.112 -137.891 12.7435 0.5
1 350.748 83.3715 6.46535 0.5
1 451.227 -110.033 -13.8187 0.5
1 336.631 97.0559 14.7425 0.5
1 486.753 -154.117 9.49252 0.5
1 495.545 -195.74 -2.55196 0.5
1 478.656 -137.125 -3.52155 0.5
1 496.191 -195.126 7.39783 0.5
1 359.714 39.3202 -0.611035 0.5
1 466.317 -136.612 13.6232 0.5
1 439.242 -98.2458 2.39813 0.5
1 441.533 -82.0762 14.0209 0.5
1 414.399 -27.9551 -8.35933 0.5
1 419.168 -34.8115 5.73839 0.5
1 438.855 -68.9239 5.77238 0.5
1 343.709 95.3496 6.89528 0.5
1 493.124 -168.905 12.776 0.5
1 391.64 -15.5461 3.6207 0.5
1 404.189 -17.4252 14.0326 0.5
1 494.082 -192.042 -6.28928 0.5
1 482.141 -170.717 -7.52612 0.5
1 483.334 -162.624 14.7332 0.5
1 370.169 26.3031 11.2721 0.5
1 462.567 -108.88 -1.09445 0.5
1 476.599 -160.333 8.74198 0.5
1 408.689 -18.2138 8.57766 0.5
1 360.823 37.7143 -3.12237 0.5
1 465.095 -142.56 -4.39263 0.5
1 350.04 68.1318 -14.7107 0.5
1 446.518 -105.24 11.8481 0.5
1 446.923 -88.7115 12.6682 0.5
1 374.563 43.0973 -3.80391 0.5
1 344.963 94.5905 2.81523 0.5
1 424.87 -59.3305 -14.9794 0.5
1 401.151 -17.2295 -14.9982 0.5
1 449.286 -85.9465 -1.82372 0.5
1 347.042 66.8735 -11.7041 0.5
1 453.285 -111.675 -14.4809 0.5
1 364.768 32.1765 -6.78787 0.5
1 333.352 112.162 8.73495 0.5
1 468.067 -120.835 8.24397 0.5
1 497.938 -170.839 4.6428 0.5
1 388.5 -7.54334 9.0103 0.5
1 416.376 -41.8441 14.8673 0.5
1 349.038 79.5464 13.3967 0.5
1 396.224 -20.0077 -10.113 0.5
1 425.202 -67.4192 -12.496 0.5
1 395.841 -17.6244 11.7235 0.5
1 398.289 2.47299 -0.773499 0.5
1 472.504 -142.691 -14.91 0.5
1 334.321 107.444 11.8829 0.5
1 481.108 -161.578 13.9054 0.5
1 456.192 -104.41 12.4362 0.5
1 357.762 44.5095 7.16483 0.5
1 451.568 -94.6845 11.0864 0.5
1 357.879 72.1495 3.15377 0.5
1 342.501 94.056 -11.2379 0.5
1 482.276 -148.354 11.5064 0.5
1 397.527 3.80115 0.610598 0.5
1 355.591 75.0812 -6.25557 0.5
1 358.202 58.0528 14.9576 0.5
1 429.815 -54.7206 8.45376 0.5
1 381.695 12.7799 14.5967 0.5
1 447.567 -109.757 9.13306 0.5
1 361.058 47.1209 -14.191 0.5
1 472.671 -154.092 -7.89676 0.5
1 431.309 -69.1292 -14.9892 0.5
1 378.879 7.6133 -6.54112 0.5
1 339.286 104.397 -2.944 0.5
1 350.291 85.5681 1.33853 0.5
1 471.172 -142.327 -14.5659 0.5
1 426.628 -71.0893 11.6099 0.5
1 385.568 -3.21852 -7.90917 0.5
1 438.608 -96.7697 -4.10227 0.5
1 341.621 82.0135 -14.5535 0.5
1 389.963 6.72858 -14.2066 0.5
1 432.37 -66.6017 -14.165 0.5
1 390.349 -10.1399 9.76586 0.5
1 350.94 80.3482 10.3634 0.5
1 340.368 73.761 -5.23981 0.5
1 382.259 5.25161 11.1736 0.5
1 453.316 -100.553 -13.125 0.5
1 441.439 -72.3041 1.33987 0.5
1 378.244 8.51272 -6.10699 0.5
1 382.921 0.199149 5.60923 0.5
1 397.829 -21.0266 11.756 0.5
1 376.331 10.9437 3.51722 0.5
1 376.771 17.2601 -12.9884 0.5
1 345.405 74.044 14.1253 0.5
1 401.435 -28.6906 10.4769 0.5
1 437.132 -66.9737 7.80162 0.5
1 497.641 -195.429 10.3689 0.5
1 366.885 51.7473 11.3033 0.5
1 429.058 -75.0624 -11.7982 0.5
1 405.792 -35.9478 10.7645 0.5
1 394.986 -3.45284 14.625 0.5
1 360.078 62.548 -12.0952 0.5
1 346.284 92.1427 3.55236 0.5
1 420.079 -37.6129 8.08509 0.5
1 442.786 -75.3053 4.61267 0.5
1 359.057 51.5309 -14.4803 0.5
1 400.83 -6.02293 -10.3202 0.5
1 424.9 -48.8137 11.3698 0.5
1 360.737 44.7346 12.8125 0.5
1 391.637 10.7766 9.31005 0.5
1 417.642 -52.8021 13.3826 0.5
1 390.05 6.27024 14.3073 0.5
1 493.151 -188.933 -8.83674 0.5
1 359.15 60.0382 -14.227 0.5
1 427.241 -71.2469 -12.294 0.5
1 394.051 6.99093 8.78656 0.5
1 371.961 22.2388 -10.3504 0.5
1 334.751 101.026 -14.5902 0.5
1 437.907 -66.9713 -4.96178 0.5
1 440.061 -99.7917 1.4051 0.5
1 378.708 7.03255 -4.28193 0.5
1 464.219 -112.313 4.23778 0.5
1 487.661 -156.195 -10.0804 0.5
1 355.324 67.7212 -13.8292 0.5
1 466.421 -130.719 -14.9986 0.5
1 349.141 80.9695 12.4621 0.5
1 375.692 12.8443 -5.90653 0.5
1 353.558 55.5926 -11.7076 0.5
1 462.47 -111.726 -9.07241 0.5
1 373.52 34.7883 14.342 0.5
1 371.726 23.7187 11.3704 0.5
1 408.069 -14.449 0.316726 0.5
1 345.791 64.6356 5.90827 0.5
1 404.647 -9.78758 -6.03836 0.5
1 489.978 -159.322 9.00619 0.5
1 363.568 59.3035 -9.42187 0.5
1 417.907 -61.4851 -0.143057 0.5
1 350.225 74.0663 14.6273 0.5
1 480.87 -168.253 -7.96361 0.5
1 361.28 39.9718 9.48076 0.5
1 463.027 -128.13 -14.5874 0.5
1 398.038 -27.0246 -1.18583 0.5
1 391.573 14.1064 -0.760664 0.5
1 454.496 -121.951 8.8776 0.5
1 466.351 -116.352 5.27817 0.5
1 482.09 -154.554 14.6763 0.5
1 484.929 -175.031 8.35352 0.5
1 392.087 -11.5849 11.3379 0.5
1 477.083 -157.835 12.1081 0.5
1 460.781 -105.79 -1.15447 0.5
1 352.274 80.9724 5.92961 0.5
1 402.162 -27.5819 12.4497 0.5
1 439.642 -71.4487 -8.00784 0.5
1 419.953 -64.7346 -2.9646 0.5
1 477.494 -144.928 14.223 0.5
1 380.741 4.00367 5.67738 0.5
1 349.887 56.3831 -1.27837 0.5
1 387.529 -7.89082 -5.33015 0.5
1 453.945 -121.974 7.36289 0.5
1 339.656 76.8771 -8.76533 0.5
1 395.781 -23.0504 -1.83614 0.5
1 469.484 -148.106 -8.6048 0.5
1 345.966 75.8347 14.8249 0.5
1 419.197 -58.6007 -11.286 0.5
1 467.96 -147.916 -2.80293 0.5
1 342.118 72.4545 -8.54166 0.5
1 444.795 -79.4949 -6.40784 0.5
1 350.562 80.4508 -10.9129 0.5
1 342.134 70.0612 3.00597 0.5
1 450.132 -111.792 -11.6162 0.5
1 353.434 75.8732 10.5233 0.5
1 444.815 -101.445 12.4589 0.5
1 428.413 -79.6806 -0.296686 0.5
1 461.763 -111.103 9.81294 0.5
1 453.135 -99.9217 12.943 0.5
1 378.411 7.80925 5.08103 0.5
1 473.973 -130.983 -8.11948 0.5
1 482.938 -173.217 -5.13572 0.5
1 483.568 -173.841 -6.27076 0.5
1 394.392 -9.10935 -14.6207 0.5
1 368.923 24.1167 -4.7158 0.5
1 494.888 -193.076 -7.0236 0.5
1 335.053 83.2283 -5.89304 0.5
1 433.235 -75.8989 14.7239 0.5
1 473.726 -129.84 6.88353 0.5
1 340.893 85.1611 14.8982 0.5
1 460.99 -107.916 -7.13841 0.5
1 391.182 -5.72532 13.9443 0.5
1 391.57 -4.40231 14.5778 0.5
1 403.317 -6.23021 0.65762 0.5
1 374.29 43.3291 4.62694 0.5
1 471.106 -151.93 6.93447 0.5
1 375.495 39.4782 -8.28447 0.5
1 379.594 29.1122 -11.8179 0.5
1 483.435 -155.198 14.2162 0.5
1 445.837 -105.195 10.8734 0.5
1 477.985 -149.716 14.9771 0.5
1 475.803 -142.368 -14.341 0.5
1 376.98 36.1037 -9.38335 0.5
1 436.619 -79.0204 14.9995 0.5
1 436.005 -90.2705 -8.38549 0.5
1 387.256 -0.605314 -13.1542 0.5
1 467.69 -117.712 -0.0404169 0.5
1 476.73 -138.001 10.8378 0.5
1 391.868 -9.29002 12.748 0.5
1 463.53 -111.203 4.51478 0.5
1 399.605 -19.9575 -14.0802 0.5
1 409.007 -23.544 -12.9752 0.5
1 357.049 64.8865 -13.764 0.5
1 351.717 79.7538 9.51501 0.5
1 342.376 95.6651 -9.8328 0.5
1 466.43 -145.208 -3.09293 0.5
1 384.131 25.3416 -6.88721 0.5
1 425.386 -68.2121 12.1672 0.5
1 452.84 -116.422 11.6648 0.5
1 463.017 -110.031 -3.49409 0.5
1 366.911 55.3409 -6.5406 0.5
1 355.344 71.465 11.5345 0.5
1 358.1 71.7858 -3.06761 0.5
1 461.253 -129.476 -12.7435 0.5
1 337.213 105.703 8.40842 0.5
1 334.703 100.257 14.7678 0.5
1 490.091 -186.496 -0.683115 0.5
1 463.847 -117.018 11.9708 0.5
1 396.708 -7.1051 14.7616 0.5
1 337.633 78.8801 6.1707 0.5
1 370.832 50.0406 -0.537369 0.5
1 394.686 -11.4752 14.0663 0.5
1 370.094 47.242 -10.2907 0.5
1 396.368 -20.9576 9.28756 0.5
1 397.059 -25.1352 -2.67823 0.5
1 433.813 -83.1191 -11.9375 0.5
1 490.579 -169.932 14.8025 0.5
1 455.267 -113.371 -14.8414 0.5
1 374.01 14.8717 3.10707 0.5
1 484.538 -147.464 4.09544 0.5
1 440.195 -75.0872 11.1777 0.5
1 436.78 -75.5225 14.5485 0.5
1 480.445 -149.289 -13.9493 0.5
1 463.806 -140.978 -0.464193 0.5
1 466.311 -121.467 -12.1057 0.5
1 385.871 6.273 14.7498 0.5
1 450.958 -116.135 8.43579 0.5
1 392.585 12.2628 1.81435 0.5
1 337.05 106.517 -7.56109 0.5
1 480.745 -170.307 -0.728519 0.5
1 480.221 -159.286 -14.1877 0.5
1 493.445 -186.013 -12.2254 0.5
1 392.358 -16.9022 3.13427 0.5
1 358.363 42.9622 6.14137 0.5
1 367.632 54.173 6.37138 0.5
1 457.483 -120.826 -13.8364 0.5
1 434.185 -88.4411 -5.96946 0.5
1 351.914 80.3402 8.25718 0.5
1 452.802 -121.69 2.64872 0.5
1 360.872 64.5872 -8.6051 0.5
1 417.001 -55.4609 -10.6679 0.5
1 363.011 63.3315 -2.8043 0.5
1 388.1 16.2055 10.1288 0.5
1 427.838 -53.9128 -11.3782 0.5
1 386.563 -7.19406 0.233878 0.5
1 374.794 17.9566 10.9684 0.5
1 387.028 19.9044 -7.64511 0.5
1 434.873 -63.2251 -8.0672 0.5
1 393.872 -17.6725 7.79235 0.5
1 345.849 83.4295 -14.1038 0.5
1 475.858 -146.514 -14.996 0.5
1 355.33 47.4899 4.16245 0.5
1 445.146 -107.506 -5.78192 0.5
1 423.485 -68.4211 -8.62201 0.5
1 381.01 7.50265 -11.2522 0.5
1 403.799 -12.8236 -11.8274 0.5
1 498.293 -176.584 -11.8971 0.5
1 385.713 16.4688 13.1627 0.5
1 443.613 -101.629 10.594 0.5
1 463.527 -114.639 -10.3433 0.5
2 560.972 -87.2371 -14.4092 0.5
2 548.298 -119.01 5.41361 0.5
2 531.287 -145.05 -10.6477 0.5
2 589.304 -19.0168 -0.778763 0.5
2 651.908 89.4231 0.647307 0.5
2 569.515 -53.2954 0.855538 0.5
2 642.019 45.3506 -9.05543 0.5
2 582.955 -31.6925 6.93697 0.5
2 651.727 69.8303 14.3725 0.5
2 521.405 -162.503 10.302 0.5
2 611.547 -1.13344 13.8895 0.5
2 586.5 -29.0285 -11.3352 0.5
2 660.317 79.1367 -11.2997 0.5
2 617.067 8.4625 -13.9041 0.5
2 535.174 -124.129 -14.5559 0.5
2 614.345 14.146 -14.2214 0.5
2 519.12 -154.785 -14.9801 0.5
2 528.958 -145.993 -13.0052 0.5
2 613.261 17.9006 -10.8072 0.5
2 628.782 28.5665 -13.8266 0.5
2 553.643 -106.824 10.1313 0.5
2 523.182 -153.475 14.1589 0.5
2 653.665 88.3306 10.3577 0.5
2 639.829 39.5833 -5.55953 0.5
2 598.298 -28.2693 -11.3117 0.5
2 557.97 -82.3664 13.7899 0.5
2 625.769 37.171 12.6832 0.5
2 545.085 -125.562 -0.860485 0.5
2 590.073 -39.748 -13.2221 0.5
2 534.57 -128.346 14.9932 0.5
2 597.619 -10.7446 -12.1117 0.5
2 513.9 -161.624 14.7018 0.5
2 665.941 98.0731 -14.985 0.5
2 629.978 27.5477 12.07 0.5
2 524.735 -144.685 -14.956 0.5
2 559.272 -88.2516 -14.832 0.5
2 563.3 -84.7645 -13.8631 0.5
2 665.361 86.125 -9.49283 0.5
2 582.326 -39.6706 -13.5609 0.5
2 614.787 9.23412 -14.9725 0.5
2 626.039 27.9121 14.9011 0.5
2 536.059 -122.291 14.4766 0.5
2 545.72 -120.843 -9.79891 0.5
2 606.757 8.77694 8.225 0.5
2 641.206 61.6902 13.8377 0.5
2 594.076 -37.1054 -9.77904 0.5
2 512.133 -157.277 -10.8254 0.5
2 638.645 37.7016 -5.96187 0.5
2 511.584 -174.89 13.6228 0.5
2 595.022 -38.9877 -1.77088 0.5
2 543.746 -127.598 3.0158 0.5
2 560.191 -97.0968 8.0219 0.5
2 548.86 -115.16 -10.074 0.5
2 597.393 -32.5426 8.20531 0.5
2 636.824 52.6493 -14.3588 0.5
2 579.536 -36.2892 3.33436 0.5
2 561.225 -88.2866 13.8924 0.5
2 546.26 -94.3163 4.73172 0.5
2 535.939 -116.622 11.3513 0.5
2 648.611 64.4502 -14.3774 0.5
2 583.091 -53.2115 -12.391 0.5
2 656.436 82.0717 -14.9985 0.5
2 534.777 -114.108 4.42997 0.5
2 562.125 -80.7791 -14.9971 0.5
2 505.266 -168.3 9.9171 0.5
2 640.164 47.5927 13.517 0.5
2 518.362 -142.116 2.69797 0.5
2 571.223 -77.6162 -8.58047 0.5
2 544.436 -123.847 -8.81535 0.5
2 626.951 32.6149 -14.9341 0.5
2 631.406 42.571 -14.5507 0.5
2 663.996 93.9025 14.9276 0.5
2 547.68 -116.355 10.9389 0.5
2 638.318 64.7682 5.71374 0.5
2 625.602 38.446 -11.5483 0.5
2 524.81 -130.708 -0.37511 0.5
2 656.612 81.9544 14.9867 0.5
2 520.612 -148.715 -14.3824 0.5
2 607.699 10.9045 7.41577 0.5
2 655.147 78.1762 -14.8828 0.5
2 656.164 72.3204 11.6171 0.5
2 643.69 63.5125 -14.6306 0.5
2 563.212 -93.87 -3.0724 0.5
2 654.568 89.9507 10.2991 0.5
2 543.503 -104.344 -12.0138 0.5
2 665.031 90.4567 -13.4154 0.5
2 577.439 -57.6238 -14.6812 0.5
2 569.007 -70.6753 14.9224 0.5
2 584.459 -27.638 -2.72997 0.5
2 520.133 -144.185 -11.5094 0.5
2 613.438 6.64346 14.9549 0.5
2 619.607 30.971 -8.32035 0.5
2 515.954 -147.689 -6.8355 0.5
2 501.686 -184.794 14.9691 0.5
2 654.942 82.3313 14.766 0.5
2 637.42 44.5394 14.2098 0.5
2 606.547 -8.93694 14.209 0.5
2 504.295 -166.502 -2.81559 0.5
2 656.298 95.9173 5.6961 0.5
2 641.161 48.6925 13.1968 0.5
2 526.141 -129.006 4.22568 0.5
2 621.497 32.7193 -10.2451 0.5
2 610.208 17.0888 1.9024 0.5
2 576.536 -70.9477 2.20913 0.5
2 647.132 52.0496 5.07634 0.5
2 606.803 -18.2084 3.76108 0.5
2 572.563 -58.675 14.3653 0.5
2 591.63 -39.9218 11.2204 0.5
2 594.743 -10.6394 -5.5484 0.5
2 600.386 -1.11442 6.1363 0.5
2 556.925 -78.7263 9.8042 0.5
2 570.047 -52.3932 1.13393 0.5
2 663.848 102.082 -13.2853 0.5
2 545.418 -113.921 -14.4806 0.5
2 657.98 99.9069 -1.18149 0.5
2 614.483 -4.29823 -5.60324 0.5
2 626.62 22.441 12.563 0.5
2 502.923 -181.991 14.9121 0.5
2 572.466 -76.9352 -5.93575 0.5
2 578.939 -49.5982 -14.8148 0.5
2 539.654 -129.223 11.8238 0.5
2 640.07 38.9916 -1.31548 0.5
2 518.47 -149.255 -13.0308 0.5
2 646.554 51.568 -6.33765 0.5
2 539.422 -106.875 -6.49877 0.5
2 521.918 -148.434 14.8261 0.5
2 577.749 -52.3131 14.9037 0.5
2 628.012 47.5789 -3.72272 0.5
2 568.973 -56.956 -8.6514 0.5
2 514.523 -166.473 14.7065 0.5
2 616.466 -1.24556 -4.54497 0.5
2 502.714 -194.963 10.2105 0.5
2 509.496 -166.394 -13.8197 0.5
2 641.463 42.5126 5.79788 0.5
2 645.741 48.9855 -2.61574 0.5
2 585.763 -43.3164 -14.6574 0.5
2 545.795 -102.608 -13.396 0.5
2 599.125 -4.85433 8.8222 0.5
2 649.231 71.8642 14.8574 0.5
2 502.962 -190.37 -13.357 0.5
2 500.418 -175.789 -8.77853 0.5
2 542.593 -104.261 10.5714 0.5
2 583.595 -31.654 8.68337 0.5
2 649.999 67.1856 -14.4718 0.5
2 615.462 3.33182 -12.7022 0.5
2 626.049 33.5367 -14.4872 0.5
2 630.22 33.9279 14.708 0.5
2 533.336 -145.834 -1.73374 0.5
2 588.194 -41.4097 -13.9587 0.5
2 551.198 -101.905 14.8782 0.5
2 564.594 -61.9322 -2.02231 0.5
2 646.818 76.6544 10.1624 0.5
2 541.986 -114.177 -14.8944 0.5
2 611.853 -3.85614 12.0624 0.5
2 583.489 -35.4099 -12.2491 0.5
2 624.683 20.653 -13.4561 0.5
2 633.75 35.486 12.9899 0.5
2 523.289 -139.126 11.8391 0.5
2 597.779 -27.2081 12.7566 0.5
2 555.663 -97.875 -13.911 0.5
2 637.25 45.5526 14.5867 0.5
2 590.238 -21.4578 10.2838 0.5
2 625.885 40.698 9.82553 0.5
2 556.766 -84.2445 13.7 0.5
2 613.064 12.4199 14.0465 0.5
2 632.027 54.7187 -2.90562 0.5
2 510.111 -157.573 -6.35108 0.5
2 631.962 49.7463 -11.3067 0.5
2 663.961 84.4203 10.3126 0.5
2 591.21 -17.622 -7.35538 0.5
2 660.675 77.9359 -9.40456 0.5
2 619.982 11.549 12.9378 0.5
2 571.17 -69.2944 -14.4871 0.5
2 591.726 -37.6453 12.785 0.5
2 518.613 -166.43 11.1864 0.5
2 523.593 -156.488 -12.2357 0.5
2 630.235 43.8413 -13.2966 0.5
2 608.986 14.1034 -5.36123 0.5
2 572.543 -70.6266 -12.9327 0.5
2 607.153 11.7786 2.04862 0.5
2 652.061 82.5479 -12.7845 0.5
2 612.14 19.6952 -5.01078 0.5
2 663.56 92.1503 14.7954 0.5
2 567.05 -73.4426 -14.9728 0.5
2 633.82 41.6179 -14.9259 0.5
2 620.402 16.5875 -14.6369 0.5
2 658.918 92.0924 -13.9501 0.5
2 565.785 -71.4414 14.6345 0.5
2 539.483 -122.133 -14.8862 0.5
2 649.746 55.7049 -0.62063 0.5
2 564.945 -71.9089 -14.3768 0.5
2 648.687 76.7328 -12.7664 0.5
2 518.792 -168.036 9.121 0.5
2 568.853 -82.3918 -7.52922 0.5
2 624.954 29.1088 14.9385 0.5
2 553.247 -110.11 -6.1918 0.5
2 557.943 -75.2954 -7.44789 0.5
2 539.696 -112.156 -12.8349 0.5
2 616.452 16.3531 -14.6264 0.5
2 607.049 11.2893 3.64907 0.5
2 577.526 -67.5975 -7.12357 0.5
2 541.846 -101.661 -3.71176 0.5
2 507.451 -165.846 11.2472 0.5
2 586.773 -26.9435 9.70624 0.5
2 633.813 38.9427 -14.4138 0.5
2 518.736 -155.327 14.9732 0.5
2 653.546 62.3711 -1.70129 0.5
2 513.292 -151.307 -4.38578 0.5
2 590.038 -38.673 13.7703 0.5
2 655.051 72.5054 13.0609 0.5
2 635.706 50.8483 14.3171 0.5
2 562.492 -68.8738 -9.55614 0.5
2 619.731 28.5269 11.3368 0.5
2 569.225 -72.9424 -14.4093 0.5
2 617.817 18.3776 -14.6993 0.5
2 524.679 -157.112 9.99822 0.5
2 634.567 29.6651 2.79956 0.5
2 635.564 31.1302 -0.160304 0.5
2 580.845 -33.725 1.51735 0.5
2 505.639 -170.014 -12.0793 0.5
2 548.755 -106.225 14.8667 0.5
2 504.033 -177.414 -14.3776 0.5
2 647.778 55.1418 8.80752 0.5
2 529.504 -122.68 -1.79388 0.5
2 571.412 -78.2232 -7.05643 0.5
2 544.492 -96.9712 3.25584 0.5
2 581.407 -56.9394 11.7966 0.5
2 585.375 -55.7579 1.1437 0.5
2 645.283 77.5935 -3.30838 0.5
2 519.307 -163.225 -12.6943 0.5
2 570.021 -80.8442 6.64401 0.5
2 500.115 -202.036 -6.41444 0.5
2 558.72 -72.5147 -4.00743 0.5
2 518.886 -169.712 6.00111 0.5
2 562.107 -66.7857 -4.47674 0.5
2 625.719 41.2376 -8.78047 0.5
2 616.999 21.9203 12.7219 0.5
2 665.249 103.092 13.9362 0.5
2 615.55 26.4205 1.12697 0.5
2 591.055 -16.875 5.1478 0.5
2 597.707 -4.78173 -3.17609 0.5
2 523.514 -159.865 -9.10807 0.5
2 565.108 -88.7317 7.77579 0.5
2 537.529 -110.096 -6.37681 0.5
2 648.794 71.86 -14.7331 0.5
2 512.681 -158.733 -12.7019 0.5
2 551.587 -106.278 13.2908 0.5
2 603.767 -13.6018 14.2589 0.5
2 507.466 -190.512 2.6316 0.5
2 524.325 -136.731 11.3452 0.5
2 654.545 71.2858 12.8615 0.5
2 654.405 77.4348 -14.9412 0.5
2 526.148 -131.274 8.85102 0.5
2 615.695 19.2916 12.9451 0.5
2 657.938 73.3391 9.58009 0.5
2 529.839 -124.917 -8.89735 0.5
2 562.766 -78.3438 14.9126 0.5
2 521.036 -166.862 -3.34384 0.5
2 553.641 -89.3109 13.5395 0.5
2 528.264 -131.296 -12.4104 0.5
2 661.597 100.119 12.0742 0.5
2 537.377 -138.894 1.12309 0.5
2 557.709 -90.9203 14.8378 0.5
2 518.803 -171.026 -1.55646 0.5
2 611.806 4.20637 14.9801 0.5
2 613.937 9.09892 14.9939 0.5
2 554.476 -104.703 -10.8261 0.5
2 657.499 93.7883 11.4693 0.5
2 587.745 -31.7468 -14.1599 0.5
2 639.731 66.8966 6.43484 0.5
2 597.245 -5.92303 -4.47038 0.5
2 607.018 -17.3283 5.34977 0.5
2 555.453 -100.36 12.8535 0.5
2 532.761 -146.925 -0.454106 0.5
2 636.522 33.2507 -3.69502 0.5
2 532.72 -131.586 -14.9942 0.5
2 532.611 -124.375 12.8028 0.5
2 594.147 -40.0354 4.10684 0.5
2 610.325 1.61134 14.9786 0.5
2 507.784 -168.012 13.1695 0.5
2 608.278 -15.0149 5.68102 0.5
2 581.243 -62.8875 -1.4489 0.5
2 630.231 32.1825 14.2418 0.5
2 534.163 -137.797 -12.4987 0.5
2 635.159 60.2283 2.43383 0.5
2 589.55 -48.2911 2.87997 0.5
2 593.672 -25.3527 -14.9613 0.5
2 557.756 -77.8926 10.4652 0.5
2 636.169 34.6916 8.31449 0.5
2 628.37 46.0514 -8.46525 0.5
2 530.305 -133.748 14.8008 0.5
2 561.562 -86.0519 14.4552 0.5
2 532.287 -138.694 -13.7729 0.5
2 537.508 -131.626 -12.7413 0.5
2 567.614 -82.0523 10.7232 0.5
2 622.809 9.38432 -3.21077 0.5
2 502.77 -173.491 -10.8227 0.5
2 652.286 61.2379 5.75176 0.5
2 503.661 -168.277 5.23651 0.5
2 593.18 -30.5245 -14.6454 0.5
2 610.577 -6.29757 -11.888 0.5
2 550.992 -115.319 1.03333 0.5
2 627.06 29.8375 -14.9184 0.5
2 559.824 -98.0981 7.41012 0.5
2 536.399 -140.582 -1.20287 0.5
2 567.867 -82.7066 9.53268 0.5
2 531.812 -143.822 10.9549 0.5
2 575.043 -43.7308 1.02012 0.5
2 611.164 -3.75539 12.9197 0.5
2 644.447 60.3166 -14.9521 0.5
2 525.262 -156.719 -9.2612 0.5
2 653.021 91.0554 3.02958 0.5
2 566.443 -88.5752 -0.734158 0.5
2 532.145 -144.663 9.43046 0.5
2 639.12 40.0747 -8.70799 0.5
2 630.566 46.5893 -11.9114 0.5
2 575.587 -43.3898 -4.31697 0.5
2 602.891 -3.62486 -13.3508 0.5
2 545.524 -120.748 10.2807 0.5
2 587.091 -52.3624 3.71005 0.5
2 574.882 -73.6688 3.01781 0.5
2 515.153 -161.018 14.9334 0.5
2 565.143 -86.7539 10.2942 0.5
2 616.822 -1.30559 0.915306 0.5
2 529.978 -148.059 -9.85691 0.5
2 516.024 -174.884 -5.47834 0.5
2 507.102 -161.836 3.69539 0.5
2 618.531 30.2111 6.36103 0.5
2 588.402 -27.6724 -12.7597 0.5
2 622.36 12.4572 -10.4084 0.5
2 599.104 -12.1581 -14.1898 0.5
2 637.516 34.8655 3.24916 0.5
2 665.612 94.0693 14.4278 0.5
2 640.233 64.482 -10.9365 0.5
2 546.091 -93.9182 1.50555 0.5
2 549.981 -89.5104 -8.14638 0.5
2 558.709 -80.9408 13.7268 0.5
2 648.796 83.8146 -2.62929 0.5
2 596.033 -36.9588 3.36753 0.5
2 544.932 -123.536 8.0057 0.5
2 560.489 -68.9782 -1.47836 0.5
2 525.968 -154.992 -9.87107 0.5
2 663.953 110.244 -1.29244 0.5
2 561.971 -73.7193 -12.921 0.5
2 655.114 66.6761 6.90953 0.5
2 574.72 -74.1166 -2.04667 0.5
2 552.239 -101.156 14.7048 0.5
2 608.166 -12.5232 -9.98164 0.5
2 549.624 -89.4636 -7.01103 0.5
2 587.272 -46.0579 12.3305 0.5
2 508.621 -159.687 5.23633 0.5
2 522.531 -158.983 11.7432 0.5
2 634.375 51.6968 -12.9159 0.5
2 597.402 -31.5624 9.52 0.5
2 521.268 -147.952 -14.4881 0.5
2 513.199 -176.95 -10.0482 0.5
2 605.698 2.89244 -12.3644 0.5
2 657.264 83.0183 -14.9839 0.5
2 533.483 -127.321 14.6188 0.5
2 623.724 28.2526 14.7674 0.5
2 614.885 24.6746 4.323 0.5
2 625.048 19.2809 -12.2658 0.5
2 509.438 -175.495 -14.662 0.5
2 555.879 -96.1391 -14.3854 0.5
2 514.553 -152.483 -10.214 0.5
2 527.542 -126.809 4.94386 0.5
2 512.92 -152.178 -5.06808 0.5
2 579.851 -64.2677 -5.64039 0.5
2 664.087 105.3 11.3844 0.5
2 627.962 20.0449 7.62565 0.5
2 599.878 -23.024 13.0797 0.5
2 535.618 -141.982 0.151249 0.5
2 585.201 -46.255 -14.0872 0.5
2 636.436 46.1893 14.9297 0.5
2 576.541 -51.3273 14.2196 0.5
2 633.772 57.7874 2.65877 0.5
2 607.909 -16.6413 1.96687 0.5
2 570.986 -51.6606 -5.2182 0.5
2 569.828 -70.1078 -14.8104 0.5
2 540.47 -122.448 14.4924 0.5
2 537.105 -111.32 -7.32858 0.5
2 617.171 0.274355 5.3935 0.5
2 614.44 15.841 13.6125 0.5
2 570.253 -51.9929 0.029929 0.5
2 532.474 -117.498 1.43522 0.5
2 640.339 54.0976 14.997 0.5
2 576.654 -66.9426 -10.1591 0.5
2 629.709 27.8649 -12.6101 0.5
2 659.823 79.3862 12.1768 0.5
2 519.491 -140.817 -5.12045 0.5
2 638.571 63.7987 8.34933 0.5
2 615.618 24.723 -7.23188 0.5
2 575.556 -45.0156 7.83105 0.5
2 660.838 104.11 4.81672 0.5
2 568.186 -83.4209 7.74221 0.5
2 663.049 79.7917 5.53338 0.5
2 651.256 87.4676 -4.94863 0.5
2 574.199 -74.8135 -3.19725 0.5
2 564.144 -91.2904 -6.07417 0.5
2 621.579 32.854 10.2543 0.5
2 522.529 -162.258 8.13322 0.5
2 518.907 -170.76 2.23293 0.5
2 626.955 26.5788 -14.2647 0.5
2 665.441 83.5859 -4.55636 0.5
2 639.554 64.535 9.63524 0.5
2 612.952 10.0845 14.6717 0.5
2 533.981 -131.653 -14.8874 0.5
2 565.195 -88.8274 -7.35402 0.5
2 605.471 -4.70221 14.9443 0.5
2 568.699 -55.7945 -5.66307 0.5
2 593.045 -13.3954 5.0602 0.5
2 575.071 -61.6212 14.7026 0.5
2 590.71 -16.6966 -2.01444 0.5
2 629.257 43.3142 -12.6185 0.5
2 511.756 -183.25 -1.37106 0.5
2 526.632 -143.157 -14.9876 0.5
2 547.341 -92.2438 -4.08194 0.5
2 642.53 55.2807 14.7144 0.5
2 560.764 -94.2826 10.3536 0.5
2 574.445 -65.0551 14.0242 0.5
2 601.102 -24.2941 -10.4797 0.5
2 549.135 -91.7237 -9.20073 0.5
2 618.423 4.31596 -8.8322 0.5
2 656.774 94.8857 -8.97181 0.5
2 632.668 34.4432 -13.4358 0.5
2 536.095 -117.539 12.2772 0.5
2 527.197 -133.962 -12.9277 0.5
2 622.557 15.6543 12.7228 0.5
2 614.428 3.12539 13.569 0.5
2 578.574 -66.229 6.22208 0.5
2 510.074 -184.421 7.13553 0.5
2 601.356 -1.50455 -9.4884 0.5
2 582.145 -32.5216 5.70126 0.5
2 636.606 59.6986 -9.30566 0.5
2 649.094 82.6901 7.25699 0.5
2 610.713 0.413055 14.7599 0.5
2 585.548 -31.3046 11.8494 0.5
2 512.214 -182.39 1.96787 0.5
2 656.652 97.3491 3.00924 0.5
2 561.041 -89.7379 -13.3761 0.5
2 660.054 92.5884 -14.4452 0.5
2 554.789 -83.5883 11.0076 0.5
2 569.868 -82.3531 3.01736 0.5
2 509.845 -172.801 -14.9537 0.5
2 599.981 -14.4731 -14.9646 0.5
2 520.209 -144.953 12.2052 0.5
2 530.333 -150.662 3.74269 0.5
2 553.161 -111.173 3.54339 0.5
2 556.833 -102.507 8.62773 0.5
2 540.952 -132.661 -1.57165 0.5
2 632.406 46.8935 13.643 0.5
2 566.122 -60.1848 -5.47685 0.5
2 559.456 -86.7098 -14.9656 0.5
2 577.056 -61.9262 13.4129 0.5
2 604.581 -4.2568 -14.6374 0.5
2 644.615 53.2795 12.3417 0.5
2 591.916 -37.9211 -12.3942 0.5
2 617.688 0.474049 3.01916 0.5
2 588.822 -47.9621 -7.2496 0.5
2 598.487 -3.50133 -3.48373 0.5
2 666.097 85.9489 7.36987 0.5
2 562.109 -68.5048 8.14708 0.5
2 663.848 109.308 -4.86376 0.5
2 564.792 -65.2553 -9.98179 0.5
2 521.031 -138.165 5.16436 0.5
2 652.641 73.8914 -14.8897 0.5
2 593.118 -33.6382 -13.6364 0.5
2 523.046 -136.324 8.38871 0.5
2 664.402 104.652 12.3072 0.5
2 512.926 -154.082 8.71999 0.5
2 514.864 -158.054 14.1851 0.5
2 558.977 -89.1844 14.7623 0.5
2 636.564 62.7784 -1.56599 0.5
2 650.216 83.6879 8.75232 0.5
2 500.846 -186.272 -14.9707 0.5
2 588.267 -20.8703 1.53532 0.5
2 509.5 -158.904 6.90292 0.5
2 594.847 -26.8591 14.7964 0.5
2 502.944 -192.907 -11.7447 0.5
2 613.358 -0.895344 12.3167 0.5
2 603.552 -12.6001 -14.6363 0.5
2 552.314 -104.785 13.4099 0.5
2 585.915 -35.2211 -14.2626 0.5
2 634.437 33.1108 10.1272 0.5
2 606.271 4.51496 11.9066 0.5
2 649.701 59.8545 10.4509 0.5
2 549.165 -114.537 10.178 0.5
2 540.941 -103.419 -4.38406 0.5
2 643.076 70.6171 9.65777 0.5
2 549.54 -109.447 13.4812 0.5
2 590.907 -44.7818 6.40795 0.5
2 618.94 26.6673 -11.7441 0.5
2 508.372 -161.326 7.74133 0.5
2 584.127 -28.4218 -3.67893 0.5
2 642.517 61.8513 14.5418 0.5
2 623.504 18.1539 -13.2202 0.5
2 550.851 -102.568 -14.87 0.5
2 562.16 -93.6366 -8.09984 0.5
2 562.82 -66.6327 -7.05814 0.5
2 593.814 -39.7072 6.49127 0.5
2 542.263 -124.451 -12.0171 0.5
2 571.148 -50.4866 1.1426 0.5
2 501.156 -189.677 -14.6962 0.5
2 541.278 -106.143 10.1586 0.5
2 612.42 -1.46527 -12.9864 0.5
2 658.631 85.3597 -14.9826 0.5
2 509.536 -168.159 -14.457 0.5
2 547.304 -97.5834 -11.8797 0.5
2 554.553 -81.3176 -7.70592 0.5
2 660.087 91.2562 14.7636 0.5
2 617.976 25.2344 -11.5517 0.5
2 662.875 106.446 7.4591 0.5
3 868.826 114.586 -3.49789 0.5
3 878.226 85.3806 -3.35752 0.5
3 841.716 113.973 -5.45461 0.5
3 692.461 88.1872 9.24436 0.5
3 880.858 85.1715 -2.26209 0.5
3 998.996 112.179 -8.75693 0.5
3 879.348 89.8647 -11.0578 0.5
3 682.796 109.072 11.9454 0.5
3 838.257 113.623 6.27887 0.5
3 728.121 109.134 -11.8979 0.5
3 801.038 93.1847 -13.3623 0.5
3 956.47 91.8098 -12.5666 0.5
3 923.514 88.6294 -9.78317 0.5
3 795.613 109.737 -11.4097 0.5
3 760.43 112.351 8.51173 0.5
3 806.353 90.653 11.7318 0.5
3 901.657 85.0323 -0.983094 0.5
3 761.263 106.966 13.2843 0.5
3 801.027 114.028 -5.31177 0.5
3 931.854 110.086 -11.1031 0.5
3 920.781 88.753 -9.92499 0.5
3 897.454 111.077 -10.114 0.5
3 820.897 85.8852 5.07679 0.5
3 918.987 113.492 6.55565 0.5
3 874.379 99.923 14.9998 0.5
3 666.907 105.469 -13.9674 0.5
3 877.03 100.244 -14.998 0.5
3 716.715 103.715 -14.5326 0.5
3 866.172 86.9945 -7.47381 0.5
3 731.617 104.659 14.2581 0.5
3 984.753 103.882 -14.489 0.5
3 780.566 111.203 9.97412 0.5
3 863.29 100.216 -14.9985 0.5
3 672.233 86.1384 5.73193 0.5
3 987.175 114.451 4.01956 0.5
3 733.509 103.265 -14.6403 0.5
3 920.644 106.093 13.7066 0.5
3 866.939 85.3 2.98487 0.5
3 872.467 111.372 9.78157 0.5
3 838.307 93.1495 -13.3443 0.5
3 964.027 96.5166 -14.5899 0.5
3 731.817 96.2693 -14.5287 0.5
3 936.298 109.182 -11.861 0.5
3 899.392 85.6667 4.4222 0.5
3 799.955 93.0898 13.3135 0.5
3 839.388 89.1944 -10.4038 0.5
3 894.528 90.4415 -11.5601 0.5
3 803.233 113.056 7.38449 0.5
3 701.466 91.0951 12.0707 0.5
3 937.534 110.832 10.3761 0.5
3 719.248 85.2494 -2.72371 0.5
3 795.194 105.769 -13.8463 0.5
3 748.788 103.035 -14.6898 0.5
3 843.826 114.329 4.43527 0.5
3 910.942 112.07 8.90578 0.5
3 760.537 85.2639 -2.8015 0.5
3 740.967 86.252 5.99943 0.5
3 856.064 113.472 6.59555 0.5
3 704.345 91.8181 12.572 0.5
3 795.384 114.498 3.84647 0.5
3 834.299 111.072 10.1195 0.5
3 765.35 114.895 -1.77195 0.5
3 870.477 88.3004 9.38725 0.5
3 707.05 114.873 -1.94483 0.5
3 730.544 110.018 -11.1642 0.5
3 992.134 112.48 8.32212 0.5
3 983.757 97.8591 -14.8464 0.5
3 926.535 85.0287 0.926732 0.5
3 928.028 86.777 7.08189 0.5
3 888.184 103.07 -14.6824 0.5
3 927.712 87.7502 -8.65688 0.5
3 964.779 92.567 -13.0288 0.5
3 902.01 87.6958 8.57946 0.5
3 872.451 89.4069 10.6201 0.5
3 847.526 90.7662 -11.821 0.5
3 877.536 87.9319 8.90851 0.5
3 987.963 114.997 0.287495 0.5
3 813.083 86.2975 -6.10268 0.5
3 818.104 110.353 10.854 0.5
3 806.572 114.59 -3.48219 0.5
3 686.939 113.749 -5.99703 0.5
3 889.436 97.2151 -14.7392 0.5
3 983.823 110.659 10.5542 0.5
3 817.898 108.066 12.647 0.5
3 733.922 95.0697 -14.1666 0.5
3 860.247 89.4245 -10.6376 0.5
3 855.067 114.381 -4.26421 0.5
3 876.536 111.209 -9.96784 0.5
3 751.289 87.0532 -7.57504 0.5
3 713.82 90.0993 11.2684 0.5
3 912.225 109.126 -11.9046 0.5
3 756.041 97.2875 14.7527 0.5
3 846.168 114.526 -3.7396 0.5
3 754.154 85.5782 4.12468 0.5
3 750.357 98.9422 14.9627 0.5
3 761.287 97.2873 -14.7527 0.5
3 949.845 114.869 -1.98099 0.5
3 668.797 85.2985 2.97775 0.5
3 679.842 113.127 7.25854 0.5
3 970.539 111.941 9.07861 0.5
3 914.184 109.295 11.7731 0.5
3 820.26 87.7594 -8.66996 0.5
3 838.584 110.559 10.6542 0.5
3 747.78 107.581 -12.9435 0.5
3 796.042 92.6874 -13.0968 0.5
3 714.813 102.703 14.7545 0.5
3 959.165 85.1405 -2.04814 0.5
3 923.82 113.797 -5.88473 0.5
3 913.044 111.163 10.0199 0.5
3 918.314 97.3159 14.7579 0.5
3 745.973 97.5707 14.802 0.5
3 848.302 106.376 -13.5772 0.5
3 882.54 87.453 -8.22031 0.5
3 706.404 92.5857 -13.0395 0.5
3 821.86 112.07 -8.90553 0.5
3 757.062 85.4454 -3.62824 0.5
3 977.05 98.4003 14.9145 0.5
3 822.649 111.334 -9.82559 0.5
3 686.118 85.2634 -2.79845 0.5
3 667.418 100.951 14.9698 0.5
3 926.259 98.9979 14.9665 0.5
3 724.976 85.2293 -2.61302 0.5
3 790.856 95.7836 -14.3952 0.5
3 779.611 87.0722 -7.60745 0.5
3 812.942 114.664 -3.15589 0.5
3 912.467 88.4877 9.61603 0.5
3 799.196 86.2528 -6.00121 0.5
3 726.163 101.723 -14.9007 0.5
3 918.356 89.0459 10.2473 0.5
3 889.922 108.878 -12.0907 0.5
3 949.375 89.9549 -11.1398 0.5
3 695.921 112.825 -7.77987 0.5
3 782.178 86.2981 6.10392 0.5
3 942.411 85.0164 0.701991 0.5
3 965.995 86.1666 5.79981 0.5
3 845.179 94.6856 14.027 0.5
3 667.059 114.378 4.27626 0.5
3 951.69 94.4868 13.9501 0.5
3 758.454 91.283 12.2071 0.5
3 909.61 109.597 11.5282 0.5
3 819.055 105.726 -13.8641 0.5
3 800.597 95.7112 -14.3738 0.5
3 985.904 112.747 7.90697 0.5
3 870.25 113.753 5.9884 0.5
3 803.126 85.0608 -1.34881 0.5
3 705.74 85 0.0216058 0.5
3 779.669 90.1377 -11.302 0.5
3 845.793 96.9254 -14.6815 0.5
3 913.806 85.0252 -0.868264 0.5
3 692.1 110.022 11.1608 0.5
3 764.504 102.157 -14.8441 0.5
3 740.928 114.832 2.23649 0.5
3 902.026 87.1414 -7.72375 0.5
3 859.475 96.2808 -14.5316 0.5
3 825.177 98.8311 14.9544 0.5
3 864.734 113.164 7.19117 0.5
3 975.966 114.559 -3.60969 0.5
3 896.405 93.6127 13.5721 0.5
3 953.319 107.479 13.0024 0.5
3 678.342 85.5292 -3.94934 0.5
3 974.591 93.9894 -13.7431 0.5
3 888.147 98.4173 14.9163 0.5
3 782.859 113.975 5.45017 0.5
3 967.166 86.1515 5.76369 0.5
3 759.436 98.7963 14.9516 0.5
3 978.377 104.095 14.4302 0.5
3 916.362 85.0903 -1.64336 0.5
3 847.292 114.99 0.552097 0.5
3 977.371 91.1054 12.0783 0.5
3 843.212 85.0024 -0.270502 0.5
3 987.402 89.6614 10.868 0.5
3 973.542 85.8456 4.96517 0.5
3 686.305 103.625 14.5553 0.5
3 751.658 107.135 -13.1944 0.5
3 736.235 114.599 3.44652 0.5
3 861.143 88.9819 -10.1784 0.5
3 960.269 87.7783 -8.69651 0.5
3 798.81 86.7739 7.07598 0.5
3 722.519 114.886 -1.84624 0.5
3 808.713 91.2534 12.1859 0.5
3 897.642 102.807 14.7351 0.5
3 782.472 114.997 -0.323559 0.5
3 892.76 85.2107 2.5056 0.5
3 789.112 86.4252 -6.3817 0.5
3 980.046 108.178 -12.5747 0.5
3 761.984 114.827 2.26869 0.5
3 768.284 110.41 10.7993 0.5
3 776.122 85.8002 -4.83372 0.5
3 768.886 109.093 -11.9293 0.5
3 953.454 96.6075 14.6113 0.5
3 703.381 95.28 14.238 0.5
3 796.574 113.897 5.64495 0.5
3 745.049 100.345 -14.996 0.5
3 688.227 104.523 -14.3019 0.5
3 935.204 85.1613 -2.194 0.5
3 790.149 106.033 13.7335 0.5
3 749.965 93.1998 13.37 0.5
3 828.154 100.467 -14.9927 0.5
3 775.068 103.677 -14.5423 0.5
3 917.39 94.444 13.9331 0.5
3 833.716 95.5833 14.335 0.5
3 776.362 101.693 14.9042 0.5
3 728.994 111.579 -9.5351 0.5
3 751.332 88.4101 9.52233 0.5
3 792.248 85.5713 -4.1004 0.5
3 774.549 92.049 12.7194 0.5
3 779.454 94.6625 14.0182 0.5
3 888.302 86.6837 6.90479 0.5
3 850.406 99.1384 -14.9752 0.5
3 859.384 95.7595 14.3881 0.5
3 941.195 87.0939 7.64415 0.5
3 824.342 90.3631 -11.4948 0.5
3 815.07 101.399 14.9346 0.5
3 959.1 87.07 7.60358 0.5
3 716.34 105.067 -14.1184 0.5
3 971.568 99.2837 14.9829 0.5
3 838.212 94.613 13.9993 0.5
3 876.093 87.078 -7.61728 0.5
3 775.581 96.4217 14.5669 0.5
3 870.461 112.321 -8.5548 0.5
3 885.86 87.7897 8.71258 0.5
3 758.026 114.992 -0.478887 0.5
3 764.658 91.654 -12.4637 0.5
3 911.768 111.493 -9.63956 0.5
3 844.657 85.2383 2.66334 0.5
3 954.085 89.6655 -10.8719 0.5
3 770.089 109.557 -11.5611 0.5
3 923.361 111.811 -9.24631 0.5
3 914.167 87.4109 8.1556 0.5
3 718.156 114.609 3.4021 0.5
3 738.593 88.553 -9.69358 0.5
3 706.03 99.9779 15 0.5
3 968.236 105.348 -14.0142 0.5
3 873.544 114.996 0.348665 0.5
3 686.437 100.36 14.9957 0.5
3 712.309 114.712 -2.92279 0.5
3 699.187 90.6503 11.7296 0.5
3 866.215 90.5226 -11.6266 0.5
3 775.097 113.103 7.30169 0.5
3 692.442 88.8211 -10.0016 0.5
3 764.447 92.6097 13.0531 0.5
3 979.65 90.6927 -11.7633 0.5
3 699.756 113.247 7.03656 0.5
3 670.785 114.885 -1.85404 0.5
3 702.653 114.054 5.24323 0.5
3 987.93 87.4461 -8.20974 0.5
3 809.484 86.0498 -5.51295 0.5
3 804.665 85.0182 -0.738258 0.5
3 773.034 101.763 14.8961 0.5
3 794.307 106.771 -13.3849 0.5
3 931.342 87.9468 -8.92867 0.5
3 855.609 114.625 -3.33113 0.5
3 763.235 107.73 -12.8546 0.5
3 903.783 113.774 -5.94031 0.5
3 855.941 109.011 11.9917 0.5
3 817.603 106.078 -13.7132 0.5
3 699.682 109.411 -11.6805 0.5
3 774.171 85.005 -0.386535 0.5
3 907.109 88.3136 9.4036 0.5
3 886.138 106.123 13.6933 0.5
3 692.212 95.8664 -14.4192 0.5
3 827.47 110.609 10.6038 0.5
3 763.004 112.884 7.68129 0.5
3 927.08 113.265 -7.00347 0.5
3 959.281 108.138 12.6003 0.5
3 741.122 103.552 14.5734 0.5
3 723.352 112.715 7.95815 0.5
3 883.742 112.248 8.65956 0.5
3 967.763 114.996 -0.349556 0.5
3 798.08 96.2186 14.5156 0.5
3 977.523 105.745 13.8562 0.5
3 843.611 99.2772 14.9826 0.5
3 677.266 98.8925 -14.9591 0.5
3 854.224 108.606 -12.2855 0.5
3 830.131 91.6911 12.4885 0.5
3 674.037 92.0053 12.6919 0.5
3 923.522 90.8921 11.9183 0.5
3 739.707 114.704 -2.96546 0.5
3 969.863 96.5709 14.6028 0.5
3 774.7 93.7361 13.6295 0.5
3 807.609 113.061 7.37591 0.5
3 854.503 108.832 12.1243 0.5
3 933 88.1529 -9.20033 0.5
3 866.629 104.434 14.3296 0.5
3 892.942 114.975 0.861312 0.5
3 851.68 106.323 13.6021 0.5
3 736.886 85.2593 -2.7768 0.5
3 866.541 93.7535 -13.6375 0.5
3 949.219 85.3936 3.41352 0.5
3 910.191 111.259 9.91086 0.5
3 932.504 89.1375 10.3443 0.5
3 831.46 112.95 -7.56881 0.5
3 684.321 101.17 -14.9543 0.5
3 799.764 90.6607 11.7379 0.5
3 979.061 91.6393 -12.4538 0.5
3 910.124 89.8067 11.0043 0.5
3 704.781 86.1599 5.78374 0.5
3 843.316 114.992 -0.478629 0.5
3 969.608 85.0164 -0.700982 0.5
3 840.078 106.775 13.3827 0.5
3 813.003 88.3583 9.4589 0.5
3 857.016 99.9027 -14.9997 0.5
3 972.074 105.02 14.1349 0.5
3 669.856 86.8183 -7.15832 0.5
3 800.416 104.219 14.3946 0.5
3 924.012 114.488 3.88646 0.5
3 953.08 87.829 -8.76737 0.5
3 840.932 111.161 10.0213 0.5
3 941.084 95.9727 -14.4492 0.5
3 916.098 114.944 -1.29609 0.5
3 736.018 96.3273 14.5434 0.5
3 836.55 100.216 14.9984 0.5
3 818.631 85.7365 -4.64254 0.5
3 717.701 111.981 -9.02469 0.5
3 764.366 109.048 -11.964 0.5
3 851.109 114.998 0.244143 0.5
3 882.084 110.798 -10.4117 0.5
3 954.575 85.3818 -3.36292 0.5
3 885.129 114.991 0.507438 0.5
3 928.612 110.971 10.2289 0.5
3 762.797 88.7895 9.9662 0.5
3 849.566 87.2657 -7.92708 0.5
3 752.224 97.7365 -14.8282 0.5
3 771.677 98.5141 14.9262 0.5
3 884.642 113.322 6.89359 0.5
3 958.367 87.9351 -8.91278 0.5
3 999.809 114.911 -1.63247 0.5
3 929.415 110.643 -10.5706 0.5
3 823.178 112.046 8.9386 0.5
3 803.246 88.6856 9.84809 0.5
3 894.235 105.861 13.8075 0.5
3 943.156 108.319 12.482 0.5
3 741.826 114.734 -2.81263 0.5
3 916.481 91.4154 -12.3006 0.5
3 888.293 92.6421 13.0714 0.5
3 801.55 107.086 13.2209 0.5
3 708.681 112.364 8.49364 0.5
3 973.8 100.549 14.9899 0.5
3 699.097 98.2027 14.8919 0.5
3 720.106 97.1912 -14.7347 0.5
3 903.174 114.22 4.77436 0.5
3 792.978 103.139 -14.668 0.5
3 861.118 114.276 4.60376 0.5
3 927.932 95.3108 14.2482 0.5
3 825.734 114.946 -1.27701 0.5
3 810.585 96.4153 -14.5654 0.5
3 911.017 114.815 -2.35048 0.5
3 998.993 105.619 13.908 0.5
3 938.182 103.341 -14.6231 0.5
3 923.292 108.178 12.5748 0.5
3 785.339 112.997 -7.48777 0.5
3 855.515 114.851 -2.10597 0.5
3 932.409 101.604 14.914 0.5
3 871.535 105.739 -13.8587 0.5
3 756.349 85.6927 4.50559 0.5
3 761.123 103.247 14.6444 0.5
3 691.898 104.316 -14.3655 0.5
3 989.175 85.0008 0.158255 0.5
3 883.984 88.0569 9.07535 0.5
3 998.613 114.766 -2.63936 0.5
3 993.622 109.944 11.2298 0.5
3 682.133 89.6244 10.8327 0.5
3 947.049 104.781 -14.2176 0.5
3 782.032 113.299 6.93872 0.5
3 821.516 92.8734 -13.1989 0.5
3 853.19 99.0666 -14.9709 0.5
3 866.997 113.812 -5.85116 0.5
3 973.119 114.989 0.582961 0.5
3 879.356 106.539 13.4997 0.5
3 674.189 89.5754 10.7855 0.5
3 800.547 98.6793 14.9417 0.5
3 801.647 110.101 -11.0896 0.5
3 683.632 113.112 -7.28444 0.5
3 719.374 98.6701 -14.9409 0.5
3 736.113 113.053 7.39014 0.5
3 810.475 114.93 -1.44748 0.5
3 740.008 113.875 -5.69874 0.5
3 754.517 106.653 -13.4437 0.5
3 719.99 109.305 11.7653 0.5
3 850.632 101.447 14.93 0.5
3 730.345 94.5437 -13.9724 0.5
3 942.061 85.191 2.3862 0.5
3 784.986 93.1511 -13.3452 0.5
3 837.526 86.8768 7.26505 0.5
3 831.004 88.0158 -9.02108 0.5
3 808.486 114.603 -3.42694 0.5
3 955.237 85.7871 4.79521 0.5
3 998.967 88.0623 -9.08243 0.5
3 679.135 85.3248 3.1048 0.5
3 764.176 114.06 -5.2259 0.5
3 827.876 88.2957 9.3813 0.5
3 788.944 91.6147 -12.4373 0.5
3 801.491 114.978 -0.818146 0.5
3 781.998 85.6295 4.30001 0.5
3 854.336 91.8697 12.6055 0.5
3 772.468 111.8 9.26016 0.5
3 769.068 114.26 -4.65253 0.5
3 818.331 90.0496 -11.2245 0.5
3 768.349 98.7316 -14.9463 0.5
3 924.988 105.686 13.8807 0.5
3 821.671 110.892 10.313 0.5
3 996.956 90.2284 -11.3805 0.5
3 803.96 88.6981 -9.86239 0.5
3 938.247 93.8776 13.6937 0.5
3 669.237 85.1261 -1.9407 0.5
3 975.564 88.829 10.0104 0.5
3 805.878 86.6143 6.76935 0.5
3 824.895 89.1916 -10.4009 0.5
3 837.122 106.44 -13.547 0.5
3 745.651 104.878 14.1848 0.5
3 815.259 105.848 13.8132 0.5
3 829.619 101.352 -14.9389 0.5
3 667.019 108.926 12.055 0.5
3 867.066 101.879 -14.8819 0.5
3 945.795 102.765 14.743 0.5
3 918.543 113.912 -5.60788 0.5
3 752.406 95.5038 -14.3103 0.5
3 729.719 86.6325 6.80508 0.5
3 919.04 86.7859 7.09842 0.5
3 978.683 108.279 -12.5084 0.5
3 972.09 114.115 5.07536 0.5
3 861.872 110.602 10.611 0.5
3 712.407 85.871 5.03711 0.5
3 857.596 85.1153 1.85613 0.5
3 976.111 111.912 -9.11633 0.5
3 982.269 86.0074 -5.40424 0.5
3 920.254 107.925 -12.7353 0.5
3 994.395 85.4126 3.49402 0.5
3 992.361 112.809 -7.80617 0.5
3 962.06 91.7615 12.5351 0.5
3 803.907 91.8764 -12.6098 0.5
3 746.102 114.843 -2.16494 0.5
3 936.971 95.7707 -14.3914 0.5
3 844.275 92.946 -13.2378 0.5
3 837.95 96.3648 -14.5529 0.5
3 896.79 99.5778 14.9941 0.5
3 937.22 100.079 14.9998 0.5
3 865.283 103.847 14.4982 0.5
3 937.866 103.539 14.5766 0.5
3 701.271 111.83 -9.22289 0.5
3 735.702 114.07 -5.19949 0.5
3 947.226 86.1152 5.6756 0.5
3 985.103 85.3943 3.4165 0.5
3 755.877 112.696 -7.9888 0.5
3 846.216 85.1234 -1.92026 0.5
3 671.671 85.0002 -0.0794185 0.5
3 723.488 93.2003 13.3702 0.5
3 706.485 113.883 -5.67898 0.5
3 772.893 98.1272 14.8826 0.5
3 940.905 114.952 -1.19319 0.5
3 762.962 108.981 -12.0139 0.5
3 917.549 107.928 -12.7336 0.5
3 962.67 112.018 8.97529 0.5
3 929.047 113.423 6.69414 0.5
3 856.585 107.699 -12.8737 0.5
3 804.369 110.647 10.5662 0.5
3 845.396 88.048 9.06368 0.5
3 702.502 103.183 14.6583 0.5
3 753.932 105.39 13.9981 0.5
3 673.337 114.039 -5.2838 0.5
3 976.61 98.7481 -14.9477 0.5
3 896.288 102.272 -14.8269 0.5
3 847.751 93.2328 13.3867 0.5
3 749.344 93.6561 -13.5925 0.5
3 708.812 87.5684 8.3938 0.5
3 794.529 114.85 2.1152 0.5
3 795.709 85.5905 -4.1673 0.5
3 876.354 85.479 3.76035 0.5
3 920.134 113.684 -6.14421 0.5
3 729.026 112.936 7.59405 0.5
3 988.445 91.1325 12.0982 0.5
3 982.133 102.47 -14.7953 0.5
3 865.656 112.929 -7.60582 0.5
3 920.016 85.1068 -1.78696 0.5
3 690.21 85.1998 -2.44019 0.5
3 728.81 113.638 6.24594 0.5
3 856.051 90.3104 -11.4504 0.5
3 944.528 107.772 12.8298 0.5
3 791.645 98.3696 -14.9111 0.5
3 734.499 113.286 -6.9638 0.5
3 744.03 85.7165 4.5806 0.5
3 724.824 111.229 -9.94508 0.5
3 680.781 86.0763 5.57939 0.5
3 992.751 85.0106 0.563635 0.5
3 793.835 85.0499 1.22296 0.5
3 913.191 113.1 -7.30625 0.5
3 724.588 113.444 -6.65223 0.5
3 988.763 107.65 12.9026 0.5
3 872.077 96.2523 14.5243 0.5
3 739.011 85.0937 -1.67436 0.5
3 835.406 113.82 5.83178 0.5
3 716.665 100.645 -14.9861 0.5
3 733.738 96.7309 14.6394 0.5
3 903.951 98.492 14.924 0.5
3 969.378 103.981 14.4621 0.5
3 674.82 105.087 -14.1109 0.5
3 983.203 88.8276 10.0088 0.5
3 705.952 110.442 -10.7685 0.5
3 951.621 103.688 14.5394 0.5
3 766.683 109.071 -11.9467 0.5
3 678.891 91.0115 12.0086 0.5
3 672.923 110.661 10.5515 0.5
3 811.391 85.0926 1.66403 0.5
3 683.568 113.604 6.31805 0.5
3 892.489 89.9117 -11.1007 0.5
3 893.474 114.788 -2.51381 0.5
3 921.092 114.679 -3.0864 0.5
3 775.59 86.7509 7.03288 0.5
3 837.524 91.698 -12.4931 0.5
3 976.603 109.543 11.5729 0.5
3 724.394 102.905 -14.7161 0.5
3 936.39 114.904 1.69093 0.5
3 864.633 96.7765 14.6495 0.5
3 835.54 96.5695 14.6025 0.5
3 753.279 90.7251 11.7889 0.5
3 925.229 85.0654 -1.39942 0.5
3 968.654 113.123 -7.26575 0.5
3 799.495 91.4684 -12.3374 0.5
3 702.134 108.54 -12.3315 0.5
3 919.234 88.786 -9.96223 0.5
3 927.081 101.222 14.9501 0.5
3 935.612 105.244 -14.0533 0.5
3 725.451 90.9884 11.9913 0.5
3 738.623 98.6615 -14.9402 0.5
3 822.47 108.475 -12.3762 0.5
3 666.983 114.996 0.361499 0.5
3 710.026 85.083 -1.57588 0.5
3 717.652 111.502 9.62847 0.5
3 668.101 110.128 -11.0647 0.5
3 926.29 90.1361 11.3006 0.5
3 892.448 104.171 -14.4086 0.5
3 754.232 114.196 -4.84591 0.5
3 808.405 89.9442 -11.1302 0.5
3 954.097 106.072 -13.7159 0.5
3 790.777 104.186 14.4041 0.5
3 724.338 86.2071 5.8955 0.5
3 797.345 86.9808 7.44978 0.5
3 774.853 98.4802 -14.9228 0.5
3 999.96 111.999 -9.00067 0.5
3 705.11 94.8513 14.0887 0.5
3 956.729 114.983 0.703994 0.5
3 969.203 114.138 -5.01071 0.5
3 831.709 91.7698 12.5405 0.5
3 959.305 97.0518 14.7074 0.5
3 948.429 90.5343 -11.6362 0.5
3 798.219 113.935 5.55161 0.5
3 791.301 106.96 13.2875 0.5
3 669.316 101.41 14.9336 0.5
3 755.378 86.7627 7.05506 0.5
3 889.815 85.0501 1.22533 0.5
3 875.153 113.723 -6.05597 0.5
3 693.266 93.0219 -13.278 0.5
3 750.396 89.6385 10.8461 0.5
3 996.286 87.6488 -8.51157 0.5
3 810.449 87.5936 -8.43102 0.5
3 856.27 89.4188 -10.632 0.5
3 933.557 113.427 6.68618 0.5
3 826.381 95.232 14.222 0.5
3 685.269 113.644 -6.2333 0.5
3 898.034 113.863 5.72944 0.5
3 939.179 102.051 14.8591 0.5
3 999.683 85.0515 -1.24204 0.5
3 856.396 97.9708 -14.8621 0.5
3 815.402 89.5559 10.7667 0.5
3 995.136 94.7379 -14.0467 0.5
3 946.891 101.561 14.9186 0.5
3 814.585 112.16 8.78293 0.5
3 674.896 92.4693 12.9726 0.5
3 942.298 85.1467 -2.09293 0.5
3 771.117 95.379 14.2705 0.5
3 924.826 111.208 9.9689 0.5
3 954.412 114.418 4.13935 0.5
3 842.183 97.9663 14.8615 0.5
3 902.651 85 0.0146103 0.5
3 695.464 113.641 6.23965 0.5
3 831.509 86.0657 -5.55304 0.5
3 849.766 87.5877 8.42224 0.5
3 888.916 91.8558 12.5965 0.5
3 799.394 113.405 -6.73171 0.5
3 980.254 105.042 14.127 0.5
3 976.434 97.3546 -14.7649 0.5
3 707.368 103.111 -14.6739 0.5
3 809.548 95.6373 -14.3515 0.5
3 966.875 102.061 14.8577 0.5
3 900.635 97.8492 -14.845 0.5
3 926.8 94.5306 -13.9673 0.5
3 862.461 91.8614 -12.6001 0.5
3 969.387 85.8396 -4.94798 0.5
3 728.361 89.6755 -10.8814 0.5
