0 222.407 101.409 -14.9337 0.5
0 58.3186 101.418 14.9328 0.5
0 129.964 109.726 -11.4195 0.5
0 253.849 88.6847 9.84705 0.5
0 333.29 95.8299 14.4087 0.5
0 189.148 107.305 13.1009 0.5
0 138.849 114.501 3.83564 0.5
0 322.68 85.9147 -5.15793 0.5
0 92.0513 85.9297 5.1986 0.5
0 31.4262 86.7685 7.06595 0.5
0 7.25754 110.242 10.9593 0.5
0 197.274 94.7776 14.0615 0.5
0 133.916 103.043 14.688 0.5
0 212.068 87.5357 8.34518 0.5
0 213.848 98.0905 14.878 0.5
0 228.057 95.7924 14.3978 0.5
0 188.063 88.7613 -9.93432 0.5
0 122.762 86.9042 7.31432 0.5
0 1.1807 85.0023 0.264368 0.5
0 128.935 92.6868 13.0965 0.5
0 167.736 91.073 12.0544 0.5
0 6.42963 113.572 -6.38669 0.5
0 121.521 100.352 -14.9959 0.5
0 47.0078 114.751 -2.7218 0.5
0 325.691 91.9618 12.6644 0.5
0 11.1862 89.9413 11.1276 0.5
0 245.983 106.689 13.4259 0.5
0 252.182 91.8422 12.5877 0.5
0 310.699 102.637 -14.7664 0.5
0 192.527 106.858 -13.3405 0.5
0 251.348 94.5793 13.9863 0.5
0 292.826 114.351 4.36307 0.5
0 273.896 85.9985 5.38132 0.5
0 74.6396 100.492 -14.9919 0.5
0 178.955 95.4269 14.2859 0.5
0 221.399 91.8162 -12.5708 0.5
0 3.02206 91.8641 -12.6019 0.5
0 188.274 107.149 -13.1871 0.5
0 22.1697 113.322 6.89321 0.5
0 271.888 97.1284 14.7226 0.5
0 298.503 92.3146 -12.8815 0.5
0 229.662 93.9795 13.7388 0.5
0 293.041 85.397 3.42815 0.5
0 15.2214 89.4703 10.6829 0.5
0 270.71 112.423 8.40614 0.5
0 33.5025 87.054 -7.57638 0.5
0 152.551 87.4769 -8.25666 0.5
0 226.649 86.1688 5.8051 0.5
0 183.115 85.9048 5.13077 0.5
0 61.5044 94.9915 14.1391 0.5
0 97.5946 107.375 -13.0615 0.5
0 313.165 91.9722 12.671 0.5
0 247.509 108.523 -12.3431 0.5
0 61.3182 97.9653 -14.8614 0.5
0 29.8393 114.601 -3.43611 0.5
0 309.242 114.999 -0.157918 0.5
0 212.502 87.2082 -7.83382 0.5
0 29.3171 94.8208 14.0775 0.5
0 231.505 107.465 13.0104 0.5
0 44.1151 85.4728 -3.73652 0.5
0 19.2122 114.557 -3.6167 0.5
0 272.526 113.808 5.86105 0.5
0 78.9798 111.939 -9.0812 0.5
0 94.8458 112.788 7.83999 0.5
0 1.59751 112.007 8.99066 0.5
0 116.147 87.8273 -8.76506 0.5
0 219.089 90.1619 -11.323 0.5
0 326.985 87.3928 8.12767 0.5
0 242.208 101.006 14.9663 0.5
0 79.3906 93.031 -13.2828 0.5
0 257.932 96.2789 14.5311 0.5
0 49.3068 105.939 13.7742 0.5
0 214.568 95.7528 14.3862 0.5
0 122.715 92.4673 12.9714 0.5
0 113.759 114.748 2.73603 0.5
0 242.324 98.8368 14.9548 0.5
0 269.687 110.065 11.1222 0.5
0 187.491 85.7898 -4.80312 0.5
0 19.5013 109.878 11.2882 0.5
0 286.952 89.4914 -10.7037 0.5
0 37.3601 85.5993 4.19775 0.5
0 283.984 103.26 14.6414 0.5
0 289.082 114.909 -1.64733 0.5
0 237.577 110.784 -10.4258 0.5
0 286.249 85.0039 0.342689 0.5
0 302.453 86.6135 -6.76763 0.5
0 147.301 92.1153 12.7606 0.5
0 196.257 114.956 -1.1492 0.5
0 12.3911 85.4399 3.6062 0.5
0 88.6868 90.9963 -11.9972 0.5
0 186.271 115 -0.0779339 0.5
0 68.8403 85.2745 2.85632 0.5
0 25.6731 85.1849 2.34812 0.5
0 196.021 114.837 -2.20829 0.5
0 281.05 109.753 11.3965 0.5
0 39.1225 90.4056 -11.5303 0.5
0 185.797 94.1918 13.8299 0.5
0 212.728 89.807 11.0046 0.5
0 262.732 112.917 7.62648 0.5
0 17.6461 106.628 -13.4561 0.5
0 237.494 89.4714 -10.684 0.5
0 306.428 85.7119 -4.56635 0.5
0 14.8062 85.0027 -0.286825 0.5
0 69.7338 110.194 -11.0041 0.5
0 8.43086 87.1293 -7.7035 0.5
0 223.228 109.29 -11.7769 0.5
0 50.333 87.2999 -7.98176 0.5
0 169.899 98.0907 -14.878 0.5
0 132.319 85.5626 4.06974 0.5
0 115.663 86.131 -5.71419 0.5
0 256.399 96.836 14.6625 0.5
0 47.73 101.266 14.9465 0.5
0 328.219 85.3748 -3.33225 0.5
0 111.285 103.931 14.4758 0.5
0 106.253 85.548 4.01752 0.5
0 178.219 97.0802 14.7131 0.5
0 150.699 85.0152 0.675874 0.5
0 279.695 85.3142 3.05397 0.5
0 92.3556 113.33 6.87858 0.5
0 274.72 110.187 11.0099 0.5
0 69.3896 114.182 4.88633 0.5
0 183.29 114.719 -2.88913 0.5
0 281.579 103.328 14.6262 0.5
0 273.631 101.301 14.9435 0.5
0 217.639 101.513 -14.9235 0.5
0 294.15 89.5478 -10.7588 0.5
0 2.20447 100.1 14.9997 0.5
0 103.039 107.448 -13.0203 0.5
0 166.932 94.5043 13.957 0.5
0 227.275 88.665 9.8243 0.5
0 83.8916 110.833 -10.3748 0.5
0 27.0263 102.077 14.8555 0.5
0 57.4834 107.64 12.9085 0.5
0 44.565 104.67 -14.2545 0.5
0 257.79 109.022 -11.9837 0.5
0 291.729 90.569 11.6644 0.5
0 181.714 99.6595 -14.9961 0.5
0 18.1678 98.5279 -14.9276 0.5
0 156.587 99.2686 -14.9822 0.5
0 213.527 85.027 -0.899551 0.5
0 290.9 109.423 -11.6711 0.5
0 4.29317 102.626 -14.7684 0.5
0 21.4489 95.9241 -14.4356 0.5
0 275.821 96.9456 14.6857 0.5
0 18.4564 102.026 -14.8625 0.5
0 173.517 102.076 14.8556 0.5
0 73.4808 114.789 -2.50597 0.5
0 223.087 91.012 12.009 0.5
0 173.684 113.93 -5.56273 0.5
0 122.924 107.793 -12.8166 0.5
0 132.285 101.721 14.9009 0.5
0 251.168 91.5027 12.3611 0.5
0 51.4913 88.6578 -9.81605 0.5
0 314.917 88.5177 -9.65174 0.5
0 9.01386 85.8052 -4.84837 0.5
0 272.481 85.0666 -1.41219 0.5
0 123.883 95.3131 14.249 0.5
0 21.5563 111.296 9.86859 0.5
0 224.166 93.2876 -13.4143 0.5
0 306.193 110.135 11.0586 0.5
0 8.46286 90.8018 11.8487 0.5
0 275.346 99.7387 -14.9977 0.5
0 160.481 107.392 13.0523 0.5
0 89.8862 114.992 0.50255 0.5
0 166.068 114.707 -2.95189 0.5
0 301.002 98.2876 14.9019 0.5
0 69.1264 96.741 14.6417 0.5
0 270.223 85.6179 4.26096 0.5
0 308.021 94.3805 -13.9076 0.5
0 236.666 99.2402 14.9807 0.5
0 109.463 104.373 14.3484 0.5
0 86.0896 85.6668 -4.42264 0.5
0 97.9505 96.435 14.5702 0.5
1 386.393 -3.81749 9.11249 0.5
1 350.583 64.8956 -14.0598 0.5
1 344.009 88.7089 -13.1592 0.5
1 383.774 0.47613 8.78445 0.5
1 388.072 0.0676316 -14.098 0.5
1 340.249 101.664 -6.23401 0.5
1 351.137 83.6638 3.83521 0.5
1 348.946 72.1905 -14.9803 0.5
1 355.791 46.6089 -3.86351 0.5
1 346.486 63.9937 -7.07916 0.5
1 359.068 41.0155 4.16306 0.5
1 381.695 16.5513 14.9967 0.5
1 388.767 18.4668 3.91332 0.5
1 369.62 49.9373 -7.83969 0.5
1 342.558 86.6893 -14.7609 0.5
1 380.67 6.94112 -10.1235 0.5
1 386.579 14.5422 13.3872 0.5
1 369.169 49.2765 9.81119 0.5
1 350.701 57.5439 -8.47822 0.5
1 354.798 55.7148 -13.2098 0.5
1 385.886 -4.06833 -7.40553 0.5
1 362.098 50.8983 14.9827 0.5
1 367.216 33.7331 -12.9432 0.5
1 348.762 83.5349 -10.9433 0.5
1 385.944 20.2117 9.82415 0.5
1 350.671 84.582 3.39294 0.5
1 377.576 37.6068 4.72256 0.5
1 356.245 52.8759 -13.025 0.5
1 362.182 61.5669 9.58974 0.5
1 376.92 13.8323 -10.539 0.5
1 351.969 67.7911 14.9998 0.5
1 373.975 14.8589 -2.73527 0.5
1 361.174 37.1892 -3.48692 0.5
1 386.987 13.7734 -13.4185 0.5
1 385.634 1.11516 -12.4958 0.5
1 353.884 78.6463 -4.70854 0.5
1 336.07 80.3032 1.14426 0.5
1 366.944 27.0587 2.85284 0.5
1 358.114 71.8108 -2.81937 0.5
1 372.84 45.2298 6.20353 0.5
1 361.065 38.7883 -7.1624 0.5
1 352.798 72.7979 -13.5131 0.5
1 374.798 37.1323 12.0365 0.5
1 343.518 94.9028 -8.22562 0.5
1 387.407 6.02623 -14.9967 0.5
1 370.996 48.2218 -6.63085 0.5
1 369.782 38.3528 14.9264 0.5
1 351.736 80.6874 -8.19736 0.5
1 383.991 25.2403 -7.5159 0.5
1 368.266 33.4171 13.7136 0.5
1 335.432 85.0623 -9.86184 0.5
1 384.272 26.7398 0.9786 0.5
1 345.694 81.8536 -14.6408 0.5
1 383.015 15.8476 -14.8793 0.5
1 357.026 71.9417 -7.52176 0.5
1 339.067 77.3585 -7.96555 0.5
1 347.079 71.1516 14.1279 0.5
1 352.853 57.4452 12.1863 0.5
1 339.025 76.26 -5.68472 0.5
1 336.188 80.0552 0.0185975 0.5
1 386.618 7.9881 -14.9974 0.5
1 388.295 -5.85019 -10.5594 0.5
1 347.324 60.7747 0.487086 0.5
1 357.714 65.9735 12.5587 0.5
1 337.938 102.559 -10.6788 0.5
1 361.882 35.8547 2.99649 0.5
1 358.492 71.4222 0.166501 0.5
1 334.936 90.9934 -13.6451 0.5
1 335.696 109.973 -5.21175 0.5
1 336.756 86.7389 13.0855 0.5
1 370.696 49.6707 4.25344 0.5
1 371.593 24.3492 -11.7032 0.5
1 380.534 20.699 -14.798 0.5
1 386.036 -4.67041 6.76697 0.5
1 358.75 46.3283 -11.4847 0.5
1 357.279 54.9955 14.579 0.5
1 352.037 79.6897 -8.88458 0.5
1 364.104 43.6274 14.6813 0.5
1 361.21 41.2785 10.773 0.5
1 377.726 13.1445 -11.2112 0.5
1 376.272 14.7495 10.3274 0.5
1 353.957 78.8258 -3.66083 0.5
1 374.591 24.1654 14.3481 0.5
1 342.258 96.439 -9.13551 0.5
1 342.91 85.996 14.776 0.5
1 333.537 86.5489 -7.31124 0.5
1 365.922 33.9228 -11.4986 0.5
1 375.411 12.1817 1.36906 0.5
1 386.463 16.0841 -12.6207 0.5
1 359.005 66.6448 10.0782 0.5
1 352.489 78.4622 9.46031 0.5
1 338.531 80.6523 10.8615 0.5
1 386.728 -6.81615 4.41922 0.5
1 338.198 106.574 0.148584 0.5
1 369.095 42.4881 14.3313 0.5
1 372.697 43.9411 8.83654 0.5
1 381.146 24.0501 -13.3369 0.5
1 338.056 103.867 -8.93679 0.5
1 350.599 55.6827 4.15971 0.5
1 362.335 57.6392 12.7685 0.5
1 379.837 13.1765 13.6239 0.5
1 334.293 92.5749 13.849 0.5
1 336.604 108.53 -4.84574 0.5
1 334.484 87.1643 -10.3644 0.5
1 374.799 13.449 -2.82971 0.5
1 336.631 108.113 -5.81793 0.5
1 354.701 61.0797 14.8779 0.5
1 340.81 101.913 -2.0224 0.5
1 381.006 23.1336 13.8727 0.5
1 343.144 82.2349 -14.9801 0.5
1 367.316 26.1936 -1.27132 0.5
1 367.621 51.4612 10.3585 0.5
1 334.493 106.231 -12.534 0.5
1 346.369 73.9938 -14.6029 0.5
1 364.139 31.6427 -0.118238 0.5
1 385.596 24.1196 -3.26117 0.5
1 359.448 52.2452 -14.7862 0.5
1 340.557 72.5952 -1.7946 0.5
1 349.377 58.8984 -6.91189 0.5
1 382.17 28.044 -8.0898 0.5
1 365.512 37.0795 -13.167 0.5
1 377.171 10.4451 -6.27064 0.5
1 382.171 30.4088 0.197567 0.5
1 382.833 28.9255 3.16699 0.5
1 379.223 26.6211 13.702 0.5
1 388.131 -0.388996 13.9642 0.5
1 374.947 38.2683 -10.8619 0.5
1 337.642 87.6559 14.1836 0.5
1 383.363 -0.419189 -5.9594 0.5
1 381.097 2.5303 2.78153 0.5
1 355.229 69.4114 -13.0839 0.5
1 386.348 16.5781 12.4254 0.5
1 348.785 87.9115 3.10566 0.5
1 345.199 70.4492 -12.0012 0.5
1 361.198 66.7336 0.282023 0.5
1 360.252 62.006 -12.2689 0.5
1 344.522 86.7694 13.682 0.5
1 357.633 43.1684 -2.76668 0.5
1 376.044 29.6561 14.5532 0.5
1 361.189 38.1946 6.41558 0.5
1 382.55 14.5044 14.9979 0.5
1 364.102 60.5682 -5.7337 0.5
1 384.796 25.834 -0.942128 0.5
1 369.852 35.3478 14.9345 0.5
1 367.488 52.8875 8.94037 0.5
1 362.413 64.5372 -1.68189 0.5
1 334.834 102.549 14.0888 0.5
1 369.51 24.6811 -8.04713 0.5
1 354.18 55.5324 12.4548 0.5
1 372.112 41.3861 12.3232 0.5
1 350.828 65.8553 -14.4994 0.5
1 357.036 45.5797 6.80807 0.5
1 356.522 63.6173 -14.5157 0.5
1 354.376 63.4542 -14.9997 0.5
1 364.592 39.3403 -13.5096 0.5
1 338.821 88.7015 14.8924 0.5
1 357.845 65.6353 -12.6314 0.5
1 371.463 19.6648 4.55364 0.5
1 363.645 32.6434 -2.07658 0.5
1 357.553 72.6932 -3.25079 0.5
1 350.379 55.5012 0.871253 0.5
1 364.571 32.6856 -7.1081 0.5
1 369.843 26.167 -10.6166 0.5
1 365.071 30.0382 -0.530904 0.5
1 347.671 89.3318 -4.93487 0.5
1 364.871 44.182 -14.9525 0.5
1 358.402 43.5646 -7.45696 0.5
1 387.68 4.76285 -14.9591 0.5
1 364.381 60.9718 -2.74128 0.5
1 368.899 25.459 7.58677 0.5
1 338.269 103.206 9.31691 0.5
1 355.279 74.9912 7.47982 0.5
1 334.68 110.937 6.99466 0.5
1 388.489 2.85329 14.9129 0.5
1 353.346 71.0557 13.8668 0.5
1 343.496 84.3847 -14.8677 0.5
1 333.53 113.299 6.24289 0.5
1 336.411 109.617 1.24985 0.5
1 374.653 16.4486 -9.02107 0.5
1 357.037 64.9593 -13.7413 0.5
1 366.076 44.1597 14.9746 0.5
1 353.175 66.5956 -14.969 0.5
1 365.663 29.3118 -3.02402 0.5
2 348.747 -63.9028 14.8855 0.5
2 336.049 -86.2919 -14.9293 0.5
2 351.591 -73.6814 7.73021 0.5
2 372.507 -14.2196 10.8284 0.5
2 357.785 -60.4933 10.8139 0.5
2 359.206 -55.3696 -12.8532 0.5
2 344.326 -87.3537 -5.53082 0.5
2 366.83 -40.3586 -13.7794 0.5
2 350.322 -76.8013 5.93339 0.5
2 381.063 -21.7232 9.07411 0.5
2 348.543 -61.2757 -14.2007 0.5
2 367.525 -43.7 10.7395 0.5
2 384.429 5.58691 11.5776 0.5
2 346.509 -81.983 -8.50722 0.5
2 347.161 -74.3993 -13.7915 0.5
2 371.155 -26.4877 14.9931 0.5
2 363.962 -42.2537 -14.726 0.5
2 384.177 3.50705 -12.7551 0.5
2 376.762 -2.4779 -2.71881 0.5
2 340.258 -66.4479 -5.36227 0.5
2 356.557 -63.9727 -9.32711 0.5
2 373.555 -8.40919 4.2872 0.5
2 335.34 -74.866 5.09588 0.5
2 334.642 -105.141 -1.11764 0.5
2 366.02 -22.6094 7.07777 0.5
2 371.441 -30.4774 14.4478 0.5
2 370.081 -19.2151 -11.5373 0.5
2 347.498 -64.0806 14.5013 0.5
2 388.779 11.7965 -12.5528 0.5
2 377.217 -16.3265 -14.9996 0.5
2 342.598 -63.3711 -7.42858 0.5
2 360.234 -34.9168 10.2621 0.5
2 348.277 -77.6577 10.0998 0.5
2 351.186 -58.1185 14.6073 0.5
2 343.502 -74.0334 14.9784 0.5
2 353.353 -53.6048 14.4085 0.5
2 336.311 -95.8613 12.3122 0.5
2 336.274 -94.1349 13.3813 0.5
2 351.961 -46.1507 -5.29425 0.5
2 370.743 -27.929 14.9975 0.5
2 356.645 -62.118 11.1393 0.5
2 349.429 -79.4657 1.78106 0.5
2 379.905 1.63069 -6.70796 0.5
2 366.174 -31.3471 14.3936 0.5
2 388.105 11.8365 -11.6734 0.5
2 353.576 -42.8297 3.61134 0.5
2 372.735 -33.5371 -11.7438 0.5
2 366.94 -38.633 14.3429 0.5
2 343.648 -64.369 10.9835 0.5
2 379.58 -24.9934 8.06821 0.5
2 333.615 -106.46 -3.84809 0.5
2 388.268 -10.1137 7.79829 0.5
2 355.171 -65.9893 9.79174 0.5
2 352.368 -53.9764 -13.9531 0.5
2 371.801 -32.194 13.5794 0.5
2 340.234 -67.4912 7.47138 0.5
2 369.123 -43.1594 7.9851 0.5
2 344.723 -82.5133 11.3646 0.5
2 336.301 -76.2454 -10.1283 0.5
2 357.266 -39.9466 -10.1437 0.5
2 338.422 -93.0059 11.7143 0.5
2 371.068 -30.9392 -14.4981 0.5
2 347.811 -52.4415 1.41952 0.5
2 355.223 -42.8836 9.44637 0.5
2 335.268 -98.7058 11.5207 0.5
2 353.933 -71.73 1.10749 0.5
2 343.473 -71.391 -14.5867 0.5
2 360.948 -55.6158 10.2021 0.5
2 372.465 -31.3231 -13.4446 0.5
2 388.241 17.5902 -1.37319 0.5
2 345.283 -77.6268 13.8019 0.5
2 372.194 -17.4956 12.9049 0.5
2 387.916 -1.18801 -14.6375 0.5
2 357.225 -39.1344 9.0877 0.5
2 340.775 -88.0017 12.3997 0.5
2 339.147 -85.1759 -14.7374 0.5
2 351.656 -75.4494 2.80674 0.5
2 343.012 -89.367 6.15068 0.5
2 379.826 -0.148324 -9.29381 0.5
2 339.011 -68.7639 5.75295 0.5
2 387.516 2.38565 14.9674 0.5
2 334.302 -86.3152 14.3226 0.5
2 356.252 -46.3285 13.5539 0.5
2 379.38 -13.0559 14.9957 0.5
2 373.009 -15.8528 12.7649 0.5
2 369.663 -44.5182 -0.459768 0.5
2 344.983 -70.3275 -14.8734 0.5
2 344.54 -71.6514 14.9356 0.5
2 382.986 -11.6103 14.0838 0.5
2 340.118 -71.7789 12.0597 0.5
2 339.84 -93.8137 -8.08603 0.5
2 351.94 -49.5626 -10.5528 0.5
2 358.339 -34.1397 0.108047 0.5
2 352.991 -58.3396 14.9999 0.5
2 333.968 -83.309 12.6617 0.5
2 338.942 -71.5014 9.94026 0.5
2 361.034 -50.9685 13.5196 0.5
2 357.306 -65.7271 2.44972 0.5
2 374.633 -33.6655 7.90346 0.5
2 345.973 -85.3857 -2.25833 0.5
2 352.903 -44.0744 3.91426 0.5
2 353.577 -71.1806 5.89536 0.5
2 378.98 -21.191 -12.8105 0.5
2 380.475 3.80663 -3.41766 0.5
2 340.72 -70.5688 -11.9345 0.5
2 351.802 -46.8731 -6.35434 0.5
2 358.98 -33.7247 4.5135 0.5
2 334.298 -87.113 -14.5453 0.5
2 376.821 -7.11819 11.1729 0.5
2 380.131 -24.3572 -7.54778 0.5
2 383.803 -19.4276 4.22488 0.5
2 339.879 -92.2737 10.022 0.5
2 344.678 -74.8142 -14.8642 0.5
2 359.414 -37.2131 11.1224 0.5
2 383.398 -13.3772 12.9074 0.5
2 351.407 -63.3252 14.8408 0.5
2 375.607 -4.28806 1.31133 0.5
2 361.067 -42.525 -14.8807 0.5
2 346.252 -83.7377 -6.19002 0.5
2 366.635 -35.0606 14.9972 0.5
2 361.613 -33.4845 -11.1946 0.5
2 352.601 -67.7156 -12.2626 0.5
2 351.984 -61.9103 -14.8959 0.5
2 377.834 -11.3126 14.4402 0.5
2 359.947 -39.1836 -13.1755 0.5
2 377.225 -4.47839 9.0675 0.5
2 375.95 -22.4579 14.5051 0.5
2 342.495 -72.9768 -14.5605 0.5
2 366.654 -40.6005 13.8065 0.5
2 384.485 1.67341 -13.9449 0.5
2 351.036 -47.1233 3.15636 0.5
2 353.624 -45.2298 8.89777 0.5
2 373.898 -16.2983 13.7947 0.5
2 354.466 -69.8451 5.39228 0.5
2 373.849 -18.901 -14.6157 0.5
2 386.361 -15.4639 -2.04053 0.5
2 385.162 -8.56698 13.7967 0.5
2 383.564 -20.0342 -3.49807 0.5
2 367.964 -29.0218 -14.5989 0.5
2 337.827 -85.0362 14.9955 0.5
2 368.845 -44.8598 5.59541 0.5
2 386.54 10.4418 10.4764 0.5
2 375.754 -32.372 -6.7467 0.5
2 348.4 -52.3179 5.29079 0.5
2 355.147 -40.6974 5.46007 0.5
2 377.619 -11.9189 -14.504 0.5
2 349.508 -60.3443 14.4316 0.5
2 350.315 -57.1955 -13.8161 0.5
2 373.936 -31.487 11.7185 0.5
2 338.924 -91.083 12.4841 0.5
2 344.293 -62.5779 -10.3155 0.5
2 373.264 -13.4472 -11.3213 0.5
2 337.703 -70.2382 -3.2521 0.5
2 340.141 -95.0979 4.06589 0.5
2 336.941 -94.4597 12.5215 0.5
2 356.252 -66.1958 6.65581 0.5
2 361.633 -48.3217 -14.1812 0.5
2 380.452 -14.4955 -14.5472 0.5
2 374.585 -6.07665 -1.5113 0.5
2 339.444 -88.6855 13.3604 0.5
2 374.823 -11.2897 -11.77 0.5
2 377.434 -2.22167 -5.77464 0.5
2 365.553 -51.5267 -1.87231 0.5
2 379.28 -24.1385 -9.8982 0.5
2 380.898 -24.3948 -4.4371 0.5
2 376.833 -26.4827 -11.7087 0.5
2 354.815 -47.7122 -12.9724 0.5
2 366.302 -20.6952 3.21594 0.5
2 351.635 -75.4758 -2.85641 0.5
2 371.628 -16.2571 -11.2994 0.5
2 333.506 -90.8676 -14.9451 0.5
2 366.399 -21.4911 -6.1351 0.5
3 362.123 -80.2893 8.78147 0.5
3 349.716 -107.43 -0.78517 0.5
3 433.956 -106.291 5.78136 0.5
3 386.374 -81.111 -9.81968 0.5
3 426.185 -84.9306 12.9791 0.5
3 418.434 -77.8168 -3.29666 0.5
3 351.76 -82.7341 -11.428 0.5
3 398.067 -77.8278 3.34483 0.5
3 343.418 -90.3461 -14.8517 0.5
3 416.844 -97.0068 -14.2911 0.5
3 333.543 -107.157 2.95089 0.5
3 362.822 -107.139 -3.03841 0.5
3 341.546 -105.592 -7.23096 0.5
3 397.761 -97.8654 -13.9884 0.5
3 366.745 -84.8034 -12.9046 0.5
3 344.446 -96.4374 14.4603 0.5
3 376.128 -85.3713 13.2246 0.5
3 337.628 -105.22 -7.86983 0.5
3 347.518 -80.5488 9.13007 0.5
3 422.865 -101.615 -11.8744 0.5
3 356.876 -98.8284 -13.5763 0.5
3 425.423 -78.2061 4.70198 0.5
3 423.354 -79.2709 -7.16303 0.5
3 388.89 -79.7867 -8.03984 0.5
3 353.54 -87.3576 14.1091 0.5
3 338.668 -80.9384 9.61675 0.5
3 427.168 -86.1444 13.6102 0.5
3 381.478 -99.2185 -13.3861 0.5
3 364.669 -107.083 -3.29813 0.5
3 439.014 -79.2155 -7.0602 0.5
3 383.2 -79.0058 -6.65219 0.5
3 380.915 -104.986 -8.23694 0.5
3 422.536 -105.511 7.37623 0.5
3 418.553 -99.7741 -13.0904 0.5
3 413.552 -98.4891 -13.7306 0.5
3 400.859 -78.8789 -6.38922 0.5
3 382.614 -81.183 -9.90219 0.5
3 335.114 -103.797 -9.81116 0.5
3 381.836 -78.6265 5.82314 0.5
3 436.149 -81.2941 10.0271 0.5
3 335.977 -99.3931 -13.2964 0.5
3 375.782 -79.3744 7.35018 0.5
3 336.287 -77.5363 1.6057 0.5
3 361.091 -107.45 -0.130579 0.5
3 438.798 -105.403 -7.56491 0.5
3 384.172 -92.0008 -14.9933 0.5
3 353.422 -105.728 -6.97744 0.5
3 342.67 -86.9972 -13.9738 0.5
3 354.768 -83.4554 -12.004 0.5
3 371.516 -86.6115 13.817 0.5
3 435.611 -77.4827 -0.988747 0.5
3 416.368 -79.1988 -7.02872 0.5
3 344.468 -101.928 -11.6266 0.5
3 396.255 -102.945 10.7171 0.5
3 416.53 -81.8776 -10.6406 0.5
3 413.958 -85.6477 13.3689 0.5
3 440.939 -77.4959 -1.17091 0.5
3 439.673 -78.8779 -6.3872 0.5
3 401.908 -82.2357 -10.9848 0.5
3 351.536 -77.5496 -1.72457 0.5
3 339.033 -90.1864 14.8282 0.5
3 368.395 -90.4671 -14.8683 0.5
3 421.101 -81.8319 -10.595 0.5
3 371.884 -102.789 -10.8677 0.5
3 416.537 -77.7067 -2.76277 0.5
3 387.194 -85.5154 -13.3007 0.5
3 339.369 -82.8897 11.5585 0.5
3 427.416 -100.377 -12.7344 0.5
3 410.667 -105.32 -7.70428 0.5
3 390.134 -83.6702 12.162 0.5
3 384.382 -107.348 1.74341 0.5
3 346.502 -105.551 -7.30459 0.5
3 443.869 -80.8436 9.50207 0.5
3 375.541 -96.7734 14.3634 0.5
3 389.741 -99.0875 -13.4516 0.5
3 377.335 -81.4579 10.2065 0.5
3 408.914 -94.0581 -14.9136 0.5
3 425.667 -107.112 3.16464 0.5
3 417.535 -78.5317 -5.59267 0.5
3 338.656 -88.2119 -14.3888 0.5
3 378.395 -91.74 14.9832 0.5
3 411.508 -80.0078 8.37796 0.5
3 389.614 -78.5081 5.53368 0.5
3 416.076 -77.5285 -1.53162 0.5
3 434.262 -106.848 -4.20715 0.5
3 404.515 -107.077 -3.32612 0.5
3 347.686 -92.7979 -14.996 0.5
3 367.913 -106.026 6.38011 0.5
3 359.058 -89.9707 14.7937 0.5
3 345.545 -77.454 -0.344586 0.5
3 432.996 -103.53 -10.1111 0.5
3 421.172 -79.7082 -7.91481 0.5
3 346.223 -92.4563 -15 0.5
3 418.208 -84.879 12.9491 0.5
3 344.928 -77.898 -3.63841 0.5
3 415.059 -84.1669 -12.5056 0.5
3 423.241 -106.06 6.30576 0.5
3 334.493 -89.9067 14.7828 0.5
3 338.028 -102.599 -11.0458 0.5
3 349.788 -102.495 11.1401 0.5
3 385.395 -106.646 -4.84506 0.5
3 361.987 -86.8329 13.9085 0.5
3 399.268 -106.417 5.46979 0.5
3 432.541 -89.446 14.6961 0.5
3 423.191 -78.6243 -5.81797 0.5
3 424.175 -93.0022 -14.9898 0.5
3 360.023 -81.9311 -10.6935 0.5
3 421.307 -104.302 9.19405 0.5
3 367.11 -106.351 5.6367 0.5
3 426.678 -82.9909 11.6415 0.5
3 438.719 -82.0544 10.8134 0.5
3 343.07 -82.1962 -10.9479 0.5
3 384.038 -101.448 12.0017 0.5
3 375.937 -80.9873 -9.67499 0.5
3 353.987 -95.2646 -14.7336 0.5
3 357.606 -106.872 4.12581 0.5
3 345.105 -92.5743 -14.9995 0.5
3 394.467 -95.3989 14.7073 0.5
3 366.536 -82.526 -11.2478 0.5
3 374.203 -77.4562 -0.427621 0.5
3 434.072 -77.5633 -1.83938 0.5
3 382.46 -82.4967 11.2218 0.5
3 430.592 -86.7889 -13.8907 0.5
3 405.372 -107.437 0.620596 0.5
3 400.263 -87.6632 -14.2157 0.5
3 359.05 -107.379 1.4588 0.5
3 393.611 -107.217 2.63253 0.5
3 353.505 -77.7959 3.20215 0.5
3 443.036 -90.0781 -14.8113 0.5
3 385.4 -106.912 3.98289 0.5
3 433.149 -96.6848 14.3898 0.5
3 385.523 -82.9535 -11.611 0.5
3 413.436 -99.6509 13.1586 0.5
3 428.387 -106.917 -3.96428 0.5
3 352.325 -107.26 -2.38211 0.5
3 441.281 -86.5144 -13.7756 0.5
3 336.637 -102.978 -10.6852 0.5
3 419.545 -90.089 -14.813 0.5
3 410.958 -88.3285 -14.4226 0.5
3 400.26 -86.0364 -13.5597 0.5
3 346.918 -96.3622 14.4809 0.5
3 383.53 -96.6148 14.4102 0.5
3 442.496 -81.8178 10.5808 0.5
3 430.993 -83.5549 -12.0779 0.5
3 411.536 -78.3709 5.17448 0.5
3 366.091 -86.0126 13.5484 0.5
3 405.919 -77.7537 -3.00247 0.5
3 396.858 -77.7027 2.74136 0.5
3 405.858 -78.5175 -5.55734 0.5
3 351.192 -77.7877 3.16465 0.5
3 349.666 -103.758 -9.8552 0.5
3 389.117 -78.3706 -5.17389 0.5
3 358.003 -92.8664 -14.9942 0.5
3 361.7 -91.3958 -14.9629 0.5
3 337.166 -81.7699 -10.5325 0.5
3 379.403 -94.0298 -14.9166 0.5
3 400.192 -106.965 -3.78354 0.5
3 378.856 -79.0926 6.8247 0.5
3 378.554 -103.409 -10.2426 0.5
3 425.937 -102.471 11.1616 0.5
3 334.652 -106.965 -3.78562 0.5
3 378.489 -106.442 5.40646 0.5
3 397.566 -88.6245 14.504 0.5
3 438.233 -105.31 7.72161 0.5
3 428.828 -87.3701 14.1136 0.5
3 363.657 -96.2165 -14.5195 0.5
3 436.082 -79.5152 7.59522 0.5
3 384.945 -96.9039 14.3235 0.5
3 376.346 -104.147 9.39058 0.5
3 342.904 -107.181 2.82617 0.5
3 435.622 -77.7356 2.91279 0.5
3 430.638 -78.177 -4.61282 0.5
3 381.281 -106.703 4.67551 0.5
3 391.065 -80.0952 -8.50631 0.5
3 382.621 -77.5735 -1.91993 0.5
3 383.037 -93.3315 -14.9741 0.5
3 436.714 -105.943 -6.55229 0.5
3 396.674 -104.683 -8.68144 0.5
3 366.414 -104.586 8.81581 0.5
3 407.519 -92.4397 -15 0.5
3 365.469 -101.761 11.7601 0.5
3 362.115 -102.314 -11.3006 0.5
3 347.553 -104.4 9.06597 0.5
3 383.611 -81.5211 -10.2741 0.5
3 368.263 -81.4814 -10.2317 0.5
3 426.095 -83.7278 -12.2033 0.5
3 404.08 -92.2262 14.9983 0.5
3 343.474 -79.2316 7.09022 0.5
3 434.347 -89.1321 14.6284 0.5
3 350.044 -85.4825 13.2835 0.5
3 376.36 -97.7714 -14.0244 0.5
3 388.346 -80.3638 8.88375 0.5
3 394.283 -95.117 -14.761 0.5
3 432.494 -86.9411 13.9517 0.5
3 425.476 -98.2388 -13.838 0.5
3 405.881 -106.246 -5.88875 0.5
3 354.07 -79.798 -8.05763 0.5
3 419.754 -106.727 -4.59981 0.5
4 498.758 -171.554 0.945827 0.5
4 445.613 -109.272 -2.45776 0.5
4 457.147 -109.269 14.0763 0.5
4 490.326 -157.09 -2.25818 0.5
4 476.13 -156.679 11.7312 0.5
4 492.594 -181.104 -14.0491 0.5
4 472.746 -145.923 -14.324 0.5
4 493.282 -182.239 -14.07 0.5
4 494.921 -194.368 3.8776 0.5
4 488.664 -175.299 -13.6318 0.5
4 459.425 -131.583 7.15115 0.5
4 477.077 -148.551 -14.9941 0.5
4 451.004 -99.556 -14.3839 0.5
4 492.132 -170.197 -14.1946 0.5
4 481.434 -166.967 10.7623 0.5
4 458.239 -103.046 6.94088 0.5
4 446.122 -102.968 -12.925 0.5
4 462.332 -135.415 -9.02309 0.5
4 483.323 -155.234 -14.2915 0.5
4 486.62 -150.858 3.25755 0.5
4 485.728 -149.261 -3.00698 0.5
4 485.727 -174.293 -10.867 0.5
4 447.168 -82.1857 -0.732901 0.5
4 483.705 -161.767 -14.9422 0.5
4 463.907 -111.637 3.75262 0.5
4 446.684 -97.2247 14.9733 0.5
4 479.124 -167.242 -2.86082 0.5
4 462.706 -126.889 14.7347 0.5
4 482.157 -152.041 -13.8629 0.5
4 466.958 -143.373 -9.09603 0.5
4 473.249 -130.902 -9.70355 0.5
4 460.809 -124.367 -14.5683 0.5
4 495.542 -176.352 -14.2767 0.5
4 469.797 -127.525 12.121 0.5
4 481.149 -170.459 -4.07798 0.5
4 462.411 -126.234 -14.7615 0.5
4 463.392 -118.769 13.5186 0.5
4 489.552 -174.738 -14.4119 0.5
4 464.831 -139.26 9.63243 0.5
4 471.035 -123.576 1.44725 0.5
4 445.788 -109.13 -4.35727 0.5
4 446.524 -111.051 -0.147117 0.5
4 458.808 -132.196 1.9923 0.5
4 457.796 -104.287 9.87825 0.5
4 471.436 -125.527 -6.16515 0.5
4 448.898 -101.536 14.9371 0.5
4 494.166 -163.693 -1.91415 0.5
4 448.374 -84.2566 -0.153734 0.5
4 495.462 -192.943 8.82707 0.5
4 450.4 -88.8089 -5.49767 0.5
4 455.916 -121.279 -12.0298 0.5
4 495.297 -187.478 13.2936 0.5
4 486.326 -163.51 14.9267 0.5
4 447.435 -83.7679 -5.73123 0.5
4 495.569 -169.616 9.76837 0.5
4 478.714 -147.699 14.4267 0.5
4 465.7 -114.278 -0.599702 0.5
4 468.856 -147.11 -8.47315 0.5
4 456.303 -105.843 13.1881 0.5
4 496.016 -186.798 -14.134 0.5
4 446.853 -111.455 2.23648 0.5
4 481.577 -148.003 -12.175 0.5
4 487.205 -181.462 1.25084 0.5
4 453.357 -92.8946 -0.47653 0.5
4 471.965 -143.738 14.5566 0.5
4 492.581 -161.041 -2.53228 0.5
4 452.362 -100.71 13.9736 0.5
4 494.794 -169.41 10.9533 0.5
4 479.616 -167.376 -5.36545 0.5
4 451.289 -89.4474 2.06175 0.5
4 463.713 -116.564 -11.8004 0.5
4 477.58 -161.492 9.4491 0.5
4 495.702 -190.47 -11.8169 0.5
4 466.208 -143.49 6.84838 0.5
4 467.325 -133.574 -14.9255 0.5
4 486.378 -160.914 -14.4098 0.5
4 475.167 -159.855 -4.85877 0.5
4 493.448 -182.656 14.0215 0.5
4 483.217 -153.861 13.8561 0.5
4 452.391 -95.4608 10.4582 0.5
4 453.25 -106.481 -14.9502 0.5
4 451.594 -116.922 8.87992 0.5
4 491.245 -158.709 -2.43083 0.5
4 469.907 -147.847 9.8711 0.5
4 493.602 -163.547 5.26425 0.5
4 446.06 -88.7948 -13.5404 0.5
4 480.904 -146.843 -12.1783 0.5
4 482.639 -168.646 -11.1427 0.5
4 458.046 -101.839 -4.92363 0.5
4 464.279 -112.288 -3.77456 0.5
4 457.37 -129.378 -3.68293 0.5
4 483.727 -156.297 14.4023 0.5
4 498.512 -184.023 14.8558 0.5
4 477.072 -163.601 -3.27074 0.5
4 456.829 -103.375 10.6863 0.5
4 445.517 -89.5872 14.2378 0.5
4 494.31 -166.423 8.44386 0.5
4 473.225 -127.342 1.13501 0.5
4 460.306 -106.135 -5.90723 0.5
4 445.632 -86.6509 12.778 0.5
4 461.652 -108.576 6.15425 0.5
4 469.731 -148.475 -8.68866 0.5
4 472.244 -146.297 13.876 0.5
4 478.491 -146.663 14.2252 0.5
4 485.936 -150.449 5.72099 0.5
4 476.632 -161.766 6.40292 0.5
4 472.826 -126.844 -2.64122 0.5
4 494.599 -165.426 -5.65069 0.5
4 466.444 -120.241 10.8911 0.5
4 471.242 -127.046 -9.23563 0.5
4 496.744 -187.013 14.463 0.5
4 467.44 -137.015 -14.2331 0.5
4 480.976 -153.233 14.7914 0.5
4 492.819 -174.621 14.9126 0.5
4 488.238 -179.405 -10.0857 0.5
4 499.63 -200.095 8.91887 0.5
4 452.938 -117.654 -10.7182 0.5
4 466.809 -135.986 14.2115 0.5
4 492.43 -180.497 14.1657 0.5
4 472.183 -152.268 9.29358 0.5
4 458.748 -115.915 14.9428 0.5
4 490.684 -157.633 1.6736 0.5
4 489.204 -181.653 -9.41607 0.5
4 483.973 -151.103 -11.3454 0.5
4 483.847 -156.149 -14.2937 0.5
4 473.104 -157.069 -0.782814 0.5
4 447.234 -85.2184 -8.91522 0.5
4 462.086 -130.91 -12.749 0.5
4 488.305 -160.038 12.4401 0.5
4 455.689 -97.5072 -4.13345 0.5
4 477.723 -135.991 5.11757 0.5
4 496.047 -170.877 -10.2511 0.5
4 468.878 -124.541 10.9707 0.5
4 473.508 -154.187 9.75164 0.5
4 485.436 -162.836 -14.9875 0.5
4 451.489 -116.257 -9.50297 0.5
4 479.054 -167.12 2.86572 0.5
4 480.837 -149.094 -13.5713 0.5
4 480.896 -160.02 14.3295 0.5
4 468.845 -120.798 -5.60054 0.5
4 466.612 -124.672 13.6707 0.5
4 488.951 -184.533 -0.416395 0.5
4 466.318 -117.846 8.30797 0.5
4 477.697 -138.507 -9.58579 0.5
4 483.182 -173.379 5.80058 0.5
4 452.546 -102.873 -14.5593 0.5
4 453.687 -95.0076 6.63996 0.5
4 480.518 -146.937 12.6923 0.5
4 446.603 -102.204 -13.741 0.5
4 498.881 -196.383 -11.4882 0.5
4 445.381 -102.387 -12.4846 0.5
4 461.15 -135.503 5.06869 0.5
4 459.728 -120.051 14.9574 0.5
4 478.93 -152.026 14.9992 0.5
4 482.94 -171.525 8.44097 0.5
4 499.429 -197.734 11.1379 0.5
4 463.866 -129.215 -14.6709 0.5
4 482.65 -169.862 9.93567 0.5
4 491.048 -183.892 -10.4905 0.5
4 457.606 -112.818 -14.802 0.5
4 488.238 -169.175 14.9746 0.5
4 467.609 -140.885 -12.4863 0.5
4 499.536 -196.288 -12.4166 0.5
4 457.776 -119.922 14.3462 0.5
4 455.593 -122.603 10.3652 0.5
4 462.719 -129.278 14.0787 0.5
4 446.838 -94.2781 14.82 0.5
4 489.344 -155.219 -0.219814 0.5
4 492.974 -167.528 -12.0163 0.5
4 452.484 -111.959 13.9216 0.5
4 486.908 -151.068 -1.433 0.5
4 464.267 -114.66 -8.83212 0.5
4 462.399 -134.782 -9.93919 0.5
4 499.081 -172.1 -0.704576 0.5
4 492.837 -169.176 -13.2171 0.5
4 444.808 -87.5346 13.9374 0.5
5 520.688 -140.689 -8.79159 0.5
5 504.696 -181.082 -14.9903 0.5
5 525.106 -150.216 -14.1331 0.5
5 508.375 -167.677 13.5221 0.5
5 521.408 -137.641 -5.50208 0.5
5 511.312 -154.368 2.91361 0.5
5 541.58 -104.459 -8.72972 0.5
5 537.332 -113.247 10.4431 0.5
5 515.467 -176.417 -3.72199 0.5
5 510.788 -160.535 11.6453 0.5
5 522.563 -139.261 -10.8724 0.5
5 520.561 -165.886 -7.77983 0.5
5 518.215 -164.348 -13.1468 0.5
5 535.497 -130.095 -14.7166 0.5
5 517.682 -156.165 14.8811 0.5
5 522.225 -141.893 12.5024 0.5
5 549.324 -89.7289 6.50743 0.5
5 553.912 -82.0547 -7.04694 0.5
5 551.222 -97.1233 -14.7302 0.5
5 506.357 -189.271 -9.50328 0.5
5 552.165 -109.13 -10.4023 0.5
5 526.861 -129.479 -8.02774 0.5
5 501.717 -199.906 -4.8198 0.5
5 532.952 -122.611 12.0085 0.5
5 554.447 -106.627 8.6464 0.5
5 511.543 -171.875 14.6561 0.5
5 535.536 -120.42 13.418 0.5
5 503.854 -167.923 -5.18076 0.5
5 519.889 -139.243 -0.700528 0.5
5 521.64 -161.609 10.7939 0.5
5 532.112 -135.614 14.78 0.5
5 532.055 -118.156 -0.253334 0.5
5 531.238 -127.252 13.0947 0.5
5 527.403 -155.443 -4.73958 0.5
5 531.95 -120.648 -8.00177 0.5
5 513.131 -153.864 8.90898 0.5
5 540.666 -119.443 -14.9516 0.5
5 535.713 -115.797 10.1757 0.5
5 553.737 -83.2009 8.44265 0.5
5 500.644 -191.919 14.3524 0.5
5 549.989 -93.6246 -12.3816 0.5
5 541.85 -115.138 14.9632 0.5
5 505.276 -192.372 7.76282 0.5
5 504.998 -179.159 14.9754 0.5
5 543.254 -112.818 14.9706 0.5
5 538.036 -132.719 11.248 0.5
5 528.881 -151.465 -7.7986 0.5
5 529.647 -122.43 -1.7776 0.5
5 514.669 -175.941 8.02498 0.5
5 531.62 -148.798 -1.80881 0.5
5 504.674 -179.031 -14.9198 0.5
5 535.644 -111.938 0.0113351 0.5
5 541.482 -106.923 -11.2661 0.5
5 546.205 -114.271 -13.9053 0.5
5 523.796 -132.616 2.16321 0.5
5 530.725 -121.437 -5.32968 0.5
5 543.082 -127.38 -6.88743 0.5
5 510.416 -164.452 -13.6667 0.5
5 504.706 -189.79 -11.7963 0.5
5 521.007 -162.712 -10.7871 0.5
5 554.149 -88.9524 13.7764 0.5
5 513.083 -160.861 -14.0867 0.5
5 507.498 -170.465 14.0613 0.5
5 510.735 -180.386 10.9002 0.5
5 505.387 -167.79 -9.56655 0.5
5 543.995 -122.193 11.4258 0.5
5 500.57 -202.535 -2.13255 0.5
5 547.856 -117.466 9.4125 0.5
5 500.057 -174.432 4.9904 0.5
5 500.364 -186.681 -14.9378 0.5
5 529.874 -151.317 4.25174 0.5
5 542.621 -105.624 11.825 0.5
5 511.425 -180.816 -9.09316 0.5
5 507.336 -161.196 2.60134 0.5
5 538.414 -137.135 0.389193 0.5
5 506.872 -191.02 4.68882 0.5
5 529.68 -151.527 -4.65691 0.5
5 517.559 -160.303 14.8605 0.5
5 518.774 -147.881 -12.51 0.5
5 539.389 -105.871 3.51973 0.5
5 524.51 -142.528 -14.5377 0.5
5 548.152 -90.3144 1.11217 0.5
5 549.527 -100.907 -14.8682 0.5
5 527.227 -146.316 -14.2114 0.5
5 525.947 -142.782 -14.9697 0.5
5 544.296 -99.6351 -8.56153 0.5
5 526.681 -153.15 10.5247 0.5
5 523.445 -157.273 11.8429 0.5
5 533.715 -115.49 -2.51 0.5
5 510.994 -174.943 -14.0288 0.5
5 539.77 -105.066 -2.85621 0.5
5 507.001 -162.092 -3.99899 0.5
5 533.833 -118.921 -10.0305 0.5
5 519.77 -163.93 11.6102 0.5
5 534.047 -138.57 12.1001 0.5
5 548.41 -119.825 0.214087 0.5
5 553.228 -82.4391 -5.27464 0.5
5 541.024 -123.43 13.8289 0.5
5 534.615 -128.971 -14.9979 0.5
5 501.948 -199.08 -5.9271 0.5
5 531.222 -146.861 -8.63783 0.5
5 540.518 -121.089 -14.7742 0.5
5 510.542 -178.652 -12.5367 0.5
5 526.513 -156.553 -5.87931 0.5
5 551.682 -94.6629 -14.3103 0.5
5 537.678 -110.543 -7.69983 0.5
5 516.793 -163.157 -14.5693 0.5
5 512.404 -154.708 8.3162 0.5
5 543.561 -104.363 12.1024 0.5
5 544.799 -104.119 -13.2862 0.5
5 531.186 -141.778 13.2029 0.5
5 507.435 -174.183 14.9128 0.5
5 544.508 -126.489 1.69466 0.5
5 501.002 -179.085 12.7793 0.5
5 547.15 -120.617 6.31282 0.5
5 544.145 -117.854 13.8996 0.5
5 515.551 -168.816 -13.2264 0.5
5 510.138 -156.937 -4.89442 0.5
5 553.586 -95.6679 -14.9988 0.5
5 519.767 -169.433 0.344369 0.5
5 504.226 -189.869 12.3493 0.5
5 553.682 -100.547 14.1937 0.5
5 515.499 -148.203 -6.26847 0.5
5 507.849 -181.834 -13.3935 0.5
5 545.741 -122.367 7.62405 0.5
5 501.956 -174.375 -10.2927 0.5
5 527.503 -144.754 -14.5326 0.5
5 546.635 -118.629 10.4848 0.5
5 517.225 -173.051 -4.80245 0.5
5 530.256 -144.835 -12.3146 0.5
5 544.046 -98.1221 -4.64377 0.5
5 510.108 -168.265 14.7166 0.5
5 509.731 -184.494 -8.02397 0.5
5 531.245 -119.564 0.483311 0.5
5 517.48 -165.817 13.037 0.5
5 500.977 -173.083 5.63711 0.5
5 502.607 -170.714 6.64875 0.5
5 552.073 -99.8096 14.9412 0.5
5 502.161 -175.666 -11.7954 0.5
5 520.961 -141.103 -9.90381 0.5
5 543.703 -126.011 -7.4272 0.5
5 503.55 -193.634 -10.0812 0.5
5 537.885 -111.809 -9.92442 0.5
5 510.358 -182.086 -9.80613 0.5
5 500.305 -179.196 12.0363 0.5
5 541.859 -102.138 5.29236 0.5
5 519.187 -158.828 14.6129 0.5
5 501.49 -173.671 -8.40449 0.5
5 506.069 -178.066 -14.9997 0.5
5 542.107 -128.121 8.47245 0.5
5 522.664 -162.34 -7.62166 0.5
5 514.445 -176.959 6.93208 0.5
5 532.524 -120.409 -9.08863 0.5
5 518.211 -143.078 -5.2397 0.5
5 551.357 -110.381 10.5537 0.5
5 511.898 -157.2 -10.3389 0.5
5 500.619 -175.021 -8.16522 0.5
5 548.579 -95.211 -11.7504 0.5
5 516.167 -175.035 -4.32695 0.5
5 512.852 -176.565 -11.045 0.5
5 529.583 -130.149 -13.1115 0.5
5 513.025 -180.591 3.92898 0.5
5 555.541 -90.6515 14.8888 0.5
5 543.104 -128.964 1.26919 0.5
5 540.983 -104.462 -7.07199 0.5
5 547.019 -99.0979 12.6002 0.5
5 513.586 -154.627 -10.6959 0.5
5 540.109 -115.68 -14.5798 0.5
5 537.907 -129.325 13.61 0.5
5 503.365 -168.262 -3.50267 0.5
5 540.045 -106.725 -8.15321 0.5
5 517.467 -156.92 -14.9247 0.5
5 530.962 -134.406 14.9863 0.5
6 615.659 -77.4637 -0.639054 0.5
6 613.047 -102.42 -11.2074 0.5
6 628.001 -88.5541 14.4852 0.5
6 637.228 -106.338 -5.66802 0.5
6 564.935 -88.2175 -14.3904 0.5
6 607.913 -89.7355 14.7523 0.5
6 653.974 -104.24 9.27338 0.5
6 587.879 -105.722 6.99042 0.5
6 557.709 -99.406 13.2897 0.5
6 566.291 -97.2194 -14.2216 0.5
6 575.567 -84.6713 12.8254 0.5
6 628.894 -97.8824 13.9818 0.5
6 640.891 -77.5809 -1.97692 0.5
6 589.315 -95.7761 14.6266 0.5
6 585.039 -97.6967 -14.0525 0.5
6 664.168 -83.2057 11.8127 0.5
6 581.531 -93.9576 -14.9241 0.5
6 636.322 -94.1637 -14.9018 0.5
6 649.436 -85.6033 -13.3462 0.5
6 633.982 -92.9346 -14.9922 0.5
6 634.417 -86.5897 -13.8078 0.5
6 556.923 -95.4762 -14.6916 0.5
6 647.165 -83.8878 -12.3161 0.5
6 648.88 -80.7684 -9.40948 0.5
6 665.946 -101.837 -11.7001 0.5
6 647.092 -100.452 12.6872 0.5
6 571.666 -94.5989 14.8453 0.5
6 638.07 -107.394 1.30068 0.5
6 587.454 -100.708 12.5224 0.5
6 626.105 -100.37 -12.7387 0.5
6 622.832 -96.0534 -14.5608 0.5
6 653.836 -93.5717 -14.958 0.5
6 568.26 -85.4386 -13.2604 0.5
6 612.581 -78.9905 -6.62119 0.5
6 622.514 -91.3105 14.9566 0.5
6 637.12 -87.1422 14.0295 0.5
6 656.62 -93.2322 -14.9796 0.5
6 644.639 -104.627 8.75908 0.5
6 665.228 -86.4809 -13.7611 0.5
6 661.27 -86.2709 -13.6681 0.5
6 611.8 -91.5716 -14.9743 0.5
6 571.846 -97.9242 13.9654 0.5
6 630.508 -102.677 -10.9727 0.5
6 638.594 -81.3439 10.0823 0.5
6 570.041 -89.5672 -14.7204 0.5
6 590.988 -81.3108 10.0458 0.5
6 647.833 -99.9768 -12.9749 0.5
6 650.322 -102.382 11.2407 0.5
6 593.599 -107.022 3.55809 0.5
6 635.584 -105.959 -6.5203 0.5
6 636.684 -105.529 -7.34456 0.5
6 647.853 -88.1207 14.3616 0.5
6 641.205 -106.411 -5.48544 0.5
6 604.641 -107.361 1.62922 0.5
6 629.892 -96.5747 14.4218 0.5
6 621.75 -77.5707 -1.89822 0.5
6 562.719 -100.908 12.3879 0.5
6 646.99 -96.2503 -14.5106 0.5
6 655.687 -107.424 0.888674 0.5
6 620.658 -94.7165 -14.8278 0.5
6 643.518 -98.8099 13.585 0.5
6 616.209 -90.6571 -14.8925 0.5
6 624.836 -77.7834 -3.14442 0.5
6 632.185 -106.856 4.1804 0.5
6 593.299 -105.515 -7.37002 0.5
6 630.21 -107.117 3.14462 0.5
6 605.749 -77.4539 -0.335863 0.5
6 599.159 -77.6156 -2.22189 0.5
6 567.74 -93.9467 -14.9252 0.5
6 626.658 -88.195 -14.3838 0.5
6 585.687 -107.124 3.11291 0.5
6 641.082 -102.493 -11.1421 0.5
6 640.048 -77.7349 -2.90938 0.5
6 566.715 -93.1744 14.9825 0.5
6 556.904 -83.7694 12.233 0.5
6 613.748 -102.021 11.5499 0.5
6 591.944 -107.379 1.45789 0.5
6 600.681 -83.7165 -12.1953 0.5
6 564.542 -100.646 -12.5629 0.5
6 577.771 -93.6123 14.9549 0.5
6 629.52 -95.6386 14.6572 0.5
6 647.367 -99.0658 -13.4622 0.5
6 636.453 -89.2691 14.6588 0.5
6 658.995 -88.9186 14.5784 0.5
6 656.816 -106.107 -6.20323 0.5
6 596.468 -103.458 -10.1892 0.5
6 591.393 -104.021 -9.54547 0.5
6 610.845 -98.9071 13.5391 0.5
6 637.343 -104.78 -8.54306 0.5
6 665.551 -82.0823 -10.8402 0.5
6 601.359 -96.0535 14.5608 0.5
6 662.839 -102.463 11.1686 0.5
6 581.402 -96.3322 14.4889 0.5
6 556.188 -81.782 10.5448 0.5
6 653.243 -77.4896 1.08824 0.5
6 666.382 -92.4279 -15 0.5
6 589.563 -105.556 -7.29554 0.5
6 605.434 -97.0369 14.2815 0.5
6 561.061 -77.4613 0.58033 0.5
6 557.827 -87.5656 14.1824 0.5
6 606.616 -100.333 -12.7617 0.5
6 563.354 -97.0776 -14.2684 0.5
6 560.904 -107.228 2.56938 0.5
6 555.615 -94.9276 14.794 0.5
6 644.322 -78.145 4.51279 0.5
6 587.251 -100.337 -12.7592 0.5
6 641.396 -77.4526 0.273286 0.5
6 659.867 -95.2617 14.7341 0.5
6 644.821 -96.8809 14.3307 0.5
6 659.301 -84.164 -12.5036 0.5
6 619.121 -106.034 6.36208 0.5
6 592.368 -88.0771 -14.3484 0.5
6 590.966 -88.8978 -14.5733 0.5
6 585.526 -91.1157 14.9405 0.5
6 571.608 -83.3695 11.9391 0.5
6 591.447 -104.129 9.41321 0.5
6 657.477 -98.304 -13.8106 0.5
6 612.598 -88.2274 -14.3934 0.5
6 664.135 -104.425 -9.03331 0.5
6 601.079 -78.0761 4.28823 0.5
6 576.547 -86.0787 13.5796 0.5
6 589.351 -77.8134 3.28144 0.5
6 635.939 -83.9793 12.3793 0.5
6 618.936 -107.152 2.97755 0.5
6 579.035 -86.981 -13.9674 0.5
6 635.768 -77.9135 3.69973 0.5
6 580.811 -93.0671 14.9873 0.5
6 578.58 -94.7071 -14.8292 0.5
6 635.715 -107.449 0.203748 0.5
6 631.775 -81.7969 10.5598 0.5
6 568.248 -106.483 5.29939 0.5
6 561.993 -101.395 -12.0409 0.5
6 611.365 -89.3653 14.6794 0.5
6 614.305 -94.4653 -14.864 0.5
6 623.676 -99.695 13.1344 0.5
6 604.501 -94.229 14.8941 0.5
6 586.638 -95.0199 -14.7782 0.5
6 649.396 -77.5626 -1.83392 0.5
6 654.748 -77.4589 0.515175 0.5
6 634.295 -96.9295 14.3155 0.5
6 571.03 -79.4375 -7.46145 0.5
6 640.48 -105.546 7.31401 0.5
6 615.736 -92.9556 -14.9915 0.5
6 592.751 -93.2327 -14.9796 0.5
6 618.101 -105.474 7.44124 0.5
6 595.383 -98.4233 -13.7594 0.5
6 569.442 -82.1665 -10.9201 0.5
6 596.342 -77.5868 2.02085 0.5
6 619.865 -107.312 2.03123 0.5
6 583.534 -92.3706 14.9998 0.5
6 644.081 -103.545 10.0949 0.5
6 625.312 -92.905 14.9931 0.5
6 616.725 -100.033 -12.9421 0.5
6 577.44 -86.9817 -13.9677 0.5
6 619.963 -90.6166 14.8875 0.5
6 640.339 -100.539 -12.6323 0.5
6 603.703 -101.636 11.8582 0.5
6 618.379 -90.256 14.8387 0.5
6 582.091 -84.7542 -12.8753 0.5
6 559.818 -104.917 -8.34194 0.5
6 593.098 -98.2626 -13.828 0.5
6 652.105 -77.4513 0.188849 0.5
6 585.422 -80.4178 8.9568 0.5
6 634.431 -105.402 -7.56615 0.5
6 556.1 -100.623 12.578 0.5
6 658.451 -99.8449 13.0505 0.5
6 665.28 -79.7019 -7.90472 0.5
6 615.909 -78.9021 6.43841 0.5
6 627.796 -82.2029 10.9542 0.5
6 595.768 -105.188 7.92139 0.5
6 662.98 -79.2979 -7.21257 0.5
6 664.044 -96.4977 -14.4436 0.5
6 569.857 -107.319 1.97631 0.5
6 579.052 -81.0978 -9.80442 0.5
6 664.958 -95.6434 -14.6562 0.5
6 570.331 -95.4147 -14.7041 0.5
6 630.759 -81.1118 9.8206 0.5
6 606.453 -79.8632 8.15904 0.5
7 614.557 -16.7278 -3.71027 0.5
7 642.044 -64.187 4.25155 0.5
7 652.308 -77.757 11.0197 0.5
7 611.925 -6.26355 12.2699 0.5
7 629.79 -43.5017 1.51116 0.5
7 660.952 -96.0806 6.48024 0.5
7 633.676 -36.3369 14.9647 0.5
7 662.272 -98.9169 5.17801 0.5
7 643.897 -60.362 -13.0756 0.5
7 636.281 -34.0731 13.8555 0.5
7 616.864 6.75336 -7.58066 0.5
7 628.941 -34.7968 12.8789 0.5
7 659.987 -68.3924 -8.30895 0.5
7 645.286 -48.5537 13.3373 0.5
7 665.38 -103.571 -6.84227 0.5
7 649.631 -60.2261 14.7519 0.5
7 665.733 -77.9381 7.66254 0.5
7 616.696 -20.822 1.50787 0.5
7 649.026 -47.3562 -3.68634 0.5
7 611.891 11.2983 12.0936 0.5
7 657.178 -83.7244 12.8674 0.5
7 650.279 -66.185 -14.8495 0.5
7 613.526 -15.3303 1.52748 0.5
7 628.781 -32.2373 13.9915 0.5
7 651.164 -60.691 14.1744 0.5
7 661.623 -97.4444 6.03863 0.5
7 659.615 -67.3588 7.6935 0.5
7 642.208 -49.0056 -14.961 0.5
7 638.04 -32.6994 -11.0273 0.5
7 654.844 -84.432 8.35305 0.5
7 661.538 -95.3937 9.22547 0.5
7 662.713 -96.634 10.1629 0.5
7 664.459 -98.1532 11.5858 0.5
7 652.198 -81.3948 -5.37241 0.5
7 647.365 -72.1161 7.31008 0.5
7 666.2 -95.8873 14.3869 0.5
7 644.56 -39.3799 -2.55731 0.5
7 615.958 -19.5724 1.19831 0.5
7 649.878 -64.5416 -14.9542 0.5
7 627.802 -10.2957 2.19408 0.5
7 615.016 6.59243 11.542 0.5
7 659.72 -70.1174 10.9032 0.5
7 642.551 -39.3141 9.78711 0.5
7 656.816 -62.5312 -7.72645 0.5
7 617.23 -21.7872 1.03417 0.5
7 628.54 -40.2119 -5.88293 0.5
7 650.605 -78.0149 6.77333 0.5
7 612.019 1.8176 14.9951 0.5
7 614.017 13.4261 3.05953 0.5
7 637.58 -37.9744 -14.4297 0.5
7 633.831 -50.5103 -1.41811 0.5
7 662.19 -90.4016 -13.8727 0.5
7 659.875 -83.7907 14.6752 0.5
7 643.056 -47.6353 -14.4787 0.5
7 611.759 -12.3439 0.278819 0.5
7 646.965 -66.2993 12.7056 0.5
7 628.148 -11.9824 5.99109 0.5
7 636.173 -24.7106 -1.51023 0.5
7 629.12 -23.4919 14.4774 0.5
7 643.822 -45.2099 -12.8896 0.5
7 632.684 -27.9381 13.8945 0.5
7 663.448 -94.9591 12.6355 0.5
7 633.202 -37.6588 -14.661 0.5
7 650.552 -58.3215 -13.6508 0.5
7 620.8 -7.05434 13.7685 0.5
7 659.713 -76.6656 14.526 0.5
7 629.719 -32.2907 14.5012 0.5
7 656.916 -68.5883 13.2807 0.5
7 628.429 -20.8903 14.0212 0.5
7 617.209 -11.6101 -14.2033 0.5
7 611.766 -8.68869 9.82992 0.5
7 655.955 -88.1164 4.77519 0.5
7 621.109 -0.222252 -6.89833 0.5
7 645.277 -59.8806 -14.3156 0.5
7 648.236 -71.8502 9.83829 0.5
7 614.316 -12.4119 10.5782 0.5
7 646.844 -45.2187 -7.65708 0.5
7 661.077 -68.0916 -3.09832 0.5
7 614.726 -6.26838 -14.5155 0.5
7 621.186 -20.7512 -13.2261 0.5
7 615.635 -8.79247 -14.234 0.5
7 646.312 -49.5706 -12.9181 0.5
7 657.155 -84.4941 -12.3462 0.5
7 639.3 -44.8396 14.9985 0.5
7 631.767 -45.5025 -6.53824 0.5
7 617.595 7.4836 -1.35452 0.5
7 616.209 -17.8801 7.77952 0.5
7 615.522 -3.03554 -14.9771 0.5
7 629.489 -37.6922 11.4955 0.5
7 643.117 -37.4226 4.71804 0.5
7 656.363 -59.6696 1.40554 0.5
7 665.001 -76.4302 7.24358 0.5
7 624.544 -16.3656 -14.6707 0.5
7 647.285 -46.8258 -8.92679 0.5
7 618.02 6.56709 2.68269 0.5
7 637.495 -36.4957 13.9839 0.5
7 658.886 -93.6927 2.88566 0.5
7 666.622 -81.3418 10.164 0.5
7 644.491 -55.2961 14.9474 0.5
7 647.684 -74.0222 4.01961 0.5
7 616.415 -1.49059 14.4787 0.5
7 655.68 -62.1643 -9.91372 0.5
7 618.09 -19.0596 -10.4645 0.5
7 621.927 -1.88365 7.35087 0.5
7 646.655 -53.2455 -14.2952 0.5
7 653.462 -68.939 -14.9863 0.5
7 613.732 -1.39785 -14.9866 0.5
7 640.58 -35.8557 9.73616 0.5
7 662.685 -96.366 -10.3961 0.5
7 654.917 -83.4125 9.84912 0.5
7 666.397 -90.0387 -14.8735 0.5
7 654.288 -85.2897 -4.58945 0.5
7 641.869 -54.5806 14.1128 0.5
7 639.941 -61.0928 -1.41175 0.5
7 660.42 -89.4196 -12.8189 0.5
7 618.099 1.1798 -11.601 0.5
7 633.787 -46.7802 -9.88734 0.5
7 629.884 -28.354 14.995 0.5
7 639.806 -39.1496 -13.3823 0.5
7 642.096 -64.5355 -3.25613 0.5
7 644.484 -42.1882 9.20955 0.5
7 640.791 -35.4968 8.81552 0.5
7 612.821 -11.6498 8.34558 0.5
7 657.866 -90.3115 -7.30004 0.5
7 627.756 -19.7459 -14.0288 0.5
7 629.984 -17.329 -9.52857 0.5
7 665.532 -79.9549 -10.6826 0.5
7 625.841 -29.5034 12.8336 0.5
7 664.608 -84.7689 -14.4244 0.5
7 666.17 -80.2371 9.80438 0.5
7 631.612 -40.1152 12.4398 0.5
7 658.872 -65.1901 -5.97196 0.5
7 616.776 3.56429 -11.5244 0.5
7 651.167 -56.2812 11.7506 0.5
7 613.234 -14.894 -0.489648 0.5
7 638.594 -48.2674 -14.3277 0.5
7 661.986 -95.3638 10.1763 0.5
7 632.567 -27.4402 -13.7707 0.5
7 644.302 -61.6102 12.7533 0.5
7 633.535 -41.2279 -13.6753 0.5
7 644.192 -40.2725 7.03198 0.5
7 659.576 -86.6022 13.5506 0.5
7 650.93 -71.3259 -13.6891 0.5
7 663.876 -76.7515 -10.3424 0.5
7 658.085 -74.0697 14.5818 0.5
7 645.194 -63.0065 12.8434 0.5
7 653.366 -83.9417 -3.7319 0.5
7 642.882 -66.2532 -0.171548 0.5
7 636.57 -40.8536 -14.9906 0.5
7 641.71 -64.1339 1.64201 0.5
7 621.787 -26.3409 -9.47885 0.5
7 644.33 -41.1834 -8.17186 0.5
7 635.962 -28.1821 10.105 0.5
7 636.409 -29.767 -10.9274 0.5
7 645.284 -57.4476 14.8616 0.5
7 664.942 -88.8178 -14.9861 0.5
7 652.188 -80.4755 -7.3006 0.5
7 640.191 -61.59 -0.2876 0.5
7 614.43 -15.6914 -6.06812 0.5
7 636.511 -35.8061 -14.336 0.5
7 632.498 -18.3393 -1.45081 0.5
7 636.801 -52.8504 8.82629 0.5
7 642.159 -44.2121 13.8375 0.5
7 659.612 -80.0556 14.999 0.5
7 655.392 -72.1704 14.9811 0.5
7 618.865 3.0719 -7.93752 0.5
7 630.878 -41.3053 -10.364 0.5
7 613.799 -3.89211 -14.6947 0.5
7 647.195 -43.8389 1.84794 0.5
7 662.82 -84.2078 14.9166 0.5
7 634.103 -50.9864 1.35891 0.5
7 635.461 -31.022 -13.0601 0.5
7 655.182 -77.2898 -14.2343 0.5
7 621.695 -6.43871 -12.6132 0.5
7 653.596 -76.7589 13.2935 0.5
7 619.456 -3.97254 13.417 0.5
7 656.579 -89.4783 3.83942 0.5
7 611.139 -11.0825 -2.3816 0.5
8 656.675 94.5669 9.16592 0.5
8 633.917 40.3053 -14.7029 0.5
8 613.432 21.7449 -5.51325 0.5
8 664.058 97.2802 14.8917 0.5
8 642.272 46.8136 10.2698 0.5
8 632.525 44.7349 -14.4924 0.5
8 618.611 31.6908 1.48896 0.5
8 631.336 38.0358 14.9802 0.5
8 659.943 77.5651 -10.4205 0.5
8 619.457 16.0116 14.8351 0.5
8 629.383 20.4408 -0.720747 0.5
8 614.848 24.31 5.22161 0.5
8 632.432 52.7135 -8.98801 0.5
8 633.576 35.3914 -13.1076 0.5
8 648.613 79.6374 10.2962 0.5
8 624.046 26.2696 14.9997 0.5
8 613.655 -4.68519 7.70987 0.5
8 612.964 -7.87466 -2.04895 0.5
8 619.299 11.517 13.5475 0.5
8 663.606 93.6825 14.9656 0.5
8 650.065 56.6859 -3.60921 0.5
8 657.723 99.3998 -1.80084 0.5
8 649.676 79.7852 11.8364 0.5
8 627.53 47.1163 -1.69755 0.5
8 642.347 45.1533 7.94392 0.5
8 630.254 27.3709 11.5582 0.5
8 619.446 3.23776 0.88225 0.5
8 658.995 74.8966 9.24148 0.5
8 633.327 31.0679 9.99428 0.5
8 660.777 75.2281 3.56407 0.5
8 665.341 92.41 -14.0348 0.5
8 628.325 48.5164 1.48026 0.5
8 628.6 19.1486 1.56401 0.5
8 625.666 14.2517 -2.81962 0.5
8 647.559 79.1374 -8.68189 0.5
8 616.838 12.0255 -14.9069 0.5
8 631.668 50.2594 10.3267 0.5
8 651.954 86.1039 -9.52619 0.5
8 652.724 80.4931 -14.2635 0.5
8 640.586 67.9774 -7.21565 0.5
8 623.055 38.9202 3.99745 0.5
8 651.167 87.0529 -5.64151 0.5
8 614.595 20.0481 -10.9615 0.5
8 621.953 25.3779 14.7316 0.5
8 627.56 42.6293 10.843 0.5
8 614.33 4.26662 -14.1125 0.5
8 649.116 65.3462 14.3836 0.5
8 657.661 71.8745 -8.24971 0.5
8 660.052 73.9991 3.6702 0.5
8 627.225 21.4935 11.0054 0.5
8 649.065 55.5311 5.43326 0.5
8 650.991 71.2007 -14.9091 0.5
8 653.004 88.2598 9.1004 0.5
8 623.527 36.5436 -9.90629 0.5
8 616.382 15.4375 14.7845 0.5
8 643.819 59.2421 -14.9531 0.5
8 633.797 42.1523 14.972 0.5
8 634.009 53.1422 11.4363 0.5
8 655.15 93.0495 7.48778 0.5
8 622.891 36.7733 -8.14543 0.5
8 643.425 46.9059 7.75655 0.5
8 652.014 59.6541 0.992014 0.5
8 635.951 61.7588 -1.09894 0.5
8 653.542 85.6981 -12.4067 0.5
8 647.11 62.9849 14.6674 0.5
8 634.256 50.044 -13.6676 0.5
8 658.931 73.4184 7.15613 0.5
8 662.842 104.123 -10.4649 0.5
8 621.6 11.5281 10.7961 0.5
8 653.182 61.9845 -3.17465 0.5
8 623.878 16.4536 11.6623 0.5
8 618.62 31.301 3.7651 0.5
8 633.914 28.5641 2.9531 0.5
8 641.026 46.6311 12.0309 0.5
8 637.029 61.627 -7.55125 0.5
8 630.935 32.4379 -13.8855 0.5
8 643.298 68.68 -11.882 0.5
8 637.338 63.3619 4.94555 0.5
8 650.441 73.998 14.852 0.5
8 661.678 87.3882 -14.4646 0.5
8 645.09 47.8816 -2.74388 0.5
8 629.779 33.988 -14.8494 0.5
8 616.96 5.59379 12.4869 0.5
8 628.927 49.6116 -0.790795 0.5
8 633.065 45.1592 14.6192 0.5
8 654.332 70.1712 12.3839 0.5
8 634.969 59.6697 3.55872 0.5
8 614.459 24.042 3.95605 0.5
8 620.626 24.1305 14.4906 0.5
8 614.236 -1.77187 -10.2426 0.5
8 649.137 83.9362 4.53607 0.5
8 658.007 93.7515 12.1829 0.5
8 645.473 58.7835 14.3067 0.5
8 652.778 89.3454 6.73678 0.5
8 647.738 72.2722 -14.1219 0.5
8 629.947 48.3593 9.05373 0.5
8 622.336 27.1686 -14.4701 0.5
8 641.449 60.4272 -14.427 0.5
8 615.788 3.53711 12.4685 0.5
8 632.224 49.2822 -12.0456 0.5
8 636.726 49.8813 -14.8987 0.5
8 642.57 45.8061 -8.35458 0.5
8 626.752 42.8792 8.98134 0.5
8 636.857 45.5349 14.73 0.5
8 653.527 66.0585 -9.99719 0.5
8 614.641 -3.92897 5.83539 0.5
8 651.852 61.9524 -8.45818 0.5
8 660.753 75.8382 5.58973 0.5
8 665.657 84.0888 -4.94398 0.5
8 634.389 58.9426 -2.12102 0.5
8 637.263 36.0814 -7.49971 0.5
8 665.35 107.948 -10.972 0.5
8 624.723 12.4592 1.79745 0.5
8 655.099 68.9571 10.19 0.5
8 657.444 79.0556 -14.1528 0.5
8 611.121 18.702 -1.6466 0.5
8 646.328 79.3909 3.36532 0.5
8 651.393 60.6372 7.63971 0.5
8 633.43 51.4797 11.9647 0.5
8 639.179 64.077 -9.40226 0.5
8 617.218 3.26687 -10.1041 0.5
8 624.287 24.4165 -14.8407 0.5
8 620.229 34.5595 0.474172 0.5
8 646.103 52.5777 9.25497 0.5
8 625.948 44.1143 -3.26443 0.5
8 641.119 62.0031 -13.6343 0.5
8 614.672 21.969 8.96566 0.5
8 626.328 38.3458 -12.5511 0.5
8 619.68 28.9334 10.8891 0.5
8 665.756 97.0401 -14.9362 0.5
8 621.705 8.32506 -5.88287 0.5
8 624.209 40.1855 6.0531 0.5
8 648.645 69.4909 -14.9834 0.5
8 615.353 18.1537 13.2502 0.5
8 633.103 31.5283 10.8697 0.5
8 632.782 31.4409 -11.2968 0.5
8 662.251 105.303 7.56634 0.5
8 661.865 100.12 -12.4025 0.5
8 636.284 34.3501 -7.44022 0.5
8 649.611 64.8488 -13.9116 0.5
8 617.489 2.44098 8.46948 0.5
8 645.617 57.4966 -13.7286 0.5
8 657.639 97.9289 -6.40084 0.5
8 643.527 56.6885 14.6475 0.5
8 633.737 56.1621 7.1272 0.5
8 646.555 50.308 2.0675 0.5
8 647.037 55.5775 -10.7864 0.5
8 662.164 105.455 -7.02377 0.5
8 653.241 76.8978 14.9992 0.5
8 654.693 69.3459 11.2551 0.5
8 648.818 70.507 14.9324 0.5
8 634.033 42.8537 -14.987 0.5
8 634.487 29.3025 -1.08722 0.5
8 629.781 27.9238 12.5681 0.5
8 629.455 45.6184 11.117 0.5
8 631.644 46.8946 -12.9586 0.5
8 635.471 34.3824 9.52717 0.5
8 660.675 104.461 2.1943 0.5
8 664.046 80.5544 1.67416 0.5
8 660.854 77.2418 7.99796 0.5
8 652.777 74.1525 14.8928 0.5
8 636.682 59.7851 9.36146 0.5
8 620.5 14.9238 -14.1016 0.5
8 656.061 91.3689 11.409 0.5
8 664.294 103.75 -12.7756 0.5
8 654.642 90.266 -10.0968 0.5
8 666.481 85.1468 3.71739 0.5
8 622.867 38.9787 2.16569 0.5
8 635.606 60.6046 -4.19185 0.5
8 644.843 49.1452 -7.387 0.5
8 620.735 32.6938 -8.65665 0.5
8 641.389 47.5504 12.2422 0.5
8 639.348 37.6901 0.467903 0.5
8 624.352 37.0301 -10.8851 0.5
8 636.472 33.6579 -5.27317 0.5
8 641.812 45.2521 -9.3888 0.5
9 840.522 101.533 14.9214 0.5
9 785.191 114.997 0.289359 0.5
9 726.98 108.53 12.3388 0.5
9 875.933 85.0079 -0.487829 0.5
9 697.318 100.202 -14.9986 0.5
9 865.888 91.8706 -12.6061 0.5
9 700.423 85.0226 -0.823728 0.5
9 767.447 114.335 4.4163 0.5
9 819.14 101.729 -14.9 0.5
9 877.44 104.837 14.1988 0.5
9 836.057 113.293 6.94942 0.5
9 690.166 92.7442 -13.1283 0.5
9 819.841 98.915 -14.9607 0.5
9 970.344 99.2352 14.9805 0.5
9 819.001 85.2751 -2.85969 0.5
9 905.773 85.1008 -1.73578 0.5
9 684.714 95.7618 -14.3888 0.5
9 914.914 88.4927 -9.62197 0.5
9 864.826 101.54 14.9207 0.5
9 724.675 95.5884 14.3366 0.5
9 723.623 91.3571 -12.2597 0.5
9 771.14 94.7021 14.0332 0.5
9 991.004 92.9004 -13.2135 0.5
9 854.174 85.7215 -4.596 0.5
9 973.989 85.4152 3.50465 0.5
9 921.757 96.8455 -14.6646 0.5
9 780.921 106.568 13.4854 0.5
9 675.988 111.705 9.38016 0.5
9 936.55 107.153 -13.1845 0.5
9 705.553 93.6217 -13.5763 0.5
9 700.25 100.086 14.9998 0.5
9 935.205 86.4619 -6.45912 0.5
9 852.381 112.6 -8.1394 0.5
9 702.444 109.861 11.3035 0.5
9 822.821 111.242 9.93089 0.5
9 902.366 112.404 8.4344 0.5
9 824.426 114.996 -0.33416 0.5
9 973.396 100.225 14.9983 0.5
9 910.903 110.583 10.63 0.5
9 834.952 100.924 -14.9715 0.5
9 911.402 114.879 -1.89857 0.5
9 757.276 89.398 -10.6112 0.5
9 846.025 86.0428 -5.49516 0.5
9 936.269 113.328 6.88206 0.5
9 832.089 112.881 -7.68637 0.5
9 694.837 112.457 8.35567 0.5
9 882.343 104.234 14.3901 0.5
9 687.169 110.805 -10.4045 0.5
9 766.604 95.8918 -14.4265 0.5
9 932.644 100.463 14.9928 0.5
9 708.056 87.4514 -8.21789 0.5
9 884.018 107.746 -12.8453 0.5
9 894.25 112.276 -8.61945 0.5
9 897.823 109.149 11.8865 0.5
9 911.801 85.0459 -1.17262 0.5
9 757.467 114.874 1.93643 0.5
9 715.235 86.7143 6.96353 0.5
9 778.928 114.986 0.643245 0.5
9 983.469 99.1544 -14.9761 0.5
9 960.052 96.6904 14.6303 0.5
9 751.482 103.583 14.5657 0.5
9 911.299 93.0332 13.284 0.5
9 690.209 111.099 10.0899 0.5
9 851.279 94.2648 13.8603 0.5
9 686.823 110.822 10.3866 0.5
9 707.701 108.922 -12.058 0.5
9 952.932 85.2217 -2.56916 0.5
9 797.631 101.176 14.9538 0.5
9 932.331 86.3012 6.11077 0.5
9 897.793 107.031 13.2503 0.5
9 942.459 94.2204 13.8418 0.5
9 904.915 89.6225 -10.8308 0.5
9 781.267 110.828 10.3804 0.5
9 947.38 100.942 14.9704 0.5
9 827.873 85.1859 -2.35422 0.5
9 885.389 93.6171 13.5742 0.5
9 960.128 114.478 3.92438 0.5
9 860.74 114.997 0.274622 0.5
9 799.077 107.478 -13.0028 0.5
9 810.266 92.8396 -13.1806 0.5
9 928.186 111.063 -10.1294 0.5
9 938.036 85.7413 4.65704 0.5
9 758.798 105.724 -13.865 0.5
9 691.533 107.464 -13.0114 0.5
9 758.606 86.8124 -7.14747 0.5
9 936.834 85.0004 -0.105771 0.5
9 925.482 109.007 11.9947 0.5
9 986.946 94.4948 -13.9532 0.5
9 670.612 85.0746 1.49408 0.5
9 771.855 86.9271 -7.3552 0.5
9 985.94 110.221 10.9787 0.5
9 755.505 113.447 -6.64568 0.5
9 689.17 107.723 12.8588 0.5
9 833.242 91.9868 -12.6802 0.5
9 842.87 89.0987 10.3035 0.5
9 719.582 111.688 9.40146 0.5
9 879.853 107.975 12.7043 0.5
9 773.124 87.1276 -7.70079 0.5
9 906.873 112.604 -8.13221 0.5
9 918.895 110.225 -10.9745 0.5
9 825.751 114.917 -1.57663 0.5
9 862.911 102.385 14.8092 0.5
9 922.041 114.476 -3.93059 0.5
9 996.794 113.365 -6.80932 0.5
9 862.057 88.6879 9.85076 0.5
9 736.925 103.239 14.6461 0.5
9 709.65 87.4517 -8.21827 0.5
9 791.581 85.879 5.0595 0.5
9 712.932 114.415 -4.14777 0.5
9 838.191 87.9539 8.93817 0.5
9 741.568 104.908 -14.1742 0.5
9 750.823 85.0071 -0.460984 0.5
9 877.705 85.9759 5.32199 0.5
9 849.987 106.44 13.5472 0.5
9 980.966 114.134 5.022 0.5
9 841.948 96.9011 -14.6764 0.5
9 764.22 85.0456 -1.16878 0.5
9 720.088 114.692 -3.02478 0.5
9 839.329 85.0646 -1.39031 0.5
9 737.358 114.633 3.29692 0.5
9 976.07 85.7356 -4.63978 0.5
9 966.074 85.5134 -3.89083 0.5
9 925.667 105.258 14.0483 0.5
9 734.255 89.3624 -10.5755 0.5
9 869.726 113.037 7.41945 0.5
9 801.697 103.151 14.6653 0.5
9 910.786 86.364 -6.24973 0.5
9 819.623 91.016 -12.012 0.5
9 942.778 110.596 10.6177 0.5
9 741.112 85.0031 0.30324 0.5
9 983.196 96.5181 14.5903 0.5
9 845.572 109.762 -11.3886 0.5
9 721.47 85.1252 1.93377 0.5
9 947.506 111.163 -10.0189 0.5
9 851.2 114.118 -5.06734 0.5
9 999.847 88.4177 9.53156 0.5
9 847.986 86.4834 -6.50397 0.5
9 790.053 85.5678 -4.08782 0.5
9 780.044 102.963 14.7044 0.5
9 863.313 87.4855 -8.26968 0.5
9 984.475 113.942 -5.53466 0.5
9 734.963 109.786 -11.3682 0.5
9 950.488 97.6609 14.8165 0.5
9 920.978 113.3 6.93553 0.5
9 907.847 110.078 -11.1101 0.5
9 712.404 87.5519 8.36926 0.5
9 839.847 91.975 -12.6728 0.5
9 962.344 95.5744 14.3323 0.5
9 811.821 109.655 -11.4797 0.5
9 964.728 100.596 14.9882 0.5
9 678.763 114.206 4.81643 0.5
9 883.545 114.978 -0.814269 0.5
9 756.447 85.0223 0.81835 0.5
9 806.709 110.999 -10.1992 0.5
9 784.087 112.223 -8.69494 0.5
9 920.396 109.266 -11.7959 0.5
9 754.193 87.1311 -7.70662 0.5
9 678.882 87.6467 8.50861 0.5
9 727.014 115 0.116582 0.5
9 938.748 114.187 -4.87027 0.5
9 882.636 94.9188 -14.1132 0.5
9 827.62 85.0081 0.492568 0.5
9 710.459 90.8935 11.9193 0.5
9 954.714 109.089 -11.933 0.5
9 713.043 100.892 14.9734 0.5
9 685.507 113.641 -6.2394 0.5
9 883.881 114.858 -2.05635 0.5
9 955.339 88.5761 9.7208 0.5
9 942.6 101.689 -14.9046 0.5
9 940.594 104.888 -14.1812 0.5
9 939.805 103.003 -14.6963 0.5
9 922.425 98.1627 -14.887 0.5
9 987.594 91.9279 12.6428 0.5
9 934.231 114.684 -3.06069 0.5
9 772.786 113.836 -5.79325 0.5
9 747.483 103.332 14.6253 0.5
9 814.348 86.8924 7.29329 0.5
9 794.332 85.9419 5.23165 0.5
9 824.29 88.3858 -9.49265 0.5
9 966.396 110.186 11.0111 0.5
9 694.734 114.776 -2.58179 0.5
9 788.852 92.9474 -13.2386 0.5
9 910.523 114.715 -2.90995 0.5
