0 42.5905 190.167 -43.2418 0.5
0 61.1531 54.212 88.9014 0.5
0 96.8525 70.9024 95.673 0.5
0 42.6696 161.134 -79.1372 0.5
0 76.4594 34.1607 75.2675 0.5
0 45.4379 57.0927 -90.327 0.5
0 53.2616 142.751 -90.4012 0.5
0 58.1556 91.4051 99.63 0.5
0 10.7042 195.36 30.1061 0.5
0 15.8194 197.89 -20.4348 0.5
0 38.3998 87.6486 -99.2343 0.5
0 101.654 95.0862 -99.8792 0.5
0 18.5384 199.163 12.9124 0.5
0 52.0324 34.2108 75.3112 0.5
0 81.7572 47.8611 85.3319 0.5
0 53.0304 36.2292 -77.0278 0.5
0 83.7782 137.981 -92.5067 0.5
0 15.5882 4.8309 30.7057 0.5
0 49.8194 195.419 -29.9204 0.5
0 103.464 162.883 -77.7544 0.5
0 45.1096 183.864 -54.4684 0.5
0 73.9833 176.214 -64.7408 0.5
0 30.4843 83.468 -98.624 0.5
0 24.6428 96.1409 99.9255 0.5
0 82.7376 75.408 96.929 0.5
0 25.52 140.655 91.3629 0.5
0 57.9694 193.338 -35.8897 0.5
0 48.1304 144.117 -89.7426 0.5
0 87.1041 109.807 99.5179 0.5
0 24.7129 85.0354 98.874 0.5
0 25.7389 108.881 -99.6049 0.5
0 108.447 150.863 86.0987 0.5
0 69.5862 173.698 -67.5913 0.5
0 72.6045 56.0791 -89.8385 0.5
0 100.288 144.815 -89.3959 0.5
0 16.9084 194.725 -32.0503 0.5
0 35.5422 3.17088 -24.9824 0.5
0 106.747 197.045 24.1288 0.5
0 48.345 19.758 59.676 0.5
0 6.76006 176.686 64.1812 0.5
0 59.0665 154.024 84.1509 0.5
0 62.5885 127.171 96.238 0.5
0 101.933 92.6512 -99.7296 0.5
0 109.168 29.0913 70.5121 0.5
0 73.4171 175.558 -65.5057 0.5
0 75.3788 169.632 71.7734 0.5
0 40.018 103.786 -99.9283 0.5
0 43.6547 188.126 -47.2636 0.5
0 87.5236 54.7661 89.1846 0.5
0 108.033 153.415 84.5391 0.5
0 6.45585 86.623 -99.1012 0.5
0 104.967 76.9225 97.3007 0.5
0 16.5401 128.906 -95.7312 0.5
0 57.8638 197.984 19.9801 0.5
0 95.6246 193.88 34.446 0.5
0 13.0153 22.7178 63.4623 0.5
0 108.565 191.589 40.1437 0.5
0 24.9488 181.106 -58.4959 0.5
0 52.6072 138.736 92.1927 0.5
0 16.7856 131.661 94.8555 0.5
0 45.7242 101.171 -99.9931 0.5
0 80.4484 157.283 81.9678 0.5
0 74.2955 79.773 97.933 0.5
0 74.3747 69.5903 -95.2641 0.5
0 34.4245 75.577 -96.9717 0.5
0 78.2973 199.273 -12.0386 0.5
0 37.6515 117.221 98.506 0.5
0 86.7775 14.6737 -52.1481 0.5
0 30.3817 184.917 -52.8116 0.5
0 91.061 9.76821 -43.1071 0.5
0 0.107699 187.801 -47.8641 0.5
0 23.5229 0.500986 9.99731 0.5
0 15.0025 167.093 -74.1523 0.5
0 57.929 35.8367 76.7012 0.5
0 77.2398 167.981 -73.3392 0.5
0 72.0456 199.875 4.99664 0.5
0 67.7924 21.3495 61.7584 0.5
0 82.5095 193.04 36.6558 0.5
0 16.4192 191.591 40.1373 0.5
0 34.7789 29.611 71.0309 0.5
0 0.991694 192.795 37.2698 0.5
0 88.1389 161.596 -78.7776 0.5
0 101.325 197.637 -21.6086 0.5
1 135.322 -37.1493 30.5665 0.5
1 133.252 114.396 84.9589 0.5
1 162.975 -66.4597 64.2503 0.5
1 115.032 61.6416 -94.8866 0.5
1 116.811 63.2363 96.3162 0.5
1 138.244 25.2763 -96.0787 0.5
1 127.236 -27.9276 -0.622778 0.5
1 128.939 -30.8633 -1.77311 0.5
1 147.056 71.7301 -94.0465 0.5
1 125.82 113.671 -92.0189 0.5
1 112.166 191.346 36.314 0.5
1 165.565 73.5784 -73.4176 0.5
1 120.727 173.86 -42.5086 0.5
1 126.891 25.026 87.9213 0.5
1 119.21 -3.39672 -44.8674 0.5
1 144.177 45.8483 99.9513 0.5
1 119.835 49.8962 93.6773 0.5
1 143.769 124.311 -58.8135 0.5
1 157.749 -49.8184 72.343 0.5
1 145.676 59.7179 -98.063 0.5
1 112.924 192.377 -29.6093 0.5
1 144.257 -46.7282 -44.9698 0.5
1 151.678 -43.0995 -68.5195 0.5
1 112.703 128.535 94.9777 0.5
1 130.768 28.7395 -92.8177 0.5
1 156.533 106.702 52.068 0.5
1 134.181 144.087 -54.189 0.5
1 155.43 123.1 -5.25331 0.5
1 165.986 91.3859 50.2954 0.5
1 122.197 131.913 85.9498 0.5
1 128.723 -16.4236 -51.1667 0.5
1 163.488 72.3884 77.5718 0.5
1 143.788 141.545 19.1809 0.5
1 144.027 18.8625 -97.0464 0.5
1 119.703 181.438 26.8796 0.5
1 118.942 151.561 -75.8868 0.5
1 152.023 87.0507 81.5235 0.5
1 114.963 193.231 4.41798 0.5
1 129.465 26.5121 90.8918 0.5
1 144.374 140.459 -19.5438 0.5
1 163.096 48.4971 -92.2757 0.5
1 155.645 20.054 99.9605 0.5
1 129.635 87.5365 -98.0562 0.5
1 154.023 20.2522 99.8529 0.5
1 121.579 19.8121 -78.4148 0.5
1 115.829 1.47928 -42.8606 0.5
1 133.877 -22.315 55.9507 0.5
1 156.033 -44.2702 74.7165 0.5
1 124.837 -12.7519 -45.6405 0.5
1 119.769 14.1352 -70.5526 0.5
1 152.608 60.6563 94.5605 0.5
1 115.47 105.146 99.1907 0.5
1 155.271 103.888 59.4972 0.5
1 144.298 139.607 -23.9546 0.5
1 127.91 51.0789 -98.0154 0.5
1 122.761 -13.0733 -37.0182 0.5
1 127.379 -28.0164 5.64661 0.5
1 122.9 141.575 -78.4651 0.5
1 114.122 7.89241 -49.4935 0.5
1 149.849 -40.8175 -67.565 0.5
1 143.375 -52.9358 -24.0984 0.5
1 159.689 -69.6716 -51.8086 0.5
1 155.213 74.7975 -85.9083 0.5
1 153.708 125.743 9.75137 0.5
1 155.743 116.274 -35.2577 0.5
1 112.747 77.3561 -98.0183 0.5
1 139.382 -43.1863 -33.5041 0.5
1 138.829 148.72 -25.3672 0.5
1 122.328 118.508 92.5251 0.5
1 133.836 141.66 58.6152 0.5
1 116.658 25.2404 -75.8623 0.5
1 129.119 168.597 -6.51274 0.5
1 161.29 52.887 -91.7385 0.5
1 145.903 65.0745 -96.7374 0.5
1 147.374 66.9532 -95.4682 0.5
1 134.464 -39.3834 14.5595 0.5
1 136.1 -30.0966 49.6305 0.5
1 121.896 22.4394 -80.8269 0.5
1 146.834 -47.4737 51.6977 0.5
1 137.26 44.5621 -99.484 0.5
1 116.834 7.67726 -56.6447 0.5
1 155.628 21.1518 -99.9848 0.5
1 159.727 111.611 28.62 0.5
1 157.24 96.8913 64.0587 0.5
2 210.207 20.6714 -81.091 0.5
2 171.136 -86.0144 22.083 0.5
2 215.436 82.3935 -99.8286 0.5
2 177.28 -75.1063 23.2285 0.5
2 218.978 12.2271 -57.0147 0.5
2 170.903 110.95 -5.69874 0.5
2 169.56 78.1306 72.0512 0.5
2 177.215 -43.1141 -75.8563 0.5
2 185.01 65.1539 -95.5166 0.5
2 204.326 -30.6534 -8.29423 0.5
2 179.576 -29.1139 83.3518 0.5
2 184.775 25.8045 -99.5633 0.5
2 201.75 -20.1685 53.1438 0.5
2 186.403 88.6301 86.2117 0.5
2 193.764 -46.5352 -23.3135 0.5
2 215.537 174.522 50.8582 0.5
2 182.862 111.134 -60.9134 0.5
2 171.798 112.415 7.03486 0.5
2 193.513 -13.1474 -77.3156 0.5
2 210.923 14.123 74.8565 0.5
2 202.043 9.28711 83.0098 0.5
2 174.418 27.658 99.4516 0.5
2 168.245 102.799 26.9847 0.5
2 176.245 -34.1405 83.8404 0.5
2 220.884 17.1617 -59.2998 0.5
2 204.156 133.823 75.8948 0.5
2 215.878 17.3234 -69.7204 0.5
2 218.407 81.2107 -99.2553 0.5
2 173.91 -80.5545 -24.8004 0.5
2 213.452 174.586 44.0486 0.5
2 187.459 -8.30762 87.674 0.5
2 220.048 -3.65747 -4.64156 0.5
2 217.847 105.939 99.0823 0.5
2 176.428 120.357 8.06657 0.5
2 188.115 83.1419 -90.6518 0.5
2 180.321 -72.4345 5.29354 0.5
2 174.456 -82.7073 -2.28487 0.5
2 193.863 4.82103 88.7607 0.5
2 179.097 -12.56 -92.554 0.5
2 215.925 149.656 -79.5749 0.5
2 204.318 -24.7499 34.8279 0.5
2 183.267 101.816 -72.1054 0.5
2 197.402 -42.5669 9.18413 0.5
2 216.493 65.2973 -96.8813 0.5
2 173.095 -50.6977 -75.47 0.5
2 174.584 -80.2673 -21.0651 0.5
2 173.454 -39.5194 -83.4827 0.5
2 197.51 -12.4365 71.7717 0.5
2 197.641 156.34 -14.6892 0.5
2 184.205 64.6646 95.2313 0.5
2 207.721 71.5363 99.944 0.5
2 217.846 171.037 -61.8004 0.5
2 192.583 147.939 12.0213 0.5
2 195.481 150.24 26.0167 0.5
2 218.323 119.827 96.4026 0.5
2 196.822 45.0234 99.3951 0.5
2 179.161 76.0205 86.2506 0.5
2 188.107 -57.3974 -18.3132 0.5
2 218.495 162.78 72.1554 0.5
2 174.896 26.2214 -99.6639 0.5
2 177.622 -24.9267 87.9027 0.5
2 188.175 108.673 73.6497 0.5
2 186.3 11.0265 -96.3544 0.5
2 192.778 117.581 72.7794 0.5
2 208.129 52.7925 -97.3669 0.5
2 220.155 120.46 97.0671 0.5
2 218.825 190.219 27.6442 0.5
2 179.598 98.8419 -68.6968 0.5
2 210.218 179.117 4.25479 0.5
2 197.54 -20.6834 -62.6627 0.5
2 210.987 125.032 89.5572 0.5
2 183.175 95.9649 -77.1715 0.5
2 168.196 90.7283 53.7848 0.5
2 174.306 115.498 -17.3061 0.5
2 195.901 -5.29045 80.2231 0.5
2 183.485 84.6797 85.5536 0.5
2 169.769 -79.766 -45.7639 0.5
2 220.21 173.612 -63.686 0.5
2 167.668 54.9166 -86.9422 0.5
2 216.895 49.3606 91.0223 0.5
2 217.329 143.543 85.4061 0.5
2 196.342 47.3181 99.6909 0.5
2 192.081 35.6121 -99.2552 0.5
2 168.017 -31.3299 92.7253 0.5
2 199.23 -39.7998 -2.22053 0.5
2 175.473 -28.2773 -88.1033 0.5
2 181.762 112.639 -56.1939 0.5
2 210.035 157.079 -62.3434 0.5
2 176.728 -78.4603 -8.21665 0.5
3 298.39 18.9618 -58.5902 0.5
3 270.593 13.1008 -49.4827 0.5
3 306.47 0.664044 11.5051 0.5
3 264.263 33.9939 -75.1212 0.5
3 231.749 183.178 -55.5101 0.5
3 264.624 55.5582 89.582 0.5
3 253.177 189.567 -44.4714 0.5
3 246.165 170.912 -70.5086 0.5
3 285.024 38.4273 -78.796 0.5
3 245.198 74.9652 -96.8156 0.5
3 224.389 122.571 -97.4196 0.5
3 283.53 16.1922 -54.555 0.5
3 274.862 15.8949 -54.0956 0.5
3 297.996 68.6818 94.9693 0.5
3 282.503 192.333 38.401 0.5
3 288.332 152.397 85.1735 0.5
3 252.205 40.2105 -80.1574 0.5
3 294.43 2.1755 20.7453 0.5
3 248.995 19.2084 -58.9297 0.5
3 268.921 123.696 97.152 0.5
3 282.615 1.00172 14.1188 0.5
3 323.743 193.404 -35.7177 0.5
3 242.909 176.2 64.7582 0.5
3 326.691 194.68 32.1816 0.5
3 228.506 171.493 69.9198 0.5
3 255.588 195.633 29.2297 0.5
3 259.87 92.4395 -99.7138 0.5
3 332.003 4.03517 -28.1203 0.5
3 257.653 45.9042 84.105 0.5
3 290.162 24.0216 65.0175 0.5
3 326.921 22.0124 62.5934 0.5
3 311.028 0.542449 10.4017 0.5
3 327.626 1.02869 14.3066 0.5
3 325.091 90.5511 99.5526 0.5
3 234.168 0.057736 3.39763 0.5
3 286.666 16.4385 54.9316 0.5
3 253.513 199.625 8.65781 0.5
3 259.137 35.0683 -76.0518 0.5
3 300.76 127.594 -96.1175 0.5
3 277.07 2.13624 -20.5593 0.5
3 234.137 10.7695 -45.1434 0.5
3 290.545 64.1348 93.3471 0.5
3 317.653 16.4978 55.0216 0.5
3 318.063 45.1873 -83.6395 0.5
3 278.83 82.7003 98.4922 0.5
3 285.673 0.287537 7.57791 0.5
3 295.94 187.866 47.7457 0.5
3 312.164 80.5027 -98.0809 0.5
3 324.605 34.6009 75.6503 0.5
3 257.335 14.6363 -52.0868 0.5
3 286.834 173.08 68.2588 0.5
3 280.625 192.142 -38.8575 0.5
3 224.784 55.9944 89.797 0.5
3 249.566 118.908 98.1962 0.5
3 248.18 83.5407 98.6362 0.5
3 299.502 19.823 59.7633 0.5
3 325.891 130.132 95.3522 0.5
3 259.227 81.8722 98.3432 0.5
3 226.118 1.12295 -14.9442 0.5
3 308.218 141.921 -90.7889 0.5
3 257.238 57.1423 -90.3505 0.5
3 319.091 85.5162 98.9455 0.5
3 267.587 27.0605 68.4092 0.5
3 279.127 65.0946 93.7102 0.5
3 277.979 113.021 -99.1486 0.5
3 266.776 71.4258 95.8307 0.5
3 289.102 150.254 86.4553 0.5
3 248.953 131.363 94.9544 0.5
3 262.265 186.941 -49.4099 0.5
3 328.105 159.111 -80.6591 0.5
3 224.202 29.2106 -70.6318 0.5
3 263.038 76.6025 97.2243 0.5
3 297.503 86.6522 -99.1052 0.5
3 308.566 149.862 86.6819 0.5
3 267.907 41.8512 81.3555 0.5
3 291.504 83.5156 -98.632 0.5
3 250.521 188.424 -46.7027 0.5
3 311.829 0.045931 -3.03053 0.5
3 243.761 195.613 29.2956 0.5
3 271.973 198.075 -19.5271 0.5
3 288.835 153.361 84.5729 0.5
3 236.566 98.7486 -99.9922 0.5
3 231.393 187.264 -48.8359 0.5
3 254.209 169.353 72.0426 0.5
3 298.93 107.245 99.7372 0.5
3 295.309 145.136 89.2342 0.5
4 378.267 121.438 12.1046 0.5
4 378.046 95.3239 68.5904 0.5
4 352.584 -6.84378 67.8066 0.5
4 371.428 112.74 -61.6662 0.5
4 378.435 95.7717 -67.381 0.5
4 366.664 -35.2397 -63.1856 0.5
4 338.714 78.138 99.2103 0.5
4 377.734 109.284 -50.7122 0.5
4 379.635 -66.8053 49.9894 0.5
4 383.127 -25.7106 -91.8828 0.5
4 360.905 -21.7568 -67.2591 0.5
4 368.617 -49.3723 47.014 0.5
4 350.011 170.318 -12.5796 0.5
4 346.125 175.822 -20.0099 0.5
4 382.021 -52.2488 -73.3957 0.5
4 345.864 33.3889 -89.3495 0.5
4 338.808 159.569 -72.3323 0.5
4 387.026 -72.0469 61.2476 0.5
4 364.8 -42.4545 47.5842 0.5
4 385.576 50.1907 -91.353 0.5
4 373.031 130.6 -11.3103 0.5
4 360.101 94.6996 -91.1806 0.5
4 344.234 164.66 54.9626 0.5
4 350.163 -28.7773 -8.61804 0.5
4 363.097 146.504 -19.6248 0.5
4 366.437 -56.323 -14.2059 0.5
4 339.865 188.641 3.0266 0.5
4 386.094 99.166 -42.4343 0.5
4 342.264 155.83 -70.1172 0.5
4 361.227 147.691 -27.9835 0.5
4 362.655 0.557043 -87.3644 0.5
4 385.496 68.9657 80.5099 0.5
4 364.686 28.3088 98.4768 0.5
4 369.395 -37.5138 -66.0837 0.5
4 376.246 -63.506 45.244 0.5
4 337.485 192.126 -11.6733 0.5
4 367.955 41.1288 -99.994 0.5
4 351.07 92.644 97.2322 0.5
4 364.688 88.8541 90.2053 0.5
4 361.58 13.5596 92.6961 0.5
4 388.493 -84.8008 -45.0815 0.5
4 359.41 112.956 81.3742 0.5
4 347.601 175.241 -3.03283 0.5
4 349.555 -14.5578 50.2451 0.5
4 388.75 -92.3014 26.8892 0.5
4 350.043 12.9791 -81.4059 0.5
4 378.751 34.7039 99.1023 0.5
4 364.327 132.356 -50.9655 0.5
4 353.053 151.16 52.1642 0.5
4 357.941 -24.2164 -57.8136 0.5
4 350.991 161.002 40.1474 0.5
4 347.409 96.6654 -97.7602 0.5
4 371.563 81.1905 -88.0487 0.5
4 348.214 -20.9222 -30.7725 0.5
4 363.947 -48.3517 -30.21 0.5
4 378.833 114.289 36.5113 0.5
4 388.342 56.9242 -85.2938 0.5
4 358.065 -31.2246 -46.7718 0.5
4 385.801 6.77428 99.9724 0.5
4 335.071 136.984 91.6538 0.5
4 379.496 -15.9904 -93.2818 0.5
4 356.389 -7.55248 -73.6731 0.5
4 353.569 26.663 -92.3799 0.5
4 386.554 102.465 -32.2826 0.5
4 363.503 -28.895 64.2362 0.5
4 344.589 65.9229 -98.9312 0.5
4 354.893 -4.99994 -73.6371 0.5
4 355.255 30.6155 -94.9373 0.5
4 377.698 -63.7876 49.4011 0.5
4 378.084 122.369 -4.89469 0.5
4 341.577 183.718 19.9156 0.5
4 377.647 113.879 -42.2559 0.5
4 374.967 121.891 34.1091 0.5
4 340.803 164.489 63.2853 0.5
4 359.921 153.839 4.66915 0.5
4 386.095 108.608 1.14622 0.5
4 336.585 129.099 93.7753 0.5
4 354.488 73.5838 -99.4758 0.5
4 342.733 -0.412008 -54.0536 0.5
4 360.583 109.783 82.1777 0.5
4 356.537 -37.6219 22.5163 0.5
4 346.714 6.22297 -70.8204 0.5
4 377.393 -75.7477 -10.6164 0.5
4 373.646 109.203 61.2774 0.5
4 378.012 73.8645 -85.8685 0.5
4 364.148 90.6981 -89.7655 0.5
4 362.045 -46.5364 25.0705 0.5
4 380.232 -66.7326 -51.8598 0.5
4 366.038 -31.51 -66.2969 0.5
4 348.104 16.969 -81.8522 0.5
4 362.81 -43.9266 -37.0812 0.5
4 341.341 -3.53054 -44.2837 0.5
4 367.821 123.283 -55.7508 0.5
4 342.739 34.2016 86.8855 0.5
4 373.231 -24.2429 83.4252 0.5
4 361.822 24.6101 -96.5485 0.5
4 356.636 146.435 49.6616 0.5
4 363.529 82.9037 -93.5984 0.5
4 347.637 45.9923 95.6316 0.5
5 374.039 39.7488 78.7001 0.5
5 364.755 -99.4966 -78.8754 0.5
5 371.546 64.9468 -40.995 0.5
5 365.897 -91.1615 83.4419 0.5
5 339.359 -174.433 -38.1903 0.5
5 345.304 -171.491 -6.70551 0.5
5 375.427 -28.6466 99.5846 0.5
5 379.939 -75.122 77.3377 0.5
5 345.487 -167.518 27.5876 0.5
5 339.756 14.5809 28.32 0.5
5 370.316 -7.75437 -97.8469 0.5
5 353.535 -129.418 69.4409 0.5
5 377.243 80.3524 25.2923 0.5
5 353.823 -26.7988 95.343 0.5
5 336.634 -182.955 27.2284 0.5
5 356.145 -113.398 -79.6542 0.5
5 367.706 -72.2993 -91.9179 0.5
5 340.663 -121.5 -90.8696 0.5
5 335.754 9.32901 -21.8399 0.5
5 383.016 -104.611 18.8146 0.5
5 361.937 54.3164 23.4034 0.5
5 381.668 -105.309 25.9376 0.5
5 378.278 62.0541 -64.2143 0.5
5 366.58 -115.875 -58.6288 0.5
5 369.134 -96.0269 -75.4886 0.5
5 343.504 19.1951 34.0359 0.5
5 366.162 -58.5438 -97.3297 0.5
5 354.662 -15.4014 91.6047 0.5
5 362.275 31.2709 -67.7068 0.5
5 366.322 -99.5753 76.6181 0.5
5 352.755 26.7591 -51.7475 0.5
5 356.677 -83.1509 -95.0299 0.5
5 349.144 -28.0173 92.8844 0.5
5 381.472 -101.86 -37.2884 0.5
5 334.782 -143.503 84.4456 0.5
5 336.89 -139.233 -84.8349 0.5
5 368.368 33.4161 75.8356 0.5
5 351.6 -98.991 92.4243 0.5
5 379.408 84.9166 -21.9401 0.5
5 373.624 61.4658 54.0557 0.5
5 369.377 46.9836 63.7998 0.5
5 358.873 37.9387 50.7709 0.5
5 386.431 -1.58664 99.9939 0.5
5 346.548 -63.64 -99.8245 0.5
5 353.432 -148.202 -42.407 0.5
5 365.033 10.3032 87.8098 0.5
5 352.949 -83.1629 -96.9044 0.5
5 384.358 -12.9556 99.6047 0.5
5 379.308 -46.2714 -94.2388 0.5
5 351.914 -22.3387 92.528 0.5
5 374.887 -86.6859 74.9421 0.5
5 378.977 -19.1382 -99.8348 0.5
5 381.307 -70.1315 -79.4132 0.5
5 377.838 -62.0245 -88.4475 0.5
5 367.856 -113.726 -58.5455 0.5
5 345.038 1.58467 67.5217 0.5
5 388.824 83.5288 60.1778 0.5
5 337.285 10.1269 -28.904 0.5
5 343.796 -62.4681 99.2943 0.5
5 375.116 -8.28589 99.3021 0.5
5 343.144 -54.4176 -97.7615 0.5
5 340.821 20.5189 -0.20018 0.5
5 341.157 -0.474729 62.0456 0.5
5 361.952 -40.657 99.9753 0.5
5 342.583 -106.888 95.2482 0.5
5 343.552 -102.303 96.1295 0.5
5 357.973 -38.4304 -99.3547 0.5
5 352.472 -50.5789 99.6189 0.5
5 336.105 -99.1728 99.3338 0.5
5 370.04 -114.614 -51.4641 0.5
5 376.843 -116.111 13.9603 0.5
5 381.172 -65.8555 -82.6696 0.5
5 352.521 -99.7259 -91.4277 0.5
5 369.797 -85.5821 -82.6527 0.5
5 374.023 53.4138 65.7028 0.5
5 384.603 82.6974 50.4409 0.5
5 344.22 26.3791 -2.29434 0.5
5 345.375 -83.9074 -99.239 0.5
5 356.232 -70.1134 -98.4877 0.5
5 359.544 -23.9294 -97.29 0.5
5 348.671 -157.069 41.0561 0.5
5 335.408 -22.3581 74.6861 0.5
6 410.076 -5.77129 49.8677 0.5
6 359.415 -11.5048 58.7185 0.5
6 356.11 6.7151 12.8944 0.5
6 436.449 -30.3389 78.3722 0.5
6 424.305 -155.643 -77.5024 0.5
6 431.872 -74.3464 -98.3476 0.5
6 354.555 -192.433 1.86075 0.5
6 419.672 -117.915 96.7034 0.5
6 388.976 -86.1736 99.8028 0.5
6 366.104 3.79989 27.1282 0.5
6 414.314 -180.747 46.9434 0.5
6 404.968 -185.346 -37.0176 0.5
6 389.179 -169.655 -63.556 0.5
6 431.849 5.99043 17.5916 0.5
6 350.841 -71.9631 -97.8789 0.5
6 433.525 -14.9577 -63.2054 0.5
6 403.774 -123.308 95.1199 0.5
6 385.681 -17.6073 -66.3216 0.5
6 438.762 -172.323 60.1694 0.5
6 351.106 -107.041 98.9299 0.5
6 388.049 -190.805 18.0663 0.5
6 344.389 5.21751 -21.4718 0.5
6 373.924 -173.338 58.7976 0.5
6 440.347 -6.36775 -50.8904 0.5
6 399.162 -59.8635 94.5416 0.5
6 412.691 -68.6122 97.1172 0.5
6 379.247 3.07316 -29.5856 0.5
6 435.337 -190.304 -20.6082 0.5
6 372.951 -71.5466 97.7908 0.5
6 415.264 -182.354 43.7876 0.5
6 348.334 -28.8823 77.1955 0.5
6 396.568 -109.861 98.4726 0.5
6 439.531 -162.331 71.5304 0.5
6 349.104 -176.835 53.6577 0.5
6 388.643 3.85818 26.9206 0.5
6 349.909 -154.898 78.1039 0.5
6 410.558 -116.496 -97.066 0.5
6 443.155 -125.516 94.3751 0.5
6 426.848 4.97759 22.5355 0.5
6 390.705 -105.123 -99.1937 0.5
6 391.336 6.36656 15.3385 0.5
6 424.385 -182.649 43.1763 0.5
6 359.765 -47.3481 89.2514 0.5
6 369.72 -47.5289 -89.3425 0.5
6 366.696 -161.069 72.742 0.5
6 434.098 -10.734 57.641 0.5
6 430.871 -180.045 48.2412 0.5
6 400.687 -190.902 17.5274 0.5
6 363.874 -4.78526 48.1132 0.5
6 432.027 -167.415 66.184 0.5
6 358.57 -10.1704 56.8336 0.5
6 397.404 -47.9178 89.537 0.5
6 357.368 -82.6239 -99.5161 0.5
6 423.126 -136.815 -89.6199 0.5
6 391.12 -121.67 95.6357 0.5
6 348.368 -190.797 18.1081 0.5
6 384.952 -6.74667 51.5259 0.5
6 380.688 -14.6695 -62.8504 0.5
6 371.981 -1.1305 40.7521 0.5
6 380.536 -19.704 -68.6149 0.5
6 381.779 -74.1386 98.3092 0.5
6 392.533 -31.4679 79.2539 0.5
6 355.134 -170.349 -62.7033 0.5
6 372.875 -3.26113 45.2253 0.5
6 349.894 -41.1387 -85.8321 0.5
6 429.657 -79.0504 -99.0982 0.5
6 373.222 -106.595 -98.9945 0.5
6 435.156 7.53423 -1.77081 0.5
6 354.592 -166.464 -67.2451 0.5
6 433.993 -1.76511 42.1454 0.5
6 421.485 -8.52786 54.3788 0.5
6 368.584 -192.391 3.44316 0.5
6 357.231 -52.5128 -91.6789 0.5
6 416.067 -184.298 39.5472 0.5
6 395.351 -72.3223 -97.9534 0.5
6 360.333 -168.86 -64.5099 0.5
6 425.631 -171.973 -60.6311 0.5
6 341.913 -191.74 -11.8952 0.5
6 336.664 -46.3361 88.7328 0.5
6 350.219 -8.35428 54.11 0.5
6 423.92 -10.0521 56.662 0.5
6 442.001 -191.061 -16.6117 0.5
6 334.2 7.3015 7.0441 0.5
6 414.634 -114.697 -97.4941 0.5
6 377.887 -1.87889 -42.3894 0.5
6 367.289 -85.8727 99.7835 0.5
6 346.59 -95.4702 99.9544 0.5
6 401.315 -177.896 51.9523 0.5
6 389.087 -68.977 97.206 0.5
6 428.833 -131.839 91.9159 0.5
6 374.052 -103.229 99.4174 0.5
6 385.101 -163.835 -70.0295 0.5
6 417.687 -145.838 84.5558 0.5
6 417.099 -25.396 74.1872 0.5
6 397.215 -62.1746 95.3069 0.5
6 372.265 -23.9959 -72.8974 0.5
6 387.226 -129.176 93.012 0.5
6 396.677 -191.715 -12.1042 0.5
6 403.113 -190.499 19.6551 0.5
6 384.89 -169.516 -63.7244 0.5
6 401.407 -100.015 -99.7134 0.5
6 374.284 -57.9744 93.8692 0.5
6 363.715 -101.926 -99.5501 0.5
6 386.058 -116.897 96.9658 0.5
6 393.223 -48.5713 -89.8591 0.5
6 443.752 -16.4888 -65.0375 0.5
6 437.105 7.39453 5.57238 0.5
7 451.934 -124.245 -98.2127 0.5
7 473.503 -45.201 -21.8654 0.5
7 464.778 -138.12 99.4525 0.5
7 469.238 -36.7327 16.3114 0.5
7 491.562 -269.851 -28.7055 0.5
7 487.375 -217.46 86.2231 0.5
7 464.888 -100.366 -96.1465 0.5
7 497.319 -215.862 -94.7988 0.5
7 492.341 -160.629 -98.9017 0.5
7 490.962 -134.061 92.0983 0.5
7 461.186 -23.2187 -18.7365 0.5
7 445.731 4.00208 16.1938 0.5
7 472.347 -238.299 -22.1294 0.5
7 471.216 -228.385 44.4751 0.5
7 459.346 -72.1866 88.7538 0.5
7 473.787 -198.611 -83.2933 0.5
7 461.24 -145.725 97.0317 0.5
7 457.743 -202.236 -49.7414 0.5
7 474.06 -144.736 99.9951 0.5
7 496.465 -83.3642 12.7186 0.5
7 456.399 -114.481 99.9912 0.5
7 454.21 -207.72 18.0644 0.5
7 454.673 -15.0491 -30.8675 0.5
7 485.794 -69.4242 32.2827 0.5
7 485.971 -212.248 87.7973 0.5
7 461.383 -62.8885 80.8132 0.5
7 452.777 -13.378 -35.4526 0.5
7 490.597 -76.7396 29.175 0.5
7 492.504 -135.419 -91.5323 0.5
7 459.321 -18.2562 2.81059 0.5
7 473.713 -71.8075 -70.0789 0.5
7 461.109 -169.499 87.6253 0.5
7 448.986 -12.4395 47.7249 0.5
7 499.7 -122.587 -75.5036 0.5
7 455.77 -54.5296 81.7896 0.5
7 473.66 -137.408 99.8405 0.5
7 447.432 2.3747 0.0515461 0.5
7 462.309 -181.08 -81.6829 0.5
7 481.389 -253.035 25.872 0.5
7 454.043 -181.763 -68.6773 0.5
7 498.138 -238.422 -84.8169 0.5
7 452.324 -22.6153 -55.052 0.5
7 480.613 -125.993 95.6713 0.5
7 462.384 -100.882 97.4033 0.5
7 493.603 -276.946 -11.3717 0.5
7 477.872 -245.735 -30.022 0.5
7 470.458 -74.6542 77.7787 0.5
7 446.45 -71.2019 -96.8961 0.5
7 460.584 -88.2314 -94.6828 0.5
7 492.316 -273.511 19.1734 0.5
7 487.656 -263.354 27.7942 0.5
7 458.684 -40.4157 64.1681 0.5
7 466.659 -210.045 -61.1589 0.5
7 450.101 -2.68943 9.39706 0.5
7 469.95 -48.7745 47.7703 0.5
7 473.311 -42.7877 -8.2358 0.5
7 488.944 -222.499 -84.8164 0.5
7 475.9 -47.6263 11.7594 0.5
7 448.263 -15.6966 -55.2267 0.5
7 479.276 -234.251 57.9874 0.5
7 460.25 -132.058 -99.249 0.5
7 477.726 -131.302 -98.218 0.5
7 467.745 -165.571 -94.4805 0.5
7 473.075 -193.752 85.5909 0.5
7 451.882 -146.392 91.1814 0.5
7 480.463 -157.802 99.956 0.5
7 476.413 -174.957 96.2482 0.5
7 470.921 -72.3159 75.1327 0.5
7 476.145 -236.878 44.5662 0.5
7 485.44 -63.4623 -1.08284 0.5
7 481.375 -149.172 99.7373 0.5
7 463.063 -160.611 93.3289 0.5
7 455.526 -12.9618 -16.1796 0.5
7 486.37 -263.269 18.8784 0.5
7 487.21 -132.011 93.856 0.5
7 495.033 -201.346 -97.7108 0.5
7 485.653 -112.146 -85.6117 0.5
7 465.481 -36.4562 38.1675 0.5
7 496.225 -272.09 43.6842 0.5
7 493.164 -267.44 -42.3187 0.5
7 476.841 -248.559 -0.774373 0.5
7 449.844 -1.81942 1.81783 0.5
7 487.017 -246.879 -59.0673 0.5
7 460.522 -80.1656 -91.5939 0.5
7 486.08 -194.779 -95.3265 0.5
7 486.681 -242.883 63.4685 0.5
7 465.628 -35.9109 -36.1672 0.5
7 495.91 -236.053 -83.8681 0.5
7 456.307 -20.5762 -38.1878 0.5
7 499.092 -106.286 58.8962 0.5
8 542.04 -43.9986 69.5417 0.5
8 537.872 -30.3232 37.3664 0.5
8 536.883 -25.3116 10.1894 0.5
8 534.484 -121.077 99.6899 0.5
8 512.66 -67.3562 -11.0175 0.5
8 552.408 -68.7946 -95.67 0.5
8 510.066 -263.866 -37.6869 0.5
8 511.476 -215 88.6869 0.5
8 550.469 -49.9963 -85.8601 0.5
8 524.277 -50.3194 26.9292 0.5
8 531.324 -60.5986 67.4556 0.5
8 548.55 -202.185 21.7743 0.5
8 507.333 -188.088 99.2635 0.5
8 518.318 -256.482 9.6428 0.5
8 504.49 -279.749 15.1206 0.5
8 532.806 -230.915 13.6677 0.5
8 530.746 -156.129 -97.8326 0.5
8 541.244 -101.253 -98.714 0.5
8 503.901 -167.108 98.8971 0.5
8 533.659 -195.331 76.0317 0.5
8 541.19 -154.378 92.8846 0.5
8 549.828 -35.6417 -74.4806 0.5
8 525.415 -125.756 98.1977 0.5
8 541.378 -107.267 99.5245 0.5
8 524.462 -52.1403 33.66 0.5
8 539.049 -38.0366 -55.7709 0.5
8 503.154 -206.32 97.2938 0.5
8 516.492 -60.1271 1.87471 0.5
8 518.443 -152.959 -99.9288 0.5
8 527.456 -43.0535 -19.5679 0.5
8 524.421 -76.7733 71.8009 0.5
8 521.751 -66.6789 53.7572 0.5
8 511.755 -70.5805 21.1646 0.5
8 522.797 -248.162 14.2994 0.5
8 519.407 -143.068 99.2782 0.5
8 529.375 -46.8359 -41.5461 0.5
8 538.064 -216.827 33.8955 0.5
8 544.444 -204.739 -36.6488 0.5
8 502.884 -252.2 72.8344 0.5
8 526.898 -233.768 39.9323 0.5
8 543.976 -205.539 36.6725 0.5
8 517.753 -60.7101 -23.4355 0.5
8 509.711 -143.987 -96.0382 0.5
8 525.981 -85.1481 81.084 0.5
8 517.428 -157.13 99.9908 0.5
8 550.539 -199.08 20.19 0.5
8 507.196 -212.854 93.0449 0.5
8 555.362 1.71039 32.717 0.5
8 526.961 -44.0811 20.4021 0.5
8 519.872 -106.487 87.8525 0.5
8 527.141 -206.059 -76.5075 0.5
8 547.842 -205.461 8.35552 0.5
8 512.109 -266.756 13.7137 0.5
8 555.087 -11.286 57.2709 0.5
8 549.236 -47.9228 -83.2028 0.5
8 500.23 -267.282 61.3048 0.5
8 500.963 -88.3254 -16.181 0.5
8 507.765 -90.8099 53.6086 0.5
8 549.842 -113.376 99.3898 0.5
8 512.453 -108.812 -81.2522 0.5
8 549.856 -18.7653 54.9399 0.5
8 542.527 -210.881 -28.4567 0.5
8 537.422 -29.4232 32.8916 0.5
8 520.509 -175.838 -97.3931 0.5
8 503.532 -162.123 -97.8898 0.5
8 547.55 -108.98 99.9645 0.5
8 513.219 -102.863 -77.7272 0.5
8 537.74 -220.74 22.511 0.5
8 501.757 -116.905 72.6397 0.5
8 545.811 -68.2902 -91.1912 0.5
8 530.025 -67.4702 72.1905 0.5
8 544.71 -45.6604 -75.4982 0.5
8 548.313 -192.932 -47.6117 0.5
8 541.675 -148.217 -94.8344 0.5
8 508.505 -207.289 94.2768 0.5
8 532.735 -226.258 -33.3318 0.5
8 509.34 -176.758 99.9092 0.5
8 526.744 -174.753 94.6058 0.5
8 523.455 -130.994 98.5349 0.5
8 523.475 -189.975 -90.7714 0.5
8 534.703 -35.3619 -36.231 0.5
8 554.3 -168.755 67.1172 0.5
8 514.542 -263.373 4.789 0.5
8 549.563 -74.9038 -96.0216 0.5
8 523.87 -144.725 99.9661 0.5
8 553.821 -49.1211 88.6188 0.5
8 555.098 -5.67862 -48.295 0.5
8 527.337 -224.772 55.108 0.5
8 544.988 -203.388 -37.6661 0.5
8 513.385 -235.602 71.3058 0.5
9 596.05 3.4763 28.2511 0.5
9 631.983 -25.8767 74.6189 0.5
9 629.101 4.99275 22.4698 0.5
9 657.939 -104.104 99.3186 0.5
9 586.725 -6.10778 -50.448 0.5
9 580.077 -3.12315 44.9522 0.5
9 586.186 -180.136 48.0751 0.5
9 641.914 -10.5275 -57.3472 0.5
9 570.229 -12.1303 -59.5712 0.5
9 645.94 -2.16075 42.9865 0.5
9 573.059 -141.848 86.9472 0.5
9 617.749 -66.2013 -96.4935 0.5
9 589.002 7.04823 10.0042 0.5
9 582.576 -130.29 -92.5643 0.5
9 569.493 7.07642 9.71979 0.5
9 614.875 -6.81109 51.633 0.5
9 590.348 -116.724 97.0091 0.5
9 642.903 -156.17 77.0698 0.5
9 625.876 -192.34 4.68347 0.5
9 651.705 -168.29 65.1789 0.5
9 576.546 -26.19 -74.8973 0.5
9 610.498 -92.8888 -99.999 0.5
9 609.421 -97.9811 99.8469 0.5
9 642.665 -86.0626 99.7958 0.5
9 638.634 -147.034 83.7893 0.5
9 645.602 -187.822 -30.07 0.5
9 661.406 -45.3038 -88.1886 0.5
9 628.981 -6.09379 -50.4241 0.5
9 640.381 -6.21893 -50.6378 0.5
9 653.156 -166.856 66.8108 0.5
9 563.719 5.7548 -18.8627 0.5
9 576.117 -88.3197 99.9147 0.5
9 602.693 -50.7375 -90.8848 0.5
9 639.131 -13.8938 61.8781 0.5
9 562.998 -49.8406 -90.4679 0.5
9 641.866 -20.9431 69.9053 0.5
9 630.407 7.51242 2.73803 0.5
9 599.579 -171.116 61.7386 0.5
9 595.238 4.73841 -23.5456 0.5
9 604.248 -12.4904 -60.0537 0.5
9 597.717 -145.143 -84.991 0.5
9 631.585 -176.462 -54.2402 0.5
9 564.912 -192.423 2.31248 0.5
9 622.188 -185.958 35.4441 0.5
9 644.879 -184.812 -38.331 0.5
9 626.209 -6.63997 -51.3481 0.5
9 604.137 -128.941 93.1045 0.5
9 564.034 -71.8705 97.8595 0.5
9 645.258 -83.1438 99.566 0.5
9 622.493 -168.017 65.4948 0.5
9 618.442 -46.1449 88.6331 0.5
9 639.333 7.50684 2.9347 0.5
9 590.915 -115.893 97.2133 0.5
9 627.176 -26.3801 75.065 0.5
9 620.083 -192.396 3.29287 0.5
9 612.234 -164.145 69.7128 0.5
9 590.982 -8.60898 54.5038 0.5
9 658.243 -172.894 59.4041 0.5
9 581.543 -26.5748 75.2359 0.5
9 585.923 -105.791 99.1061 0.5
9 587.244 -147.343 -83.5867 0.5
9 588.616 -159.969 73.7644 0.5
9 660.561 -148.208 -83.0125 0.5
9 565.779 -191.934 -10.1471 0.5
9 585.533 -93.8269 -99.9905 0.5
9 599.073 -17.744 66.4755 0.5
9 559.409 5.53781 19.9593 0.5
9 609.895 -161.273 72.5497 0.5
9 578.74 -192 9.47976 0.5
9 587.208 -134.128 90.9006 0.5
9 605.343 -188.994 26.0627 0.5
9 647.36 -124.309 94.7894 0.5
9 661.166 2.8279 -30.3662 0.5
9 567.802 -98.0274 -99.8443 0.5
9 631.011 -119.396 96.3011 0.5
9 584.598 -117.311 -96.8604 0.5
9 584.34 -60.37 -94.7147 0.5
9 573.084 -143.694 -85.8724 0.5
9 639.95 -191.275 -15.2852 0.5
9 599.983 -30.1291 -78.2055 0.5
9 565.141 -149.43 -82.1782 0.5
9 593.792 5.98727 -17.6093 0.5
9 574.662 -114.673 97.4995 0.5
9 648.178 6.51372 14.3584 0.5
10 654.063 -61.0574 -99.5418 0.5
10 637.623 -82.1933 91.6308 0.5
10 651.707 -136.012 -71.9275 0.5
10 654.521 -7.81004 -77.1656 0.5
10 620.343 -103.961 -39.7849 0.5
10 625.975 -53.1972 -94.9991 0.5
10 648.255 -157.971 22.6057 0.5
10 664.271 -174.991 49.8456 0.5
10 655.484 -56.9821 98.6956 0.5
10 660.131 -173.089 -39.2879 0.5
10 614.772 -68.5853 -75.1101 0.5
10 631.749 -47.9552 -98.7143 0.5
10 622.959 -115.372 16.5206 0.5
10 647.048 -119.13 79.5013 0.5
10 657.412 -29.9571 -88.5504 0.5
10 660.48 -38.4772 90.1601 0.5
10 653.955 -121.787 85.8066 0.5
10 612.949 10.841 99.4733 0.5
10 657.431 -169.127 -37.5709 0.5
10 632.504 -39.8209 -99.7858 0.5
10 634.698 -87.9657 -86.0847 0.5
10 625.313 60.9039 57.626 0.5
10 660.264 -121.597 -91.5481 0.5
10 642.504 -30.8494 98.0304 0.5
10 640.39 -137.971 -41.3877 0.5
10 655.701 -170.75 -23.1114 0.5
10 621.076 51.1536 -76.3016 0.5
10 638.091 13.8216 82.3185 0.5
10 612.407 57.4355 -82.9133 0.5
10 626.835 74.597 -19.6191 0.5
10 659.772 19.401 4.24182 0.5
10 638.07 -90.9221 -87.7251 0.5
10 643.273 -111.188 -80.5514 0.5
10 627.67 -99.8517 -66.205 0.5
10 642.818 -81.3252 95.3364 0.5
10 657.002 24.2825 -1.1887 0.5
10 622.366 -58.8486 90.2211 0.5
10 640.673 -147.15 7.45379 0.5
10 631.254 68.4672 9.156 0.5
10 648.678 -18.9503 -90.593 0.5
10 638.713 -138.013 -34.1691 0.5
10 657.76 21.1886 18.8256 0.5
10 656.161 -148.813 -66.6397 0.5
10 619.431 87.2714 -20.3531 0.5
10 625.764 73.7089 30.2555 0.5
10 640.098 43.5824 43.559 0.5
10 663.125 -142.709 -82.5818 0.5
10 623.235 -19.2006 99.9805 0.5
10 625.349 -79.2799 81.1796 0.5
10 635.431 -76.9361 92.2548 0.5
10 661.292 16.787 -3.77871 0.5
10 646.707 -85.5723 96.0889 0.5
10 655.758 -171.217 -21.5031 0.5
10 649.331 -2.84316 80.3133 0.5
10 649.833 -38.3439 -96.8377 0.5
10 626.073 -121.614 10.2374 0.5
10 645.697 29.8566 51.0532 0.5
10 631.843 -111.88 -60.3358 0.5
10 616.67 52.998 -80.8485 0.5
10 644.242 -2.14584 -85.7413 0.5
10 664 10.9079 -15.8271 0.5
10 631.173 -57.6122 -96.3867 0.5
10 655.582 -101.755 95.8514 0.5
10 619.287 24.0122 93.8973 0.5
10 657.784 -95.3475 -98.3145 0.5
10 628.187 74.1164 4.06204 0.5
10 624.92 -119.013 14.9844 0.5
10 624.395 -118.363 -13.1703 0.5
10 614.818 42.3019 89.329 0.5
10 632.028 -47.9653 98.7897 0.5
10 621.993 -81.0206 -75.1723 0.5
10 655.157 -79.6572 99.7446 0.5
10 650.851 -18.2922 -88.3916 0.5
10 622.334 81.5041 23.6302 0.5
10 653.699 -168.295 -18.3297 0.5
10 636.983 56.2748 -23.0326 0.5
10 654.664 5.02447 -64.1813 0.5
11 659.149 47.4307 -91.8475 0.5
11 656.242 1.44062 59.3237 0.5
11 634.386 -48.7307 -37.2109 0.5
11 662.678 162.893 -71.609 0.5
11 663.358 166.91 68.7271 0.5
11 658.483 185.545 -7.47108 0.5
11 665.099 0.105925 23.5828 0.5
11 627.802 36.7028 -99.9192 0.5
11 615.252 -64.9406 -65.124 0.5
11 630.867 135.256 23.2358 0.5
11 630.375 -24.8401 -78.4755 0.5
11 640.493 -45.1475 6.09513 0.5
11 620.638 -71.2783 40.2219 0.5
11 656.458 -8.20249 -42.4983 0.5
11 647.876 1.21341 74.9147 0.5
11 627.006 128.413 -23.8807 0.5
11 661.634 0.503022 -41.9389 0.5
11 661.639 27.6632 77.1447 0.5
11 661.811 139.291 87.8895 0.5
11 620.897 -72.5783 35.9797 0.5
11 633.668 -36.2827 61.1468 0.5
11 615.258 -84.1763 -30.8169 0.5
11 611.769 51.052 88.7206 0.5
11 615.665 -21.0521 94.4977 0.5
11 632.399 -29.73 71.0431 0.5
11 631.744 -60.314 -5.90616 0.5
11 641.776 45.3053 -99.327 0.5
11 614.617 98.2939 46.6599 0.5
11 649.74 44.0336 96.3837 0.5
11 664.348 167.342 -70.058 0.5
11 629.982 125.195 -46.1092 0.5
11 635.208 -47.6735 -36.282 0.5
11 638.056 -48.4342 -14.9322 0.5
11 650.03 170.048 15.0303 0.5
11 625.247 61.9253 -94.1624 0.5
11 636.019 -25.3908 -69.0765 0.5
11 630.528 -55.9242 -35.9073 0.5
11 620.302 19.2019 99.9988 0.5
11 651.536 54.9472 98.2081 0.5
11 662.165 -6.69217 -14.8262 0.5
11 659.247 180.616 35.5524 0.5
11 636.284 -45.3301 -37.492 0.5
11 662.603 99.3803 -99.7938 0.5
11 634.436 140.801 25.7552 0.5
11 659.72 164.612 -64.2311 0.5
11 665.808 19.0111 -60.6597 0.5
11 656.513 105.028 97.4094 0.5
11 647.626 67.3716 99.9994 0.5
11 618.147 2.32289 -99.0656 0.5
11 641.508 108.956 -85.0906 0.5
11 630.177 -52.7773 -44.4546 0.5
11 643.589 158.141 19.3322 0.5
11 644.958 144.901 56.5121 0.5
11 612.154 105.286 -7.67034 0.5
11 625.24 -70.5505 15.4591 0.5
11 611.159 101.329 22.347 0.5
11 644.394 31.6332 -95.4597 0.5
11 617.386 -82.858 22.2153 0.5
11 615.262 -2.39772 99.1032 0.5
11 615.187 -21.9952 94.4573 0.5
11 648.228 163.515 -29.8122 0.5
11 646.411 122.203 81.965 0.5
11 662.087 166.869 66.3695 0.5
11 622.946 115.009 -42.0344 0.5
11 630.538 -53.5479 41.5227 0.5
11 620.264 -78.6804 18.3177 0.5
11 621.854 62.222 -91.7209 0.5
11 659.726 174.81 49.5994 0.5
11 661.288 190.653 2.44984 0.5
11 638.474 -11.0961 -78.2495 0.5
11 663.153 170.592 64.1915 0.5
11 636.082 147.011 -1.69821 0.5
11 660.736 -4.24812 -34.1826 0.5
11 627.7 -67.1878 7.79583 0.5
11 628.936 -45.3146 -60.0501 0.5
11 661.367 166.33 65.5604 0.5
11 659.191 177.181 -43.321 0.5
11 646.318 117.549 -84.9288 0.5
11 619.674 -43.1395 -78.6609 0.5
11 616.706 -60.9633 -66.7861 0.5
11 636.818 -50.5606 -15.0493 0.5
11 660.93 54.6836 93.5319 0.5
11 644.274 160.714 9.99449 0.5
11 657.183 166.81 -55.4238 0.5
11 629.263 71.2531 93.2808 0.5
11 623.779 -70.7132 -26.4825 0.5
11 639.154 -24.7469 -63.6919 0.5
11 655.481 134.346 -84.3455 0.5
11 636.949 -0.349918 -87.2411 0.5
12 713.386 199.218 12.4825 0.5
12 734.029 31.9249 -73.2515 0.5
12 706.391 164.241 -76.6358 0.5
12 705.861 53.1217 -88.3313 0.5
12 755.371 2.88823 23.8601 0.5
12 726.823 50.0498 -86.6313 0.5
12 707.611 181.017 -58.6196 0.5
12 728.192 61.9003 -92.4576 0.5
12 747.824 199.777 6.67999 0.5
12 670.128 100.177 99.9998 0.5
12 721.793 30.4731 -71.875 0.5
12 709.915 73.5742 96.4452 0.5
12 741.694 78.1546 97.5847 0.5
12 770.122 184.362 -53.6946 0.5
12 742.94 199.954 -3.02591 0.5
12 680.013 140.165 91.5793 0.5
12 744.748 58.8342 91.1338 0.5
12 717.035 4.67613 30.2219 0.5
12 691.364 25.4574 66.6588 0.5
12 751.306 46.8094 -84.6804 0.5
12 761.823 5.1207 -31.5898 0.5
12 738.457 21.1747 61.5352 0.5
12 707.397 57.827 -90.6721 0.5
12 738.102 68.7965 -95.0071 0.5
12 704.627 62.1797 -92.5723 0.5
12 710.566 100.829 99.9966 0.5
12 764.089 188.842 45.9036 0.5
12 729.833 180.998 58.6455 0.5
12 720.671 192.743 -37.3986 0.5
12 693.132 197.684 21.3964 0.5
12 777.499 142.834 90.3618 0.5
12 674.001 92.1989 -99.6952 0.5
12 747.443 17.9741 57.1992 0.5
12 683.227 36.3478 77.1258 0.5
12 704.044 46.3001 84.3583 0.5
12 709.379 2.5608 -22.4856 0.5
12 713.525 0.493594 9.92347 0.5
12 695.202 7.25217 37.3877 0.5
12 749.015 59.1613 91.2809 0.5
12 769.998 197.632 21.6333 0.5
12 705.619 10.1373 -43.8714 0.5
12 747.232 3.0531 -24.5214 0.5
12 713.102 0.256955 -7.16414 0.5
12 693.706 18.771 58.3254 0.5
12 719.534 179.039 61.2603 0.5
12 667.458 199.116 13.2706 0.5
12 754.769 4.90332 30.9293 0.5
12 690.114 65.1044 93.7139 0.5
12 670.423 111.527 -99.3334 0.5
12 744.349 48.7305 -85.8571 0.5
12 711.329 96.9444 -99.9533 0.5
12 695.532 153.54 -84.4599 0.5
12 758.332 113.013 99.1497 0.5
12 753.603 149.965 -86.623 0.5
12 718.615 56.667 -90.1235 0.5
12 718.151 0.0151297 1.73946 0.5
12 759.422 3.25233 25.296 0.5
12 682.819 141.671 90.9038 0.5
12 704.439 102.064 99.9787 0.5
12 681.457 93.0854 99.7607 0.5
12 718.466 29.5896 -71.0097 0.5
12 729.478 161.694 78.701 0.5
12 759.466 177.925 -62.6708 0.5
12 730.136 197.685 21.3915 0.5
12 727.359 12.3586 -48.1558 0.5
12 673.537 42.5291 81.8358 0.5
12 713.49 144.951 89.3274 0.5
12 680.075 26.3593 67.6539 0.5
12 747.665 155.062 -83.4756 0.5
12 667.972 76.5676 -97.2159 0.5
12 730.236 65.7786 -93.9622 0.5
12 749.609 157.153 82.0584 0.5
12 684.012 169.453 71.9465 0.5
12 689.47 106.528 99.7867 0.5
12 676.975 170.435 70.9858 0.5
12 754.614 8.79694 -41.0122 0.5
12 732.824 128.384 95.8872 0.5
12 693.069 58.0411 -90.7714 0.5
12 678.863 85.9438 -99.0072 0.5
12 718.112 41.9305 81.4122 0.5
12 758.886 190.416 -42.7184 0.5
12 770.049 1.0412 14.3929 0.5
12 705.948 56.2278 -89.9111 0.5
12 712.419 166.403 -74.7703 0.5
12 755.691 12.7831 48.9205 0.5
12 696.563 146.416 -88.5751 0.5
13 802.034 2.93118 -83.4793 0.5
13 829.638 30.6571 97.8801 0.5
13 814.963 88.0569 -85.1325 0.5
13 814.428 106.979 70.9614 0.5
13 832.654 -66.2675 70.1992 0.5
13 816.791 -56.1464 46.4185 0.5
13 808.968 91.722 88.9239 0.5
13 794.333 -28.3228 8.37831 0.5
13 797.001 39.4522 -96.2151 0.5
13 827.745 20.2416 99.7694 0.5
13 796.414 -19.3854 49.1182 0.5
13 795.067 142.298 69.1438 0.5
13 819.262 -70.4881 16.464 0.5
13 817.812 118.56 -47.679 0.5
13 825.935 -45.0589 -78.7368 0.5
13 783.675 48.1977 -90.9418 0.5
13 802.477 -39.6836 -24.6963 0.5
13 822.961 80.7397 80.741 0.5
13 820.835 -17.1346 -90.4922 0.5
13 822.337 81.7962 80.759 0.5
13 803.485 -43.3062 -15.5734 0.5
13 781.794 187.069 -34.0479 0.5
13 794.51 155.909 52.855 0.5
13 813.234 81.8811 -90.1429 0.5
13 780.3 11.1567 53.5159 0.5
13 809.902 54.7009 -99.4638 0.5
13 815.46 -37.3784 69.2826 0.5
13 832.205 14.3659 -99.6263 0.5
13 813.025 4.25432 93.7882 0.5
13 800.538 -20.8218 58.0862 0.5
13 791.107 163.294 -50.3831 0.5
13 780.071 166.168 -71.2757 0.5
13 815.141 125.654 -42.8197 0.5
13 801.022 3.66042 -82.7955 0.5
13 804.508 -36.7229 -42.7011 0.5
13 782.432 179.82 -47.717 0.5
13 793.227 103.883 95.1894 0.5
13 787.927 64.7458 -98.4254 0.5
13 827.879 -46.4357 80.2557 0.5
13 808.367 107.997 79.2569 0.5
13 820.742 116.057 42.5963 0.5
13 825.305 79.9378 -78.2557 0.5
13 787.751 26.2453 82.5224 0.5
13 819.503 -72.2479 2.13792 0.5
13 819.652 80.1945 84.9728 0.5
13 782.216 129.387 92.8733 0.5
13 832.339 98.5421 36.6433 0.5
13 780.592 -3.68662 15.3692 0.5
13 788.933 7.06504 67.6827 0.5
13 783.957 -10.1073 -10.8942 0.5
13 803.918 9.25273 -89.0636 0.5
13 783.719 187.904 -18.9189 0.5
13 814.112 -45.5808 -56.2953 0.5
13 813.158 84.424 88.944 0.5
13 791.022 46.9618 -95.3627 0.5
13 828.335 111.897 -10.3244 0.5
13 797.282 20.1612 88.763 0.5
13 795.423 -17.26 49.8362 0.5
13 803.23 154.991 -13.5593 0.5
13 808.114 91.9612 -89.5508 0.5
13 810.123 79.8479 93.3446 0.5
13 795.467 126.011 82.4063 0.5
13 822.301 -60.32 -55.4736 0.5
13 801.872 98.8121 -91.4123 0.5
13 788.518 179.911 -17.176 0.5
13 783.556 8.85228 -58.4486 0.5
13 785.022 51.7873 -93.4236 0.5
13 779.089 180.171 56.5977 0.5
13 781.074 0.306646 -34.1592 0.5
13 829.646 89.9518 60.2789 0.5
13 818.84 68.8841 -91.6492 0.5
13 792.491 49.1183 -96.7208 0.5
13 817.066 128.036 27.7046 0.5
13 828.207 67.804 83.417 0.5
13 781.202 19.7445 66.9025 0.5
13 781.179 141.056 88.2945 0.5
13 823.783 -21.095 91.0224 0.5
13 813.23 -40.9424 -60.6126 0.5
13 791.408 170.252 34.4992 0.5
13 806.709 107.96 81.4116 0.5
13 796.164 34.4509 -94.1494 0.5
13 831.377 96.7277 44.4769 0.5
13 805.63 131.71 60.065 0.5
13 787.442 78.0586 -99.8645 0.5
13 794.349 -28.7028 0.223967 0.5
13 807.87 -48.4348 26.9047 0.5
13 820.711 12.6041 -99.147 0.5
13 790.493 138.727 -79.4322 0.5
13 808.125 119.808 -69.0111 0.5
13 826.34 101.801 -51.1765 0.5
13 816.37 126.812 -35.0503 0.5
13 788.015 -15.3399 21.7415 0.5
13 798.048 52.3791 99.2142 0.5
13 816.804 -38.2204 -70.7953 0.5
13 787.089 9.14751 66.4537 0.5
13 809.863 135.947 -40.3002 0.5
13 815.795 -44.0034 -62.3842 0.5
13 829.245 96.367 51.8461 0.5
14 868.844 66.0543 -99.997 0.5
14 883.535 -8.78715 9.84244 0.5
14 848.824 -24.4765 83.4623 0.5
14 883.186 183.731 35.1759 0.5
14 879.073 149.476 74.7039 0.5
14 852.07 118.316 57.1083 0.5
14 888.264 173.217 66.9287 0.5
14 861.746 -44.2022 -23.5431 0.5
14 845.999 122.647 -24.5716 0.5
14 849.783 106.34 -67.181 0.5
14 840.735 -59.1025 65.3445 0.5
14 843.691 -72.3499 -33.9364 0.5
14 836.251 -26.1455 93.685 0.5
14 884.849 118.905 96.5869 0.5
14 833.679 80.7804 64.5135 0.5
14 888.838 163.978 76.7824 0.5
14 874.579 -21.6235 -24.9488 0.5
14 856.388 -55.9042 8.8174 0.5
14 855.577 -45.9622 47.0058 0.5
14 865.992 75.1127 98.9031 0.5
14 864.127 131.548 66.7759 0.5
14 880.822 84.3203 99.9854 0.5
14 858.356 -33.5922 -59.0448 0.5
14 872.077 153.018 -57.0401 0.5
14 837.791 -65.1998 64.169 0.5
14 835.58 -26.958 93.8147 0.5
14 835.626 90.4275 -56.2474 0.5
14 878.575 22.8824 -80.5548 0.5
14 843.334 -61.3023 -56.6598 0.5
14 872.081 77.3892 99.7885 0.5
14 852.856 -6.19023 89.9071 0.5
14 866.234 148.303 -48.3356 0.5
14 869.713 1.26229 75.5419 0.5
14 888.509 148.828 86.8976 0.5
14 840.735 -74.7566 40.6787 0.5
14 876.723 4.35473 -66.6245 0.5
14 866.345 150.665 44.1771 0.5
14 844.51 104.056 58.749 0.5
14 846.937 123.341 -27.9833 0.5
14 848.9 86.3915 -83.0822 0.5
14 867.513 150.286 48.7534 0.5
14 859.012 -37.4309 51.5611 0.5
14 850.419 -34.5278 73.4169 0.5
14 879.729 4.77155 -60.8401 0.5
14 845.689 -14.9423 91.5999 0.5
14 867.838 143.434 60.1403 0.5
14 846.811 106.979 60.1855 0.5
14 868.579 61.7598 99.9531 0.5
14 833.895 59.4727 -83.6966 0.5
14 862.115 2.65953 86.0375 0.5
14 855.422 141.989 2.98365 0.5
14 885.671 139.337 89.3479 0.5
14 868.534 75.415 99.4291 0.5
14 838.73 101.58 -46.6399 0.5
14 879.503 175.539 -39.6683 0.5
14 873.735 70.6593 99.9521 0.5
14 838.912 -45.0141 81.1384 0.5
14 834.974 42.5356 -93.3261 0.5
14 851.075 26.2961 99.6625 0.5
14 836.13 94.3142 -51.5391 0.5
14 884.366 43.7668 -87.5068 0.5
14 864.297 43.4873 99.0267 0.5
14 866.517 -26.6945 -47.5976 0.5
14 856.954 120.34 65.3969 0.5
14 865.018 136.597 -62.6494 0.5
14 874.136 110.318 -93.3452 0.5
14 872.762 15.3064 -82.3296 0.5
14 875.978 88.9944 99.3531 0.5
14 841.455 -81.6899 9.67184 0.5
14 854.669 34.7345 -99.8202 0.5
14 845.551 54.9532 95.3884 0.5
14 865.068 17.5004 -91.1004 0.5
14 848.237 49.218 98.0547 0.5
14 861.732 -46.4174 -11.1084 0.5
14 885.958 136.275 91.0496 0.5
14 844.319 -58.3331 -58.455 0.5
14 883.578 13.2329 -63.1131 0.5
14 869.484 67.7805 99.9903 0.5
14 859.452 148.26 12.2593 0.5
14 873.488 20.1882 -84.714 0.5
14 887.799 -0.73796 -15.1195 0.5
14 843.493 -70.2371 40.0963 0.5
14 836.797 -62.6219 68.9839 0.5
14 862.852 109.58 83.7273 0.5
14 861.362 -21.9873 66.918 0.5
14 868.979 91.8336 96.4746 0.5
15 987.029 165.377 75.6689 0.5
15 965.091 167.196 74.0588 0.5
15 992.773 4.98458 -31.178 0.5
15 943.563 12.5844 48.5645 0.5
15 894.61 0.226171 6.72183 0.5
15 894.822 118.384 98.2956 0.5
15 992.987 137.036 92.8889 0.5
15 966.525 20.781 61.0275 0.5
15 968.094 129.914 -95.4211 0.5
15 979.403 191.37 -40.638 0.5
15 987.318 163.56 77.2017 0.5
15 901.872 99.2237 99.997 0.5
15 917.145 135.744 -93.3936 0.5
15 904.374 141.132 -91.149 0.5
15 915.194 198.974 14.2892 0.5
15 904.257 133.112 -94.359 0.5
15 929.61 198.485 17.3398 0.5
15 898.208 199.253 12.2022 0.5
15 891.562 151.379 85.7913 0.5
15 890.03 98.3041 -99.9856 0.5
15 949.106 191.593 -40.1339 0.5
15 955.246 153.738 84.3343 0.5
15 902.419 3.53483 26.3528 0.5
15 953.006 102.997 -99.9551 0.5
15 991.8 142.65 -90.4486 0.5
15 978.795 194.276 -33.3466 0.5
15 951.328 146.653 88.4505 0.5
15 965.327 50.5707 86.9295 0.5
15 987.308 29.0063 -70.4265 0.5
15 958.957 150.054 -86.5715 0.5
15 911.062 150.182 -86.4971 0.5
15 961.564 10.1961 43.9915 0.5
15 918.47 197.541 -22.0414 0.5
15 966.462 146.823 -88.3607 0.5
15 953.091 16.4606 54.9652 0.5
15 996.753 173.378 67.9382 0.5
15 944.603 171.531 -69.8804 0.5
15 899.445 108.169 99.6658 0.5
15 937.382 23.4614 64.3571 0.5
15 982.256 77.7334 97.4895 0.5
15 934.284 12.2808 48.0141 0.5
15 920.385 141.723 90.8802 0.5
15 918.494 133.497 94.2227 0.5
15 930.016 155.696 83.054 0.5
15 949.496 150.789 -86.1424 0.5
15 974.265 116.356 -98.6533 0.5
15 931.741 49.8298 86.504 0.5
15 944.526 199.311 -11.717 0.5
15 961.166 195.768 -28.784 0.5
15 989.613 78.8132 97.7298 0.5
15 960.439 199.998 -0.654405 0.5
15 895.373 2.20785 20.8973 0.5
15 991.468 112.917 -99.1623 0.5
15 959.003 15.512 -53.4957 0.5
15 982.278 23.1319 63.9632 0.5
15 892.258 199.116 13.2639 0.5
15 994.808 65.7695 93.9589 0.5
15 939.339 59.1518 -91.2766 0.5
15 934.879 190.216 -43.1397 0.5
15 942.8 17.1592 56.0125 0.5
15 996.835 168.742 72.6256 0.5
15 944.981 72.0741 -96.0216 0.5
15 942.31 46.9274 -84.7543 0.5
15 915.678 183.25 -55.402 0.5
15 981.857 138.867 92.1376 0.5
15 988.487 13.121 -49.5181 0.5
15 984.784 101.134 -99.9936 0.5
15 957.984 174.53 -66.6727 0.5
15 980.487 3.16939 24.9766 0.5
15 908.073 159.571 -80.3201 0.5
15 957.455 19.2195 58.945 0.5
15 895.489 38.1014 -78.5402 0.5
15 975.882 196.393 26.6146 0.5
15 892.229 187.025 -49.2603 0.5
15 954.297 1.83238 -19.0557 0.5
15 927.447 44.5439 -83.2143 0.5
15 981.786 193.141 36.3968 0.5
15 922.129 180.775 -58.9526 0.5
15 909.81 28.4123 69.8227 0.5
15 921.632 16.2826 54.6936 0.5
15 947.661 197.748 -21.1005 0.5
15 924.325 22.3288 -62.9856 0.5
15 936.441 198.332 18.1893 0.5
15 997.545 0.0550463 -3.31756 0.5
15 971.685 179.519 -60.6355 0.5
15 912.281 150.658 86.2194 0.5
15 938.014 46.0653 84.2084 0.5
15 935.558 192.672 -37.5755 0.5
15 934.098 133.831 94.1035 0.5
15 934.988 68.3522 -94.86 0.5
