0 225.167 190.387 42.7804 0.5
0 331.006 139.277 91.9636 0.5
0 178.77 195.764 -28.7967 0.5
0 18.7926 77.3907 97.4106 0.5
0 130.15 11.0717 45.7357 0.5
0 292.421 85.9678 -99.0106 0.5
0 208.333 120.603 -97.8545 0.5
0 136.52 64.6702 93.5511 0.5
0 177.224 199.819 6.00938 0.5
0 115.836 145.645 88.9747 0.5
0 317.786 28.9603 -70.3801 0.5
0 175.105 88.9191 -99.3842 0.5
0 313.076 134.933 93.6999 0.5
0 303.468 177.001 -63.8032 0.5
0 164.007 62.9284 92.8746 0.5
0 100.877 88.4827 99.3345 0.5
0 93.6393 115.395 -98.8079 0.5
0 61.703 79.4871 97.8735 0.5
0 120.938 59.6911 91.5161 0.5
0 307.161 79.7328 -97.9247 0.5
0 283.387 4.77585 30.5346 0.5
0 221.304 113.23 99.121 0.5
0 268.055 5.7399 -33.3921 0.5
0 260.867 46.6964 84.6093 0.5
0 330.816 135.108 93.6347 0.5
0 170.391 24.4746 65.5432 0.5
0 126.77 52.3169 -87.8995 0.5
0 14.7977 199.946 3.30086 0.5
0 164.811 10.1036 -43.8022 0.5
0 71.1786 130.909 95.1034 0.5
0 231.823 17.1378 -55.9808 0.5
0 57.1391 15.4768 53.44 0.5
0 254.432 39.0148 79.2515 0.5
0 124.13 189.876 -43.8439 0.5
0 229.821 10.2614 44.1246 0.5
0 38.3074 187.538 48.3434 0.5
0 249.578 87.5779 99.2255 0.5
0 185.535 99.2266 99.997 0.5
0 259.599 87.5641 -99.2237 0.5
0 201.863 147.619 87.9342 0.5
0 219.835 183.347 -55.256 0.5
0 182.404 139.869 -91.7084 0.5
0 254.133 13.8504 50.7764 0.5
0 310.786 6.89677 36.4937 0.5
0 311.392 62.76 92.8072 0.5
0 294.551 99.5597 99.999 0.5
0 34.7951 24.3406 65.3885 0.5
0 236.322 4.19661 28.6655 0.5
0 50.936 110.419 -99.4557 0.5
0 206.946 13.1702 -49.6043 0.5
0 180.466 91.1291 -99.6058 0.5
0 212.081 192.062 -39.0454 0.5
0 78.8709 142.253 90.6348 0.5
0 99.4903 118.678 -98.2401 0.5
0 272.136 84.0358 -98.7175 0.5
0 188.018 3.71711 27.0112 0.5
0 14.7226 0.639485 11.2911 0.5
0 253.826 186.692 49.8455 0.5
0 313.582 73.4997 -96.4247 0.5
0 329.13 66.0731 -94.0689 0.5
0 320.791 98.1949 99.9837 0.5
0 149.628 143.556 90.0161 0.5
0 241.702 198.171 -19.0389 0.5
0 297.946 110.69 -99.4269 0.5
0 196.885 179.578 60.5581 0.5
0 219.236 54.5715 -89.0856 0.5
0 252.323 105.412 -99.8534 0.5
0 60.1552 24.4139 65.4732 0.5
0 182.311 180.849 -58.8515 0.5
0 113.918 103.088 -99.9523 0.5
0 202.263 189.911 -43.7713 0.5
0 183.729 181.214 -58.3469 0.5
0 94.1542 26.6736 -67.9944 0.5
0 5.50173 133.859 94.0933 0.5
0 141.479 175.118 -66.0099 0.5
0 78.1736 107.596 99.7111 0.5
0 209.271 7.10431 37.0188 0.5
0 136.427 120.164 -97.946 0.5
0 142.269 187.831 -47.8092 0.5
0 95.9009 176.394 64.5289 0.5
0 251.001 57.2847 90.4179 0.5
0 255.232 13.3119 49.8515 0.5
1 366.934 117.778 -65.0198 0.5
1 334.458 18.0606 -60.0103 0.5
1 344.687 166.12 -51.3898 0.5
1 344.647 172.628 38.66 0.5
1 370.901 2.49595 -94.594 0.5
1 347.279 141.038 75.8278 0.5
1 357.508 145.515 -48.617 0.5
1 340.103 17.4938 70.6398 0.5
1 366.952 104.584 77.8114 0.5
1 345.01 -19.7142 -10.0908 0.5
1 353.807 -35.3357 -5.03039 0.5
1 387.907 103.098 -21.6734 0.5
1 362.467 62.6904 -99.1315 0.5
1 362.174 146.806 25.2528 0.5
1 345.221 16.4167 -77.665 0.5
1 361.939 83.2381 -94.4732 0.5
1 367.092 -40.5781 57.0831 0.5
1 372.087 60.7435 96.0387 0.5
1 364.469 33.3615 99.1891 0.5
1 380.915 27.0376 99.5524 0.5
1 362.156 127.39 -63.4261 0.5
1 382.383 114 -14.4081 0.5
1 345.038 29.1028 86.239 0.5
1 336.23 38.2927 82.378 0.5
1 343.91 -17.958 -8.49839 0.5
1 361.114 149.694 -20.8088 0.5
1 352.886 165.056 14.6443 0.5
1 366.545 40.4566 -99.9796 0.5
1 364.815 46.9743 99.9887 0.5
1 363.688 119.694 -69.1168 0.5
1 355.241 0.186043 -78.5637 0.5
1 338.705 3.21952 -48.454 0.5
1 379.295 107.358 -49.3642 0.5
1 352.196 122.531 -83.3826 0.5
1 381.333 -82.082 -14.4934 0.5
1 351.703 147.19 61.3013 0.5
1 358.117 60.73 -99.9331 0.5
1 388.199 -85.4127 42.7912 0.5
1 382.421 -81.8211 -25.1002 0.5
1 378.907 79.8402 -80.904 0.5
1 342.316 58.3483 -96.5358 0.5
1 380.925 8.54462 99.5919 0.5
1 353.647 89.9862 96.7802 0.5
1 385.791 -88.1921 -22.9454 0.5
1 386.023 49.1891 91.4539 0.5
1 384.361 81.4853 71.5442 0.5
1 387.129 -92.3231 -13.0366 0.5
1 351.077 -2.25183 69.894 0.5
1 340.811 60.2378 96.3389 0.5
1 363.713 -52.2074 9.07018 0.5
1 355.898 38.5453 -97.4653 0.5
1 381.103 -48.0612 -75.7172 0.5
1 365.937 143.265 7.25898 0.5
1 376.42 -52.6764 -62.5184 0.5
1 376.872 71.1716 88.4878 0.5
1 367.22 -56.9502 18.5924 0.5
1 344.689 -19.5674 4.50447 0.5
1 348.451 167.317 35.4581 0.5
1 371.68 61.0078 -96.1656 0.5
1 377.205 118.202 -33.5909 0.5
1 377.906 78.2577 83.212 0.5
1 373.078 -34.2651 75.6274 0.5
1 351.563 160.817 38.2602 0.5
1 382.758 91.9007 -63.1873 0.5
1 360.573 151.311 -17.3007 0.5
1 355.771 126.589 75.6048 0.5
1 335.384 194.382 -20.2197 0.5
1 369.348 -42.1008 -60.3686 0.5
1 384.01 82.6549 70.9916 0.5
1 356.203 140.905 -59.3055 0.5
1 341.088 135.15 -87.4067 0.5
1 336.482 22.125 -68.9573 0.5
1 347.095 98.5773 -97.4558 0.5
1 379.753 70.1847 86.2621 0.5
1 359.794 150.867 25.4827 0.5
1 337.433 173.069 -59.7731 0.5
1 365.594 -6.77076 86.0807 0.5
1 354.793 -15.3154 -62.3956 0.5
1 373.019 79.2507 -87.7331 0.5
1 374.467 -69.1829 -20.2029 0.5
1 378.749 91.4226 71.3312 0.5
2 387.128 -4.41699 99.8677 0.5
2 352.983 -76.1934 -98.4072 0.5
2 337.643 10.4833 -29.7619 0.5
2 355.037 12.5762 -73.8413 0.5
2 378.374 79.1744 -35.1684 0.5
2 361.221 52.9112 -24.0758 0.5
2 351.222 -148.68 -48.9276 0.5
2 377.398 -103.204 49.1707 0.5
2 381.71 49.908 81.0552 0.5
2 364.231 -49.8017 -99.4077 0.5
2 371.224 24.1488 86.0352 0.5
2 342.879 -133.019 -82.0932 0.5
2 364.051 48.2599 -48.4034 0.5
2 345.574 -112.351 -91.1627 0.5
2 379.606 -111.7 -10.9747 0.5
2 337.537 -140.636 83.2071 0.5
2 346.598 9.67471 61.117 0.5
2 379.953 57.058 -72.6078 0.5
2 361.511 -63.6752 97.9733 0.5
2 365.926 -46.3474 99.463 0.5
2 342.49 -176.516 3.83706 0.5
2 371.497 70.0516 -26.5892 0.5
2 349.166 -27.6291 -92.7434 0.5
2 346.491 -135.542 -75.2309 0.5
2 386.2 -0.512808 -99.9993 0.5
2 369.562 37.7344 -73.8423 0.5
2 375.075 69.007 -45.2853 0.5
2 349.214 -7.20013 81.6437 0.5
2 380.111 17.1173 -95.8389 0.5
2 348.357 -165.797 -11.2197 0.5
2 336.688 7.93047 32.5035 0.5
2 378.123 -18.0194 -99.9505 0.5
2 381.409 59.4248 -72.7543 0.5
2 353.165 -46.5394 99.3295 0.5
2 349.146 -157.877 37.2204 0.5
2 345.548 -116.453 89.2226 0.5
2 372.926 72.2538 -27.5599 0.5
2 374.935 -87.9148 73.7623 0.5
2 379.707 -16.7068 -99.8952 0.5
2 364.091 -102.897 77.0698 0.5
2 337.343 -152.617 -74.1349 0.5
2 385.471 -21.1413 98.179 0.5
2 347.022 -147.829 61.1972 0.5
2 336.862 -117.164 95.1302 0.5
2 376.814 -7.55567 -99.5396 0.5
2 341.326 -86.9976 -99.6473 0.5
2 338.101 -183.503 -11.7239 0.5
2 369.526 61.2511 -41.4295 0.5
2 358.528 8.03733 -82.2688 0.5
2 354.249 13.5526 71.6331 0.5
2 353.753 -152.161 30.9844 0.5
2 347.715 -154.505 -49.3678 0.5
2 373.593 34.3482 -82.1184 0.5
2 361.272 33.1726 63.5233 0.5
2 353.299 4.08082 -78.4995 0.5
2 357.026 -90.3977 -92.0879 0.5
2 361.882 -75.5564 -94.5527 0.5
2 351.679 30.5491 40.9666 0.5
2 336.152 -186.742 -12.8257 0.5
2 373.028 27.6824 85.7913 0.5
2 357.161 -44.8735 -99.801 0.5
2 352.617 -67.5552 99.6377 0.5
2 362.277 -139.767 22.4405 0.5
2 338.999 -160.478 -62.7755 0.5
2 344.859 -38.5253 94.0561 0.5
2 344.346 -83.6802 -99.4676 0.5
2 365.627 -132.188 29.1021 0.5
2 366.285 63.8823 -12.1627 0.5
2 387.417 6.74884 99.8473 0.5
2 384.534 -102.667 14.805 0.5
2 363.064 -92.5152 -85.6825 0.5
2 355.048 -139.1 -53.852 0.5
2 385.21 16.8341 -98.0941 0.5
2 345.327 21.1914 37.0875 0.5
2 342.67 21.312 -21.8227 0.5
2 385.812 76.2006 62.8816 0.5
2 378.533 30.6644 -89.3898 0.5
2 354.855 -54.8917 -99.9996 0.5
2 345.751 -21.102 -86.6951 0.5
2 358.075 -98.0099 87.4994 0.5
2 360.016 33.9288 -59.7816 0.5
2 336.964 -46.5693 91.8283 0.5
2 386.505 -63.6177 -77.4449 0.5
2 377.692 5.23398 97.8018 0.5
2 387.977 80.1161 -62.6779 0.5
2 343.773 -173.402 13.8601 0.5
3 333.435 -104.65 99.253 0.5
3 408.392 -20.8124 69.7713 0.5
3 403.94 -156.103 -77.1252 0.5
3 384.725 -27.2254 75.8007 0.5
3 376.796 -191.815 11.249 0.5
3 359.509 -24.2566 73.1412 0.5
3 350.568 -191.984 9.64083 0.5
3 405.487 -33.4027 -80.7056 0.5
3 358.112 -182.188 -44.1253 0.5
3 380.083 -110.895 -98.2842 0.5
3 394.401 -7.93915 53.4593 0.5
3 371.468 7.45866 -4.27101 0.5
3 426.914 -176.974 -53.4381 0.5
3 357.455 -86.381 99.8157 0.5
3 413.848 -85.2342 99.7393 0.5
3 368.832 -45.8055 -88.455 0.5
3 385.407 5.57728 -19.7645 0.5
3 364.443 -192.422 -2.35968 0.5
3 407.044 -25.4743 -74.2579 0.5
3 434.117 -187.652 -30.6026 0.5
3 421.517 -116.2 -97.1388 0.5
3 369.156 -68.6593 97.1288 0.5
3 401.885 -19.0582 67.9237 0.5
3 340.073 -29.3111 77.5466 0.5
3 418.506 -124.076 -94.8674 0.5
3 387.492 -5.61685 49.5983 0.5
3 382.926 -69.9196 97.4288 0.5
3 419.826 -153.51 79.1938 0.5
3 342.545 -5.06136 48.6129 0.5
3 402.817 -5.26654 -48.9799 0.5
3 371.377 -15.3232 -63.6509 0.5
3 430.484 -98.5702 99.8125 0.5
3 351.014 7.46423 -4.13865 0.5
3 422.919 -190.705 -18.5999 0.5
3 336.684 -163.696 -70.1715 0.5
3 344.215 -60.3098 94.6943 0.5
3 367.359 -186.345 34.4064 0.5
3 382.634 -19.0857 67.9534 0.5
3 368.023 -142.135 -86.7835 0.5
3 380.947 -104.078 -99.3216 0.5
3 355.075 -159.134 74.5203 0.5
3 440.586 -175.198 56.1496 0.5
3 439.235 -53.4606 -92.0859 0.5
3 402.485 -173.309 58.8374 0.5
3 375.889 -153.544 -79.1678 0.5
3 388.37 -8.95758 -55.0364 0.5
3 442.248 -184.296 39.5521 0.5
3 410.619 -80.6183 -99.2976 0.5
3 408.402 -51.5652 91.2602 0.5
3 402.265 -39.6186 84.9048 0.5
3 378.023 7.38618 -5.72009 0.5
3 415.345 -155.322 77.7629 0.5
3 370.577 -43.3159 87.0967 0.5
3 366.484 -112.133 -98.0438 0.5
3 375.193 -153.055 79.5426 0.5
3 417.213 -15.0759 63.35 0.5
3 441.753 -108.959 -98.6279 0.5
3 378.91 -166.155 67.5843 0.5
3 440.386 -191.364 14.6949 0.5
3 393.96 -188.943 -26.252 0.5
3 372.975 5.13572 21.8405 0.5
3 394.465 6.46479 -14.6917 0.5
3 350.979 -26.9433 -75.557 0.5
3 337.088 -66.1724 96.4857 0.5
3 373.41 5.76889 18.7891 0.5
3 416.203 -181.016 -46.4341 0.5
3 357.964 7.54852 0.527819 0.5
3 418.658 7.03295 10.155 0.5
3 413.259 -1.94528 -42.5309 0.5
3 336.188 -4.22679 -47.0813 0.5
3 355.264 -184.125 -39.9473 0.5
3 433.271 -154.695 78.2662 0.5
3 414.076 -56.0476 -93.1389 0.5
3 420.377 -50.1524 90.6141 0.5
3 400.059 -166.455 -67.2549 0.5
3 440.092 -150.316 -81.5568 0.5
3 426.214 -33.6859 -80.9121 0.5
3 423.859 -77.655 -98.8995 0.5
3 343.21 -114.681 97.4976 0.5
4 446.114 -190.102 31.942 0.5
4 452.052 -122.939 -98.4901 0.5
4 469 -200.793 -75.2914 0.5
4 489.526 -253.532 55.7784 0.5
4 472.272 -126.51 -98.9954 0.5
4 451.052 -159.585 -83.0581 0.5
4 497.021 -283.449 3.65656 0.5
4 480.792 -74.7309 59.0893 0.5
4 494.193 -78.6173 0.0119776 0.5
4 471.165 -226.078 48.6892 0.5
4 446.71 -27.9165 -72.8941 0.5
4 451.379 -70.852 94.1831 0.5
4 477.951 -250.206 7.46532 0.5
4 489.154 -152.106 98.4061 0.5
4 474.557 -244.535 3.78793 0.5
4 462.154 -143.457 -97.911 0.5
4 498.383 -278.619 -37.396 0.5
4 463.15 -164.575 -91.7705 0.5
4 449.03 -36.6757 -77.0726 0.5
4 453.831 -48.6457 -79.9527 0.5
4 498.801 -137.368 87.0418 0.5
4 448.056 -41.9558 82.3378 0.5
4 487.859 -213.575 88.8284 0.5
4 471.887 -225.78 -51.3678 0.5
4 471.299 -64.4074 -66.644 0.5
4 459.951 -158.751 -91.893 0.5
4 472.063 -216.256 65.0275 0.5
4 472.821 -41.6046 0.971006 0.5
4 490.822 -245.019 -69.1469 0.5
4 467.943 -199.755 -74.5914 0.5
4 485.251 -230.024 -74.3301 0.5
4 481.792 -69.4051 47.9893 0.5
4 477.443 -201.901 85.2356 0.5
4 482.163 -154.515 99.9466 0.5
4 483.885 -182.226 -97.6695 0.5
4 494.549 -137.01 90.6482 0.5
4 467.906 -71.4876 -78.7752 0.5
4 447.423 1.74241 -11.3661 0.5
4 482.856 -253.119 -33.732 0.5
4 449.994 -34.6889 -73.8971 0.5
4 448.614 -34.3571 75.7231 0.5
4 449.11 -0.662432 -5.13873 0.5
4 499.017 -116.24 70.6888 0.5
4 446.28 -193.235 -21.7488 0.5
4 471.313 -162.306 97.2431 0.5
4 462.611 -44.6362 60.9494 0.5
4 489.075 -223.951 -84.039 0.5
4 454.324 -114.289 99.8882 0.5
4 489.598 -102.972 -73.6112 0.5
4 494.42 -99.1126 60.1368 0.5
4 481.331 -198.039 90.8905 0.5
4 495.463 -200.948 -97.9526 0.5
4 462.164 -168.645 89.0476 0.5
4 445.918 -176.941 -57.3236 0.5
4 452.389 -178.453 -69.1447 0.5
4 448.104 -30.8827 73.4078 0.5
4 450.961 -203.36 -8.67967 0.5
4 495.495 -186.443 99.8447 0.5
4 481.83 -109.217 -87.7339 0.5
4 495.88 -281.489 -3.13157 0.5
4 473.838 -168.737 -96.7271 0.5
4 479.776 -170.428 -98.582 0.5
4 453.316 -151.806 -89.8046 0.5
4 471.58 -110.198 -95.6258 0.5
4 493.082 -77.4301 12.1148 0.5
4 497.428 -170.651 99.0752 0.5
4 487.357 -184.066 98.4941 0.5
4 448.906 -137.796 92.6548 0.5
4 444.914 -182.513 -45.1068 0.5
4 496.201 -277.883 -28.7189 0.5
4 476.824 -186.891 -92.3506 0.5
4 493.433 -273.153 28.5007 0.5
4 474.855 -51.423 -34.9344 0.5
4 450.608 -203.124 0.601619 0.5
4 459.807 -29.7143 -44.9185 0.5
4 484.814 -71.9909 -42.7912 0.5
4 481.077 -113.859 -90.7334 0.5
4 456.703 -45.3291 -72.9922 0.5
4 465.198 -215.007 49.9864 0.5
4 474.473 -78.4805 75.1436 0.5
4 458.786 -74.7366 90.4938 0.5
4 489.106 -248.684 61.4684 0.5
4 461.612 -35.0833 49.1248 0.5
4 482.842 -225.195 74.9162 0.5
4 459.027 -217.633 3.84619 0.5
4 469.485 -95.3261 91.4335 0.5
4 448.441 -8.62047 42.0004 0.5
4 494.793 -114.397 -75.771 0.5
4 490.313 -266.541 32.2883 0.5
4 487.966 -258.748 -41.6444 0.5
4 489.969 -143.768 96.1353 0.5
4 467.546 -214.393 57.3361 0.5
4 481.861 -199.167 90.7944 0.5
5 532.457 -108.25 -97.0256 0.5
5 524.516 -61.7707 -53.5697 0.5
5 508.527 -181.707 99.6953 0.5
5 522.836 -174.777 -96.6533 0.5
5 532.373 -209.878 -63.4718 0.5
5 534.632 -28.8366 5.40687 0.5
5 552.795 -187.308 -43.4302 0.5
5 530.086 -169.84 -94.3012 0.5
5 532.707 -45.5525 -50.2246 0.5
5 506.916 -274.633 20.2098 0.5
5 520.485 -109.621 90.0078 0.5
5 515.963 -73.5392 48.4349 0.5
5 537.833 -210.155 49.2913 0.5
5 500.166 -96.9108 -40.3989 0.5
5 517.304 -138.713 -97.9815 0.5
5 535.006 -33.3943 32.2732 0.5
5 536.151 -59.4946 -74.6256 0.5
5 538.024 -203.258 59.4059 0.5
5 530.043 -189.862 84.66 0.5
5 511.508 -83.9911 -53.0761 0.5
5 518.384 -106.458 86.3851 0.5
5 501.913 -174.634 -99.4229 0.5
5 545.825 -134.565 -96.7571 0.5
5 523.851 -191.071 89.9429 0.5
5 550.755 -41.6917 80.6866 0.5
5 534.461 -214.507 -51.8288 0.5
5 532.096 -204.347 70.1536 0.5
5 527.051 -205.563 77.0519 0.5
5 514.469 -65.0184 16.7001 0.5
5 501.42 -250.853 -76.302 0.5
5 516.246 -194.44 94.077 0.5
5 537.904 -207.269 -53.875 0.5
5 551.771 -17.4302 -57.8398 0.5
5 507.825 -192.988 -98.391 0.5
5 520.913 -203.596 -85.933 0.5
5 500.594 -279.025 -40.6184 0.5
5 535.151 -45.7316 57.1494 0.5
5 531.001 -160.13 96.7855 0.5
5 507.743 -104.933 71.0886 0.5
5 542.424 -72.2415 90.3053 0.5
5 546.173 -84.1664 -96.9435 0.5
5 539.152 -20.8622 -0.269753 0.5
5 537.91 -40.3048 56.2086 0.5
5 532.476 -87.2775 -89.2281 0.5
5 553.839 -19.9361 -65.587 0.5
5 538.002 -70.2719 -85.0598 0.5
5 504.475 -220.798 91.7066 0.5
5 521.01 -117.407 -93.7207 0.5
5 533.975 -43.7669 50.9246 0.5
5 549.932 -200.16 20.0528 0.5
5 522.345 -248.823 15.1151 0.5
5 504.757 -149.426 95.0708 0.5
5 505.704 -152.182 96.3935 0.5
5 546.318 -203.362 -31.4912 0.5
5 547.934 -6.28529 -11.2414 0.5
5 523.625 -82.2335 75.5439 0.5
5 503.519 -281.825 12.2683 0.5
5 533.727 -213.537 55.3597 0.5
5 534.882 -44.7429 -55.0028 0.5
5 539.298 -123.094 99.9691 0.5
5 513.919 -247.157 56.3819 0.5
5 518.297 -121.837 93.6199 0.5
5 540.472 -109.712 -99.6063 0.5
5 529.323 -232.42 32.6126 0.5
5 527.165 -81.3111 -79.7646 0.5
5 505.76 -80.66 19.7087 0.5
5 521.768 -246.545 -29.4257 0.5
5 527.476 -204.639 -77.2075 0.5
5 543.876 -161.281 87.3946 0.5
5 517.719 -225.602 -73.675 0.5
5 526.536 -133.218 99.5481 0.5
5 550.856 -14.9571 -51.6426 0.5
5 525.008 -234.916 -44.4964 0.5
5 510.617 -156.29 99.0157 0.5
5 527.926 -104.4 -93.3314 0.5
5 523.123 -235.786 49.0196 0.5
5 547.954 -6.6668 -14.4554 0.5
5 543.508 -48.704 76.322 0.5
5 535.462 -160.139 -94.4381 0.5
5 540.341 -160.313 -90.9776 0.5
5 531.723 -213.94 -59.7177 0.5
5 512.126 -86.8117 58.8341 0.5
5 526.821 -238.25 -27.8964 0.5
5 507.039 -263.066 -50.0353 0.5
5 527.901 -60.7395 60.5177 0.5
5 554.101 -95.1007 -99.9999 0.5
5 502.228 -99.9449 52.8861 0.5
5 539.342 -207.684 -49.0382 0.5
5 541.948 -53.8641 -78.3372 0.5
6 653.758 -118.469 96.5557 0.5
6 630.677 -15.5928 63.9763 0.5
6 624.947 -192.152 7.70969 0.5
6 638.075 -6.23563 50.6662 0.5
6 613.246 -146.532 -84.1138 0.5
6 602.726 -73.5977 98.2069 0.5
6 557.174 -159.055 -74.591 0.5
6 641.799 -20.5209 69.4708 0.5
6 613.481 -20.9695 69.9323 0.5
6 631.066 -89.8247 -99.9655 0.5
6 640.633 -1.1104 -40.707 0.5
6 564.244 -61.6633 95.1429 0.5
6 621.746 -79.1526 99.1119 0.5
6 654.138 -9.67003 56.1022 0.5
6 599.083 -142.861 86.3642 0.5
6 591.528 -0.868138 40.159 0.5
6 610.37 -31.8397 -79.5385 0.5
6 654.493 -19.3735 68.2628 0.5
6 648.229 -190.986 17.0488 0.5
6 654.427 -85.8396 99.7813 0.5
6 594.62 -107.291 -98.8926 0.5
6 621.227 -177.806 52.0993 0.5
6 604.728 -145.024 -85.0649 0.5
6 612.758 -191.744 11.8605 0.5
6 647.031 -93.186 -99.9973 0.5
6 560.032 0.705407 -36.3601 0.5
6 659.121 -65.6206 96.3337 0.5
6 631.71 -47.0595 89.1049 0.5
6 585.313 -11.8786 -59.2304 0.5
6 646.136 -0.106697 -38.3757 0.5
6 652.859 -157.489 -75.96 0.5
6 597.516 -51.7507 -91.3431 0.5
6 616.537 -185.07 37.7025 0.5
6 603.202 -162.15 71.7068 0.5
6 664.191 -38.743 -84.3537 0.5
6 585.968 -131.522 -92.0508 0.5
6 653.26 -29.1876 -77.4458 0.5
6 578.382 -109.324 98.5661 0.5
6 610.779 5.26282 -21.2647 0.5
6 572.786 -69.9771 97.4421 0.5
6 645.969 -126.783 -93.9215 0.5
6 585.465 6.07728 -17.0984 0.5
6 613.711 -124.099 -94.8595 0.5
6 605.558 -35.4123 -82.1382 0.5
6 590.74 -177.691 -52.2874 0.5
6 638.117 -7.21243 52.2928 0.5
6 601.666 -158.215 -75.3328 0.5
6 583.524 -191.212 15.689 0.5
6 615.795 5.0039 22.4214 0.5
6 659.325 -114.604 -97.5152 0.5
6 621.272 -92.2995 -99.9999 0.5
6 616.996 7.52943 -2.02376 0.5
6 606.668 -119.08 -96.3891 0.5
6 602.249 -169.937 63.2116 0.5
6 658.761 -9.57602 -55.9633 0.5
6 615.922 -68.4056 -97.0663 0.5
6 569.53 -192.213 6.88676 0.5
6 629.119 -182.778 -42.9048 0.5
6 575.057 -168.064 -65.4415 0.5
6 566.623 -102.351 -99.5086 0.5
6 557.675 -181.763 44.9808 0.5
6 560.143 7.54976 0.176068 0.5
6 662.21 -184.98 -37.9234 0.5
6 574.293 -22.6051 -71.5659 0.5
6 621.882 -160.864 -72.9355 0.5
6 655.922 -104.63 -99.2555 0.5
6 652.679 -181.3 -45.8878 0.5
6 586.605 -182.945 42.5518 0.5
6 649.688 -38.1325 83.9619 0.5
6 644.141 -189.789 22.9159 0.5
6 578.672 -188.535 27.708 0.5
6 562.748 -59.0468 94.2562 0.5
6 565.483 -187.487 31.1116 0.5
6 655.148 -32.4164 -79.9747 0.5
6 602.829 -184.941 38.0183 0.5
6 647.019 -185.246 37.2692 0.5
6 556.382 -61.0318 -94.9362 0.5
6 615.13 -88.7971 99.9333 0.5
6 660.896 -160.081 -73.6616 0.5
6 596.313 -3.706 -46.0921 0.5
6 610.332 -64.0013 95.868 0.5
6 577.193 -192.205 -6.99825 0.5
6 572.17 6.8268 -12.0041 0.5
6 596.447 -23.5194 -72.447 0.5
6 573.516 -185.549 36.5042 0.5
6 609.146 -167.134 66.5001 0.5
6 581.075 -160.859 -72.9403 0.5
6 655.653 -180.277 -47.8167 0.5
6 588.119 -154.363 -78.5289 0.5
6 660.49 -135.803 -90.1141 0.5
6 564.428 -162.185 71.673 0.5
6 571.394 -62.6684 95.4623 0.5
6 605.404 -123.888 -94.9296 0.5
6 565.887 -179.928 48.4515 0.5
6 634.876 -168.54 -64.8876 0.5
6 613.511 7.14618 8.97682 0.5
6 591.744 -156.765 -76.5737 0.5
6 590.961 -186.368 -34.3415 0.5
6 596.224 7.29522 -7.13257 0.5
6 650.228 -66.4319 -96.556 0.5
6 611.227 -187.336 31.5698 0.5
6 614.484 -23.8728 -72.7815 0.5
7 620.121 -37.8545 96.5546 0.5
7 639.164 -73.37 95.8358 0.5
7 661.41 -76.5435 99.7684 0.5
7 664.327 -1.93033 50.2327 0.5
7 654.367 -142.578 69.9825 0.5
7 636.166 -57.5104 -98.3871 0.5
7 664.5 -15.6472 -68.2904 0.5
7 614.126 -90.6366 -45.2225 0.5
7 664.44 -137.932 86.9809 0.5
7 651.319 32.4391 -18.328 0.5
7 660.487 -13.6699 73.2495 0.5
7 615.206 69.9244 68.0859 0.5
7 649.079 -103.087 91.1635 0.5
7 657.364 -122.911 88.4924 0.5
7 615.726 -51.9177 -87.8903 0.5
7 640.143 -69.5034 97.3205 0.5
7 639.812 10.877 82.2936 0.5
7 659.344 -176.7 24.5752 0.5
7 637.786 -41.9762 -99.999 0.5
7 620.079 -109.71 20.1371 0.5
7 632.717 59.9825 35.1199 0.5
7 630.06 38.1579 74.0523 0.5
7 658.454 -165.518 48.7868 0.5
7 656.377 -83.983 99.5614 0.5
7 616.957 -97.6983 40.6872 0.5
7 613.851 -99.2621 18.408 0.5
7 647.483 -2.12322 82.0949 0.5
7 637.525 -128.257 50.5515 0.5
7 640.336 -97.8523 86.0127 0.5
7 652.26 1.19911 -72.6691 0.5
7 616.321 57.1685 -78.1279 0.5
7 652.583 -113.509 89.0733 0.5
7 642.861 -141.431 43.1474 0.5
7 633.488 -99.6512 76.2763 0.5
7 638.479 -77.1977 -94.1969 0.5
7 645.307 -33.0294 -97.4534 0.5
7 631.67 5.1974 92.8908 0.5
7 665.445 -139.508 87.0742 0.5
7 643.018 19.4238 70.5077 0.5
7 619.575 33.899 89.4112 0.5
7 642.733 24.9123 -65.099 0.5
7 624.531 73.649 36.4557 0.5
7 643.139 -109.989 81.2549 0.5
7 655.942 -64.8227 -99.5895 0.5
7 611.266 -79.7157 55.4443 0.5
7 657.382 -157.261 58.7899 0.5
7 645.202 -137.605 56.7574 0.5
7 646.973 -125.24 74.3261 0.5
7 646.468 -156.987 -9.76433 0.5
7 653.963 27.833 -18.4667 0.5
7 658.173 8.46342 50.6868 0.5
7 612.153 68.8945 74.3042 0.5
7 656.098 -49.1186 96.8177 0.5
7 630.826 -26.2091 -99.9133 0.5
7 621.997 63.3361 -62.056 0.5
7 649.918 -29.0793 93.9109 0.5
7 644.263 -101.335 87.8962 0.5
7 639.361 -13.2578 94.7763 0.5
7 639.62 -136.253 42.2245 0.5
7 615.474 44.8391 -87.3842 0.5
7 649.356 -159.965 -22.2287 0.5
7 637.23 -4.59959 -92.9568 0.5
7 657.167 -140.726 -76.223 0.5
7 620.859 60.184 68.0296 0.5
7 612.292 81.6079 -60.1616 0.5
7 664.039 -147.434 -80.3467 0.5
7 662.329 -178.839 -34.3855 0.5
7 624.19 -110.038 -41.1107 0.5
7 662.222 -51.1293 94.178 0.5
7 663.446 -131.491 -89.4937 0.5
7 630.458 -100.038 71.1156 0.5
7 626.922 45.3247 -72.4423 0.5
7 649.597 -24.9145 92.5111 0.5
7 648.896 -138.07 64.5215 0.5
7 625.524 -18.9244 99.9744 0.5
8 647.632 94.2871 -96.214 0.5
8 616.096 92.611 -59.7302 0.5
8 646.71 5.23207 79.8483 0.5
8 625.361 -58.3608 49.6248 0.5
8 642.482 55.7417 99.9719 0.5
8 622.427 -24.9631 87.5416 0.5
8 620.532 53.9452 -94.0957 0.5
8 656.709 -14.6234 22.7589 0.5
8 661.76 182.934 40.4988 0.5
8 640.357 136.927 -56.5183 0.5
8 632.511 49.2823 -99.643 0.5
8 655.945 171.704 -43.0178 0.5
8 621.24 74.0839 -84.9463 0.5
8 666.609 130.547 95.1879 0.5
8 652.055 20.1643 -83.8255 0.5
8 626.743 52.375 -97.6558 0.5
8 634.863 144.912 0.731766 0.5
8 654.627 178.76 -8.78332 0.5
8 639.59 -38.0582 -41.107 0.5
8 635.757 116.715 -71.166 0.5
8 612.942 -47.1966 84.0743 0.5
8 613.309 106.984 -10.9187 0.5
8 645.795 51.1564 -99.1913 0.5
8 617.023 94.7783 -58.9672 0.5
8 614.48 30.0175 -97.8955 0.5
8 660.733 177.668 -47.6001 0.5
8 645.979 163.44 12.05 0.5
8 646.206 80.4001 -98.7376 0.5
8 651.401 163.638 43.4231 0.5
8 616.039 -30.5387 90.3547 0.5
8 645.377 34.9809 95.9577 0.5
8 632.957 6.85528 -93.7651 0.5
8 630.321 106.087 -72.3429 0.5
8 648.319 -12.1939 -59.4423 0.5
8 625.429 51.5805 97.3176 0.5
8 620.326 -12.7791 94.5663 0.5
8 630.938 -48.5992 49.8038 0.5
8 631.141 2.50081 -93.3081 0.5
8 663.463 188.511 33.9555 0.5
8 624.688 88.4953 79.0829 0.5
8 642.01 106.344 87.1436 0.5
8 634.972 71.8682 96.3514 0.5
8 626.989 31.6093 99.9994 0.5
8 619.403 16.2025 -99.9813 0.5
8 619.524 -67.8611 -50.679 0.5
8 617.637 -74.9389 43.5556 0.5
8 643.62 -2.03121 78.371 0.5
8 636.816 -51.5239 -5.97343 0.5
8 653.236 27.0827 -86.8015 0.5
8 646.377 132.107 74.0103 0.5
8 629.096 -7.65971 90.4793 0.5
8 660.81 -3.12347 36.8063 0.5
8 618.122 60.0498 89.7353 0.5
8 629.66 -61.8887 20.9005 0.5
8 656.143 7.98475 -67.4933 0.5
8 637.878 -47.4421 21.8737 0.5
8 662.824 101.765 -99.6448 0.5
8 663.026 110.515 98.575 0.5
8 612.159 33.9044 -95.9077 0.5
8 631.78 113.997 66.7924 0.5
8 643.253 157.476 -19.7581 0.5
8 655.87 -2.20789 -55.013 0.5
8 613.295 106.454 -14.8106 0.5
8 616.926 -47.2367 -79.1755 0.5
8 623.871 -70.0283 -28.3265 0.5
8 654.678 -20.7524 1.58175 0.5
8 612.777 -76.8988 54.9346 0.5
8 636.312 -43.2824 42.0974 0.5
8 625.138 -49.7703 62.7767 0.5
8 643.257 -39.952 -10.8864 0.5
8 620.816 -0.0119218 97.8561 0.5
8 660.076 54.0839 93.86 0.5
8 636.103 106.806 80.1911 0.5
8 634.318 140.734 -25.2318 0.5
8 650.362 83.6523 -99.2902 0.5
8 655.791 66.6246 98.9376 0.5
8 620.757 -79.1573 8.48534 0.5
8 651.988 -14.0434 -46.3326 0.5
8 652.718 171.591 28.8448 0.5
8 661.017 156.34 75.0156 0.5
8 632.812 -47.8335 -45.212 0.5
8 643.102 114.204 -83.5043 0.5
8 660.74 189.699 -2.6876 0.5
8 614.452 -43.5313 84.7416 0.5
8 641.253 18.239 92.6034 0.5
8 659.208 185.193 19.3401 0.5
8 618.969 46.4909 -95.6708 0.5
8 638.982 52.0849 100 0.5
8 648.221 168.011 -2.85137 0.5
9 694.745 188.655 46.2639 0.5
9 928.458 153.145 84.7088 0.5
9 894.813 14.6211 52.0619 0.5
9 953.419 194.424 -32.9266 0.5
9 997.319 96.08 -99.9231 0.5
9 691.044 195.153 -30.7561 0.5
9 921.989 53.6544 -88.612 0.5
9 884.681 147.603 -87.9427 0.5
9 733.779 191.308 40.7783 0.5
9 853.545 190.23 -43.1107 0.5
9 995.544 62.4225 92.6711 0.5
9 963.953 91.6323 99.6493 0.5
9 829.902 163.305 77.4109 0.5
9 765.208 31.9007 73.229 0.5
9 858.05 63.661 -93.1637 0.5
9 696.551 183.023 -55.7422 0.5
9 828.264 197.995 -19.9221 0.5
9 829.167 175.404 -65.6834 0.5
9 832.5 1.36538 -16.4685 0.5
9 687.758 53.0211 88.2779 0.5
9 829.371 145.513 -89.0426 0.5
9 761.438 87.943 99.2705 0.5
9 906.893 13.255 -49.7524 0.5
9 987.255 3.77674 -27.2229 0.5
9 804.197 193.584 35.243 0.5
9 779 190.968 -41.5306 0.5
9 712.483 63.3157 -93.0283 0.5
9 895.299 197.218 23.4226 0.5
9 985.57 7.6552 -38.3724 0.5
9 820.748 187.826 -47.8175 0.5
9 966.499 0.226961 6.73355 0.5
9 766.938 119.611 -98.0583 0.5
9 715.775 10.5403 -44.6873 0.5
9 769.682 107.983 -99.6809 0.5
9 864.049 3.15749 -24.9305 0.5
9 823.421 29.0178 70.4381 0.5
9 856.471 32.1958 73.5024 0.5
9 864.717 0.0078113 1.24988 0.5
9 746.273 61.6743 -92.3642 0.5
9 907.307 54.9655 89.2855 0.5
9 992.524 50.484 86.8802 0.5
9 952.444 12.2343 47.9289 0.5
9 946.702 181.705 -57.6564 0.5
9 711.554 183.139 -55.5694 0.5
9 964.546 39.0251 79.2595 0.5
9 809.789 199.097 -13.4075 0.5
9 811.651 22.8716 -63.6492 0.5
9 809.375 1.24845 15.7522 0.5
9 782.27 198.723 -15.9313 0.5
9 819.62 25.1247 -66.2849 0.5
9 718.27 30.9324 -72.3164 0.5
9 696.604 198.761 -15.6912 0.5
9 768.29 40.7463 -80.5543 0.5
9 764.035 152.951 84.8303 0.5
9 719.095 118.058 -98.3561 0.5
9 803.103 141.828 -90.8317 0.5
9 854.394 19.9669 -59.9558 0.5
9 708.631 167.521 73.7622 0.5
9 889.081 173.815 -67.4637 0.5
9 716.191 197.651 21.5475 0.5
9 876.015 137.674 -92.6321 0.5
9 778.388 199.048 -13.7629 0.5
9 718.678 18.2859 57.6438 0.5
9 829.086 199.82 -5.99924 0.5
9 773.772 36.8237 77.5162 0.5
9 740.844 35.648 -76.543 0.5
9 803.502 26.1391 67.4135 0.5
9 798.353 129.185 95.6464 0.5
9 961.256 28.4471 69.8583 0.5
9 881.127 56.615 -90.0985 0.5
9 740.228 43.3579 82.4116 0.5
9 830.928 0.00518105 1.01793 0.5
9 992.405 38.2536 -78.6599 0.5
9 968.838 7.55048 -38.1194 0.5
9 920.828 72.0077 96.0023 0.5
9 750.885 44.838 83.4096 0.5
9 776.384 199.999 0.390336 0.5
9 700.635 196.914 24.6521 0.5
9 776.421 146.516 88.5225 0.5
9 931.353 114.059 -99.0068 0.5
9 688.68 22.6833 63.4202 0.5
9 966.994 23.9553 64.94 0.5
9 912.351 108.139 99.6683 0.5
9 770.51 199.932 3.69572 0.5
9 860.768 55.3189 -89.4628 0.5
9 669.446 52.2972 -87.8888 0.5
9 704.079 1.06262 14.5394 0.5
9 769.206 2.88042 23.8283 0.5
9 669.583 102.443 99.9702 0.5
9 812.387 198.296 18.3811 0.5
9 789.255 5.79691 -33.5526 0.5
9 996.727 0.0359793 2.68227 0.5
9 845.99 9.45765 -42.451 0.5
9 786.855 30.4617 71.8639 0.5
