0 57.9524 11.3293 -46.2333 0.5
0 81.7184 0.0387429 -2.78336 0.5
0 45.535 179.536 -60.6144 0.5
0 27.0156 181.957 -57.298 0.5
0 90.0864 47.8795 -85.3431 0.5
0 52.0611 15.3119 -53.1783 0.5
0 34.3931 62.1898 92.5764 0.5
0 99.3792 133.936 94.0657 0.5
0 51.2463 52.4828 -87.9893 0.5
0 18.6006 199.916 4.08785 0.5
0 90.5431 21.6271 -62.1104 0.5
0 108.447 81.4549 98.2654 0.5
0 32.6163 160.296 79.7774 0.5
0 79.1041 125.627 -96.6604 0.5
0 54.0852 50.5672 86.9275 0.5
0 97.9963 155.265 -83.3415 0.5
0 16.363 196.004 -27.9867 0.5
0 67.8748 94.8615 99.8679 0.5
0 78.5198 9.22488 -41.9509 0.5
0 45.1501 0.658212 11.4547 0.5
0 10.2301 187.276 -48.8147 0.5
0 43.1581 51.9843 -87.7183 0.5
0 8.08949 157.803 -81.6019 0.5
0 28.1233 149.863 86.6814 0.5
0 83.1764 110.477 -99.4497 0.5
0 71.9071 199.999 -0.537019 0.5
0 77.2823 174.509 -66.6965 0.5
0 54.5363 76.5588 -97.2137 0.5
0 32.3077 115.341 98.8163 0.5
0 104.832 93.4613 99.786 0.5
0 1.39697 159.556 -80.3313 0.5
0 73.1554 192.155 38.8255 0.5
0 0.0176889 107.63 -99.7085 0.5
0 43.1562 198.393 17.8581 0.5
0 75.4183 179.498 60.6641 0.5
0 13.359 136.305 -93.177 0.5
0 38.9791 165.622 75.4571 0.5
0 44.5443 183.326 55.2877 0.5
0 108.938 186.295 50.5294 0.5
0 43.1107 188.485 -46.587 0.5
0 59.8596 18.1183 -57.4054 0.5
0 36.1201 144.946 -89.3302 0.5
0 48.4349 189.691 44.2217 0.5
0 99.828 116.847 -98.5707 0.5
0 17.8133 52.8909 88.2085 0.5
0 22.5442 158.356 81.2073 0.5
0 18.0982 199.974 -2.29181 0.5
0 70.3779 156.67 82.3923 0.5
0 23.6959 21.0397 -61.3618 0.5
0 41.5551 141.158 91.1373 0.5
0 96.7824 4.66936 -30.2005 0.5
0 61.9676 187.077 49.1685 0.5
0 18.8736 91.9367 99.6744 0.5
0 78.1772 116.699 98.5959 0.5
0 81.5366 137.443 -92.7255 0.5
0 23.2873 58.9375 -91.1804 0.5
0 55.7311 146.544 88.5081 0.5
0 66.6843 0.229746 6.77469 0.5
0 84.3753 89.3188 99.4279 0.5
0 61.888 14.1941 -51.355 0.5
0 16.5824 170.181 71.236 0.5
0 61.5051 98.5658 -99.9897 0.5
0 22.282 199.162 -12.9187 0.5
0 40.3669 12.9846 49.278 0.5
0 1.55042 31.6378 -72.9836 0.5
0 87.8227 119.205 98.1386 0.5
0 83.5009 162.524 -78.0434 0.5
0 67.3039 190.554 42.4257 0.5
0 21.2399 10.5777 -44.7622 0.5
0 26.817 22.1146 62.7206 0.5
0 7.38096 195.507 -29.6384 0.5
0 98.4773 99.679 99.9995 0.5
0 71.3661 67.9529 -94.7258 0.5
0 16.5198 32.7236 -73.9857 0.5
0 37.6625 21.3425 61.7495 0.5
0 14.9423 172.73 68.6324 0.5
0 91.8727 43.4211 -82.455 0.5
0 102.662 186.303 50.5155 0.5
0 53.1137 190.081 -43.4207 0.5
0 79.9265 103.189 -99.9491 0.5
0 76.6126 27.7627 -69.1504 0.5
0 106.63 182.058 57.153 0.5
0 23.4919 93.9961 99.8196 0.5
0 76.347 11.8612 -47.2393 0.5
0 78.9875 181.278 58.2568 0.5
0 72.7082 198.684 16.17 0.5
0 85.9977 196.176 -27.3895 0.5
0 14.7956 32.9209 -74.1646 0.5
0 7.94542 187.824 -47.8212 0.5
0 33.827 199.606 -8.87334 0.5
0 91.4895 31.021 72.401 0.5
0 105.416 0.114242 -4.77864 0.5
0 102.965 109.375 99.5596 0.5
0 104.38 19.6504 -59.531 0.5
0 33.9337 56.4146 90.0017 0.5
0 40.3257 107.272 99.7352 0.5
0 33.9814 50.2959 86.7727 0.5
0 9.12984 173.336 -67.9841 0.5
0 100.72 1.3325 -16.2704 0.5
0 49.941 159.435 80.4204 0.5
0 107.99 150.22 -86.475 0.5
0 18.9621 175.537 -65.5296 0.5
0 89.204 140.866 -91.2687 0.5
0 99.9919 89.276 -99.4233 0.5
0 26.7685 67.5212 94.5787 0.5
0 55.6662 158.953 -80.775 0.5
0 25.6061 65.3878 93.819 0.5
0 64.0854 5.77719 33.4972 0.5
0 60.1069 60.1523 91.7178 0.5
0 33.5009 95.2523 -99.8872 0.5
0 97.5581 105.91 99.8252 0.5
0 61.8338 199.997 0.780492 0.5
0 75.7313 158.766 -80.911 0.5
0 18.624 15.2071 -53.011 0.5
0 9.8643 184.542 53.4108 0.5
0 87.2734 41.0741 80.7944 0.5
0 12.0569 191.018 41.4207 0.5
0 87.0422 90.1256 -99.5113 0.5
0 104.922 2.19741 20.8483 0.5
0 70.5094 25.784 67.0222 0.5
0 40.6084 192.617 37.7104 0.5
0 71.9296 193.713 34.8978 0.5
0 55.7303 192.465 -38.0811 0.5
0 72.4691 138.189 92.4206 0.5
0 75.3339 137.921 -92.5312 0.5
0 109.087 19.2503 58.9871 0.5
0 55.539 0.288742 -7.59375 0.5
0 15.3712 129.216 -95.6369 0.5
0 32.5447 199.362 -11.2794 0.5
0 81.7906 29.9543 -71.3695 0.5
0 83.4171 43.1418 -82.2627 0.5
0 68.2408 128.023 95.9934 0.5
0 30.2305 73.5457 -96.4374 0.5
0 45.2881 0.445631 9.43014 0.5
0 97.2234 17.1293 55.9682 0.5
0 84.7851 153.583 -84.4327 0.5
0 44.6266 0.561241 -10.5799 0.5
0 67.156 198.092 -19.4435 0.5
0 51.0292 0.0916225 -4.27973 0.5
0 32.2614 16.2922 54.7083 0.5
0 89.1903 69.9441 -95.3763 0.5
0 58.1622 144.321 89.6415 0.5
0 100.183 194.655 -32.2544 0.5
0 60.3321 177.925 62.6718 0.5
1 150.346 -13.3691 89.0941 0.5
1 142.327 143.71 20.9631 0.5
1 157.53 31.185 99.3267 0.5
1 131.342 -22.4869 -48.5108 0.5
1 144.191 93.7959 85.9633 0.5
1 121.883 172.43 -41.266 0.5
1 154.553 -71.2168 28.0917 0.5
1 140.923 52.0364 99.9326 0.5
1 160.579 -85.4571 6.6814 0.5
1 137.447 1.72347 -85.0107 0.5
1 117.366 -10.3615 -9.6989 0.5
1 137.728 17.982 93.3278 0.5
1 151.504 -43.677 -67.5736 0.5
1 142.611 144.604 -12.9099 0.5
1 136.08 26.6925 -95.3752 0.5
1 121.832 18.9855 -78.1061 0.5
1 131.858 159.608 29.5201 0.5
1 162.176 30.5483 98.1793 0.5
1 163.29 -61.515 -70.2797 0.5
1 147.962 134.909 15.8374 0.5
1 151.271 -50.4653 -58.7712 0.5
1 113.624 17.3857 62.2491 0.5
1 145.21 -59.0217 2.80515 0.5
1 114.976 49.0002 -89.6495 0.5
1 151.807 -34.6658 -76.6884 0.5
1 154.855 38.6596 98.954 0.5
1 151.656 48.9253 98.1492 0.5
1 119.218 9.26603 -64.1744 0.5
1 130.125 165.606 -17.0288 0.5
1 147.069 57.9775 97.9264 0.5
1 118.824 119.142 -94.5711 0.5
1 143.991 -55.2001 -18.6255 0.5
1 145.255 -4.69647 89.0195 0.5
1 123.117 4.81911 66.8333 0.5
1 145.899 137.546 20.857 0.5
1 134.076 43.9079 98.6599 0.5
1 152.27 50.4468 97.6091 0.5
1 134.42 -8.76888 -72.9514 0.5
1 123.518 -7.84337 50.4285 0.5
1 124.512 -2.81769 60.5215 0.5
1 132.63 -36.1388 -15.0095 0.5
1 151.966 49.687 -97.8866 0.5
1 163.667 82.8803 -67.3602 0.5
1 148.736 20.0213 98.8973 0.5
1 145.309 -37.7821 61.8869 0.5
1 145.587 -30.4242 -70.7107 0.5
1 148.547 63.5722 95.8785 0.5
1 122.486 177.982 -21.3983 0.5
1 163.19 -55.5688 75.6788 0.5
1 162.745 110.361 6.42926 0.5
1 124.558 169.679 36.8328 0.5
1 155.772 86.9421 -76.589 0.5
1 128.278 121.326 85.9824 0.5
1 164.675 53.613 -88.5898 0.5
1 164.607 72.0389 76.2519 0.5
1 135.491 110.983 84.6681 0.5
1 123.442 20.4534 81.3264 0.5
1 162.435 109.918 -15.3578 0.5
1 140.789 -44.2524 37.1363 0.5
1 131.957 -34.7644 16.3261 0.5
1 130.208 -29.6854 25.8203 0.5
1 150.631 -66.5954 19.1721 0.5
1 149.23 82.0364 87.6941 0.5
1 157.547 108.75 45.2436 0.5
1 130.357 21.1144 -89.0232 0.5
1 156.089 -60.769 55.9764 0.5
1 145.805 -40.9289 -58.866 0.5
1 123.624 164.961 -49.9456 0.5
1 113.327 182.554 50.3641 0.5
1 139.921 71.0711 -97.7765 0.5
1 161.012 107.314 -34.8149 0.5
1 161.006 -32.7951 88.5971 0.5
1 137.028 87.435 -94.6317 0.5
1 160.441 73.9845 -80.4269 0.5
1 164.575 -50.0551 81.8481 0.5
1 137.601 36.7712 -98.4841 0.5
1 164.676 97.4144 43.1914 0.5
1 158.423 -79.5152 -21.9182 0.5
1 111.51 44.4135 -83.5856 0.5
1 132.741 -28.213 -42.0082 0.5
1 123.923 -12.3091 43.345 0.5
1 126.672 7.41389 75.4473 0.5
1 145.083 -18.9667 79.905 0.5
1 133.796 34.7429 96.57 0.5
1 135.283 118.867 79.4448 0.5
1 156.135 91.4722 -71.9429 0.5
1 147.46 -24.6972 78.6659 0.5
1 143.867 -40.9652 -53.9014 0.5
1 144.128 126.964 54.0259 0.5
1 137.62 149.809 -28.9308 0.5
1 133.332 14.0443 88.0159 0.5
1 151.67 126.774 -24.2144 0.5
1 122.123 175.535 -32.3932 0.5
1 149.122 0.593826 94.197 0.5
1 144.009 83.806 91.3037 0.5
1 123.954 -0.403911 -62.378 0.5
1 140.559 87.9351 -92.1066 0.5
1 126.257 -25.0601 15.2763 0.5
1 155.61 104.952 57.1983 0.5
1 159.23 29.6557 -99.1513 0.5
1 151.735 45.4007 98.7498 0.5
1 147.93 -56.4039 -37.6752 0.5
1 130.946 -7.0799 68.6377 0.5
1 143.26 -54.5745 -14.8461 0.5
1 127.771 4.96068 74.9651 0.5
1 151.298 112.474 57.1225 0.5
1 120.272 173.439 -44.9924 0.5
1 114.89 168.287 -66.333 0.5
1 118.06 168.188 59.7002 0.5
1 142.059 5.73128 91.3585 0.5
1 120.939 39.8671 -90.2298 0.5
1 127.527 -10.6291 -56.9545 0.5
1 115.583 -6.6888 14.4947 0.5
1 150.289 20.0953 -99.2717 0.5
1 163.035 12.071 99.9799 0.5
1 145.75 75.092 -93.642 0.5
1 151.385 122.536 -38.4986 0.5
1 133.626 150.602 44.4056 0.5
1 145.43 -12.9408 -84.4857 0.5
1 132.758 141.816 60.9098 0.5
1 148.682 116.924 57.2376 0.5
1 123.654 26.1787 85.3575 0.5
1 158.642 -38.889 -82.4653 0.5
1 135.123 64.4608 -99.8168 0.5
1 166.009 -94.5556 10.292 0.5
1 112.668 -1.71395 13.9892 0.5
1 119.989 -10.7108 30.1899 0.5
1 122.932 179.079 -9.43671 0.5
1 146.27 98.2244 80.6516 0.5
1 146.438 2.42227 93.144 0.5
1 128.385 106.053 -93.3062 0.5
1 159.593 -22.7267 92.1852 0.5
2 197.051 47.2086 99.5765 0.5
2 172.133 -46.102 -80.4875 0.5
2 215.601 23.9102 76.3158 0.5
2 201.999 145.101 59.8268 0.5
2 210.408 169.699 -43.2548 0.5
2 219.101 176.434 -57.465 0.5
2 182.009 42.9062 -99.2084 0.5
2 179.792 0.0231758 -96.4287 0.5
2 168.423 83.7336 -63.9053 0.5
2 174.156 109.719 -36.8259 0.5
2 214.5 63.4327 97.2735 0.5
2 167.578 -60.2742 -75.4514 0.5
2 186.956 137.009 19.4464 0.5
2 203.939 77.8015 99.5507 0.5
2 182.899 127.807 -28.2865 0.5
2 198.508 -30.1837 45.3811 0.5
2 187.3 -30.1217 71.7713 0.5
2 172.353 107.962 33.1707 0.5
2 195.287 -21.8993 -65.8642 0.5
2 193.315 28.5379 97.685 0.5
2 170.61 -37.4393 87.7026 0.5
2 195.532 151.534 -21.036 0.5
2 210.557 -7.50635 48.7694 0.5
2 167.795 76.711 70.4394 0.5
2 209.005 -18.3865 29.6835 0.5
2 218.266 104.336 99.372 0.5
2 210.139 155.637 64.3256 0.5
2 220.206 -0.386611 -24.7288 0.5
2 217.39 125.483 94.096 0.5
2 204.74 -30.1868 -4.33649 0.5
2 220.385 179.967 55.5529 0.5
2 206.15 32.6637 91.869 0.5
2 215.524 121.953 -94.2022 0.5
2 193.351 -8.7428 -80.9329 0.5
2 171.032 26.68 98.8159 0.5
2 213.651 1.18134 -54.3017 0.5
2 193.498 -4.43369 83.7249 0.5
2 192.05 43.5806 99.9135 0.5
2 200.932 -27.4334 -42.418 0.5
2 209.284 41.7473 93.3555 0.5
2 219.83 91.9772 99.9247 0.5
2 190.476 57.4307 99.2261 0.5
2 196.253 119.67 76.2914 0.5
2 176.149 -79.8003 0.420184 0.5
2 216.658 -2.07818 -38.1394 0.5
2 179.592 83.198 82.1395 0.5
2 198.534 128.859 71.5242 0.5
2 218.99 38.2706 82.7606 0.5
2 205.132 58.606 99.3022 0.5
2 171.873 -65.8369 -61.7843 0.5
2 171.491 -71.6397 -54.6123 0.5
2 187.694 33.5274 -99.7774 0.5
2 198.398 114.989 -82.6774 0.5
2 192.063 -30.9724 -61.6507 0.5
2 220.369 -2.42361 -12.5181 0.5
2 193.648 148.473 -20.0768 0.5
2 205.383 6.15875 76.2697 0.5
2 208.962 163.067 50.9718 0.5
2 184.277 128.042 -34.7594 0.5
2 219.361 163.662 72.7424 0.5
2 200.197 9.31145 85.0852 0.5
2 167.088 -91.4846 -28.0379 0.5
2 196.193 94.6708 -91.7585 0.5
2 199.576 58.1131 -99.9645 0.5
2 183.259 77.0954 89.5126 0.5
2 196.449 -39.8393 -30.6112 0.5
2 190.105 -55.4296 6.29422 0.5
2 219.178 192.392 21.4828 0.5
2 181.668 -70.1133 -5.08805 0.5
2 171.079 -86.6585 -19.5219 0.5
2 210.484 9.05527 70.8076 0.5
2 216.92 -4.49759 30.2552 0.5
2 183.56 132.206 12.8579 0.5
2 171.985 -50.2415 -77.4745 0.5
2 200.923 105.349 90.6409 0.5
2 220.577 12.0915 -52.5819 0.5
2 220.903 -0.629402 18.1253 0.5
2 194.765 128.367 65.0811 0.5
2 192.909 120.509 70.1362 0.5
2 218.592 10.0699 -54.8093 0.5
2 216.616 148.92 81.0084 0.5
2 203.569 -32.2963 1.57751 0.5
2 185.228 108.879 -68.3929 0.5
2 188.748 127.014 52.6889 0.5
2 183.395 -48.1877 58.7301 0.5
2 170.601 101.808 40.9757 0.5
2 190.17 -54.1403 16.5308 0.5
2 193.989 132.37 -58.2668 0.5
2 211.312 -18.8067 -4.25709 0.5
2 194.74 149.657 23.262 0.5
2 202.016 40.1563 -96.8643 0.5
2 219.358 -0.454147 -29.6826 0.5
2 194.526 150.078 -19.656 0.5
2 209.123 43.3242 -94.047 0.5
2 206.037 124.111 -85.3291 0.5
2 204.247 162.922 33.9637 0.5
2 203.024 -17.2236 54.3031 0.5
2 184.208 72.432 -92.3852 0.5
2 216.44 7.50541 56.542 0.5
2 208.24 -10.0647 51.2857 0.5
2 201.841 156.498 39.6587 0.5
2 181.33 -11.0225 -91.566 0.5
2 211.684 177.516 28.7834 0.5
2 216.203 116.465 -96.3167 0.5
2 189.795 93.2482 86.9382 0.5
2 168.081 -50.6841 -82.2271 0.5
2 178.362 -44.9869 -72.3631 0.5
2 205.582 143.261 -69.3113 0.5
2 181.237 129.011 -0.00767866 0.5
2 186.754 -28.038 74.5909 0.5
2 212.149 -13.5845 27.5234 0.5
2 192.143 90.6658 90.3948 0.5
2 208.479 166.683 42.5697 0.5
2 179.729 -73.4712 5.08214 0.5
2 190.531 -54.443 -9.45745 0.5
2 207.09 -3.79301 63.0936 0.5
2 181.6 -69.5046 -13.0565 0.5
2 176.891 39.9182 -98.2861 0.5
2 203.294 25.8358 -91.0367 0.5
2 167.807 -32.135 92.5459 0.5
2 174.148 -62.8424 -60.5619 0.5
2 177.095 104.152 -56.7824 0.5
2 180.708 -44.4963 -68.7785 0.5
3 227.085 0.771013 12.3939 0.5
3 277.759 0.270364 7.34845 0.5
3 278.308 0.176853 -5.94469 0.5
3 296.343 45.0191 -83.529 0.5
3 251.309 1.11512 14.8923 0.5
3 247.494 38.8241 -79.1044 0.5
3 275.244 79.1487 97.802 0.5
3 252.296 197.252 -23.2821 0.5
3 289.221 23.7936 64.7502 0.5
3 265.461 40.0682 80.0511 0.5
3 230.482 80.2499 -98.0303 0.5
3 298.188 84.0979 98.7275 0.5
3 232.395 13.1115 49.5014 0.5
3 294.417 13.4262 -50.0497 0.5
3 266.95 111.223 99.3682 0.5
3 326.251 65.2355 -93.7626 0.5
3 271.802 28.4215 69.832 0.5
3 254.439 87.9065 99.266 0.5
3 234.901 198.688 -16.1473 0.5
3 275.703 165.274 -75.7583 0.5
3 293.914 115.853 -98.7354 0.5
3 248.441 194.835 31.7221 0.5
3 283.881 62.9445 92.8811 0.5
3 272.722 97.5159 99.9691 0.5
3 288.411 54.6119 89.1062 0.5
3 247.651 30.9248 -72.3092 0.5
3 248.371 177.118 63.6611 0.5
3 256.425 144.828 -89.3893 0.5
3 306.453 8.02093 39.2409 0.5
3 326.52 123.581 97.18 0.5
3 306.596 155.904 82.9143 0.5
3 296.499 17.6668 -56.7561 0.5
3 321.604 114.615 98.9262 0.5
3 311.431 110.233 -99.4751 0.5
3 281.687 179.129 -61.1436 0.5
3 333.163 33.6 74.7733 0.5
3 296.317 199.929 -3.76815 0.5
3 226.909 9.65633 -42.8722 0.5
3 299.169 180.498 59.3307 0.5
3 239.869 175.624 -65.4297 0.5
3 325.843 192.413 -38.2087 0.5
3 300.177 15.409 53.3325 0.5
3 303.388 14.6218 -52.0631 0.5
3 293.646 0.154928 5.56431 0.5
3 270.104 188.549 46.4652 0.5
3 316.42 103.495 -99.9389 0.5
3 250.584 9.25514 -42.0163 0.5
3 265.246 88.4232 99.3276 0.5
3 251.48 166.382 74.789 0.5
3 247.931 104.167 99.9131 0.5
3 233.795 149.066 -87.1349 0.5
3 226.413 65.5713 93.8864 0.5
3 271.63 78.4004 97.6394 0.5
3 226.593 191.492 40.3641 0.5
3 255.011 134.466 93.8727 0.5
3 229.954 148.164 87.6367 0.5
3 295.178 0.820566 12.7844 0.5
3 259.048 100.265 -99.9996 0.5
3 288.373 175.69 65.3526 0.5
3 252.035 0.720072 -11.979 0.5
3 314.336 93.3252 -99.777 0.5
3 261.209 193.279 -36.0425 0.5
3 302.644 188.719 46.14 0.5
3 255.639 3.4965 -26.2121 0.5
3 286.126 148.628 -87.3801 0.5
3 233.089 192.622 -37.6985 0.5
3 231.536 28.8486 70.2672 0.5
3 328.832 13.971 -50.9806 0.5
3 233.874 141.167 91.1334 0.5
3 248.946 58.7841 91.1112 0.5
3 308.163 109.71 99.5275 0.5
3 269.093 3.14219 24.871 0.5
3 325.325 58.2793 -90.8811 0.5
3 241.428 12.4365 48.2973 0.5
3 313.999 103.323 -99.9448 0.5
3 267.306 198.563 16.8915 0.5
3 306.269 66.098 94.0779 0.5
3 283.941 82.4704 -98.4516 0.5
3 299.099 140.645 -91.3675 0.5
3 321.893 192.844 -37.1477 0.5
3 291.327 195.574 -29.4211 0.5
3 247.353 193.817 -34.6171 0.5
3 296.48 77.976 97.5446 0.5
3 224.677 1.83928 -19.0912 0.5
3 257.195 196.603 25.8415 0.5
3 316.722 18.2394 -57.5778 0.5
3 245.535 106.1 -99.8138 0.5
3 266.215 199.909 4.25672 0.5
3 299.357 193.646 35.078 0.5
3 268.084 145.452 89.0737 0.5
3 235.385 194.546 32.5735 0.5
3 312.196 0.556593 -10.5361 0.5
3 277.636 29.8469 -71.2639 0.5
3 228.13 146.621 -88.4673 0.5
3 326.276 189.153 -45.2966 0.5
3 231.611 155.786 -82.9934 0.5
3 318.857 186.394 -50.36 0.5
3 315.466 2.07279 -20.2549 0.5
3 298.99 119.726 98.0352 0.5
3 259.285 82.9437 -98.5347 0.5
3 247.64 198.944 -14.4958 0.5
3 299.671 37.8797 78.365 0.5
3 250.803 164.218 -76.6553 0.5
3 233.294 182.157 57.0109 0.5
3 295.923 191.744 39.7874 0.5
3 317.696 6.00481 34.1307 0.5
3 299.18 0.00231437 0.680345 0.5
3 310.919 41.7299 -81.2686 0.5
3 223.72 152.919 -84.8502 0.5
3 328.184 72.2441 96.0708 0.5
3 255.794 194.374 33.0694 0.5
3 298.146 6.71614 36.0295 0.5
3 303.742 34.3861 75.464 0.5
3 267.519 175.948 -65.0528 0.5
3 298.204 105.806 99.8313 0.5
3 246.748 182.576 -56.4021 0.5
3 231.204 199.277 12.0065 0.5
3 284.599 26.3916 -67.689 0.5
3 331.451 189.312 44.9828 0.5
3 257.421 156.251 82.6789 0.5
3 322.706 138.02 92.4905 0.5
3 300.437 56.6131 90.0976 0.5
3 288.783 184.996 52.684 0.5
3 263.954 0.0176297 -1.87766 0.5
3 269.28 184.436 -53.5775 0.5
3 254.323 26.7691 68.0973 0.5
3 246.663 48.1143 85.4861 0.5
3 233.73 73.4862 -96.421 0.5
3 299.159 104.629 99.8928 0.5
3 266.847 137.256 -92.8009 0.5
3 288.842 102.003 99.9799 0.5
3 280.991 41.739 81.2752 0.5
3 272.769 184.505 53.4686 0.5
3 234.51 9.19182 41.8793 0.5
3 236.767 98.287 -99.9853 0.5
3 317.271 174.308 -66.9207 0.5
3 243.106 6.25697 -34.8173 0.5
3 312.181 17.8426 -57.0102 0.5
3 249.148 5.16477 31.7219 0.5
3 301.724 53.0483 -88.2923 0.5
3 330.137 106.506 -99.7881 0.5
3 295.399 196.653 -25.6554 0.5
3 281.803 199.292 -11.8795 0.5
3 228.917 65.3427 -93.8023 0.5
4 355.976 19.806 91.2192 0.5
4 342.138 159.924 65.9453 0.5
4 346.1 121.208 -90.1293 0.5
4 349.823 110.139 92.2078 0.5
4 365.153 -28.3355 68.1061 0.5
4 387.076 89.0771 57.0032 0.5
4 353.647 53.6312 -99.3726 0.5
4 348.83 -26.0218 12.776 0.5
4 383.879 -45.8223 -81.2651 0.5
4 340.3 55.5069 94.5968 0.5
4 379.344 102.086 -57.5513 0.5
4 379.141 -19.992 -91.3646 0.5
4 370.992 -63.7016 -17.3955 0.5
4 341.914 -10.4396 29.4125 0.5
4 369.972 110.03 67.818 0.5
4 353.73 41.8974 97.3719 0.5
4 338.693 70.6195 97.9598 0.5
4 376.733 -25.6837 86.3042 0.5
4 343.839 123.486 90.8988 0.5
4 372.083 16.8153 -98.7006 0.5
4 371.443 17.5426 98.6377 0.5
4 379.782 33.6856 98.9957 0.5
4 375.174 101.907 -66.8427 0.5
4 349.772 171.283 6.9879 0.5
4 350.12 168.014 -23.9514 0.5
4 359.291 154.157 13.2577 0.5
4 359.865 -4.25041 -81.2504 0.5
4 338.006 -0.498772 -38.2258 0.5
4 366.04 136.544 -36.2632 0.5
4 333.73 197.011 21.3308 0.5
4 367.992 55.2195 98.8303 0.5
4 340.911 115.948 -95.6805 0.5
4 375.532 122.992 -27.7193 0.5
4 385.525 -89.9642 9.30286 0.5
4 348.072 133.721 -80.5573 0.5
4 365.993 91.5044 87.6872 0.5
4 335.409 61.0959 -93.5589 0.5
4 377.34 -56.9712 -58.9886 0.5
4 386.51 80.819 68.427 0.5
4 360.477 -24.1374 -63.6554 0.5
4 373.999 129.555 -1.37027 0.5
4 360.355 -2.72897 82.8996 0.5
4 345.867 175.211 24.6269 0.5
4 364.471 -50.3534 -26.5098 0.5
4 380.323 23.4541 -99.8826 0.5
4 388.76 -55.1315 80.6458 0.5
4 379.172 68.4244 -87.8252 0.5
4 375.588 -29.353 82.7367 0.5
4 337.884 8.10386 54.2362 0.5
4 367.618 39.5152 99.9939 0.5
4 368.467 119.598 -59.394 0.5
4 335.237 187.437 42.037 0.5
4 384.53 103.272 -39.3171 0.5
4 380.408 59.3622 91.254 0.5
4 380.732 -77.5091 -29.9396 0.5
4 358.234 154.507 21.6155 0.5
4 344.712 79.236 99.9944 0.5
4 355.695 113.583 -85.2242 0.5
4 365.077 -7.413 -85.1523 0.5
4 376.275 -71.5896 -23.4468 0.5
4 380.071 110.081 -41.3883 0.5
4 360.916 -40.358 37.7942 0.5
4 350.571 -28.2943 17.609 0.5
4 340.012 44.514 89.8395 0.5
4 384.494 32.4615 -97.754 0.5
4 334.175 23.2847 65.8498 0.5
4 370.403 133.847 19.6339 0.5
4 378.116 18.1265 99.9072 0.5
4 356.729 10.1538 -86.9893 0.5
4 343.786 50.9883 -95.1038 0.5
4 387.956 74.8611 71.9296 0.5
4 349.842 14.5421 82.2587 0.5
4 363.388 130.464 -56.4831 0.5
4 362.348 96.2959 88.5045 0.5
4 347.181 151.891 65.1367 0.5
4 372.728 -67.2212 -14.1873 0.5
4 338.318 114.074 97.3878 0.5
4 358.905 -14.0497 71.6501 0.5
4 349.466 171.181 13.2041 0.5
4 350.11 136.802 -75.2494 0.5
4 346.069 -21.2188 -12.9298 0.5
4 349.582 28.988 -90.3458 0.5
4 341.454 129.721 -89.9045 0.5
4 333.378 173.05 -68.2095 0.5
4 361.886 -19.4742 -71.3948 0.5
4 349.748 161.325 44.0909 0.5
4 378.523 -66.7917 46.5201 0.5
4 349.002 53.7998 -98.1666 0.5
4 351.038 -30.5065 5.62425 0.5
4 338.815 -5.34041 -28.5227 0.5
4 376.162 66.513 -91.3451 0.5
4 355.452 128.164 74.7066 0.5
4 360.946 -18.8771 -70.3686 0.5
4 371.042 75.0332 -91.4997 0.5
4 353.003 119.05 -84.7259 0.5
4 364.794 73.6766 -95.9507 0.5
4 373.439 -55.7989 50.4613 0.5
4 382.742 -79.4131 34.5712 0.5
4 383.674 94.3895 57.8297 0.5
4 360.985 145.205 36.5042 0.5
4 342.294 167.269 56.0881 0.5
4 388.025 -11.5645 -98.5725 0.5
4 380.17 30.3548 -99.3391 0.5
4 388.132 -40.4797 89.0152 0.5
4 384.884 94.6278 54.388 0.5
4 371.412 32.2835 -99.9845 0.5
4 336.945 97.819 99.917 0.5
4 335.964 9.52957 51.1749 0.5
4 367.132 18.002 -97.2098 0.5
4 363.435 144.173 -26.9144 0.5
4 362.229 -38.86 45.9635 0.5
4 353.328 163.723 18.0669 0.5
4 358.884 72.3089 -98.6187 0.5
4 373.872 -68.429 18.8182 0.5
4 334.674 84.1474 -99.0803 0.5
4 384.501 95.2995 -54.3752 0.5
4 358.77 155.826 -4.84533 0.5
4 385.344 -37.0172 -88.3029 0.5
4 370.652 -36.6954 69.3377 0.5
4 364.919 -54.5562 5.49597 0.5
4 333.7 88.5162 -99.4097 0.5
4 378.288 81.829 80.2296 0.5
4 376.223 -51.2061 63.9025 0.5
4 343.825 -18.1687 -0.824387 0.5
4 382.996 -34.056 -87.7061 0.5
4 384.996 97.9282 -48.5745 0.5
4 349.969 -7.1668 -62.1346 0.5
5 380.707 89.2898 7.9195 0.5
5 377.121 -24.5985 -99.6802 0.5
5 354.141 28.4111 52.9647 0.5
5 333.389 7.58049 3.64211 0.5
5 370.874 -0.113317 -96.1973 0.5
5 346.005 26.7948 23.0918 0.5
5 383.125 -81.5818 -65.7188 0.5
5 361.704 -93.7526 86.3459 0.5
5 345.901 -136.011 75.7107 0.5
5 380.195 -94.7203 -55.1203 0.5
5 338.822 -13.9904 72.4257 0.5
5 338.426 -137.387 84.322 0.5
5 367.751 -132.825 -1.5693 0.5
5 373.662 -106.319 -54.6898 0.5
5 345.869 24.1506 31.5609 0.5
5 341.138 -178.287 -11.3376 0.5
5 384.43 -56.1089 -85.3182 0.5
5 382.577 -104.174 -24.2405 0.5
5 346.6 -154.198 53.1176 0.5
5 386.277 3.27215 -99.9191 0.5
5 377.82 73.6985 45.4103 0.5
5 340.026 18.2934 13.0029 0.5
5 336.788 -180.416 34.2575 0.5
5 360.091 20.3673 74.7094 0.5
5 338.346 -72.6834 -99.3838 0.5
5 358.466 50.9314 5.47721 0.5
5 336.581 -83.7294 -99.9521 0.5
5 338.929 -131.446 87.3468 0.5
5 388.044 -94.4974 25.0577 0.5
5 374.119 66.6173 46.7033 0.5
5 367.916 1.75652 93.9306 0.5
5 381.679 -84.0012 -65.8156 0.5
5 351.227 -153.157 39.8876 0.5
5 365.827 -61.3597 96.7755 0.5
5 385.866 -74.4042 -68.4056 0.5
5 344.939 -172.202 5.41488 0.5
5 385.406 4.66089 99.7603 0.5
5 364.387 -11.1327 96.1356 0.5
5 387.971 -72.2029 66.8311 0.5
5 356.769 -81.2778 95.5745 0.5
5 333.99 -186.578 30.4047 0.5
5 339.895 18.5803 -8.17157 0.5
5 353.79 -72.8413 98.7402 0.5
5 361.761 -85.7614 90.4964 0.5
5 380.393 -61.6968 -86.1616 0.5
5 357.236 -87.2592 93.2139 0.5
5 388.283 -85.5484 46.9875 0.5
5 361.04 -124.731 -59.6385 0.5
5 388.087 -37.6821 -91.6219 0.5
5 387.249 20.5221 -98.0629 0.5
5 379.507 68.4662 -58.7235 0.5
5 380.364 73.3546 -53.7202 0.5
5 343.915 -24.9405 -87.0696 0.5
5 370.132 31.1632 -80.0932 0.5
5 354.825 39.5973 31.7596 0.5
5 362.218 -87.3237 -89.3517 0.5
5 360.389 -143.65 -19.5973 0.5
5 351.149 -129.414 73.4866 0.5
5 354.15 29.4606 -51.273 0.5
5 346.009 29.4264 3.95669 0.5
5 344.638 -5.7724 74.1482 0.5
5 350.462 9.34245 -69.2669 0.5
5 387.808 86.4328 -53.4304 0.5
5 339.524 -38.7614 90.299 0.5
5 380.254 -19.9596 99.6139 0.5
5 385.999 -2.82345 -99.9873 0.5
5 355.632 43.5288 22.8401 0.5
5 370.338 -122.993 -32.3074 0.5
5 362.528 41.2695 -55.5479 0.5
5 384.117 -99.1186 32.3313 0.5
5 358.251 -126.45 -63.6123 0.5
5 375.405 -76.2026 -82.4244 0.5
5 376.845 -115.696 16.6102 0.5
5 367.492 -117.958 53.2039 0.5
5 352.163 -57.6258 -99.9756 0.5
5 367.126 40.7802 66.4835 0.5
5 378.868 -39.7627 96.5119 0.5
5 369.609 -10.1822 98.0928 0.5
5 356.335 -61.501 99.604 0.5
5 373.653 -55.8417 94.3185 0.5
5 387.256 -76.0792 -63.7724 0.5
5 385.493 80.0857 -56.9592 0.5
5 362.354 -141.998 -6.11274 0.5
5 371.275 71.6644 17.8256 0.5
5 356.939 -115.447 -76.9338 0.5
5 348.965 32.3274 -21.3136 0.5
5 342.819 -75.3489 99.9978 0.5
5 383.718 6.78326 -99.2817 0.5
5 362.517 -140.326 -17.6847 0.5
5 380.984 -79.9468 71.3847 0.5
5 359.743 23.0445 -71.6562 0.5
5 359.542 11.3243 -81.1896 0.5
5 386.327 -77.4081 64.1092 0.5
5 347.959 23.1949 -42.9389 0.5
5 371.972 13.3882 92.1176 0.5
5 364.143 -103.554 76.4457 0.5
5 343.669 -150.913 64.5635 0.5
5 358.008 45.0713 -31.8781 0.5
5 377.488 58.2554 67.0101 0.5
5 338.638 -1.20288 57.1519 0.5
5 334.639 -36.9775 -84.6675 0.5
5 363.893 56.6726 -27.3322 0.5
5 371.177 19.254 -88.7104 0.5
5 369.924 -86.6577 -81.7554 0.5
5 369.502 21.9536 85.564 0.5
5 378.99 -102.451 45.4401 0.5
5 367.734 23.5025 82.5983 0.5
5 344.292 -32.2641 -91.1163 0.5
5 343.992 25.5838 9.23152 0.5
5 358.136 1.93643 -85.763 0.5
5 375.568 80.0628 11.2939 0.5
5 340.976 -146.541 -73.938 0.5
5 341.698 -177.955 1.24147 0.5
5 333.908 -191.144 7.87078 0.5
5 341.739 -162.476 53.3423 0.5
5 387.49 -73.5574 66.246 0.5
5 354.41 -130.635 66.4926 0.5
5 351.904 -86.3891 -96.5325 0.5
5 372.032 -125.297 -5.00572 0.5
5 336.887 -182.308 27.9572 0.5
5 388.051 48.1806 88.8656 0.5
5 383.721 -13.2103 99.6768 0.5
5 385.182 47.0153 86.797 0.5
5 358.106 -0.376965 -87.0792 0.5
5 335.827 -11.2474 63.9437 0.5
5 355.566 21.5375 65.5969 0.5
5 350.616 -2.13119 79.7101 0.5
5 388.68 81.1072 -62.9573 0.5
5 348.844 -160.894 -30.2664 0.5
5 347.246 -155.979 48.1839 0.5
5 343.688 -102.246 -96.0781 0.5
5 337.134 -55.1191 -95.1553 0.5
5 377.789 4.06656 98.077 0.5
5 349.795 -79.0559 98.8507 0.5
5 385.565 -98.5577 -25.9436 0.5
5 342.455 -36.4858 -91.579 0.5
5 366.399 54.6297 -43.9827 0.5
5 382.152 -38.9173 -95.0661 0.5
5 379.539 -105.566 -36.386 0.5
5 384.262 25.6572 -95.4263 0.5
6 372.627 6.11606 16.8735 0.5
6 378.234 2.24151 32.1481 0.5
6 437.155 6.19529 16.404 0.5
6 372.195 -178.713 50.5832 0.5
6 418.522 -133.052 91.3866 0.5
6 370.393 -60.86 -94.8792 0.5
6 423.068 -2.5527 -43.8002 0.5
6 440.854 -17.2833 -65.9542 0.5
6 390.311 -119.135 -96.374 0.5
6 428.391 -78.4102 -99.0095 0.5
6 372.772 3.50952 28.1381 0.5
6 382.018 -19.3328 -68.2192 0.5
6 356.917 -134.598 90.684 0.5
6 405.472 7.52208 2.35921 0.5
6 335.393 -145.766 -84.6017 0.5
6 422.737 -0.857226 40.1341 0.5
6 355.706 -187.814 30.0954 0.5
6 340.191 -32.1449 -79.7702 0.5
6 363.295 -63.5264 -95.7257 0.5
6 349.08 -192.417 2.55951 0.5
6 405.16 -142.824 -86.3856 0.5
6 418.137 4.91563 -22.8017 0.5
6 428.541 -158.231 75.3182 0.5
6 333.806 -179.886 48.5286 0.5
6 442.59 -0.26 38.7426 0.5
6 406.377 -161.196 72.6224 0.5
6 403.435 -191.402 14.4432 0.5
6 344.343 -178.824 50.3933 0.5
6 404.499 -65.6797 -96.3501 0.5
6 371.851 -186.255 -34.6508 0.5
6 349.16 -51.1717 -91.0829 0.5
6 434.378 6.4154 15.0205 0.5
6 343.141 -190.182 -21.1757 0.5
6 335.394 -62.6788 -95.4655 0.5
6 388.87 -57.8578 93.8263 0.5
6 407.204 -131.939 91.8728 0.5
6 349.241 -20.8119 -69.7708 0.5
6 388.976 -4.99729 -48.4975 0.5
6 421.61 -7.497 -52.7539 0.5
6 346.692 -16.2579 64.7669 0.5
6 398.301 -81.8669 -99.4384 0.5
6 407.449 4.11978 -25.9665 0.5
6 353.426 -1.9919 -42.63 0.5
6 409.669 -192.448 -0.697516 0.5
6 417.429 -46.3091 88.7187 0.5
6 397.676 -180.122 -48.0994 0.5
6 440.61 -179.253 49.6515 0.5
6 345.237 -132.973 91.4214 0.5
6 371.654 -37.8027 -83.7476 0.5
6 348.769 7.40797 5.32617 0.5
6 375.427 -38.5117 -84.206 0.5
6 360.896 -179.886 48.5277 0.5
6 409.731 -187.75 30.2967 0.5
6 370.98 -133.763 -91.0672 0.5
6 340.785 -48.3629 89.757 0.5
6 401.008 -171.41 61.3625 0.5
6 406.531 -152.637 79.8596 0.5
6 388.537 -46.9091 89.0282 0.5
6 346.348 -7.95299 -53.4812 0.5
6 389.588 -66.0261 -96.4457 0.5
6 424.77 -161.398 72.4302 0.5
6 392.297 6.08635 17.0461 0.5
6 393.277 -147.183 83.692 0.5
6 339.186 -11.9108 59.2741 0.5
6 415.485 -146.029 84.4352 0.5
6 442.7 -33.2415 80.5875 0.5
6 444.259 -6.33734 50.8389 0.5
6 335.083 -130.967 92.2845 0.5
6 347.181 2.49515 -31.3911 0.5
6 429 -15.9971 -64.4589 0.5
6 431.157 -129.188 -93.0071 0.5
6 416.106 -100.333 99.6888 0.5
6 367.342 -184.105 -39.9919 0.5
6 427.98 -67.9224 -96.9453 0.5
6 343.853 -81.4768 -99.3961 0.5
6 383.531 -192.447 0.844745 0.5
6 366.286 -11.203 -58.3001 0.5
6 387.075 7.49531 3.30404 0.5
6 400.447 -17.6702 -66.3926 0.5
6 430.58 -181.113 -46.2486 0.5
6 401.074 -11.8511 -59.193 0.5
6 422.711 -122.362 -95.4215 0.5
6 354.855 -112.226 98.0251 0.5
6 426.356 -134.486 90.7356 0.5
6 370.293 -23.248 -72.1878 0.5
6 337.745 -145.835 -84.5578 0.5
6 379.622 -52.3032 -91.5873 0.5
6 366.348 -167.608 -65.9644 0.5
6 337.351 -162.544 71.3217 0.5
6 434.102 -6.08325 -50.406 0.5
6 344.801 -34.4864 81.4875 0.5
6 337.503 -7.11436 52.1326 0.5
6 362.502 -147.876 83.2347 0.5
6 383.306 -141.725 87.0171 0.5
6 364.348 -151.235 -80.8968 0.5
6 419.789 -115.773 -97.2423 0.5
6 336.914 2.81049 30.4208 0.5
6 379.041 -13.201 -60.9884 0.5
6 439.79 -129.913 92.7177 0.5
6 406.47 -127.73 93.5699 0.5
6 357.826 -50.9789 90.9953 0.5
6 391.105 1.92158 -33.0755 0.5
6 438.82 -141.532 -87.1259 0.5
6 369.967 -106.971 -98.94 0.5
6 386.967 -166.891 66.7727 0.5
6 369.482 -12.8227 -60.4936 0.5
6 390.873 -4.93685 -48.3884 0.5
6 423.793 -121.381 -95.7236 0.5
6 423.641 -15.1165 63.3997 0.5
6 365.606 -6.58386 51.2542 0.5
6 433.212 -118.667 96.5022 0.5
6 428.879 -163.838 70.0272 0.5
6 335.58 -148.301 82.9496 0.5
6 401.471 -192.283 -5.77375 0.5
6 430.382 1.09579 35.3436 0.5
6 396.211 0.117349 -37.8321 0.5
6 420.615 -2.98971 44.686 0.5
6 344.498 -189.788 -22.9209 0.5
6 372.927 -125.325 94.4418 0.5
6 440.965 -72.2432 -97.9371 0.5
6 351.098 -157.047 76.3367 0.5
6 414.165 -192.377 -3.82005 0.5
6 442.021 -9.9146 -56.4614 0.5
6 409.793 -125.003 94.5531 0.5
6 336.528 -54.8344 -92.6556 0.5
6 349.116 -4.79684 -48.1343 0.5
6 425.769 -190.939 17.3194 0.5
6 350.91 -160.867 -72.932 0.5
6 408.914 0.338084 37.2875 0.5
6 383.455 -121.032 -95.8285 0.5
6 357.009 -0.544212 39.412 0.5
6 443.769 -126.312 -94.0923 0.5
6 366.906 -102.034 -99.5397 0.5
6 424.816 1.89114 33.1622 0.5
6 415.438 -79.6847 99.1819 0.5
6 346.555 -29.0421 77.3267 0.5
6 382.867 -174.162 57.6465 0.5
6 333.513 -48.4833 89.816 0.5
6 341.439 -157.398 76.0376 0.5
6 411.42 -77.043 -98.806 0.5
6 394.615 -95.6786 -99.9479 0.5
6 343.384 -93.9166 -99.9892 0.5
6 370.966 -136.163 89.9399 0.5
6 426.315 -28.446 76.8341 0.5
7 489.866 -200.196 95.6805 0.5
7 454.002 -169.304 79.7741 0.5
7 492.089 -227.18 85.2903 0.5
7 456.015 -159.344 88.3445 0.5
7 475.033 -229.742 53.7736 0.5
7 490.441 -267.756 -29.218 0.5
7 453.903 -43.7946 -75.9611 0.5
7 462.889 -205.169 -58.9552 0.5
7 451.103 -119.711 -98.7554 0.5
7 488.516 -259.721 -41.5998 0.5
7 493.652 -79.4194 18.5672 0.5
7 463.958 -97.7863 -95.8641 0.5
7 483.978 -85.7099 65.8995 0.5
7 446.69 -194.471 19.2429 0.5
7 477.027 -226.883 62.58 0.5
7 464.69 -36.3181 41.0243 0.5
7 493.51 -168.459 -99.5964 0.5
7 494.749 -98.7023 58.8114 0.5
7 457.785 -18.9404 25.7951 0.5
7 494.406 -220.294 -91.0695 0.5
7 454.953 -185.027 -66.8452 0.5
7 489.061 -109.94 -80.1587 0.5
7 465.673 -176.088 -88.3362 0.5
7 476.134 -134.791 -99.2098 0.5
7 454.496 -21.6327 -47.0729 0.5
7 495.022 -89.0875 -41.5373 0.5
7 474.933 -156.124 99.4078 0.5
7 488.294 -123.963 -89.5845 0.5
7 488.167 -132.421 -93.3878 0.5
7 494.183 -140.941 92.6381 0.5
7 448.322 -86.4795 -99.192 0.5
7 474.466 -242.484 -19.7273 0.5
7 467.304 -74.4655 -81.7598 0.5
7 448.484 -138.739 -91.9575 0.5
7 473.556 -74.8261 73.2787 0.5
7 470.365 -72.3472 -75.9945 0.5
7 458.666 -122.123 -99.8729 0.5
7 455.547 -194.711 -55.7316 0.5
7 469.374 -217.057 -58.047 0.5
7 456.056 -212.554 1.21849 0.5
7 497.663 -250.536 -75.207 0.5
7 491.52 -89.8258 54.0067 0.5
7 466.586 -166.072 93.5733 0.5
7 446.251 -185.536 43.6758 0.5
7 485.927 -207.472 90.2006 0.5
7 463.541 -95.5475 95.4004 0.5
7 477.93 -249.049 -16.67 0.5
7 472.955 -149.848 99.6781 0.5
7 490.252 -79.0816 -37.482 0.5
7 471.932 -206.079 -75.1103 0.5
7 456.832 -212.434 -17.0939 0.5
7 451.832 -140.879 93.4357 0.5
7 485.528 -98.5973 75.9829 0.5
7 476.174 -67.5243 -60.1553 0.5
7 480.21 -253.017 16.5541 0.5
7 449.547 -84.2934 -98.5452 0.5
7 498.567 -274.424 -47.0677 0.5
7 491.631 -243.489 -72.0839 0.5
7 481.467 -203.658 88.2226 0.5
7 481.213 -148.368 -99.6979 0.5
7 479.905 -228.246 -66.8444 0.5
7 481.6 -63.8595 -36.8943 0.5
7 453.826 -13.7067 -31.2494 0.5
7 459.681 -24.5423 33.2834 0.5
7 484.264 -146.126 98.8236 0.5
7 446.134 -147.939 85.0713 0.5
7 499.77 -158.639 -95.5071 0.5
7 460.668 -33.6509 -49.4828 0.5
7 464.091 -36.0507 42.695 0.5
7 495.017 -118.676 -78.9551 0.5
7 478.986 -62.1154 -43.251 0.5
7 485.81 -158.088 -99.8193 0.5
7 449.907 -198.481 -25.9711 0.5
7 456.064 -24.2957 46.9762 0.5
7 491.333 -272.151 -17.3291 0.5
7 494.563 -82.0959 -23.6558 0.5
7 467.686 -171.111 -92.3309 0.5
7 450.015 -30.7278 -70.0442 0.5
7 484.831 -249.09 -49.849 0.5
7 479.785 -184.138 95.2429 0.5
7 451.572 -21.3678 -55.1335 0.5
7 462.376 -184.222 79.4603 0.5
7 448.339 -184.863 -51.5864 0.5
7 466.207 -31.7597 17.9062 0.5
7 481.469 -74.3556 -56.9151 0.5
7 474.063 -132.214 99.3323 0.5
7 471.714 -39.75 -3.68506 0.5
7 487.264 -243.401 -64.0627 0.5
7 477.473 -228.942 60.9412 0.5
7 445.815 -44.6815 86.5198 0.5
7 483.931 -256.919 27.7368 0.5
7 489.892 -76.6338 32.6083 0.5
7 479.021 -57.431 -31.5057 0.5
7 489.105 -155.218 -98.9304 0.5
7 478.87 -65.4081 49.8864 0.5
7 465.616 -156.633 -96.1411 0.5
7 477.49 -131.569 -98.3452 0.5
7 456.441 -211.002 20.9894 0.5
7 454.157 -201.456 -38.7575 0.5
7 496.019 -168.405 99.1017 0.5
7 463.043 -214.521 43.8818 0.5
7 469.25 -136.143 99.9974 0.5
7 449.781 -200.142 17.5448 0.5
7 470.786 -220.923 -56.0005 0.5
7 453.031 -115.165 99.692 0.5
7 471.417 -42.9546 27.2592 0.5
7 493.69 -182.711 99.8766 0.5
7 477.33 -208.247 -80.8581 0.5
7 477.719 -245.526 29.8436 0.5
7 474.259 -157.959 99.0337 0.5
7 476.167 -243.543 27.4881 0.5
7 464.654 -225.536 19.4899 0.5
7 478.721 -247.76 28.2014 0.5
7 458.959 -186.293 -72.6633 0.5
7 472.754 -75.106 -74.7925 0.5
7 463.509 -219.941 32.7921 0.5
7 494.338 -86.3063 -37.8458 0.5
7 458.058 -195.656 60.4947 0.5
7 485.587 -259.366 -29.1548 0.5
7 446.274 -143.477 -87.8047 0.5
7 488.606 -267.024 19.4782 0.5
7 483.611 -128.619 94.8525 0.5
7 477.229 -93.8423 -83.257 0.5
7 456.058 -211.399 15.2338 0.5
7 458.971 -19.3877 -18.7659 0.5
7 484.711 -68.685 35.4406 0.5
7 447.18 -192.569 30.041 0.5
8 542.459 -79.6123 93.4782 0.5
8 530.31 -221.679 51.8589 0.5
8 517.842 -223.203 -75.6222 0.5
8 545.461 -202.801 -37.092 0.5
8 537.8 -163.952 -91.3208 0.5
8 539.741 -90.303 -95.5376 0.5
8 529.586 -210.907 67.8326 0.5
8 546.185 -53.364 83.3072 0.5
8 522.548 -225.052 -65.6518 0.5
8 503.837 -96.5355 -51.8735 0.5
8 544.024 -21.0353 40.5999 0.5
8 545.553 -22.7215 -49.2099 0.5
8 548.445 -186.44 57.701 0.5
8 554.557 -139.506 -89.1377 0.5
8 543.818 -211.338 -16.9157 0.5
8 544.293 -34.465 -63.205 0.5
8 551.015 -24.2024 64.8616 0.5
8 552.384 -53.2008 89.432 0.5
8 504.429 -233.509 85.1064 0.5
8 549.67 -112.947 99.4678 0.5
8 538.819 -60.1834 79.0424 0.5
8 551.715 0.876118 -2.0452 0.5
8 541.246 -200.494 55.3902 0.5
8 522.215 -108.927 -91.0859 0.5
8 537.121 -103.987 97.8988 0.5
8 531.673 -155.83 97.5467 0.5
8 524.336 -164.563 -98.3596 0.5
8 535.759 -183.276 -82.4837 0.5
8 528.06 -153.835 99.0486 0.5
8 520.696 -246.29 35.5684 0.5
8 519.786 -208.088 -84.3692 0.5
8 507.379 -101.2 -66.4896 0.5
8 546.479 -193.59 51.9967 0.5
8 525.977 -238.911 30.5189 0.5
8 523.748 -173.52 96.567 0.5
8 545.21 -109.374 -99.995 0.5
8 553.238 -183.915 -48.5021 0.5
8 515.661 -148.025 99.0812 0.5
8 524.135 -238.943 -39.0242 0.5
8 555.321 -175.962 -55.62 0.5
8 500.713 -285.506 -19.5775 0.5
8 508.882 -271 -21.2814 0.5
8 523.009 -49.6534 12.8676 0.5
8 507.525 -82.8734 -37.3353 0.5
8 551.715 -65.7789 94.2844 0.5
8 554.469 -147.448 84.727 0.5
8 513.669 -130.957 94.027 0.5
8 547.878 -81.4918 97.0137 0.5
8 523.188 -192.331 89.8883 0.5
8 506.821 -255.377 61.9304 0.5
8 509.159 -168.128 -99.8903 0.5
8 531.255 -56.9162 -63.0442 0.5
8 524.571 -144.229 -99.9822 0.5
8 536.878 -31.8217 -36.8115 0.5
8 503.71 -126.839 -83.2452 0.5
8 548.002 -141.259 93.4005 0.5
8 552.307 -151.645 -84.442 0.5
8 549.683 -114.33 -99.3122 0.5
8 520.829 -210.321 81.6586 0.5
8 544.152 -26.1201 50.8926 0.5
8 535.824 -201.105 -66.7292 0.5
8 524.177 -51.4571 -30.1641 0.5
8 517.681 -252.625 -32.4938 0.5
8 526.71 -204.899 78.0733 0.5
8 553.598 -174.444 -61.8171 0.5
8 524.916 -191.27 88.9208 0.5
8 533.338 -37.0286 -34.3831 0.5
8 543.2 -25.5007 46.8432 0.5
8 545.249 -91.9601 -98.3034 0.5
8 546.854 -193.536 51.0061 0.5
8 545.788 -79.0387 95.2895 0.5
8 512.304 -253.244 -51.2304 0.5
8 547.195 -93.7099 99.1222 0.5
8 519.162 -56.9949 -17.3079 0.5
8 535.875 -51.6632 -66.2862 0.5
8 514.735 -249.223 -50.9102 0.5
8 541.534 -183.525 -74.4256 0.5
8 513.868 -73.9561 42.1168 0.5
8 532.905 -119.164 99.2134 0.5
8 553.777 -159.808 76.6062 0.5
8 502.739 -111.672 69.1269 0.5
8 531.467 -230.815 25.6967 0.5
8 554.063 -11.7277 55.3171 0.5
8 542.002 -198.252 56.7665 0.5
8 537.382 -26.0179 -20.3358 0.5
8 543.758 -50.6278 -78.2575 0.5
8 540.231 -134.359 -98.8122 0.5
8 512.103 -232.901 -75.8312 0.5
8 548.093 -82.8569 -97.4316 0.5
8 552.947 -157.662 -79.4752 0.5
8 537.973 -29.3744 -35.3889 0.5
8 521.424 -210.916 -80.4844 0.5
8 527.172 -218.038 64.4904 0.5
8 535.33 -38.9006 -46.4059 0.5
8 506.725 -99.2953 62.9117 0.5
8 541.201 -216.675 -11.2739 0.5
8 508.15 -78.0533 26.2062 0.5
8 522.947 -48.9445 1.68286 0.5
8 528.181 -173.815 94.0603 0.5
8 525.149 -48.5464 -25.9703 0.5
8 503.007 -261.862 62.0831 0.5
8 538.158 -220.552 20.054 0.5
8 541.754 -122.729 99.7966 0.5
8 542.59 -88.9373 96.569 0.5
8 551.817 -192.596 35.0097 0.5
8 505.19 -82.2838 22.6496 0.5
8 506.494 -276.751 11.6123 0.5
8 528.326 -49.9729 44.3235 0.5
8 551.226 -137.554 -92.6598 0.5
8 505.247 -118.765 -79.3764 0.5
8 534.069 -221.304 -40.0299 0.5
8 538.176 -140.829 98.3158 0.5
8 516.894 -61.246 19.0521 0.5
8 530.575 -36.5854 13.1416 0.5
8 527.319 -50.9524 42.742 0.5
8 501.361 -156.871 -95.5658 0.5
8 550.843 -51.2486 86.9666 0.5
8 511.447 -267.017 -19.0565 0.5
8 515.054 -262.262 -8.2319 0.5
8 526.791 -48.6823 -35.2296 0.5
8 537.446 -142.226 -98.2908 0.5
8 511.763 -120.946 88.0771 0.5
8 538.782 -162.322 91.2895 0.5
8 509.398 -248.979 -64.3057 0.5
8 530.705 -168.563 94.3731 0.5
8 537.074 -113.917 -99.4425 0.5
8 522.192 -121.501 95.782 0.5
8 511.015 -111.348 81.2844 0.5
8 515.305 -162.752 99.9983 0.5
8 531.882 -54.2285 61.0189 0.5
8 515.861 -150.444 -99.4195 0.5
8 553.072 -116.872 -97.9549 0.5
8 506.722 -178.568 -99.9882 0.5
8 551.366 -2.9534 25.2742 0.5
8 531.039 -66.3807 -72.8233 0.5
8 505.328 -220.816 91.0417 0.5
8 547.93 -24.4862 58.4061 0.5
8 524.224 -245.608 -14.8557 0.5
8 502.796 -89.2914 -32.5874 0.5
8 520.339 -53.6458 -6.30301 0.5
8 507.436 -77.4168 17.9373 0.5
8 525.402 -229.962 52.2166 0.5
8 512.034 -153.535 -98.9728 0.5
8 507.493 -231.683 82.8589 0.5
8 502.481 -284.119 7.19238 0.5
8 543.412 -43.0232 70.9608 0.5
8 533.123 -214.68 55.2144 0.5
8 526.809 -49.7571 -38.0382 0.5
8 535.23 -177.59 -86.6404 0.5
8 525.127 -161.778 -98.6084 0.5
8 519.866 -56.3273 20.1981 0.5
8 544.453 -117.601 99.8246 0.5
8 519.279 -64.8271 -42.6357 0.5
9 661.809 -191.117 16.2757 0.5
9 564.108 -26.405 75.087 0.5
9 611.134 -0.822445 40.0546 0.5
9 564.133 -21.958 -70.9286 0.5
9 591.428 -175.671 55.4456 0.5
9 597.968 -182.503 -43.4789 0.5
9 597.236 -139.231 -88.3832 0.5
9 605.531 -116.44 97.0799 0.5
9 580.802 -141.102 87.3671 0.5
9 610.131 -127.688 -93.5859 0.5
9 557.598 -4.69652 -47.9511 0.5
9 662.465 2.51202 -31.34 0.5
9 628.888 -100.242 -99.696 0.5
9 627.927 -53.947 -92.2903 0.5
9 625.778 6.74091 12.6943 0.5
9 651.485 -182.427 -43.6366 0.5
9 562.336 -87.3951 99.8722 0.5
9 613.439 -89.7225 99.9628 0.5
9 608.064 -129.651 -92.8228 0.5
9 628.544 -10.3858 -57.1441 0.5
9 560.012 -89.8295 99.9657 0.5
9 595.966 -69.1468 -97.2469 0.5
9 637.27 -192.307 -5.35256 0.5
9 642.002 7.30935 -6.93217 0.5
9 642.271 -168.193 65.2921 0.5
9 590.986 -37.3961 -83.4809 0.5
9 557.018 -181.86 -44.7863 0.5
9 619.61 -9.08118 55.2234 0.5
9 563.008 -30.3862 78.4096 0.5
9 581.649 -165.957 -67.7995 0.5
9 570.829 -3.64402 45.9726 0.5
9 586.037 -31.4178 -79.2153 0.5
9 601.722 -188.654 -27.292 0.5
9 612.572 -49.3494 90.2348 0.5
9 664.868 -192.179 -7.35942 0.5
9 584.156 -118.008 -96.6789 0.5
9 595.286 -165.171 -68.6416 0.5
9 586.011 -5.30608 49.0502 0.5
9 560.59 -182.21 44.0811 0.5
9 654.737 -192.131 7.98329 0.5
9 621.294 0.532839 -36.7991 0.5
9 599.263 -160.682 -73.1056 0.5
9 632.176 -95.3333 -99.9584 0.5
9 615.083 -10.147 56.7997 0.5
9 662.82 -172.174 -60.3658 0.5
9 613.275 -42.4633 -86.6102 0.5
9 623.345 -5.37512 -49.1726 0.5
9 649.744 -73.871 -98.2589 0.5
9 560.379 -94.8516 99.9712 0.5
9 666.101 -191.626 12.8119 0.5
9 624.91 -123.366 -95.101 0.5
9 665.857 -45.6899 -88.3939 0.5
9 624.319 -71.3746 -97.7539 0.5
9 577.511 -190.231 -20.9505 0.5
9 568.804 -86.192 99.804 0.5
9 626.302 -51.53 -91.2444 0.5
9 631.307 -185.523 36.571 0.5
9 650.413 -187.974 29.5839 0.5
9 633.767 -191.714 -12.1115 0.5
9 568.518 -123.199 -95.1553 0.5
9 613.338 -186.485 -34.0219 0.5
9 563.377 -191.556 13.3408 0.5
9 624.219 -77.2593 -98.8395 0.5
9 641.343 -188.857 26.565 0.5
9 635.402 -89.0779 99.9431 0.5
9 637.095 -171.57 -61.1563 0.5
9 614.753 -188.747 26.9608 0.5
9 610.203 -185.643 -36.2638 0.5
9 570.548 -4.66941 -47.9015 0.5
9 645.574 -26.6921 -75.3385 0.5
9 655.207 -20.4806 69.429 0.5
9 656.282 2.85812 30.2712 0.5
9 585.695 -129.562 92.8586 0.5
9 659.672 -139.864 88.0453 0.5
9 581.916 6.88375 -11.5234 0.5
9 581.884 -120.053 -96.1149 0.5
9 560.881 -158.1 75.4326 0.5
9 593.714 -103.641 -99.3719 0.5
9 654.763 3.5488 -28.0038 0.5
9 583.445 -146.907 -83.8713 0.5
9 660.745 -21.4024 70.372 0.5
9 611.728 -19.355 -68.243 0.5
9 591.965 -83.6591 -99.6128 0.5
9 574.216 -60.5574 -94.7779 0.5
9 583.82 -85.0474 99.7256 0.5
9 574.739 2.27016 32.0636 0.5
9 623.075 6.26321 15.9902 0.5
9 582.56 -176.039 54.8896 0.5
9 619.866 5.5349 19.9735 0.5
9 618.675 -159.176 74.4829 0.5
9 664.93 -69.193 -97.2579 0.5
9 595.476 -91.7873 99.9978 0.5
9 571.706 -168.155 -65.3358 0.5
9 587.776 -149.285 -82.2785 0.5
9 575.571 -145.567 84.7265 0.5
9 598.758 -192.17 7.47613 0.5
9 557.881 -119.755 96.1999 0.5
9 604.431 6.00476 -17.5112 0.5
9 644.67 -51.2473 -91.1171 0.5
9 606.484 5.67729 19.2618 0.5
9 597.086 -9.76861 56.2474 0.5
9 571.349 -124.149 94.8429 0.5
9 648.651 -124.169 -94.8361 0.5
9 567.781 -92.3277 -99.9999 0.5
9 572.898 -46.3079 -88.7181 0.5
9 617.423 -148.853 -82.5754 0.5
9 571.03 7.54797 -0.622728 0.5
9 617.722 -102.593 99.4843 0.5
9 645.601 -170.106 -63.004 0.5
9 660.727 -178.998 -50.094 0.5
9 660.137 -92.9391 99.9988 0.5
9 616.696 -190.332 -20.4724 0.5
9 644.237 -0.250164 -38.7192 0.5
9 659.991 -185.936 35.5027 0.5
9 622.345 -87.0175 -99.8523 0.5
9 617.786 7.40487 5.3839 0.5
9 652.093 -28.3719 76.7723 0.5
9 558.337 -191.386 14.5512 0.5
9 581.672 5.79248 -18.6654 0.5
9 651.572 -139.905 88.0227 0.5
9 656.801 -16.6651 65.2429 0.5
9 661.96 6.24312 -16.1137 0.5
9 566.957 -169.934 -63.216 0.5
9 560.248 -153.695 79.0513 0.5
9 635.107 -151.66 80.5864 0.5
9 636.712 -14.2582 -62.338 0.5
9 563.972 -191.879 -10.6742 0.5
9 613.644 -58.9343 -94.2162 0.5
9 662.377 -140.503 87.6976 0.5
9 603.863 -185.466 -36.7161 0.5
9 633.746 -179.561 49.1082 0.5
9 651.089 -94.4391 99.9802 0.5
9 561.573 -41.4005 85.988 0.5
9 608.561 -119.045 96.3987 0.5
9 627.169 -71.9475 97.8756 0.5
9 640.112 4.95846 22.618 0.5
9 616.454 -184.174 -39.8337 0.5
10 620.059 -38.5126 96.3446 0.5
10 624.273 78.6173 -21.6028 0.5
10 615.117 61.059 -76.6523 0.5
10 611.725 -96.8907 8.90992 0.5
10 647.487 -113.937 -83.7087 0.5
10 623.233 -44.6899 96.1533 0.5
10 663.922 -98.0059 -99.4671 0.5
10 648.271 -160.265 8.03051 0.5
10 657.96 -161.33 54.3199 0.5
10 635.669 30.2026 72.4157 0.5
10 647.102 40.5137 13.5512 0.5
10 628.012 -104.938 60.7402 0.5
10 659.85 -4.21005 64.4816 0.5
10 653.612 -127.424 81.755 0.5
10 623.297 46.9017 76.643 0.5
10 622.065 -54.79 -91.8287 0.5
10 614.143 -100.954 -10.2069 0.5
10 625.09 -86.0966 75.424 0.5
10 663.339 -18.8042 -73.4308 0.5
10 656.699 23.5145 16.0682 0.5
10 665.981 1.96723 36.1709 0.5
10 641.104 51.5668 7.19536 0.5
10 650.828 24.3958 44.7812 0.5
10 654.424 -134.268 -77.6405 0.5
10 615.494 -14.8039 -99.3945 0.5
10 622.629 -72.5344 -82.6052 0.5
10 663.342 -98.0159 99.3568 0.5
10 633.502 -3.65808 94.9592 0.5
10 658.569 -178.014 9.0522 0.5
10 634.69 -135.65 -16.7656 0.5
10 643.178 -150.981 -12.5094 0.5
10 615.573 74.7624 61.6764 0.5
10 615.213 -68.3825 75.9488 0.5
10 625.868 41.3481 -77.5521 0.5
10 651.488 -61.8785 -99.9083 0.5
10 641.452 -122.397 67.6773 0.5
10 635.848 24.4262 77.254 0.5
10 661.933 15.6858 3.57205 0.5
10 656.793 -136.826 78.87 0.5
10 628.763 18.6789 -89.0601 0.5
10 651.69 19.353 51.2601 0.5
10 619.02 -107.266 22.8992 0.5
10 654.634 -116.699 89.2569 0.5
10 649.963 6.4145 71.4795 0.5
10 637.645 -4.34471 -92.5649 0.5
10 627.242 12.0187 93.224 0.5
10 639.565 -96.8919 85.7888 0.5
10 611.508 67.9909 76.0763 0.5
10 656.109 -172.353 -18.9398 0.5
10 645.515 -150.48 32.2266 0.5
10 624.422 -116.077 -25.1086 0.5
10 622.386 -23.0532 -99.7332 0.5
10 653.461 -112.77 90.191 0.5
10 662.118 -172.69 -47.2772 0.5
10 650.77 -88.2267 -97.2452 0.5
10 626.01 -73.7257 85.6015 0.5
10 661.721 15.2827 -12.8795 0.5
10 630.976 -1.41813 -95.6378 0.5
10 645.944 -136.809 59.6623 0.5
10 658.654 -93.4662 98.8846 0.5
10 665.285 -135.174 89.2441 0.5
10 656.725 14.6354 -43.8631 0.5
10 618.401 -25.343 -98.6307 0.5
10 641.696 -33.393 98.743 0.5
10 624.967 -87.2934 74.1741 0.5
10 650.264 32.2281 -27.0636 0.5
10 622.195 81.3258 25.2925 0.5
10 638.904 46.2957 42.199 0.5
10 657.08 -142.611 74.4469 0.5
10 655.593 7.30045 -59.2319 0.5
10 657.349 -62.2746 99.01 0.5
10 619.399 -23.4189 -99.1724 0.5
10 650.889 -48.2051 98.5588 0.5
10 651.568 -131.246 -76.0375 0.5
10 666.296 -95.1204 99.9452 0.5
10 624.82 46.2019 -74.9752 0.5
10 665.364 -26.3365 -76.9558 0.5
10 642.459 -76.8382 96.4751 0.5
10 642.462 -46.4708 -99.9177 0.5
10 644.69 -125.85 69.9486 0.5
10 624.24 -87.6703 -72.6614 0.5
10 649.498 -157.123 -32.969 0.5
10 642.536 41.5927 -38.6071 0.5
10 665.384 -123.999 -94.1253 0.5
10 629.536 -99.0152 70.5433 0.5
10 634.554 3.5099 -91.5024 0.5
10 637.813 -137.627 30.7585 0.5
10 651.944 -60.5 99.7918 0.5
10 615.262 72.1505 -65.4966 0.5
10 616.544 -63.8664 -81.2967 0.5
10 631.567 -49.9714 -98.3083 0.5
10 620.311 -20.5643 -99.6462 0.5
10 621.506 -73.4885 80.5506 0.5
10 620.135 -13.4051 -99.988 0.5
10 665.301 -189.062 14.2692 0.5
10 649.186 -157.574 29.974 0.5
10 618.288 51.1423 -80.1509 0.5
10 655.315 27.2117 0.307357 0.5
10 630.411 -87.6118 -81.4909 0.5
10 619.483 -99.3795 -46.2646 0.5
10 645.619 17.8083 -67.477 0.5
10 626.501 16.8638 -91.7624 0.5
10 644 -111.96 80.9086 0.5
10 646.544 33.1188 -42.0784 0.5
10 649.883 9.40269 -68.5754 0.5
10 639.109 54.6492 -11.2229 0.5
10 653.854 -167.443 23.5599 0.5
10 616.324 88.8176 33.9209 0.5
10 629.907 -90.8642 78.3938 0.5
10 647.986 -84.3182 97.0217 0.5
10 620.124 25.2496 -92.8691 0.5
10 655.951 26.0955 1.71882 0.5
11 642.718 -21.6922 -59.716 0.5
11 663.029 192.568 14.997 0.5
11 641.33 -43.5013 8.74241 0.5
11 627.594 3.94857 95.8898 0.5
11 637.418 58.6029 99.57 0.5
11 654.115 -18.5323 -25.1277 0.5
11 627.341 -62.9188 31.8131 0.5
11 649.629 100.085 95.5203 0.5
11 620.259 117.859 -18.6844 0.5
11 666.237 192.575 35.9371 0.5
11 632.61 99.5323 -81.0887 0.5
11 627.129 6.11333 -96.7192 0.5
11 616.351 -49.1475 78.4615 0.5
11 637.121 17.5396 94.9798 0.5
11 623.466 -61.0622 50.6275 0.5
11 633.933 -23.5412 74.3754 0.5
11 645.502 107.04 89.9474 0.5
11 644.801 -11.3303 67.8525 0.5
11 639.679 -24.7078 62.624 0.5
11 653.7 -20.5607 -19.3934 0.5
11 641.004 -7.29646 -77.7834 0.5
11 622.466 113.455 -43.5621 0.5
11 637.763 -40.5319 -42.6065 0.5
11 615.816 -64.4002 -64.6107 0.5
11 656.742 48.3262 93.866 0.5
11 631.034 79.3967 -91.1575 0.5
11 639.376 -44.8541 -21.8402 0.5
11 638.207 146.802 27.672 0.5
11 656.517 162.125 60.392 0.5
11 626.559 33.2553 99.9629 0.5
11 619.956 5.43941 99.0632 0.5
11 660.189 -11.1036 4.81825 0.5
11 613.147 100.999 34.941 0.5
11 640.109 -38.3901 -38.263 0.5
11 617.315 -6.12789 97.8449 0.5
11 618.674 -65.0368 57.3634 0.5
11 616.64 43.0376 -95.4919 0.5
11 644.814 112.341 -86.4922 0.5
11 660.083 21.7791 74.3998 0.5
11 657.965 180.347 -29.9223 0.5
11 626.583 -69.3231 -4.55387 0.5
11 632.48 125.708 52.8044 0.5
11 661.85 22.9704 -72.678 0.5
11 657.044 180.751 -22.5823 0.5
11 633.282 142.162 1.69455 0.5
11 660.575 151.316 78.5649 0.5
11 630.879 138.013 0.338621 0.5
11 666.057 174.248 65.7972 0.5
11 660.583 181.582 -38.9112 0.5
11 639.973 11.8636 90.7975 0.5
11 615.232 97.9595 -49.2211 0.5
11 629.126 115.456 59.356 0.5
11 613.841 61.4522 -84.8313 0.5
11 634.753 -10.5037 83.3656 0.5
11 636.545 94.4736 -88.4541 0.5
11 634.1 25.2888 98.3106 0.5
11 660.749 187.347 -21.7924 0.5
11 656.828 -16.8775 -5.70937 0.5
11 639.668 108.27 -83.4945 0.5
11 634.619 131.901 48.5749 0.5
11 644.573 39.3029 97.452 0.5
11 634.285 143.906 -1.25739 0.5
11 663.285 187.824 -34.982 0.5
11 660.612 109.883 97.9036 0.5
11 644.259 157.744 -26.0208 0.5
11 617.162 108.436 33.6141 0.5
11 666.117 91.9998 -99.7513 0.5
11 656.61 -11.6899 -33.36 0.5
11 635.213 -8.17977 84.3582 0.5
11 662.867 140.604 -88.1679 0.5
11 651.162 153.822 59.0878 0.5
11 611.41 -35.1209 -91.9055 0.5
11 621.028 108.372 48.557 0.5
11 644.206 79.8757 -98.221 0.5
11 652.369 13.3144 -78.5225 0.5
11 633.094 67.2758 96.7138 0.5
11 634.061 127.014 -55.0424 0.5
11 621.061 -8.05819 -95.6821 0.5
11 648.278 47.0074 -97.7393 0.5
11 634.214 143.65 -5.29232 0.5
11 650.101 15.6793 83.099 0.5
11 656.424 99.0788 98.5753 0.5
11 629.804 -62.6039 15.7274 0.5
11 645.155 29.9437 -94.4685 0.5
11 633.034 -56.9434 -16.1357 0.5
11 648.776 1.33176 -73.616 0.5
11 612.059 -11.7701 98.5121 0.5
11 619.399 100.777 -56.2985 0.5
11 621.229 -78.5054 6.24249 0.5
11 613.969 96.9823 47.0166 0.5
11 660.44 4.23882 -52.7158 0.5
11 634.322 28.7054 -98.8269 0.5
11 657.87 -3.78997 46.4575 0.5
11 640.245 103.026 -87.2901 0.5
11 651.658 155.146 58.4462 0.5
11 625.05 13.0802 98.893 0.5
11 619.229 112.357 -32.6449 0.5
11 617.757 79.1671 76.936 0.5
11 621.142 16.4913 99.8915 0.5
11 617.169 -70.747 52.6561 0.5
11 654.302 160.431 -57.4531 0.5
11 662.681 6.07098 -49.2586 0.5
11 648.997 -5.85977 -65.8539 0.5
11 657.7 36.1815 87.5692 0.5
11 617.903 114.047 -17.2093 0.5
11 648.564 -29.6663 18.2954 0.5
11 666.566 6.23952 35.2369 0.5
11 664.661 28.7089 73.4908 0.5
11 623.958 80.1299 84.0999 0.5
11 623.537 -58.7377 -54.204 0.5
11 666.052 194.544 -29.3065 0.5
11 643.7 -31.2835 -40.3348 0.5
11 626.799 57.0603 -96.5306 0.5
11 634.835 20.096 -96.8838 0.5
11 611.745 -25.4356 -95.2962 0.5
11 629.378 -39.7863 -65.9151 0.5
11 658.036 158.073 -68.3217 0.5
11 611.754 104.352 -10.3408 0.5
11 641.389 -0.7399 82.194 0.5
11 621.549 -68.9429 41.9048 0.5
11 625.501 46.6568 98.3744 0.5
11 621.503 -64.5201 50.5285 0.5
11 627.253 120.728 -45.6049 0.5
11 615.853 -34.9471 88.3014 0.5
11 620.577 -57.9952 62.3702 0.5
11 644.323 25.1647 -93.2431 0.5
11 632.957 138.44 24.9895 0.5
11 622.113 -74.6865 22.1456 0.5
11 636.071 116.827 -71.5907 0.5
11 626.502 -55.9487 50.3807 0.5
11 659.945 53.2629 93.6396 0.5
11 651.991 -13.1352 -48.0187 0.5
11 621.032 58.4785 92.6943 0.5
11 630.492 129.584 -38.6234 0.5
11 618.041 31.1568 98.8105 0.5
11 659.763 172.155 -54.0837 0.5
11 640.332 -44.3328 -15.9455 0.5
12 738.573 54.7009 89.1515 0.5
12 684.452 15.9913 -54.2452 0.5
12 768.734 157.896 -81.5358 0.5
12 669.001 199.788 -6.5029 0.5
12 744.326 172.528 -68.8454 0.5
12 753.14 113.761 99.0487 0.5
12 691.749 183.354 55.2462 0.5
12 694.965 53.9876 -88.7855 0.5
12 689.766 0.635208 11.2534 0.5
12 771.709 97.0935 99.9578 0.5
12 753.44 17.3116 56.2372 0.5
12 676.419 77.5132 97.4389 0.5
12 708.668 5.71631 -33.3255 0.5
12 684.383 199.416 10.788 0.5
12 745.441 134.429 93.8862 0.5
12 680.455 5.79877 33.5578 0.5
12 730.61 50.862 -87.0945 0.5
12 675.909 160.691 79.4769 0.5
12 691.397 196.513 -26.1756 0.5
12 745.488 199.784 -6.56252 0.5
12 669.806 158.826 -80.8673 0.5
12 688.87 49.7175 -86.4388 0.5
12 713.24 9.26266 -42.0325 0.5
12 708.218 195.947 28.1803 0.5
12 689.17 116.398 98.6464 0.5
12 694.558 17.5721 -56.6184 0.5
12 752.068 104.827 99.8834 0.5
12 756.983 134.411 93.8928 0.5
12 729.116 167.835 -73.4742 0.5
12 752.638 69.1509 95.1227 0.5
12 767.984 78.4034 97.6401 0.5
12 728.678 111.569 -99.3286 0.5
12 724.053 132.726 94.4935 0.5
12 753.639 8.40686 40.1335 0.5
12 726.41 42.132 -81.5554 0.5
12 737.094 118.912 -98.1955 0.5
12 684.214 197.031 -24.1869 0.5
12 669.875 193.509 -35.4407 0.5
12 696.597 6.17913 -34.607 0.5
12 668.569 199.783 6.59185 0.5
12 677.961 184.983 -52.7054 0.5
12 671.965 23.4417 64.3337 0.5
12 743.285 10.0981 43.7909 0.5
12 679.917 18.5271 -57.9842 0.5
12 688.574 81.928 -98.3535 0.5
12 707.956 15.187 52.9788 0.5
12 724.45 161.1 79.1634 0.5
12 701.096 168.039 73.285 0.5
12 727.902 188.364 -46.8168 0.5
12 686.042 72.8831 96.2532 0.5
12 742.202 61.1171 -92.131 0.5
12 679.184 196.138 27.5234 0.5
12 676.56 9.51796 -42.5793 0.5
12 692.153 188.216 -47.0949 0.5
12 686.859 105.098 99.87 0.5
12 692.192 104.208 -99.9114 0.5
12 741.846 114.922 98.8805 0.5
12 776.255 48.5634 -85.7571 0.5
12 743.693 146.676 88.4384 0.5
12 682.988 148.214 -87.6096 0.5
12 748.374 135.478 93.495 0.5
12 706.557 9.24809 42.0011 0.5
12 672.472 140.292 -91.5237 0.5
12 751.072 184.135 54.0497 0.5
12 769.298 7.29031 37.4822 0.5
12 772.593 17.3299 -56.2642 0.5
12 685.353 3.67048 -26.8444 0.5
12 755.34 161.889 -78.5479 0.5
12 677.913 16.3939 54.8637 0.5
12 670.004 2.09766 -20.3748 0.5
12 696.94 2.18756 20.8021 0.5
12 706.777 136.527 93.0902 0.5
12 676.085 29.4983 70.919 0.5
12 735.58 18.3082 57.6754 0.5
12 721.124 13.1751 -49.6128 0.5
12 671.147 196.036 27.8756 0.5
12 741.573 106.294 99.8018 0.5
12 695.101 168.689 -72.6762 0.5
12 715.693 48.7172 -85.8491 0.5
12 727.941 10.4601 44.5264 0.5
12 746.106 5.62466 33.065 0.5
12 719.31 185.918 -51.1667 0.5
12 687.325 40.5085 -80.3789 0.5
12 750.361 6.5369 35.5619 0.5
12 763.317 199.453 10.4421 0.5
12 771.267 86.3412 -99.0628 0.5
12 686.806 199.991 1.33606 0.5
12 752.883 55.4759 89.5411 0.5
12 750.018 42.296 -81.6716 0.5
12 705.507 199.894 4.59305 0.5
12 708.766 40.0122 -80.0092 0.5
12 676.46 195.104 30.9071 0.5
12 758.339 85.6532 98.9655 0.5
12 700.793 167.997 -73.3241 0.5
12 713.986 6.40675 35.2179 0.5
12 732.883 111.306 99.3588 0.5
12 691.891 196.64 25.7059 0.5
12 719.904 111.006 99.3925 0.5
12 759.38 0.65035 11.3863 0.5
12 739.739 171.675 69.733 0.5
12 756.082 179.416 60.7706 0.5
12 692.464 60.0089 -91.6554 0.5
12 716.643 147.854 87.8068 0.5
12 755.105 69.4969 -95.2342 0.5
12 722.43 77.2106 -97.3686 0.5
12 724.879 193.733 -34.8456 0.5
12 761.736 112.967 -99.1557 0.5
12 750.735 0.0409364 -2.86105 0.5
12 770.374 124.412 96.9745 0.5
12 676.661 2.85831 -23.738 0.5
12 691.791 17.2613 -56.1632 0.5
12 678.564 181.72 -57.6349 0.5
12 691.856 172.089 -69.3045 0.5
12 703.967 190.855 41.7781 0.5
12 704.091 90.5279 99.5504 0.5
12 668.101 183.381 -55.2047 0.5
12 726.431 0.000807609 0.401897 0.5
12 674.482 197.552 -21.9908 0.5
12 766.112 125.669 -96.6494 0.5
12 728.96 72.0675 96.0197 0.5
12 680.558 174.5 66.7066 0.5
12 746.815 111.069 99.3855 0.5
12 703.009 90.6718 99.564 0.5
12 719.592 102.424 -99.9706 0.5
12 756.318 186.831 49.6015 0.5
12 759.595 5.94946 -33.9779 0.5
12 705.261 7.5325 -38.0757 0.5
12 680.134 29.2202 70.6415 0.5
12 733.434 1.31747 -16.179 0.5
12 670.5 105.706 99.8371 0.5
12 735.075 90.9279 99.5876 0.5
12 712.055 72.6335 96.1825 0.5
12 754.012 121.358 -97.6925 0.5
12 763.534 0.46291 9.61081 0.5
12 762.308 199.966 -2.60362 0.5
12 754.909 135.539 -93.4718 0.5
13 831.844 4.32101 99.9793 0.5
13 796.519 138.172 70.7881 0.5
13 827.484 -11.1181 -96.8181 0.5
13 781.649 58.7429 93.8412 0.5
13 814.488 135.224 -15.3919 0.5
13 822.088 75.1008 85.509 0.5
13 811.591 105.375 -76.8865 0.5
13 783.672 -2.85739 37.6349 0.5
13 789.086 86.0474 99.8412 0.5
13 815.066 88.4709 -84.7649 0.5
13 815.59 86.3775 -85.4952 0.5
13 793.356 2.59746 -71.0002 0.5
13 832.819 -90.9073 -29.4265 0.5
13 826.958 114.635 6.05351 0.5
13 804.345 141.126 49.0541 0.5
13 813.078 114.417 65.5047 0.5
13 786.095 178.507 -36.9743 0.5
13 826.457 56.5641 -91.2628 0.5
13 791.677 -10.1888 50.8349 0.5
13 803.139 140.776 -53.1554 0.5
13 819.793 -29.1812 -82.5715 0.5
13 791.183 150.845 67.1909 0.5
13 796.81 33.6382 94.2585 0.5
13 803.578 22.8327 94.5782 0.5
13 791.65 69.5596 99.7942 0.5
13 826.091 -70.6915 -49.2879 0.5
13 812.492 107.919 73.2784 0.5
13 823.866 -70.0852 43.0525 0.5
13 780.657 56.3001 92.2023 0.5
13 796.24 -29.2746 23.0952 0.5
13 802.561 74.6014 -98.4521 0.5
13 826.94 -71.434 -50.5514 0.5
13 790.272 -14.7196 -36.5575 0.5
13 817.161 88.0423 82.6755 0.5
13 812.423 19.1752 97.8093 0.5
13 820.457 -72.7515 -15.257 0.5
13 832.106 77.6586 69.6474 0.5
13 790.449 3.46583 -66.6096 0.5
13 823.926 -66.1405 50.6743 0.5
13 810.899 54.4375 99.3007 0.5
13 819.67 -46.8625 -66.9248 0.5
13 777.929 6.25231 35.5038 0.5
13 828.466 77.7847 75.4937 0.5
13 826.414 76.8671 79.1567 0.5
13 779.466 84.2522 99.1744 0.5
13 804.907 -18.9705 69.4175 0.5
13 823.543 95.1628 66.7833 0.5
13 783.897 98.6455 -99.5719 0.5
13 780.525 167.382 69.2507 0.5
13 806.177 -43.6326 -32.8669 0.5
13 813.811 137.42 -5.79826 0.5
13 783.762 167.463 62.7902 0.5
13 807.638 134.854 50.051 0.5
13 802.129 17.8406 -91.6595 0.5
13 798.8 152.293 -46.1683 0.5
13 812.236 -57.5617 20.4894 0.5
13 832.202 -91.0181 -25.2744 0.5
13 818.695 50.9423 97.5919 0.5
13 793.46 28.0089 89.3887 0.5
13 817.922 -64.2512 -32.0671 0.5
13 827.229 111.349 -24.3056 0.5
13 786.95 -12.9537 24.0409 0.5
13 819.681 -71.6766 13.3988 0.5
13 782.446 81.2125 99.4256 0.5
13 791.206 147.58 70.5826 0.5
13 822.58 119.161 25.2467 0.5
13 812.837 2.87122 93.138 0.5
13 794.321 -20.9738 -38.4305 0.5
13 781.342 -5.60429 10.6556 0.5
13 821.054 -32.1153 82.0538 0.5
13 778.065 64.5394 -93.6891 0.5
13 790.677 -22.1168 6.70717 0.5
13 832.205 101.788 27.7969 0.5
13 793.157 67.913 -99.8514 0.5
13 786.467 173 47.4047 0.5
13 796.637 27.3762 -91.6693 0.5
13 830.729 -31.3731 -91.7993 0.5
13 795.723 1.5408 73.894 0.5
13 791.755 156.902 -58.4905 0.5
13 822.812 120.249 -18.6233 0.5
13 785.473 -3.0229 44.2143 0.5
13 808.938 -4.18345 -86.4801 0.5
13 784.365 104.128 -98.7855 0.5
13 811.839 140.634 -8.6044 0.5
13 798.189 -32.0021 25.6718 0.5
13 783.327 90.7345 99.9994 0.5
13 808.641 100.996 -83.8741 0.5
13 833.074 -86.7334 -41.555 0.5
13 799.031 134.687 69.9147 0.5
13 821.705 -19.5771 -90.0467 0.5
13 833.011 79.7257 -65.6953 0.5
13 828.863 -88.4816 0.407711 0.5
13 789.588 120.605 91.1813 0.5
13 808.316 -47.2179 33.2083 0.5
13 783.517 183.44 -35.7745 0.5
13 805.773 27.0194 96.9543 0.5
13 785.624 -13.195 8.88052 0.5
13 791.454 115.678 -91.926 0.5
13 806.146 150.524 8.23736 0.5
13 811.267 -52.296 33.3063 0.5
13 830.106 58.4749 -87.11 0.5
13 806.048 16.3323 -93.7856 0.5
13 800.441 151.801 -41.3428 0.5
13 783.41 -5.96004 -27.2862 0.5
13 806.531 -36.8685 -49.1875 0.5
13 789.615 -4.57988 -54.1379 0.5
13 798.08 99.9341 -93.6379 0.5
13 792.893 18.553 -83.3397 0.5
13 818.686 7.21718 97.5664 0.5
13 794.941 -28.2466 17.1505 0.5
13 787.629 63.7023 98.1326 0.5
13 807.867 11.1604 -93.0129 0.5
13 821.18 -62.5983 -48.5514 0.5
13 806.942 148.605 -13.2425 0.5
13 800.847 149.271 -45.1495 0.5
13 811.536 -52.4074 -34.2901 0.5
13 807.509 3.84548 -89.474 0.5
13 822.289 39.8166 98.5595 0.5
13 810.636 47.9787 99.8803 0.5
13 784.944 164.663 63.7139 0.5
13 796.301 160.179 -38.5734 0.5
13 800.23 -24.7058 -51.3352 0.5
13 805.161 42.2 99.4607 0.5
13 814.592 -19.4423 -83.0658 0.5
13 814.33 134.93 18.6779 0.5
13 781.137 186.524 38.38 0.5
13 800.314 -38.778 -7.14953 0.5
14 857.538 -42.9327 -46.3102 0.5
14 857.75 87.8143 -90.8688 0.5
14 839.279 16.6498 99.9668 0.5
14 863.126 149.627 -33.4183 0.5
14 866.214 152.095 40.6425 0.5
14 863.579 -26.2961 -56.575 0.5
14 838.136 -74.4303 -50.1371 0.5
14 859.626 -6.52622 -82.9565 0.5
14 879.946 -10.4372 -31.3841 0.5
14 871.061 152.655 -54.9733 0.5
14 871.109 46.8263 97.4641 0.5
14 887.468 161.265 -77.0646 0.5
14 887.484 128.969 94.9419 0.5
14 882.887 24.2826 75.7168 0.5
14 841.075 -79.7354 24.632 0.5
14 878.104 163.911 56.3801 0.5
14 883.672 128.251 -92.7879 0.5
14 861.481 17.565 93.6886 0.5
14 850.862 -0.898616 -93.662 0.5
14 868.584 -34.3167 -13.0357 0.5
14 835.898 73.9966 -75.3203 0.5
14 851.109 -3.98998 92.2695 0.5
14 849.734 127.008 -31.748 0.5
14 880.519 56.6497 -95.7469 0.5
14 888.623 9.11497 -42.6997 0.5
14 853.964 7.08839 94.5987 0.5
14 872.436 -25.3508 24.8874 0.5
14 865.175 -0.797779 -80.2061 0.5
14 872.011 167.865 23.9166 0.5
14 834.041 56.2979 85.841 0.5
14 834.667 89.9343 54.4917 0.5
14 881.343 173.394 50.2406 0.5
14 866.474 29.5806 94.8776 0.5
14 865.161 109.856 86.0452 0.5
14 876.832 29.2637 86.6869 0.5
14 862.117 -43.2774 24.6799 0.5
14 841.713 57.8917 -91.8235 0.5
14 848.381 6.10714 -97.1434 0.5
14 857.581 39.2283 99.7856 0.5
14 874.712 -22.2926 -21.1547 0.5
14 871.878 169.463 14.6098 0.5
14 879.566 -12.1258 -28.0741 0.5
14 871.957 163.296 -37.6983 0.5
14 834.338 62.7068 -82.0314 0.5
14 836.847 69.8214 80.0291 0.5
14 858.558 56.1727 -99.6201 0.5
14 851.471 17.6006 98.4409 0.5
14 879.332 142.021 -81.0494 0.5
14 873.67 12.504 79.1346 0.5
14 844.009 -4.64431 -96.3113 0.5
14 854.767 -14.1281 83.4983 0.5
14 862.748 120.086 75.6807 0.5
14 849.293 -21.6954 -84.7292 0.5
14 877.094 11.7454 -73.4836 0.5
14 873.346 22.3937 86.203 0.5
14 856.15 -53.1929 -26.2737 0.5
14 880.288 18.0142 -74.1557 0.5
14 881.393 155.948 72.4454 0.5
14 859.021 -20.6512 -72.4588 0.5
14 843.999 116.098 -34.53 0.5
14 880.34 183.356 -19.0839 0.5
14 876.858 -16.8937 -27.8103 0.5
14 854.994 91.5952 -86.4271 0.5
14 847.455 -30.108 81.2168 0.5
14 848.95 16.1392 98.9158 0.5
14 855.45 84.2723 90.6645 0.5
14 837.55 19.3496 99.6574 0.5
14 862.407 153.338 -12.5789 0.5
14 834.617 -71.8627 62.7497 0.5
14 876.895 142.614 -77.3424 0.5
14 840.83 96.7197 60.0541 0.5
14 840.3 112.146 -26.9364 0.5
14 872.095 164.215 -35.9825 0.5
14 881.256 -11.1373 20.3085 0.5
14 844.537 -12.0617 -93.5844 0.5
14 878.39 123.81 90.7551 0.5
14 854.07 19.2757 -97.8939 0.5
14 871.708 -29.2948 -9.6081 0.5
14 882.513 47.7314 -91.107 0.5
14 846.308 93.5625 73.9516 0.5
14 874.512 73.3516 -99.9847 0.5
14 838.672 -32.0314 -89.2763 0.5
14 881.64 30.6779 -82.3255 0.5
14 863.431 -44.0091 4.11255 0.5
14 886.524 85.0339 99.4075 0.5
14 886.495 63.3283 94.5629 0.5
14 866.072 115.631 -83.4164 0.5
14 850.011 130.695 -19.7354 0.5
14 861.92 140.178 49.5002 0.5
14 865.842 159.892 6.16586 0.5
14 876.42 -19.388 -20.9018 0.5
14 883.85 168.038 -64.0858 0.5
14 875.629 48.8308 95.9408 0.5
14 845.71 124.42 12.5543 0.5
14 834.074 -91.2097 -27.0687 0.5
14 833.397 30.9939 96.2556 0.5
14 863.471 146.608 -42.2578 0.5
14 850.172 130.983 19.6857 0.5
14 864.737 83.1665 96.825 0.5
14 854.203 -29.3433 72.1267 0.5
14 851.512 65.9547 -95.1729 0.5
14 866.099 147.7 -48.9993 0.5
14 845.875 89.1026 -77.1646 0.5
14 882.957 159.294 71.8355 0.5
14 884.264 180.644 -46.2634 0.5
14 844.836 17.3964 99.8012 0.5
14 857.809 96.7723 86.2509 0.5
14 867.877 -33.7103 -23.0114 0.5
14 834.732 2.94629 99.9471 0.5
14 865.392 119.42 -79.912 0.5
14 869.894 77.7619 -99.4299 0.5
14 883.369 45.0067 89.0839 0.5
14 861.859 80.7667 -96.1205 0.5
14 838.636 -78.8222 39.702 0.5
14 878.944 182.488 -7.56365 0.5
14 843.581 -0.317001 97.5855 0.5
14 885.041 192.124 -15.5145 0.5
14 858.467 143.862 -26.022 0.5
14 869.571 36.9463 95.5206 0.5
14 840.08 2.66551 -99.178 0.5
14 863.598 41.7193 98.9467 0.5
14 862.806 151.878 -24.0914 0.5
14 878.736 94.0278 -99.3234 0.5
14 834.682 -46.8032 -84.8537 0.5
14 854.057 -36.7057 -64.5518 0.5
14 879.256 143.367 -79.9616 0.5
14 869.248 140.809 66.3394 0.5
14 849.421 35.7419 99.9158 0.5
14 854.229 135.578 29.3023 0.5
14 887.689 174.884 63.8509 0.5
14 868.202 157.001 -37.181 0.5
14 856.137 -44.5825 -47.7669 0.5
14 837.494 81.1366 -71.2618 0.5
14 838.313 79.2852 -74.3393 0.5
14 883.476 155.114 -76.4277 0.5
14 851.179 -64.9217 -8.87254 0.5
14 848.073 123.512 33.538 0.5
14 876.899 49.2693 -95.4052 0.5
14 883.966 190.598 -13.1966 0.5
14 880.732 43.6558 -90.652 0.5
14 865.837 41.9832 -98.35 0.5
14 860.71 -45.0651 27.0989 0.5
14 856.478 -53.2676 23.7874 0.5
14 834.067 -89.4593 32.6926 0.5
14 833.689 -25.6008 95.3964 0.5
14 869.785 -23.2327 -43.2926 0.5
14 840.2 97.7936 57.0574 0.5
14 842.273 -70.3495 -44.3867 0.5
14 836.627 -31.8169 -91.0748 0.5
14 863.488 155.468 10.3491 0.5
14 869.869 21.6614 89.1027 0.5
14 867.275 131.509 -72.4326 0.5
14 888.216 157.511 80.976 0.5
14 848.62 -58.9433 -45.2107 0.5
15 929.481 38.9064 79.168 0.5
15 934.156 134.542 93.8449 0.5
15 950.548 90.8871 99.5839 0.5
15 890.594 32.0312 -73.3502 0.5
15 993.113 196.258 27.0981 0.5
15 953.632 125.097 -96.7995 0.5
15 992.643 58.1406 90.8174 0.5
15 954.612 177.255 63.4952 0.5
15 988.007 38.6918 79.0019 0.5
15 963.533 172.572 68.7988 0.5
15 891.467 174.985 66.1602 0.5
15 899.538 53.658 88.6139 0.5
15 975.097 197.724 21.2153 0.5
15 961.251 47.2671 -84.9661 0.5
15 911.727 21.0862 61.4216 0.5
15 941.583 46.7383 -84.6356 0.5
15 949.901 198.233 -18.7151 0.5
15 954.797 176.942 -63.8742 0.5
15 951.265 6.59486 35.7139 0.5
15 967.588 152.653 85.0155 0.5
15 932.949 102.109 99.9778 0.5
15 901.346 197.352 22.8583 0.5
15 910.035 58.8632 -91.1469 0.5
15 979.632 83.226 98.5831 0.5
15 925.034 184.433 -53.5831 0.5
15 907.416 195.973 -28.0908 0.5
15 994.126 199.928 3.78165 0.5
15 932.934 16.517 55.0507 0.5
15 919.314 33.8219 -74.9697 0.5
15 890.48 196.536 -26.0939 0.5
15 990.2 150.209 86.4818 0.5
15 953.11 192.105 38.9434 0.5
15 982.56 53.2958 -88.4235 0.5
15 902.217 143.997 89.8013 0.5
15 947.592 0.389956 8.82265 0.5
15 999.626 153.754 -84.3236 0.5
15 937.903 63.8811 93.2493 0.5
15 922.635 175.842 65.1765 0.5
15 970.31 181.543 -57.8849 0.5
15 997.787 135.176 93.6091 0.5
15 978.46 65.6821 93.927 0.5
15 999.077 135.848 93.3539 0.5
15 938.353 160.655 79.5046 0.5
15 978.529 186.228 50.6432 0.5
15 996.025 37.3813 77.9673 0.5
15 956.994 5.617 33.0431 0.5
15 964.054 180.016 -59.9786 0.5
15 977.187 29.0314 -70.4518 0.5
15 914.985 90.3549 -99.5338 0.5
15 954.898 10.3265 -44.2568 0.5
15 978.801 199.744 7.15549 0.5
15 925.309 68.8468 95.0236 0.5
15 936.445 34.9214 75.9261 0.5
15 971.391 116.106 -98.6944 0.5
15 994.377 73.7378 96.4899 0.5
15 892.246 128.72 -95.7872 0.5
15 969.296 28.4511 -69.8624 0.5
15 968.872 199.952 -3.09482 0.5
15 970.252 101.744 -99.9848 0.5
15 910.09 199.645 8.42096 0.5
15 896.664 160.561 -79.576 0.5
15 909.177 40.427 -80.3185 0.5
15 895.809 3.92844 -27.7535 0.5
15 997.724 190.186 -43.2037 0.5
15 954.169 5.76577 -33.4651 0.5
15 907.448 175.212 -65.9031 0.5
15 965.815 155.884 82.9272 0.5
15 970.31 164.907 76.0727 0.5
15 912.922 126.374 96.4593 0.5
15 965.619 91.0868 -99.602 0.5
15 950.397 154.813 83.6396 0.5
15 899.123 172.771 68.588 0.5
15 975.405 25.0469 66.1969 0.5
15 970.578 192.561 -37.8487 0.5
15 951.26 58.5478 91.0039 0.5
15 945.709 198.28 18.4666 0.5
15 961.848 199.987 1.58333 0.5
15 898.079 187.23 -48.8964 0.5
15 961.186 2.79432 23.4746 0.5
15 969.723 84.739 -98.8287 0.5
15 937.552 195.131 30.8245 0.5
15 894.24 57.3795 -90.4626 0.5
15 997.253 62.7818 92.816 0.5
15 924.356 175.059 66.0765 0.5
15 998.302 145.453 -89.0732 0.5
15 975.539 3.87034 -27.5516 0.5
15 913.152 2.6142 -22.7158 0.5
15 930.577 36.3428 77.1218 0.5
15 987.301 6.44153 -35.3102 0.5
15 925.709 136.335 93.1654 0.5
15 922.384 162.358 -78.1757 0.5
15 900.809 197.579 -21.8725 0.5
15 998.46 0.0890017 4.21811 0.5
15 925.82 67.0585 -94.4185 0.5
15 897.329 187.724 48.0057 0.5
15 893.42 17.3859 -56.3463 0.5
15 909.111 133.178 94.3357 0.5
15 984.032 115.269 98.8274 0.5
15 930.594 183.58 54.9038 0.5
15 972.172 108.472 -99.6405 0.5
15 992.076 47.521 -85.1232 0.5
15 929.658 156.442 82.5485 0.5
15 892.592 16.0776 -54.3786 0.5
15 929.746 107.147 99.7443 0.5
15 959.409 197.098 23.9165 0.5
15 945.566 0.703986 -11.8449 0.5
15 946.844 60.3597 91.8077 0.5
15 970.783 7.70659 38.4958 0.5
15 909.833 172.944 68.4048 0.5
15 896.95 38.1712 -78.5952 0.5
15 909.139 125.098 -96.7992 0.5
15 960.502 199.994 -1.04968 0.5
15 983.626 187.728 47.9973 0.5
15 891.955 199.656 -8.29119 0.5
15 989.275 109.4 -99.5572 0.5
15 912.609 85.3248 -98.9173 0.5
15 961.795 74.0153 96.565 0.5
15 969.2 135.04 93.6601 0.5
15 920.842 173.695 67.5949 0.5
15 988.262 46.5235 84.5001 0.5
15 904.412 25.4615 66.6634 0.5
15 892.919 0.952733 -13.7709 0.5
15 955.592 196.783 25.1604 0.5
15 987.49 145.947 -88.8192 0.5
15 954.398 36.9416 -77.6121 0.5
15 974.937 168.131 73.1991 0.5
15 938.403 189.744 44.1139 0.5
15 973.381 199.254 12.1939 0.5
15 997.174 77.9974 -97.5494 0.5
15 913.11 195.597 29.3452 0.5
15 935.193 59.2504 -91.3207 0.5
15 968.374 32.7367 -73.9976 0.5
15 972.248 7.5439 -38.1034 0.5
15 973.738 4.79519 -30.5948 0.5
15 925.393 177.82 62.8016 0.5
15 896.433 105.242 99.8625 0.5
15 933.921 13.0782 49.4429 0.5
15 987.861 29.4679 -70.8888 0.5
15 973.71 6.52789 -35.5382 0.5
15 972.515 93.0981 -99.7615 0.5
15 990.55 75.3745 -96.9205 0.5
15 980.151 1.78384 -18.8039 0.5
15 915.356 121.786 97.598 0.5
15 968.846 5.62294 33.0601 0.5
15 974.032 196.157 27.4566 0.5
15 912.237 99.7454 -99.9997 0.5
15 904.544 14.8539 52.4418 0.5
15 954.921 46.5307 84.5046 0.5
15 990.633 54.892 -89.2484 0.5
15 936.46 20.5191 60.686 0.5
15 989.625 14.3909 51.6826 0.5
15 930.216 199.587 -9.07943 0.5
15 897.384 193.986 34.1567 0.5
15 934.152 195.786 -28.7226 0.5
15 996.963 82.5742 98.47 0.5
15 977.457 198.535 17.0529 0.5
15 925 188.897 45.7963 0.5
15 934.348 129.599 -95.519 0.5
15 894.298 2.91731 23.9781 0.5
15 977.814 137.313 -92.7778 0.5
15 929.494 5.5097 32.735 0.5
15 914.855 125.862 96.598 0.5
15 961.526 104.137 -99.9144 0.5
15 983.875 199.939 3.49538 0.5
15 933.146 107.234 99.738 0.5
15 904.327 152.855 84.8905 0.5
15 938.599 68.7175 -94.9811 0.5
15 949.358 138.201 -92.4156 0.5
15 904.233 186.706 -49.8212 0.5
15 957.854 9.8871 -43.3551 0.5
15 891.961 3.20748 25.1239 0.5
15 948.269 164.981 76.0094 0.5
15 899.349 199.924 3.90091 0.5
