0 302.009 122.522 97.4308 0.5
0 175.55 80.6633 98.1127 0.5
0 75.0226 37.254 77.8649 0.5
0 93.1362 31.6139 72.9613 0.5
0 94.5585 194.119 -33.789 0.5
0 237.353 72.503 96.1453 0.5
0 68.7054 78.7592 -97.7181 0.5
0 97.8084 145.603 88.9966 0.5
0 123.724 45.871 84.0836 0.5
0 26.3894 4.00037 -28.0013 0.5
0 25.6545 173.146 -68.1888 0.5
0 264.945 58.7968 91.1169 0.5
0 157.377 2.72216 -23.1737 0.5
0 63.9283 70.4289 -95.5278 0.5
0 319.455 117.145 98.5193 0.5
0 235.998 49.4547 -86.2854 0.5
0 176.19 5.99304 -34.0983 0.5
0 25.264 178.719 61.6709 0.5
0 330.708 108.214 99.6621 0.5
0 198.212 35.4122 76.3441 0.5
0 177.242 134.469 93.8717 0.5
0 48.5359 0.0383346 2.76866 0.5
0 245.839 27.3732 68.7412 0.5
0 105.098 167.473 -73.8062 0.5
0 104.764 145.949 88.8184 0.5
0 61.7332 191.785 -39.6936 0.5
0 100.054 23.2452 -64.0991 0.5
0 286.379 161.211 79.0773 0.5
0 306.25 97.6845 99.9732 0.5
0 214.291 199.533 -9.65213 0.5
0 149.188 11.6923 46.9228 0.5
0 9.57329 199.925 3.87663 0.5
0 242.245 112.635 -99.1985 0.5
0 17.0505 81.139 98.2052 0.5
0 64.9792 2.35947e-05 -0.0686946 0.5
0 100.6 5.15211 31.684 0.5
0 220.572 4.23025 28.7777 0.5
0 34.9701 115.384 -98.8095 0.5
0 69.6878 0.512695 10.1132 0.5
0 21.4891 0.61315 11.0569 0.5
0 77.0885 181.948 57.3102 0.5
0 32.5717 45.6187 -83.9207 0.5
0 276.724 196.736 25.34 0.5
0 203.829 90.8932 99.5845 0.5
0 333.141 62.0035 92.5001 0.5
0 203.203 141.594 -90.9393 0.5
0 76.2489 97.4101 -99.9665 0.5
0 175.487 12.4697 -48.3575 0.5
0 69.3995 196.096 27.6684 0.5
0 318.075 66.6901 94.2892 0.5
0 161.45 17.5252 56.55 0.5
0 62.0208 1.412 16.7454 0.5
0 89.5999 102.836 -99.9598 0.5
0 212.06 61.9435 92.4754 0.5
0 162.463 196.606 -25.8332 0.5
0 264.288 144.61 -89.4985 0.5
0 21.75 88.9796 -99.3909 0.5
0 152.278 175.456 65.6234 0.5
0 280.244 41.2217 -80.9018 0.5
0 329.472 51.8674 -87.6541 0.5
0 167.533 176.605 64.2784 0.5
0 38.4453 199.978 -2.08113 0.5
0 273.793 30.9349 -72.3188 0.5
0 50.1553 0.00591812 -1.08793 0.5
0 33.3218 198.731 -15.8825 0.5
0 193.155 84.7488 98.8302 0.5
0 95.7107 0.81654 12.7531 0.5
0 162.607 86.2706 99.053 0.5
0 260.503 59.9474 91.6286 0.5
0 212.662 2.27504 21.2093 0.5
0 205.635 196.863 24.8495 0.5
0 183.159 34.698 75.7341 0.5
0 316.001 38.9643 -79.2127 0.5
0 9.01746 51.7228 -87.5746 0.5
0 210.224 33.4775 -74.6643 0.5
0 107.781 141.978 -90.7625 0.5
0 247.909 61.0362 -92.0968 0.5
0 202.6 77.3728 97.4064 0.5
0 323.77 44.5297 -83.2049 0.5
0 45.9479 19.2281 -58.9568 0.5
0 120.739 197.757 21.0588 0.5
0 250.471 33.4046 -74.5993 0.5
0 297.616 0.166193 -5.76289 0.5
0 312.835 138.562 92.2657 0.5
0 250.364 197.573 -21.8962 0.5
0 271.88 84.8957 98.8527 0.5
0 185.284 99.4924 99.9987 0.5
0 35.5361 130.324 -95.2914 0.5
0 27.6335 139.27 -91.9667 0.5
0 268.779 175.968 -65.03 0.5
0 125.931 35.0099 76.0019 0.5
0 184.283 31.2997 72.6654 0.5
0 94.3261 111.792 99.3024 0.5
0 71.554 53.0852 -88.312 0.5
0 76.7588 53.9844 -88.7838 0.5
0 330.456 22.7478 63.4988 0.5
0 38.4401 25.7898 -67.0287 0.5
0 74.3831 151.886 -85.4862 0.5
0 250.485 117.105 -98.5262 0.5
0 259.584 168.479 72.8741 0.5
0 37.7966 80.7224 98.1243 0.5
0 74.4239 38.3417 78.729 0.5
0 237.603 162.281 78.2374 0.5
0 128.68 62.1022 92.5406 0.5
0 9.09976 8.24235 39.7559 0.5
0 207.066 3.86608 -27.5367 0.5
0 323.398 178.856 -61.4952 0.5
0 244.471 2.27649 21.2159 0.5
0 326.134 152.641 -85.0233 0.5
0 94.0804 31.305 -72.6704 0.5
0 24.4783 187.373 -48.6414 0.5
0 123.099 199.882 -4.85464 0.5
0 186.745 0.00519406 1.01921 0.5
0 56.6685 70.3802 -95.5127 0.5
0 19.3733 163.6 -77.1692 0.5
0 46.0292 86.014 -99.0171 0.5
0 158.263 160.724 79.4521 0.5
0 283.875 6.88748 36.47 0.5
0 182.601 42.9601 -82.1368 0.5
0 106.365 3.07812 -24.6201 0.5
0 212.947 76.5281 97.2063 0.5
0 151.203 26.3068 67.5967 0.5
0 77.6299 179.904 -60.1281 0.5
0 323.049 99.7427 99.9997 0.5
0 261.166 2.69552 23.0616 0.5
0 235.352 9.64822 -42.8551 0.5
0 138.984 0.00189908 0.616289 0.5
0 79.6539 140.675 91.3541 0.5
0 277.969 199.092 13.4443 0.5
0 223.756 17.2173 56.0983 0.5
0 165.424 36.8163 -77.5101 0.5
0 119.591 88.877 -99.3795 0.5
0 189.811 84.8468 -98.8452 0.5
0 273.061 20.4034 60.5341 0.5
0 214.222 131.576 94.884 0.5
0 169.578 18.5292 57.9871 0.5
0 306.827 169.823 71.587 0.5
0 268.042 183.088 55.6454 0.5
0 109.932 0.000148052 -0.172077 0.5
0 323.572 107.068 99.7499 0.5
0 44.7125 196.748 -25.2954 0.5
0 145.808 75.6162 96.9816 0.5
0 281.174 25.3257 66.5112 0.5
0 37.8314 199.998 0.686286 0.5
0 119.326 187.294 48.7829 0.5
0 147.064 2.33437 -21.4808 0.5
0 17.2644 33.0567 74.2872 0.5
0 263.413 169.748 -71.6606 0.5
0 156.942 50.0855 -86.6519 0.5
0 332.318 1.72204 18.4782 0.5
0 3.73956 7.18435 37.219 0.5
0 87.427 33.0363 -74.2688 0.5
0 322.079 0.284998 7.54443 0.5
0 327.908 189.573 -44.4601 0.5
0 287.874 163.588 -77.1789 0.5
0 317.504 47.3847 -85.039 0.5
0 158.252 18.9663 -58.5964 0.5
0 62.8305 179.643 -60.4727 0.5
0 145.08 143.841 89.8775 0.5
0 221.351 168.057 73.2683 0.5
0 40.2221 3.86144 27.5205 0.5
0 50.9505 48.6461 -85.8066 0.5
0 112.746 75.423 -96.9328 0.5
0 158.899 113.052 -99.1446 0.5
0 79.2204 199.85 5.46839 0.5
0 189.771 5.19346 -31.8075 0.5
0 278.089 199.377 11.1482 0.5
0 55.7127 12.6115 -48.6132 0.5
0 154.793 55.6876 89.646 0.5
0 268.926 30.1838 71.594 0.5
0 136.458 67.4588 -94.5572 0.5
0 126.665 16.3533 -54.8017 0.5
0 144 183.978 -54.2933 0.5
0 196.999 3.01414 24.3668 0.5
1 360.92 -32.7938 52.6573 0.5
1 343.298 108.883 -96.5223 0.5
1 366.878 57.4281 -98.7869 0.5
1 336.382 174.264 60.6019 0.5
1 339.711 26.2449 77.8956 0.5
1 370.727 -48.2608 55.0358 0.5
1 345.583 129.181 -86.3721 0.5
1 337.764 186.321 34.1304 0.5
1 341.696 -12.2956 20.8105 0.5
1 380.529 -41.3151 80.3212 0.5
1 336.825 189.221 -30.3977 0.5
1 346.238 50.7588 -96.3171 0.5
1 382.756 -1.92055 -98.6596 0.5
1 359.506 10.2269 89.5821 0.5
1 345.162 141.873 78.1742 0.5
1 347.318 -23.9732 -7.06051 0.5
1 343.597 90.4003 -99.6651 0.5
1 356.483 152.286 -38.2799 0.5
1 373.684 54.0691 97.0876 0.5
1 370.794 125.178 -43.4622 0.5
1 362.478 -33.22 56.1613 0.5
1 363.808 -12.9212 -79.8964 0.5
1 379.368 -78.3726 -16.4454 0.5
1 381.35 -59.2748 64.8674 0.5
1 352.082 -31.1927 15.9516 0.5
1 364.089 -36.9896 54.691 0.5
1 370.409 135.745 2.76326 0.5
1 367.453 25.5977 -98.8218 0.5
1 350.364 108.545 -92.4813 0.5
1 336.278 194.861 -2.81358 0.5
1 357.952 119.833 78.0829 0.5
1 378.64 -3.10929 -96.9179 0.5
1 342.259 76.5463 -99.6799 0.5
1 381.592 89.1355 -68.64 0.5
1 370.195 95.1733 80.7259 0.5
1 333.853 166.077 -74.2561 0.5
1 343.665 91.964 99.5127 0.5
1 383.222 -76.8229 42.7237 0.5
1 360.384 3.78171 -86.9662 0.5
1 354.6 107.499 -89.6354 0.5
1 334.316 104.493 -99.8079 0.5
1 353.034 155.785 43.7789 0.5
1 343.436 101.664 98.1467 0.5
1 367.811 112.859 68.7947 0.5
1 379.119 120.634 3.53059 0.5
1 352.807 132.075 -75.2987 0.5
1 335.689 104.689 99.6148 0.5
1 380.34 -65.0187 -54.8725 0.5
1 334.981 8.11046 45.528 0.5
1 344.018 180.635 -13.0711 0.5
1 351.364 152.347 54.9083 0.5
1 351.778 90.0809 -97.5437 0.5
1 385.608 102.474 36.7128 0.5
1 377.766 -70.3698 35.7011 0.5
1 341.062 138.298 -85.6079 0.5
1 363.618 -38.28 -51.3233 0.5
1 344.656 1.08279 -60.9141 0.5
1 339.663 -4.51274 35.3341 0.5
1 341.15 -10.4794 24.5436 0.5
1 370.601 20.4365 98.8663 0.5
1 374.226 -70.7371 -4.25385 0.5
1 350.375 1.79671 72.6795 0.5
1 339.137 189.453 9.93732 0.5
1 342.247 183.276 -15.9764 0.5
1 334.884 10.0272 48.7957 0.5
1 335.103 192.525 29.3668 0.5
1 387.96 66.1439 -79.4246 0.5
1 353.64 104.304 91.8788 0.5
1 335.286 135.65 -92.0676 0.5
1 355.803 77.075 -98.7127 0.5
1 334.42 53.3386 -89.4141 0.5
1 372.818 97.2238 -75.4639 0.5
1 340.988 171.813 52.5618 0.5
1 372.423 45.7858 -99.0858 0.5
1 361.053 -46.6207 -16.6268 0.5
1 352.939 4.09461 78.5018 0.5
1 376.186 75.688 -86.6542 0.5
1 356.989 -26.7793 51.3545 0.5
1 359.25 104.082 87.1886 0.5
1 359.767 39.5984 -98.9259 0.5
1 338.051 188.164 -26.8245 0.5
1 336.785 15.8373 62.3476 0.5
1 353.264 76.7754 99.3599 0.5
1 338.295 177.599 50.7027 0.5
1 387.382 -39.1954 89.0077 0.5
1 357.409 35.7502 97.4244 0.5
1 368.888 -54.5012 36.9625 0.5
1 364.489 41.8349 -99.9117 0.5
1 374.499 -35.1267 76.9818 0.5
1 347.688 169.473 33.1788 0.5
1 373.446 -1.3581 94.7817 0.5
1 365.096 138.03 36.6449 0.5
1 383.86 -85.7642 18.6258 0.5
1 341.524 176.387 42.3851 0.5
1 337.303 143.999 86.0915 0.5
1 386.337 -87.4753 29.1072 0.5
1 366.037 54.1337 -99.4175 0.5
1 338.667 184.497 34.8392 0.5
1 356.854 -28.8373 -47.316 0.5
1 336.693 113.22 98.1707 0.5
1 363.106 -43.6847 38.9174 0.5
1 359.555 -45.0762 -8.24293 0.5
1 380.23 23.2268 99.9007 0.5
1 370.752 -36.5609 69.6566 0.5
1 372.128 54.734 97.566 0.5
1 379.113 62.2855 90.9466 0.5
1 342.214 179.693 -30.9988 0.5
1 367.511 136.844 -27.8562 0.5
1 363.427 118.395 -70.9025 0.5
1 363.188 0.000968392 87.5676 0.5
1 335.186 20.6449 64.8206 0.5
1 382.047 115.191 9.31785 0.5
1 387.81 -59.6423 -75.7483 0.5
1 353.513 137.09 69.3532 0.5
1 364.582 11.4583 -93.8904 0.5
1 384.235 -85.4825 -23.0037 0.5
1 378.562 45.9276 -97.0111 0.5
1 381.657 -63.4219 -60.3676 0.5
1 336.293 169.868 -66.1509 0.5
1 335.715 152.42 -82.4783 0.5
1 371.304 112.374 62.4004 0.5
1 350.67 119.647 86.7892 0.5
1 344.463 173.596 -37.0775 0.5
1 380.741 -79.232 -23.8257 0.5
1 352.216 144.853 63.1244 0.5
1 345.891 -21.5455 6.40905 0.5
1 360.731 -2.00945 -83.8082 0.5
1 376.893 -49.4715 -67.234 0.5
1 364.291 -9.61546 82.8528 0.5
1 384.999 -15.5112 96.5544 0.5
1 372.206 120.311 48.1576 0.5
1 374.764 0.0222028 95.9362 0.5
1 385.275 21.2747 99.3664 0.5
1 385.871 -64.1571 -68.1748 0.5
1 359.072 36.954 98.2803 0.5
1 359.335 -42.5884 21.9913 0.5
1 377.137 21.415 99.9632 0.5
1 357.62 79.3284 -97.6848 0.5
1 379.024 86.9247 75.0715 0.5
1 382.555 76.1708 -78.9105 0.5
1 342.209 28.37 82.6753 0.5
1 377.196 -62.3942 -50.3117 0.5
1 385.163 57.3305 88.2124 0.5
1 386.442 -49.5151 -81.796 0.5
1 377.465 -68.7902 38.3573 0.5
1 348.819 1.6916 69.926 0.5
1 337.139 75.5144 98.3859 0.5
1 379.731 11.6882 99.6835 0.5
1 355.558 25.6551 -93.353 0.5
1 353.069 165.338 9.77865 0.5
1 371.8 -41.0297 66.8135 0.5
1 358.084 -23.5383 -59.0969 0.5
1 387.184 28.5595 -97.5876 0.5
2 383.359 35.4021 91.1157 0.5
2 353.783 -118.707 78.715 0.5
2 383.593 94.0691 10.3145 0.5
2 370.494 71.91 0.87903 0.5
2 360.809 42.1593 49.27 0.5
2 339.457 -19.6946 -78.3417 0.5
2 333.604 0.158159 -38.8619 0.5
2 364.357 -5.6889 -94.3885 0.5
2 375.697 75.8323 31.5081 0.5
2 375.596 -117.797 -16.9719 0.5
2 340.369 15.9876 27.1245 0.5
2 335.659 -51.1143 -92.7802 0.5
2 364.498 2.94914 -91.018 0.5
2 344.977 5.99912 62.2241 0.5
2 372.639 -67.9941 -89.9831 0.5
2 339.406 -149.875 73.3737 0.5
2 388.421 -96.4364 10.9271 0.5
2 363.917 52.2279 39.8753 0.5
2 350.345 -123.533 -79.5861 0.5
2 356.232 -53.4398 -99.9979 0.5
2 344.481 13.8989 49.233 0.5
2 373.487 -115.867 36.8458 0.5
2 378.683 -113.791 4.70959 0.5
2 387.478 -36.6917 -92.489 0.5
2 348.583 -26.8365 91.9966 0.5
2 360.034 -1.64765 -89.5258 0.5
2 365.039 58.7922 26.8546 0.5
2 361.227 -136.544 -38.2217 0.5
2 340.16 -176.525 28.3434 0.5
2 336.234 7.94941 30.0577 0.5
2 359.553 -129.091 -57.1577 0.5
2 348.04 -70.9258 -99.922 0.5
2 357.458 -14.2016 -93.115 0.5
2 380.874 -17.5087 99.7257 0.5
2 341.936 -164.101 -50.089 0.5
2 334.12 -2.08348 -45.5871 0.5
2 371.844 -19.5741 99.8093 0.5
2 342.195 -2.62558 66.7337 0.5
2 359.783 25.0424 69.7278 0.5
2 339.869 -111.38 -95.3148 0.5
2 347.708 -162.585 31.1233 0.5
2 365.13 60.921 -18.3774 0.5
2 358.151 -148.562 13.408 0.5
2 348.291 33.0543 -8.96609 0.5
2 369.008 -74.2141 90.0165 0.5
2 370.753 39.8294 73.813 0.5
2 344.666 -2.1986 70.7979 0.5
2 355.699 -104.868 -85.9242 0.5
2 366.001 59.2565 30.8426 0.5
2 380.228 -35.9622 96.8926 0.5
2 386.069 73.5006 -66.5831 0.5
2 347.014 -167.309 -16.9412 0.5
2 375.414 58.0183 63.0955 0.5
2 388.134 37.8788 93.5205 0.5
2 337.292 -7.00872 61.8413 0.5
2 371.385 -94.6396 73.2314 0.5
2 372.171 73.9131 13.4309 0.5
2 361.684 -143.305 -2.81911 0.5
2 366.046 -122.621 -49.6034 0.5
2 336.287 11.9366 -12.0491 0.5
2 361.599 -98.0661 83.7952 0.5
2 379.985 -98.8887 48.8749 0.5
2 369.505 -129.776 2.1383 0.5
2 335.167 -66.0831 -97.2737 0.5
2 382.133 91.9763 -4.39008 0.5
2 387.968 94.9036 37.4483 0.5
2 375.625 79.0684 -18.5393 0.5
2 353.164 27.7279 -51.3137 0.5
2 383.73 -35.1902 95.3848 0.5
2 387.517 94.2458 -37.1426 0.5
2 338.845 13.1317 27.8809 0.5
2 340.943 -149.393 71.2943 0.5
2 368.139 -12.1136 97.9692 0.5
2 346.591 -123.899 -83.9012 0.5
2 363.018 46.4466 -48.4466 0.5
2 373.665 -14.8335 -99.6985 0.5
2 349.486 -79.7008 -98.8337 0.5
2 386.308 -27.3466 96.3832 0.5
2 351.101 38.2522 3.78617 0.5
2 371.888 60.6744 50.4429 0.5
2 363.569 -26.6407 -99.0927 0.5
2 359.081 21.4492 -72.0903 0.5
2 341.147 -141.94 -77.6407 0.5
2 374.417 -120.22 -14.5933 0.5
2 344.622 16.3607 45.0895 0.5
2 350.353 -54.3678 99.6292 0.5
2 341.276 -62.0012 -98.597 0.5
2 336.486 -142.517 -83.1663 0.5
2 381.848 89.5548 20.0231 0.5
2 386.704 82.3048 -56.7831 0.5
2 334.727 -70.0569 97.9838 0.5
2 333.978 -188.005 25.5847 0.5
2 383.142 47.409 84.43 0.5
2 345.486 7.56742 61.3511 0.5
2 333.909 -17.6149 67.4375 0.5
2 375.361 78.1034 -21.051 0.5
2 342.734 -174.3 -19.2343 0.5
2 337.98 -120.749 93.1606 0.5
2 364.972 -129.472 39.6081 0.5
2 365.266 -7.05824 -95.3676 0.5
2 374.097 -87.361 -75.549 0.5
2 349.365 33.0003 21.4014 0.5
2 365.158 -136.679 -11.3734 0.5
2 363.496 -24.3572 98.7358 0.5
2 356.542 8.49272 -79.4358 0.5
2 381.897 70.6695 -61.3034 0.5
2 341.978 -65.7541 99.3104 0.5
2 365.242 -137.062 4.924 0.5
2 342.645 -158.64 -56.7783 0.5
2 352.221 -100.459 91.3322 0.5
2 336.319 -24.6802 -77.9838 0.5
2 375.643 -91.9501 68.5765 0.5
2 350.619 -21.0658 -91.0072 0.5
2 380.096 -72.129 79.4902 0.5
2 356.723 -144.894 -36.87 0.5
2 341.633 10.9482 45.5529 0.5
2 379.334 86.8703 -8.41681 0.5
2 368.017 38.3463 -70.6981 0.5
2 381.242 72.027 -57.9516 0.5
2 342.282 -28.2108 87.318 0.5
2 369.505 -104.901 66.0284 0.5
2 370.691 -5.40286 97.4722 0.5
2 382.297 92.0317 -8.05503 0.5
2 352.192 38.7056 -17.3031 0.5
2 377.827 81.1823 25.9762 0.5
2 340.727 -173.985 -33.1616 0.5
2 355.127 -40.0249 98.917 0.5
2 382.289 91.5679 12.4313 0.5
2 337.983 -134.888 86.3166 0.5
2 374.554 53.6798 -66.4455 0.5
2 338.174 -79.4306 99.8925 0.5
2 385.164 -101.199 17.1302 0.5
2 387.297 31.9807 95.0859 0.5
2 335.542 -17.8381 -70.635 0.5
2 365.615 1.88486 -92.3242 0.5
2 388.014 83.8034 -57.8851 0.5
2 359.902 -42.4417 99.9204 0.5
2 353.854 -16.2783 -91.3745 0.5
2 338.868 -182.855 -1.3409 0.5
2 345.405 -130.869 -80.5002 0.5
2 384.009 -79.5262 -66.3154 0.5
2 379.176 -90.8358 62.8412 0.5
2 372.419 -88.1194 77.3597 0.5
2 346.409 26.1494 -28.1623 0.5
2 367.208 -95.3916 78.7635 0.5
2 349.364 21.7461 50.2981 0.5
2 352.097 -112.502 -85.0786 0.5
2 343.508 -43.8995 -95.0974 0.5
2 378.174 -113.107 18.2364 0.5
2 340.731 -88.6011 99.5975 0.5
2 337.075 -19.4502 74.6675 0.5
2 343.435 -55.3572 -98.0611 0.5
2 336.5 -186.92 2.98279 0.5
2 356.36 -151.126 -16.9129 0.5
2 383.856 -86.7094 57.5694 0.5
2 362.7 -10.5801 95.0718 0.5
2 345.078 -61.8231 99.4698 0.5
2 343.285 24.6189 5.79558 0.5
2 388.646 -93.6739 24.1985 0.5
2 369.879 -82.6938 84.4585 0.5
2 385.231 15.919 98.2778 0.5
2 380.318 -110.314 -12.2716 0.5
2 344.922 -163.991 -40.0893 0.5
2 383.74 -52.2744 -88.1971 0.5
2 369.731 -129.023 8.75657 0.5
2 353.355 -71.8968 98.9973 0.5
2 385.259 -102.311 -6.33645 0.5
2 371.042 -40.9264 -99.0446 0.5
2 380.961 -107.107 23.7004 0.5
2 366.467 9.4228 -89.5608 0.5
2 359.572 -71.6703 96.9098 0.5
2 361.205 30.8248 -66.1439 0.5
2 382.02 -85.2746 63.6198 0.5
2 363.835 -23.1944 -98.6418 0.5
2 382.393 -56.0558 87.4068 0.5
3 362.944 -190.636 18.9591 0.5
3 366.725 -191.114 16.2939 0.5
3 439.725 -138.162 -88.9406 0.5
3 402.661 -154.044 78.7794 0.5
3 432.201 7.52111 2.39999 0.5
3 417.305 -27.2536 -75.8249 0.5
3 407.286 -170.85 -62.0768 0.5
3 375.967 -53.508 92.106 0.5
3 387.589 -62.7104 -95.4754 0.5
3 362.571 -126.399 94.0609 0.5
3 416.301 -68.4266 97.0715 0.5
3 401.354 -190.997 16.9869 0.5
3 437.796 6.22521 -16.223 0.5
3 430.693 -178.095 -51.6225 0.5
3 395.104 -64.1818 -95.9213 0.5
3 420.899 -6.22074 -50.6409 0.5
3 441.64 -191.916 -10.3205 0.5
3 340.839 -179.233 -49.6856 0.5
3 419.661 -58.4201 94.0317 0.5
3 413.9 -33.8223 81.011 0.5
3 422.429 -31.0475 -78.9286 0.5
3 368.176 -4.8816 -48.2883 0.5
3 427.929 7.17364 -8.6667 0.5
3 424.34 -60.3056 94.6928 0.5
3 438.961 -5.9243 -50.1327 0.5
3 431.114 -189.605 -23.6843 0.5
3 434.422 -22.8049 71.7603 0.5
3 367.878 -105.08 99.1992 0.5
3 426.652 -1.92554 42.4889 0.5
3 366.559 -176.299 54.4917 0.5
3 337.304 -175.931 -55.0543 0.5
3 383.583 -4.47305 -47.5399 0.5
3 432 -147.307 83.6105 0.5
3 383.007 -8.51748 54.3628 0.5
3 439.748 -103.671 99.3685 0.5
3 440.668 -114.169 97.613 0.5
3 416.854 1.53062 34.1706 0.5
3 379.278 -191.749 -11.8209 0.5
3 436.316 -20.2491 69.1883 0.5
3 433.615 -163.527 -70.3426 0.5
3 359.357 -85.8563 -99.7824 0.5
3 363.466 -144.25 85.5381 0.5
3 412.701 -165.11 -68.7061 0.5
3 361.476 -20.0733 -69.0043 0.5
3 397.13 -14.8102 63.0242 0.5
3 416.846 2.84296 30.3189 0.5
3 403.946 -136.497 89.7768 0.5
3 379.647 4.87066 -22.9928 0.5
3 432.147 -161.649 -72.1905 0.5
3 394.554 -191.368 -14.6746 0.5
3 346.884 -77.3484 98.8531 0.5
3 349.536 -155.241 -77.8288 0.5
3 440.508 -96.1756 -99.9306 0.5
3 419.159 -81.2761 -99.3738 0.5
3 387.369 -13.0328 -60.7692 0.5
3 379.952 -159.747 73.9675 0.5
3 395.385 -35.9751 -82.5262 0.5
3 424.308 4.03803 -26.2687 0.5
3 430.02 -12.7108 -60.346 0.5
3 394.152 5.94029 17.8699 0.5
3 437.548 -192.345 -4.58055 0.5
3 383.006 -163.083 -70.7887 0.5
3 421.596 -57.383 -93.6499 0.5
3 427.935 -89.7772 99.9643 0.5
3 367.07 -140.461 -87.7206 0.5
3 399.438 5.85951 18.3091 0.5
3 391.883 -100.95 -99.6381 0.5
3 360.406 -101.588 99.5816 0.5
3 354.334 -95.9698 99.938 0.5
3 392.068 6.23576 -16.1587 0.5
3 344.256 -18.7137 67.5496 0.5
3 442.333 -1.95777 -42.5575 0.5
3 395.838 7.26649 -7.52351 0.5
3 423.622 -155.839 -77.342 0.5
3 356.769 -157.815 -75.6801 0.5
3 341.414 -54.8981 92.6814 0.5
3 438.846 5.35919 -20.8169 0.5
3 337.424 -192.45 -0.0144691 0.5
3 367.769 -188.785 -26.8266 0.5
3 426.832 -60.0939 -94.6207 0.5
3 348.071 -176.225 -54.6056 0.5
3 394.03 7.53679 1.61996 0.5
3 372.041 -183.909 -40.439 0.5
3 346.699 -142.779 -86.4117 0.5
3 337.536 -15.1838 63.4816 0.5
3 372.061 4.98648 22.497 0.5
3 392.672 -106.012 -99.0762 0.5
3 412.002 -153.179 -79.4477 0.5
3 409.132 -191.416 -14.3409 0.5
3 436.85 -112.438 -97.982 0.5
3 357.81 -123.945 94.911 0.5
3 430.543 -169.669 -63.5388 0.5
3 361.611 -191.844 10.9932 0.5
3 417.014 -48.6483 89.8966 0.5
3 434.62 -29.5481 -77.7389 0.5
3 380.695 -69.0959 97.2347 0.5
3 355.653 -182.722 43.0221 0.5
3 401.045 -176.332 54.4406 0.5
3 349.93 -22.1147 71.084 0.5
3 334.556 -82.4278 99.4965 0.5
3 360.516 -2.25172 -43.177 0.5
3 337.757 6.4145 -15.0264 0.5
3 398.437 -126.523 94.0162 0.5
3 346.323 -10.6435 57.5124 0.5
3 419.608 -192.171 7.4631 0.5
3 357.526 -35.2467 -82.023 0.5
3 405.821 -189.508 24.0767 0.5
3 415.986 -117.934 96.6985 0.5
3 401.008 -100.343 -99.688 0.5
3 379.112 -45.5762 88.3337 0.5
3 398.395 4.00878 -26.3759 0.5
3 334.364 -67.0857 -96.7298 0.5
3 406.433 7.49604 3.28194 0.5
3 386.388 2.35641 -31.8077 0.5
3 388.767 -14.2625 62.3434 0.5
3 336.915 -98.4759 99.8183 0.5
3 433.399 -148.625 -82.7305 0.5
3 351.401 -19.445 68.3393 0.5
3 438.885 -38.8374 -84.4137 0.5
3 364.999 -118.028 -96.6736 0.5
3 406.044 -67.2265 -96.7666 0.5
3 439.082 -118.909 -96.4361 0.5
3 402.482 -62.8701 -95.525 0.5
3 370.933 1.44518 34.4046 0.5
3 433.665 -160.142 73.6053 0.5
3 333.52 -107.416 98.8737 0.5
3 390.791 -125.237 -94.4723 0.5
3 341.889 -133.17 91.3341 0.5
3 406.65 -191.205 15.7292 0.5
3 395.484 6.67415 13.2055 0.5
3 441.852 -179.386 -49.4182 0.5
3 421.75 7.26183 7.58507 0.5
3 437.231 -167.962 -65.5585 0.5
3 334.729 -192.437 1.6103 0.5
3 353.763 -122.093 -95.5056 0.5
3 436.905 -192.372 3.94748 0.5
3 366.293 -99.6003 -99.744 0.5
3 414.644 -146.464 -84.1578 0.5
3 435.174 -97.0325 99.895 0.5
3 355.87 -49.8243 90.4602 0.5
3 355.053 -155.882 77.3071 0.5
3 392.463 7.0554 -9.93264 0.5
3 439.74 2.7455 -30.6235 0.5
3 442.455 -159.573 -74.1252 0.5
3 335.218 -97.1943 99.8874 0.5
3 435.048 2.95092 29.9774 0.5
3 377.438 -189.043 25.8816 0.5
3 413.568 -111.224 -98.2219 0.5
3 350.313 -110.763 -98.3088 0.5
3 400.046 -160.39 73.3774 0.5
3 416.86 -65.3261 96.2512 0.5
3 369.357 -69.5714 97.3477 0.5
3 366.524 -81.5273 99.4017 0.5
3 355.129 -173.036 59.2111 0.5
3 384.54 -49.1616 90.1449 0.5
3 401.702 2.31781 31.9225 0.5
3 358.971 -53.797 92.2277 0.5
3 384.236 6.45616 -14.7497 0.5
3 337.634 -152.396 80.0403 0.5
3 405.024 -57.4245 -93.6654 0.5
3 400.3 -149.197 82.3395 0.5
3 419.314 -100.253 99.6951 0.5
3 381.916 -8.00646 -53.5656 0.5
3 428.898 -119.891 -96.1613 0.5
3 363.193 3.95192 26.5829 0.5
3 372.063 -90.3997 99.979 0.5
3 419.935 -17.4009 -66.088 0.5
3 391.326 -190.084 -21.6241 0.5
3 368.826 -142.553 86.5428 0.5
3 347.503 7.30549 -6.98743 0.5
3 341.17 -147.808 83.2795 0.5
3 411.096 -130.254 -92.5789 0.5
3 386.726 -170.824 -62.1094 0.5
3 393.562 -27.0521 75.6512 0.5
3 412.787 -83.2558 -99.5764 0.5
3 371.313 -188.335 -28.3928 0.5
3 432.895 -176.75 53.7921 0.5
3 442.228 -157.748 75.7377 0.5
3 366.706 7.46104 -4.21491 0.5
3 408.512 -11.8099 -59.1368 0.5
3 352.733 -123.533 95.0464 0.5
3 422.009 -123.739 -94.9791 0.5
3 406.437 -181.334 -45.8221 0.5
3 408.425 5.38682 20.6867 0.5
3 362.593 -190.084 -21.6238 0.5
3 428.13 -97.8228 -99.8556 0.5
3 351.149 -106.265 -99.0412 0.5
3 334.762 -20.4411 -69.388 0.5
3 431.728 7.215 -8.17743 0.5
3 413.687 -189.843 -22.6856 0.5
3 349.995 1.47065 -34.335 0.5
3 385.867 -170.411 -62.6271 0.5
3 405.637 2.38271 31.7292 0.5
3 349.351 -93.6879 99.9923 0.5
3 397.202 -103.795 99.3544 0.5
3 341.819 -0.544664 39.4131 0.5
3 431.96 -191.836 -11.0658 0.5
4 453.444 -111.256 99.9482 0.5
4 482.475 -60.5585 21.0343 0.5
4 470.464 -44.8365 37.5517 0.5
4 460.349 -105.559 98.9522 0.5
4 464.663 -137.899 99.4546 0.5
4 467.643 -205.792 -68.1732 0.5
4 479.049 -66.1208 -50.5793 0.5
4 468.66 -97.9092 -93.1074 0.5
4 485.229 -145.498 98.4405 0.5
4 498.419 -124.088 78.5786 0.5
4 477.976 -50.8896 8.48541 0.5
4 496.71 -85.9737 -24.3012 0.5
4 476.675 -247.042 15.6523 0.5
4 452.278 -148.833 90.3707 0.5
4 451.751 -192.303 -48.955 0.5
4 496.679 -248.043 75.8909 0.5
4 461.834 -177.933 83.2757 0.5
4 460.452 -130.393 -99.4768 0.5
4 498.02 -99.3401 51.1893 0.5
4 453.593 -132.782 -96.9557 0.5
4 478.734 -247.843 -27.9967 0.5
4 452.994 -170.191 -77.7132 0.5
4 477.727 -69.3128 -58.9401 0.5
4 470.104 -222.27 -52.0653 0.5
4 450.795 -16.7759 49.8753 0.5
4 489.411 -256.087 -51.4457 0.5
4 491.163 -83.137 -43.1082 0.5
4 468.497 -57.1336 63.833 0.5
4 464.865 -187.799 80.0152 0.5
4 466.526 -192.337 -78.7422 0.5
4 495.914 -242.409 -79.3853 0.5
4 459.833 -198.711 -60.5198 0.5
4 492.85 -212.279 -93.2997 0.5
4 466.464 -47.9332 56.284 0.5
4 447.428 -142.368 -89.4279 0.5
4 486.594 -94.0889 70.0493 0.5
4 492.713 -102.096 67.3077 0.5
4 460.111 -57.6237 -78.4903 0.5
4 470.363 -107.174 -95.3408 0.5
4 451.369 -176.689 -69.1417 0.5
4 469.175 -232.089 25.0788 0.5
4 473.431 -43.621 -13.8627 0.5
4 474.372 -190.66 -88.5972 0.5
4 494.984 -259.718 60.3582 0.5
4 477.724 -193.293 90.187 0.5
4 457.84 -190.938 -65.8187 0.5
4 449.401 -72.0248 95.6997 0.5
4 491.277 -101.358 -69.1799 0.5
4 491.283 -235.57 78.4653 0.5
4 496.853 -119.074 76.7118 0.5
4 478.551 -97.984 84.4595 0.5
4 462.023 -168.876 88.8026 0.5
4 480.939 -56.5294 -13.1537 0.5
4 451.978 -188.307 56.0606 0.5
4 448.582 -129.146 -95.5407 0.5
4 485.662 -71.392 -38.1188 0.5
4 481.88 -248.826 40.2669 0.5
4 485.539 -202.819 91.9999 0.5
4 478.021 -57.001 -35.1836 0.5
4 447.73 -195.047 -24.6802 0.5
4 488.311 -104.551 -76.9388 0.5
4 492.848 -245.99 -71.7054 0.5
4 444.958 -52.7893 -91.4097 0.5
4 485.736 -170.929 -99.7575 0.5
4 469.226 -54.7716 59.1891 0.5
4 463.608 -151.724 96.5388 0.5
4 479.599 -74.331 -61.3001 0.5
4 480.794 -121.134 -93.9426 0.5
4 461.597 -28.133 -34.0441 0.5
4 493.728 -85.1916 37.7036 0.5
4 481.251 -96.5339 -80.2488 0.5
4 462.926 -63.6443 79.3802 0.5
4 447.126 -103.39 -99.8017 0.5
4 485.603 -234.624 -70.5362 0.5
4 474.145 -229.278 52.0518 0.5
4 470.157 -236.806 -5.99361 0.5
4 459.151 -145.193 -96.2097 0.5
4 450.165 -202.26 -4.4385 0.5
4 449.117 -196.415 -28.4343 0.5
4 493.148 -237.733 79.2963 0.5
4 470.839 -157.13 98.1854 0.5
4 452.145 -34.3038 69.928 0.5
4 494.198 -212.303 94.1587 0.5
4 473.315 -74.1777 73.0633 0.5
4 481.228 -211.663 -83.1834 0.5
4 470.038 -100.239 93.0851 0.5
4 476.183 -225.335 -62.6871 0.5
4 457.885 -49.9235 -75.296 0.5
4 467.543 -78.7993 84.3844 0.5
4 456.61 -183.352 71.5795 0.5
4 489.843 -114.846 -82.6886 0.5
4 488.718 -268.938 6.26575 0.5
4 448.202 -45.3379 84.409 0.5
4 445.929 -82.8503 -99.2566 0.5
4 459.391 -190.104 69.6395 0.5
4 477.127 -194.28 -89.1911 0.5
4 458.557 -57.5094 80.4584 0.5
4 453.949 -165.938 -82.1471 0.5
4 488.402 -241.395 68.549 0.5
4 481.318 -170.452 -98.9961 0.5
4 486.192 -243.795 61.2637 0.5
4 444.746 4.1709 -23.7346 0.5
4 492.27 -218.183 -90.3326 0.5
4 446.96 -167.056 71.1704 0.5
4 465.121 -29.5797 -16.1714 0.5
4 484.711 -66.6832 -29.6247 0.5
4 467.733 -56.4713 -64.6213 0.5
4 491.037 -248.922 -65.2581 0.5
4 488.065 -68.0534 -3.19742 0.5
4 498.59 -162.856 -97.2294 0.5
4 497.941 -211.952 -96.3299 0.5
4 449.575 -199.891 16.9412 0.5
4 472.2 -151.406 99.4062 0.5
4 448.998 -125.72 96.7249 0.5
4 460.223 -122.826 -99.9536 0.5
4 479.395 -54.0628 -14.631 0.5
4 486.394 -110.201 -83.5772 0.5
4 484.432 -252.218 42.5232 0.5
4 499.457 -255.645 73.404 0.5
4 465.121 -152.29 -97.0703 0.5
4 447.047 -143.194 88.6689 0.5
4 455.107 -200.906 43.6129 0.5
4 483.068 -100.884 81.1292 0.5
4 482.366 -74.0755 54.1708 0.5
4 487.215 -265.31 -15.5733 0.5
4 477.21 -158.332 99.5824 0.5
4 495.223 -271.731 40.7279 0.5
4 470.404 -226.997 44.4405 0.5
4 480.489 -86.426 -72.896 0.5
4 480.728 -157.833 99.9678 0.5
4 444.564 -75.4264 98.5043 0.5
4 466.015 -194.35 -76.3846 0.5
4 482.354 -205.417 -88.1031 0.5
4 481.839 -143.083 98.9958 0.5
4 453.582 -115.209 -99.7594 0.5
4 466.76 -126.285 -99.8839 0.5
4 494.473 -275.758 25.6411 0.5
4 469.353 -169.935 93.9186 0.5
4 464.723 -224.647 -24.0135 0.5
4 445.797 -194.716 -3.92918 0.5
4 480.409 -128.748 -96.5625 0.5
4 479.111 -221.724 -72.1614 0.5
4 482.016 -121.297 93.2068 0.5
4 452.081 -31.0699 -66.5875 0.5
4 474.05 -243.707 2.02373 0.5
4 455.178 -148.222 -92.8313 0.5
4 499.211 -153.002 -93.9314 0.5
4 452.589 -140.865 -93.9305 0.5
4 454.37 -208.884 12.2783 0.5
4 474.894 -186.951 -90.8626 0.5
4 491.31 -270.321 -25.4858 0.5
4 496.211 -153.348 -95.7738 0.5
4 491.675 -74.2791 2.15788 0.5
4 452.025 -160.453 -83.6007 0.5
4 479.535 -197.458 -89.6875 0.5
4 454.664 -116.418 99.8034 0.5
4 459.038 -33.0068 -53.1284 0.5
4 488.606 -263.74 31.8262 0.5
4 452.3 -72.9719 94.3683 0.5
4 460.515 -220.158 5.0217 0.5
4 458.518 -33.4286 -55.1807 0.5
4 491.503 -83.3247 42.2559 0.5
4 455.109 -17.7334 -36.2782 0.5
5 521.323 -165.836 -99.0018 0.5
5 537.516 -31.9416 39.7664 0.5
5 525.885 -66.2665 -63.1046 0.5
5 512.937 -169.562 99.9457 0.5
5 530.383 -210.466 -66.8012 0.5
5 548.111 -188.29 55.8568 0.5
5 553.126 2.18378 15.1792 0.5
5 522.695 -81.7987 -73.7194 0.5
5 519.519 -199.743 89.3656 0.5
5 501.756 -284.78 13.0409 0.5
5 525.574 -165.02 97.8469 0.5
5 508.713 -127.393 88.6924 0.5
5 534.762 -51.4451 63.7797 0.5
5 502.199 -103.076 -57.5352 0.5
5 501.246 -272.603 -50.8841 0.5
5 518.288 -241.217 -53.9195 0.5
5 530.521 -235.276 -10.3293 0.5
5 514.378 -223.021 80.5576 0.5
5 524.605 -71.0825 66.1718 0.5
5 526.221 -70.6481 68.7574 0.5
5 510.147 -161.99 99.5841 0.5
5 549.505 -130.023 96.2599 0.5
5 540.928 -112.913 99.8812 0.5
5 521.003 -94.0961 81.3183 0.5
5 535.283 -153.843 -96.4848 0.5
5 546.182 -65.3104 -90.1029 0.5
5 528.388 -143.822 -99.9068 0.5
5 529.85 -41.0098 -28.1247 0.5
5 539.923 -218.331 -15.4167 0.5
5 542.152 -208.298 -37.6715 0.5
5 500.522 -93.644 33.7663 0.5
5 514.449 -165.117 -99.9892 0.5
5 508.603 -225.192 85.7689 0.5
5 550.664 -1.04579 4.95592 0.5
5 507.104 -95.3609 58.6289 0.5
5 539.316 -44.4818 64.8793 0.5
5 501.633 -169.441 -98.6452 0.5
5 547.014 -18.5053 -46.1004 0.5
5 512.222 -85.6201 57.4005 0.5
5 546.016 -205.237 27.0771 0.5
5 550.857 -181.898 58.2134 0.5
5 521.037 -149.416 -99.9602 0.5
5 526.592 -145.417 -99.9608 0.5
5 520.043 -233.116 61.1099 0.5
5 540.451 -137.375 98.2239 0.5
5 504.53 -244.167 77.3845 0.5
5 524.634 -49.3571 25.6674 0.5
5 526.364 -75.153 -73.452 0.5
5 529.678 -68.3307 -72.4375 0.5
5 538.434 -45.5021 64.2797 0.5
5 514.134 -79.0086 52.376 0.5
5 527.673 -56.9708 -54.6071 0.5
5 527.526 -195.846 -83.617 0.5
5 525.026 -168.092 -97.3747 0.5
5 527.425 -211.54 -71.053 0.5
5 540.286 -51.3043 73.696 0.5
5 530.496 -138.823 99.956 0.5
5 537.395 -126.159 99.9746 0.5
5 551.746 0.939725 1.5129 0.5
5 522.155 -96.6658 84.3995 0.5
5 521.422 -220.801 -72.1611 0.5
5 547.533 -39.6048 74.4687 0.5
5 549.025 -64.1064 91.801 0.5
5 518.808 -163.426 99.7312 0.5
5 502.152 -155.133 95.4519 0.5
5 543.12 -178.137 76.7137 0.5
5 520.653 -69.5059 55.1797 0.5
5 531.015 -214.173 -61.0304 0.5
5 547.421 -190.721 53.9781 0.5
5 543.404 -211.446 20.1505 0.5
5 548.604 -5.86882 16.5483 0.5
5 528.169 -39.8856 -0.289122 0.5
5 545.713 -14.988 32.6795 0.5
5 501.25 -126.852 -80.255 0.5
5 533.118 -231.28 2.57626 0.5
5 510.943 -165.711 99.9196 0.5
5 500.82 -207.936 97.838 0.5
5 534.776 -32.9398 29.6564 0.5
5 516.958 -211.428 85.34 0.5
5 526.22 -238.747 -29.7069 0.5
5 546.046 -109.107 99.9998 0.5
5 522.909 -209.256 79.8043 0.5
5 507.34 -197.689 -97.6111 0.5
5 510.311 -265.284 -32.8012 0.5
5 537.044 -75.3354 -87.0721 0.5
5 500.571 -147.858 91.7263 0.5
5 520.789 -96.7022 -82.8728 0.5
5 500.017 -215.536 -96.3165 0.5
5 517.759 -256.548 16.4838 0.5
5 509.827 -72.1414 -9.8599 0.5
5 547.832 -120.027 98.9868 0.5
5 537.367 -180.245 -82.6514 0.5
5 512.645 -138.159 -95.8188 0.5
5 534.91 -124.988 99.9481 0.5
5 502.348 -284.28 8.10176 0.5
5 537.593 -28.0891 -29.7471 0.5
5 504.396 -250.222 72.2269 0.5
5 519.647 -129.304 -96.7357 0.5
5 528.711 -236.461 -22.1526 0.5
5 518.748 -85.5749 -70.7936 0.5
5 541.363 -164.318 -88.114 0.5
5 542.939 -199.067 53.0573 0.5
5 543.94 -14.6661 20.3767 0.5
5 524.94 -77.1498 -73.0157 0.5
5 513.389 -88.5914 63.9327 0.5
5 548.061 -185.279 60.2021 0.5
5 550.942 -15.5301 52.8213 0.5
5 520.128 -139.382 -98.9534 0.5
5 501.295 -273.13 -49.8346 0.5
5 550.783 -39.2753 78.8981 0.5
5 534.828 -34.7472 -35.1902 0.5
5 544.599 -128.337 98.5598 0.5
5 508.458 -100.894 -68.2037 0.5
5 517.26 -222.182 -77.3319 0.5
5 500.732 -164.974 97.4514 0.5
5 520.894 -181.278 95.7652 0.5
5 534.759 -72.5005 -82.8693 0.5
5 520.473 -53.3001 -4.11874 0.5
5 530.066 -69.7007 -74.3274 0.5
5 508.368 -274.168 -1.64699 0.5
5 551.086 -5.06147 -30.8256 0.5
5 502.801 -99.5243 53.7928 0.5
5 548.961 -88.1319 -98.7534 0.5
5 535.76 -26.7375 -0.324701 0.5
5 505.13 -92.6731 49.0976 0.5
5 517.815 -254.963 23.7292 0.5
5 534.158 -84.1586 89.1242 0.5
5 546.464 -9.09437 13.3626 0.5
5 508.302 -95.3588 61.3926 0.5
5 506.874 -158.142 98.2499 0.5
5 516.186 -124.032 -93.0579 0.5
5 531.72 -41.4738 -38.5756 0.5
5 513.931 -237.266 68.642 0.5
5 516.267 -164.248 -99.9298 0.5
5 541.678 -194.752 62.2454 0.5
5 548.777 -199.99 28.6806 0.5
5 542.177 -130.953 -98.8178 0.5
5 515.346 -226.906 76.1555 0.5
5 540.043 -19.3869 -3.68448 0.5
5 545.444 -19.2869 42.163 0.5
5 554.074 -154.147 80.6446 0.5
5 524.882 -83.4943 -78.3937 0.5
5 509.053 -248.598 -65.4544 0.5
5 536.972 -25.2205 -10.7735 0.5
5 548.273 -175.769 -70.7163 0.5
5 527.604 -139.063 99.9838 0.5
5 528.29 -201.577 -78.5378 0.5
5 548.553 -4.82785 -7.05514 0.5
5 538.384 -95.4939 -96.3699 0.5
5 517.905 -249.542 39.4747 0.5
5 550.043 -190.899 45.7881 0.5
5 531.751 -233.665 1.75192 0.5
5 525.502 -91.6869 84.9134 0.5
5 530.043 -45.6636 -41.5163 0.5
5 513.532 -264.609 -11.1792 0.5
5 505.548 -275.692 -25.7536 0.5
5 511.768 -97.5217 70.6513 0.5
5 503.332 -189.928 -99.753 0.5
5 531.751 -34.1611 9.78283 0.5
5 517.707 -249.456 40.4571 0.5
5 521.715 -159.01 99.6838 0.5
5 529.235 -98.6491 -91.9153 0.5
5 544.643 -174.709 77.3678 0.5
5 525.152 -244.647 9.62177 0.5
5 555.381 -182.182 -44.7487 0.5
5 504.829 -272.823 37.9679 0.5
5 530.968 -202.286 -74.0103 0.5
5 507.209 -164.069 99.2628 0.5
5 513.848 -88.6483 64.9443 0.5
5 512.367 -217.268 -86.5948 0.5
5 517.652 -58.2288 5.07017 0.5
5 537.117 -218.172 34.7048 0.5
5 521.319 -246.08 33.1925 0.5
5 501.894 -90.4249 31.3149 0.5
5 506.409 -245.117 -73.7429 0.5
5 533.445 -33.8727 -24.8073 0.5
5 520.857 -75.0786 -63.232 0.5
5 505.59 -264.796 -51.3592 0.5
5 537.419 -220.955 -23.9412 0.5
5 502.24 -88.8857 28.3104 0.5
5 508.144 -262.083 48.3887 0.5
5 533.925 -79.9 86.5933 0.5
5 546.126 -184.509 -65.3112 0.5
5 521.64 -102.068 87.1012 0.5
5 526.643 -194.595 85.3761 0.5
5 515.739 -240.556 61.1264 0.5
5 553.487 -0.388334 29.1933 0.5
5 544.359 -20.5094 -40.7186 0.5
5 511.87 -266.885 15.6407 0.5
5 515.119 -261.87 11.1068 0.5
6 563.63 -147.932 83.1974 0.5
6 656.663 -116.351 97.1018 0.5
6 561.768 -187.902 29.8134 0.5
6 599.958 -4.55827 47.6973 0.5
6 563.956 -94.8529 -99.9711 0.5
6 604.223 -191.529 -13.5393 0.5
6 566.226 -9.08226 -55.225 0.5
6 647.514 -180.048 48.2357 0.5
6 626.814 -5.79954 49.9168 0.5
6 605.232 -40.114 -85.2111 0.5
6 591.085 -72.5902 -98.0081 0.5
6 653.585 -115.274 97.3604 0.5
6 617.347 -185.785 -35.8977 0.5
6 625.285 -103.067 -99.4348 0.5
6 571.685 -192.45 -0.0329112 0.5
6 627.673 -176.561 -54.0868 0.5
6 614.129 4.53166 -24.3832 0.5
6 624.487 -142.118 86.7934 0.5
6 584.33 -0.158974 38.5013 0.5
6 586.875 -22.3149 71.2816 0.5
6 602.798 -142.009 86.8555 0.5
6 577.645 -67.7342 96.8975 0.5
6 613.655 -74.4359 98.3641 0.5
6 603.254 -123.066 95.198 0.5
6 618.623 -175.106 56.2848 0.5
6 657.788 -186.027 35.2613 0.5
6 656.065 -189.579 -23.7919 0.5
6 579.443 -93.9279 99.9891 0.5
6 649.881 -97.2489 -99.8848 0.5
6 602.939 -183.952 40.3421 0.5
6 589.621 -185.961 -35.435 0.5
6 570.567 -10.7672 57.6881 0.5
6 646.933 4.46481 24.6475 0.5
6 580.801 -189.126 25.5684 0.5
6 597.03 -40.7556 85.6018 0.5
6 626.231 -155.387 -77.7107 0.5
6 593.179 -136.085 89.9778 0.5
6 603.187 3.67889 -27.5539 0.5
6 615.727 -169.614 -63.6064 0.5
6 650.56 -66.1481 -96.479 0.5
6 629.436 -131.998 91.8476 0.5
6 605.233 -167.388 66.2142 0.5
6 619.183 -73.5912 -98.2056 0.5
6 614.989 3.60253 -27.819 0.5
6 659.735 -30.8158 78.7478 0.5
6 618.97 6.65929 -13.3166 0.5
6 637.979 -170.678 62.2933 0.5
6 569.986 -77.6744 98.9024 0.5
6 602.452 -155.047 77.9851 0.5
6 644.229 -46.7297 88.9362 0.5
6 594.149 -2.39712 -43.4795 0.5
6 584.049 -126.544 94.0086 0.5
6 617.8 -192.391 -3.44009 0.5
6 636.352 -143.317 -86.0963 0.5
6 633.425 -67.628 96.8703 0.5
6 629.028 -145.961 -84.4786 0.5
6 624.143 0.619459 -36.5795 0.5
6 600.074 -163.425 -70.4458 0.5
6 591.056 7.10088 -9.46593 0.5
6 657.469 -138.787 88.6166 0.5
6 608.816 -83.7373 99.6197 0.5
6 606.906 6.26256 -15.9942 0.5
6 612.929 -6.18756 50.5843 0.5
6 616.887 -165.95 -67.8072 0.5
6 641.881 -191.578 13.1804 0.5
6 634.996 -120.608 95.9538 0.5
6 621.667 -161.037 72.7721 0.5
6 599.785 -131.526 92.0493 0.5
6 617.715 -180.758 -46.922 0.5
6 654.69 -7.77099 53.1926 0.5
6 634.643 -92.0123 99.999 0.5
6 634.15 -122.052 95.5183 0.5
6 561.37 -192.064 8.78383 0.5
6 662.403 -59.9863 94.5839 0.5
6 651.172 -163.987 69.8746 0.5
6 590.771 -6.73438 -51.5055 0.5
6 570.287 -125.725 94.3017 0.5
6 628.768 -121.325 95.7404 0.5
6 607.631 -77.8088 -98.9224 0.5
6 654.548 -46.7867 88.9654 0.5
6 653.266 7.08435 -9.63822 0.5
6 661.516 4.8084 -23.2548 0.5
6 663.255 -61.5067 -95.0921 0.5
6 613.26 -192.35 -4.46752 0.5
6 615.987 -150.574 81.3731 0.5
6 621.753 -179.627 -48.9915 0.5
6 651.45 -187.955 29.6449 0.5
6 629.811 -103.271 99.4129 0.5
6 556.6 -102.66 99.4774 0.5
6 561.533 -164.786 -69.0476 0.5
6 583.505 -13.262 -61.0675 0.5
6 655.755 -22.432 71.3965 0.5
6 611.202 7.54987 0.0949289 0.5
6 657.094 -122.484 -95.3831 0.5
6 596.559 -20.2774 -69.2178 0.5
6 595.831 -68.0445 -96.9761 0.5
6 635.698 -47.752 89.4543 0.5
6 601.225 -168.919 -64.4394 0.5
6 647.43 6.4172 -15.0087 0.5
6 653.261 -187.568 -30.8644 0.5
6 664.096 -114.252 -97.5944 0.5
6 662.889 6.96382 -10.8108 0.5
6 561.778 -174.539 57.109 0.5
6 586.347 -176.918 53.5275 0.5
6 621.446 6.41844 -15.0005 0.5
6 659.383 -128.095 93.4317 0.5
6 660.864 4.58152 24.184 0.5
6 625.3 -22.1324 71.1015 0.5
6 634.731 -8.26416 -53.9697 0.5
6 638.723 7.13598 -9.08925 0.5
6 585.028 -160.741 -73.05 0.5
6 626.792 -56.9176 -93.4743 0.5
6 640.648 -192.368 4.04202 0.5
6 625.224 -115.398 -97.3313 0.5
6 604.593 7.47327 3.91436 0.5
6 661.376 7.197 8.39393 0.5
6 563.238 1.37151 34.605 0.5
6 588.189 -190.63 -18.9946 0.5
6 656.985 -9.97395 -56.5481 0.5
6 583.352 -54.1508 -92.3751 0.5
6 568.296 -131.927 -91.8781 0.5
6 557.841 -135.669 -90.1785 0.5
6 579.498 -134.447 90.7538 0.5
6 596.094 -192.447 0.804257 0.5
6 571.297 -3.77941 -46.2332 0.5
6 621.452 5.67855 -19.2554 0.5
6 586.54 -186.734 -33.3248 0.5
6 606.635 -171.68 61.0127 0.5
6 650.612 -23.3275 72.2639 0.5
6 563.256 -19.8688 -68.7892 0.5
6 607.134 -92.6835 -99.9997 0.5
6 603.853 7.45487 -4.35888 0.5
6 639.207 -67.1009 96.7338 0.5
6 557.918 -33.7385 -80.9503 0.5
6 556.548 -186.647 33.5694 0.5
6 627.434 -157.664 -75.8101 0.5
6 561.676 -9.48863 -55.8336 0.5
6 605.046 -172.844 59.4705 0.5
6 634.082 7.30871 -6.94138 0.5
6 629.172 7.03372 10.1475 0.5
6 574.803 -143.033 86.2637 0.5
6 628.858 -163.589 70.2796 0.5
6 572.466 -137.231 -89.4131 0.5
6 622.98 -192.366 -4.09855 0.5
6 619 -184.934 -38.0366 0.5
6 631.513 -26.6508 -75.3024 0.5
6 661.722 -191.584 13.1347 0.5
6 611.294 -187.317 31.6271 0.5
6 604.248 -12.134 59.5763 0.5
6 663.615 -6.95479 51.8705 0.5
6 663.192 -18.4647 -67.2768 0.5
6 619.889 -183.394 -41.5831 0.5
6 563.398 -191.583 -13.1401 0.5
6 633.601 -142.562 -86.5381 0.5
6 591.629 -34.2825 81.3421 0.5
6 659.706 -1.82219 -42.268 0.5
6 607.911 -76.9319 98.7886 0.5
6 621.077 -2.78494 -44.2737 0.5
6 568.837 -23.0312 -71.9793 0.5
6 619.602 -46.1386 -88.6298 0.5
6 569.445 4.4377 -24.7539 0.5
6 598.669 0.318687 -37.3357 0.5
6 665.699 -67.7309 -96.8966 0.5
6 585.453 7.49884 3.19548 0.5
6 579.82 -95.7967 99.944 0.5
6 575.803 -106.461 99.0136 0.5
6 578.482 -107.579 -98.849 0.5
6 660.863 -20.8658 69.8262 0.5
6 637.829 -157.378 76.0554 0.5
6 569.487 -92.0484 99.9992 0.5
6 630.468 -169.3 -63.9851 0.5
6 659.405 -183.332 -41.7196 0.5
6 577.597 -192.297 5.52229 0.5
6 629.253 -73.4506 -98.1785 0.5
6 592.914 -147.509 -83.4775 0.5
6 593.352 -192.087 -8.51053 0.5
6 636.613 2.52032 31.3149 0.5
6 575.978 -56.5815 93.3458 0.5
6 638.079 -10.467 57.2605 0.5
6 610.388 -31.1787 -79.0305 0.5
6 630.087 -179.307 -49.5569 0.5
6 605.623 -19.0664 -67.9326 0.5
6 658.64 -132.87 -91.4669 0.5
6 623.71 -20.6348 -69.5886 0.5
7 635.462 -93.1631 -83.6734 0.5
7 628.523 31.4989 -81.5456 0.5
7 659.101 -45.5849 94.1287 0.5
7 618.866 53.4787 -77.5489 0.5
7 657.964 -123.955 -88.4898 0.5
7 628.221 -86.0089 -79.8877 0.5
7 619.155 -88.6723 61.9297 0.5
7 631.003 -115.57 52.8541 0.5
7 639.006 30.6643 65.9106 0.5
7 627.968 -113.937 46.5288 0.5
7 648.947 -102.94 -91.1267 0.5
7 638.02 31.704 66.6647 0.5
7 622.202 67.7731 -55.465 0.5
7 642.114 -133.497 -54.9121 0.5
7 619.846 56.2071 -73.7248 0.5
7 636.97 27.4711 -72.8679 0.5
7 647.188 -140.129 -58.0628 0.5
7 647.091 -71.622 -99.1412 0.5
7 653.13 8.678 62.9715 0.5
7 615.087 -103.108 0.856313 0.5
7 632.157 -76.8361 89.7221 0.5
7 615.47 74.9066 61.7187 0.5
7 615.802 73.815 -62.3708 0.5
7 663.795 -86.0122 -99.9893 0.5
7 635.109 35.011 -68.5568 0.5
7 629.265 71.8425 -9.87297 0.5
7 619.35 -88.6425 -62.393 0.5
7 657.111 16.1545 39.0658 0.5
7 632.929 -81.2603 -88.1354 0.5
7 649.391 -22.6585 -91.7086 0.5
7 640.74 -145.637 19.4306 0.5
7 619.289 86.4255 25.0392 0.5
7 617.902 -86.3271 -62.1517 0.5
7 645.54 30.977 -49.5946 0.5
7 636.88 -93.984 -84.7212 0.5
7 627.956 4.20034 -95.5182 0.5
7 624.838 -38.5671 98.2614 0.5
7 629.196 -67.0297 91.8764 0.5
7 666.444 -97.5858 99.8475 0.5
7 653.799 -150.57 59.4521 0.5
7 616.823 -58.7054 85.0569 0.5
7 654.397 -167.691 26.2536 0.5
7 617.957 -105.601 -22.1425 0.5
7 640.71 -84.9334 -92.726 0.5
7 661.239 -137.987 -83.5572 0.5
7 654.062 -159.386 -46.0486 0.5
7 638.656 51.5447 29.7306 0.5
7 624.002 4.61497 -97.2794 0.5
7 658.36 19.7654 20.7311 0.5
7 625.216 -82.2275 -78.7966 0.5
7 654.993 -1.57961 -70.7696 0.5
7 637.614 -141.122 -14.1564 0.5
7 664.667 -186.814 -20.7307 0.5
7 623.645 -92.0656 -67.1168 0.5
7 654.984 -6.89471 -75.7186 0.5
7 664.803 -125.355 93.2441 0.5
7 645.834 -64.3712 99.6791 0.5
7 634.23 44.2622 -59.2875 0.5
7 627.645 -4.95915 -97.9993 0.5
7 635.613 46.2899 -52.7534 0.5
7 648.162 11.3897 69.6159 0.5
7 624.431 60.4192 -60.3777 0.5
7 618.504 -87.0368 -62.5685 0.5
7 624.328 80.0845 -12.6068 0.5
7 632.878 65.5406 -10.3075 0.5
7 628.034 62.0305 -48.2925 0.5
7 651.227 -34.7956 95.102 0.5
7 658.1 -41.5382 -93.2665 0.5
7 665.177 -116.193 96.4731 0.5
7 641.338 -38.2222 99.4622 0.5
7 664.278 -110.045 97.61 0.5
7 660.343 -136.418 -83.5689 0.5
7 663.822 -154.599 74.1674 0.5
7 646.466 -134.952 63.2091 0.5
7 653.785 22.9729 -36.4753 0.5
7 664.161 -5.08424 -55.7374 0.5
7 654.441 -10.7519 79.6053 0.5
7 656.599 24.9024 4.1246 0.5
7 641.915 -48.8172 99.9971 0.5
7 661.456 -87.243 99.9271 0.5
7 621.405 59.8721 -67.3408 0.5
7 655.593 -22.9929 -86.4416 0.5
7 633.03 -12.2248 97.5578 0.5
7 625.534 -68.1641 88.2889 0.5
7 653.554 -153.707 54.3068 0.5
7 611.757 76.7129 67.1978 0.5
7 665.683 -2.96778 -47.9069 0.5
7 637.502 -140.617 16.1812 0.5
7 636.508 -44.2277 99.9194 0.5
7 650.691 -86.9439 97.5129 0.5
7 625.389 78.8655 5.98833 0.5
7 664.235 -97.6064 -99.5602 0.5
7 637.428 40.3099 -57.0694 0.5
7 615.398 -101.98 18.1941 0.5
7 627.803 46.1218 70.1592 0.5
7 624.707 16.1168 93.3371 0.5
7 654.429 -84.3966 -99.1325 0.5
7 637.289 -17.4978 97.0602 0.5
7 634.833 -89 85.6063 0.5
7 637.639 30.3358 -68.8663 0.5
7 656.104 -8.2102 -75.1757 0.5
7 611.14 98.8109 30.962 0.5
7 658.654 18.5074 -23.9915 0.5
7 640.655 49.336 25.3552 0.5
7 640.251 -31.2504 98.7999 0.5
7 643.515 -15.8072 93.0841 0.5
7 647.876 -0.539939 -80.473 0.5
7 632.16 -127.655 31.3101 0.5
7 656.233 -29.9871 -89.6068 0.5
7 613.294 59.9688 -80.0189 0.5
7 633.667 -115.149 60.1927 0.5
7 637.752 44.034 50.3464 0.5
7 639.338 -134.948 -43.9339 0.5
7 614.353 -100.98 -13.0933 0.5
7 619.863 -102.19 41.8819 0.5
7 615.002 62.0311 75.9971 0.5
7 648.168 -146.43 -50.996 0.5
7 623.011 -111.114 33.3436 0.5
7 614.409 3.90554 99.8291 0.5
7 637.168 -92.3972 85.9932 0.5
7 624.724 -39.639 98.0131 0.5
7 634.406 -55.7899 -98.1361 0.5
7 650.406 -3.51728 79.4177 0.5
7 654.002 6.35457 -63.9616 0.5
7 646.209 42.3387 11.345 0.5
7 653.497 -41.6584 96.0053 0.5
7 643.79 -68.586 -98.7503 0.5
7 643.662 -24.9899 96.1114 0.5
7 645.269 -9.99866 -89.1059 0.5
7 657.802 -131.139 84.1389 0.5
7 622.056 -17.4775 -99.9737 0.5
7 616.787 -100.546 32.7331 0.5
7 664.027 -119.529 -94.8587 0.5
7 615.097 -87.8588 53.1123 0.5
7 662.653 -80.3059 -99.8652 0.5
7 622.282 -45.5445 -95.4033 0.5
7 640.977 -147.907 3.05998 0.5
7 621.114 -97.9328 -53.6624 0.5
7 630.868 -80.5247 -86.556 0.5
7 634.63 -103.284 -74.8424 0.5
7 644.673 -134.398 -59.9439 0.5
7 612.734 -79.6278 -59.2034 0.5
7 649.415 -155.685 36.4591 0.5
7 652.99 6.6114 65.7179 0.5
7 643.728 -66.6962 99.0183 0.5
7 612.541 15.6089 -98.9708 0.5
7 634.045 -94.3504 81.1733 0.5
7 662.665 -34.5196 -86.0179 0.5
7 662.883 6.57784 38.0605 0.5
7 653.114 5.04332 67.2386 0.5
7 639.791 -40.3011 99.8431 0.5
7 657.418 -137.56 79.1411 0.5
7 635.339 -66.3433 -95.9549 0.5
7 661.639 3.00513 -49.7497 0.5
7 662.003 -110.013 96.6567 0.5
7 651.997 -155.194 47.214 0.5
7 654.487 -166.872 29.6042 0.5
8 627.404 -66.7478 -15.8115 0.5
8 645.407 -34.418 21.7993 0.5
8 637.649 139.824 -43.414 0.5
8 661.007 77.1374 99.1435 0.5
8 660.229 0.979388 47.7359 0.5
8 622.29 -1.26971 96.9759 0.5
8 656.742 99.2676 98.6364 0.5
8 611.817 104.683 7.93314 0.5
8 663.808 4.80492 -43.0826 0.5
8 665.261 -0.910348 -17.398 0.5
8 625.331 51.2073 -97.3656 0.5
8 650.099 15.6444 -83.0781 0.5
8 656.286 180.306 18.4329 0.5
8 636.83 -23.4011 69.684 0.5
8 638.808 -31.2105 55.8402 0.5
8 639.281 31.1679 -97.6836 0.5
8 659.868 187.019 15.4829 0.5
8 615.116 47.3042 -93.0642 0.5
8 653.723 162.309 53.1138 0.5
8 612.553 97.496 -40.9663 0.5
8 638.044 139.092 46.239 0.5
8 665.737 9.27546 45.3734 0.5
8 636.205 114.281 74.1979 0.5
8 659.78 170.279 56.9401 0.5
8 645.995 15.3628 87.2662 0.5
8 627.558 -33.3645 75.4525 0.5
8 627.089 49.3701 -98.3813 0.5
8 632.969 70.9429 -95.6087 0.5
8 659.632 32.7894 83.4989 0.5
8 636.163 -43.2705 -42.6771 0.5
8 639.909 -37.2966 41.5686 0.5
8 636.405 -31.8562 -60.7378 0.5
8 621.02 -6.78709 -96.0797 0.5
8 643.244 -34.319 34.7973 0.5
8 632.921 -32.6324 67.0595 0.5
8 647.248 -26.7994 36.3346 0.5
8 629.45 57.0015 97.6695 0.5
8 666.027 195.659 -25.2235 0.5
8 618.898 91.8273 -66.633 0.5
8 615.504 -74.2681 51.6129 0.5
8 655.514 148.611 -73.388 0.5
8 654.258 -19.9124 -17.7095 0.5
8 626.273 59.2053 95.6514 0.5
8 614.749 -89.915 -1.30285 0.5
8 647.417 45.0942 97.6472 0.5
8 621.678 -54.0618 -64.829 0.5
8 644.585 125.392 -77.1369 0.5
8 639.041 76.0136 97.1113 0.5
8 614.111 99.1277 43.2647 0.5
8 626.998 -16.9783 87.5786 0.5
8 631.881 -59.9437 7.83183 0.5
8 653.949 33.7414 -89.6862 0.5
8 652.964 143.288 -74.2171 0.5
8 626.25 105.672 65.369 0.5
8 664.927 62.4169 -93.8345 0.5
8 655.886 -18.3753 -7.71086 0.5
8 640.24 128.9 66.5143 0.5
8 642.813 102.984 89.6529 0.5
8 635.749 146.449 0.142185 0.5
8 654.165 150.804 -68.9198 0.5
8 665.873 39.5141 -80.6584 0.5
8 651.27 -25.6017 14.5623 0.5
8 613.244 17.3769 -99.508 0.5
8 614.402 103.119 35.084 0.5
8 642.731 -22.7522 -58.2345 0.5
8 665.69 146.099 87.8409 0.5
8 648.213 167.14 13.3571 0.5
8 622.158 116.167 -36.0953 0.5
8 650.215 -26.145 21.5531 0.5
8 642.855 158.756 0.597463 0.5
8 617.893 111.477 -28.1528 0.5
8 643.531 99.0071 92.0479 0.5
8 626.806 89.7461 -80.896 0.5
8 631.427 104.695 -75.3611 0.5
8 648.205 67.1685 99.9963 0.5
8 613.355 -92.3231 1.72878 0.5
8 630.744 -13.6918 85.7358 0.5
8 642.474 -41.8753 -2.34411 0.5
8 643.819 47.8337 99.2039 0.5
8 620.843 -69.2301 -43.8745 0.5
8 664.187 94.6267 -99.9942 0.5
8 632.889 72.1997 -95.1694 0.5
8 625.562 -70.675 10.1902 0.5
8 640.652 113.492 -81.0662 0.5
8 613.803 -36.5206 89.3238 0.5
8 638.951 143.548 40.2257 0.5
8 642.943 -8.38779 -73.9662 0.5
8 646.251 -34.1509 -15.5096 0.5
8 654.333 98.0203 -98.1034 0.5
8 637.369 87.3509 92.4589 0.5
8 663.602 194.018 -11.5834 0.5
8 652.63 -15.8259 40.3156 0.5
8 622.44 47.8302 96.9693 0.5
8 648.215 27.6361 -91.4737 0.5
8 613.472 -79.4615 48.7247 0.5
8 662.543 76.5412 -98.66 0.5
8 633.362 141.782 -10.2973 0.5
8 647.666 54.2194 99.1684 0.5
8 638.613 11.2629 91.5874 0.5
8 651.254 160.022 -49.7989 0.5
8 612.494 105.127 14.4029 0.5
8 624.498 102.958 -64.9975 0.5
8 639.815 151.952 17.473 0.5
8 631.808 120.132 -59.3158 0.5
8 654.208 7.93152 -70.9313 0.5
8 647.506 -8.11179 66.2293 0.5
8 615.044 -20.2905 95.1133 0.5
8 635.782 70.5575 -97.0648 0.5
8 638.367 -9.30857 79.7801 0.5
8 662.705 187.485 33.1445 0.5
8 619.042 -58.5987 64.8623 0.5
8 629.075 125.004 -43.3526 0.5
8 665.974 4.93413 -34.4827 0.5
8 631.508 24.9178 -98.9887 0.5
8 614.298 -58.3858 73.6156 0.5
8 622.941 -75.3449 8.81766 0.5
8 613.479 75.0024 74.1222 0.5
8 618.297 115.763 -9.57013 0.5
8 617.277 98.0369 54.9006 0.5
8 633.396 -8.66334 85.9954 0.5
8 611.933 28.6526 -97.2106 0.5
8 621.319 -15.3373 -92.9857 0.5
8 649.011 70.3198 99.9959 0.5
8 658.855 148.054 78.787 0.5
8 653.056 62.2251 98.9866 0.5
8 619.864 62.4022 90.059 0.5
8 635.732 145.321 14.7786 0.5
8 650.96 165.574 -37.3126 0.5
8 644.07 24.2322 93.0503 0.5
8 651.405 102.574 -95.7001 0.5
8 626.952 74.1952 -90.291 0.5
8 624.439 95.0441 73.1501 0.5
8 634.627 143.967 -10.3765 0.5
8 632.184 139.848 9.22077 0.5
8 646.944 153.835 47.5045 0.5
8 650.982 -1.19331 67.2311 0.5
8 642.52 -21.1499 60.8886 0.5
8 624.209 125.655 -12.6686 0.5
8 640.692 31.0518 -97.0876 0.5
8 644.835 -18.4452 59.1474 0.5
8 642.191 97.2848 91.7915 0.5
8 612.871 57.7755 -86.046 0.5
8 638.621 129.434 62.5648 0.5
8 643.933 -24.3653 52.6962 0.5
8 626.259 60.7418 -95.1614 0.5
8 642.061 156.759 -11.1349 0.5
8 655.48 53.2498 -96.1803 0.5
8 623.232 1.73198 97.3102 0.5
8 642.86 21.7342 92.8909 0.5
8 664.588 192.064 29.1292 0.5
8 657.401 182.308 18.0581 0.5
8 624.194 122.804 26.7031 0.5
8 618.842 28.271 -99.3814 0.5
8 624.218 6.36114 -97.9558 0.5
8 627.039 10.4044 -97.779 0.5
8 655.87 75.0406 99.804 0.5
8 643.499 120.24 -79.7236 0.5
8 662.865 193.109 7.82786 0.5
8 633.326 126.309 54.1695 0.5
8 654.747 42.9815 93.1503 0.5
8 645.794 87.0419 -97.2731 0.5
8 638.028 138.163 47.9264 0.5
8 612.588 -73.6381 -60.038 0.5
8 648.646 19.7061 87.1267 0.5
8 666.419 79.2966 -97.923 0.5
8 617.294 75.4783 -79.2445 0.5
8 624.168 53.4614 -96.2659 0.5
8 628.468 118.325 -53.4958 0.5
8 627.565 21.3497 99.4016 0.5
8 629.972 -52.1492 46.3827 0.5
8 615.072 -53.9896 76.3125 0.5
8 654.73 -16.96 27.005 0.5
8 641.531 143.088 49.9631 0.5
8 655.713 158.558 63.1581 0.5
8 633.589 78.3558 93.4303 0.5
8 621.391 -46.7457 -73.0179 0.5
8 650.732 -19.8267 -38.6548 0.5
9 962.96 4.34997 29.1731 0.5
9 788.541 4.83038 30.7041 0.5
9 763.413 190.155 -43.2666 0.5
9 844.112 36.9015 -77.5795 0.5
9 731.946 101.66 -99.9862 0.5
9 667.481 13.7589 -50.6209 0.5
9 736.683 169.003 72.3783 0.5
9 983.877 156.756 82.3329 0.5
9 837.037 115.98 -98.7149 0.5
9 861.038 135.623 -93.4399 0.5
9 763.802 113.137 -99.1334 0.5
9 992.408 154.816 83.6373 0.5
9 938.568 176.456 -64.4551 0.5
9 683.061 1.70908 -18.4091 0.5
9 717.709 37.1083 77.7472 0.5
9 681.788 67.2487 94.4847 0.5
9 740.243 5.34839 32.2657 0.5
9 793.777 47.3466 -85.0154 0.5
9 728.19 61.3026 92.2091 0.5
9 719.234 13.4203 50.0396 0.5
9 944.55 188.978 45.6392 0.5
9 807.97 75.8645 97.0437 0.5
9 678.221 102.882 -99.9585 0.5
9 677.311 199.996 0.848653 0.5
9 672.309 126.08 96.5392 0.5
9 700.474 193.423 35.6666 0.5
9 855.433 0.978681 13.9563 0.5
9 987.072 190.765 41.9732 0.5
9 696.285 95.063 99.8781 0.5
9 992.346 74.9296 -96.8064 0.5
9 971.892 15.9637 54.2024 0.5
9 928.119 83.1268 -98.5662 0.5
9 979.358 165.257 -75.773 0.5
9 930.663 39.4571 -79.59 0.5
9 762.94 103.169 99.9498 0.5
9 858.981 184.932 52.7884 0.5
9 931.566 173.995 -67.2658 0.5
9 678.241 154.507 -83.8393 0.5
9 750.66 153.878 -84.2445 0.5
9 867.728 190.933 -41.6066 0.5
9 977.845 175.324 -65.7746 0.5
9 724.347 68.0567 -94.7609 0.5
9 829.396 191.28 -40.84 0.5
9 902.776 154.522 83.8296 0.5
9 939.452 197.824 -20.7465 0.5
9 851.992 182.897 55.9297 0.5
9 714.203 199.104 -13.3585 0.5
9 734.15 70.5573 -95.5674 0.5
9 897.665 149.446 -86.9199 0.5
9 994.455 189.911 43.7725 0.5
9 855.932 39.8128 -79.8593 0.5
9 950.668 170.729 70.6928 0.5
9 687.165 29.5726 -70.9928 0.5
9 922.912 5.03411 31.3286 0.5
9 758.22 82.4574 -98.4493 0.5
9 948.711 125.175 -96.7793 0.5
9 927.977 149.954 86.6289 0.5
9 933.849 38.514 -78.8636 0.5
9 926.664 130.364 95.2786 0.5
9 786.786 9.70913 -42.9832 0.5
9 683.871 44.9044 -83.4534 0.5
9 800.278 23.0804 63.9013 0.5
9 905.945 5.60585 33.0113 0.5
9 825.527 4.39767 29.3291 0.5
9 853.553 189.619 44.3665 0.5
9 666.824 0.316316 7.94753 0.5
9 932.955 0.720848 -11.9854 0.5
9 922.508 90.3706 99.5353 0.5
9 998.521 97.5284 99.9695 0.5
9 799.896 4.94843 31.0676 0.5
9 935.162 13.3772 49.9649 0.5
9 915.809 65.3403 93.8014 0.5
9 933.606 40.2655 -80.1984 0.5
9 922.106 107.819 99.6939 0.5
9 990.815 3.23977 25.2479 0.5
9 886.883 18.9877 58.6261 0.5
9 687.752 199.301 -11.8036 0.5
9 989.162 167.54 73.7456 0.5
9 780.288 171.254 -70.1635 0.5
9 935.542 156.329 82.6261 0.5
9 769.441 113.082 -99.1406 0.5
9 993.02 174.402 66.8152 0.5
9 938.881 5.08471 31.4815 0.5
9 703.975 151.323 -85.825 0.5
9 667.674 67.2355 -94.4801 0.5
9 774.119 11.2352 -46.0523 0.5
9 747.319 134.435 93.8841 0.5
9 968.16 24.3764 65.4299 0.5
9 845.303 199.431 -10.6558 0.5
9 734.47 138.319 92.3671 0.5
9 724.737 115.931 -98.7228 0.5
9 930.366 42.087 -81.5235 0.5
9 780.795 191.907 -39.4087 0.5
9 822.891 123.38 97.2286 0.5
9 947.168 172.77 -68.589 0.5
9 772.866 55.8242 89.7134 0.5
9 855.303 76.8663 -97.2874 0.5
9 912.799 63.8702 93.245 0.5
9 733.571 161.448 78.8935 0.5
9 741.758 166.232 -74.9222 0.5
9 955.502 159.904 80.0718 0.5
9 901.047 195.876 28.4223 0.5
9 722.712 133.452 -94.2387 0.5
9 917.425 199.986 -1.65836 0.5
9 981.557 199.916 4.09716 0.5
9 695.687 145.065 89.2703 0.5
9 966.118 183.122 -55.5949 0.5
9 692.843 119.986 97.9825 0.5
9 711.27 134.194 -93.9722 0.5
9 802.165 1.16691 -15.2322 0.5
9 719.733 136.653 -93.0407 0.5
9 685.27 51.3351 87.3598 0.5
9 712.036 16.0138 -54.28 0.5
9 688.914 6.13515 -34.4875 0.5
9 738.566 39.9404 -79.9553 0.5
9 872.28 1.46155 -17.0345 0.5
9 693.515 27.7354 -69.1218 0.5
9 871.939 198.252 -18.615 0.5
9 796.663 39.5231 79.6401 0.5
9 736.609 112.855 -99.1703 0.5
9 973.966 63.7801 93.2101 0.5
9 767.441 1.86555 -19.2258 0.5
9 796.458 149.515 86.8808 0.5
9 668.982 16.3702 54.8275 0.5
9 952.02 93.9664 99.8178 0.5
9 799.549 195.354 30.1263 0.5
9 998.915 10.4534 44.5129 0.5
9 849.662 50.0165 86.6121 0.5
9 967.578 114.263 98.9776 0.5
9 797.754 2.19556 -20.8397 0.5
9 687.052 96.4599 99.9373 0.5
9 947.511 2.39401 -21.7502 0.5
9 943.175 83.0404 -98.5514 0.5
9 946.558 155.457 -83.2138 0.5
9 768.239 73.5712 -96.4444 0.5
9 868.999 84.5742 98.8031 0.5
9 698.724 143.4 -90.0911 0.5
9 740.57 9.74982 -43.0686 0.5
9 940.797 3.70221 26.958 0.5
9 891.707 175.892 65.1181 0.5
9 851.797 96.6851 -99.945 0.5
9 947.891 148.729 -87.3238 0.5
9 811.494 94.5725 -99.8526 0.5
9 806.292 0.409163 9.03688 0.5
9 677.117 0.180968 -6.01339 0.5
9 973.007 48.5649 -85.758 0.5
9 700.248 57.6103 90.571 0.5
9 870.491 182.364 -56.7107 0.5
9 706.577 14.9901 52.6622 0.5
9 915.055 81.2492 98.2263 0.5
9 877.743 120.116 -97.9559 0.5
9 768.47 15.5565 -53.5658 0.5
9 730.556 177.593 -63.0822 0.5
9 678.224 50.5773 -86.9333 0.5
9 966.552 2.60959 -22.696 0.5
9 806.456 192.368 38.3164 0.5
9 846.187 62.1374 92.555 0.5
9 805.679 66.9663 -94.3863 0.5
9 907.923 3.15205 24.9093 0.5
9 870.389 101.241 -99.9923 0.5
9 719.885 181.57 57.8476 0.5
9 925.553 0.0326094 2.55359 0.5
9 831.814 190.338 42.8847 0.5
9 773.853 93.5916 99.7945 0.5
9 875.972 153.384 84.5588 0.5
9 981.67 161.671 -78.719 0.5
9 686.126 182.764 56.126 0.5
9 674.143 155.39 -83.2586 0.5
9 939.919 199.738 7.23828 0.5
9 773.905 15.2401 53.0638 0.5
