0 5.75908 85.0401 1.09592 0.5
0 67.907 114.77 2.61473 0.5
0 107.734 96.5584 14.5998 0.5
0 11.2721 114.977 -0.835773 0.5
0 99.7051 85.8196 -4.89031 0.5
0 12.148 101.828 14.8882 0.5
0 19.7557 85.2245 2.58546 0.5
0 51.4061 95.1128 -14.1815 0.5
0 101.922 92.6191 13.0584 0.5
0 54.5594 106.627 -13.4568 0.5
0 79.8118 108.695 -12.2226 0.5
0 8.74843 85.8057 -4.85006 0.5
0 21.0639 112.853 7.73324 0.5
0 4.67117 109.762 -11.3887 0.5
0 84.854 97.5221 -14.7939 0.5
0 46.0263 93.0872 -13.3121 0.5
0 66.5214 108.269 12.5147 0.5
0 79.0318 91.5995 -12.4271 0.5
0 27.6563 88.7517 9.92348 0.5
0 1.25908 85.0098 0.541601 0.5
0 34.5433 106.704 13.4186 0.5
0 50.4417 88.7133 -9.87984 0.5
0 86.8955 102.49 -14.7919 0.5
0 85.1997 90.2814 -11.4258 0.5
0 60.7813 86.5271 -6.59398 0.5
0 4.23039 86.8989 7.30492 0.5
0 86.0326 102.005 14.8654 0.5
0 110.365 110.373 10.8352 0.5
0 28.8308 109.266 11.7958 0.5
0 24.8009 111.372 -9.78132 0.5
0 69.2283 107.416 -13.0384 0.5
0 54.7172 110.216 10.9835 0.5
0 33.3567 98.9268 14.9616 0.5
0 10.424 91.9667 -12.6675 0.5
0 102.214 109.032 -11.976 0.5
0 17.2006 110.836 -10.3716 0.5
0 89.1153 85.0444 1.15376 0.5
0 27.0121 108.198 -12.5613 0.5
0 77.5594 86.4136 -6.35676 0.5
0 34.5496 111.801 9.26 0.5
0 65.2688 87.7899 8.71285 0.5
0 39.6269 113.944 -5.52778 0.5
0 0.0685722 113.981 -5.43427 0.5
0 94.6151 114.17 -4.92072 0.5
0 62.5174 97.3423 -14.7627 0.5
0 19.0991 110.46 10.7508 0.5
0 92.0189 86.8933 -7.29485 0.5
0 37.9218 85.2333 2.63551 0.5
0 45.6257 85.8829 5.07032 0.5
0 109.432 102.841 14.7286 0.5
0 14.9579 85.6743 4.44675 0.5
0 89.4579 87.7444 -8.64872 0.5
0 23.5892 85.1224 -1.91224 0.5
0 43.4067 107.637 -12.9102 0.5
0 1.7371 112.138 8.81268 0.5
0 16.6039 114.65 -3.22015 0.5
0 77.7725 85.0116 -0.5898 0.5
0 77.8604 85.2603 -2.78235 0.5
0 76.9876 113.585 -6.35967 0.5
0 3.94863 89.6833 -10.8888 0.5
0 97.6814 87.7019 8.58813 0.5
0 0.0158043 89.6995 -10.9041 0.5
0 33.1367 112.661 -8.0436 0.5
0 93.3394 87.8872 8.84755 0.5
0 24.0108 85.9079 -5.13945 0.5
0 110.304 100.203 -14.9986 0.5
0 30.9655 109.777 -11.3759 0.5
0 80.7307 113.119 7.27323 0.5
0 67.8807 104.512 -14.3053 0.5
0 47.2487 87.7158 8.60803 0.5
0 57.1828 109.723 -11.4219 0.5
0 92.8031 85.3966 -3.42628 0.5
0 30.6769 104.098 -14.4293 0.5
0 51.7278 109.008 11.9942 0.5
0 12.679 85.2096 -2.49856 0.5
0 89.5532 97.4713 14.7853 0.5
0 47.1782 101.468 14.928 0.5
0 31.6774 96.1386 -14.4945 0.5
0 73.9503 114.349 -4.37185 0.5
0 56.2269 105.797 -13.8344 0.5
0 91.9941 88.9541 -10.1483 0.5
0 48.8856 112.239 -8.67192 0.5
0 0.297903 85.723 4.60089 0.5
0 58.2304 87.6988 8.58369 0.5
0 11.6683 109.127 11.9038 0.5
0 43.8294 111.868 9.17394 0.5
0 73.3924 114.992 0.486915 0.5
0 76.9651 109.332 -11.7436 0.5
0 36.7158 113.816 -5.84063 0.5
0 90.9168 110.672 -10.541 0.5
0 5.74536 110.408 -10.8013 0.5
0 58.9975 85.2207 -2.56358 0.5
0 100.456 92.2078 -12.8173 0.5
0 31.9521 97.1314 -14.7232 0.5
0 80.2054 98.0403 14.8714 0.5
0 93.3097 113.876 -5.69596 0.5
0 69.8502 88.5156 9.64923 0.5
0 106.045 95.7893 14.3969 0.5
0 69.033 92.7936 13.1555 0.5
0 45.3809 111.764 9.30677 0.5
0 10.2463 87.8275 8.7653 0.5
0 66.2072 114.175 -4.90533 0.5
0 8.64062 90.2897 -11.4328 0.5
0 109.929 88.2391 -9.31034 0.5
0 99.1871 103.726 14.5298 0.5
0 58.2946 111.642 9.45797 0.5
0 27.7922 112.588 8.15673 0.5
0 85.0266 94.0549 13.7716 0.5
0 68.2342 89.9538 -11.1389 0.5
0 102.091 88.966 -10.1613 0.5
0 24.8716 88.4941 9.6236 0.5
0 106.257 88.5447 -9.68381 0.5
0 89.402 93.2002 -13.3702 0.5
0 67.0419 90.5324 11.6346 0.5
0 19.6176 94.6008 13.9946 0.5
0 90.0662 86.3261 6.16632 0.5
0 34.1583 85.8787 -5.05842 0.5
0 4.08831 91.7792 12.5467 0.5
0 85.1382 88.651 9.80816 0.5
0 73.0561 112.117 -8.8418 0.5
0 87.8385 85.7526 4.6917 0.5
0 66.8392 109.288 11.7785 0.5
0 70.3211 99.4395 -14.9895 0.5
0 34.5447 96.5459 -14.5969 0.5
0 4.14085 99.4927 -14.9914 0.5
0 24.4844 85.1361 2.016 0.5
0 85.9348 89.0975 10.3022 0.5
0 90.7396 100.56 14.9895 0.5
0 104.955 99.1476 14.9758 0.5
0 84.3286 114.979 0.784744 0.5
0 102.913 110.013 -11.1684 0.5
0 105.873 86.4475 -6.42892 0.5
0 98.4721 97.2113 14.7385 0.5
0 4.45072 85.9918 5.36374 0.5
0 92.4661 99.0013 -14.9667 0.5
0 90.6513 92.7499 -13.1315 0.5
0 43.8831 86.0764 5.57967 0.5
0 88.7961 100.983 -14.9678 0.5
0 8.55373 113.705 -6.09611 0.5
0 71.365 111.288 9.87779 0.5
0 110.244 94.4227 13.9246 0.5
0 6.5787 92.5039 12.9926 0.5
0 49.1645 85.0201 -0.776169 0.5
0 52.4465 85.4313 3.57104 0.5
0 14.4317 105.597 13.9168 0.5
0 102.499 87.1328 7.70939 0.5
0 102.48 105.477 13.9641 0.5
0 42.9331 86.621 6.78252 0.5
0 11.3104 85.4437 -3.62143 0.5
0 61.7487 107.314 13.0961 0.5
0 84.2363 106.298 13.6137 0.5
0 33.2649 107.171 13.1751 0.5
0 109.167 114.996 -0.352936 0.5
0 40.8275 105.967 13.7619 0.5
0 63.3045 87.9441 8.92497 0.5
0 66.6032 114.58 -3.52468 0.5
0 105.924 85.3112 3.03968 0.5
0 52.4532 100.638 14.9864 0.5
0 76.6744 88.2027 9.26409 0.5
0 74.7779 114.804 -2.41451 0.5
0 60.1374 114.911 -1.63152 0.5
0 60.2143 97.4712 14.7853 0.5
0 57.6283 114.789 2.50721 0.5
0 6.32878 96.7897 14.6524 0.5
0 27.3393 101.073 14.9616 0.5
0 50.6148 110.666 -10.5468 0.5
0 92.172 89.3469 10.5599 0.5
0 60.3812 87.1169 -7.68275 0.5
0 108.362 113.753 -5.98855 0.5
0 10.3222 104.047 -14.4437 0.5
0 63.83 85.2949 2.9597 0.5
0 97.9419 107.02 13.2558 0.5
0 53.5176 85.1167 -1.86769 0.5
0 64.0556 112.37 -8.48482 0.5
0 102.83 114.083 5.16523 0.5
0 6.86567 97.5329 -14.7957 0.5
0 17.0955 85.0241 0.850717 0.5
0 13.2076 112.133 8.82017 0.5
0 39.9979 88.7533 -9.9253 0.5
0 19.3455 114.587 3.49425 0.5
0 7.22178 85.1922 -2.39351 0.5
0 66.5718 85.6091 4.23106 0.5
0 54.7814 88.7755 9.95041 0.5
0 64.3364 92.7466 13.1297 0.5
0 17.489 92.7862 -13.1515 0.5
0 101.169 86.3269 6.16816 0.5
0 19.2342 88.1984 9.25868 0.5
0 28.2179 91.8743 12.6084 0.5
0 106.146 114.331 -4.43072 0.5
0 15.9761 89.8307 -11.0266 0.5
0 104.649 97.201 14.7365 0.5
0 97.7688 85.0106 0.563687 0.5
0 99.11 86.7479 -7.02722 0.5
0 0.0136396 107.698 12.8741 0.5
0 8.90371 92.9489 -13.2394 0.5
1 128.333 55.723 -4.03387 0.5
1 140.501 42.7712 13.6014 0.5
1 130.131 58.2413 12.1365 0.5
1 142.751 35.3431 -11.3083 0.5
1 123.251 64.5794 -4.21996 0.5
1 153.664 41.0536 -2.69149 0.5
1 111.579 84.205 0.681826 0.5
1 152.233 20.554 12.5472 0.5
1 121.11 97.4904 -2.38428 0.5
1 157.471 23.0614 -14.6192 0.5
1 113.587 98.0471 14.8171 0.5
1 148.223 45.7643 11.1414 0.5
1 114.696 78.8653 1.48581 0.5
1 111.643 84.1434 -1.39341 0.5
1 118.941 72.7122 6.04986 0.5
1 144.209 49.8684 13.1618 0.5
1 163.251 20.1597 10.7422 0.5
1 128.836 55.774 -6.48443 0.5
1 155.72 8.28185 4.01409 0.5
1 158.125 32.8525 4.58355 0.5
1 125.045 85.6718 11.3512 0.5
1 137.871 64.462 10.3984 0.5
1 121.197 87.1783 -14.2618 0.5
1 116.878 102.14 -8.8252 0.5
1 122.895 71.8752 -12.8639 0.5
1 155.191 8.65156 -0.00580967 0.5
1 152.333 41.7328 7.25039 0.5
1 147.164 28.5783 -12.0173 0.5
1 130.013 65.0649 -14.8384 0.5
1 161.474 27.0689 -4.52994 0.5
1 146.44 23.8148 0.451394 0.5
1 144.708 56.7925 0.678101 0.5
1 162.827 10.2839 -14.9993 0.5
1 146.646 51.8598 6.72657 0.5
1 140.89 55.0473 13.457 0.5
1 120.368 92.2881 -12.4806 0.5
1 137.486 41.5476 -7.87057 0.5
1 141.786 56.4858 11.5123 0.5
1 140.378 39.7603 11.5681 0.5
1 154.844 38.8568 -3.42125 0.5
1 150.862 27.1631 14.4608 0.5
1 149.928 41.0279 12.5207 0.5
1 142.976 30.2 -3.40162 0.5
1 163.927 15.8733 13.0745 0.5
1 116.876 105.006 -0.50991 0.5
1 141.916 53.5008 -13.3409 0.5
1 113.08 98.6149 -14.8626 0.5
1 154.044 19.2665 -13.5794 0.5
1 131.82 78.5565 -4.11362 0.5
1 120.997 85.1894 -14.8206 0.5
1 127.525 56.904 3.14744 0.5
1 152.364 36.697 -12.5928 0.5
1 159.94 11.5167 -14.4817 0.5
1 149.397 44.785 -10.0908 0.5
1 151.375 43.4576 7.12929 0.5
1 127.66 63.6616 -12.8876 0.5
1 117.387 77.9651 -10.0177 0.5
1 116.896 75.0577 -1.51629 0.5
1 164.319 14.8104 -13.2824 0.5
1 132.871 52.6834 -11.5023 0.5
1 160.484 28.0783 -6.34016 0.5
1 131.167 55.3037 11.218 0.5
1 122.949 64.6479 2.12437 0.5
1 148.291 48.6978 -7.31477 0.5
1 141.535 51.7533 14.3249 0.5
1 140.604 45.0256 -14.4865 0.5
1 128.928 54.3881 2.71116 0.5
1 130.003 71.5075 14.3913 0.5
1 158.334 14.7127 -14.5873 0.5
1 136.795 57.0822 14.9178 0.5
1 127.019 58.0011 4.03931 0.5
1 162.806 -0.935777 -9.75243 0.5
1 155.51 21.1528 -14.8733 0.5
1 156.3 28.3744 -13.4488 0.5
1 122.17 76.038 14.2086 0.5
1 132.56 48.5673 -4.58726 0.5
1 147.363 23.1196 5.14607 0.5
1 114.628 99.2376 14.0214 0.5
1 118.268 72.8585 -2.75172 0.5
1 116.568 77.5567 -7.49907 0.5
1 154.042 20.752 -14.1806 0.5
1 150.805 32.6432 -14.9351 0.5
1 155.3 33.6653 -10.9961 0.5
1 146.843 51.1736 -7.37247 0.5
1 122.341 90.1514 11.5244 0.5
1 123.919 79.4137 -14.9147 0.5
1 166.059 -5.23245 -11.126 0.5
1 146.722 39.6404 14.9418 0.5
1 116.139 102.255 -10.2378 0.5
1 133.662 52.3212 -12.2765 0.5
1 123.745 92.8088 -3.03078 0.5
1 116.918 93.868 14.4773 0.5
1 147.07 22.8375 -1.8946 0.5
1 141.556 43.1361 -14.4195 0.5
1 126.557 88.2344 0.615194 0.5
1 162.382 24.594 -6.74671 0.5
1 128.152 80.9901 10.7059 0.5
1 136.77 65.91 10.8554 0.5
1 157.427 8.08596 9.39571 0.5
1 117.242 80.7371 -12.2593 0.5
1 151.122 25.0717 13.9042 0.5
1 111.287 112.18 -8.31417 0.5
1 132.02 56.2445 12.9668 0.5
1 150.007 26.5733 -13.7224 0.5
1 161.596 24.0921 9.58919 0.5
1 160.858 26.6825 -7.7442 0.5
1 148.153 25.7325 -11.0811 0.5
1 157.665 21.8088 -14.7999 0.5
1 112.74 94.6987 14.7937 0.5
1 156.927 33.1974 -8.21164 0.5
1 160.496 8.61889 13.8147 0.5
1 115.216 82.5515 -10.8679 0.5
1 142.971 33.9385 10.3284 0.5
1 127.199 87.1354 -0.0308882 0.5
1 130.674 77.098 10.217 0.5
1 145.563 50.8637 -10.6775 0.5
1 147.166 39.6058 -14.8587 0.5
1 135.011 50.0727 12.3378 0.5
1 113.454 104.427 12.3696 0.5
1 156.434 15.3549 -13.6843 0.5
1 130.511 81.0292 -3.30778 0.5
1 136.197 67.0695 -10.6921 0.5
1 158.985 10.5124 13.4856 0.5
1 140.376 57.1596 12.7829 0.5
1 136.742 64.6376 -11.9766 0.5
1 118.705 83.459 14.6122 0.5
1 132.349 49.5174 -6.11198 0.5
1 156.343 13.7724 12.7614 0.5
1 120.686 88.2828 14.1888 0.5
1 137.144 68.1609 -7.03056 0.5
1 134.4 57.7523 -14.878 0.5
1 129.561 81.8079 -5.96396 0.5
1 127.787 85.1564 5.27999 0.5
1 129.383 56.3083 8.94067 0.5
1 112.909 111.493 -3.41264 0.5
1 127.104 85.1436 7.74857 0.5
1 142.047 60.0204 -6.3231 0.5
1 149.765 25.1351 12.7417 0.5
1 114.045 109.462 3.67501 0.5
1 146.437 36.6746 -14.8466 0.5
1 149.02 45.8528 9.61509 0.5
1 129.333 76.0005 -12.9542 0.5
1 130.278 53.6801 -7.26872 0.5
1 163.145 -3.22448 7.30712 0.5
1 129.56 62.7641 -14.0394 0.5
1 161.525 16.7352 -14.4417 0.5
1 145.205 55.4139 -3.96351 0.5
1 152.006 27.9554 14.9508 0.5
1 129.648 53.1491 2.763 0.5
1 139.61 61.0464 10.8014 0.5
1 138.189 42.9347 11.0306 0.5
1 141.612 35.9355 -9.93825 0.5
1 119.893 84.6051 14.9989 0.5
1 148.385 47.1472 9.37636 0.5
1 153.945 35.6266 -11.3419 0.5
1 128.346 56.9262 -7.08372 0.5
1 148.49 47.6357 8.47353 0.5
1 119.094 97.8112 9.46397 0.5
1 148.445 21.1783 -4.95721 0.5
1 164.034 -1.72177 -11.1293 0.5
1 120.037 97.1059 8.19044 0.5
1 145.52 54.1737 -5.94504 0.5
1 116.97 82.2605 -12.9375 0.5
1 114.647 105.495 9.48638 0.5
1 119.9 75.8135 12.0277 0.5
1 151.277 42.4632 8.95712 0.5
1 123.608 67.9079 -10.7643 0.5
1 148.771 25.8709 12.0744 0.5
1 151.243 17.8403 -8.06071 0.5
1 133.57 73.7735 -8.02393 0.5
1 130.904 79.7872 -5.20035 0.5
1 154.76 22.7828 -14.9129 0.5
1 116.761 101.679 9.67178 0.5
1 126.024 88.6824 3.79358 0.5
1 160.986 18.6035 -14.1462 0.5
1 138.27 38.13 -2.25853 0.5
1 125.857 83.7378 11.7864 0.5
1 131.36 51.6801 -7.03375 0.5
1 162.992 22.7586 -8.10814 0.5
1 114.313 79.9342 3.7615 0.5
1 160.603 28.691 4.15126 0.5
1 153.218 17.7878 11.7843 0.5
1 159.807 1.70172 -5.50292 0.5
1 159.19 6.01409 10.5015 0.5
1 162.039 1.87607 11.2563 0.5
1 125.906 70.3224 -14.4426 0.5
1 154.456 38.6713 6.00296 0.5
1 163.831 -6.31044 -0.287732 0.5
1 121.034 84.5518 14.899 0.5
1 160.34 6.95097 12.8237 0.5
1 138.282 46.5977 13.5936 0.5
1 158.803 19.4161 -14.8633 0.5
1 125.495 81.4726 -13.5725 0.5
1 148.32 47.7653 -8.7081 0.5
1 154.089 14.5351 -10.1708 0.5
2 209.521 84.6238 -13.4586 0.5
2 179.115 27.2439 -14.8783 0.5
2 208.495 85.3795 -11.8811 0.5
2 190.927 30.8205 -0.8644 0.5
2 217.002 96.6403 -13.8823 0.5
2 211.223 72.4657 12.3708 0.5
2 193.762 60.3737 -11.4689 0.5
2 179.776 25.5803 -14.9729 0.5
2 169.04 16.4607 -12.3071 0.5
2 169.054 13.3948 -13.9615 0.5
2 166.782 15.8013 9.22641 0.5
2 182.682 16.5154 -0.189596 0.5
2 220.99 92.7899 14.1154 0.5
2 222.139 95.57 14.3747 0.5
2 176.608 29.0794 12.6347 0.5
2 209.725 77.0669 -14.9447 0.5
2 199.981 52.769 -12.2132 0.5
2 179.114 24.2275 14.9591 0.5
2 207.255 85.2803 9.97239 0.5
2 169.71 5.63905 -14.6081 0.5
2 218.692 85.0273 12.1046 0.5
2 216.995 91.774 -14.9772 0.5
2 195.157 53.2885 14.9991 0.5
2 193.351 38.1308 -9.17936 0.5
2 206.015 60.4361 9.64074 0.5
2 180.074 14.2531 7.91189 0.5
2 204.505 64.7599 14.2925 0.5
2 179.274 23.4189 -14.839 0.5
2 200.919 56.8155 -13.6194 0.5
2 211.776 67.5347 4.29301 0.5
2 212.283 87.7887 -14.1408 0.5
2 220.825 83.8734 -6.09502 0.5
2 201.284 70.2666 13.5026 0.5
2 210.99 93.705 7.19812 0.5
2 168.854 21.4789 5.60205 0.5
2 206.38 65.9981 -13.4879 0.5
2 196.055 52.1099 -14.7787 0.5
2 188.502 56.5944 0.00224471 0.5
2 220.011 109.056 7.67633 0.5
2 202.416 80.3098 3.37854 0.5
2 209.095 91.8279 3.58566 0.5
2 169.508 18.8421 11.0484 0.5
2 174.907 8.7216 11.7489 0.5
2 192.879 59.7984 10.5904 0.5
2 180.223 20.4276 13.3563 0.5
2 218.665 97.3435 14.5849 0.5
2 189.789 30.0659 -5.97555 0.5
2 176.906 16.2395 -14.0433 0.5
2 210.22 80.1402 14.9713 0.5
2 215.458 103.242 1.11168 0.5
2 175.352 31.9835 7.19031 0.5
2 173.72 1.84204 -4.97658 0.5
2 210.97 71.071 -11.6574 0.5
2 192.112 59.1079 9.90929 0.5
2 189.405 28.256 1.70683 0.5
2 180.436 19.9276 -12.8749 0.5
2 183.911 40.3281 -13.4282 0.5
2 198.573 73.1168 5.17691 0.5
2 200.666 65.4005 14.7481 0.5
2 218.607 87.4847 -13.6345 0.5
2 180.948 28.0481 14.9929 0.5
2 199.182 45.1577 1.3948 0.5
2 180.108 32.7036 -13.8965 0.5
2 170.223 -0.621739 10.6562 0.5
2 170.733 24.944 5.04538 0.5
2 182.766 25.0746 -13.4771 0.5
2 207.48 78.0261 14.5713 0.5
2 202.741 68.0646 -14.8908 0.5
2 212.094 69.9056 8.2142 0.5
2 197.125 69.3164 -7.84271 0.5
2 220.412 111.689 2.2907 0.5
2 204.709 63.4132 -13.6344 0.5
2 197.957 72.9706 0.107928 0.5
2 189.825 58.1262 4.71479 0.5
2 167.664 0.278126 14.0608 0.5
2 181.704 34.3992 14.2841 0.5
2 189.587 30.9762 -8.29499 0.5
2 194.171 49.3498 -14.8573 0.5
2 201.791 75.8219 9.96778 0.5
2 168.658 13.1249 13.7902 0.5
2 191.589 61.909 1.00065 0.5
2 210.245 94.1493 1.78208 0.5
2 221.395 112.708 5.00116 0.5
2 212.671 97.6684 -4.79978 0.5
2 178.072 10.1101 -6.70067 0.5
2 208.72 80.4632 14.4976 0.5
2 217.696 94.9318 -14.7417 0.5
2 186.142 28.8424 12.2439 0.5
2 174.73 24.7478 13.2628 0.5
2 192.634 40.2992 12.3918 0.5
2 178.833 10.9583 5.66538 0.5
2 197.493 67.9125 10.466 0.5
2 170.346 20.0266 11.2876 0.5
2 190.192 37.539 13.2758 0.5
2 216.151 86.3734 -14.6738 0.5
2 205.987 57.4428 4.07384 0.5
2 190.623 47.283 -14.864 0.5
2 180.677 21.955 -13.7097 0.5
2 170.272 -4.97286 -0.46748 0.5
2 179.012 35.1364 -11.2001 0.5
2 188.938 27.3726 -0.835705 0.5
2 207.378 60.6653 -6.27504 0.5
2 181.417 44.2238 -1.72805 0.5
2 172.364 17.7576 -14.4246 0.5
2 167.497 -8.74217 5.49956 0.5
2 178.814 38.9182 -5.10648 0.5
2 191.968 60.5764 -7.51965 0.5
2 167.801 -3.39143 -11.9004 0.5
2 195.132 47.3701 -13.8713 0.5
2 177.081 7.37211 -4.05955 0.5
2 218.781 80.1183 -5.58565 0.5
2 205.337 59.6397 -10.0731 0.5
2 201.946 66.077 -14.9522 0.5
2 169.569 2.602 -13.6584 0.5
2 193.988 41.4741 -11.5063 0.5
2 201.087 55.7264 -12.8925 0.5
2 213.115 69.666 -3.60859 0.5
2 180.466 16.0871 9.52352 0.5
2 206.416 87.2742 3.21548 0.5
2 207.783 71.0242 14.4662 0.5
2 206.955 87.7041 4.98454 0.5
2 213.012 70.8667 7.15925 0.5
2 198.239 57.6509 -14.9782 0.5
2 178.075 38.5088 -0.876315 0.5
2 167.68 -1.61632 13.1887 0.5
2 213.14 70.0343 4.72958 0.5
2 215.631 73.6547 -1.4575 0.5
2 211.737 84.541 -14.7548 0.5
2 191.601 48.0169 -14.9629 0.5
2 198.196 73.2279 -2.16616 0.5
2 170.088 -3.97444 6.16192 0.5
2 170.459 -4.5509 1.78049 0.5
2 174.516 7.99942 -11.7132 0.5
2 184.728 20.2776 2.56137 0.5
2 202.023 79.5192 -3.81811 0.5
2 215.634 89.9452 -14.9386 0.5
2 186.666 33.125 14.0361 0.5
2 214.018 93.5758 -12.8206 0.5
2 221.047 91.4589 13.5157 0.5
2 176.507 32.0262 9.96931 0.5
2 199.239 56.354 14.5008 0.5
2 205.004 56.3999 5.93175 0.5
2 184.171 24.9171 11.8664 0.5
2 220.898 83.5499 4.96117 0.5
2 210.738 90.8678 -10.4524 0.5
2 194.877 51.0829 14.9193 0.5
2 197.955 64.331 13.5835 0.5
2 215.518 82.4388 13.77 0.5
2 177.477 7.66741 -2.24309 0.5
2 185.602 42.0403 13.9674 0.5
2 218.034 102.276 11.5838 0.5
2 183.894 42.3932 -12.162 0.5
2 185.193 48.8882 7.44142 0.5
2 216.522 79.439 -10.5245 0.5
2 206.737 88.167 0.613061 0.5
2 211.932 76.1673 -13.7436 0.5
2 213.452 90.0263 14.0635 0.5
2 194.722 37.3837 -0.686831 0.5
2 203.434 55.6361 9.23191 0.5
2 170.163 4.50774 14.0236 0.5
2 216.984 100.038 11.9168 0.5
2 210.997 65.6722 -1.8561 0.5
2 186.036 50.1181 7.82982 0.5
2 217.288 80.4657 10.2112 0.5
2 183.26 31.0591 14.9292 0.5
2 185.871 51.9715 -1.41581 0.5
2 212.077 72.2393 -11.0094 0.5
2 220.628 84.4312 -7.80913 0.5
2 221.148 99.5591 14.9326 0.5
2 183.899 21.9534 9.42495 0.5
2 205.628 82.6758 9.72744 0.5
2 211.918 79.095 14.685 0.5
2 202.222 79.3352 5.44486 0.5
2 218.96 82.1065 -8.66618 0.5
2 191.794 35.4845 9.24581 0.5
2 204.891 84.8315 2.11418 0.5
2 205.882 62.1917 -11.6037 0.5
2 219.941 110.401 4.36145 0.5
2 209.507 84.1104 13.6888 0.5
2 211.914 78.0284 14.4237 0.5
2 173.737 7.56687 12.3902 0.5
2 187.864 54.0327 -6.44944 0.5
2 170.447 -0.342088 -10.5488 0.5
2 188.905 55.4168 -7.26348 0.5
2 191.242 52.2199 13.7996 0.5
2 191.263 40.192 13.6655 0.5
2 190.851 57.2725 -9.49877 0.5
2 218.214 107.934 -1.91314 0.5
2 196.968 41.5378 2.88384 0.5
2 175.17 12.357 13.6831 0.5
2 184.172 30.4043 14.539 0.5
2 210.749 94.9113 2.54058 0.5
2 199.611 52.0004 12.1219 0.5
2 198.164 45.688 8.07219 0.5
2 209.07 92.0096 2.5044 0.5
2 180.434 21.7636 13.8092 0.5
2 189.378 28.6047 3.81048 0.5
2 213.121 92.6145 -12.4422 0.5
2 221.747 101.333 14.8442 0.5
2 173.828 24.9223 12.1885 0.5
2 204.178 82.298 6.42914 0.5
2 212.856 78.4349 14.0163 0.5
2 172.916 12.1811 14.8039 0.5
2 168.368 8.21064 14.9259 0.5
2 169.443 17.2496 12.2432 0.5
2 214.451 72.0902 4.02322 0.5
2 206.575 62.4212 -10.7353 0.5
2 204.254 57.6284 -9.9225 0.5
2 189.178 50.5517 12.8209 0.5
2 179.022 29.1595 14.4613 0.5
2 169.984 0.0400193 11.6244 0.5
2 192.018 36.9325 -10.4586 0.5
2 188.292 31.3452 -11.2811 0.5
3 240.82 87.5501 -8.3666 0.5
3 304.218 113.694 6.12054 0.5
3 302.439 111.556 9.5639 0.5
3 239.745 108.326 -12.4773 0.5
3 222.694 113.721 -6.05999 0.5
3 296.802 87.3243 8.02035 0.5
3 253.628 100.427 -14.9939 0.5
3 270.159 111.964 -9.04785 0.5
3 282.857 97.0842 14.7139 0.5
3 257.097 112.523 -8.25607 0.5
3 242.229 102.147 14.8455 0.5
3 331.692 88.8384 -10.0209 0.5
3 249.222 114.02 5.33417 0.5
3 251.574 110.137 11.0562 0.5
3 262.167 94.3479 -13.8944 0.5
3 331.453 101.59 -14.9155 0.5
3 292.482 112.705 7.97356 0.5
3 277.747 114.934 1.40918 0.5
3 257.506 94.1492 -13.8119 0.5
3 286.538 109.73 -11.4164 0.5
3 226.08 86.1374 -5.7297 0.5
3 286.791 86.0082 -5.40642 0.5
3 238.707 85.0467 -1.18245 0.5
3 323.161 93.4737 -13.5059 0.5
3 272.054 109.946 11.2283 0.5
3 232.176 106.307 -13.6097 0.5
3 293.587 102.602 -14.7725 0.5
3 302.386 90.9684 11.9762 0.5
3 283.122 91.1822 12.1345 0.5
3 295.05 111.468 -9.66887 0.5
3 225.222 111.385 -9.76586 0.5
3 310.349 90.0169 -11.1955 0.5
3 296.874 114.313 4.48822 0.5
3 248.001 90.5623 11.6589 0.5
3 267.888 103.139 14.6678 0.5
3 321.186 108.644 -12.2588 0.5
3 259.262 114.803 2.42058 0.5
3 300.06 85.2788 2.87859 0.5
3 250.512 109.673 -11.4646 0.5
3 270.2 95.54 14.3216 0.5
3 323.596 94.3465 13.8938 0.5
3 247.566 87.9553 8.94011 0.5
3 252.538 108.843 -12.1164 0.5
3 302.85 113.936 -5.54964 0.5
3 284.727 114.53 -3.72506 0.5
3 269.9 95.6064 -14.3421 0.5
3 234.562 87.641 -8.50037 0.5
3 250.254 105.116 14.1005 0.5
3 297.711 97.0373 14.7045 0.5
3 301.635 114.997 0.27669 0.5
3 243.599 85.5323 3.96046 0.5
3 255.917 106.779 13.381 0.5
3 246.865 114.335 4.41721 0.5
3 249.534 103.76 14.521 0.5
3 320.068 113.507 6.52447 0.5
3 237.349 110.164 -11.0317 0.5
3 303.405 85.6461 4.35496 0.5
3 313.192 89.3886 -10.6018 0.5
3 278.708 109.276 -11.7882 0.5
3 290.318 93.3469 -13.4438 0.5
3 283.358 108.095 12.628 0.5
3 235.441 85.2662 -2.81325 0.5
3 289.482 92.4449 -12.9584 0.5
3 236.706 86.2315 -5.95219 0.5
3 304.296 103.044 14.6879 0.5
3 272.108 99.8141 14.9988 0.5
3 282.907 87.0483 7.56668 0.5
3 325.07 106.584 -13.4777 0.5
3 268.479 100.764 -14.9805 0.5
3 285.765 114.986 -0.643602 0.5
3 289.957 97.9572 14.8602 0.5
3 332.607 114.424 4.11559 0.5
3 252.858 93.9901 13.7434 0.5
3 300.27 87.9186 8.89049 0.5
3 256.597 113.345 -6.84847 0.5
3 318.872 111.82 -9.2356 0.5
3 301.542 113.965 5.47474 0.5
3 273.867 113.432 -6.67718 0.5
3 302.446 107.967 -12.7093 0.5
3 272.202 85.0505 1.22926 0.5
3 266.862 114.356 4.34935 0.5
3 242.883 106.475 13.5303 0.5
3 286.163 102.232 -14.833 0.5
3 292.744 105.104 14.105 0.5
3 263.56 86.9485 7.39316 0.5
3 262.975 86.168 5.803 0.5
3 253.119 91.3692 -12.2682 0.5
3 246.5 114.883 1.87134 0.5
3 322.354 85.1947 2.40876 0.5
3 312.571 105.698 -13.8758 0.5
3 325.887 91.6965 12.4921 0.5
3 300.889 90.8948 -11.9204 0.5
3 258.386 114.718 2.89628 0.5
3 268.906 108.089 -12.632 0.5
3 285.273 113.866 5.72205 0.5
3 316.676 114.875 -1.93493 0.5
3 300.067 111.887 -9.14874 0.5
3 300.867 111.969 9.04158 0.5
3 313.92 85.0769 1.51726 0.5
3 276.13 98.3453 14.9085 0.5
3 253.79 85.2267 -2.59777 0.5
3 272.946 114.704 2.96421 0.5
3 237.527 114.971 0.939113 0.5
3 330.297 91.0483 -12.0361 0.5
3 323.05 113.438 -6.66406 0.5
3 269.817 112.638 8.07931 0.5
3 246.843 86.535 6.61005 0.5
3 231.936 87.8058 -8.73508 0.5
3 291.564 114.543 3.67472 0.5
3 312.115 89.1695 -10.3778 0.5
3 282.168 110.959 10.2423 0.5
3 303.84 86.3521 -6.22377 0.5
3 255.764 113.826 -5.8185 0.5
3 308.847 85.1786 2.30768 0.5
3 331.821 85.491 -3.8064 0.5
3 299.876 92.0466 12.7179 0.5
3 227.379 90.2988 11.4406 0.5
3 233.253 114.672 -3.11882 0.5
3 258.791 114.208 -4.8089 0.5
3 325.195 114.639 3.26954 0.5
3 261.918 99.0329 14.9688 0.5
3 311.469 114.909 1.64691 0.5
3 288.669 87.2584 -7.91525 0.5
3 284.974 114.178 -4.89682 0.5
3 273.719 110.123 -11.069 0.5
3 244.355 114.853 2.09426 0.5
3 258.88 90.0715 11.2439 0.5
3 304.288 89.7976 10.996 0.5
3 296.654 114.856 2.07549 0.5
3 252.874 113.364 -6.81141 0.5
3 242.951 97.2752 14.7504 0.5
3 308.701 112.113 8.84742 0.5
3 237.694 104.221 -14.3939 0.5
3 247.534 85.021 -0.79392 0.5
3 284.218 85.089 1.63166 0.5
3 229.044 112.228 -8.68794 0.5
3 273.288 101.08 14.9611 0.5
3 265.171 94.3334 13.8885 0.5
3 278.419 113.448 -6.64491 0.5
3 289.006 85.5163 3.90166 0.5
3 280.698 85.4771 3.75318 0.5
3 241.834 85.7451 -4.66879 0.5
3 325.416 90.7532 -11.8109 0.5
3 233.04 92.6658 -13.0847 0.5
3 282.892 114.991 0.519091 0.5
3 292.312 85.0578 -1.315 0.5
3 265.577 114.74 2.77971 0.5
3 239.522 113.991 -5.40948 0.5
3 277.558 110.733 10.4787 0.5
3 254.286 96.7405 -14.6416 0.5
3 304.236 85.3515 3.22835 0.5
3 325.917 94.2618 13.859 0.5
3 292.563 98.41 14.9155 0.5
3 241.553 91.4106 -12.2972 0.5
3 307.012 88.0502 9.06652 0.5
3 286.351 90.301 11.4424 0.5
3 233.391 97.076 14.7123 0.5
3 227.463 106.808 13.3663 0.5
3 296.265 89.0856 -10.2896 0.5
3 317.34 114.999 -0.131917 0.5
3 332.841 96.7453 -14.6426 0.5
3 323.516 85.0088 0.512938 0.5
3 232.921 108.877 -12.0911 0.5
3 269.785 93.2901 -13.4156 0.5
3 300.214 106.896 13.3208 0.5
3 225.677 88.6877 -9.85046 0.5
3 273.245 85.3066 3.01746 0.5
3 311.818 99.4646 -14.9904 0.5
3 315.654 114.166 -4.93295 0.5
3 286.578 113.043 7.40749 0.5
3 237.839 111.6 -9.5095 0.5
3 230.65 107.335 -13.0841 0.5
3 242.264 109.791 11.3635 0.5
3 295.55 114.97 -0.948567 0.5
3 264.352 88.7766 -9.9517 0.5
3 301.609 95.5152 -14.3139 0.5
3 294.785 114.528 -3.73412 0.5
3 230.007 112.989 -7.50277 0.5
3 299.602 89.8709 -11.0635 0.5
3 322.335 87.1032 -7.65985 0.5
3 274.445 113.885 5.67539 0.5
3 265 87.4561 8.22501 0.5
3 223.037 85.2963 2.96664 0.5
3 224.449 114.71 2.93343 0.5
3 311.744 101.375 -14.9369 0.5
3 314.605 87.5307 -8.33764 0.5
3 287.137 112.428 8.39956 0.5
3 256.954 88.6668 9.82642 0.5
3 282.233 109.724 -11.4215 0.5
3 231.534 110.737 -10.4746 0.5
3 319.703 103.385 -14.6132 0.5
3 290.485 113.602 6.32335 0.5
3 312.455 110.21 -10.9892 0.5
4 336.228 89.5793 -13.9916 0.5
4 350.132 55.9922 -1.61818 0.5
4 388.026 5.3708 -14.9997 0.5
4 367.254 54.0814 -7.76498 0.5
4 362.109 48.5701 14.9156 0.5
4 381.237 30.2217 7.13766 0.5
4 359.483 44.2373 -10.7422 0.5
4 347.326 90.5624 -2.4521 0.5
4 347.036 62.9731 6.95011 0.5
4 356.189 45.674 -2.78901 0.5
4 378.082 37.0038 -3.79917 0.5
4 348.151 81.7233 13.0538 0.5
4 367.97 33.0898 -13.3097 0.5
4 374.795 41.6088 -6.69752 0.5
4 386.226 16.5916 -12.5578 0.5
4 355.837 59.1672 14.8848 0.5
4 371.533 21.3569 8.32218 0.5
4 362.724 58.8273 -11.4127 0.5
4 337.206 105.856 8.19442 0.5
4 336.34 109.569 2.57902 0.5
4 381.572 31.3307 -1.87988 0.5
4 386.94 0.353693 13.3717 0.5
4 355.604 76.0693 -3.25014 0.5
4 335.221 89.0461 12.8822 0.5
4 347.706 62.0224 -7.3375 0.5
4 341.538 85.5513 14.9981 0.5
4 380.179 24.6004 -13.8584 0.5
4 371.405 40.2411 -13.6662 0.5
4 341.241 72.1828 -5.06172 0.5
4 365.437 30.4176 -5.44561 0.5
4 345.89 63.292 -1.11409 0.5
4 379.37 11.9943 -12.5153 0.5
4 353.98 50.3374 -5.63284 0.5
4 354.265 77.4835 -6.02045 0.5
4 383.541 6.58927 -13.5434 0.5
4 352.702 70.4749 -14.4505 0.5
4 353.917 54.4697 -11.2877 0.5
4 385.848 -1.05937 11.0892 0.5
4 355.848 53.4684 -12.9696 0.5
4 362.094 63.8721 6.13764 0.5
4 343.367 79.8819 -14.7477 0.5
4 347.986 70.8336 -14.5141 0.5
4 376.392 39.3512 5.56301 0.5
4 334.319 84.4112 5.68226 0.5
4 345.137 94.0088 4.01355 0.5
4 378.141 9.62211 7.87259 0.5
4 368.498 33.1453 13.7702 0.5
4 374.539 39.5774 10.2534 0.5
4 342.467 99.116 1.38088 0.5
4 342.263 83.5088 -14.965 0.5
4 333.347 89.0617 10.2888 0.5
4 368.253 25.2933 4.76162 0.5
4 372.34 32.8715 14.9938 0.5
4 341.266 100.601 4.3966 0.5
4 354.994 73.2401 -10.4542 0.5
4 343.827 88.3101 -13.5252 0.5
4 334.744 104.924 -13.0659 0.5
4 356.241 52.3736 12.72 0.5
4 373.976 44.6038 0.105436 0.5
4 362.755 45.9493 14.6781 0.5
4 348.534 88.6723 0.0228646 0.5
4 383.495 0.888982 -8.68683 0.5
4 383.91 8.48313 -14.4801 0.5
4 375.265 42.0826 2.93405 0.5
4 375.313 20.9959 13.6161 0.5
4 356.011 73.1032 8.46635 0.5
4 375.777 36.945 -10.7524 0.5
4 375.444 30.493 -14.6024 0.5
4 365.865 57.7266 5.19075 0.5
4 385.692 19.0639 11.3979 0.5
4 356.454 65.6438 13.8792 0.5
4 353.751 62.8362 14.8916 0.5
4 333.867 94.7484 14.3622 0.5
4 351.66 82.7524 3.85595 0.5
4 349.319 57.3387 0.890941 0.5
4 379.483 7.20835 7.72408 0.5
4 348.408 87.329 6.66277 0.5
4 361.016 66.0608 5.36297 0.5
4 367.007 33.4885 -12.5682 0.5
4 369.244 23.5805 4.77058 0.5
4 362.533 57.3172 12.7558 0.5
4 360.144 38.5623 0.0230086 0.5
4 338.669 75.9115 2.13221 0.5
4 376.167 33.9768 12.5821 0.5
4 365.085 54.2376 11.8213 0.5
4 382.042 4.40342 9.94338 0.5
4 371.2 23.2141 -9.97959 0.5
4 347.511 88.7498 6.92404 0.5
4 353.005 74.526 12.2913 0.5
4 355.273 76.9986 0.147128 0.5
4 374.075 15.9563 -6.58459 0.5
4 366.632 52.535 10.9883 0.5
4 334.398 83.3804 -2.58077 0.5
4 374.989 42.7102 2.05024 0.5
4 341.071 82.2493 14.3558 0.5
4 360.448 49.0018 14.4472 0.5
4 374.064 35.506 -13.724 0.5
4 366.556 44.6411 14.84 0.5
4 338.993 103.425 -7.07489 0.5
4 357.034 45.0922 -5.74475 0.5
4 356.519 74.653 2.36704 0.5
4 367.889 25.1806 -0.980808 0.5
4 359.584 49.0286 -13.9536 0.5
4 359.667 39.4043 0.67936 0.5
4 385.499 21.4752 9.2229 0.5
4 337.259 93.9466 14.9815 0.5
4 350.067 56.0178 -0.149442 0.5
4 345.579 92.9733 4.88339 0.5
4 388.845 14.8083 -10.2438 0.5
4 336.506 109.288 -2.54351 0.5
4 360.261 68.3401 0.779803 0.5
4 365.804 28.8099 -1.22661 0.5
4 369.682 52.02 0.807709 0.5
4 370.771 25.0401 -11.0751 0.5
4 353.059 77.3912 -9.56247 0.5
4 377.914 16.5791 -13.6561 0.5
4 378.027 8.75135 5.79095 0.5
4 368.293 54.2868 -2.19284 0.5
4 383.433 23.7219 -10.7144 0.5
4 346.492 91.8168 -3.40909 0.5
4 380.103 28.6529 -11.4744 0.5
4 359.446 42.985 9.27779 0.5
4 378.377 35.8437 -5.73084 0.5
4 348.312 60.0008 -5.23769 0.5
4 346.267 62.7227 -1.93052 0.5
4 363.309 35.4403 8.07684 0.5
4 343.322 84.8159 -14.8498 0.5
4 349.411 86.0167 5.72509 0.5
4 366.292 56.3494 -6.67115 0.5
4 342.403 96.5025 -8.71151 0.5
4 383.497 20.4055 13.1082 0.5
4 372.784 17.5182 4.9722 0.5
4 356.195 45.4642 -1.36466 0.5
4 349.905 86.1213 -2.28548 0.5
4 334.218 84.0937 -4.28558 0.5
4 346.373 81.6361 14.3936 0.5
4 359.699 50.8473 14.5893 0.5
4 336.971 96.3131 -14.7706 0.5
4 364.276 45.0148 -14.9354 0.5
4 381.637 28.2444 -9.12028 0.5
4 372.226 20.3226 8.56579 0.5
4 352.275 76.8126 -11.5078 0.5
4 339.773 97.8702 -11.9815 0.5
4 355.701 76.1927 -1.4037 0.5
4 365.407 30.1479 4.53338 0.5
4 366.424 28.49 4.84903 0.5
4 360.354 40.6768 -8.25709 0.5
4 372.845 46.47 -1.67653 0.5
4 352.446 81.8872 -0.52265 0.5
4 353.991 65.2319 14.9659 0.5
4 386.145 5.63087 -14.7178 0.5
4 343.714 74.7839 -13.1391 0.5
4 375.52 25.9954 14.9708 0.5
4 383.264 17.6896 -14.4079 0.5
4 347.215 82.2462 -13.6176 0.5
4 364.783 31.5544 -5.45268 0.5
4 361.279 40.239 -9.79863 0.5
4 369.994 36.7347 -14.9982 0.5
4 363.213 33.5983 -3.22929 0.5
4 370.216 24.328 9.27394 0.5
4 336.469 97.4578 -14.7191 0.5
4 354.758 76.1606 6.99577 0.5
4 345.976 77.4206 -14.9845 0.5
4 352.914 72.3264 13.6401 0.5
4 342.28 97.3587 7.73034 0.5
4 378.528 31.1433 11.6708 0.5
4 339.83 73.9475 2.43823 0.5
4 363.441 33.0101 2.16857 0.5
4 336.827 80.733 7.09589 0.5
4 384.303 24.2171 -8.29326 0.5
4 350.27 71.2821 14.9873 0.5
4 376.124 39.0722 7.14569 0.5
4 375.954 12.1878 -5.4068 0.5
4 356.703 46.975 8.21855 0.5
4 362.689 64.0962 -1.32331 0.5
4 339.726 87.1778 14.8975 0.5
4 369.419 28.9467 12.3236 0.5
4 353.759 69.3515 14.235 0.5
4 372.255 36.1604 -14.5678 0.5
4 357.297 65.6125 13.2032 0.5
4 336.365 108.997 -4.69187 0.5
4 360.115 53.9117 -14.997 0.5
4 383.179 12.7042 14.9692 0.5
4 345.932 63.5878 -3.47934 0.5
4 371.062 21.6069 7.40565 0.5
4 335.803 81.907 5.84188 0.5
4 364.24 48.023 14.9192 0.5
4 334.563 111.776 -5.62321 0.5
4 370.455 30.6444 -14.121 0.5
4 352.399 61.4819 -13.957 0.5
4 343.058 90.9123 -12.8393 0.5
5 371.265 -35.223 -12.3784 0.5
5 343.898 -88.9672 2.34045 0.5
5 359.199 -61.0091 6.82178 0.5
5 355.853 -40.9082 8.23558 0.5
5 380.841 -5.29366 -14.187 0.5
5 386.568 -8.73698 -12.3644 0.5
5 388.104 0.647131 -14.8953 0.5
5 348.895 -51.6004 -5.64953 0.5
5 350.221 -50.866 8.53758 0.5
5 369.003 -15.9947 -3.11165 0.5
5 351.776 -65.2461 14.2315 0.5
5 356.002 -48.7143 -14.3175 0.5
5 341.396 -89.2517 10.4442 0.5
5 351.089 -76.2196 3.75482 0.5
5 355.184 -66.0385 9.7069 0.5
5 366.262 -48.9867 6.3909 0.5
5 365.329 -26.3796 -10.5603 0.5
5 361.157 -54.2244 11.2107 0.5
5 354.657 -69.7638 -4.69031 0.5
5 362.624 -27.6159 5.11286 0.5
5 352.306 -74.1913 3.42995 0.5
5 356.83 -53.1934 -14.9306 0.5
5 343.863 -87.4254 7.09983 0.5
5 369.112 -44.9296 -4.02634 0.5
5 375.491 -4.85158 3.52488 0.5
5 363.432 -32.4072 -12.745 0.5
5 341.496 -93.1565 2.15042 0.5
5 361.971 -30.074 -7.86136 0.5
5 346.937 -73.6115 -14.2368 0.5
5 353.562 -54.5075 14.7159 0.5
5 342.723 -89.4867 6.93542 0.5
5 352.952 -43.905 3.58872 0.5
5 351.738 -75.5438 0.928009 0.5
5 350.174 -49.1509 5.03225 0.5
5 361.149 -29.317 1.15425 0.5
5 378.063 -9.18517 -13.8368 0.5
5 335.996 -101.598 5.97233 0.5
5 361.977 -34.0485 12.1553 0.5
5 348.62 -54.3344 9.46236 0.5
5 355.813 -42.8438 -10.5428 0.5
5 360.589 -46.2068 -14.9689 0.5
5 362.448 -30.5699 -9.68674 0.5
5 336.695 -89.8791 -14.6432 0.5
5 343.306 -61.4544 -6.05835 0.5
5 350.297 -77.6941 -3.32543 0.5
5 381.896 -15.9576 12.9196 0.5
5 346.485 -57.2298 -8.3788 0.5
5 352.462 -56.9277 -14.8084 0.5
5 364.779 -26.4942 9.64125 0.5
5 341.378 -83.7641 14.0519 0.5
5 379.069 0.630152 -5.72631 0.5
5 350.261 -68.8329 -13.8741 0.5
5 356.632 -59.3361 -13.1365 0.5
5 333.552 -93.0402 -14.9686 0.5
5 351.769 -48.8236 -9.39235 0.5
5 343.685 -74.4841 -15 0.5
5 359.142 -47.4333 -14.9967 0.5
5 388.206 -7.59425 11.0111 0.5
5 378.986 -8.59605 -14.2173 0.5
5 377.093 -23.8267 -13.1747 0.5
5 388.259 16.6775 5.40157 0.5
5 385.461 7.11317 11.7885 0.5
5 342.167 -86.1366 -12.0097 0.5
5 384.769 1.42051 14.2174 0.5
5 373.213 -14.877 -12.3597 0.5
5 339.047 -79.5759 14.7015 0.5
5 343.995 -59.0349 1.23801 0.5
5 382.303 6.42023 -5.24697 0.5
5 369.789 -40.4459 10.0456 0.5
5 363.966 -31.4791 -12.7424 0.5
5 378.745 -19.2654 -13.9668 0.5
5 343.736 -59.5609 -1.95915 0.5
5 377.077 -28.4477 9.30675 0.5
5 383.513 -0.876811 -14.258 0.5
5 338.355 -88.0003 14.3861 0.5
5 372.062 -39.3046 5.5541 0.5
5 354.52 -66.4804 -10.4844 0.5
5 349.879 -68.7508 14.1564 0.5
5 340.519 -90.5799 -10.6372 0.5
5 347.18 -58.2233 10.9567 0.5
5 364.521 -24.0271 4.18591 0.5
5 341.814 -83.2027 -13.9782 0.5
5 386.962 -13.7419 -4.89539 0.5
5 376.423 -32.5042 3.04115 0.5
5 338.843 -92.7034 -11.3596 0.5
5 367.943 -41.7717 -11.7946 0.5
5 353.147 -49.2464 -12.0857 0.5
5 337.025 -100.226 4.92003 0.5
5 361.936 -57.0515 -4.99732 0.5
5 343.949 -60.9122 -7.21591 0.5
5 380.304 -13.383 -14.8243 0.5
5 362.837 -26.9096 -4.06756 0.5
5 359.779 -35.5009 -10.0408 0.5
5 382.308 5.57811 -7.12216 0.5
5 357.066 -49.6161 -14.9001 0.5
5 366.874 -19.7129 -3.25082 0.5
5 342.891 -73.6043 -14.8239 0.5
5 372.471 -9.69017 0.93439 0.5
5 352.77 -49.9151 12.0971 0.5
5 368.011 -32.608 14.9984 0.5
5 359.699 -34.0348 -7.90417 0.5
5 356.201 -63.0232 -11.0162 0.5
5 352.977 -73.0085 3.51609 0.5
5 370.391 -30.1956 14.8752 0.5
5 363.471 -46.6955 13.5446 0.5
5 363.544 -26.8703 -7.02586 0.5
5 372.899 -37.215 6.94594 0.5
5 365.526 -22.6687 -5.32669 0.5
5 362.428 -53.4838 9.71611 0.5
5 384.759 -0.334024 -14.6877 0.5
5 338.064 -88.9219 -14.2561 0.5
5 374.842 -12.7381 12.8017 0.5
5 370.66 -42.3842 3.50014 0.5
5 365.36 -39.2658 14.8246 0.5
5 360.23 -55.3365 -11.6307 0.5
5 381.155 -16.377 -13.3924 0.5
5 378.489 -1.2408 7.4886 0.5
5 344.268 -68.275 14.0568 0.5
5 381.715 4.76297 6.71504 0.5
5 357.195 -36.2149 -1.68454 0.5
5 367.737 -37.3069 -14.3261 0.5
5 354.139 -70.8967 3.90081 0.5
5 346.872 -55.0496 5.51181 0.5
5 358.938 -34.8668 7.05861 0.5
5 335.165 -97.506 -12.5415 0.5
5 335.975 -74.7592 -7.28027 0.5
5 386.109 -16.04 -0.0540218 0.5
5 341.155 -64.7044 -4.83705 0.5
5 336.546 -97.1127 -10.9728 0.5
5 351.955 -49.9828 10.985 0.5
5 338.903 -85.2806 -14.794 0.5
5 333.503 -78.5446 6.30437 0.5
5 333.731 -80.1997 9.5559 0.5
5 336.366 -100.805 -6.31325 0.5
5 387.502 -7.50672 12.0899 0.5
5 377.963 -22.665 -12.9808 0.5
5 341.533 -67.7441 -10.7076 0.5
5 339.919 -95.2357 -4.85751 0.5
5 351.279 -68.6971 -13.0876 0.5
5 365.79 -29.0709 13.1797 0.5
5 384.772 11.5168 -1.95278 0.5
5 383.554 6.9143 -8.46972 0.5
5 347.631 -71.4719 14.5146 0.5
5 341.171 -93.8648 -0.539094 0.5
5 357.847 -48.9514 -14.9639 0.5
5 334.113 -84.7708 13.5997 0.5
5 338.747 -76.9054 13.6731 0.5
5 353.577 -45.3857 8.99877 0.5
5 348.87 -60.5542 -14.1475 0.5
5 369.336 -21.4345 12.2501 0.5
5 372.109 -10.3557 -1.42158 0.5
5 384.735 10.1623 6.36665 0.5
5 388.767 -7.66124 -9.94888 0.5
5 342.324 -62.5158 -4.32704 0.5
5 349.125 -74.7752 11.461 0.5
5 353.626 -70.9517 -6.22065 0.5
5 375.234 -34.5409 3.15076 0.5
5 371.346 -16.5472 -11.1238 0.5
5 374.506 -34.0781 -7.58415 0.5
5 336.935 -97.1805 10.232 0.5
5 388.266 17.3119 -3.37428 0.5
5 333.98 -105.343 5.35085 0.5
5 387.652 4.64368 14.6947 0.5
5 347.701 -56.9358 -10.5849 0.5
5 365.946 -50.7329 2.62113 0.5
5 346.456 -68.3733 -14.9393 0.5
5 384.686 -14.0308 -10.6869 0.5
5 380.441 -1.96702 -12.0814 0.5
5 351.149 -63.9789 -14.8089 0.5
5 343.295 -85.8163 -10.5935 0.5
5 383.393 2.94984 -12.2236 0.5
5 387.411 12.7761 9.55821 0.5
5 341.434 -72.3421 -13.7134 0.5
5 374.48 -31.428 10.9545 0.5
5 362.509 -39.7898 14.8486 0.5
5 363.579 -53.147 7.33669 0.5
5 383.3 5.35091 9.91529 0.5
5 346.602 -73.8773 14.3374 0.5
5 337.05 -86.1918 14.9989 0.5
5 342.239 -63.7302 -6.94481 0.5
5 358.012 -42.6275 13.2255 0.5
5 357.846 -38.9821 10.1856 0.5
5 382.03 -18.021 11.2553 0.5
5 368.016 -46.7148 -4.408 0.5
5 363.986 -53.4592 -5.11369 0.5
5 377.495 -1.33199 3.321 0.5
5 333.666 -105.777 -5.63291 0.5
5 377.51 -13.6954 14.8319 0.5
5 333.535 -106.923 -2.30314 0.5
5 362.968 -27.8953 -7.07479 0.5
5 366.325 -49.3035 5.39331 0.5
5 376.503 -12.8797 14.2117 0.5
5 375.276 -26.4219 13.461 0.5
5 340.367 -70.7216 -11.5701 0.5
5 376.81 -29.8007 -8.05274 0.5
6 442.12 -98.7451 13.6152 0.5
6 437.251 -88.8468 -14.5608 0.5
6 338.796 -77.5812 -1.97899 0.5
6 388.602 -104.438 9.01581 0.5
6 420.526 -97.0141 -14.2888 0.5
6 407.418 -98.1572 13.8719 0.5
6 363.3 -80.9319 9.60893 0.5
6 416.422 -77.7676 -3.06975 0.5
6 370.557 -77.8211 -3.31542 0.5
6 342.137 -102.506 11.1302 0.5
6 371.174 -101.735 -11.7809 0.5
6 442.394 -77.7173 -2.81843 0.5
6 393.138 -107.428 0.814847 0.5
6 412.99 -85.6941 -13.3924 0.5
6 345.484 -106.812 -4.32721 0.5
6 372.681 -98.0076 13.9325 0.5
6 412.478 -107.025 -3.54664 0.5
6 387.382 -107.33 1.89818 0.5
6 435.875 -79.4418 7.46885 0.5
6 443.616 -82.4258 11.1586 0.5
6 346.477 -87.8525 -14.278 0.5
6 337.919 -105.662 7.10206 0.5
6 385.4 -82.0902 -10.8477 0.5
6 415.232 -84.9045 -12.9639 0.5
6 365.16 -94.8911 -14.8001 0.5
6 440.63 -94.6278 14.8411 0.5
6 438.513 -93.7622 14.9425 0.5
6 356.292 -89.8497 14.7729 0.5
6 364.271 -84.2352 12.5505 0.5
6 408.31 -84.4166 12.6674 0.5
6 408.7 -83.0267 11.6705 0.5
6 382.233 -94.07 -14.9123 0.5
6 339.216 -78.3723 -5.17848 0.5
6 373.37 -94.5917 -14.8463 0.5
6 428.182 -86.2292 -13.6492 0.5
6 403.991 -99.938 12.9974 0.5
6 381.738 -95.7532 -14.6318 0.5
6 440.601 -82.2505 -10.9986 0.5
6 343.205 -106.664 -4.79187 0.5
6 428.402 -90.3288 -14.8493 0.5
6 403.505 -95.216 14.7428 0.5
6 400.174 -96.7571 -14.3684 0.5
6 387.276 -79.1956 7.02276 0.5
6 435.366 -92.1652 14.9973 0.5
6 361.17 -79.8422 -8.12664 0.5
6 402.405 -80.211 -8.67202 0.5
6 412.022 -107.409 1.11117 0.5
6 353.3 -86.5241 -13.7798 0.5
6 340.757 -85.033 13.0379 0.5
6 383.829 -101.833 -11.7031 0.5
6 371.079 -81.9758 10.7373 0.5
6 350.962 -85.5773 13.3328 0.5
6 355.598 -94.1534 14.903 0.5
6 417.599 -106.469 -5.33635 0.5
6 444 -78.332 -5.06755 0.5
6 391.161 -107.187 2.79496 0.5
6 432.645 -101.651 11.8466 0.5
6 354.181 -106.593 4.99756 0.5
6 426.557 -77.5648 -1.85173 0.5
6 435.25 -101.3 -12.1108 0.5
6 426.956 -85.8644 13.477 0.5
6 350.965 -87.9719 14.3159 0.5
6 357.401 -107.447 0.304803 0.5
6 401.606 -100.58 12.6057 0.5
6 377.343 -101.571 11.9083 0.5
6 435.335 -106.275 -5.81886 0.5
6 343.369 -81.6699 -10.4301 0.5
6 333.776 -99.9903 12.9671 0.5
6 364.292 -102.17 -11.4246 0.5
6 367.55 -100.331 12.7629 0.5
6 355.384 -81.1201 -9.83009 0.5
6 375.542 -83.6368 -12.1378 0.5
6 380.806 -78.0407 4.16761 0.5
6 414.665 -82.2794 -11.0253 0.5
6 439.842 -101.638 11.857 0.5
6 405.763 -86.9711 13.9636 0.5
6 366.682 -103.214 10.4467 0.5
6 342.133 -78.3128 -5.01357 0.5
6 362.03 -94.3112 14.8841 0.5
6 407.736 -105.791 -6.85721 0.5
6 383.78 -78.3291 5.05946 0.5
6 334.901 -83.2277 -11.83 0.5
6 402.438 -94.055 -14.9139 0.5
6 359.33 -77.5541 -1.76336 0.5
6 402.181 -107.199 -2.73324 0.5
6 416.508 -86.9534 13.9566 0.5
6 385.297 -78.6203 -5.8084 0.5
6 385.952 -81.2841 10.016 0.5
6 390.371 -106.43 -5.43623 0.5
6 340.817 -85.0688 -13.0582 0.5
6 390.476 -102.313 -11.3017 0.5
6 366.061 -79.2196 -7.06784 0.5
6 405.009 -102.398 11.2267 0.5
6 373.059 -88.8681 -14.566 0.5
6 376.815 -103.133 -10.5301 0.5
6 381.896 -85.6395 13.3647 0.5
6 420.543 -98.3493 -13.7913 0.5
6 406.081 -77.9202 -3.72573 0.5
6 427.301 -77.535 1.59423 0.5
6 420.035 -88.4476 14.4561 0.5
6 404.494 -91.5847 -14.975 0.5
6 421.218 -83.3879 -11.9531 0.5
6 377.406 -83.7411 12.2129 0.5
6 382.926 -78.2646 -4.8756 0.5
6 361.566 -84.832 12.9215 0.5
6 431.016 -77.6387 2.37153 0.5
6 358.912 -78.4229 -5.31384 0.5
6 438.595 -77.7079 -2.76924 0.5
6 344.367 -81.9447 10.7069 0.5
6 441.221 -77.9526 3.84994 0.5
6 376.254 -104.108 9.43931 0.5
6 387.754 -78.5667 5.67914 0.5
6 434.166 -96.929 -14.3157 0.5
6 361.248 -83.8927 12.3196 0.5
6 431.454 -102.427 11.2012 0.5
6 432.098 -90.2294 -14.8347 0.5
6 426.532 -105.963 6.51195 0.5
6 357.861 -104.541 8.87732 0.5
6 393.64 -107.136 -3.05353 0.5
6 387.716 -97.2303 14.2179 0.5
6 416.587 -98.8231 -13.5788 0.5
6 402.488 -81.5883 10.3451 0.5
6 437.852 -89.5673 14.7204 0.5
6 436.721 -107.449 0.134253 0.5
6 355.259 -84.2564 -12.5644 0.5
6 367.299 -77.4836 1.00162 0.5
6 356.222 -80.65 9.26054 0.5
6 411.047 -80.4776 -9.03652 0.5
6 375.176 -107.447 0.327338 0.5
6 358.32 -82.4015 11.1367 0.5
6 409.391 -81.9768 -10.7383 0.5
6 371.124 -87.7243 -14.2361 0.5
6 437.713 -84.8957 12.9588 0.5
6 403.731 -78.6529 -5.88535 0.5
6 391.514 -102.34 -11.2777 0.5
6 350.108 -79.3538 7.31348 0.5
6 432.557 -91.908 14.9902 0.5
6 407.07 -78.4124 -5.28623 0.5
6 402.741 -100.744 12.4986 0.5
6 346.218 -84.6408 -12.8068 0.5
6 424.712 -107.364 1.60241 0.5
6 349.393 -102.875 10.7851 0.5
6 422.095 -105.969 6.49965 0.5
6 402.005 -106.392 5.53313 0.5
6 344.637 -107.12 3.12799 0.5
6 403.273 -106.538 -5.1497 0.5
6 393.591 -100.867 -12.4158 0.5
6 405.699 -107.16 2.93569 0.5
6 386.918 -82.9216 11.5848 0.5
6 400.233 -78.0054 4.04374 0.5
6 391.187 -100.128 12.8862 0.5
6 380.103 -107.018 3.57452 0.5
6 384.381 -91.1158 -14.9405 0.5
6 354.385 -105.197 -7.90745 0.5
6 430.135 -96.4653 14.4526 0.5
6 335.712 -104.567 8.84161 0.5
6 410.598 -106.842 4.22833 0.5
6 426.058 -101.532 11.9378 0.5
6 361.799 -103.505 -10.1386 0.5
6 385.645 -102.481 -11.1525 0.5
6 400.219 -88.041 14.3374 0.5
6 361.567 -77.8154 -3.29044 0.5
6 348.255 -106.716 4.6363 0.5
6 359.698 -92.9925 -14.9902 0.5
6 333.757 -99.4524 -13.2653 0.5
6 387.143 -84.3011 -12.5934 0.5
6 360.76 -77.9796 -3.95045 0.5
6 337.66 -80.9472 -9.62728 0.5
6 402.712 -106.887 4.07126 0.5
6 387.958 -79.5286 -7.61801 0.5
6 338.785 -78.0816 -4.30657 0.5
6 377.611 -85.8127 -13.4516 0.5
6 402.353 -93.6635 14.9508 0.5
6 350.517 -77.4633 -0.62987 0.5
6 344.027 -77.7276 -2.87208 0.5
7 455.243 -109.231 -14.8764 0.5
7 464.364 -112.117 -2.21677 0.5
7 470.678 -149.05 10.0205 0.5
7 493.507 -168.492 12.0476 0.5
7 489.563 -158.457 8.80999 0.5
7 471.397 -142.59 14.5963 0.5
7 468.334 -138.501 14.2536 0.5
7 499.639 -193.833 13.8405 0.5
7 493.525 -192.091 -3.31092 0.5
7 485.711 -161.456 14.7952 0.5
7 492.38 -190.461 -0.700269 0.5
7 469.904 -125.53 -10.1796 0.5
7 454.745 -100.07 -10.9793 0.5
7 463.501 -115.133 -10.8816 0.5
7 471.758 -144.759 14.1422 0.5
7 499.489 -173.215 3.54956 0.5
7 445.305 -102.793 -12.1096 0.5
7 449.331 -109.882 12.0233 0.5
7 446.856 -108.48 -9.1921 0.5
7 449.9 -99.1717 -14.75 0.5
7 485.698 -149.044 -2.05199 0.5
7 476.984 -137.779 -10.1639 0.5
7 455.142 -122.822 9.20565 0.5
7 482.247 -148.612 -11.758 0.5
7 460.438 -105.236 1.59315 0.5
7 475.208 -144.957 14.9799 0.5
7 499.706 -179.528 -12.263 0.5
7 456.758 -128.745 0.987574 0.5
7 478.106 -139.856 -10.3075 0.5
7 472.767 -154.382 -7.69432 0.5
7 448.904 -98.6294 14.9202 0.5
7 497.574 -175.831 12.26 0.5
7 465.691 -142.182 7.60132 0.5
7 469.769 -121.665 3.22804 0.5
7 477.854 -158.025 12.8677 0.5
7 478.292 -149.194 -14.8815 0.5
7 490.673 -176.528 -14.455 0.5
7 478.621 -151.053 14.9883 0.5
7 494.889 -191.456 -9.46931 0.5
7 487.548 -169.632 14.786 0.5
7 459.766 -133.987 -0.196952 0.5
7 478.018 -145.589 14.1377 0.5
7 485.29 -156.329 -13.3357 0.5
7 484.874 -149.846 -8.09282 0.5
7 450.272 -112.683 -11.0549 0.5
7 457.413 -101.906 -7.47237 0.5
7 456.472 -118.575 -14.0353 0.5
7 446.42 -101.926 13.724 0.5
7 488.83 -181.727 8.44155 0.5
7 451.092 -117.705 -6.01302 0.5
7 471.202 -134.386 -14.3373 0.5
7 480.942 -170.57 1.69113 0.5
7 465.023 -120.446 12.9046 0.5
7 484.461 -162.167 14.9945 0.5
7 477.094 -163.536 3.70625 0.5
7 449.2 -87.4215 -7.00069 0.5
7 447.407 -106.074 -12.3639 0.5
7 483.433 -145.452 -3.7353 0.5
7 448.13 -91.3786 -13.0165 0.5
7 476.679 -160.707 -8.40427 0.5
7 449.323 -94.6191 13.6217 0.5
7 451.748 -102.442 -14.7625 0.5
7 472.038 -130.881 -11.72 0.5
7 494.647 -171.564 -12.7889 0.5
7 469.367 -150.615 0.223728 0.5
7 494.575 -166.337 7.58328 0.5
7 494.791 -175.428 -14.3931 0.5
7 499.839 -198.536 11.0546 0.5
7 471.489 -153.584 4.55385 0.5
7 469.464 -121.086 -2.98387 0.5
7 468.545 -125.307 -12.0845 0.5
7 491.941 -159.972 2.75246 0.5
7 499.016 -197.96 10.2092 0.5
7 497.635 -171.019 6.41434 0.5
7 445.912 -84.6374 -10.8526 0.5
7 456.485 -110.545 -14.7439 0.5
7 463.032 -109.674 0.933774 0.5
7 469.815 -132.094 -14.3705 0.5
7 457.92 -106.621 -11.871 0.5
7 462.5 -108.828 1.77019 0.5
7 490.265 -186.692 -1.90713 0.5
7 454.354 -97.4945 -8.83935 0.5
7 493.178 -162.861 -5.38901 0.5
7 496.734 -189.449 -13.5519 0.5
7 467.255 -117.82 -5.00926 0.5
7 471.261 -131.421 -13.0036 0.5
7 484.358 -150.749 10.3754 0.5
7 477.244 -143.197 -13.7196 0.5
7 483.785 -165.752 -14.0837 0.5
7 486.001 -149.443 -0.688676 0.5
7 445.118 -82.3329 -9.88388 0.5
7 462.777 -136.787 8.16378 0.5
7 462.196 -118.812 14.3446 0.5
7 451.47 -116.932 8.56717 0.5
7 458.702 -130.885 -6.01727 0.5
7 458.093 -131.011 -1.53527 0.5
7 468.221 -147.554 -5.58563 0.5
7 456.175 -99.438 -6.87915 0.5
7 468.375 -129.123 14.2192 0.5
7 482.04 -172.546 -0.807978 0.5
7 488.064 -166.385 -14.9127 0.5
7 498.505 -200.332 -4.69642 0.5
7 448.729 -102.17 -14.8227 0.5
7 478.176 -135.886 -0.567378 0.5
7 455.416 -99.2018 8.65541 0.5
7 456.88 -102.889 -10.0901 0.5
7 474.06 -134.969 -12.1648 0.5
7 467.217 -121.574 10.8861 0.5
7 451.705 -90.9957 -5.30423 0.5
7 445.95 -101.84 -13.3793 0.5
7 467.509 -127.321 -14.1142 0.5
7 491.691 -179.105 -14.2041 0.5
7 498.626 -171.316 0.808569 0.5
7 493.759 -192.626 2.66628 0.5
7 470.757 -123.293 2.82028 0.5
7 463.181 -131.726 13.3587 0.5
7 474.44 -154.433 -11.1538 0.5
7 483.542 -154.127 13.7296 0.5
7 477.439 -164.524 1.49342 0.5
7 499.977 -179.647 12.0089 0.5
7 468.202 -121.113 -8.3124 0.5
7 478.893 -137.296 -2.31301 0.5
7 466.467 -117.526 -7.36367 0.5
7 481.888 -149.798 12.9873 0.5
7 459.944 -128.863 -11.5533 0.5
7 448.177 -111.127 -8.71127 0.5
7 457.656 -100.393 -1.34262 0.5
7 448.69 -89.7152 11.1012 0.5
7 463.468 -119.299 13.7037 0.5
7 468.588 -142.117 12.7823 0.5
7 488.571 -173.431 14.2926 0.5
7 457.505 -104.29 -10.4286 0.5
7 465.332 -127.406 14.9502 0.5
7 445.923 -84.6127 10.8112 0.5
7 446.237 -99.7738 -14.3945 0.5
7 465.595 -133.629 14.2951 0.5
7 473.319 -128.402 -5.22694 0.5
7 449.488 -115.953 -2.63225 0.5
7 499.78 -175.818 8.32559 0.5
7 485.097 -159.076 14.514 0.5
7 456.162 -115.831 -14.6791 0.5
7 475.031 -142.558 -14.7231 0.5
7 458.373 -123.654 -13.2247 0.5
7 487.578 -182.16 -0.128007 0.5
7 485.039 -167.366 -14.276 0.5
7 475.437 -159.557 -6.68735 0.5
7 485.494 -169.555 13.7454 0.5
7 460.624 -107.306 -7.18428 0.5
7 496.049 -192.018 -11.0117 0.5
7 488.646 -156.941 -8.90838 0.5
7 463.103 -139.716 -1.25508 0.5
7 459.855 -115.867 14.6382 0.5
7 448.064 -113.642 1.52434 0.5
7 447.773 -90.8318 13.0566 0.5
7 452.778 -92.242 -3.25877 0.5
7 477.471 -135.098 -3.62186 0.5
7 475.962 -152.617 13.9246 0.5
7 492.413 -184.947 -11.6792 0.5
7 470.942 -137.394 14.9699 0.5
7 492.694 -171.327 -14.2466 0.5
7 490.423 -170.054 -14.8616 0.5
7 484.294 -176.468 -0.314716 0.5
7 483.099 -172.008 8.12944 0.5
7 476.209 -159.709 8.66945 0.5
7 499.174 -173.077 -4.93021 0.5
7 469.209 -137.054 14.9021 0.5
7 458.685 -115.237 -14.8819 0.5
7 463.794 -112.473 6.5554 0.5
7 493.473 -189.106 9.34218 0.5
7 460.283 -123.259 14.6151 0.5
7 469.813 -128.894 -12.9923 0.5
7 499.91 -198.889 -10.8387 0.5
7 447.187 -110.625 6.69226 0.5
7 446.811 -110.794 -4.69707 0.5
7 465.085 -114.473 -6.04542 0.5
7 459.721 -109.068 11.3201 0.5
7 447.514 -102.085 -14.3653 0.5
7 473.673 -149.828 -13.3939 0.5
7 457.9 -101.928 -5.81574 0.5
7 496.517 -194.878 8.67715 0.5
7 458.825 -127.562 10.9936 0.5
7 465.26 -142.944 -4.06168 0.5
7 489.283 -157.814 -8.58793 0.5
7 446.959 -108.033 9.94651 0.5
7 485.162 -175.369 -8.44874 0.5
7 498.34 -190.2 14.3401 0.5
7 470.089 -133.971 -14.7176 0.5
7 487.003 -174.172 12.6835 0.5
7 481.128 -157.105 -14.9583 0.5
7 458.087 -124.412 12.4732 0.5
8 540.166 -104.759 4.37943 0.5
8 505.914 -179.47 -14.964 0.5
8 555.069 -98.0226 14.235 0.5
8 517.16 -165.67 -13.4121 0.5
8 549.899 -108.712 -13.5354 0.5
8 513.962 -153.326 -10.0152 0.5
8 511.088 -161.744 12.8572 0.5
8 541.883 -127.245 -10.0749 0.5
8 503.251 -196.562 -6.50096 0.5
8 535.64 -127.972 -14.9648 0.5
8 509.676 -160.128 9.277 0.5
8 548.756 -111.249 -13.2545 0.5
8 545.411 -97.3243 7.9881 0.5
8 517.217 -170.097 9.93088 0.5
8 524.322 -155.22 -12.2389 0.5
8 541.198 -103.354 -5.47558 0.5
8 544.676 -117.333 13.7307 0.5
8 550.255 -116.064 4.0816 0.5
8 503.839 -192.942 10.2885 0.5
8 536.529 -126.981 -14.9171 0.5
8 527.75 -145.738 -14.0962 0.5
8 529.652 -152.161 -2.15018 0.5
8 546.583 -105.3 14.7566 0.5
8 502.782 -176.558 -13.1041 0.5
8 504.729 -186.705 13.6496 0.5
8 547.882 -91.0156 2.85436 0.5
8 550.132 -111.952 11.0825 0.5
8 541.049 -106.385 -9.98659 0.5
8 546.819 -94.4679 -7.28071 0.5
8 509.522 -174.613 14.8017 0.5
8 525.436 -146.99 -14.8114 0.5
8 521.342 -140.209 9.63041 0.5
8 514.896 -163.148 -14.9975 0.5
8 523.711 -138.73 12.0914 0.5
8 505.654 -184.65 13.847 0.5
8 524.759 -148.833 14.6884 0.5
8 511.204 -178.985 11.4279 0.5
8 516.865 -171.852 8.45771 0.5
8 533.774 -137.214 -13.2463 0.5
8 520.593 -166.845 5.78974 0.5
8 511.975 -180.66 -7.94058 0.5
8 523.677 -162.628 1.06325 0.5
8 531.314 -148.801 -4.3202 0.5
8 536.612 -137.538 -8.61807 0.5
8 549.7 -87.6671 1.49571 0.5
8 549.177 -115.711 -8.70959 0.5
8 547.312 -97.8115 -12.0624 0.5
8 507.641 -175.348 14.9997 0.5
8 521.38 -166.643 0.0440253 0.5
8 534.656 -139.946 -9.86818 0.5
8 541.268 -107.856 -11.7369 0.5
8 529.51 -133.94 -14.5561 0.5
8 512.69 -178.6 -9.12541 0.5
8 529.288 -123.33 3.36816 0.5
8 525.586 -129.44 1.5476 0.5
8 532.546 -130.357 -14.8732 0.5
8 512.033 -182.657 -2.28902 0.5
8 547.418 -94.6245 9.10519 0.5
8 507.371 -182.356 -13.5436 0.5
8 502.356 -172.777 -9.23911 0.5
8 531.62 -140.464 13.4914 0.5
8 522.98 -162.491 6.28909 0.5
8 546.659 -119.043 -9.99601 0.5
8 541.717 -129.864 6.65058 0.5
8 530.487 -135.822 14.9999 0.5
8 547.839 -101.485 14.3614 0.5
8 517.721 -170.856 7.69741 0.5
8 549.739 -102.776 -14.9979 0.5
8 535.111 -118.946 -12.0629 0.5
8 542.653 -103.831 10.2329 0.5
8 554.873 -81.3435 -8.60228 0.5
8 546.102 -98.0666 10.453 0.5
8 552.011 -84.0631 3.74133 0.5
8 548.231 -100.371 -14.2228 0.5
8 551.207 -85.5768 4.18294 0.5
8 533.56 -139.461 -12.0646 0.5
8 539.319 -106.326 -4.69219 0.5
8 551.436 -103.569 14.4613 0.5
8 514.345 -159.583 -14.3866 0.5
8 519.063 -169.775 -5.066 0.5
8 549.8 -107.71 14.0359 0.5
8 515.388 -175.841 5.83391 0.5
8 501.197 -201.034 4.09047 0.5
8 500.062 -194.872 -13.6108 0.5
8 509.579 -164.845 -13.1378 0.5
8 522.023 -145.024 13.9527 0.5
8 549.59 -116.673 5.66181 0.5
8 532.203 -125.028 -12.769 0.5
8 514.942 -173.138 -10.8633 0.5
8 524.115 -161.898 -0.511636 0.5
8 511.355 -173.453 14.3263 0.5
8 532.358 -146.703 5.18908 0.5
8 552.814 -103.841 -13.4494 0.5
8 530.39 -150.883 -2.14958 0.5
8 506.491 -174.482 14.7072 0.5
8 553.363 -109.472 7.08027 0.5
8 553.163 -105.616 -11.9841 0.5
8 506.515 -168.899 12.3646 0.5
8 513.224 -180.526 2.69752 0.5
8 543.53 -114.004 14.9825 0.5
8 528.736 -124.031 -1.95328 0.5
8 527.101 -127.3 4.07468 0.5
8 513.72 -162.498 -14.8047 0.5
8 538.558 -112.066 11.3345 0.5
8 512.792 -181.098 3.52368 0.5
8 515.173 -172.217 -11.3362 0.5
8 530.666 -149.011 6.63813 0.5
8 531.9 -129.572 -14.4971 0.5
8 511.479 -157.627 -10.0167 0.5
8 514.605 -171.746 12.4498 0.5
8 507.351 -190.744 -2.43275 0.5
8 513.26 -165.78 -14.9998 0.5
8 512.045 -161.133 13.4305 0.5
8 513.9 -158.372 13.6458 0.5
8 515.204 -174.468 -8.82849 0.5
8 506.295 -173.754 -14.4521 0.5
8 541.706 -101.769 -3.13281 0.5
8 515.017 -170.979 -12.4854 0.5
8 551.824 -110.09 10.005 0.5
8 501.696 -198.771 7.42463 0.5
8 514.298 -148.917 -0.407313 0.5
8 537.237 -117.705 -13.5311 0.5
8 532.478 -117.741 3.07987 0.5
8 549.393 -88.5835 -3.68223 0.5
8 518.688 -169.066 -7.88761 0.5
8 551.736 -85.2792 -5.91203 0.5
8 554.731 -84.0843 11.3616 0.5
8 548.446 -112.942 12.5745 0.5
8 546.183 -94.8823 -5.87591 0.5
8 525.999 -135.634 -12.6821 0.5
8 538.256 -120.534 14.8818 0.5
8 547.188 -109.359 -14.8043 0.5
8 530.551 -127.711 12.6579 0.5
8 529.899 -145.181 -12.4996 0.5
8 512.288 -154.148 -7.04283 0.5
8 534.234 -114.413 1.00547 0.5
8 522.475 -164.65 1.71355 0.5
8 554.918 -96.0526 14.7905 0.5
8 532.147 -147.703 -2.94465 0.5
8 543.123 -119.473 13.9594 0.5
8 505.031 -189.808 -11.3151 0.5
8 516.693 -164.274 14.3053 0.5
8 511.449 -154.313 3.71367 0.5
8 523.096 -144.589 -14.4339 0.5
8 549.565 -89.9274 -7.65713 0.5
8 547.911 -92.2507 6.65947 0.5
8 531.252 -147.485 7.58627 0.5
8 551.093 -93.2893 -13.3242 0.5
8 522.403 -137.992 -9.1568 0.5
8 525.72 -134.231 -11.2723 0.5
8 529.788 -150.221 7.2329 0.5
8 515.377 -166.854 -14.207 0.5
8 521.066 -158.855 13.4369 0.5
8 539.508 -116.426 14.5055 0.5
8 540.416 -131.651 -7.5204 0.5
8 501.318 -177.316 -11.9422 0.5
8 552.716 -86.6742 -10.5188 0.5
8 555.007 -96.6455 -14.6449 0.5
8 505.658 -183.662 14.2158 0.5
8 524.345 -160.059 6.43427 0.5
8 528.071 -136.03 14.4501 0.5
8 502.269 -199.614 1.9799 0.5
8 500.307 -200.955 -7.80258 0.5
8 534.749 -121.891 13.4713 0.5
8 552.958 -111.735 -2.52229 0.5
8 544.555 -121.134 -11.5011 0.5
8 554.642 -89.3584 14.2531 0.5
8 520.232 -165.075 9.69852 0.5
8 533.212 -146.15 0.034077 0.5
8 527.752 -126.851 5.97923 0.5
8 502.409 -169.903 -3.44802 0.5
8 518.766 -169.819 -6.22356 0.5
8 526.459 -156.785 -5.54316 0.5
8 510.869 -181.073 9.95077 0.5
8 550.306 -116.469 -1.48254 0.5
8 542.949 -114.022 -14.9977 0.5
8 532.227 -146.374 -6.50182 0.5
8 547.187 -120.771 -5.81767 0.5
8 515.512 -156.029 13.8422 0.5
8 516.901 -149.689 -11.4309 0.5
8 503.683 -193.89 9.51686 0.5
8 516.735 -167.01 -13.0925 0.5
8 544.944 -110.352 14.9924 0.5
8 512.986 -171.651 13.9682 0.5
8 538.3 -108.494 -5.77414 0.5
8 546.205 -95.8364 -7.80584 0.5
8 533.381 -141.016 -11.0362 0.5
8 515.625 -169.669 12.6521 0.5
8 531.464 -131.128 14.6867 0.5
8 529.736 -142.317 14.0897 0.5
8 520.944 -167.339 -1.34583 0.5
8 523.151 -142.02 -13.4909 0.5
8 511.574 -161.101 -12.9745 0.5
8 518.65 -143.041 -6.87496 0.5
8 521.114 -137.423 -3.07906 0.5
8 514.408 -155.348 12.4459 0.5
8 511.181 -183.381 5.19488 0.5
8 548.997 -96.0302 -12.825 0.5
8 553.33 -108.784 8.32155 0.5
8 501.496 -193.806 -12.8596 0.5
8 525.516 -140.522 -14.4683 0.5
8 514.376 -164.128 -14.9959 0.5
9 632.453 -106.038 6.35425 0.5
9 582.721 -79.3179 7.24881 0.5
9 563.552 -98.5012 -13.7253 0.5
9 612.292 -77.908 -3.6779 0.5
9 628.476 -97.9136 -13.9696 0.5
9 653.29 -107.009 -3.60956 0.5
9 642.253 -107.302 -2.10486 0.5
9 578.545 -107.438 -0.597172 0.5
9 632.641 -89.5738 -14.7217 0.5
9 660.972 -105.411 -7.55111 0.5
9 659.945 -79.3911 7.37987 0.5
9 616.702 -78.9069 -6.44839 0.5
9 641.484 -96.7211 14.3791 0.5
9 614.643 -81.0575 -9.75753 0.5
9 658.264 -98.1761 13.8641 0.5
9 664.016 -82.5056 -11.2297 0.5
9 567.229 -101.064 -12.2804 0.5
9 661.306 -79.6714 7.85523 0.5
9 583.411 -94.8922 -14.7999 0.5
9 621.673 -91.7844 14.9852 0.5
9 562.91 -105.155 -7.97374 0.5
9 646.105 -77.8401 3.39821 0.5
9 584.12 -106.979 3.72822 0.5
9 607.248 -90.2663 14.8402 0.5
9 590.625 -94.929 -14.7937 0.5
9 599.899 -107.191 -2.77645 0.5
9 639.091 -96.0485 -14.562 0.5
9 632.677 -80.2185 -8.68258 0.5
9 601.043 -78.0572 4.22426 0.5
9 609.168 -79.4174 -7.42631 0.5
9 580.649 -78.3837 -5.2094 0.5
9 597.208 -88.1158 14.3602 0.5
9 587.073 -106.297 -5.76813 0.5
9 660.067 -85.3985 -13.2392 0.5
9 566.453 -84.4771 12.7056 0.5
9 617.635 -104.945 -8.29986 0.5
9 574.49 -91.7518 -14.9837 0.5
9 666.363 -103.793 9.81488 0.5
9 570.056 -83.0347 11.6769 0.5
9 580.82 -103.552 -10.0871 0.5
9 604.438 -81.8892 10.6521 0.5
9 609.451 -91.0702 14.9364 0.5
9 665.184 -105.254 7.81412 0.5
9 624.814 -102.018 -11.5522 0.5
9 607.453 -77.7083 -2.77144 0.5
9 596.633 -99.3414 -13.3233 0.5
9 592.128 -79.7855 -8.03785 0.5
9 558.126 -96.5514 14.4284 0.5
9 655.533 -102.127 11.4611 0.5
9 659.202 -98.1195 -13.8873 0.5
9 656.953 -107.408 1.12418 0.5
9 650.919 -103.723 9.89582 0.5
9 623.119 -77.8264 3.33889 0.5
9 596.054 -93.9703 -14.9228 0.5
9 626.363 -100.656 -12.5565 0.5
9 639.417 -91.236 -14.9508 0.5
9 642.381 -98.0777 -13.9043 0.5
9 566.676 -97.0525 -14.2765 0.5
9 664.957 -107.109 3.1825 0.5
9 636.959 -85.0083 -13.0238 0.5
9 650.301 -106.21 5.97271 0.5
9 645.175 -93.4692 -14.9653 0.5
9 662.753 -81.3832 -10.1255 0.5
9 597.491 -85.5425 -13.3148 0.5
9 635.171 -95.1937 14.7469 0.5
9 638.211 -82.3125 -11.0557 0.5
9 646.626 -101.467 11.9871 0.5
9 622.694 -104.846 -8.44601 0.5
9 603.948 -103.782 -9.82773 0.5
9 655.355 -85.4645 13.2741 0.5
9 574.218 -96.8829 -14.3301 0.5
9 634.055 -101.864 -11.6783 0.5
9 654.105 -98.2763 13.8223 0.5
9 596.704 -77.9996 4.02282 0.5
9 655.71 -107.32 -1.96924 0.5
9 564.897 -77.7313 2.89109 0.5
9 627.945 -89.9372 14.788 0.5
9 570.225 -82.2589 11.0064 0.5
9 614.293 -85.73 -13.4105 0.5
9 639.902 -100.933 12.371 0.5
9 588.183 -90.2285 -14.8346 0.5
9 565.497 -89.2823 14.6617 0.5
9 580.225 -82.3574 11.0968 0.5
9 638.307 -103.936 9.64765 0.5
9 587.948 -91.4141 14.9642 0.5
9 666.372 -105.222 7.866 0.5
9 572.88 -89.5272 -14.7125 0.5
9 616.151 -79.4301 7.44839 0.5
9 640.19 -85.4649 -13.2743 0.5
9 597.443 -77.6827 2.63138 0.5
9 608.624 -99.6577 -13.1549 0.5
9 571.862 -78.7698 -6.15229 0.5
9 622.757 -106.925 3.93429 0.5
9 566.003 -106.258 5.8595 0.5
9 634.604 -104.683 8.68065 0.5
9 606.519 -91.342 14.959 0.5
9 648.524 -105.118 8.03279 0.5
9 644.924 -90.0873 14.8127 0.5
9 645.465 -79.8062 -8.07042 0.5
9 570.999 -83.1396 -11.7607 0.5
9 565.568 -82.1091 10.8657 0.5
9 620.592 -80.7536 -9.39105 0.5
9 579.547 -107.45 -0.0276793 0.5
9 591.106 -107.011 -3.60418 0.5
9 562.19 -105.309 7.72357 0.5
9 585.846 -81.3719 -10.113 0.5
9 616.937 -100.135 12.882 0.5
9 585.733 -82.8437 11.5203 0.5
9 599.301 -96.1734 -14.5305 0.5
9 617.04 -106.339 -5.66595 0.5
9 614.794 -103.547 -10.0924 0.5
9 575.761 -106.838 4.24141 0.5
9 612.724 -101.65 -11.8471 0.5
9 558.545 -103.768 -9.84417 0.5
9 578.755 -105.677 7.07454 0.5
9 666.352 -105.705 -7.02106 0.5
9 570.259 -107.348 -1.74862 0.5
9 649.537 -88.9688 -14.5904 0.5
9 575.199 -77.7881 -3.16649 0.5
9 665.976 -82.8222 -11.5024 0.5
9 572.362 -82.0843 10.842 0.5
9 645.116 -78.3474 -5.11022 0.5
9 662.095 -78.4831 -5.47014 0.5
9 621.109 -77.4579 -0.483573 0.5
9 619.941 -77.4574 -0.469399 0.5
9 642.829 -83.8815 -12.3118 0.5
9 583.986 -106.13 -6.15254 0.5
9 577.355 -78.325 5.04807 0.5
9 611.752 -84.8604 -12.9382 0.5
9 593.035 -81.6621 -10.422 0.5
9 597.472 -85.7078 13.3993 0.5
9 557.475 -94.3308 -14.8816 0.5
9 662.436 -106.941 -3.87419 0.5
9 646.601 -107.219 2.62465 0.5
9 556.65 -107.318 1.98388 0.5
9 643.893 -106.009 -6.41616 0.5
9 616.186 -80.6058 -9.2039 0.5
9 559.549 -104.356 -9.12464 0.5
9 642.831 -100.899 -12.3943 0.5
9 568.301 -83.7719 12.2348 0.5
9 646.5 -78.3596 5.14384 0.5
9 656.599 -97.4034 14.1586 0.5
9 606.794 -100.859 -12.4216 0.5
9 624.409 -102.746 -10.9088 0.5
9 561.449 -103.746 9.86919 0.5
9 626.4 -106.426 5.44763 0.5
9 564.949 -86.6015 -13.8128 0.5
9 647.475 -107.18 -2.83305 0.5
9 580.034 -84.7387 -12.866 0.5
9 568.473 -86.4688 -13.7559 0.5
9 663.504 -96.6681 -14.3947 0.5
9 578.217 -78.2273 -4.7657 0.5
9 608.278 -99.3621 13.3125 0.5
9 556.808 -83.0852 -11.7175 0.5
9 630.836 -87.1793 14.0435 0.5
9 593.606 -92.4698 -15 0.5
9 652.654 -95.4501 14.6969 0.5
9 613.578 -106.209 -5.9742 0.5
9 627.941 -91.1766 -14.9458 0.5
9 573.267 -92.037 14.9943 0.5
9 638.634 -77.6877 -2.65951 0.5
9 601.199 -106.859 4.16961 0.5
9 620.714 -97.8973 -13.976 0.5
9 608.691 -88.553 -14.4849 0.5
9 630.568 -79.1947 7.021 0.5
9 587.648 -80.2265 8.69391 0.5
9 638.87 -85.7525 -13.4217 0.5
9 653.826 -87.4361 -14.1372 0.5
9 661.966 -91.3744 -14.9614 0.5
9 566.475 -103.007 10.6559 0.5
9 590.609 -105.935 -6.56901 0.5
9 661.304 -80.4237 -8.96471 0.5
9 600.405 -92.3175 -14.9994 0.5
9 630.684 -82.8274 -11.5067 0.5
9 643.034 -91.5902 -14.9753 0.5
9 653.358 -105.244 7.83082 0.5
9 583.444 -97.3031 14.1932 0.5
9 638.259 -77.4874 -1.0574 0.5
9 615.416 -107.374 1.51266 0.5
9 584.731 -97.4667 14.1363 0.5
9 653.376 -94.5166 -14.857 0.5
9 565.008 -107.162 2.9269 0.5
9 581.138 -81.836 10.5991 0.5
9 626.572 -107.349 1.73426 0.5
9 590.844 -100.852 12.4263 0.5
9 632.733 -79.2322 -7.09127 0.5
9 629.52 -77.6152 -2.21956 0.5
9 593.672 -91.0767 -14.937 0.5
9 580.107 -106.106 -6.2069 0.5
9 567.864 -105.704 -7.02302 0.5
9 587.959 -92.5691 -14.9995 0.5
9 664.235 -89.0308 -14.6051 0.5
9 606.577 -79.863 -8.15876 0.5
9 603.311 -77.5506 1.73348 0.5
9 560.226 -107.032 3.51571 0.5
10 661.945 -92.2539 -12.6999 0.5
10 634.504 -46.4129 -11.4672 0.5
10 661.827 -98.3664 -4.53268 0.5
10 619.571 -7.21578 14.546 0.5
10 656.437 -86.7605 8.96096 0.5
10 619.098 -19.7701 11.4321 0.5
10 663.47 -82.2742 -14.2648 0.5
10 635.14 -52.802 -1.12698 0.5
10 622.879 -19.6279 14.6929 0.5
10 649.098 -47.5062 3.7889 0.5
10 665.627 -78.2858 -8.4931 0.5
10 655.576 -65.7955 13.0223 0.5
10 640.831 -58.6343 -10.27 0.5
10 663.91 -88.1816 14.9914 0.5
10 655.594 -60.3766 -7.66311 0.5
10 618.224 -18.6466 11.0889 0.5
10 611.796 -12.092 3.08232 0.5
10 648.539 -47.9928 7.37998 0.5
10 635.269 -29.6012 12.3819 0.5
10 619.622 -8.63882 14.8182 0.5
10 628.186 -39.793 -5.4003 0.5
10 652.573 -54.453 -6.35778 0.5
10 651.941 -68.2719 -14.9411 0.5
10 624.75 -9.35718 10.7204 0.5
10 627.993 -35.1409 11.462 0.5
10 658.99 -69.2892 11.3004 0.5
10 655.395 -60.7419 -8.74865 0.5
10 641.826 -51.111 -14.9049 0.5
10 630.185 -29.3078 14.9999 0.5
10 627.125 -38.8616 1.73412 0.5
10 630.03 -37.1395 -12.5953 0.5
10 630.14 -24.0649 14.0994 0.5
10 614.362 -0.781265 14.9614 0.5
10 655.902 -86.7897 -7.5098 0.5
10 624.497 -18.0199 -14.9355 0.5
10 627.646 -12.6989 -8.77566 0.5
10 646.549 -70.8158 -7.10469 0.5
10 624.289 -19.7056 -14.9856 0.5
10 618.661 5.64609 1.24064 0.5
10 656.479 -62.6101 -8.73544 0.5
10 611.606 12.6634 11.4022 0.5
10 618.828 -18.7385 11.8886 0.5
10 643.909 -50.7519 -14.8255 0.5
10 662.047 -91.0522 13.4679 0.5
10 641.48 -45.2354 14.5639 0.5
10 651.605 -57.0628 -11.7697 0.5
10 665.289 -76.5706 6.55194 0.5
10 649.338 -64.8626 -14.8024 0.5
10 641.63 -34.0858 -0.0382053 0.5
10 638.277 -56.7378 6.62114 0.5
10 614.01 11.8273 7.35301 0.5
10 634.133 -43.8291 12.8553 0.5
10 614.622 -17.2859 -0.760333 0.5
10 645.845 -70.7969 -4.16247 0.5
10 631.642 -31.2167 -14.9892 0.5
10 611.994 7.82232 13.9251 0.5
10 649.766 -66.0811 -14.7164 0.5
10 646.478 -50.9261 -13.4911 0.5
10 621.434 -29.0965 0.50971 0.5
10 628.559 -12.0775 4.30752 0.5
10 621.928 -23.6635 -12.217 0.5
10 638.604 -45.7666 14.8762 0.5
10 655.788 -65.7086 -12.7518 0.5
10 664.287 -103.212 -1.86847 0.5
10 651.383 -59.831 -13.6823 0.5
10 657.175 -88.7272 -7.95444 0.5
10 626.49 -7.94378 -1.55675 0.5
10 666.458 -97.7021 13.9103 0.5
10 643.139 -43.2299 12.3804 0.5
10 649.239 -69.0691 13.3674 0.5
10 626.295 -20.5468 14.869 0.5
10 632.427 -23.0266 -11.0734 0.5
10 611.959 -11.8053 5.08293 0.5
10 630.806 -45.2315 -1.78764 0.5
10 640.356 -32.0502 2.25684 0.5
10 618.613 5.31158 -3.72103 0.5
10 651.68 -57.5412 12.037 0.5
10 636.774 -39.7198 14.9696 0.5
10 650.216 -73.11 -11.884 0.5
10 653.972 -65.7004 14.2239 0.5
10 625.458 -7.02272 5.24977 0.5
10 623.58 -9.95928 -12.7748 0.5
10 627.173 -9.5478 3.85043 0.5
10 645.596 -48.4765 13.0032 0.5
10 663.073 -101.226 0.0122864 0.5
10 660.616 -95.7701 5.87762 0.5
10 621.044 -21.1765 12.8449 0.5
10 629.241 -20.1595 13.0087 0.5
10 646.929 -43.7479 3.78275 0.5
10 628.72 -41.7249 -0.0555901 0.5
10 652.142 -82.0539 2.66247 0.5
10 647.406 -47.6963 9.75756 0.5
10 649.09 -48.3109 -6.11824 0.5
10 630.03 -29.5313 -14.9904 0.5
10 627.829 -22.131 -14.6867 0.5
10 645.692 -46.9411 11.8636 0.5
10 636.505 -55.1818 -0.899189 0.5
10 620.165 -10.9205 -14.9675 0.5
10 646.43 -62.353 14.1584 0.5
10 633.909 -21.2469 3.96695 0.5
10 638.62 -54.0612 -11.008 0.5
10 622.067 -5.09013 11.0797 0.5
10 620.861 -3.53103 -11.5407 0.5
10 633.618 -31.0572 -14.4145 0.5
10 638.482 -51.6568 -12.6739 0.5
10 611.757 -3.57346 13.6454 0.5
10 624.095 -31.3238 -8.12295 0.5
10 623.53 -31.093 -6.82463 0.5
10 646.856 -72.7339 -3.45237 0.5
10 651.003 -53.7664 -9.56687 0.5
10 611.925 5.64976 14.6361 0.5
10 615.502 9.9804 5.85284 0.5
10 614.914 -12.1022 -11.7769 0.5
10 643.211 -49.3812 14.7997 0.5
10 611.229 -0.247263 14.506 0.5
10 637.84 -44.0701 14.9197 0.5
10 654.7 -66.388 14.0188 0.5
10 656.584 -78.7628 -14.5169 0.5
10 617.345 -20.5936 6.38771 0.5
10 644.245 -68.6129 -0.17848 0.5
10 636.866 -26.2141 3.35438 0.5
10 614.476 -9.65898 -12.9292 0.5
10 654.122 -83.2176 -8.2973 0.5
10 653.857 -58.9512 -9.85156 0.5
10 617.223 -21.5762 2.64449 0.5
10 611.157 18.66 -1.02957 0.5
10 618.162 -2.70691 13.8623 0.5
10 639.57 -60.1889 3.12035 0.5
10 658.218 -62.8245 0.499923 0.5
10 638.734 -57.7551 -6.14018 0.5
10 640.732 -36.2838 -9.92665 0.5
10 638.645 -49.4552 13.9394 0.5
10 617.568 -19.8488 -8.38166 0.5
10 614.237 -16.3856 2.74238 0.5
10 644.05 -59.74 13.5361 0.5
10 660.387 -75.8222 13.8534 0.5
10 649.132 -50.7876 9.87389 0.5
10 645.389 -42.3585 7.05571 0.5
10 659.937 -84.5492 14.5221 0.5
10 657.056 -61.3891 -4.15007 0.5
10 615.605 -8.81802 -14.2084 0.5
10 616.406 2.47613 -12.7678 0.5
10 657.172 -69.8583 -13.6831 0.5
10 627.667 -18.481 -13.5566 0.5
10 660.106 -96.0451 1.1212 0.5
10 662.194 -79.1581 13.9375 0.5
10 658.313 -63.8764 -5.10328 0.5
10 619.32 4.41069 -2.08263 0.5
10 664.565 -77.4469 -9.79118 0.5
10 645.754 -59.0618 -14.7299 0.5
10 653.896 -84.3847 5.24133 0.5
10 655.322 -76.3215 -14.5807 0.5
10 624.228 -27.3135 -12.448 0.5
10 658.158 -92.6866 0.875848 0.5
10 633.147 -23.4358 10.2452 0.5
10 614.517 12.1302 -4.6708 0.5
10 626.975 -18.3949 14.0294 0.5
10 661.013 -84.6574 -14.8662 0.5
10 629.172 -14.6156 -7.66921 0.5
10 655.881 -58.9176 2.10337 0.5
10 628.023 -34.4411 -12.0568 0.5
10 663.313 -83.5038 14.6683 0.5
10 656.32 -61.2781 7.03077 0.5
10 623.222 -14.7909 14.8049 0.5
10 637.241 -56.416 1.42317 0.5
10 640.254 -58.7467 8.94118 0.5
10 616.352 -12.7962 -12.9938 0.5
10 663.67 -72.3298 -1.45363 0.5
10 663.734 -102.11 2.7831 0.5
10 647.197 -66.2208 12.9946 0.5
10 664.78 -78.8765 10.8998 0.5
10 663.02 -76.3766 -11.3927 0.5
10 613.472 -1.76872 -14.9293 0.5
10 658.099 -68.9516 -12.2484 0.5
10 633.061 -21.0481 -7.13389 0.5
10 665.592 -98.6023 -12.6804 0.5
10 626.674 -10.2924 7.6749 0.5
10 638.909 -30.0172 4.35097 0.5
10 622.808 -27.0813 10.6165 0.5
10 650.122 -74.7098 10.2881 0.5
10 642.879 -63.6884 8.38256 0.5
10 620.238 -3.05099 12.0135 0.5
10 644.269 -39.3016 4.35219 0.5
10 621.393 -1.19886 -7.764 0.5
10 637.862 -55.2684 7.96751 0.5
10 649.289 -56.3677 13.7551 0.5
10 623.933 -32.5709 -5.01325 0.5
10 628.137 -40.5502 -2.21273 0.5
10 653.804 -80.2618 11.099 0.5
10 613.334 -13.3997 6.89057 0.5
10 663.868 -98.6642 10.1312 0.5
11 639.8 38.8174 -3.23019 0.5
11 665.57 86.5368 9.55328 0.5
11 655.248 91.2471 -10.1704 0.5
11 622.114 9.40552 6.68538 0.5
11 658.722 83.2676 -14.7025 0.5
11 616.613 0.627821 -8.01877 0.5
11 661.081 83.3218 -13.2645 0.5
11 638.483 52.0123 14.9772 0.5
11 663.746 93.424 14.923 0.5
11 654.293 78.0095 -14.9896 0.5
11 630.225 34.8851 -14.8666 0.5
11 625.864 23.9378 -13.9982 0.5
11 629.496 44.3344 12.2079 0.5
11 634.684 29.6774 1.48205 0.5
11 666.504 85.1375 3.51892 0.5
11 630.001 29.8684 -13.458 0.5
11 627.162 43.0774 -9.62814 0.5
11 650.31 60.0563 9.49482 0.5
11 659.45 95.0522 12.9603 0.5
11 619.035 13.5418 -14.4685 0.5
11 633.369 28.4834 5.7754 0.5
11 648.755 71.2801 -14.8219 0.5
11 612.106 -1.63877 -13.1929 0.5
11 647.677 53.3487 -5.97006 0.5
11 630.71 22.8612 -2.04244 0.5
11 639.908 43.9515 -11.4409 0.5
11 618.844 9.98994 13.1702 0.5
11 638.026 65.2858 -1.79487 0.5
11 615.27 -3.95025 1.45559 0.5
11 632.03 49.2654 11.8018 0.5
11 617.109 11.8083 -14.814 0.5
11 660.383 95.6029 -13.5253 0.5
11 658.956 74.0405 8.13122 0.5
11 628.469 40.5126 13.4337 0.5
11 636.045 53.2945 13.5975 0.5
11 640.311 47.4125 -13.2991 0.5
11 631.707 41.2965 -14.8857 0.5
11 616.664 -0.725975 5.06479 0.5
11 639.096 61.5646 11.7544 0.5
11 652.855 65.913 11.0315 0.5
11 651.411 70.4054 -14.661 0.5
11 622.548 13.993 -11.5336 0.5
11 630.901 26.1235 9.09442 0.5
11 639.686 51.0429 -14.8339 0.5
11 616.871 20.732 -13.2763 0.5
11 653.064 82.4123 13.7597 0.5
11 613.96 10.1761 14.9282 0.5
11 614.202 23.9834 2.07811 0.5
11 640.502 39.9126 2.62146 0.5
11 628.756 23.5915 10.4668 0.5
11 635.944 33.1306 -6.20438 0.5
11 643.832 51.432 -11.9874 0.5
11 666.62 87.1118 7.80938 0.5
11 651.996 65.6697 12.0595 0.5
11 658.119 72.4726 -7.94515 0.5
11 643.803 72.1304 9.34786 0.5
11 629.445 45.6555 -11.0671 0.5
11 644.823 67.5576 13.9976 0.5
11 621.033 31.8507 -10.3158 0.5
11 627.403 19.5844 -8.42739 0.5
11 644.503 75.3203 6.08713 0.5
11 653.2 80.1184 -14.5995 0.5
11 654.246 85.7283 -13.1363 0.5
11 618.745 3.36076 6.24897 0.5
11 624.163 41.3741 0.463102 0.5
11 627.488 17.249 -1.80666 0.5
11 621.704 7.90286 -4.77781 0.5
11 636.718 59.5976 9.66638 0.5
11 617.496 14.4874 14.996 0.5
11 639.515 66.0457 7.35415 0.5
11 632.967 48.8938 -13.1238 0.5
11 662.529 82.3541 -10.7319 0.5
11 649.73 71.865 -14.9518 0.5
11 658.929 74.0397 -8.20286 0.5
11 643.215 47.5533 -9.22624 0.5
11 655.864 96.2436 -1.17282 0.5
11 615.887 8.80167 14.6448 0.5
11 650.662 86.6553 -4.2797 0.5
11 661.206 90.0565 14.9922 0.5
11 629.421 48.2109 7.94575 0.5
11 654.715 93.0458 -6.00355 0.5
11 612.243 4.68447 14.9631 0.5
11 651.263 61.1478 8.76515 0.5
11 633.723 52.1915 11.8068 0.5
11 611.289 17.9825 -5.64147 0.5
11 622.754 25.0292 -14.9604 0.5
11 649.032 58.1738 -9.88411 0.5
11 622.04 31.8864 -11.8616 0.5
11 666.283 89.44 11.2733 0.5
11 637.204 34.6474 4.45988 0.5
11 666.289 113.837 -3.87225 0.5
11 619.99 24.5878 -13.981 0.5
11 623.44 13.6802 -9.69195 0.5
11 642.654 43.4123 0.333093 0.5
11 662.964 93.8138 -14.9983 0.5
11 653.234 71.9432 -14.2144 0.5
11 663.261 79.1228 -0.811016 0.5
11 619.217 12.8286 14.1472 0.5
11 619.687 4.86984 -5.97321 0.5
11 620.862 32.7352 8.90378 0.5
11 648.475 73.6037 -14.102 0.5
11 612.204 12.5563 13.3247 0.5
11 664.636 91.6564 -14.2021 0.5
11 664.845 83.7689 -7.35104 0.5
11 621.171 22.888 14.9046 0.5
11 624.095 13.6163 -8.06377 0.5
11 650.465 70.1552 -14.8938 0.5
11 666.184 84.1682 0.389688 0.5
11 638.28 45.3905 13.9778 0.5
11 660.606 101.544 8.94558 0.5
11 665.564 109.694 9.50507 0.5
11 611.553 19.5257 0.643389 0.5
11 660.921 75.8751 4.90988 0.5
11 614.731 -4.09653 5.00382 0.5
11 659.746 77.0528 -10.2401 0.5
11 638.559 36.9235 -4.22589 0.5
11 614.417 23.3105 -5.856 0.5
11 626.352 15.2151 1.12323 0.5
11 661.406 75.8984 0.541089 0.5
11 660.543 98.3919 12.0005 0.5
11 624.011 32.2657 13.6822 0.5
11 661.021 75.5666 -3.19935 0.5
11 615.345 19.1592 12.6568 0.5
11 635.991 56.1323 -11.7973 0.5
11 656.033 75.0968 -13.5254 0.5
11 665.937 97.0308 -14.9028 0.5
11 635.592 50.5947 14.335 0.5
11 663.674 80.1373 -3.08927 0.5
11 663.002 80.4437 7.10944 0.5
11 631.099 48.6104 -10.984 0.5
11 663.107 92.1808 14.9085 0.5
11 654.681 68.2768 -10.2372 0.5
11 636.156 32.247 -1.66392 0.5
11 643.462 64.2359 -14.3315 0.5
11 613.54 -6.98982 -0.920089 0.5
11 627.635 47.3476 -1.18589 0.5
11 643.826 55.6264 -14.207 0.5
11 646.972 79.3827 -6.54825 0.5
11 665.987 96.5548 14.8276 0.5
11 624.962 41.3282 6.4077 0.5
11 614.93 13.6785 14.635 0.5
11 619.464 22.5088 14.3806 0.5
11 664.937 82.3173 -3.05168 0.5
11 638.902 56.2087 -14.371 0.5
11 665.913 98.3599 -14.9963 0.5
11 657.373 73.3162 -10.6257 0.5
11 630.691 52.1648 -3.92668 0.5
11 661.422 103.874 -7.55539 0.5
11 640.842 41.097 4.90889 0.5
11 623.799 19.9415 13.8292 0.5
11 643.859 52.8529 12.9071 0.5
11 612.871 -8.17402 -0.251124 0.5
11 614.512 22.9815 6.90683 0.5
11 627.363 45.6991 -5.93669 0.5
11 624.466 37.3966 -10.7222 0.5
11 653.661 89.0933 9.48492 0.5
11 633.743 48.8807 13.7884 0.5
11 662.11 106.583 3.93004 0.5
11 646.9 59.9483 -13.8271 0.5
11 662.31 107.212 2.68924 0.5
11 638.01 43.0354 13.087 0.5
11 664.387 89.8932 13.6773 0.5
11 614.254 -2.28955 9.62178 0.5
11 655.5 67.566 7.31905 0.5
11 643.734 59.071 -14.9512 0.5
11 638.468 42.5825 -12.3072 0.5
11 654.394 80.7319 14.8675 0.5
11 624.483 41.4991 3.59428 0.5
11 660.235 73.872 0.60625 0.5
11 636.983 63.4356 -2.12435 0.5
11 648.416 55.475 -7.62976 0.5
11 613.733 10.162 -14.886 0.5
11 622.014 8.24244 4.14157 0.5
11 628.173 48.3084 -0.751542 0.5
11 624.353 23.9888 -14.751 0.5
11 656.22 95.6332 -6.04831 0.5
11 646.606 76.597 9.81571 0.5
11 645.726 49.3119 -4.14035 0.5
11 641.128 68.2206 8.35965 0.5
11 649.005 55.7716 6.2461 0.5
11 618.137 28.9971 7.38969 0.5
11 653.463 68.7063 12.4113 0.5
11 612.838 19.0185 8.65388 0.5
11 621.488 36.746 -0.284746 0.5
11 658.411 100.59 1.81947 0.5
11 652.939 84.2618 12.664 0.5
11 665.02 91.7061 13.9783 0.5
11 654.733 77.0511 14.8258 0.5
11 645.293 51.0194 -9.05367 0.5
11 642.053 72.0585 -3.03346 0.5
11 613.16 20.9641 6.24186 0.5
11 633.445 37.8345 -14.2694 0.5
11 646.617 77.9986 7.94044 0.5
11 619.386 3.15506 -1.19984 0.5
11 658.803 81.9638 -14.335 0.5
11 661.745 81.8936 11.5411 0.5
11 630.566 47.7287 -10.9456 0.5
11 635.389 34.7125 10.0742 0.5
11 664.299 97.9715 14.8562 0.5
11 663.489 79.5439 1.20166 0.5
11 624.126 30.8459 -14.3002 0.5
11 644.282 63.8163 14.7752 0.5
11 657.579 96.4791 -8.70028 0.5
11 613.52 2.57217 -14.0039 0.5
11 649.346 80.6935 -10.5179 0.5
11 636.844 63.0133 -3.14313 0.5
11 646.223 79.2164 3.32635 0.5
11 614.182 3.91508 -14.0776 0.5
11 652.251 67.3995 -12.9131 0.5
11 658.113 91.0919 13.7875 0.5
11 628.966 49.6998 -0.156826 0.5
11 633.529 27.7112 -1.78682 0.5
11 658.182 76.3645 -12.0454 0.5
11 625.307 38.6947 10.875 0.5
12 760.883 85.0111 0.577725 0.5
12 743.549 101.932 14.8751 0.5
12 769.139 100.036 15 0.5
12 752.578 110.268 10.9347 0.5
12 666.925 102.044 -14.8601 0.5
12 697.189 103.863 -14.4941 0.5
12 692.143 97.4299 -14.7782 0.5
12 731.404 88.7434 9.91404 0.5
12 761.516 98.8727 14.9576 0.5
12 756.895 113.85 5.76074 0.5
12 707.498 103.998 14.4575 0.5
12 720.666 90.4322 -11.5524 0.5
12 747.241 114.955 1.16199 0.5
12 684.368 86.1124 5.66867 0.5
12 769.986 108.096 -12.6278 0.5
12 673.442 102.881 14.7208 0.5
12 720.793 114.742 2.76956 0.5
12 741.049 90.9563 -11.9671 0.5
12 758.538 113.566 -6.4006 0.5
12 695.061 109.975 11.2026 0.5
12 770.786 113.128 -7.25618 0.5
12 762.787 114.925 1.49613 0.5
12 764.079 98.5359 -14.9284 0.5
12 716.012 93.7273 13.6255 0.5
12 706.707 96.3696 14.554 0.5
12 714.732 87.3458 8.05426 0.5
12 755.409 114.998 0.227728 0.5
12 706.339 98.702 14.9437 0.5
12 704.626 86.4399 -6.41273 0.5
12 698.154 106.668 13.4363 0.5
12 743.151 85.0471 -1.18835 0.5
12 743.621 114.167 4.92779 0.5
12 753.284 94.831 -14.0812 0.5
12 766.197 101.738 14.8989 0.5
12 683.677 97.9992 -14.866 0.5
12 745.093 114.998 0.214452 0.5
12 688.785 85.0026 0.281178 0.5
12 734.714 110.222 -10.9774 0.5
12 697.018 89.0298 10.2301 0.5
12 678.101 112.967 -7.54079 0.5
12 670.212 100.161 -14.9991 0.5
12 738.254 112.478 8.32455 0.5
12 746.776 96.1804 -14.5055 0.5
12 757.692 108.588 -12.2981 0.5
12 694.715 113.759 -5.97457 0.5
12 773.821 85.5107 3.88092 0.5
12 737.583 85.0739 1.48748 0.5
12 698.278 95.8785 14.4227 0.5
12 732.777 96.2243 14.517 0.5
12 689.832 101.03 -14.9646 0.5
12 777.029 113.555 6.42289 0.5
12 746.895 101.909 -14.878 0.5
12 716.624 114.442 4.05174 0.5
12 736.573 107.49 -12.996 0.5
12 752.629 86.9776 -7.44431 0.5
12 765.779 100.461 -14.9929 0.5
12 689.848 106.443 13.5455 0.5
12 695.548 107.168 -13.1766 0.5
12 735.809 105.62 13.9072 0.5
12 770.232 86.1888 5.85239 0.5
12 722.666 114.556 3.62346 0.5
12 682.608 85.0055 0.407436 0.5
12 709.164 108.95 12.0371 0.5
12 774.565 85.3411 3.1805 0.5
12 709.382 110.521 10.6916 0.5
12 744.252 94.0153 13.7544 0.5
12 765.42 97.0461 -14.7063 0.5
12 737.271 114.46 3.98918 0.5
12 757.632 111.426 -9.71877 0.5
12 733.312 85 -0.0150461 0.5
12 767.635 109.603 -11.523 0.5
12 681.49 85.6526 -4.37643 0.5
12 750.118 90.5421 -11.6425 0.5
12 731.245 114.702 2.9745 0.5
12 703.971 114.947 1.25775 0.5
12 711.329 101.75 14.8975 0.5
12 728.544 85.8047 4.847 0.5
12 690.259 90.9072 -11.9298 0.5
12 695.015 110.695 -10.5178 0.5
12 692.228 114.279 4.59409 0.5
12 737.6 111.189 9.99073 0.5
12 755.181 86.2948 6.09643 0.5
12 757.04 88.6616 -9.82048 0.5
12 748.48 114.192 4.85676 0.5
12 746.831 108.163 -12.5844 0.5
12 733.947 99.3283 14.985 0.5
12 695.633 94.6076 -13.9972 0.5
12 752.985 93.2911 13.4161 0.5
12 759.418 85.296 -2.96502 0.5
12 693.187 114.905 1.68289 0.5
12 704.334 110.879 10.3273 0.5
12 769.701 112.775 -7.86129 0.5
12 681.591 108.812 12.1386 0.5
12 675.088 86.8433 -7.20424 0.5
12 771.688 96.0657 14.4749 0.5
12 735.574 90.865 -11.8976 0.5
12 759.275 104.304 14.3691 0.5
12 684.286 105.679 -13.8834 0.5
12 776.755 87.9376 -8.91624 0.5
12 738.682 100.616 14.9873 0.5
12 752.592 106.134 -13.6885 0.5
12 704.163 87.3519 8.06377 0.5
12 698.066 109.816 11.3424 0.5
12 724.647 86.0887 5.61028 0.5
12 742.585 95.7172 -14.3756 0.5
12 667.46 114.765 2.64404 0.5
12 748.262 101.383 14.9361 0.5
12 729.773 93.6771 -13.6022 0.5
12 762.67 96.0037 14.4579 0.5
12 748.688 107.501 12.9899 0.5
12 754.358 111.588 -9.52513 0.5
12 705.693 93.613 -13.5723 0.5
12 713.986 85.1321 1.98612 0.5
12 732.223 91.9906 12.6826 0.5
12 757.341 96.7737 14.6489 0.5
12 683.893 96.3312 14.5444 0.5
12 689.974 85.0196 0.767094 0.5
12 776.74 114.999 -0.130826 0.5
12 708.671 86.1453 -5.74873 0.5
12 728.339 98.2546 -14.8981 0.5
12 751.702 86.5803 6.70161 0.5
12 750.103 100.054 -14.9999 0.5
12 750.345 114.883 -1.86983 0.5
12 707.766 114.913 -1.61676 0.5
12 699.831 109.705 11.4376 0.5
12 737.592 107.281 13.1143 0.5
12 729.616 113.277 6.98056 0.5
12 775.714 88.2331 9.30273 0.5
12 775.005 113.957 5.49478 0.5
12 727.019 106.494 13.5216 0.5
12 746.125 112.438 -8.38441 0.5
12 721.415 85.9558 5.26888 0.5
12 729.779 113.826 5.81773 0.5
12 722.609 97.538 14.7966 0.5
12 747.828 102.419 -14.8036 0.5
12 707.154 111.086 -10.1045 0.5
12 716.058 102.769 14.7422 0.5
12 738.532 85.0237 0.843006 0.5
12 712.642 85.7932 4.81321 0.5
12 758.708 105.188 14.0744 0.5
12 744.27 87.3667 -8.08706 0.5
12 711.75 114.806 -2.40708 0.5
12 773.885 85.7996 -4.8319 0.5
12 723.441 101.485 14.9263 0.5
12 671.476 92.4125 -12.9395 0.5
12 762.053 85.576 -4.11698 0.5
12 741.204 93.7924 13.6552 0.5
12 677.618 100.826 -14.9773 0.5
12 764.493 105.056 14.1221 0.5
12 691.638 99.4012 -14.988 0.5
12 686.189 90.7694 -11.8235 0.5
12 772.886 107.151 13.1856 0.5
12 768.693 94.4563 -13.938 0.5
12 715.337 114.923 1.51652 0.5
12 689.761 104.232 14.3905 0.5
12 745.734 101.054 -14.9629 0.5
12 713.927 92.7775 -13.1467 0.5
12 756.595 106.578 13.4808 0.5
12 702.399 108.606 -12.2853 0.5
12 728.215 105.008 14.1392 0.5
12 743.534 85.3094 3.03102 0.5
12 695.672 85.5812 4.13487 0.5
12 706.569 111.613 9.49459 0.5
12 699.403 88.2037 9.26533 0.5
12 758.115 102.308 -14.8214 0.5
12 675.286 92.1972 -12.8108 0.5
12 704.916 114.218 4.78149 0.5
12 766.617 98.2632 14.8991 0.5
12 741.652 111.747 -9.32752 0.5
12 734.506 102.903 -14.7163 0.5
12 725.039 96.701 14.6327 0.5
12 756.228 87.5179 -8.31849 0.5
12 692.446 105.166 -14.0824 0.5
12 775.014 97.5742 14.8025 0.5
12 736.592 86.8153 7.15296 0.5
12 759.935 85.533 -3.96323 0.5
12 713.127 88.3831 9.48932 0.5
12 730.399 111.435 9.70746 0.5
12 717.968 113.537 -6.46219 0.5
12 714.795 102.558 14.7803 0.5
12 724.205 92.1028 12.7528 0.5
12 741.879 107.05 13.2399 0.5
12 739.535 87.3641 -8.08297 0.5
12 750.603 114.984 -0.682831 0.5
12 760.764 95.216 -14.2166 0.5
12 690.995 108.313 -12.4855 0.5
12 707.949 95.0676 14.1658 0.5
12 691.628 105.882 13.7988 0.5
12 697.414 96.4206 -14.5667 0.5
12 723.399 85.5828 -4.14043 0.5
12 711.613 113.342 -6.85523 0.5
12 716.072 108.346 -12.4635 0.5
12 735.293 89.1324 10.339 0.5
12 758.102 98.3631 -14.9104 0.5
12 744.615 91.1744 -12.1288 0.5
13 825.414 32.4094 1.5708 0.5
13 798.519 78.8237 2.73597 0.5
13 801.727 47.3766 10.0425 0.5
13 782.078 81.0776 -9.66087 0.5
13 783.712 90.6122 14.9736 0.5
13 780.598 90.28 -14.1993 0.5
13 785.203 95.9428 -12.1445 0.5
13 832.737 9.02724 -14.3943 0.5
13 809.035 55.5387 11.4609 0.5
13 811.934 55.7796 1.35053 0.5
13 806.819 40.6052 -11.9287 0.5
13 795.607 55.8436 6.98273 0.5
13 805.615 64.7827 -7.48653 0.5
13 784.096 80.199 -12.1054 0.5
13 814.139 22.3589 3.16807 0.5
13 782.654 93.3753 14.889 0.5
13 815.809 45.1985 -10.1217 0.5
13 824.611 32.7935 -5.61267 0.5
13 803.557 45.3324 11.1656 0.5
13 805.693 54.3264 -14.7593 0.5
13 811.711 45.7455 14.3028 0.5
13 795.704 83.3948 -4.04447 0.5
13 820.27 16.8963 -11.6045 0.5
13 814.47 24.253 8.73448 0.5
13 804.444 57.7585 -14.4718 0.5
13 819.333 32.9849 -14.1557 0.5
13 797.828 75.8987 -10.5867 0.5
13 788.94 67.9648 -7.97795 0.5
13 805.714 37.1368 3.92743 0.5
13 805.877 40.1561 -10.0064 0.5
13 819.636 22.3384 -14.0839 0.5
13 808.351 42.2229 14.2033 0.5
13 793.871 67.2065 -14.1705 0.5
13 818.165 24.4585 13.9199 0.5
13 816.927 17.9372 4.66775 0.5
13 783.171 89.8788 -14.9797 0.5
13 797.827 53.3016 9.03755 0.5
13 827.166 7.82787 -13.4558 0.5
13 791.77 83.1051 13.0809 0.5
13 799.64 64.1257 -14.8671 0.5
13 819.347 35.2569 -13.1274 0.5
13 797.381 55.0327 10.1825 0.5
13 780.626 99.2187 14.414 0.5
13 791.462 87.9362 9.4634 0.5
13 832.164 19.4772 -6.16138 0.5
13 825.317 21.8102 -14.4144 0.5
13 810.235 55.1831 9.74709 0.5
13 779.043 108.118 10.8953 0.5
13 782.801 94.8579 14.5716 0.5
13 784.12 89.0616 14.9999 0.5
13 825.754 31.6956 2.48403 0.5
13 812.169 48.6927 -12.5205 0.5
13 821.236 39.7219 0.403124 0.5
13 832.027 10.393 14.354 0.5
13 790.155 77.8449 14.9828 0.5
13 830.294 -2.73571 -9.29325 0.5
13 816.959 41.5494 -11.679 0.5
13 821.193 12.0657 -7.92149 0.5
13 792.234 89.6378 3.10106 0.5
13 814.925 38.906 14.6442 0.5
13 831.74 21.0761 -3.6823 0.5
13 829.166 -3.79542 2.51539 0.5
13 799.702 47.4667 3.6075 0.5
13 830.292 22.9896 -5.51936 0.5
13 787.698 76.9068 -13.7866 0.5
13 818.076 15.2085 0.479636 0.5
13 790.124 78.3687 -14.998 0.5
13 785.251 101.676 3.35463 0.5
13 795.164 59.5849 10.904 0.5
13 789.03 92.5799 8.90594 0.5
13 833.166 14.6792 10.5991 0.5
13 791.001 91.9914 -1.77782 0.5
13 781.421 107.395 -6.09612 0.5
13 781.586 86.1248 13.1157 0.5
13 818.233 16.2095 6.06295 0.5
13 819.716 16.1993 -10.0205 0.5
13 818.071 44.9251 -2.91455 0.5
13 825.22 12.5513 14.0412 0.5
13 796.766 54.4139 -7.98709 0.5
13 797.528 50.9736 -2.32983 0.5
13 779.094 88.0035 11.4278 0.5
13 820.99 11.1381 -5.34105 0.5
13 801.67 70.485 -9.17384 0.5
13 823.608 29.3576 12.192 0.5
13 828.955 2.93689 -12.4134 0.5
13 798.102 49.8546 -1.31206 0.5
13 815.349 44.9483 11.1588 0.5
13 800.515 70.7349 -11.0753 0.5
13 805.559 36.8947 -0.638743 0.5
13 779.867 106.521 -11.0533 0.5
13 802.557 55.6562 -14.9321 0.5
13 822.052 31.7392 12.4114 0.5
13 802.163 51.9831 13.8412 0.5
13 824.725 5.06708 -6.29065 0.5
13 804.003 40.9994 -6.37614 0.5
13 794.189 58.1214 6.63524 0.5
13 818.452 27.2638 -14.8247 0.5
13 802.186 54.1345 14.5642 0.5
13 828.293 -2.32495 -2.25104 0.5
13 798.018 65.4299 -14.9921 0.5
13 782.598 91.5623 14.9997 0.5
13 821.55 29.6533 -13.9671 0.5
13 805.351 56.501 -14.3824 0.5
13 823.47 23.2571 14.8071 0.5
13 830.991 18.2577 10.7851 0.5
13 781.388 80.4898 7.01644 0.5
13 798.182 60.898 14.5207 0.5
13 824.032 25.0666 -14.077 0.5
13 785.731 75.4628 -10.4495 0.5
13 797.487 73.3692 12.9868 0.5
13 808.035 38.648 12.0409 0.5
13 829.141 -2.73658 5.94166 0.5
13 801.73 73.3143 -2.4362 0.5
13 784.092 75.5106 6.42793 0.5
13 796.939 51.9093 1.70591 0.5
13 797.612 52.6086 -7.41698 0.5
13 791.025 75.8227 14.9494 0.5
13 804.539 38.7994 -2.12074 0.5
13 830.894 8.31749 14.9967 0.5
13 793.62 64.2697 12.5001 0.5
13 812.745 52.1312 7.98879 0.5
13 807.368 34.249 -3.84362 0.5
13 794.064 65.9498 13.8161 0.5
13 806.074 40.9296 11.1258 0.5
13 809.646 59.721 -1.56261 0.5
13 797.244 78.8518 -8.188 0.5
13 797.636 80.6011 -0.299594 0.5
13 825.09 10.1602 -12.7557 0.5
13 790.146 93.4911 -1.60474 0.5
13 803.174 69.3875 6.79094 0.5
13 780.169 109.031 -7.17318 0.5
13 809.85 35.5771 12.0954 0.5
13 821.674 16.1429 -12.7958 0.5
13 813.009 48.0233 -11.9663 0.5
13 798.522 61.9356 14.8475 0.5
13 811.471 55.5549 5.60406 0.5
13 818.942 17.8988 -10.4063 0.5
13 779.506 111.243 -4.72521 0.5
13 824.448 30.3563 -9.98777 0.5
13 779.385 83.7639 -6.63624 0.5
13 817.434 42.6697 -9.80051 0.5
13 805.644 43.042 12.2253 0.5
13 788.343 79.4418 14.8291 0.5
13 802.319 72.2269 2.81769 0.5
13 822.002 17.1313 13.6266 0.5
13 802.93 41.9569 3.92042 0.5
13 807.831 44.4468 14.5861 0.5
13 824.75 15.4073 14.647 0.5
13 813.226 24.6604 5.53602 0.5
13 778.62 92.5653 -13.758 0.5
13 788.335 84.5794 -14.7239 0.5
13 809.162 30.943 2.99856 0.5
13 805.806 46.4392 -14.1373 0.5
13 822.381 37.6979 1.18498 0.5
13 828.746 12.182 14.9929 0.5
13 825.123 3.03048 1.00936 0.5
13 798.165 64.0137 -14.9848 0.5
13 829.851 8.9507 -14.9755 0.5
13 805.313 61.5278 -11.8322 0.5
13 784.645 99.953 -9.19999 0.5
13 787.05 96.5393 8.13962 0.5
13 788.403 87.6483 13.7249 0.5
13 792.921 60.3744 -6.74852 0.5
13 822.674 25.4324 14.6558 0.5
13 804.012 46.5663 12.6917 0.5
13 801.095 53.8095 13.8316 0.5
13 807.226 50.2708 -14.9456 0.5
13 826.543 4.74901 10.4235 0.5
13 815.845 27.2624 13.3687 0.5
13 818.278 15.4266 -4.11221 0.5
13 788.31 67.0175 -2.7806 0.5
13 783.052 87.6958 14.6613 0.5
13 832.173 20.7834 -0.160675 0.5
13 817.318 44.538 7.44354 0.5
13 820.377 18.6647 -12.9608 0.5
13 826.543 30.0399 3.82405 0.5
13 830.785 18.561 -10.8361 0.5
13 806.76 37.4744 8.54746 0.5
13 829.894 3.13095 -13.4693 0.5
13 794.542 64.6355 13.5998 0.5
13 813.92 23.9365 -6.61407 0.5
13 828.6 23.4812 9.6217 0.5
13 821.827 8.78194 1.52787 0.5
13 790.425 63.1368 -1.12458 0.5
13 821.585 26.4505 -14.8185 0.5
13 786.919 99.1222 -1.1609 0.5
13 828.123 -2.20104 0.0905885 0.5
13 813.504 53.0105 1.81556 0.5
13 817.375 17.0987 -4.47761 0.5
14 886.864 111.471 -0.810811 0.5
14 864.849 59.3628 -14.9666 0.5
14 882.193 82.3481 13.7236 0.5
14 839.508 13.9177 -14.9898 0.5
14 849.909 40.9998 -12.3483 0.5
14 883.514 105.591 -1.73182 0.5
14 836.321 2.1765 -13.3834 0.5
14 875.596 85.2605 12.5046 0.5
14 857.6 57.0849 -9.88933 0.5
14 856.134 38.3286 14.164 0.5
14 862.501 52.706 -14.9156 0.5
14 872.551 74.3583 -14.7629 0.5
14 855.753 57.5444 -1.37556 0.5
14 851.625 47.5731 -8.84266 0.5
14 837.985 26.7596 1.46352 0.5
14 868.996 64.3655 -14.9536 0.5
14 839.441 16.7895 14.801 0.5
14 872.288 70.2563 14.9673 0.5
14 883.329 83.0739 -13.1059 0.5
14 858.914 45.0482 14.6901 0.5
14 876.136 71.4318 -13.5282 0.5
14 857.259 35.022 11.0046 0.5
14 851.171 35.2428 -14.9891 0.5
14 849.614 21.361 -10.6008 0.5
14 878.624 67.3073 1.60148 0.5
14 886.535 103.886 12.7115 0.5
14 840.164 28.2117 8.12885 0.5
14 881.451 80.1888 -13.3042 0.5
14 842.234 17.279 14.8776 0.5
14 865.139 46.7934 -8.90532 0.5
14 834.132 16.6678 9.62023 0.5
14 872.63 57.2212 3.36554 0.5
14 854.507 38.5754 -14.8826 0.5
14 842.772 9.82989 10.9115 0.5
14 871.013 60.5754 12.3846 0.5
14 841.185 6.6198 10.4557 0.5
14 885.609 107.449 7.25269 0.5
14 846.331 39.3699 7.33751 0.5
14 858.788 51.8199 14.4691 0.5
14 876.72 67.2736 -9.44868 0.5
14 847.203 37.4302 11.4983 0.5
14 883.549 93.5 14.746 0.5
14 857.074 48.3085 14.6064 0.5
14 845.235 20.5232 14.493 0.5
14 873.594 59.0828 -4.11045 0.5
14 837.846 19.5416 12.7193 0.5
14 859.823 35.3681 -4.5639 0.5
14 844.338 11.3736 -9.67615 0.5
14 877.532 94.6665 -4.40987 0.5
14 875.348 91.0425 3.85611 0.5
14 864.18 64.8106 12.928 0.5
14 883.561 101.187 10.7953 0.5
14 866.729 61.7618 14.9993 0.5
14 886.326 110.54 -0.783785 0.5
14 850.785 47.2599 -7.01589 0.5
14 841.405 21.5682 14.5075 0.5
14 847.596 39.6551 -10.0047 0.5
14 861.303 39.4771 -7.91385 0.5
14 873.783 62.7433 10.0981 0.5
14 850.761 42.3412 12.4404 0.5
14 872.019 58.0648 -7.95763 0.5
14 863.685 55.7636 14.9887 0.5
14 852.603 23.2836 5.7174 0.5
14 882.901 102.689 7.376 0.5
14 860.277 64.5221 -5.17255 0.5
14 850.33 19.6894 6.4888 0.5
14 835.754 18.6307 10.5493 0.5
14 876.869 92.6151 -6.67167 0.5
14 838.183 24.1275 -9.06198 0.5
14 868.524 79.5629 -2.21183 0.5
14 842.356 23.3384 14.4743 0.5
14 843.077 6.23348 -4.13927 0.5
14 849.343 25.8395 -13.8892 0.5
14 833.48 -8.66826 7.98522 0.5
14 879.181 76.623 13.4887 0.5
14 841.807 20.2187 -14.8956 0.5
14 880.048 96.7177 8.95896 0.5
14 881.338 99.9291 -7.46926 0.5
14 849.345 43.3755 -9.17335 0.5
14 871.026 69.3843 14.9965 0.5
14 848.147 37.4261 12.6932 0.5
14 846.495 37.1549 10.6303 0.5
14 857.799 53.5242 -13.0625 0.5
14 842.099 27.7341 12.1644 0.5
14 843.859 36.7667 -2.67124 0.5
14 839.496 -0.133051 3.51833 0.5
14 878.962 78.215 -14.2803 0.5
14 860.547 55.0082 14.4293 0.5
14 857.989 34.8064 9.41891 0.5
14 842.656 11.7615 -12.5853 0.5
14 835.683 10.6913 -14.7276 0.5
14 886.879 82.5391 -5.43905 0.5
14 852.742 35.3671 14.8628 0.5
14 837.761 26.2135 -2.61812 0.5
14 868.948 68.1626 14.7547 0.5
14 873.825 69.9381 14.4647 0.5
14 839.389 22.8465 12.3015 0.5
14 835.61 7.94207 -14.9983 0.5
14 870.013 52.4914 2.35611 0.5
14 868.086 78.9131 -1.28911 0.5
14 860.794 36.3877 1.21401 0.5
14 855.569 44.6182 -14.8179 0.5
14 837.585 -3.29501 4.07936 0.5
14 856.176 48.4723 -14.0944 0.5
14 859.251 34.4739 4.85902 0.5
14 870.35 53.7613 5.03997 0.5
14 844 32.9301 -10.5327 0.5
14 877.917 86.0729 -14.1146 0.5
14 867.278 64.2846 -14.9015 0.5
14 858.367 32.3123 -2.29843 0.5
14 878.706 97.3446 0.724427 0.5
14 871.822 84.5974 4.95446 0.5
14 856.462 41.1251 -14.7533 0.5
14 847.93 21.6271 -13.0304 0.5
14 835.332 -7.18362 -4.13222 0.5
14 857.602 59.4703 6.19509 0.5
14 837.713 3.45946 12.7507 0.5
14 885.101 105.708 -8.63014 0.5
14 884.675 87.6271 -14.1156 0.5
14 849.447 44.3045 8.10754 0.5
14 834.157 17.2639 -8.91601 0.5
14 864.207 52.6647 -14.2823 0.5
14 874.934 84.5825 -12.1814 0.5
14 869.104 52.7801 -7.56581 0.5
14 883.67 98.0855 13.1995 0.5
14 843.783 26.1282 -14.3844 0.5
14 877.071 88.8701 11.7385 0.5
14 880.016 99.6308 0.187823 0.5
14 865.326 56.8841 14.8221 0.5
14 849.97 18.7844 -5.86345 0.5
14 849.732 35.0129 -14.7298 0.5
14 843.99 13.7393 -12.3633 0.5
14 884.98 79.5626 6.18076 0.5
14 882.562 103.328 4.57251 0.5
14 838.218 -2.76307 0.159883 0.5
14 866.066 68.6375 -12.5817 0.5
14 880.518 94.4106 -12.0673 0.5
14 859.599 44.4406 -14.202 0.5
14 866.142 75.3205 -2.89271 0.5
14 845.425 29.6282 -14.174 0.5
14 839.86 29.2594 4.89234 0.5
14 856.396 35.2549 -12.3827 0.5
14 884.337 88.0407 14.4356 0.5
14 865.368 59.4913 14.9982 0.5
14 859.232 50.8378 -14.8371 0.5
14 861.26 57.3997 14.0493 0.5
14 854.887 36.4937 -14.2732 0.5
14 867.185 77.04 -3.30003 0.5
14 856.898 49.9253 14.0189 0.5
14 863.532 68.8665 7.84427 0.5
14 875.958 90.0578 -8.35976 0.5
14 837.981 13.0132 -14.9529 0.5
14 875.524 88.6676 -9.23996 0.5
14 865.977 45.4476 -1.99286 0.5
14 867.167 71.7943 -11.6751 0.5
14 873.839 88.9038 0.933241 0.5
14 876.946 66.3363 -7.52244 0.5
14 882.954 99.9998 -10.9233 0.5
14 879.679 69.1213 1.47594 0.5
14 841.1 11.1632 13.7193 0.5
14 868.556 74.7851 -11.1772 0.5
14 838.076 16.8129 -14.2034 0.5
14 875.479 70.276 -13.5194 0.5
14 864.38 60.319 -14.7421 0.5
14 871.032 68.8951 -14.999 0.5
14 848.081 27.4691 14.8855 0.5
14 863.084 40.3066 -0.183982 0.5
14 841.02 2.87171 4.7833 0.5
14 888.82 97.7922 14.854 0.5
14 887.913 111.165 7.72983 0.5
14 886.828 96.3118 14.9995 0.5
14 842.113 5.76767 7.09773 0.5
14 848.291 19.274 -10.802 0.5
14 850.584 18.6792 -0.87446 0.5
14 875.39 65.3873 9.94172 0.5
14 870.904 72.0187 14.6612 0.5
14 875.102 77.9165 14.8922 0.5
14 886.774 107.244 -10.2977 0.5
14 885.788 89.3548 14.0421 0.5
14 885.256 100.045 -13.5952 0.5
14 837.882 7.38566 -14.3803 0.5
14 881.244 100.169 6.72014 0.5
14 853.922 53.4947 -5.22827 0.5
14 880.763 78.3966 12.9732 0.5
14 837.127 17.727 -13.0584 0.5
14 856.847 45.2572 -14.981 0.5
14 873.5 58.5486 2.4582 0.5
14 834.044 14.2718 11.7955 0.5
14 869.403 79.0602 7.80249 0.5
14 857.431 52.7419 13.1434 0.5
14 833.536 3.09425 14.9645 0.5
14 864.43 69.5771 9.07837 0.5
14 848.219 37.0769 -12.9791 0.5
14 881.771 101.388 -6.07036 0.5
14 850.461 33.2404 -14.9987 0.5
14 871.65 62.8738 -13.122 0.5
15 963.205 85.9275 5.19266 0.5
15 917.229 95.4475 -14.2925 0.5
15 947.106 111.484 9.6498 0.5
15 927.136 101.189 14.9528 0.5
15 991.614 85.7297 -4.62158 0.5
15 996.514 114.056 5.23699 0.5
15 999.904 90.1124 11.2799 0.5
15 994.65 112.755 -7.89406 0.5
15 989.659 90.9102 11.9321 0.5
15 944.776 91.4579 12.3302 0.5
15 938.341 101.993 14.867 0.5
15 963.362 93.1888 13.3644 0.5
15 919.641 85.6422 4.34204 0.5
15 901.911 90.098 -11.2672 0.5
15 894.007 96.79 14.6525 0.5
15 985.24 106.125 13.6926 0.5
15 981.071 101.362 -14.9381 0.5
15 940.418 113.802 5.87304 0.5
15 933.901 85.0116 -0.588853 0.5
15 989.659 85.0225 0.821117 0.5
15 994.524 107.435 13.0279 0.5
15 982.16 96.1541 14.4986 0.5
15 891.626 92.4617 12.9682 0.5
15 941.953 114.997 -0.285301 0.5
15 916.414 104.144 14.4163 0.5
15 908.456 88.5217 -9.65648 0.5
15 920.778 113.027 -7.43675 0.5
15 948.233 114.947 -1.25837 0.5
15 984.89 113.683 -6.1453 0.5
15 943.858 108.004 12.6859 0.5
15 896.396 114.239 -4.71856 0.5
15 902.788 114.218 -4.78132 0.5
15 894.464 91.0699 -12.0521 0.5
15 969.897 91.4559 12.3287 0.5
15 912.952 100.485 -14.9922 0.5
15 964.394 86.0836 -5.59764 0.5
15 895.815 95.2722 -14.2354 0.5
15 909.679 97.3865 -14.7706 0.5
15 941.637 98.7976 -14.9517 0.5
15 966.004 114.613 3.38724 0.5
15 927.601 97.576 14.8028 0.5
15 979.572 113.58 6.37019 0.5
15 944.041 103.657 -14.5473 0.5
15 893.058 88.6448 -9.80097 0.5
15 939.178 114.834 2.22743 0.5
15 958.746 103.91 -14.4813 0.5
15 976.629 86.1149 5.67478 0.5
15 957.242 101.597 14.9148 0.5
15 924.43 90.3395 11.4749 0.5
15 922.449 85.74 4.65323 0.5
15 917.89 85.0592 1.33161 0.5
15 961.951 91.4784 12.3443 0.5
15 961.157 113.021 -7.44602 0.5
15 989.821 100.067 -14.9999 0.5
15 942.751 101.337 14.9403 0.5
15 897.715 91.5908 12.4212 0.5
15 918.551 90.4371 11.5564 0.5
15 936.493 104.145 14.4158 0.5
15 968.643 89.6657 10.872 0.5
15 934.863 104.342 -14.3577 0.5
15 914.916 103.573 14.5682 0.5
15 898.582 95.2556 -14.2299 0.5
15 957.639 89.7308 -10.9336 0.5
15 972.379 85.6768 -4.45503 0.5
15 945.163 106.527 13.5055 0.5
15 982.788 98.5897 -14.9336 0.5
15 930.685 104.269 14.3796 0.5
15 978.319 98.1876 -14.8901 0.5
15 946.222 91.3453 12.2514 0.5
15 962.015 113.331 -6.87552 0.5
15 900.838 103.786 14.5142 0.5
15 994.282 97.3279 14.7601 0.5
15 982.876 111.43 9.71337 0.5
15 923.75 98.3153 -14.9051 0.5
15 993.367 108.243 -12.532 0.5
15 910.388 85.2525 2.7409 0.5
15 934.049 86.9947 7.47408 0.5
15 913.105 86.1288 -5.70864 0.5
15 987.068 97.082 14.7134 0.5
15 899.975 92.1123 12.7587 0.5
15 977.979 107.868 -12.7706 0.5
15 943.082 85.2888 -2.92931 0.5
15 930.9 108.757 12.1782 0.5
15 962.306 114.807 -2.39769 0.5
15 897.106 85.0799 1.54617 0.5
15 945.435 114.744 2.762 0.5
15 960.066 108.969 -12.0234 0.5
15 930.561 109.239 -11.8172 0.5
15 962.218 113.812 5.85014 0.5
15 922.018 112.689 8.00011 0.5
15 981.601 107.001 13.266 0.5
15 921.762 108.669 -12.2411 0.5
15 959.581 93.4944 -13.5158 0.5
15 904.13 102.803 -14.7358 0.5
15 989.521 88.3983 -9.50789 0.5
15 986.184 85.5378 -3.98045 0.5
15 913.63 91.6199 -12.4408 0.5
15 941.041 85.9926 -5.36595 0.5
15 902.256 94.0472 -13.7682 0.5
15 975.726 85.7025 4.53683 0.5
15 890.459 90.4768 -11.5891 0.5
15 924.615 108.92 12.0599 0.5
15 970.916 86.0484 -5.50944 0.5
15 898.244 85.009 0.5203 0.5
15 919.657 93.805 -13.6609 0.5
15 961.269 108.454 12.3907 0.5
15 984.268 107.633 12.9127 0.5
15 910.37 85.2303 -2.61866 0.5
15 907.052 95.8993 14.4286 0.5
15 920.482 87.9927 8.9903 0.5
15 939.774 91.3587 12.2608 0.5
15 961.789 102.426 -14.8025 0.5
15 956.671 85.0433 1.13953 0.5
15 991.754 101.733 -14.8995 0.5
15 994.1 112.056 -8.92443 0.5
15 910.792 95.7414 14.3828 0.5
15 976.291 103.841 -14.4999 0.5
15 983.93 85.0814 1.56058 0.5
15 920.428 111.536 -9.58752 0.5
15 952.366 108.797 -12.1499 0.5
15 902.834 112.971 7.53265 0.5
15 924.853 104.635 14.2658 0.5
15 966.802 93.9919 13.7442 0.5
15 966.322 87.279 7.94835 0.5
15 895.742 88.1873 9.24444 0.5
15 993.55 85.3727 -3.32292 0.5
15 988.088 111.251 9.92057 0.5
15 991.45 90.51 -11.6163 0.5
15 997.727 106.272 -13.6256 0.5
15 942.653 107.012 -13.2599 0.5
15 916.645 85.1069 -1.7877 0.5
15 948.265 92.6989 -13.1032 0.5
15 978.75 114.891 -1.80187 0.5
15 966.938 111.067 10.1249 0.5
15 998.741 85.1725 2.26804 0.5
15 931.462 109.766 -11.385 0.5
15 899.546 114.884 1.85925 0.5
15 912.78 112.323 8.55305 0.5
15 924.411 93.5744 -13.554 0.5
15 894.568 85.5429 -3.99908 0.5
15 986.534 110.584 10.629 0.5
15 971.756 114.706 -2.95537 0.5
15 900.676 109.114 11.9135 0.5
15 948.934 111.932 9.09025 0.5
15 986.935 91.7707 12.5411 0.5
15 905.709 89.5194 -10.7311 0.5
15 994.202 109.629 11.5018 0.5
15 960.499 85.0368 1.04941 0.5
15 945.315 114.985 0.664207 0.5
15 956.028 85.2044 2.46807 0.5
15 918.05 105.765 13.848 0.5
15 931.918 114.19 4.86266 0.5
15 919.749 112.343 8.52375 0.5
15 973.36 88.4534 -9.57478 0.5
15 983.952 92.1772 -12.7986 0.5
15 919.143 89.3061 -10.5185 0.5
15 958.307 114.813 -2.36063 0.5
15 940.001 89.9321 11.1193 0.5
15 956.584 106.403 13.5645 0.5
15 951.956 93.7674 13.6439 0.5
15 979.971 86.2721 -6.0452 0.5
15 910.09 87.1409 -7.72296 0.5
15 949.217 112.747 7.90661 0.5
15 904.077 88.3197 -9.41121 0.5
15 994.405 112.769 7.87132 0.5
15 972.807 86.6167 -6.77402 0.5
15 934.344 114.438 4.0661 0.5
15 911.757 89.584 10.7938 0.5
15 947.916 111.998 -9.00204 0.5
15 902.432 105.196 -14.0713 0.5
15 987.824 106.5 -13.5185 0.5
15 977.031 106.333 13.5976 0.5
15 936.509 96.3771 -14.5559 0.5
15 951.558 111.528 9.59731 0.5
15 907.489 111.847 9.20035 0.5
15 918.357 110.437 10.7738 0.5
15 915.973 114.96 1.09138 0.5
15 944.981 85.0008 0.152137 0.5
15 986.184 108.252 12.5264 0.5
15 972.558 90.4297 -11.5503 0.5
15 994.638 85.91 5.14518 0.5
15 999.346 103.767 14.5192 0.5
15 942.265 94.6435 -14.011 0.5
15 918.29 85.7987 -4.82947 0.5
15 977.733 113.742 -6.01398 0.5
15 920.069 113.856 -5.74465 0.5
15 992.456 94.5599 13.9788 0.5
15 891.302 103.019 -14.6931 0.5
15 992.354 85.0269 0.897256 0.5
15 965.82 104.939 -14.1634 0.5
15 897.364 113.909 5.61547 0.5
15 943.877 105.48 13.963 0.5
15 952.712 87.2384 7.88297 0.5
15 915.809 85.0218 -0.808706 0.5
15 909.203 86.4825 -6.50213 0.5
15 956.73 88.3781 9.48321 0.5
15 947.497 87.3787 -8.10574 0.5
15 909.492 114.13 -5.03513 0.5
15 920.412 108.35 12.4611 0.5
15 922.256 89.3877 -10.6009 0.5
15 903.504 103.992 14.459 0.5
