0 163.058 54.8047 -89.2042 0.5
0 64.6031 102.809 99.9605 0.5
0 174.611 198.686 16.155 0.5
0 134.822 197.862 -20.5662 0.5
0 63.0729 127.772 96.0662 0.5
0 8.59745 193.171 36.3197 0.5
0 113.025 65.1251 93.7216 0.5
0 71.1523 48.0691 85.4586 0.5
0 10.2986 57.4947 90.5169 0.5
0 35.4087 186.702 49.8265 0.5
0 159.24 150.183 86.4964 0.5
0 17.5275 21.3361 61.7413 0.5
0 214.148 45.7047 -83.9763 0.5
0 183.219 86.0181 99.0177 0.5
0 100.206 48.8467 85.9263 0.5
0 330.016 11.0113 -45.6181 0.5
0 18.7515 0.0890938 -4.22029 0.5
0 8.19237 149.796 -86.72 0.5
0 26.1311 3.60126 -26.5948 0.5
0 38.6617 94.6674 99.8577 0.5
0 330.653 68.1788 94.802 0.5
0 98.7711 180.146 -59.8042 0.5
0 14.3586 0.991781 -14.0489 0.5
0 158.993 68.3749 94.8676 0.5
0 200.181 73.0217 -96.2921 0.5
0 236.843 199.579 -9.1689 0.5
0 258.657 194.759 31.9489 0.5
0 238.592 76.2733 97.1444 0.5
0 0.820836 13.9062 -50.8711 0.5
0 246.27 199.723 -7.4337 0.5
0 215.951 1.34745 -16.3608 0.5
0 74.4452 158.668 -80.9822 0.5
0 64.0038 18.3537 57.7397 0.5
0 134.121 8.37607 -40.0631 0.5
0 283.023 1.16568 15.2243 0.5
0 178.84 142.846 -90.3561 0.5
0 307.26 92.2854 99.702 0.5
0 177.465 173.452 -67.8592 0.5
0 165.578 133.199 94.3282 0.5
0 110.266 145.152 -89.226 0.5
0 47.4237 192.594 -37.7679 0.5
0 186.571 128.762 -95.7744 0.5
0 237.946 39.5521 -79.6621 0.5
0 88.2984 1.50357 17.2758 0.5
0 143.714 198.61 16.6142 0.5
0 177.651 99.7869 99.9998 0.5
0 74.1085 190.85 -41.7893 0.5
0 266.677 10.9785 -45.5541 0.5
0 221.122 181.04 58.5879 0.5
0 183.699 4.27617 -28.9301 0.5
0 210.776 0.358839 8.46399 0.5
0 181.122 134.99 93.6788 0.5
0 245.624 35.3132 -76.2602 0.5
0 109.764 195.8 28.6764 0.5
0 155.745 185.712 51.5125 0.5
0 283.691 131.236 -94.9964 0.5
0 258.528 123.654 -97.1621 0.5
0 58.3411 108.048 -99.6756 0.5
0 116.442 199.675 -8.05057 0.5
0 147.807 115.894 98.7289 0.5
0 293.979 191.332 -40.7247 0.5
0 295.402 52.1263 -87.7958 0.5
0 25.7168 196.103 -27.6441 0.5
0 303.711 66.1662 94.1025 0.5
0 94.9905 187.48 -48.4491 0.5
0 274.625 75.5512 96.9652 0.5
0 313.036 0.740971 -12.1509 0.5
0 194.289 177.081 63.7068 0.5
0 257.53 192.006 39.1769 0.5
0 262.533 197.627 21.6548 0.5
0 176.413 198.6 -16.6726 0.5
0 104.732 184.375 53.6735 0.5
0 85.7143 37.6071 78.1481 0.5
0 231.752 198.533 -17.0653 0.5
0 305.312 194.431 -32.906 0.5
0 298.061 2.3461 21.5341 0.5
0 16.4007 2.44654 -21.9846 0.5
0 240.308 0.570252 -10.6642 0.5
0 316.392 21.2054 -61.5745 0.5
0 248.448 93.9288 99.8155 0.5
0 213.764 20.2774 -60.3681 0.5
0 298.547 31.8393 -73.1719 0.5
0 242.037 183.856 54.4811 0.5
0 19.6155 0.102684 4.53059 0.5
0 84.5821 167.352 -73.9167 0.5
0 86.9399 19.0619 -58.7284 0.5
0 16.8545 44.2312 -83.005 0.5
0 293.805 165.582 75.4917 0.5
0 137.944 6.08094 -34.3396 0.5
0 34.4655 105.487 99.8494 0.5
0 33.8736 7.56847 -38.163 0.5
0 87.1165 28.269 69.6754 0.5
0 93.1024 193.094 -36.516 0.5
0 243.401 72.2645 96.0768 0.5
0 107.161 168.091 -73.2372 0.5
0 146.295 186.715 -49.8041 0.5
0 26.607 88.6827 99.3575 0.5
0 132.468 143.613 -89.9882 0.5
0 243.472 51.9223 87.6843 0.5
0 162.99 192.315 38.4448 0.5
0 144.597 114.06 -99.0066 0.5
0 35.8784 199.976 -2.17521 0.5
0 31.2091 0.923794 -13.5612 0.5
0 141.644 10.5409 -44.6886 0.5
0 284.264 113.829 99.0391 0.5
0 189.596 20.0573 -60.0763 0.5
0 268.56 80.2411 98.0285 0.5
0 47.6093 121.251 97.7159 0.5
0 322.315 95.574 -99.902 0.5
0 288.357 64.9039 93.639 0.5
0 131.144 127.227 -96.222 0.5
0 130.434 136.612 -93.0569 0.5
0 46.3579 96.4714 99.9377 0.5
0 260.305 199.081 13.5287 0.5
0 68.6443 107.787 99.6963 0.5
0 206.81 49.839 86.5094 0.5
0 217.523 3.82577 -27.3956 0.5
0 188.427 48.3326 85.6182 0.5
0 137.927 168.701 -72.6652 0.5
0 177.089 8.80015 -41.0194 0.5
0 166.495 174.06 67.1947 0.5
0 290.006 114.572 -98.9326 0.5
0 149.9 183.765 54.6202 0.5
0 60.0394 81.1745 98.212 0.5
0 248.806 107.132 99.7453 0.5
0 5.17604 199.962 -2.74416 0.5
0 287.478 18.2492 57.5917 0.5
0 310.633 194.354 33.1247 0.5
0 15.9152 199.285 -11.9328 0.5
0 298.736 174.119 -67.129 0.5
0 82.7429 31.1206 72.4957 0.5
0 94.2886 174.237 -66.9985 0.5
0 114.321 0.521469 -10.1991 0.5
0 227.233 153.237 -84.651 0.5
0 236.624 50.6672 -86.9844 0.5
0 27.2551 92.6154 -99.727 0.5
0 326.715 95.3161 99.8902 0.5
0 175.144 81.0781 98.1935 0.5
1 380.051 -74.9741 33.96 0.5
1 388.838 94.3317 -42.6074 0.5
1 351.271 32.161 92.9941 0.5
1 385.866 -65.6087 -66.5732 0.5
1 361.891 128.819 -62.2232 0.5
1 355.753 -37.9701 -13.1043 0.5
1 365.176 122.785 62.6555 0.5
1 352.069 -5.20674 -68.6056 0.5
1 383.724 -84.3911 23.8607 0.5
1 360.236 11.3354 90.7209 0.5
1 347.147 38.969 92.861 0.5
1 375.648 97.6269 -70.5031 0.5
1 341.383 182.126 -27.7659 0.5
1 365.357 -45.5409 43.4352 0.5
1 353.38 -28.8829 -33.6687 0.5
1 359.901 -45.9989 1.85637 0.5
1 388.31 104.539 6.90536 0.5
1 344.31 174.801 -34.6263 0.5
1 363.811 22.5644 -96.915 0.5
1 350.216 127.67 -82.2261 0.5
1 369.438 104.732 -73.9942 0.5
1 388.68 92.3161 47.1623 0.5
1 363.507 29.3466 98.2944 0.5
1 369.516 -44.8428 -56.988 0.5
1 354.975 72.783 99.4716 0.5
1 367.289 -15.2703 -82.5386 0.5
1 377.787 -43.2827 -74.8733 0.5
1 374.925 123.003 -31.0976 0.5
1 343.465 89.5396 -99.7485 0.5
1 370.517 76.5221 -91.2415 0.5
1 338.276 191.138 -7.7486 0.5
1 382.109 14.2111 -99.9915 0.5
1 374.386 -13.732 -90.4596 0.5
1 387.246 59.7176 -84.7392 0.5
1 382.546 23.2947 99.6353 0.5
1 367.927 55.9774 98.7287 0.5
1 371.177 -34.3444 -72.5736 0.5
1 352.815 105.58 91.9439 0.5
1 372.214 102.298 -71.7637 0.5
1 369.55 -34.1329 -70.0111 0.5
1 364.832 89.2204 -89.9087 0.5
1 349.477 -15.8173 47.7629 0.5
1 372.073 34.9705 -99.9786 0.5
1 372.123 -14.2799 -88.216 0.5
1 342.716 156.622 68.4797 0.5
1 362.673 135.692 -50.1606 0.5
1 355.145 49.357 -99.1691 0.5
1 385.953 -41.322 86.4973 0.5
1 372.349 42.9179 -99.4477 0.5
1 340.727 -12.4 -8.99556 0.5
1 358.906 154.453 15.7922 0.5
1 384.809 106.106 -30.4097 0.5
1 346.476 15.2581 -78.4776 0.5
1 368.593 31.5955 99.7307 0.5
1 335.293 176.016 -60.7791 0.5
1 337.851 26.7871 75.6598 0.5
1 384.055 -73.1483 -52.198 0.5
1 354.185 -29.9547 34.5583 0.5
1 335.171 1.55831 30.4277 0.5
1 385.5 103.731 -33.8816 0.5
1 342.154 118.744 94.0349 0.5
1 363.723 -4.41719 -85.5498 0.5
1 333.857 190.623 -40.2793 0.5
1 359.204 -42.0917 -23.1513 0.5
1 384.423 4.48146 -99.7527 0.5
1 343.489 164.32 57.3649 0.5
1 364.884 129.447 -54.1133 0.5
1 370.264 5.18249 95.122 0.5
1 373.456 6.1517 -96.9891 0.5
1 336.197 132.999 92.5152 0.5
1 344.679 159.026 -61.7247 0.5
1 357.117 -3.06247 78.5644 0.5
1 377.415 -50.7018 -66.8729 0.5
1 348.209 24.6462 -86.839 0.5
1 345.431 -15.5486 -32.4309 0.5
1 368.318 139.283 -4.91055 0.5
1 340.573 163.286 65.1955 0.5
1 366.48 -54.9828 -21.9067 0.5
1 358.324 73.6105 98.5622 0.5
1 349.456 41.8784 95.3321 0.5
1 346.018 38.5071 -91.8585 0.5
1 382.95 -47.7706 78.5931 0.5
1 363.999 -49.2964 27.3709 0.5
1 360.215 151.113 21.446 0.5
1 368.686 135.765 24.3199 0.5
1 345.087 -20.2902 -3.66969 0.5
1 379.81 114.269 -31.9228 0.5
1 336.433 105.351 99.4236 0.5
1 349.668 10.0693 -78.7448 0.5
1 379.799 -80.4221 -3.41193 0.5
1 385.167 -1.79276 -99.2756 0.5
1 353.653 -4.71391 -71.8816 0.5
1 353.614 164.542 8.13794 0.5
1 350.408 12.953 -81.8348 0.5
1 375.873 -14.705 -91.1977 0.5
1 371.416 -47.5212 57.8615 0.5
1 360.97 103.795 85.6202 0.5
1 359.731 144.695 -42.7183 0.5
1 368.273 50.2348 99.4202 0.5
1 362.177 103.317 84.6276 0.5
1 380.307 -5.15861 97.1269 0.5
1 340.897 -9.69182 -25.8883 0.5
1 354.855 -5.63108 72.9906 0.5
1 388.623 69.8433 75.4686 0.5
1 337.736 192.295 3.97649 0.5
1 340.565 169.133 57.7226 0.5
1 353.51 78.2529 -99.1249 0.5
1 380.173 60.283 91.0226 0.5
1 379.371 111.127 -41.7537 0.5
1 334.704 181.65 54.2209 0.5
1 380.378 118.44 3.92407 0.5
1 376.944 46.7232 97.4913 0.5
2 353.596 42.3882 -7.1755 0.5
2 365.165 -86.0757 87.3066 0.5
2 371.005 -120.411 -36.2212 0.5
2 370.586 -43.5923 98.7653 0.5
2 354.778 -155.197 4.67498 0.5
2 383.278 -61.6364 -83.0559 0.5
2 375.58 51.2601 -70.8846 0.5
2 337.507 -5.70587 -60.6402 0.5
2 339.038 -93.9399 99.3514 0.5
2 335.623 -7.05432 58.0452 0.5
2 388.844 92.6085 45.7682 0.5
2 383.222 92.1219 -19.0837 0.5
2 382.163 90.1825 -19.6156 0.5
2 359.1 52.173 1.06526 0.5
2 336.074 -10.0938 -63.0611 0.5
2 376.016 78.6544 23.6005 0.5
2 380.937 37.983 -87.7368 0.5
2 364.899 -136.879 -13.3715 0.5
2 357.209 -133.386 56.8194 0.5
2 355.711 -126.621 68.4188 0.5
2 345.5 -101.568 95.3333 0.5
2 372.571 36.3577 79.3589 0.5
2 366.94 -125.926 39.9257 0.5
2 336.784 -28.729 -81.6431 0.5
2 338.295 -175.165 -40.7751 0.5
2 346.872 -21.5464 88.0236 0.5
2 343.422 -19.7964 -83.3984 0.5
2 348.586 -69.4299 99.9422 0.5
2 384.04 -98.2984 -34.9995 0.5
2 362.275 -32.2449 -99.491 0.5
2 350.444 -56.2792 -99.7863 0.5
2 384.335 -86.2271 -57.0715 0.5
2 338.785 -158.293 65.8191 0.5
2 385.95 -44.8277 90.037 0.5
2 359.87 -110.187 77.0861 0.5
2 344.26 -168.706 -30.6696 0.5
2 374.591 -41.0491 97.9674 0.5
2 339.706 -150.163 -72.618 0.5
2 365.888 29.6614 -75.3673 0.5
2 365.496 -130.137 -35.7417 0.5
2 356.882 -80.6236 95.7145 0.5
2 352.316 -106.659 88.2202 0.5
2 349.683 -48.6778 98.7987 0.5
2 340.441 -164.252 54.0833 0.5
2 370.331 -118.295 43.7419 0.5
2 348.761 13.2119 61.3877 0.5
2 351.985 18.6661 61.5538 0.5
2 337.198 -98.8268 99.1422 0.5
2 346.101 -170.336 -0.0572209 0.5
2 370.477 -98.1911 71.3407 0.5
2 352.532 -47.535 -99.3177 0.5
2 341.27 -173.468 -31.9302 0.5
2 373.572 25.1382 -87.785 0.5
2 355.862 -105.617 -85.3026 0.5
2 361.401 55.3903 -12.423 0.5
2 367.732 42.5214 65.6967 0.5
2 374.25 -21.4918 -100 0.5
2 338.872 -171.212 46.8333 0.5
2 338.65 -53.6443 95.52 0.5
2 353.015 -155.233 -24.8106 0.5
2 356.84 -79.1748 -96.1617 0.5
2 355.038 10.4993 -75.6873 0.5
2 377.077 4.35351 -97.7623 0.5
2 378.748 -107.229 -35.6232 0.5
2 385.249 37.6661 91.5661 0.5
2 366.843 6.40048 91.2933 0.5
2 360.791 -143.87 -14.2597 0.5
2 374.109 71.4556 36.0378 0.5
2 343.495 -156.266 -58.063 0.5
2 334.357 -48.9496 90.8778 0.5
2 368.881 -52.586 97.6159 0.5
2 339.388 8.94124 -41.6686 0.5
2 385.472 96.5484 16.1283 0.5
2 385.255 -25.1196 97.4126 0.5
2 335.158 -71.1092 98.3335 0.5
2 383.779 -8.4761 99.9422 0.5
2 344.709 27.0734 5.97961 0.5
2 379.08 53.0095 74.929 0.5
2 383.418 -105.162 -10.3716 0.5
2 374.682 -120.069 -12.3322 0.5
2 359.647 50.4911 -22.8058 0.5
2 336.098 -96.7868 99.5828 0.5
2 357.77 -140.717 -42.3417 0.5
2 335.331 -50.537 -92.3109 0.5
2 360.918 -68.6445 -97.0843 0.5
2 340.211 -34.1823 -88.6065 0.5
2 379.2 -36.3729 97.2318 0.5
2 387.72 87.6889 -51.1337 0.5
2 342.214 -164.1 -49.2509 0.5
2 340.159 -38.0053 90.4615 0.5
2 343.717 -174.296 -5.82503 0.5
2 379.913 87.9796 -7.0379 0.5
2 334.703 -23.1017 74.257 0.5
2 347.507 -123.167 -83.34 0.5
2 339.94 -158.929 -62.6756 0.5
2 378.593 85.898 -2.96832 0.5
2 340.915 -18.4544 79.3449 0.5
2 366.373 -135.057 5.7585 0.5
2 373.069 76.0822 7.64275 0.5
2 348.124 -15.6893 85.9327 0.5
2 348.627 33.2999 12.1312 0.5
2 363.877 -74.3892 -93.734 0.5
2 350.725 -138.188 -65.1548 0.5
2 359.126 41.5315 -44.9915 0.5
2 376.922 -26.8837 99.5057 0.5
2 338.08 11.2706 -29.6646 0.5
2 371.684 73.3436 11.2292 0.5
2 341.071 -61.3604 98.4233 0.5
2 383.86 -44.946 -91.6472 0.5
2 371.128 27.487 -83.8604 0.5
2 360.048 -26.186 97.9812 0.5
2 361.552 -96.6368 84.7604 0.5
2 360.667 -144.247 -13.082 0.5
2 375.455 64.8385 53.7409 0.5
2 345.974 22.3428 -37.0132 0.5
2 333.475 -189.928 21.2187 0.5
2 372.18 -58.9541 94.1191 0.5
2 345.142 -166.493 32.716 0.5
2 345.088 23.3299 29.9159 0.5
2 376.837 -69.8495 -84.9551 0.5
2 341.805 -107.589 95.4527 0.5
2 345.97 -33.16 92.7419 0.5
2 367.98 60.9445 -35.7668 0.5
2 357.871 -49.6286 -99.9995 0.5
3 342.687 -1.73511 42.0808 0.5
3 395.33 -22.6657 71.625 0.5
3 426.415 -150.38 81.5113 0.5
3 394.819 5.4571 20.3515 0.5
3 389.634 3.15762 -29.3115 0.5
3 397.667 -191.597 -13.0353 0.5
3 383.685 -179.941 -48.4288 0.5
3 342.236 -184.309 39.5203 0.5
3 411.965 -3.55108 -45.7926 0.5
3 439.292 6.67429 -13.2045 0.5
3 387.772 -117.592 96.7878 0.5
3 404.052 -192.45 0.197281 0.5
3 416.582 -24.3075 73.1887 0.5
3 392.961 -178.022 -51.7436 0.5
3 355.449 -172.402 -60.0638 0.5
3 388.15 -134.531 90.7151 0.5
3 361.743 -81.8054 -99.4318 0.5
3 424.034 -160.669 -73.1173 0.5
3 413.917 -101.524 -99.5874 0.5
3 353.547 -134.504 90.7275 0.5
3 384.198 -72.9306 98.0765 0.5
3 350.341 -178.67 50.6578 0.5
3 423.025 -177.34 52.855 0.5
3 337.453 -47.8108 -89.4837 0.5
3 371.971 -111.013 -98.262 0.5
3 441.169 -124.96 94.5681 0.5
3 408.444 -68.4075 -97.0667 0.5
3 335.476 3.11216 29.4594 0.5
3 391.561 -83.0194 99.5543 0.5
3 369.196 -142.839 -86.3769 0.5
3 397.002 -36.2348 -82.7033 0.5
3 443.436 -169.112 64.2099 0.5
3 377.746 6.93662 -11.0581 0.5
3 415.226 -135.479 -90.2691 0.5
3 440.172 0.587967 36.6595 0.5
3 389.066 7.50065 3.13855 0.5
3 344.306 1.91349 33.0986 0.5
3 335.004 -92.9265 99.9989 0.5
3 361.654 -40.6561 85.5417 0.5
3 388.346 -28.6768 -77.0257 0.5
3 410.508 -172.054 -60.5244 0.5
3 427.718 -148.059 83.1122 0.5
3 339.765 -173.027 -59.2236 0.5
3 410.391 -188.032 29.395 0.5
3 390.197 -152.784 79.7486 0.5
3 339.907 0.460516 36.9813 0.5
3 393.301 -73.544 98.1965 0.5
3 371.662 -192.442 1.24735 0.5
3 413.433 3.64288 -27.6792 0.5
3 368.219 0.00922435 -38.0956 0.5
3 414.029 -3.56391 45.8175 0.5
3 346.851 0.0347098 38.0337 0.5
3 436.28 -36.2674 82.7255 0.5
3 373.465 -176.467 54.2319 0.5
3 430.729 6.74383 12.6715 0.5
3 334.661 -30.1982 -78.2605 0.5
3 369.562 -179.963 48.3898 0.5
3 392.55 -12.2855 59.7799 0.5
3 384.262 -184.016 -40.1965 0.5
3 376.506 -24.9691 -73.7992 0.5
3 361.629 -186.958 -32.6842 0.5
3 415.212 -187.648 30.6178 0.5
3 434.84 -6.41232 50.9657 0.5
3 386.945 -18.0421 66.809 0.5
3 355.197 -34.6509 -81.6042 0.5
3 392.387 -38.0484 83.9074 0.5
3 381.464 -54.4846 92.5128 0.5
3 354.007 -41.8755 86.2682 0.5
3 391.546 -191.833 11.0936 0.5
3 338.026 -166.627 67.0655 0.5
3 418.798 -95.9969 99.9371 0.5
3 341.428 -189.819 -22.7885 0.5
3 415.29 1.25468 -34.9201 0.5
3 427.393 -187.409 31.3486 0.5
3 418.879 -31.5552 79.3209 0.5
3 393.408 3.604 27.8139 0.5
3 431.946 -27.002 -75.6079 0.5
3 361.632 -4.35997 -47.33 0.5
3 341.429 -121.175 95.7855 0.5
3 337.691 -180.272 -47.8264 0.5
3 399.462 4.86893 -23.0002 0.5
3 362.848 5.41 20.5767 0.5
3 382.566 -2.83486 44.3747 0.5
3 347.627 -112.904 97.8859 0.5
3 424.8 7.13429 -9.10781 0.5
3 388.822 -184.929 38.0478 0.5
3 344.9 -41.2818 -85.9174 0.5
3 399.397 7.54096 1.33812 0.5
3 353.868 -92.4023 -100 0.5
3 398.111 -133.351 91.253 0.5
3 419.616 -41.8877 86.2754 0.5
3 425.938 -156.43 76.8542 0.5
3 362.938 -113.356 -97.7903 0.5
3 338.253 -28.5571 76.9265 0.5
3 359.238 -4.25838 47.1405 0.5
3 360.368 -113.768 97.7013 0.5
3 405.789 7.54374 -1.1108 0.5
3 364.378 -2.93557 44.5775 0.5
3 361.06 7.54935 0.336214 0.5
3 353.756 -40.2505 85.2948 0.5
3 436.878 -13.023 -60.7563 0.5
3 404.073 -10.8161 57.7572 0.5
3 367.097 -190.6 -19.1478 0.5
3 350.989 -179.345 49.4904 0.5
3 403.146 -121.063 -95.8192 0.5
3 341.448 -190.881 17.6435 0.5
3 342.285 -146.85 83.9086 0.5
3 380.416 -184.769 38.4355 0.5
3 362.064 -192.248 6.3537 0.5
3 342.519 -162.444 -71.4203 0.5
3 429.532 -161.575 72.2612 0.5
3 413.444 -128.773 -93.1701 0.5
3 370.235 -190.329 20.4849 0.5
3 374.283 3.9515 -26.5845 0.5
3 382.465 -4.14848 46.9343 0.5
3 385.496 -170.44 -62.5905 0.5
3 391.166 -65.6716 -96.3479 0.5
3 402.97 -93.6738 -99.9925 0.5
3 400.318 -19.7739 -68.6889 0.5
3 417.794 2.34864 31.8308 0.5
3 340.905 -176.062 54.8551 0.5
3 388.912 -70.6602 -97.5971 0.5
4 467.732 -103.884 95.7325 0.5
4 473.315 -116.209 96.494 0.5
4 485.69 -205.57 90.9 0.5
4 449.301 -156.002 83.424 0.5
4 463.456 -102.49 97.3452 0.5
4 494.319 -256.737 -62.699 0.5
4 480.913 -169.137 -99.0817 0.5
4 447.732 -188.951 -41.8823 0.5
4 469.379 -180.431 89.4069 0.5
4 457.168 -200.787 50.5203 0.5
4 476.732 -140.88 -99.7188 0.5
4 458.632 -78.3786 92.2309 0.5
4 470.657 -38.3589 10.0642 0.5
4 473.804 -230.369 -49.1871 0.5
4 486.804 -155.028 -99.416 0.5
4 498.879 -97.2204 44.5798 0.5
4 473.85 -159.087 -98.7591 0.5
4 456.582 -40.3751 -68.2398 0.5
4 490.489 -79.7298 -38.0638 0.5
4 498.242 -216.893 94.9877 0.5
4 454.081 -149.894 -91.3193 0.5
4 463.707 -27.1241 16.1383 0.5
4 473.202 -179.815 -92.68 0.5
4 491.301 -193.089 98.0841 0.5
4 470.57 -173.419 93.4038 0.5
4 490.93 -201.169 -95.9405 0.5
4 483.665 -135.783 -96.9272 0.5
4 486.454 -195.72 95.2329 0.5
4 453.826 -201.118 38.1947 0.5
4 494.798 -165.759 99.0283 0.5
4 485.399 -86.3218 63.7283 0.5
4 494.957 -132.34 87.9441 0.5
4 471.257 -182.849 89.8204 0.5
4 466.9 -187.533 -82.7213 0.5
4 491.097 -209.472 93.2113 0.5
4 456.409 -212.017 15.1677 0.5
4 465.415 -145.433 98.6025 0.5
4 477.055 -109.223 91.7778 0.5
4 499.044 -279.703 -37.5458 0.5
4 486.719 -65.6923 1.9966 0.5
4 497.197 -202.92 98.1591 0.5
4 485.625 -218.007 84.0189 0.5
4 465.64 -129.283 -99.9999 0.5
4 452.631 -7.16593 10.3467 0.5
4 486.983 -264.807 -16.209 0.5
4 457.392 -41.3289 -67.7565 0.5
4 456.535 -131.407 -98.3637 0.5
4 484.078 -199.648 92.2702 0.5
4 462.702 -97.7224 -96.4655 0.5
4 480.137 -87.3721 -74.3266 0.5
4 454.166 -39.2276 -71.3539 0.5
4 496.813 -263.531 -59.4952 0.5
4 485.711 -77.779 -50.7797 0.5
4 499.27 -284.282 -24.8159 0.5
4 445.699 -63.5059 -95.0355 0.5
4 479.465 -234.441 58.1799 0.5
4 480.861 -76.1998 60.8892 0.5
4 453.567 -207.279 13.9052 0.5
4 487.615 -177.305 -99.4906 0.5
4 454.553 -9.96015 0.563719 0.5
4 457.803 -119.422 99.9265 0.5
4 458.365 -214.287 21.206 0.5
4 444.551 -52.142 91.4352 0.5
4 497.186 -169.491 98.9709 0.5
4 495.43 -254.993 67.0034 0.5
4 453.337 -128.734 97.7954 0.5
4 452.089 -203.029 22.9178 0.5
4 482.029 -257.419 -5.09188 0.5
4 496.966 -100.443 -55.8105 0.5
4 464.589 -49.8811 63.244 0.5
4 475.129 -111.957 -94.1719 0.5
4 450.609 -90.3875 -99.1852 0.5
4 466.985 -91.7465 91.7622 0.5
4 464.665 -193.45 -75.1474 0.5
4 464.302 -151.901 96.81 0.5
4 468.536 -204.663 70.9363 0.5
4 488.27 -201.894 94.2088 0.5
4 483.657 -68.2908 -39.0095 0.5
4 458.066 -31.0487 52.6858 0.5
4 478.079 -216.949 74.913 0.5
4 491.823 -120.308 -84.0352 0.5
4 497.411 -86.9169 23.1917 0.5
4 480.019 -252.017 -20.1481 0.5
4 472.187 -238.941 17.5931 0.5
4 456.645 -17.4338 27.4883 0.5
4 447.421 1.70879 11.6929 0.5
4 459.659 -31.0068 47.8749 0.5
4 493.133 -195.295 -98.2713 0.5
4 463.549 -125.69 -99.9999 0.5
4 477.09 -71.081 62.6867 0.5
4 484.516 -160.668 99.9929 0.5
4 468.505 -233.247 13.2108 0.5
4 485.915 -263.146 -15.0078 0.5
4 455.972 -80.5397 -94.7833 0.5
4 479.721 -102.137 -85.7704 0.5
4 488.09 -155.248 99.1775 0.5
4 451.764 -194.176 45.5031 0.5
4 451.208 -108.539 -99.9043 0.5
4 456.888 -190.566 -64.3285 0.5
4 479.142 -252.303 -7.00804 0.5
4 488.014 -258.222 42.9485 0.5
4 470.389 -215.73 -62.1487 0.5
4 497.849 -186.686 99.9849 0.5
4 464.983 -216.008 -47.5267 0.5
4 484.128 -150.939 99.4739 0.5
4 479.251 -191.298 92.2659 0.5
4 498.561 -87.9687 18.8122 0.5
4 491.954 -258.305 -54.9259 0.5
4 454.516 -163.589 84.3621 0.5
4 467.458 -230.998 -16.1464 0.5
4 450.117 -150.591 -87.5531 0.5
4 450.228 -60.1997 90.6284 0.5
4 478.201 -245.256 33.1702 0.5
4 474.437 -167.751 -97.235 0.5
4 474.881 -186.508 91.055 0.5
4 489.224 -136.499 94.2178 0.5
4 466.202 -227.753 21.6963 0.5
4 493.036 -270.498 -34.4315 0.5
4 476.03 -191.61 89.5767 0.5
4 481.73 -247.026 -43.5996 0.5
4 492.588 -261.382 -51.7882 0.5
4 486.202 -67.5191 23.2598 0.5
4 498.686 -88.7919 -21.7455 0.5
4 458.47 -46.0055 -70.6837 0.5
4 456.394 -212.544 10.972 0.5
4 451.266 -62.1546 -90.7007 0.5
4 478.996 -237.368 52.5605 0.5
5 522.079 -246.375 -28.1971 0.5
5 552.364 -51.6498 -88.6213 0.5
5 510.451 -262.27 -39.8985 0.5
5 514.061 -99.2256 -75.9113 0.5
5 526.232 -213.346 -71.3106 0.5
5 503.262 -230.482 -88.0222 0.5
5 521.041 -240.853 -46.3275 0.5
5 527.584 -44.0987 25.0965 0.5
5 508.397 -267.022 -37.0285 0.5
5 521.738 -56.7085 -33.2357 0.5
5 542.556 -211.472 -26.2015 0.5
5 543.591 -207.928 -31.9609 0.5
5 552.664 -146.67 -87.0532 0.5
5 521.011 -218.244 -75.1613 0.5
5 542.338 -46.14 -72.1855 0.5
5 516.491 -241.4 58.2438 0.5
5 545.239 -10.3587 -2.82441 0.5
5 522.177 -168.316 -98.3571 0.5
5 538.561 -48.3109 -67.7263 0.5
5 508.252 -225.314 86.058 0.5
5 520.019 -136.416 98.4417 0.5
5 531.554 -34.827 -12.662 0.5
5 553.905 0.302458 -29.297 0.5
5 513.459 -68.8282 -26.0962 0.5
5 517.706 -157.838 -99.9999 0.5
5 554.92 -177.126 54.9106 0.5
5 555.013 -182.416 45.5467 0.5
5 521.889 -107.59 90.2005 0.5
5 546.404 -61.9033 -88.5851 0.5
5 512.833 -110.438 82.8427 0.5
5 550.367 -157.47 82.8269 0.5
5 518.31 -91.2724 -75.3987 0.5
5 524.376 -47.9476 17.2197 0.5
5 503.353 -84.4399 -17.6618 0.5
5 510.564 -268.782 17.7964 0.5
5 502.351 -130.164 -83.883 0.5
5 525.728 -48.8856 -30.5244 0.5
5 506.102 -202.117 -97.0745 0.5
5 529.47 -70.3174 -73.9506 0.5
5 539.43 -189.375 -72.3858 0.5
5 534.874 -226.86 16.7466 0.5
5 539.144 -189.934 72.3252 0.5
5 520.57 -153.298 -99.9997 0.5
5 529.02 -100.535 92.5496 0.5
5 553.231 -171.609 -65.9936 0.5
5 500.131 -169.448 98.1784 0.5
5 506.884 -113.927 77.8004 0.5
5 502.192 -172.474 99.2276 0.5
5 545.441 -16.8879 -36.5481 0.5
5 524.225 -114.07 94.5209 0.5
5 508.942 -126.917 88.6519 0.5
5 500.429 -287.632 7.7523 0.5
5 534.589 -220.478 39.8604 0.5
5 541.25 -93.5383 97.1535 0.5
5 535.144 -27.9177 4.75061 0.5
5 516.874 -195.321 -93.3445 0.5
5 509.463 -255.827 -54.9601 0.5
5 519.332 -255.045 5.39745 0.5
5 524.948 -53.9114 40.2241 0.5
5 508.827 -80.8414 -37.8865 0.5
5 530.482 -188.118 -85.2703 0.5
5 550.137 -20.8594 -58.6761 0.5
5 547.611 -173.866 -73.6386 0.5
5 519.908 -80.6044 -67.7098 0.5
5 510.478 -74.3326 27.3277 0.5
5 517.643 -72.3486 -51.4191 0.5
5 553.739 -129.108 94.2179 0.5
5 508.44 -158.93 98.8494 0.5
5 516.879 -133.929 96.6914 0.5
5 531.188 -156.733 97.5328 0.5
5 509.993 -72.0251 -11.4524 0.5
5 506.94 -247.019 71.0559 0.5
5 551.675 -196.186 -24.2544 0.5
5 509.166 -73.7362 13.6629 0.5
5 513.846 -179.67 -98.8723 0.5
5 520.757 -192.014 -91.9574 0.5
5 528.256 -94.8777 -89.3746 0.5
5 501.747 -285.592 3.39188 0.5
5 514.39 -258.416 32.225 0.5
5 512.249 -253.048 -51.7153 0.5
5 519.643 -118.814 93.3574 0.5
5 523.555 -227.637 60.3197 0.5
5 507.599 -76.1068 10.871 0.5
5 530.997 -225.363 -42.8046 0.5
5 519.267 -59.0003 -26.9407 0.5
5 507.319 -83.6031 38.2494 0.5
5 521.295 -92.1956 -80.3015 0.5
5 523.254 -222.794 -66.8216 0.5
5 515.583 -158.486 -99.9488 0.5
5 515.645 -225.094 -77.2368 0.5
5 522.456 -219.56 71.6299 0.5
5 511.662 -146.802 97.623 0.5
5 531.303 -233.315 15.071 0.5
5 532.426 -106.238 -96.4869 0.5
5 538.192 -212.44 -43.7642 0.5
5 500.776 -176.965 -99.4613 0.5
5 531.441 -214.423 59.7254 0.5
5 525.686 -44.6182 -9.29923 0.5
5 530.299 -171.92 -93.4012 0.5
5 512.938 -66.2839 -1.86814 0.5
5 520.715 -245.559 37.3489 0.5
5 530.194 -123.579 -99.1777 0.5
5 547.69 -202.951 24.7964 0.5
5 513.627 -82.6891 -56.6832 0.5
5 530.649 -198.646 -77.6137 0.5
5 545.928 -189.531 -59.4567 0.5
5 532.431 -36.4411 -27.7873 0.5
5 536.917 -42.3989 56.7534 0.5
5 515.66 -85.188 -64.5655 0.5
5 531.612 -233.873 3.0948 0.5
5 525.688 -162.92 -98.2287 0.5
5 545.064 -11.5775 -13.7868 0.5
5 502.387 -280.34 28.6803 0.5
5 522.345 -230.061 -59.8815 0.5
5 526.179 -125.887 98.4666 0.5
5 538.709 -207.077 51.9503 0.5
5 550.519 -89.9583 -99.3692 0.5
5 522.591 -61.8474 48.0508 0.5
5 521.817 -71.9878 -61.4408 0.5
5 542.33 -16.3934 14.3585 0.5
5 521.148 -245.541 35.4758 0.5
5 551.88 -54.1163 -89.4538 0.5
5 545.957 -186.893 62.8039 0.5
5 552.539 -10.221 48.4939 0.5
5 512.679 -70.4026 -26.9069 0.5
6 604.116 -30.3721 -78.3985 0.5
6 645.797 -72.4538 97.9803 0.5
6 649.367 -171.651 61.0509 0.5
6 588.485 7.54991 -0.0163161 0.5
6 615.491 -122.171 95.4811 0.5
6 605.513 -2.41838 -43.5235 0.5
6 606.392 -10.2928 57.0104 0.5
6 666.533 -115.939 97.2022 0.5
6 570.109 -138.29 88.8746 0.5
6 666.403 -180.582 47.2528 0.5
6 653.016 3.99934 26.4104 0.5
6 656.2 -106.945 -98.9439 0.5
6 583.259 -144.054 -85.6564 0.5
6 618.644 -111.291 98.2091 0.5
6 644.613 -192.005 -9.42262 0.5
6 610.059 -64.1216 95.9036 0.5
6 647.033 -91.7142 -99.9973 0.5
6 592.217 -181.783 44.9409 0.5
6 574.832 -182.674 43.1241 0.5
6 654.478 -184.666 -38.6815 0.5
6 590.122 -132.641 -91.5678 0.5
6 575.794 -141.155 -87.3374 0.5
6 652.291 -182.859 -42.7341 0.5
6 577.308 -7.78977 -53.2225 0.5
6 590.593 -8.01852 53.5846 0.5
6 660.147 -162.907 -70.9638 0.5
6 592.939 7.46319 4.16379 0.5
6 602.436 -17.0945 65.7384 0.5
6 565.612 -70.2155 -97.4968 0.5
6 574.507 -51.5239 -91.2417 0.5
6 576.615 -191.491 -13.8168 0.5
6 633.063 -14.7658 62.9695 0.5
6 561.912 -150.191 -81.6458 0.5
6 593.141 -54.9779 -92.7137 0.5
6 559.446 -31.7235 -79.4499 0.5
6 591.205 -154.006 -78.8089 0.5
6 618.522 -124.836 -94.6106 0.5
6 641.365 -91.096 -99.9908 0.5
6 585.181 -88.3347 99.9153 0.5
6 571.991 -5.99685 -50.2577 0.5
6 641.493 4.89559 -22.8871 0.5
6 594.744 -67.8569 -96.9287 0.5
6 587.906 -51.4417 91.2048 0.5
6 585.673 -28.5842 -76.949 0.5
6 592.294 -104.177 99.31 0.5
6 640.679 5.54612 -19.9184 0.5
6 588.592 6.32884 -15.5796 0.5
6 577.907 -87.9782 99.9 0.5
6 560.271 -4.78242 48.108 0.5
6 663.782 -144.727 -85.2473 0.5
6 583.856 -157.617 75.8506 0.5
6 634.025 -26.8127 -75.4436 0.5
6 661.959 -31.2645 79.0969 0.5
6 657.905 -189.399 -24.5132 0.5
6 569.199 -192.228 -6.65746 0.5
6 655.574 -85.8589 99.7825 0.5
6 648.937 -0.595773 -39.5321 0.5
6 619.685 -0.471547 -39.2422 0.5
6 594.704 -17.4282 -66.119 0.5
6 577.504 -135.222 -90.3914 0.5
6 665.863 -124.98 -94.5611 0.5
6 620.469 -16.7134 -65.299 0.5
6 650.391 -77.364 98.8555 0.5
6 601.128 -192.34 -4.68083 0.5
6 617.964 -2.28536 43.2472 0.5
6 633.456 -101.824 -99.5596 0.5
6 651.83 -187.577 30.8365 0.5
6 594.159 -20.04 -68.9694 0.5
6 573.672 -92.2423 -99.9998 0.5
6 646.496 7.08311 9.65098 0.5
6 566.063 -189.459 -24.2736 0.5
6 593.471 -155.055 77.9787 0.5
6 650.782 6.72261 12.8365 0.5
6 598.365 -82.2867 99.4822 0.5
6 613.675 -178.372 51.1609 0.5
6 635.146 -24.2589 73.1434 0.5
6 597.549 -86.3166 99.8117 0.5
6 572.096 -74.7875 -98.4278 0.5
6 629.989 -168.059 65.4465 0.5
6 584.145 -40.0407 85.1661 0.5
6 614.261 -176.071 54.8417 0.5
6 642.486 -189.841 22.6927 0.5
6 593.423 -161.788 -72.0574 0.5
6 590.98 -38.2338 -84.0274 0.5
6 584.515 2.29456 -31.9914 0.5
6 649.395 -152.994 79.5895 0.5
6 645.338 -151.689 -80.5654 0.5
6 602.955 4.69861 -23.7093 0.5
6 566.732 -190.861 -17.7548 0.5
6 626.534 -7.52846 52.8045 0.5
6 636.215 -4.87125 48.2695 0.5
6 652.987 -31.2509 79.0864 0.5
6 591.209 -70.1521 -97.4823 0.5
6 656.703 -178.09 -51.6309 0.5
6 557.48 7.54414 1.07454 0.5
6 661.422 -7.81878 53.2686 0.5
6 603.111 -111.935 -98.0834 0.5
6 596.704 -4.26604 47.1548 0.5
6 641.468 -79.3424 99.1372 0.5
6 658.695 -30.4077 -78.4267 0.5
6 619.608 -35.2885 -82.0521 0.5
6 603.163 -100.908 -99.6416 0.5
6 606.07 -67.0149 96.7112 0.5
6 587.104 -3.81345 46.2984 0.5
6 562.097 7.50985 -2.83042 0.5
6 610.765 -181.295 45.8975 0.5
6 641.986 -192.391 3.42711 0.5
6 639.651 -24.4793 73.3483 0.5
6 589.777 -46.7618 -88.9527 0.5
6 597.073 -67.5862 -96.8596 0.5
6 628.26 -182.538 43.4068 0.5
6 599.087 -64.2228 95.9334 0.5
6 658.928 -0.794635 39.991 0.5
6 607.119 -150.132 81.6874 0.5
6 578.049 -177.495 52.6057 0.5
7 617.592 -88.5952 -58.4412 0.5
7 613.861 -77.9516 -63.8483 0.5
7 642.864 48.5368 -6.93279 0.5
7 658.91 -9.63956 -72.0209 0.5
7 640.83 -147.133 -10.6299 0.5
7 646.127 -66.234 99.5611 0.5
7 644.55 -20.877 -94.305 0.5
7 618.007 90.2648 -17.6246 0.5
7 613.526 -63.5735 77.5244 0.5
7 660.38 -75.5125 99.8169 0.5
7 643.749 -144.387 -40.0454 0.5
7 613.194 99.8013 8.54337 0.5
7 638.637 -122.729 61.5313 0.5
7 655.55 17.9078 41.2319 0.5
7 641.484 43.7512 -37.7942 0.5
7 626.306 -122.345 -6.28867 0.5
7 648.372 -155.897 -30.8124 0.5
7 655.252 4.97391 -63.007 0.5
7 652.054 -46.4127 -97.8283 0.5
7 617.818 91.266 -13.328 0.5
7 631.709 -70.086 -92.4226 0.5
7 612.849 55.3856 83.7647 0.5
7 616.165 42.3162 88.1086 0.5
7 662.972 -173.728 -48.0908 0.5
7 630.765 21.4964 -85.5602 0.5
7 635.341 -96.2141 81.4461 0.5
7 626.507 26.0182 87.2226 0.5
7 634.024 55.8247 39.8066 0.5
7 628.739 70.328 23.97 0.5
7 634.696 7.27001 89.6298 0.5
7 619.021 67.5029 63.2833 0.5
7 633.14 15.275 -86.8002 0.5
7 621.53 82.2187 26.2597 0.5
7 650.799 -57.8948 -99.7496 0.5
7 622.213 43.4561 80.8063 0.5
7 651.098 -140.796 65.7895 0.5
7 637.459 -79.5036 -92.6445 0.5
7 626.982 59.7759 55.0411 0.5
7 633.86 55.224 -41.7852 0.5
7 616.433 -96.8521 -40.5513 0.5
7 650.268 -26.7385 -92.7801 0.5
7 627.701 -103.975 61.2909 0.5
7 613.636 -98.5094 -20.3319 0.5
7 644.63 -153.147 15.0265 0.5
7 651.934 -3.1076 -76.983 0.5
7 661.157 -180.406 22.2251 0.5
7 628.006 64.2153 44.1982 0.5
7 632.198 56.6356 44.8387 0.5
7 622.084 -70.4948 83.3414 0.5
7 612.803 -98.2145 13.684 0.5
7 642.472 -127.76 63.542 0.5
7 638.376 38.0248 -57.9837 0.5
7 647.367 -111.795 -84.9416 0.5
7 660.968 -123.789 91.1141 0.5
7 661.81 -154.469 -70.9895 0.5
7 620.611 -88.7999 -64.8504 0.5
7 650.14 35.1832 14.0443 0.5
7 636.207 10.0317 -86.7616 0.5
7 625.332 -110.495 44.3265 0.5
7 639.089 -77.3298 -94.5215 0.5
7 635.866 60.3509 10.4435 0.5
7 611.894 40.6427 -92.4061 0.5
7 635.301 60.0049 19.2616 0.5
7 620.38 8.36314 97.8462 0.5
7 650.372 23.2062 -48.5319 0.5
7 616.458 -59.287 84.2941 0.5
7 659.443 -178.979 13.8226 0.5
7 613.779 84.9686 51.3409 0.5
7 635.985 -57.7416 98.2863 0.5
7 626.506 58.7068 57.8097 0.5
7 650.446 -106.898 -90.499 0.5
7 621.513 83.413 21.5294 0.5
7 645.979 -58.665 -99.9791 0.5
7 657.221 19.3255 -29.9312 0.5
7 644.6 30.4726 -53.1567 0.5
7 614.754 -14.9782 -99.2227 0.5
7 662.874 -97.3382 99.3414 0.5
7 659.546 -5.97597 67.1053 0.5
7 642.1 -146.999 23.9086 0.5
7 644.349 33.893 48.0715 0.5
7 621.449 -39.8442 96.6377 0.5
7 665.747 6.94675 -20.8423 0.5
7 665.436 -181.394 41.2934 0.5
7 632.427 -132.907 -6.88922 0.5
7 613.117 -64.6534 -76.032 0.5
7 666.095 -12.7114 61.6331 0.5
7 657.021 -146.578 70.5866 0.5
7 624.252 -65.2378 -88.6612 0.5
7 621.534 -113.368 13.4577 0.5
7 648.391 -75.809 98.8667 0.5
7 613.495 -100.063 7.62852 0.5
7 640.109 49.3768 -28.5871 0.5
7 640.172 50.7047 -23.231 0.5
7 654.45 -122.934 -85.6325 0.5
7 651.878 -28.8292 92.4961 0.5
7 644.375 5.13279 80.7609 0.5
7 629.59 -34.6482 -99.7939 0.5
7 665.966 -147.794 -82.4706 0.5
7 648.458 -40.9834 97.9941 0.5
7 634.006 -123.668 -47.8886 0.5
7 639.522 -48.1192 -99.9639 0.5
7 655.563 -38.705 -93.8556 0.5
7 632.104 -13.7743 -98.2148 0.5
7 646.149 -155.315 17.8044 0.5
7 654.516 -160.96 -44.4957 0.5
7 665.321 -17.5292 -68.7798 0.5
7 623.006 -32.9731 -98.6879 0.5
7 622.201 -104.147 -46.1508 0.5
7 660.482 -169.841 47.3064 0.5
7 612.599 35.5977 93.8973 0.5
7 646.349 6.86479 76.7343 0.5
7 635.382 -60.7753 97.4331 0.5
7 645.431 -96.6684 -91.2091 0.5
7 623.18 76.3585 35.4966 0.5
7 639.01 -99.1792 -83.7581 0.5
7 627.53 -87.3676 -77.8982 0.5
7 627.065 -123.606 7.08282 0.5
7 631.44 -81.6792 -86.4611 0.5
7 639.189 -107.169 78.2128 0.5
7 660.7 -107.65 -96.6851 0.5
7 618.094 -94.7386 -50.3164 0.5
7 656.834 -108.128 -94.4992 0.5
7 632.664 66.4386 1.03218 0.5
7 656.691 16.0329 -41.0093 0.5
8 632.016 139.397 -10.8191 0.5
8 616.213 108.454 28.5343 0.5
8 660.952 54.3507 -93.3909 0.5
8 644.863 144.022 57.5388 0.5
8 634.885 -54.9793 -3.67306 0.5
8 635.628 -27.3978 -67.6567 0.5
8 657.443 52.2323 94.8118 0.5
8 625.412 -71.4325 -2.14291 0.5
8 643.503 41.2454 98.2487 0.5
8 621.796 113.812 -40.2744 0.5
8 646.079 -35.3408 7.97001 0.5
8 615.769 -77.6657 -44.5907 0.5
8 654.066 151.385 -68.1195 0.5
8 628.871 50.7441 -98.6778 0.5
8 629.19 -55.2335 42.9181 0.5
8 629.881 -11.449 -87.8721 0.5
8 656.715 61.4221 97.6963 0.5
8 627.595 37.7058 99.8551 0.5
8 654.238 152.113 67.654 0.5
8 643.927 86.2929 -96.6469 0.5
8 637.061 -47.8138 26.0918 0.5
8 650.573 13.9226 81.3168 0.5
8 652.869 158.27 -56.9945 0.5
8 613.649 -83.6119 -39.6974 0.5
8 615.431 56.8749 -88.9888 0.5
8 646.878 115.235 -86.8841 0.5
8 632.729 66.9467 96.6337 0.5
8 635.212 109.662 76.7183 0.5
8 649.527 -28.0079 -18.2466 0.5
8 666.384 26.3105 -68.13 0.5
8 650.185 5.72251 -75.3624 0.5
8 662.472 141.006 -87.5781 0.5
8 658.049 86.4702 -99.9902 0.5
8 641.675 132.343 -65.4216 0.5
8 615.429 -88.7396 -1.1477 0.5
8 618.374 104.822 -46.6205 0.5
8 628.635 127.061 36.9212 0.5
8 614.891 -68.5321 61.4992 0.5
8 613.058 -87.865 -31.1868 0.5
8 647.388 156.358 -44.1018 0.5
8 656.213 11.7224 71.2464 0.5
8 631.938 -50.0226 43.8548 0.5
8 639.011 -23.155 -65.855 0.5
8 622.292 -15.2814 -92.3239 0.5
8 657.404 32.7941 85.9212 0.5
8 661.798 -7.93229 -9.98869 0.5
8 634.862 -49.2285 -33.7237 0.5
8 659.216 171.445 -53.7121 0.5
8 628.267 -22.7319 82.6985 0.5
8 662.629 9.56122 -55.1088 0.5
8 618.708 -36.3024 84.6525 0.5
8 615.894 100.849 -46.0035 0.5
8 664.742 91.7245 -99.8779 0.5
8 640.964 12.0093 -90.0566 0.5
8 662.519 51.6637 -91.1402 0.5
8 611.122 50.5883 -88.3757 0.5
8 631.663 -19.8496 -80.5783 0.5
8 653.644 102.449 96.8233 0.5
8 644.603 90.3342 -95.8381 0.5
8 614.975 75.0678 76.3327 0.5
8 622.744 -52.06 -65.0108 0.5
8 628.659 129.748 -29.4034 0.5
8 660.54 64.8093 -96.9324 0.5
8 614.935 100.998 -42.3257 0.5
8 628.022 -35.4088 72.879 0.5
8 619.287 13.6076 -99.9063 0.5
8 665.581 29.8624 73.0821 0.5
8 612.951 -63.3907 71.0671 0.5
8 617.577 39.4566 96.9569 0.5
8 631.542 -45.0065 -53.9952 0.5
8 612.251 58.6379 84.8695 0.5
8 639.95 -19.2382 68.3844 0.5
8 648.315 34.1772 94.0291 0.5
8 657.472 18.4784 -75.4793 0.5
8 634.083 134.51 -41.5788 0.5
8 644.675 82.4015 97.8778 0.5
8 661.014 14.8499 65.7347 0.5
8 656.934 174.929 -39.6899 0.5
8 643.011 -36.5228 29.4966 0.5
8 650.69 165.069 37.4015 0.5
8 639.342 84.6434 94.7513 0.5
8 639.912 55.1601 -99.9888 0.5
8 636.001 144.831 -20.1687 0.5
8 614.948 21.3679 99.399 0.5
8 622.72 -30.7801 83.7383 0.5
8 658.362 120.517 93.7119 0.5
8 653.636 58.0837 98.1107 0.5
8 630.838 108.039 71.3199 0.5
8 648.502 167.734 -12.6493 0.5
8 644.72 -37.1326 13.239 0.5
8 611.589 79.9476 -65.7503 0.5
8 639.398 151.782 14.0109 0.5
8 662.973 27.8866 75.3759 0.5
8 651.909 168.886 32.8605 0.5
8 656.493 113.503 95.033 0.5
8 657.472 143.555 80.3873 0.5
8 666.055 31.0127 -73.3884 0.5
8 621.367 -73.6683 30.5856 0.5
8 659.952 31.4579 82.2256 0.5
8 630.439 -56.8817 -33.7479 0.5
8 653.177 -9.67619 50.4998 0.5
8 640.681 10.5059 -89.5606 0.5
8 666.419 195.932 -26.7328 0.5
8 635.293 -48.4802 33.7314 0.5
8 634.334 -7.57203 -85.6766 0.5
8 650.868 52.944 98.0419 0.5
8 661.258 190.447 -6.0667 0.5
8 625.666 -70.7045 7.8683 0.5
8 652.97 9.98912 74.8733 0.5
8 646.954 140.494 66.5525 0.5
8 615.279 -88.5439 9.59835 0.5
8 637.956 -39.5199 -44.0156 0.5
8 648.29 94.5979 96.4447 0.5
8 660.853 23.201 74.48 0.5
8 627.369 118.169 50.6299 0.5
8 622.393 -70.845 -33.6704 0.5
8 649.975 49.5409 97.6508 0.5
8 614.067 13.0344 -99.9143 0.5
8 613.942 -77.2417 51.163 0.5
8 661.979 154.812 -77.7151 0.5
8 650.432 158.578 -49.8369 0.5
8 624.701 -55.9449 55.3889 0.5
8 632.027 107.401 -73.875 0.5
8 653.272 176.359 -9.37662 0.5
8 640.938 -42.2116 -21.5631 0.5
8 661.855 95.5486 -99.9246 0.5
8 629.087 -13.6398 87.4241 0.5
8 644.844 -34.9819 -23.568 0.5
8 663.968 15.7316 -60.5371 0.5
9 905.994 188.171 -47.1796 0.5
9 884.557 0.476288 9.74838 0.5
9 758.167 125.566 -96.6767 0.5
9 870.747 119.374 98.1054 0.5
9 721.116 52.3411 -87.9126 0.5
9 954.456 9.17052 41.8331 0.5
9 820.164 199.62 8.70456 0.5
9 852.217 78.9046 -97.7496 0.5
9 747.739 26.0939 67.3638 0.5
9 676.407 11.5825 46.7155 0.5
9 998.1 183.179 55.5089 0.5
9 853.003 54.4578 89.0276 0.5
9 782.234 199.364 -11.2647 0.5
9 918.688 128.824 -95.7557 0.5
9 938.023 39.5785 79.6821 0.5
9 992.482 129.156 -95.6553 0.5
9 842.903 143.513 -90.0367 0.5
9 918.33 198.738 -15.8382 0.5
9 696.6 187.288 48.7944 0.5
9 872.401 13.4758 50.1354 0.5
9 993.099 96.3339 -99.9328 0.5
9 832.422 192.065 -39.039 0.5
9 839.317 198.187 18.9562 0.5
9 911.094 137.793 92.5836 0.5
9 932.982 125.345 -96.7349 0.5
9 832.486 115.724 98.756 0.5
9 868.391 118.44 -98.2851 0.5
9 771.939 70.2913 -95.485 0.5
9 947.574 66.1742 94.1054 0.5
9 680.958 3.25945 -25.3232 0.5
9 771.681 11.8566 47.2307 0.5
9 934.049 6.13289 -34.4814 0.5
9 694.367 164.122 76.7361 0.5
9 969.133 67.4114 -94.5409 0.5
9 814.547 9.72692 43.0206 0.5
9 924.371 196.813 25.0437 0.5
9 923.107 140.292 91.5234 0.5
9 878.292 82.9541 98.5365 0.5
9 780.028 23.5717 -64.4881 0.5
9 957.221 100.879 -99.9961 0.5
9 771.569 124.135 97.0439 0.5
9 807.345 58.0798 -90.7893 0.5
9 757.807 68.8095 95.0113 0.5
9 802.441 199.837 -5.71239 0.5
9 749.546 168.686 -72.6793 0.5
9 784.973 7.83389 -38.7996 0.5
9 878.075 107.243 99.7374 0.5
9 717.051 66.5436 94.2373 0.5
9 780.243 37.572 -78.1201 0.5
9 815.692 165.285 -75.749 0.5
9 967.391 113.524 99.0813 0.5
9 869.603 61.0126 92.0868 0.5
9 927.349 184.044 -54.1901 0.5
9 991.222 3.53099 26.3388 0.5
9 855.394 199.978 -2.10514 0.5
9 709.51 8.41683 40.1562 0.5
9 683.592 125.254 96.7587 0.5
9 754.768 87.3004 99.1903 0.5
9 668.324 32.2899 73.5891 0.5
9 992.451 101.551 99.988 0.5
9 838.939 133.181 94.3345 0.5
9 742.052 127.726 96.0796 0.5
9 762.245 83.9735 98.7074 0.5
9 813.137 134.601 93.8231 0.5
9 851.191 54.8702 89.2373 0.5
9 792.163 34.741 75.7711 0.5
9 809.813 20.7636 61.0048 0.5
9 879.375 85.3826 -98.9259 0.5
9 873.64 38.9658 79.2138 0.5
9 789.832 14.7404 -52.257 0.5
9 822.149 196.897 24.7167 0.5
9 837.772 59.6413 91.4941 0.5
9 957.853 107.346 99.7298 0.5
9 961.582 66.6378 94.2707 0.5
9 989.244 147.246 -88.1352 0.5
9 918.378 73.1029 96.3148 0.5
9 919.154 39.7792 -79.8339 0.5
9 825.668 2.49907 -22.2164 0.5
9 957.748 68.0474 -94.7578 0.5
9 839.914 199.317 -11.6651 0.5
9 914.419 1.46715 17.0669 0.5
9 943.345 68.1809 -94.8026 0.5
9 970.549 0.00693631 -1.1778 0.5
9 982.69 184.604 -53.3127 0.5
9 667.99 199.81 6.16739 0.5
9 961.898 157.31 81.9482 0.5
9 799.548 150.713 86.1871 0.5
9 844.666 187.149 49.0406 0.5
9 847.593 199.827 -5.87157 0.5
9 792.754 105.792 -99.8321 0.5
9 806.948 191.839 -39.5685 0.5
9 686.18 196.477 -26.3091 0.5
9 871.656 22.4974 63.1929 0.5
9 813.096 1.89666 -19.3839 0.5
9 878.161 21.6496 -62.1387 0.5
9 761.706 126.635 96.3876 0.5
9 904.656 21.9108 -62.4665 0.5
9 992.908 185.942 51.1276 0.5
9 815.593 111.692 -99.3141 0.5
9 719.446 136.493 93.1034 0.5
9 759.674 152.612 -85.041 0.5
9 934.697 189.216 45.1723 0.5
9 813.094 100.587 -99.9983 0.5
9 769.117 161.15 79.1246 0.5
9 803.021 6.08198 -34.3425 0.5
9 763.73 137.698 -92.6222 0.5
9 939.615 94.4583 -99.8463 0.5
9 685.844 45.2513 83.6814 0.5
9 948.103 6.81605 36.2871 0.5
9 946.122 132.338 94.6268 0.5
9 729.058 184.515 53.4523 0.5
9 994.309 41.0181 80.7536 0.5
9 897.351 199.897 -4.54052 0.5
9 927.224 10.316 -44.2355 0.5
9 819.969 74.4309 -96.6759 0.5
9 729.016 3.29718 25.4669 0.5
9 797.853 188.698 46.1812 0.5
9 926.254 28.547 69.9605 0.5
9 675.255 8.19926 39.6563 0.5
9 803.892 185.948 -51.1166 0.5
9 838.42 91.0702 99.6005 0.5
9 858.717 113.8 -99.0432 0.5
9 718.976 197.855 -20.5994 0.5
9 759.56 34.8767 -75.8878 0.5
9 750.534 124.172 -97.0347 0.5
9 994.01 194.034 34.0245 0.5
9 728.533 143.151 -90.2109 0.5
9 714.974 193.814 34.6262 0.5
9 897.652 117.177 98.5138 0.5
9 860.774 0.780151 12.4668 0.5
9 722.781 199.943 -3.38484 0.5
9 973.152 188.678 -46.2186 0.5
9 754.847 0.00621925 -1.11526 0.5
9 967.658 45.6061 -83.9125 0.5
