0 87.5064 87.3426 8.04917 0.5
0 34.3331 106.366 13.5821 0.5
0 4.3861 98.6066 -14.9351 0.5
0 100.605 87.5204 -8.32226 0.5
0 70.2437 114.913 1.60867 0.5
0 15.231 110.855 10.3527 0.5
0 96.4682 105.508 13.952 0.5
0 92.6241 102.749 14.746 0.5
0 50.7188 111.437 9.70596 0.5
0 15.6941 89.4004 -10.6136 0.5
0 51.6014 110.632 -10.581 0.5
0 81.9477 85.147 -2.0952 0.5
0 25.3817 88.9073 10.0971 0.5
0 51.1239 113.281 6.97271 0.5
0 66.5074 108.597 -12.2923 0.5
0 47.2074 111.126 10.0601 0.5
0 82.0086 106.9 13.3187 0.5
0 16.4121 96.7013 -14.6328 0.5
0 55.3802 93.5869 -13.5599 0.5
0 92.3484 95.7099 14.3734 0.5
0 52.4933 97.4648 -14.7842 0.5
0 27.796 94.5 13.9553 0.5
0 92.179 86.1268 5.7039 0.5
0 57.9186 112.598 8.14165 0.5
0 13.7281 85.2532 2.74433 0.5
0 102.941 114.709 2.94057 0.5
0 53.014 102.319 14.8197 0.5
0 9.34009 85.8749 -5.04793 0.5
0 17.3028 86.115 -5.67508 0.5
0 7.8262 111.471 9.66511 0.5
0 55.3019 114.19 4.86292 0.5
0 99.0868 85.0279 0.914311 0.5
0 84.8786 114.986 0.644405 0.5
0 72.0445 93.4814 -13.5095 0.5
0 6.47281 91.7264 12.5119 0.5
0 106.836 100.22 14.9984 0.5
0 74.6732 111.786 9.27794 0.5
0 61.8222 104.068 -14.4379 0.5
0 7.24578 100.161 -14.9991 0.5
0 27.9867 111.597 -9.51397 0.5
0 52.7526 88.8679 10.0537 0.5
0 33.4404 103.789 -14.5135 0.5
0 84.613 111.138 10.0474 0.5
0 102.953 109.88 -11.2865 0.5
0 78.6496 109.984 11.1942 0.5
0 10.1642 111.792 -9.27093 0.5
0 81.5586 86.308 -6.12607 0.5
0 107.137 86.487 -6.51144 0.5
0 28.1837 115 0.11587 0.5
0 64.7582 87.5454 8.35963 0.5
0 30.2973 106.9 13.3186 0.5
0 90.9288 87.4578 8.2276 0.5
0 103.02 114.402 4.19406 0.5
0 66.793 106.275 13.6243 0.5
0 0.398848 86.9275 -7.35597 0.5
0 50.038 98.3986 14.9143 0.5
0 69.6342 95.5108 -14.3125 0.5
0 62.2444 92.2847 12.8637 0.5
0 71.168 92.8156 -13.1676 0.5
0 35.1091 103.752 14.5231 0.5
0 35.123 101.146 -14.9561 0.5
0 91.0788 85.3239 -3.10029 0.5
0 19.6962 96.5943 -14.6083 0.5
0 106.412 97.046 -14.7063 0.5
0 89.6047 114.962 1.07251 0.5
0 71.1293 114.993 -0.447813 0.5
0 70.986 103.387 -14.6127 0.5
0 96.133 97.0076 -14.6985 0.5
0 28.519 90.8045 11.8509 0.5
0 90.1105 91.5759 -12.411 0.5
0 56.6562 113.083 -7.3379 0.5
0 87.9858 94.4819 13.9482 0.5
0 84.1718 105.769 -13.8463 0.5
0 85.192 105.169 -14.0814 0.5
0 2.97373 108.46 12.3864 0.5
0 1.44553 113.545 6.44433 0.5
0 107.14 101.083 -14.9609 0.5
0 36.9731 86.9315 -7.3631 0.5
0 34.3379 98.9971 -14.9664 0.5
0 12.1741 107.983 -12.6995 0.5
0 90.5378 85.0804 1.55144 0.5
0 45.2643 113.067 7.36581 0.5
0 74.8919 92.0114 -12.6958 0.5
0 97.6993 88.3701 -9.47338 0.5
0 8.42737 86.3336 -6.18301 0.5
0 92.1851 88.4384 9.55665 0.5
0 26.549 98.9838 14.9655 0.5
0 75.5413 99.2667 -14.9821 0.5
0 83.4653 104.951 14.1593 0.5
0 62.1448 112.531 -8.24462 0.5
0 14.1193 86.3002 -6.10874 0.5
0 55.4939 113.033 -7.42619 0.5
0 6.8858 95.322 -14.2519 0.5
0 93.6533 101.122 14.958 0.5
0 48.072 113.646 -6.22713 0.5
0 32.2256 85.1518 -2.12842 0.5
0 21.5676 85.0076 0.478008 0.5
0 56.054 111.072 -10.1198 0.5
0 24.2477 110.686 -10.5263 0.5
0 85.2577 104.087 -14.4326 0.5
0 100.608 106.449 13.5429 0.5
0 35.4834 112.276 -8.62032 0.5
0 81.1771 113.509 6.52028 0.5
0 28.85 113.069 -7.36167 0.5
0 84.3719 102.299 14.8228 0.5
0 74.025 104.192 14.4024 0.5
0 78.9646 93.1173 -13.3277 0.5
0 23.0374 87.1365 7.71564 0.5
0 41.2585 85.1305 -1.97433 0.5
0 15.9815 90.9167 -11.9371 0.5
0 8.46163 108.362 12.4528 0.5
0 38.4297 86.1367 -5.72791 0.5
0 7.01985 89.401 10.6142 0.5
0 81.7292 111.019 -10.1777 0.5
0 37.4316 102.831 14.7304 0.5
0 19.7662 87.8983 -8.86271 0.5
0 61.4313 86.3933 -6.31335 0.5
0 97.0616 98.1542 14.886 0.5
0 103.779 114.819 -2.32541 0.5
0 23.2522 102.961 14.7049 0.5
1 142.415 33.3739 -8.4322 0.5
1 139.768 50.4809 14.9995 0.5
1 133.403 61.232 -14.9992 0.5
1 148.977 25.8989 12.3487 0.5
1 144.402 57.2296 1.79834 0.5
1 141.597 60.577 6.77965 0.5
1 140.333 53.8 -14.3361 0.5
1 116.836 99.3924 -11.7631 0.5
1 120.698 97.2723 -5.69358 0.5
1 114.039 98.4169 14.589 0.5
1 163.882 -2.78239 -9.77235 0.5
1 119.903 70.4961 -4.60369 0.5
1 157.752 14.0254 14.0736 0.5
1 166.623 18.847 -0.309843 0.5
1 159.883 16.8182 -14.9441 0.5
1 163.694 22.3436 6.70237 0.5
1 126.935 61.9708 -10.5922 0.5
1 113.623 100.069 -14.3339 0.5
1 116.382 93.6528 -14.7398 0.5
1 119.331 99.5977 5.79489 0.5
1 133.302 75.7737 4.80539 0.5
1 152.96 33.1078 -13.9188 0.5
1 114.416 86.248 -12.6713 0.5
1 156.86 31.8603 10.0904 0.5
1 141.332 56.2168 12.3169 0.5
1 151.241 42.3434 9.19519 0.5
1 116.172 78.2119 -7.4429 0.5
1 146.338 39.2069 14.9984 0.5
1 157.08 7.40484 7.52845 0.5
1 149.966 47.6261 -1.50885 0.5
1 157.417 9.93753 11.3049 0.5
1 130.844 72.0362 13.652 0.5
1 134.902 61.3288 -14.7841 0.5
1 115.928 80.1332 9.60219 0.5
1 155.709 9.16379 6.34953 0.5
1 113.556 93.7883 -14.8692 0.5
1 131.842 71.1542 -13.234 0.5
1 127.351 59.9172 9.06029 0.5
1 148.324 47.4045 9.18531 0.5
1 122.404 92.9688 -8.2472 0.5
1 113.058 84.3595 -8.63177 0.5
1 160.082 26.2744 10.0952 0.5
1 147.924 48.8201 8.16787 0.5
1 153.677 36.8986 10.5891 0.5
1 123.617 88.3732 11.1493 0.5
1 137.055 65.1793 11.0757 0.5
1 122.354 65.5272 -0.106849 0.5
1 163.627 -4.80852 -5.76545 0.5
1 155.148 8.72531 -0.0851742 0.5
1 137.69 43.1054 -10.3489 0.5
1 137.015 46.8449 12.5027 0.5
1 140.548 62.4625 6.64256 0.5
1 160.495 25.5496 -10.1054 0.5
1 116.466 77.5113 7.09971 0.5
1 134.35 69.4274 11.4593 0.5
1 139.351 58.1295 13.2436 0.5
1 120.294 96.3963 8.58204 0.5
1 138.885 49.2063 14.7571 0.5
1 148.254 24.5794 -10.1028 0.5
1 162.712 7.06378 14.5712 0.5
1 130.905 80.0608 4.38211 0.5
1 129.572 73.538 -13.9502 0.5
1 149.938 45.1306 -8.4683 0.5
1 132.589 77.206 4.1775 0.5
1 136.27 61.2444 -14.2039 0.5
1 129.147 67.1837 -14.9168 0.5
1 121.355 67.6975 -3.61114 0.5
1 119.657 70.199 0.17356 0.5
1 145.988 45.8952 -13.6109 0.5
1 135.286 52.3239 13.8316 0.5
1 148.121 25.6118 10.9181 0.5
1 162.047 26.1304 4.35578 0.5
1 135.006 73.4676 -2.08522 0.5
1 165.172 11.7053 14.0168 0.5
1 162.801 2.58081 -12.757 0.5
1 150.664 40.1552 12.2456 0.5
1 126.529 81.6032 -12.4889 0.5
1 134.709 46.3594 -7.87352 0.5
1 118.133 83.2576 14.2837 0.5
1 137.373 65.3527 -10.3677 0.5
1 143.096 59.3975 2.456 0.5
1 149.102 32.8463 14.9391 0.5
1 122.458 94.9935 3.2387 0.5
1 126.582 78.392 -14.0744 0.5
1 126.191 88.2201 4.4033 0.5
1 112.356 85.7968 8.93614 0.5
1 125.232 66.2406 -11.7683 0.5
1 114.261 108.857 -4.49035 0.5
1 147.482 37.0403 -15 0.5
1 127.57 82.7314 9.93344 0.5
1 129.493 53.1815 0.775553 0.5
1 140.909 33.7849 3.42568 0.5
1 161.609 18.2078 13.8862 0.5
1 156.294 35.7191 5.44033 0.5
1 127.772 58.5471 -8.14702 0.5
1 153.432 40.9487 4.68168 0.5
1 142.121 60.1358 5.76921 0.5
1 152.415 42.4599 5.38213 0.5
1 131.348 60.5328 14.3355 0.5
1 146.989 30.3993 -13.0147 0.5
1 162.62 24.4549 -6.17279 0.5
1 155.754 7.89275 2.54022 0.5
1 134.299 46.5828 7.02216 0.5
1 121.325 89.5964 -13.1112 0.5
1 147.698 23.9544 -8.02085 0.5
1 158.526 2.89346 -0.738265 0.5
1 119.548 78.8168 13.4847 0.5
1 131.62 77.1705 -7.99256 0.5
1 125.721 89.5197 2.28577 0.5
1 155.239 19.0599 14.3065 0.5
1 164.266 14.6143 13.4301 0.5
2 190.73 35.107 10.8597 0.5
2 180.599 40.0376 8.82166 0.5
2 174.009 30.5666 5.18594 0.5
2 170.358 -4.63866 -2.39511 0.5
2 167.535 -0.526095 -13.8309 0.5
2 184.842 42.0718 13.3623 0.5
2 215.437 81.0807 -13.1769 0.5
2 187.717 36.5894 14.5502 0.5
2 177.14 21.8979 -15 0.5
2 187.774 43.9238 14.5641 0.5
2 203.624 59.3341 -12.3914 0.5
2 208.58 75.5852 -14.9794 0.5
2 177.081 8.54878 -7.00527 0.5
2 178.653 22.8269 -14.9024 0.5
2 167.689 -6.24518 -9.27263 0.5
2 190.791 58.4331 7.69908 0.5
2 207.302 74.9722 14.9779 0.5
2 183.572 41.655 -12.2909 0.5
2 196.846 70.8249 -2.57638 0.5
2 200.221 47.0437 2.12624 0.5
2 168.948 5.20386 14.7863 0.5
2 204.672 79.2843 -11.4569 0.5
2 193.818 60.496 11.4466 0.5
2 201.241 76.7493 -7.32599 0.5
2 183.974 43.3847 -11.4983 0.5
2 170.01 -3.0435 -8.12551 0.5
2 175.57 4.47768 2.89224 0.5
2 208.4 61.7172 -4.39647 0.5
2 168.698 -3.81683 10.0773 0.5
2 217.194 101.331 11.1445 0.5
2 194.606 62.3665 -10.9983 0.5
2 203.284 77.8348 -10.5768 0.5
2 202.412 55.0222 10.5478 0.5
2 210.207 79.5829 14.9948 0.5
2 166.768 -11.0426 0.433165 0.5
2 212.283 94.6793 9.13891 0.5
2 221.505 105.217 -13.5384 0.5
2 207.511 63.6877 10.3766 0.5
2 202.185 50.6503 3.24982 0.5
2 197.606 44.791 8.18132 0.5
2 205.597 78.0213 13.361 0.5
2 213.764 98.0871 7.92372 0.5
2 188.356 52.4593 -10.0701 0.5
2 194.684 58.3167 -13.7418 0.5
2 201.316 66.4153 14.7684 0.5
2 208.477 68.4426 -12.8427 0.5
2 180.15 19.19 -12.727 0.5
2 194.93 38.158 -3.56562 0.5
2 197.03 70.5305 -4.93399 0.5
2 167.587 19.8353 3.96537 0.5
2 199.85 76.2032 1.1766 0.5
2 183.363 17.7007 -0.450231 0.5
2 211.62 67.6211 -5.34723 0.5
2 209.001 78.7456 -14.9095 0.5
2 192.265 33.1689 1.29675 0.5
2 212.876 97.5794 -5.9543 0.5
2 208.417 70.4945 13.918 0.5
2 209.91 71.8895 13.3778 0.5
2 201.718 79.3668 1.87927 0.5
2 219.402 98.9078 14.5126 0.5
2 209.012 63.0473 5.19274 0.5
2 186.243 52.6822 0.114915 0.5
2 190.548 38.7149 13.5546 0.5
2 177.813 29.4057 13.6018 0.5
2 185.137 23.2266 8.23068 0.5
2 174.236 29.7605 -7.69582 0.5
2 173.252 23.8975 12.2079 0.5
2 171.929 27.114 -4.76131 0.5
2 201.386 52.6114 9.86503 0.5
2 193.02 46.1656 -14.6426 0.5
2 174.143 28.5344 9.2483 0.5
2 172.961 26.201 9.60154 0.5
2 222.216 93.8465 -13.6846 0.5
2 186.025 30.9772 13.6004 0.5
2 181.111 32.4217 -14.5545 0.5
2 176.791 9.6197 9.39877 0.5
2 176.324 34.7415 -4.71534 0.5
2 205.373 73.3558 -14.7834 0.5
2 208.052 86.4428 10.212 0.5
2 167.906 -4.61041 10.68 0.5
2 214.094 71.8205 -5.11299 0.5
2 204.73 64.191 13.9506 0.5
2 210.605 87.7745 12.7534 0.5
2 168.275 9.3191 -14.7441 0.5
2 167.342 4.37305 14.9891 0.5
2 171.143 26.3778 -2.11952 0.5
2 193.365 64.8672 -2.11602 0.5
2 198.966 46.0116 6.09014 0.5
2 172.613 13.941 14.9994 0.5
2 190.995 42.0918 14.5053 0.5
2 214.715 72.5805 -4.14558 0.5
2 177.703 7.99861 1.7982 0.5
2 166.887 -8.76464 -7.61938 0.5
2 218.423 101.223 12.8107 0.5
2 179.42 36.7566 -10.3135 0.5
2 210.937 65.8339 3.3543 0.5
2 196.117 45.5984 -11.8586 0.5
2 184.788 50.1343 0.899023 0.5
2 169.771 0.614617 12.3333 0.5
2 189.918 30.798 7.03067 0.5
3 231.614 107.165 13.1779 0.5
3 226.828 85.4123 -3.49253 0.5
3 242.743 107.497 12.9919 0.5
3 258.018 96.6818 -14.6284 0.5
3 278.254 91.5907 12.4211 0.5
3 321.834 99.6221 14.9952 0.5
3 296.943 86.1467 -5.75204 0.5
3 292.514 114.841 2.1765 0.5
3 317.251 111.229 9.94499 0.5
3 310.275 89.5661 -10.7765 0.5
3 307.065 101.37 -14.9373 0.5
3 224.721 113.774 5.9403 0.5
3 247.785 114.668 -3.13882 0.5
3 229.774 87.2709 -7.93539 0.5
3 286.603 99.0805 14.9718 0.5
3 258.705 93.8197 13.6676 0.5
3 235.718 99.2323 -14.9803 0.5
3 275.681 87.6478 -8.51025 0.5
3 238.819 101.558 -14.9189 0.5
3 325.836 85.0309 -0.961974 0.5
3 223.576 109.56 11.5587 0.5
3 318.26 86.3558 -6.23176 0.5
3 246.484 88.6367 -9.79163 0.5
3 262.002 96.8296 -14.6611 0.5
3 260.962 110.271 10.9322 0.5
3 300.25 107.532 -12.972 0.5
3 245.963 113.783 5.91849 0.5
3 323.892 97.9819 14.8636 0.5
3 241.486 94.4372 -13.9304 0.5
3 297.038 85.0016 0.21846 0.5
3 314.835 109.824 -11.3355 0.5
3 318.429 106.942 -13.2972 0.5
3 291.849 87.5251 -8.3293 0.5
3 315.245 106.868 -13.3356 0.5
3 223.016 87.7846 -8.7054 0.5
3 267.24 85.163 2.20532 0.5
3 257.844 108.509 12.3528 0.5
3 281.049 85.2569 -2.76413 0.5
3 239.203 85.0126 -0.614856 0.5
3 291.915 104.258 14.383 0.5
3 289.277 99.3118 -14.9842 0.5
3 306.612 95.481 14.3031 0.5
3 274.929 105.984 13.7546 0.5
3 238.058 110.09 -11.0989 0.5
3 236.415 112.193 8.73734 0.5
3 269.907 105.795 -13.8353 0.5
3 272.267 102.512 -14.7882 0.5
3 250.36 85.0928 -1.66564 0.5
3 249.516 98.0989 -14.879 0.5
3 269.976 85.0094 0.531887 0.5
3 251.931 85.184 -2.34202 0.5
3 246.544 98.6038 -14.9349 0.5
3 280.902 85.4629 3.69773 0.5
3 324.545 85.3768 -3.34088 0.5
3 319.433 114.93 1.44726 0.5
3 269.627 112.29 -8.60045 0.5
3 225.996 97.1073 14.7184 0.5
3 328.802 113.933 5.55689 0.5
3 254.971 97.0128 14.6995 0.5
3 293.913 85.0196 0.766516 0.5
3 269.866 88.7286 -9.89721 0.5
3 233.543 99.7156 -14.9973 0.5
3 233.609 114.908 -1.65508 0.5
3 262.099 112.332 -8.53951 0.5
3 240.73 96.9218 -14.6808 0.5
3 319.169 99.0493 14.9698 0.5
3 285.835 114.797 2.46137 0.5
3 250.843 86.062 5.5437 0.5
3 319.018 100.58 -14.9888 0.5
3 232.819 92.829 -13.1749 0.5
3 249.1 85.325 -3.1054 0.5
3 283.484 113.668 6.17883 0.5
3 265.957 85.2987 2.97831 0.5
3 290.44 86.5179 -6.57508 0.5
3 237.394 114.842 2.17247 0.5
3 318.36 85.415 -3.50414 0.5
3 266.346 90.8719 -11.9029 0.5
3 252.414 111.307 -9.85668 0.5
3 238.123 87.2016 -7.82305 0.5
3 274.298 113.722 6.05854 0.5
3 282.3 93.2876 -13.4143 0.5
3 272.168 97.5197 -14.7935 0.5
3 255.006 107.352 -13.0746 0.5
3 268.86 96.6805 -14.6281 0.5
3 255.028 108.614 -12.2803 0.5
3 328.474 114.504 3.82568 0.5
3 224.51 114.947 1.2585 0.5
3 237.687 114.977 -0.830969 0.5
3 258.285 100.176 -14.999 0.5
3 271.921 85.3456 3.20133 0.5
3 247.606 114.972 -0.917454 0.5
3 265.061 102.581 14.7764 0.5
3 315.87 97.8509 -14.8452 0.5
3 224.886 94.2058 13.8357 0.5
3 260.172 106.826 -13.3567 0.5
3 275.728 111.964 9.04782 0.5
3 279.367 109.277 11.7874 0.5
4 357.78 57.6291 -15 0.5
4 368.037 49.1102 -11.8322 0.5
4 341.863 84.5754 -14.9859 0.5
4 344.839 93.5948 6.48857 0.5
4 339.041 75.3553 2.68036 0.5
4 383.812 9.40781 14.6632 0.5
4 379.065 34.4285 -6.24459 0.5
4 367.875 25.6595 -3.79499 0.5
4 380.47 16.4373 14.8766 0.5
4 378.516 35.2294 6.56166 0.5
4 347.6 77.6838 -14.8078 0.5
4 380.736 30.1109 -8.70627 0.5
4 355.05 55.6688 13.4122 0.5
4 337.911 99.2428 -13.1749 0.5
4 381.247 5.29162 -9.36268 0.5
4 341.42 87.2038 14.9511 0.5
4 338.421 96.5142 14.0223 0.5
4 349.208 65.6249 -13.3292 0.5
4 381.414 24.0572 -13.0841 0.5
4 385.606 -3.189 8.06196 0.5
4 362.498 57.7757 -12.5006 0.5
4 388.257 -1.11395 -13.7553 0.5
4 344.529 95.419 2.37718 0.5
4 354.425 74.8395 9.78168 0.5
4 363.117 53.1234 14.2412 0.5
4 337.014 86.6764 13.2935 0.5
4 364.32 42.3145 14.4525 0.5
4 367.888 47.3128 13.1795 0.5
4 345.072 93.962 4.54997 0.5
4 339.459 76.6422 7.90577 0.5
4 360.471 65.5184 8.25716 0.5
4 380.957 30.3126 7.82169 0.5
4 345.213 91.9112 -8.31056 0.5
4 366.751 32.2145 11.2646 0.5
4 339.964 87.2408 14.9458 0.5
4 379.056 34.1912 6.77172 0.5
4 347.254 84.0169 -12.6073 0.5
4 340.388 74.858 7.61457 0.5
4 354.676 53.8278 -11.8432 0.5
4 368.191 53.772 4.98667 0.5
4 338.537 91.8334 -14.9761 0.5
4 345.273 70.1514 11.8718 0.5
4 376.758 38.5931 5.86327 0.5
4 378.691 14.6049 -13.3533 0.5
4 337.478 81.1486 9.42138 0.5
4 369.978 37.1184 14.9885 0.5
4 345.829 91.7608 -6.73184 0.5
4 384.351 4.35631 13.1159 0.5
4 353.201 70.5524 -14.1549 0.5
4 353.107 80.5037 -2.71131 0.5
4 360.085 67.2716 6.31212 0.5
4 380.241 23.2038 -14.3245 0.5
4 359.151 54.0224 14.947 0.5
4 333.679 85.4232 -5.44054 0.5
4 356.719 73.3639 -5.71591 0.5
4 362.531 34.4275 0.0671772 0.5
4 356.268 46.0318 4.70385 0.5
4 374.249 21.5035 12.9154 0.5
4 339.979 98.0556 -11.5543 0.5
4 377.582 36.7443 6.77 0.5
4 336.058 92.1593 -14.6716 0.5
4 350.292 67.8994 -14.75 0.5
4 341.92 90.1499 14.1341 0.5
4 335.629 101.039 14.1368 0.5
4 376.136 33.6658 -12.8116 0.5
4 384.337 3.54432 -12.6156 0.5
4 336.435 109.544 -1.58322 0.5
4 360.373 44.8683 -12.4962 0.5
4 370.223 35.9975 14.9996 0.5
4 379.163 9.62255 -10.2009 0.5
4 349.602 79.7312 -12.7457 0.5
4 369.006 45.2827 13.2299 0.5
4 334.047 97.0503 -14.9018 0.5
4 358.528 41.7228 -3.27059 0.5
4 356.072 63.4161 14.7364 0.5
4 384.676 14.727 14.548 0.5
4 379.347 35.253 -1.22079 0.5
4 340.669 97.5647 10.9322 0.5
4 344.42 68.9662 -9.22017 0.5
4 346.088 90.1492 -8.66996 0.5
4 349.82 83.1386 -9.3941 0.5
4 351.776 54.628 -6.68462 0.5
4 367.738 50.4621 -11.1327 0.5
4 333.853 96.4252 14.7597 0.5
4 358.251 68.9818 8.8087 0.5
4 376.589 25.0944 15 0.5
4 366.951 56.6186 2.14768 0.5
4 382.415 27.7529 -7.87738 0.5
4 357.078 51.9839 -13.3245 0.5
4 381.67 20.5398 -14.3819 0.5
4 361.916 64.1255 6.25632 0.5
4 338.984 100.594 -10.8276 0.5
4 369.08 36.8648 -14.9503 0.5
4 382.987 23.5 11.6059 0.5
4 343.156 88.7169 13.8624 0.5
4 338.775 76.1016 -3.93993 0.5
4 368.874 49.4885 10.1473 0.5
4 363.916 61.4112 -4.26194 0.5
4 370.508 40.8548 14.0537 0.5
4 334.634 91.4376 13.6084 0.5
4 379.218 30.8855 10.8467 0.5
4 379.613 11.3662 -12.3763 0.5
4 361.777 35.8407 1.78535 0.5
5 356.702 -66.6225 3.22739 0.5
5 376.95 -1.91353 0.529065 0.5
5 336.07 -98.4934 -10.4268 0.5
5 346.018 -83.2764 -7.82699 0.5
5 362.709 -49.9259 -12.4569 0.5
5 362.321 -27.374 -1.98411 0.5
5 377.223 -18.8776 14.7991 0.5
5 367.013 -32.3966 -14.9013 0.5
5 343.996 -81.9734 12.6938 0.5
5 348.38 -73.1337 -13.3978 0.5
5 336.163 -102.297 -2.73292 0.5
5 386.868 9.19005 12.0627 0.5
5 339.127 -91.3922 -12.0177 0.5
5 361.162 -43.6077 14.9862 0.5
5 339.731 -96.3483 0.782551 0.5
5 364.358 -36.8614 -14.8852 0.5
5 340.278 -68.9175 -9.62623 0.5
5 347.237 -81.1169 7.90281 0.5
5 356.321 -38.5961 -5.28608 0.5
5 388.837 -5.03995 -12.2014 0.5
5 359.776 -39.8035 13.3461 0.5
5 344.962 -80.7168 12.4216 0.5
5 351.192 -62.0424 -14.9909 0.5
5 356.5 -39.5389 -7.84443 0.5
5 381.693 -23.2988 3.39502 0.5
5 338.166 -95.5114 -9.71245 0.5
5 345.383 -77.5754 13.7493 0.5
5 363.208 -36.6013 -14.4277 0.5
5 345.603 -75.9293 -14.2343 0.5
5 352.135 -51.3914 -12.3633 0.5
5 374.356 -30.0628 12.2428 0.5
5 362.145 -57.5402 0.451336 0.5
5 344.099 -82.6035 -12.1472 0.5
5 363.182 -54.8354 -5.1594 0.5
5 381.333 4.64207 -5.50091 0.5
5 376.083 -27.4309 11.9805 0.5
5 340.699 -81.9345 -14.8315 0.5
5 370.43 -43.1472 1.21806 0.5
5 365.005 -31.0313 13.4882 0.5
5 374.134 -7.7755 -5.36914 0.5
5 373.372 -38.0161 -1.59529 0.5
5 366.389 -20.7855 4.16231 0.5
5 356.051 -68.0058 1.68812 0.5
5 381.762 -14.2623 13.8773 0.5
5 375.678 -29.779 10.5411 0.5
5 347.602 -71.6668 14.4756 0.5
5 365.402 -24.1252 -7.85222 0.5
5 364.874 -49.9319 8.84843 0.5
5 346.988 -79.6471 10.3608 0.5
5 384.469 -6.01881 14.8468 0.5
5 351.557 -70.8319 11.228 0.5
5 366.908 -28.498 -13.8336 0.5
5 361.193 -58.6332 4.06646 0.5
5 337.632 -73.4442 -9.55755 0.5
5 349.55 -68.1026 14.5262 0.5
5 336.591 -71.9636 2.16018 0.5
5 351.045 -52.3006 -11.6311 0.5
5 387.682 15.2355 -6.43146 0.5
5 349.634 -75.3695 -10.0302 0.5
5 374.541 -18.5407 -14.7841 0.5
5 350.96 -65.0994 14.6592 0.5
5 366.257 -42.2349 13.3652 0.5
5 337.716 -99.7835 -1.49887 0.5
5 347.201 -83.4165 0.631134 0.5
5 337.647 -82.3673 -14.771 0.5
5 365.783 -48.4118 -8.77508 0.5
5 363.257 -54.9112 4.5588 0.5
5 382.608 1.27633 12.4412 0.5
5 380.233 -17.3905 -13.6713 0.5
5 345.105 -86.9959 -1.3923 0.5
5 380.841 -24.8979 2.8117 0.5
5 336.859 -76.1947 -11.0456 0.5
5 360.886 -59.6153 -1.83698 0.5
5 387.703 -5.84969 -12.9496 0.5
5 341.005 -69.0622 11.0907 0.5
5 342.908 -67.4224 -12.3974 0.5
5 372.185 -37.0465 -9.14524 0.5
5 371.445 -18.8788 -12.9556 0.5
5 384.235 -18.84 -3.63029 0.5
5 347.609 -53.2749 4.03128 0.5
5 350.959 -72.6153 -10.5185 0.5
5 376.502 -5.17506 -8.28317 0.5
5 372.448 -11.0871 -6.29611 0.5
5 367.447 -36.4017 -14.6891 0.5
5 344.691 -64.709 12.6445 0.5
5 334.789 -77.1069 7.78514 0.5
5 346.206 -56.3032 5.75843 0.5
5 363.726 -44.6908 14.1829 0.5
5 342.796 -65.1851 10.3305 0.5
5 380.934 1.76726 9.29704 0.5
5 345.067 -86.5736 4.03746 0.5
5 368.157 -35.3005 -14.6619 0.5
5 357.438 -36.2304 3.95484 0.5
5 382.916 -2.74996 -14.5052 0.5
5 362.918 -34.2966 -13.3132 0.5
5 360.857 -45.6144 14.9767 0.5
5 337.656 -91.7506 -13.3762 0.5
5 355.834 -67.412 -5.55202 0.5
6 355.573 -101.122 12.2391 0.5
6 339.132 -95.6216 14.6609 0.5
6 419.595 -78.0578 -4.22647 0.5
6 404.777 -100.323 -12.768 0.5
6 378.992 -102.151 11.4409 0.5
6 342.671 -102.912 -10.7498 0.5
6 416.274 -96.2243 14.5174 0.5
6 428.78 -103.705 -9.9165 0.5
6 404.799 -106.552 -5.11243 0.5
6 443.599 -90.8452 14.9139 0.5
6 367.79 -93.9804 -14.9217 0.5
6 435.568 -82.6725 11.3754 0.5
6 390 -96.2136 -14.5202 0.5
6 366.043 -85.3167 13.1952 0.5
6 414.948 -102.712 10.9408 0.5
6 363.57 -81.4582 10.2067 0.5
6 389.176 -77.5046 -1.2775 0.5
6 444.354 -92.7238 -14.9975 0.5
6 356.035 -78.2151 4.72917 0.5
6 376.942 -78.6047 5.77097 0.5
6 374.082 -101.683 -11.822 0.5
6 422.067 -107.255 2.40829 0.5
6 394.463 -91.823 14.9869 0.5
6 442.112 -107.42 0.942507 0.5
6 334.756 -106.189 -6.02061 0.5
6 386.647 -106.979 3.73135 0.5
6 421.02 -107.107 -3.18883 0.5
6 336.336 -103.67 9.95593 0.5
6 429.226 -101.373 -12.0573 0.5
6 439.876 -86.1367 -13.6066 0.5
6 398.507 -95.1605 14.7531 0.5
6 384.4 -82.571 11.2873 0.5
6 339.338 -77.7585 3.02608 0.5
6 434.679 -88.8789 14.5687 0.5
6 368.674 -99.1141 -13.4384 0.5
6 435.504 -85.7024 -13.3966 0.5
6 439.545 -82.6849 11.386 0.5
6 435.169 -104.965 8.26866 0.5
6 427.371 -105.301 -7.73637 0.5
6 414.413 -94.3154 14.8836 0.5
6 430.012 -93.8397 14.9355 0.5
6 336.484 -104.941 8.30555 0.5
6 431.123 -77.6562 -2.47824 0.5
6 406.286 -80.063 8.45933 0.5
6 402.003 -99.3725 13.3072 0.5
6 418.063 -101.911 -11.6397 0.5
6 336.092 -101.573 11.9067 0.5
6 423.277 -83.0435 -11.684 0.5
6 370.413 -78.4988 5.51021 0.5
6 378.116 -106.03 6.37161 0.5
6 431.672 -84.6533 -12.8145 0.5
6 405.876 -78.6089 5.78111 0.5
6 337.155 -107.212 2.66436 0.5
6 345.597 -96.1044 -14.5481 0.5
6 346.209 -100.346 12.7535 0.5
6 372.319 -107.072 -3.34453 0.5
6 337.712 -105.383 -7.59909 0.5
6 350.784 -89.5183 14.7107 0.5
6 439.116 -93.375 -14.9715 0.5
6 431.938 -104.65 8.72656 0.5
6 387.56 -99.6208 -13.175 0.5
6 334.92 -107.424 0.886488 0.5
6 413.031 -95.247 14.7369 0.5
6 441.905 -80.6903 -9.31164 0.5
6 387.711 -77.5258 -1.50524 0.5
6 441.846 -77.8288 3.34914 0.5
6 440.506 -84.935 12.9817 0.5
6 415.354 -94.483 -14.8616 0.5
6 434.032 -107.279 -2.2568 0.5
6 419.949 -90.5103 14.874 0.5
6 441.486 -81.8945 -10.6574 0.5
6 397.815 -107.251 -2.43284 0.5
6 337.845 -102.629 11.0178 0.5
6 420.038 -83.8136 -12.2642 0.5
6 386.249 -90.3777 -14.8562 0.5
6 383.958 -88.9451 -14.5848 0.5
6 333.734 -98.7346 -13.62 0.5
6 382.816 -80.2096 8.67003 0.5
6 407.207 -80.4934 -9.05748 0.5
6 352.709 -77.9438 -3.81669 0.5
6 424.606 -79.0115 -6.66361 0.5
6 383.819 -107.161 2.92837 0.5
6 378.242 -91.9958 14.9931 0.5
6 366.398 -84.911 -12.9677 0.5
6 346.798 -81.9343 -10.6967 0.5
6 398.276 -98.8275 13.5768 0.5
6 391.776 -77.4947 -1.15616 0.5
6 406.193 -90.7634 -14.9049 0.5
6 351.288 -94.0765 14.9116 0.5
6 428.918 -106.705 4.66794 0.5
7 489.565 -158.763 9.21105 0.5
7 478.434 -136.586 -2.80814 0.5
7 477.936 -144.133 -13.6011 0.5
7 462.611 -121.42 -14.7909 0.5
7 446.075 -96.5812 14.9429 0.5
7 497.132 -189.338 -13.9033 0.5
7 448.149 -94.6228 14.3869 0.5
7 482.495 -166.295 -12.7268 0.5
7 474.376 -134.021 -10.9305 0.5
7 493.493 -191.831 4.10854 0.5
7 489.5 -155.654 2.22766 0.5
7 471.707 -132.039 -12.9139 0.5
7 484.206 -153.001 -12.4828 0.5
7 493.435 -177.02 -14.9973 0.5
7 445.933 -99.4 14.3489 0.5
7 467.233 -136.643 14.237 0.5
7 484.524 -154.317 12.9596 0.5
7 468.97 -120.411 -3.76945 0.5
7 463.825 -111.471 3.66117 0.5
7 444.586 -81.7572 10.2652 0.5
7 496.587 -171.376 -9.76306 0.5
7 473.423 -143.224 -14.9887 0.5
7 484.363 -150.153 9.70471 0.5
7 488.243 -153.312 0.159303 0.5
7 487.37 -181.751 -1.21633 0.5
7 468.956 -123.315 9.5212 0.5
7 497.195 -171.305 -8.27427 0.5
7 481.714 -144.939 8.91465 0.5
7 484.37 -162.6 -14.9668 0.5
7 492.347 -189.53 5.09081 0.5
7 492.653 -162.69 7.01381 0.5
7 477.229 -160.75 -9.61301 0.5
7 472.08 -137.98 14.8169 0.5
7 459.694 -131.804 -7.58553 0.5
7 490.125 -156.623 -1.23731 0.5
7 487.505 -180.35 6.9023 0.5
7 445.177 -92.0407 14.9058 0.5
7 449.964 -112.046 -11.1494 0.5
7 496.956 -183.432 15 0.5
7 486.154 -154.002 10.5215 0.5
7 464.528 -141.969 2.81706 0.5
7 494.748 -169.054 -10.6876 0.5
7 464.114 -135.373 12.1083 0.5
7 495.505 -191.625 10.4762 0.5
7 498.958 -172.439 -4.09395 0.5
7 474.758 -159.589 3.2952 0.5
7 451.22 -111.771 12.9409 0.5
7 445.439 -105.983 -9.24831 0.5
7 453.253 -115.248 12.9667 0.5
7 493.893 -167.618 -10.733 0.5
7 488.858 -179.02 -11.4898 0.5
7 447.469 -85.9138 -9.29344 0.5
7 452.606 -99.8896 13.4225 0.5
7 477.279 -147.564 -14.8968 0.5
7 457.887 -114.114 -14.9124 0.5
7 485.192 -172.386 11.722 0.5
7 486.943 -153.825 8.67838 0.5
7 454.279 -95.9532 6.47258 0.5
7 445.722 -85.3413 11.7516 0.5
7 497.72 -199.463 -2.80355 0.5
7 466.507 -130.629 -15 0.5
7 454.782 -122.918 8.19505 0.5
7 448.044 -107.665 -12.0151 0.5
7 496.908 -168.535 2.53272 0.5
7 463.249 -131.293 13.6261 0.5
7 447.387 -83.1295 -4.14006 0.5
7 468.812 -141.346 -13.4259 0.5
7 464.181 -128.201 14.9179 0.5
7 479.259 -161.58 -12.1264 0.5
7 485.697 -164.794 14.9734 0.5
7 492.547 -164.611 10.0279 0.5
7 460.185 -109.431 10.9216 0.5
7 461.404 -106.922 -1.70085 0.5
7 493.859 -187.362 11.7507 0.5
7 448.466 -113.115 -6.10885 0.5
7 476.57 -141.174 13.3092 0.5
7 470.878 -152.484 4.68315 0.5
7 458.814 -126.712 -11.7112 0.5
7 493.616 -190.112 -8.30135 0.5
7 492.269 -181.971 13.4277 0.5
7 450.877 -116.265 -8.02256 0.5
7 493.7 -191.968 -4.81595 0.5
7 444.842 -108.138 0.112312 0.5
7 494.119 -163.835 3.20014 0.5
7 487.242 -156.466 -11.0801 0.5
7 467.516 -129.774 14.7664 0.5
7 475.593 -141.464 -14.1641 0.5
7 463.132 -136.785 -9.04396 0.5
7 466.812 -120.627 -10.6486 0.5
7 467.681 -118.804 -5.6577 0.5
8 542.793 -113.373 -14.9533 0.5
8 549.487 -107.244 14.3757 0.5
8 548.007 -90.6129 -1.62922 0.5
8 547.141 -109.302 14.8262 0.5
8 513.709 -172.802 12.7686 0.5
8 533.785 -140.482 -10.881 0.5
8 501.325 -187.611 14.9495 0.5
8 539.75 -106.114 -6.08239 0.5
8 527.712 -132.967 -12.8677 0.5
8 544.02 -100.044 -8.45908 0.5
8 517.239 -146.351 8.34483 0.5
8 537.057 -126.735 -14.8312 0.5
8 515.775 -146.697 -3.19751 0.5
8 525.911 -153.415 11.5095 0.5
8 539.151 -118.877 14.8678 0.5
8 503.873 -193.131 -10.0191 0.5
8 508.989 -182.038 12.0504 0.5
8 530.118 -147.382 -10.3344 0.5
8 527.223 -154.969 6.65036 0.5
8 553.252 -82.252 4.8694 0.5
8 530.344 -145.865 11.4011 0.5
8 528.633 -144.023 -14.1628 0.5
8 551.434 -92.5645 -13.2538 0.5
8 513.164 -177.124 9.92299 0.5
8 517.987 -166.195 -12.2384 0.5
8 511.875 -154.738 -6.80249 0.5
8 506.808 -191.511 3.32058 0.5
8 545.49 -109.772 14.9996 0.5
8 531.513 -127.919 13.6704 0.5
8 527.969 -133.675 13.4915 0.5
8 522.091 -159.325 12.0647 0.5
8 515.677 -162.214 14.984 0.5
8 505.294 -193.773 4.62756 0.5
8 542.716 -108.258 -13.5519 0.5
8 522.256 -156.305 13.6682 0.5
8 537.525 -122.926 14.9811 0.5
8 516.815 -147.529 8.96971 0.5
8 531.814 -141.926 -12.4583 0.5
8 509.129 -180.695 12.7925 0.5
8 545.392 -123.076 -7.44583 0.5
8 516.809 -168.056 -12.3634 0.5
8 512.571 -174.398 -12.9923 0.5
8 540.506 -123.692 -14.0786 0.5
8 548.828 -89.1487 1.16802 0.5
8 545.819 -121.438 8.83258 0.5
8 534.662 -136.983 -12.4653 0.5
8 520.424 -163.651 10.8554 0.5
8 552.525 -91.1902 13.5145 0.5
8 518.5 -147.343 -11.7781 0.5
8 523.527 -152.219 -14.372 0.5
8 522.416 -164.585 2.79994 0.5
8 510.228 -156.143 -2.33431 0.5
8 536.762 -130.05 14.1251 0.5
8 528.174 -125.11 -2.63111 0.5
8 509.587 -161.681 10.8196 0.5
8 550.202 -106.454 14.2341 0.5
8 529.338 -148.506 10.5679 0.5
8 503.564 -195.496 -7.49228 0.5
8 541.403 -131.922 1.1065 0.5
8 534.36 -118.037 -10.0616 0.5
8 536.693 -132.003 -13.3277 0.5
8 543.087 -122.848 12.1461 0.5
8 552.909 -87.2944 11.4084 0.5
8 534.229 -143.741 -4.36044 0.5
8 554.486 -79.3846 -1.57426 0.5
8 520.742 -160.63 -12.7631 0.5
8 511.828 -160.138 -12.6562 0.5
8 528.335 -137.826 14.8951 0.5
8 528.885 -126.011 8.0865 0.5
8 546.212 -94.7058 -5.57098 0.5
8 515.98 -175.989 0.480633 0.5
8 531.441 -122.046 8.76762 0.5
8 529.003 -153.231 2.49975 0.5
8 526.21 -128.6 3.09232 0.5
8 537.007 -111.305 6.99131 0.5
8 524.088 -135.612 9.81772 0.5
8 506.198 -184.287 13.5907 0.5
8 517.054 -144.202 -1.39736 0.5
8 509.076 -161.589 9.78865 0.5
8 554.596 -94.7607 14.986 0.5
8 505.54 -180.516 -14.931 0.5
8 536.013 -124.813 -14.9263 0.5
8 554.165 -93.5943 14.9467 0.5
8 542.164 -111.815 -14.5028 0.5
8 525.312 -136.494 -12.4688 0.5
8 550.326 -116.123 -3.37662 0.5
8 546.612 -102.01 -13.7777 0.5
8 546.42 -105.596 14.7591 0.5
8 542.45 -114.928 -14.9984 0.5
8 526.558 -138.437 -14.3887 0.5
8 523.578 -154.082 -13.6386 0.5
8 521.118 -137.419 -3.08599 0.5
8 548.57 -91.0272 -6.49237 0.5
8 510.668 -173.068 -14.7228 0.5
8 555.419 -107.551 -2.01963 0.5
8 534.473 -113.966 -0.140549 0.5
8 551.464 -111.065 -9.59793 0.5
8 552.137 -86.1106 -8.64145 0.5
8 520.223 -138.837 2.37873 0.5
8 554.639 -80.3332 -6.09895 0.5
8 519.606 -142.698 -8.97592 0.5
9 605.729 -84.097 -12.4589 0.5
9 630.886 -78.7715 6.15603 0.5
9 638.118 -104.434 -9.02105 0.5
9 648.743 -77.9698 -3.91409 0.5
9 650.159 -106.524 -5.18823 0.5
9 563.979 -96.2017 14.5233 0.5
9 663.29 -105.793 6.85245 0.5
9 563.812 -85.1365 13.0962 0.5
9 642.447 -107.174 2.86291 0.5
9 610.338 -77.9504 3.84187 0.5
9 558.241 -89.6188 -14.7304 0.5
9 643.852 -77.8991 3.64254 0.5
9 631.557 -90.9078 -14.9205 0.5
9 621.136 -80.348 -8.8623 0.5
9 587.42 -97.5599 14.1028 0.5
9 613.814 -98.6771 -13.6464 0.5
9 660.534 -78.6342 5.8414 0.5
9 662.604 -81.7511 -10.5134 0.5
9 607.065 -107.45 0.0631438 0.5
9 577.901 -88.5619 -14.4873 0.5
9 633.831 -107.41 -1.09306 0.5
9 620.702 -83.7996 12.2543 0.5
9 610.459 -96.4376 -14.4603 0.5
9 659.225 -103.615 10.0177 0.5
9 623.111 -90.1047 -14.8155 0.5
9 607.274 -89.6631 14.7388 0.5
9 595.78 -105.318 7.70854 0.5
9 616.753 -107.263 -2.36457 0.5
9 643.335 -99.4236 13.2805 0.5
9 641.896 -77.8737 -3.53977 0.5
9 665.79 -97.5604 -14.1026 0.5
9 558.926 -102.78 -10.8761 0.5
9 574.169 -81.0909 9.79636 0.5
9 578.889 -77.4852 1.02604 0.5
9 641.523 -91.3145 14.957 0.5
9 636.832 -78.521 5.56613 0.5
9 648.732 -83.9543 12.3621 0.5
9 647.933 -98.4885 -13.7309 0.5
9 621.727 -90.3956 -14.8586 0.5
9 589.979 -107.311 -2.04103 0.5
9 652.255 -89.3359 -14.6732 0.5
9 660.237 -100.332 -12.7622 0.5
9 589.305 -106.329 5.69018 0.5
9 666.224 -106.651 -4.8296 0.5
9 665.071 -77.8789 3.561 0.5
9 556.809 -103.13 -10.5326 0.5
9 580.777 -93.658 -14.9513 0.5
9 582.357 -85.8274 13.4588 0.5
9 620.589 -105.386 -7.59421 0.5
9 599.842 -93.1315 14.9845 0.5
9 648.989 -106.586 5.0164 0.5
9 610.771 -107.238 -2.51282 0.5
9 618.434 -80.6581 -9.27088 0.5
9 659.55 -89.0637 14.6127 0.5
9 658.631 -81.224 9.94867 0.5
9 557.721 -81.4447 10.1923 0.5
9 640.002 -107.429 -0.798862 0.5
9 630.167 -91.5817 -14.9748 0.5
9 591.796 -92.1173 14.9963 0.5
9 562.946 -77.9994 4.02225 0.5
9 568.732 -106.156 6.09395 0.5
9 603.755 -83.074 11.7085 0.5
9 585.615 -102.479 -11.1541 0.5
9 598.97 -107.375 1.5019 0.5
9 579.281 -82.7153 11.412 0.5
9 625.946 -93.9116 -14.9286 0.5
9 561.191 -81.5298 -10.2834 0.5
9 623.905 -87.6996 14.2279 0.5
9 606.357 -103.297 -10.3607 0.5
9 634.89 -78.2524 -4.84011 0.5
9 610.436 -90.4291 14.8632 0.5
9 556.778 -90.4081 -14.8604 0.5
9 622.373 -106.643 -4.85275 0.5
9 569.11 -81.6521 -10.4117 0.5
9 566.564 -79.0575 6.7556 0.5
9 647.979 -77.5711 -1.90139 0.5
9 661.386 -101.407 12.0323 0.5
9 618.017 -84.396 -12.6543 0.5
9 567.156 -104.395 -9.07358 0.5
9 558.209 -106.305 5.74923 0.5
9 632.134 -77.4502 -0.052062 0.5
9 632.447 -100.09 -12.9083 0.5
9 637.915 -95.6133 -14.6627 0.5
9 574.872 -86.1293 13.6032 0.5
9 611.173 -91.6156 -14.9768 0.5
9 643.25 -79.8592 -8.15296 0.5
9 647.001 -103.62 -10.0116 0.5
9 644.333 -105.653 7.12011 0.5
9 578.47 -78.8249 6.27323 0.5
9 560.261 -103.66 -9.9665 0.5
9 638.651 -100.604 12.59 0.5
9 635.417 -103.149 10.513 0.5
9 585.516 -100.376 -12.7349 0.5
9 649.894 -98.3945 13.7719 0.5
9 566.043 -94.2275 14.8943 0.5
9 633.335 -103.764 -9.84859 0.5
9 664.062 -77.8858 3.58911 0.5
9 649.555 -107.249 -2.44871 0.5
9 559.228 -90.2522 -14.8381 0.5
9 604.926 -105.965 -6.50758 0.5
9 624.386 -77.7075 2.76703 0.5
9 613.134 -85.7734 13.4321 0.5
10 629.07 -26.3984 14.971 0.5
10 653.006 -53.8292 1.08611 0.5
10 660.96 -67.642 -1.51096 0.5
10 626.534 -26.6963 14.5216 0.5
10 616.93 -11.0641 -14.2244 0.5
10 647.144 -47.0263 9.4983 0.5
10 635.423 -47.0664 12.1966 0.5
10 639.907 -45.3887 -14.9831 0.5
10 639.495 -38.9664 -13.556 0.5
10 615.792 3.97385 -12.4898 0.5
10 628.192 -38.9686 -7.20237 0.5
10 631.231 -43.8228 -7.90291 0.5
10 618.075 -20.8075 -8.25941 0.5
10 628.458 -22.6463 -14.5554 0.5
10 623.973 -33.1146 -3.39289 0.5
10 616.977 -17.1434 10.453 0.5
10 651.599 -68.3963 -14.86 0.5
10 666.383 -96.2142 -14.3835 0.5
10 626.012 -8.85271 -7.15745 0.5
10 666.272 -94.9565 14.6571 0.5
10 658.691 -63.7135 1.53185 0.5
10 646.345 -42.9595 4.55279 0.5
10 633.994 -40.6685 14.2081 0.5
10 639.924 -35.078 -10.142 0.5
10 630.711 -17.5046 -8.0321 0.5
10 628.778 -37.7298 10.2996 0.5
10 628.671 -34.2791 12.9086 0.5
10 629.441 -24.001 14.4644 0.5
10 644.663 -46.7198 -12.921 0.5
10 648.387 -50.3792 10.8005 0.5
10 646.618 -61.6338 -14.4816 0.5
10 637.261 -47.8589 13.5936 0.5
10 657.045 -89.2801 6.54767 0.5
10 654.089 -66.5746 14.4317 0.5
10 631.022 -16.1851 3.74021 0.5
10 612.854 -13.7561 -3.79491 0.5
10 615.748 1.91891 13.6696 0.5
10 618.386 -13.4369 -14.2737 0.5
10 663.253 -96.8638 -10.8793 0.5
10 656.151 -87.6738 -6.6662 0.5
10 625.156 -33.0898 -8.23235 0.5
10 626.387 -13.235 11.6495 0.5
10 618.763 -6.47312 14.6958 0.5
10 620.264 2.56236 -3.26722 0.5
10 631.93 -17.3641 1.54884 0.5
10 613.759 13.165 5.44411 0.5
10 634.493 -26.3771 -10.8597 0.5
10 611.474 16.9441 -5.88448 0.5
10 629.763 -32.3304 14.5109 0.5
10 626.008 -36.9255 -1.74609 0.5
10 638.73 -33.9362 -11.0666 0.5
10 660.421 -66.7538 1.90883 0.5
10 645.435 -46.41 11.7953 0.5
10 633.16 -47.3755 7.55029 0.5
10 665.508 -100.805 10.8451 0.5
10 664.246 -75.6857 8.18233 0.5
10 652.236 -53.4042 5.25103 0.5
10 634.679 -24.7454 8.58557 0.5
10 661.945 -98.4284 4.95942 0.5
10 663.514 -90.8441 -14.4962 0.5
10 658.153 -90.298 8.1471 0.5
10 653.533 -71.8051 14.8518 0.5
10 611.368 15.4407 -8.85027 0.5
10 645.534 -62.9934 13.1883 0.5
10 627.11 -9.20376 2.82329 0.5
10 654.073 -80.8291 -11.0052 0.5
10 611.485 2.03013 -14.9599 0.5
10 629.168 -41.1625 -6.19258 0.5
10 659.622 -85.4615 -14.0651 0.5
10 649.305 -61.5445 -14.9767 0.5
10 616.31 -18.8983 -6.17863 0.5
10 637.602 -31.405 -10.509 0.5
10 640.434 -36.2357 10.4329 0.5
10 613.867 -5.29404 14.3718 0.5
10 622.399 -21.1423 -14.0074 0.5
10 652.928 -76.4179 -12.8343 0.5
10 659.768 -65.5782 1.51686 0.5
10 632.746 -30.8375 14.7248 0.5
10 617.147 -4.2366 14.7997 0.5
10 614.213 8.48068 11.1104 0.5
10 611.176 12.8228 11.8777 0.5
10 647.323 -45.6214 -6.88768 0.5
10 618.444 -20.2999 -9.77912 0.5
10 654.908 -73.993 14.878 0.5
10 648.421 -47.2177 6.26293 0.5
10 623.083 -2.05792 1.70391 0.5
10 611.166 16.6801 -7.48397 0.5
10 612.772 15.8124 1.60249 0.5
10 636.774 -55.2842 -3.39687 0.5
10 627.553 -13.6761 10.169 0.5
10 661.495 -91.706 -12.5516 0.5
10 612.768 7.90709 13.2652 0.5
10 643.631 -48.6485 -14.4834 0.5
10 648.99 -73.8819 -8.93385 0.5
10 631.115 -35.3438 14.3184 0.5
10 661.236 -91.8051 12.1759 0.5
10 636.93 -37.4247 -14.581 0.5
10 636.366 -38.523 -14.9302 0.5
10 637.459 -56.0666 -4.81631 0.5
10 655.322 -87.5135 2.92329 0.5
10 638.785 -30.0624 5.13181 0.5
10 619.727 -19.219 -12.644 0.5
10 623.7 -25.3254 -13.1059 0.5
11 640.732 69.389 -4.49878 0.5
11 638.902 65.9551 -5.26631 0.5
11 665.741 113.083 -3.04841 0.5
11 653.113 89.6448 7.27066 0.5
11 626.894 45.4853 4.28934 0.5
11 666.305 98.36 14.9658 0.5
11 614.453 -0.765169 -10.8772 0.5
11 647.004 80.942 0.194244 0.5
11 666.628 86.2988 6.25498 0.5
11 627.69 26.7696 -13.8665 0.5
11 617.934 9.37359 -13.65 0.5
11 626.429 35.8543 13.9365 0.5
11 662.808 81.9719 9.81302 0.5
11 639.086 57.4058 -14.0784 0.5
11 648.555 77.5231 12.0795 0.5
11 611.639 13.8989 -11.8404 0.5
11 665.944 99.7676 -14.9653 0.5
11 657.062 90.1956 -13.3541 0.5
11 619.139 15.5554 14.8487 0.5
11 618.45 2.1111 4.28382 0.5
11 651.135 61.8467 -9.9189 0.5
11 622.001 12.7229 11.2574 0.5
11 626.836 16.1306 1.88655 0.5
11 640.796 49.6399 -13.935 0.5
11 655.647 65.9581 -1.14892 0.5
11 650.027 67.3564 14.5047 0.5
11 647.692 68.2316 14.9599 0.5
11 647.971 75.231 -12.9248 0.5
11 630.837 23.0806 2.04599 0.5
11 662.763 92.7859 14.9932 0.5
11 625.1 16.0682 9.08552 0.5
11 663.307 106.209 -8.9624 0.5
11 619.491 24.3558 -13.7184 0.5
11 623.278 15.0567 11.3625 0.5
11 621.575 11.1992 10.5131 0.5
11 656.369 91.0152 12.1099 0.5
11 634.569 57.855 6.64237 0.5
11 657.673 81.7957 -14.7682 0.5
11 635.912 60.8034 5.1962 0.5
11 619.014 2.59952 2.01738 0.5
11 647.78 76.0984 12.1394 0.5
11 659.392 88.8586 14.9289 0.5
11 635.867 41.7892 -14.1892 0.5
11 619.821 33.644 -2.5372 0.5
11 631.8 47.9113 12.4932 0.5
11 616.172 27.4107 1.97657 0.5
11 663.811 81.1056 5.51831 0.5
11 658.968 76.2665 10.8096 0.5
11 639.189 66.8326 -4.11277 0.5
11 656.494 80.3961 14.8682 0.5
11 632.039 48.9121 -12.0822 0.5
11 631.675 53.2191 -5.81623 0.5
11 616.222 27.1825 3.62813 0.5
11 663.458 107.216 7.86491 0.5
11 666.155 113.05 5.5493 0.5
11 653.71 81.5154 14.4688 0.5
11 621.446 30.1925 -12.3481 0.5
11 614.838 21.7825 -9.56762 0.5
11 617.984 13.0936 -14.7756 0.5
11 661.641 100.088 -12.1525 0.5
11 635.986 36.7822 -11.111 0.5
11 650.667 86.4639 -4.90093 0.5
11 627.875 44.6514 -9.20885 0.5
11 662.475 99.7944 -13.2376 0.5
11 666.154 87.9076 9.97226 0.5
11 654.878 93.4767 -5.64805 0.5
11 614.742 -4.84942 1.61423 0.5
11 654.677 91.4401 -8.71823 0.5
11 630.865 46.8962 12.069 0.5
11 661.921 81.3702 -10.7992 0.5
11 648.482 53.744 -2.68082 0.5
11 647.421 80.2989 -6.25661 0.5
11 646.913 73.1381 13.0741 0.5
11 630.649 42.3246 14.2414 0.5
11 658.619 74.3264 9.34335 0.5
11 651.298 58.3815 -0.0803838 0.5
11 660.453 92.0696 -14.7304 0.5
11 611.724 11.7333 -13.3201 0.5
11 634.259 34.3223 11.5708 0.5
11 656.485 84.8517 -14.7925 0.5
11 651.812 68.4076 13.8063 0.5
11 637.937 60.833 10.619 0.5
11 647.979 52.8077 2.28523 0.5
11 664.097 92.0217 14.5794 0.5
11 644.923 57.349 14.1459 0.5
11 619.565 8.60014 -11.3414 0.5
11 641.268 46.892 11.9126 0.5
11 653.189 77.3937 -14.9819 0.5
11 630.931 50.7191 -8.11465 0.5
11 614.622 20.0902 10.9663 0.5
11 627.936 47.576 3.18092 0.5
11 625.65 22.5551 13.5651 0.5
11 659.686 97.8882 -11.1995 0.5
11 632.231 44.6619 -14.3684 0.5
11 643.808 75.3809 -0.898047 0.5
11 662.338 78.0506 4.01982 0.5
11 660.881 83.9334 13.7276 0.5
11 634.856 56.8097 9.12176 0.5
11 641.667 56.3327 14.9955 0.5
11 665.029 110.303 7.2356 0.5
12 751.45 107.328 13.0884 0.5
12 697.27 85.0151 -0.672024 0.5
12 690.147 89.3199 10.5326 0.5
12 694.333 101.714 -14.9018 0.5
12 718.464 85.4395 3.60452 0.5
12 763.805 94.0916 -13.7873 0.5
12 737.72 102.305 -14.8218 0.5
12 745.844 96.1486 -14.4971 0.5
12 776.111 90.5428 -11.6431 0.5
12 726.14 109.399 11.6901 0.5
12 731.576 106.392 -13.5697 0.5
12 730.74 114.698 2.99409 0.5
12 690.109 85.5976 4.19164 0.5
12 719.929 113.2 7.12425 0.5
12 729.903 102.31 14.821 0.5
12 672.164 85.3244 3.10248 0.5
12 721.579 87.4609 8.2323 0.5
12 719.912 114.621 -3.34873 0.5
12 725.735 114.303 4.51854 0.5
12 702.411 85.3148 3.05687 0.5
12 736.139 95.6575 -14.3577 0.5
12 742.903 86.5372 6.61455 0.5
12 760.405 101.686 -14.9049 0.5
12 773.409 89.7932 -10.9918 0.5
12 758.44 87.832 8.77152 0.5
12 717.322 110.506 -10.7067 0.5
12 768.994 89.8233 11.0197 0.5
12 734.504 94.9352 14.1191 0.5
12 739.56 114.03 5.30757 0.5
12 755.309 91.7559 12.5313 0.5
12 760.739 94.9511 -14.1247 0.5
12 702.49 103.692 14.5386 0.5
12 674.646 112.668 8.03301 0.5
12 741.009 103.214 -14.6517 0.5
12 752.74 105.858 -13.8089 0.5
12 719.415 89.7555 -10.9568 0.5
12 699.601 92.1828 12.802 0.5
12 757.58 114.738 2.7891 0.5
12 702.704 99.5198 -14.9923 0.5
12 752.24 89.9158 11.1045 0.5
12 686.645 85.3334 3.14475 0.5
12 749.723 107.849 -12.7828 0.5
12 738.615 93.7669 -13.6436 0.5
12 689.031 114.975 -0.857724 0.5
12 749.753 105.825 13.8226 0.5
12 706.923 112.294 8.59411 0.5
12 761.762 96.2915 -14.5343 0.5
12 734.531 90.0553 -11.2295 0.5
12 667.338 100.264 14.9977 0.5
12 721.158 86.4607 6.45656 0.5
12 740.006 85.0767 1.51504 0.5
12 667.466 102.065 14.8572 0.5
12 683.865 95.4255 14.2854 0.5
12 670.575 114.714 2.91293 0.5
12 676.694 103.989 -14.4598 0.5
12 696.396 109.662 -11.4734 0.5
12 721.23 85.4729 -3.73695 0.5
12 722.413 96.8868 -14.6734 0.5
12 733.52 89.5303 10.7417 0.5
12 764.251 109.959 -11.2168 0.5
12 741.709 110.641 -10.5716 0.5
12 754.6 114.98 -0.771879 0.5
12 690.748 86.7576 -7.04556 0.5
12 744.858 114.553 -3.63567 0.5
12 715.887 111.052 10.1418 0.5
12 709.566 89.7469 10.9487 0.5
12 699.925 85.0041 0.352033 0.5
12 673.09 105.449 -13.9753 0.5
12 670.191 95.4967 14.3081 0.5
12 759.17 108.459 -12.3872 0.5
12 695.527 86.7428 7.01765 0.5
12 775.414 88.3556 9.45563 0.5
12 771.099 110.995 10.2031 0.5
13 813.16 27.9647 10.4596 0.5
13 801.371 72.5983 6.61533 0.5
13 809.731 45.9671 -14.9425 0.5
13 778.077 112.399 7.6234 0.5
13 822.085 37.9432 3.05907 0.5
13 825.618 14.0341 14.6753 0.5
13 786.165 78.3005 13.1745 0.5
13 828.878 3.6735 12.8012 0.5
13 794.096 59.8758 -9.18399 0.5
13 833.263 17.8578 -5.48517 0.5
13 815.762 37.4991 -14.6349 0.5
13 779.019 83.9898 5.73566 0.5
13 829.019 11.505 -14.9978 0.5
13 799.548 77.0376 2.75467 0.5
13 786.085 95.9005 -10.9154 0.5
13 797.793 65.7147 14.9951 0.5
13 816.927 37.8508 13.8911 0.5
13 805.207 40.0106 8.32097 0.5
13 796.404 80.2796 8.22931 0.5
13 829.177 1.44341 11.5832 0.5
13 823.178 12.2474 -11.9112 0.5
13 811.578 36.6918 -14.2233 0.5
13 814.498 22.7266 -6.16901 0.5
13 817.295 30.131 -14.9324 0.5
13 797.151 71.6803 -14.0566 0.5
13 782.524 90.4534 14.9413 0.5
13 833.035 -8.48108 7.86601 0.5
13 816.817 34.1208 -14.8989 0.5
13 784.323 74.5967 -5.20752 0.5
13 794.084 84.5088 7.89913 0.5
13 817.901 35.9146 13.9902 0.5
13 809.236 40.5615 -14.1595 0.5
13 815.129 36.6284 14.9416 0.5
13 822.842 8.82532 7.26834 0.5
13 796.333 71.0552 -14.656 0.5
13 778.979 102.102 14.4053 0.5
13 782.898 103.444 8.56813 0.5
13 800.93 72.2227 8.55181 0.5
13 794.774 75.4171 14.1924 0.5
13 811.876 53.0685 -8.82596 0.5
13 791.108 80.8726 14.4675 0.5
13 826.33 2.73013 -7.17168 0.5
13 833.004 -10.4906 -2.20853 0.5
13 799.706 50.3422 9.41575 0.5
13 794.879 71.9981 -14.9125 0.5
13 821.342 11.432 -7.28403 0.5
13 814.178 47.5299 10.6359 0.5
13 825.569 8.30006 12.0579 0.5
13 796.266 56.8251 -10.0319 0.5
13 801.363 56.7544 14.8075 0.5
13 823.947 5.12107 1.6317 0.5
13 797.746 77.9713 8.20568 0.5
13 826.482 21.6333 13.7511 0.5
13 816.767 45.9359 6.60575 0.5
13 787.278 73.1174 10.7819 0.5
13 778.177 85.4378 5.70924 0.5
13 815.19 21.7134 6.56663 0.5
13 827.511 1.52878 -8.54116 0.5
13 815.061 47.855 8.39295 0.5
13 786.064 85.555 14.9997 0.5
13 788.97 84.876 -14.3818 0.5
13 812.549 43.1708 -14.6106 0.5
13 811.636 35.1251 13.6449 0.5
13 805.468 52.5273 14.9921 0.5
13 830.624 -0.918005 -11.7003 0.5
13 811.411 55.8779 -5.02616 0.5
13 823.581 35.5176 -2.11135 0.5
13 813.916 23.2259 -4.88756 0.5
13 784.186 103.891 0.55636 0.5
13 787.83 78.8556 -14.528 0.5
13 824.719 3.69625 -0.0465412 0.5
13 799.433 47.5966 1.76093 0.5
13 788.179 81.1659 -14.9776 0.5
13 828.579 1.96086 -11.1368 0.5
13 808.56 56.7883 -11.0863 0.5
13 790.999 66.0848 -10.1819 0.5
13 831.382 -5.93134 7.33157 0.5
13 831.5 15.7584 12.1416 0.5
13 828.487 -0.0732558 -8.66692 0.5
13 810.772 54.3812 9.59605 0.5
13 798.27 79.0361 3.7245 0.5
13 827.203 17.8082 14.606 0.5
13 820.32 15.1474 10.0143 0.5
13 817.445 21.0649 -10.9704 0.5
13 819.587 13.1453 -4.061 0.5
13 790.268 92.0338 6.18073 0.5
13 821.196 9.95606 -2.1808 0.5
13 781.371 104.295 10.6925 0.5
13 801.31 69.0888 -11.3147 0.5
13 812.312 29.4845 -10.5114 0.5
13 800.024 48.7386 -7.93286 0.5
14 843.963 9.54948 8.08171 0.5
14 836.254 16.8364 12.687 0.5
14 874.785 67.9699 -12.9314 0.5
14 876.843 93.232 5.12779 0.5
14 875.752 62.4196 2.26986 0.5
14 887.756 93.7806 14.3831 0.5
14 846.174 11.1184 -1.75122 0.5
14 848.523 43.5832 -6.54029 0.5
14 887.275 107.501 10.9083 0.5
14 868.773 60.849 -14.3677 0.5
14 880.882 74.4868 -9.45528 0.5
14 869.579 71.7636 14.0662 0.5
14 884.855 79.189 5.82351 0.5
14 853.646 34.1842 14.2202 0.5
14 846.752 41.972 -1.16942 0.5
14 835.901 21.642 -6.69984 0.5
14 840.07 15.9131 -14.9927 0.5
14 877.905 75.0191 -13.7668 0.5
14 846.367 32.2809 13.7778 0.5
14 867.461 65.0629 -14.8412 0.5
14 870.729 63.5251 14.1348 0.5
14 835.076 0.899968 13.7941 0.5
14 851.19 30.5988 14.4275 0.5
14 875.125 86.989 -10.3789 0.5
14 859.994 62.0478 8.87146 0.5
14 879.377 98.4332 -1.65148 0.5
14 873.966 84.2126 11.127 0.5
14 853.042 49.0315 10.0666 0.5
14 834.75 12.9915 -13.3888 0.5
14 853.961 34.4154 -14.1109 0.5
14 860.282 35.8424 3.40307 0.5
14 854.742 38.9788 14.882 0.5
14 853.622 28.8687 11.1384 0.5
14 845.953 29.8816 14.3856 0.5
14 850.754 23.7501 -10.9996 0.5
14 874.692 74.3428 -14.9619 0.5
14 886.781 111.274 -1.49946 0.5
14 835.13 -2.34154 -11.8247 0.5
14 881.665 73.226 -4.64558 0.5
14 868.939 53.0918 -8.50869 0.5
14 864.361 45.9427 9.54087 0.5
14 852.895 49.4157 -9.31186 0.5
14 837.563 2.96978 -12.6053 0.5
14 833.939 19.7474 1.52184 0.5
14 871.189 55.4684 -5.70123 0.5
14 879.579 93.5557 11.4584 0.5
14 856.106 57.6511 4.08919 0.5
14 843.204 32.5523 -9.40989 0.5
14 852.5 35.6834 14.9445 0.5
14 843.342 25.9042 -14.2136 0.5
14 847.022 41.8189 -4.41977 0.5
14 861.747 64.0148 10.1691 0.5
14 852.74 44.9384 -12.9616 0.5
14 834.37 13.294 12.8592 0.5
14 865.822 74.6559 3.4001 0.5
14 849.209 17.7846 -6.56261 0.5
14 839.007 1.56527 8.9518 0.5
14 862.184 60.6925 -13.2947 0.5
14 886.755 90.7623 13.939 0.5
14 840.829 22.8146 -13.7226 0.5
14 835.67 22.4305 3.40166 0.5
14 880.146 99.7538 -1.75419 0.5
14 873.49 83.1796 11.3116 0.5
14 882.382 73.7466 0.71886 0.5
14 841.905 10.9766 -12.9056 0.5
14 862.629 50.3099 -14.3978 0.5
14 879.076 88.2221 -14.0627 0.5
14 838.005 25.9493 5.16668 0.5
14 835.965 18.2139 11.2859 0.5
14 838.983 11.9676 -14.9153 0.5
14 846.549 34.4686 12.8103 0.5
14 838.106 8.39083 14.549 0.5
14 861.413 43.6675 -12.1887 0.5
14 862.97 45.2264 -11.286 0.5
14 845.798 29.0254 -14.5465 0.5
14 883.81 93.0836 14.8816 0.5
14 877.853 95.2665 4.2669 0.5
14 862.165 43.8911 11.337 0.5
14 847.192 22.2147 13.9296 0.5
14 883.798 105.005 5.82487 0.5
14 847.916 34.3231 14.0361 0.5
14 866.071 75.4729 0.431455 0.5
14 871.731 72.6959 14.8045 0.5
14 869.291 80.2359 -4.88816 0.5
14 835.937 -6.65952 -1.30038 0.5
14 871.585 70.4089 -14.9952 0.5
14 864.191 51.2989 -13.7809 0.5
14 861.645 39.2415 -6.3908 0.5
14 856.849 39.3956 14.1031 0.5
14 838.035 18.157 -13.6414 0.5
14 843.014 11.8496 12.2244 0.5
14 849.165 23.0966 12.6255 0.5
14 854.556 53.8142 -6.97201 0.5
14 870.876 55.3519 6.64425 0.5
14 877.699 94.7334 -5.07589 0.5
14 850.559 24.0672 11.572 0.5
14 842.378 32.6292 -7.14752 0.5
14 840.167 0.720308 -1.79923 0.5
14 848.911 34.6897 -14.475 0.5
14 842.356 31.8637 -8.34885 0.5
14 858.305 61.3891 4.32989 0.5
14 848.834 15.8409 2.55136 0.5
14 842.076 33.3211 4.18634 0.5
14 853.944 54.2002 -2.85491 0.5
14 883.733 90.3918 14.9847 0.5
14 875.07 89.4123 6.84511 0.5
14 871.052 81.8791 7.86404 0.5
14 879.788 81.2336 14.6962 0.5
15 913.833 111.022 -10.174 0.5
15 893.391 113.706 6.0956 0.5
15 942.984 114.509 3.80671 0.5
15 989.015 106.592 13.4737 0.5
15 970.299 89.9023 -11.0922 0.5
15 974.951 87.1711 -7.77306 0.5
15 926.239 110.172 11.0244 0.5
15 963.127 101.969 -14.8702 0.5
15 982.18 97.4651 -14.7843 0.5
15 973.505 87.8697 -8.82354 0.5
15 903.734 114.945 -1.27928 0.5
15 905.623 91.2338 -12.1718 0.5
15 969.666 98.9967 -14.9664 0.5
15 946.615 100.671 14.985 0.5
15 949.783 104.183 -14.4048 0.5
15 975.345 96.1955 14.5095 0.5
15 905.706 115 -0.0338447 0.5
15 954.087 101.338 14.9402 0.5
15 943.615 114.769 -2.62233 0.5
15 994.153 114.011 5.35779 0.5
15 999.111 102.563 14.7794 0.5
15 988.144 91.1659 -12.1227 0.5
15 994.178 100.155 -14.9992 0.5
15 888.928 89.5715 10.7818 0.5
15 996.132 85.0333 0.998342 0.5
15 916.279 104.536 -14.2978 0.5
15 930.188 89.2503 -10.4615 0.5
15 958.992 114.577 -3.53803 0.5
15 976.102 100.616 -14.9874 0.5
15 968.676 114.505 -3.82057 0.5
15 972.426 90.5559 -11.6537 0.5
15 926.884 88.5463 9.6857 0.5
15 936.361 114.626 -3.32939 0.5
15 903.482 111.091 -10.0989 0.5
15 935.71 109.759 -11.3911 0.5
15 944.059 95.3804 14.2709 0.5
15 928.176 113.459 6.62215 0.5
15 954.057 88.0988 -9.13024 0.5
15 973.401 104.722 -14.2372 0.5
15 920.222 85.8776 5.0555 0.5
15 910.701 108.503 -12.3573 0.5
15 982.899 112.083 8.88809 0.5
15 891.2 109.141 -11.8929 0.5
15 913.519 98.8609 14.9567 0.5
15 991.082 87.6035 -8.44555 0.5
15 932.272 114.577 3.53676 0.5
15 979.817 93.373 13.4567 0.5
15 982.805 89.0236 -10.2234 0.5
15 985.491 114.358 4.34094 0.5
15 999.528 97.8769 -14.849 0.5
15 991.696 98.3759 -14.9118 0.5
15 951.472 114.229 4.74813 0.5
15 966.624 100.972 14.9684 0.5
15 987.77 113.925 -5.57536 0.5
15 964.782 88.93 -10.122 0.5
15 932.55 110.979 10.2208 0.5
15 912.368 98.9113 14.9604 0.5
15 919.613 114.896 -1.7626 0.5
15 959.828 97.114 -14.7198 0.5
15 920.909 88.7922 -9.96927 0.5
15 925.891 104.388 14.3438 0.5
15 920.783 98.8289 -14.9542 0.5
15 893.398 101.563 -14.9184 0.5
15 897.858 107.21 -13.1537 0.5
15 891.265 86.4494 -6.43293 0.5
15 974.015 108.637 12.2635 0.5
15 903.787 115 -0.000927149 0.5
15 918.654 113.403 6.73438 0.5
15 999.813 91.9414 -12.6515 0.5
15 981.733 86.6046 -6.75 0.5
15 913.23 104.989 -14.1462 0.5
15 894.427 100.312 -14.9968 0.5
15 969.483 103.003 14.6964 0.5
15 951.798 85.5224 -3.92418 0.5
15 940.041 108.479 -12.3735 0.5
15 950.517 101.316 -14.9421 0.5
15 942.508 111.395 9.75498 0.5
15 964.507 87.9838 -8.97831 0.5
15 941.122 114.281 4.58743 0.5
15 890.624 102.946 14.708 0.5
15 978.429 112.678 8.01705 0.5
15 989.277 107.58 -12.944 0.5
15 937.187 88.9042 10.0937 0.5
15 896.952 85.5316 3.95789 0.5
15 978.865 87.1615 7.75704 0.5
15 893.047 96.2805 14.5315 0.5
15 985.07 101.283 14.945 0.5
15 946.411 111.016 10.1803 0.5
15 991.89 94.4879 -13.9505 0.5
15 985.22 102.365 14.8124 0.5
15 991.812 96.8226 -14.6596 0.5
15 913.863 90.8695 11.901 0.5
15 972.218 114.813 2.36351 0.5
15 997.737 103.049 -14.6869 0.5
15 986.249 85.0026 0.281593 0.5
15 984.75 99.4369 14.9894 0.5
15 925.612 85.0365 1.04639 0.5
15 938.311 85.1479 2.10107 0.5
15 930.476 89.9333 11.1203 0.5
15 991.657 87.091 -7.63915 0.5
15 993.854 86.9478 7.39184 0.5
15 952.905 114.451 -4.0194 0.5
15 960.23 92.288 -12.8657 0.5
15 925.389 85.273 -2.8487 0.5
15 934.154 108.239 12.5347 0.5
15 911.487 111.552 -9.56802 0.5
15 978.187 114.98 0.782085 0.5
15 900.998 85.0126 -0.615684 0.5
15 893.318 114.455 -4.0082 0.5
15 960.169 107.997 12.6905 0.5
15 950.187 98.6705 14.941 0.5
15 925.529 86.7985 7.12175 0.5
15 933.464 85.574 -4.10966 0.5
