0 18.2344 85.6145 -4.24938 0.5
0 49.1439 88.8016 -9.97977 0.5
0 63.9253 103.49 14.5882 0.5
0 67.7233 114.875 1.93248 0.5
0 1.34292 89.4985 10.7107 0.5
0 20.4256 108.154 -12.5902 0.5
0 109.641 100.204 14.9986 0.5
0 37.249 112.571 8.18394 0.5
0 59.0309 114.999 0.186985 0.5
0 11.6472 85 0.0256234 0.5
0 54.2307 86.1318 -5.71598 0.5
0 78.9082 85.2507 -2.73116 0.5
0 74.449 96.0401 14.4679 0.5
0 56.5385 112.055 8.92567 0.5
0 74.8964 110.581 10.6318 0.5
0 2.31568 85.2446 -2.69792 0.5
0 99.1987 102.715 14.7522 0.5
0 24.3066 87.598 8.43744 0.5
0 94.4615 107.619 12.9209 0.5
0 96.4754 108.548 -12.3261 0.5
0 35.5086 85.9446 -5.23886 0.5
0 31.5124 108.329 -12.4753 0.5
0 11.7869 111.316 9.84609 0.5
0 68.0928 86.2244 5.93563 0.5
0 6.94942 85.682 4.47148 0.5
0 20.1198 86.851 7.21826 0.5
0 54.3452 86.3329 6.18138 0.5
0 99.6353 88.2709 -9.35025 0.5
0 8.04291 114.955 -1.15975 0.5
0 66.7085 91.7492 12.5269 0.5
0 72.3793 104.134 -14.4192 0.5
0 72.0622 86.4263 -6.38403 0.5
0 100.561 105.782 13.841 0.5
0 18.6441 98.9519 14.9633 0.5
0 0.0143704 109.042 11.9685 0.5
0 105.567 85.7942 -4.81629 0.5
0 28.7794 87.841 -8.78404 0.5
0 106.544 99.343 14.9856 0.5
0 25.3953 86.6039 6.74863 0.5
0 71.2602 86.7647 -7.05885 0.5
0 12.8939 104.051 14.4425 0.5
0 21.3521 92.0217 12.7022 0.5
0 94.5153 112.698 7.98507 0.5
0 111.016 114.273 4.61246 0.5
0 62.7335 113.069 -7.36264 0.5
0 37.2698 85.6624 4.40842 0.5
0 37.4365 113.585 6.35968 0.5
0 64.3096 85.1722 -2.26667 0.5
0 23.4193 100.356 -14.9958 0.5
0 84.1125 96.2908 14.5342 0.5
0 63.9983 113.518 6.50014 0.5
0 2.5947 105.976 13.7582 0.5
0 33.2795 108.14 12.5991 0.5
0 7.99111 105.977 13.7578 0.5
0 50.7438 99.5816 -14.9942 0.5
0 15.8643 92.5377 13.0121 0.5
0 100.997 87.4281 8.18215 0.5
0 79.8912 85.2079 -2.48854 0.5
0 52.3608 92.1642 12.7906 0.5
0 67.269 101.431 14.9316 0.5
0 79.7077 98.2359 14.8959 0.5
0 7.314 112.792 7.83339 0.5
0 95.9672 101.194 -14.9524 0.5
0 77.3732 114.902 -1.71215 0.5
0 31.0717 85.0079 0.486153 0.5
0 32.8087 114.542 3.67791 0.5
0 94.1287 88.0214 -9.02845 0.5
0 49.3816 92.2167 -12.8227 0.5
0 97.6889 85.9382 5.22154 0.5
0 86.6295 92.1836 -12.8025 0.5
0 40.518 97.7709 14.8334 0.5
0 80.1737 91.6075 -12.4325 0.5
0 31.0881 114.976 0.846993 0.5
0 78.2088 114.984 -0.689551 0.5
0 53.8171 114.208 -4.81019 0.5
0 40.8731 85.7825 4.78142 0.5
0 34.5479 85.2435 2.69152 0.5
0 38.1989 96.5063 -14.5875 0.5
0 35.6632 86.4917 6.52127 0.5
0 42.0997 93.677 -13.6022 0.5
0 106.381 91.0172 -12.0129 0.5
0 43.4548 88.7248 9.89295 0.5
0 30.8248 85.1113 1.82402 0.5
0 81.9554 89.0957 10.3003 0.5
1 124.328 74.0269 14.68 0.5
1 138.024 67.1338 -5.99773 0.5
1 127.722 82.1892 -10.2401 0.5
1 162.127 26.6258 -0.585692 0.5
1 121.202 73.3911 -11.9003 0.5
1 151.259 45.1637 2.97656 0.5
1 148.436 35.9099 14.9896 0.5
1 144.276 30.3552 8.72448 0.5
1 123.201 88.6487 -11.5343 0.5
1 141.651 49.1171 -14.8642 0.5
1 159.203 2.09916 -3.42654 0.5
1 118.425 101.888 -3.62165 0.5
1 131.425 64.2599 -14.9897 0.5
1 165.987 -8.13033 7.33661 0.5
1 159.779 14.2421 14.9286 0.5
1 165.915 -3.88319 12.0302 0.5
1 159.747 17.5569 -14.892 0.5
1 139.519 44.1177 13.4314 0.5
1 144.959 44.3029 -14.7113 0.5
1 149.548 48.1535 2.84465 0.5
1 162.518 -4.03962 -0.102894 0.5
1 140.565 57.2566 12.5134 0.5
1 164.396 -5.02329 7.93339 0.5
1 165.523 -2.58197 -12.4692 0.5
1 140.815 63.5457 -0.38917 0.5
1 111.525 85.8945 -6.76499 0.5
1 117.24 97.9287 -12.3291 0.5
1 150.084 46.5098 5.35122 0.5
1 121.978 94.0985 -7.6199 0.5
1 126.526 78.0285 14.2351 0.5
1 160.888 -1.10582 1.81923 0.5
1 156.76 6.03685 -1.74797 0.5
1 141.075 36.0164 8.88639 0.5
1 156.705 36.0232 0.413254 0.5
1 122.064 69.3772 -9.4475 0.5
1 141.859 35.9342 10.401 0.5
1 160.666 13.4797 -14.9842 0.5
1 161.187 19.1781 -13.7855 0.5
1 120.738 69.3211 5.37344 0.5
1 113.083 111.455 1.96405 0.5
1 134.43 74.5639 -1.18568 0.5
1 155.821 21.8377 -14.9826 0.5
1 147.376 50.5036 -6.9066 0.5
1 145.843 38.7845 -14.9627 0.5
1 112.232 83.0601 0.250589 0.5
1 163.862 -5.58746 -4.77291 0.5
1 115.62 80.2214 -9.04157 0.5
1 137.638 68.9841 1.44841 0.5
1 114.799 108.233 3.35003 0.5
1 124.256 64.6638 8.18685 0.5
1 118.379 99.6397 -8.68871 0.5
1 150.321 30.591 14.9253 0.5
1 114.434 106.92 -8.02038 0.5
1 160.365 23.533 12.1159 0.5
1 155.199 17.4647 13.6708 0.5
1 130.614 53.0045 -7.09712 0.5
1 164.158 19.8372 -9.36535 0.5
2 176.814 26.3712 14.1346 0.5
2 194.079 55.9409 14.2493 0.5
2 166.744 5.52424 -14.9128 0.5
2 208.762 61.8504 -2.21681 0.5
2 180.458 13.4233 4.71967 0.5
2 177.541 36.0131 -6.73343 0.5
2 221.1 83.0756 0.755845 0.5
2 201.721 51.8863 -8.13227 0.5
2 208.744 69.6878 -13.2837 0.5
2 188.567 49.4432 -12.851 0.5
2 200.119 72.4901 -10.4373 0.5
2 187.932 48.6786 -12.6433 0.5
2 168.98 0.879881 -13.3174 0.5
2 180.921 32.7357 14.3788 0.5
2 211.381 72.6881 -12.335 0.5
2 172.773 0.719193 6.25608 0.5
2 211.148 95.7328 -1.60719 0.5
2 217.521 106.851 -0.430555 0.5
2 179.63 32.266 -13.7314 0.5
2 189.778 48.7935 -14.1463 0.5
2 173.581 16.285 14.9905 0.5
2 177.423 7.76001 -3.24379 0.5
2 187.92 28.0441 8.22572 0.5
2 196.802 60.0792 -14.4264 0.5
2 185.453 50.4125 5.12215 0.5
2 169.347 22.8199 4.19191 0.5
2 178.211 12.3481 -9.72323 0.5
2 180.09 41.9765 1.20234 0.5
2 190.075 55.1431 -10.3842 0.5
2 176.18 34.5042 4.67968 0.5
2 222.194 84.9895 1.06292 0.5
2 220.934 95.288 -14.7935 0.5
2 203.731 79.0597 -10.1034 0.5
2 216.191 89.828 14.9975 0.5
2 184.394 38.5998 14.423 0.5
2 220.818 91.8627 -13.8728 0.5
2 216.258 76.8689 -7.81863 0.5
2 191.036 60.5333 3.64883 0.5
2 169.146 18.9585 -10.3169 0.5
2 206.313 66.7126 13.862 0.5
2 196.107 64.5325 -11.3865 0.5
2 192.993 35.6437 6.04084 0.5
2 171.993 26.751 5.99334 0.5
2 208.626 70.7745 -13.8847 0.5
2 186.748 49.8567 9.86395 0.5
2 206.28 87.2794 -1.78879 0.5
2 206.83 80.9852 -12.905 0.5
2 211.066 79.6711 -14.9663 0.5
2 182.847 23.8105 -12.6955 0.5
2 214.635 72.2861 -3.5578 0.5
2 190.782 60.312 -2.62724 0.5
2 214.16 75.8991 -11.0559 0.5
2 189.629 57.3985 5.757 0.5
2 219.657 110.451 -1.78797 0.5
2 170.744 -4.16118 0.211323 0.5
2 177.253 36.7775 3.1457 0.5
2 184.017 19.7942 -5.30221 0.5
2 199.621 58.181 -14.76 0.5
2 188.309 43.5634 14.8222 0.5
2 193.656 53.9708 14.598 0.5
2 191.353 42.5895 -14.4722 0.5
2 203.092 81.1906 4.44614 0.5
2 198.111 67.7596 -11.5903 0.5
2 175.258 14.8846 -14.5183 0.5
2 201.385 75.8929 9.02193 0.5
2 172.156 0.908925 -8.4797 0.5
2 190.488 46.6448 -14.9133 0.5
2 213.589 89.5915 14.2949 0.5
2 183.077 21.6508 -10.6646 0.5
2 217.714 101.813 11.5069 0.5
2 211.845 96.7475 2.88163 0.5
2 215.728 103.646 -1.77905 0.5
2 181.597 31.0628 -14.9319 0.5
2 222.025 86.4739 -7.15353 0.5
2 175.009 33.0745 -2.10961 0.5
2 214.168 92.1169 13.718 0.5
2 215.452 101.147 7.6995 0.5
2 176.577 24.8138 14.4914 0.5
2 181.386 17.093 -8.76055 0.5
2 183.717 44.6647 -9.79881 0.5
2 218.909 88.5509 13.8707 0.5
2 198.623 73.9835 2.05518 0.5
2 193.565 44.0738 13.6175 0.5
2 202.061 79.8712 2.48934 0.5
2 185.506 51.3244 1.5566 0.5
2 171.901 3.29611 11.5719 0.5
2 169.273 -3.13944 -9.71443 0.5
2 188.24 26.8659 4.60729 0.5
2 204.252 54.028 -2.13712 0.5
2 191.125 34.6484 9.64212 0.5
2 218.226 89.8489 -14.648 0.5
2 220.741 112.212 2.57593 0.5
2 208.825 65.895 -10.3043 0.5
2 176.939 17.2705 14.3713 0.5
3 247.91 98.5159 14.9264 0.5
3 265.401 108.198 -12.5616 0.5
3 269.338 108.512 -12.3508 0.5
3 251.926 107.668 12.8917 0.5
3 309.621 107.286 -13.1117 0.5
3 279.654 111.894 -9.13954 0.5
3 321.29 107.976 12.7039 0.5
3 278.186 111.314 -9.84835 0.5
3 241.907 101.55 -14.9197 0.5
3 309.043 113.595 6.33836 0.5
3 258.971 98.2675 14.8996 0.5
3 327.043 111.473 -9.66336 0.5
3 293.828 85.2723 2.84498 0.5
3 325.438 111.028 -10.1675 0.5
3 249.031 89.2225 10.4329 0.5
3 331.651 112.867 -7.71001 0.5
3 239.671 105.402 -13.9934 0.5
3 298.037 114.232 -4.73741 0.5
3 325.273 96.5421 14.596 0.5
3 291.896 89.3456 10.5586 0.5
3 260.702 85.1004 -1.73238 0.5
3 288.161 105.274 14.0424 0.5
3 272.071 112.354 8.50719 0.5
3 298.825 100.045 14.9999 0.5
3 306.217 101.488 -14.9261 0.5
3 311.498 91.0152 12.0114 0.5
3 231.714 94.276 13.8649 0.5
3 299.044 114.52 3.76372 0.5
3 277.641 87.046 -7.56266 0.5
3 332.941 103.38 -14.6143 0.5
3 325.774 107.992 -12.6938 0.5
3 249.369 111.447 9.69311 0.5
3 272.752 89.4994 10.7116 0.5
3 297.716 92.3372 12.895 0.5
3 275.95 96.3743 14.5552 0.5
3 252.33 89.2021 10.4117 0.5
3 270.218 103.03 -14.6908 0.5
3 320.731 111.953 -9.06257 0.5
3 282.47 101.26 14.947 0.5
3 230.437 85.1598 -2.18374 0.5
3 308.091 90.1711 -11.331 0.5
3 252.367 114.203 -4.82531 0.5
3 283.42 114.905 -1.68244 0.5
3 257.819 112.945 7.57883 0.5
3 301.496 110.957 10.2438 0.5
3 309.649 85.2782 -2.8753 0.5
3 313.321 109.756 11.3937 0.5
3 317.922 85.3387 -3.16966 0.5
3 247.006 94.9988 -14.1417 0.5
3 269.805 93.7321 -13.6277 0.5
3 330.538 90.5341 -11.636 0.5
3 286.805 105.917 -13.7835 0.5
3 271.027 113.892 5.65892 0.5
3 290.923 89.6767 10.8825 0.5
3 296.806 93.8067 13.6617 0.5
3 278.833 114.112 5.08403 0.5
3 331.152 113.783 5.91796 0.5
3 269.473 97.7626 -14.8322 0.5
3 272.102 86.6026 -6.74618 0.5
3 280.115 91.1234 12.0916 0.5
3 268.792 107.752 -12.8414 0.5
3 248.515 104.722 14.2375 0.5
3 329.875 89.6048 10.8139 0.5
3 231.553 100.771 14.9802 0.5
3 301.383 108.818 -12.1346 0.5
3 249.961 87.9359 8.91393 0.5
3 260.693 114.849 -2.12117 0.5
3 300.669 107.363 -13.0683 0.5
3 298.531 95.6403 14.3525 0.5
3 233.488 114.998 -0.238961 0.5
3 288.963 94.6858 14.0271 0.5
3 309.16 87.0209 7.51947 0.5
3 300.86 87.4921 8.27963 0.5
3 319.354 86.1722 5.81306 0.5
3 235.543 93.9525 13.7269 0.5
3 225.015 100.631 14.9867 0.5
3 331.883 87.7565 -8.66577 0.5
3 250.416 93.5447 -13.5399 0.5
3 313.06 85.885 -5.07617 0.5
3 310.334 86.4009 6.32961 0.5
3 250.658 85.3437 -3.19284 0.5
3 293.539 112.276 -8.61977 0.5
3 323.572 114.504 -3.82435 0.5
3 281.418 114.336 4.41402 0.5
3 275.716 109.216 -11.8349 0.5
4 349.11 57.7475 -1.48344 0.5
4 351.52 75.2756 13.3822 0.5
4 381.743 30.8363 -3.06294 0.5
4 385.679 -1.40803 10.4689 0.5
4 367.461 38.7765 -14.8504 0.5
4 355.287 58.7262 -14.6439 0.5
4 335.927 82.1782 -6.87883 0.5
4 358.023 61.4046 -14.409 0.5
4 358.937 69.9073 -4.67135 0.5
4 336.476 80.1079 -4.03163 0.5
4 377.412 22.0209 14.9108 0.5
4 374.296 15.4257 6.27311 0.5
4 341.804 93.2917 -12.7114 0.5
4 364.784 39.2677 -13.6322 0.5
4 353.617 54.8288 11.1447 0.5
4 383.073 20.5596 13.4148 0.5
4 334.174 101.719 -14.66 0.5
4 338.216 80.02 -9.60411 0.5
4 349.562 69.093 -14.7367 0.5
4 378.531 36.7058 -0.550625 0.5
4 382.264 25.2433 11.1858 0.5
4 356.149 69.7984 11.7563 0.5
4 388.731 18.8579 2.38148 0.5
4 369.87 22.0739 -3.25554 0.5
4 348.96 62.0521 -10.324 0.5
4 373.983 21.9326 -12.8966 0.5
4 362.312 54.7841 14.1501 0.5
4 372.603 29.5238 14.7972 0.5
4 335.319 81.6024 -1.10931 0.5
4 339.132 87.948 14.8649 0.5
4 341.899 76.7981 -12.4505 0.5
4 371.444 26.9183 -13.2286 0.5
4 351.903 54.816 -7.44806 0.5
4 369.158 27.2154 10.4769 0.5
4 357.053 66.3733 -13.015 0.5
4 350.6 84.4732 -4.26979 0.5
4 365.995 57.7507 -4.46004 0.5
4 363.098 33.828 3.36541 0.5
4 383.328 8.84743 -14.2905 0.5
4 360.766 40.1437 -8.52463 0.5
4 364.083 45.2031 14.921 0.5
4 353.448 77.2312 -8.90435 0.5
4 364.246 32.8318 -6.27227 0.5
4 374.359 19.374 -11.5527 0.5
4 340.257 96.716 -12.2137 0.5
4 374.694 15.7032 8.04929 0.5
4 333.355 85.015 -1.25412 0.5
4 340.914 72.1919 3.09388 0.5
4 381.017 32.3132 -1.69804 0.5
4 365.604 38.948 14.0858 0.5
4 340.225 93.0256 14.1556 0.5
4 351.912 82.7967 -0.837374 0.5
4 370.504 21.3374 -4.58868 0.5
4 375.774 39.3349 7.74845 0.5
4 361.423 62.1746 10.3817 0.5
4 377.637 20.6247 14.7661 0.5
4 349.821 83.718 -8.62095 0.5
4 374.323 18.3973 -10.6071 0.5
4 376.146 25.8691 -15 0.5
4 375.734 31.5248 14.1544 0.5
4 336.838 90.7198 -14.6526 0.5
4 350.907 60.2779 11.7826 0.5
4 382.552 -0.108431 -2.04803 0.5
4 337.512 98.0953 14.02 0.5
4 346.545 87.0392 11.249 0.5
4 336.105 80.8613 4.40948 0.5
4 386.913 2.21756 -14.1495 0.5
4 350.724 77.5845 12.8693 0.5
4 351.627 72.7182 -14.3392 0.5
4 372.895 46.2967 2.32537 0.5
4 348.048 60.3529 4.94612 0.5
4 358.29 69.7203 7.57633 0.5
4 348.709 61.9576 9.73582 0.5
5 386.627 -11.6119 -9.66645 0.5
5 367.893 -23.7211 12.0961 0.5
5 370.253 -41.5657 7.37339 0.5
5 360.954 -42.4994 14.8508 0.5
5 385.875 1.41126 -14.7256 0.5
5 336.302 -74.3187 7.50066 0.5
5 375.036 -7.38422 7.76353 0.5
5 345.016 -68.7708 14.5991 0.5
5 367.123 -19.7977 5.04117 0.5
5 344.134 -60.5427 7.12418 0.5
5 348.556 -53.3668 7.95576 0.5
5 388.861 -8.31126 -8.94916 0.5
5 339.749 -84.7991 14.5951 0.5
5 376.11 -9.7349 12.2727 0.5
5 343.614 -78.0764 -14.6021 0.5
5 358.173 -64.1259 2.98958 0.5
5 337.092 -76.9325 11.9942 0.5
5 338.98 -71.1927 -9.65789 0.5
5 377.901 -1.05889 4.84223 0.5
5 357.022 -66.4096 -0.54145 0.5
5 388.464 17.5967 3.61725 0.5
5 334.037 -101.108 -11.2894 0.5
5 386.868 -11.5747 9.19826 0.5
5 378.485 0.753784 -0.153869 0.5
5 382.735 3.50571 10.8188 0.5
5 333.46 -79.5161 7.95926 0.5
5 366.881 -41.0843 -13.4005 0.5
5 340.302 -92.9856 -8.12896 0.5
5 375.107 -8.4549 9.45907 0.5
5 348.815 -79.701 -5.21212 0.5
5 342.864 -62.0426 5.63792 0.5
5 381.462 1.59562 10.5291 0.5
5 387.054 15.5325 1.38607 0.5
5 360.522 -58.3577 -7.48528 0.5
5 388.222 12.4611 -11.3209 0.5
5 358.217 -57.7303 12.4404 0.5
5 347.783 -64.6292 14.7376 0.5
5 345.79 -56.2862 3.48964 0.5
5 340.042 -81.7872 -14.9694 0.5
5 351.715 -62.1602 14.9199 0.5
5 377.127 -15.2706 14.9412 0.5
5 343.88 -68.7462 13.9804 0.5
5 378.583 -0.609633 6.60761 0.5
5 354.472 -63.5481 -12.8664 0.5
5 335.541 -74.2366 4.23336 0.5
5 372.051 -40.3684 -0.778824 0.5
5 336.301 -101.757 -4.03637 0.5
5 370.83 -24.7142 14.7384 0.5
5 333.633 -88.1199 -14.5078 0.5
5 338.729 -68.2274 -1.90922 0.5
5 387.705 -11.6371 6.81737 0.5
5 339.648 -83.1845 14.9066 0.5
5 347.61 -73.6098 -13.7966 0.5
5 385.915 -15.0484 -6.1692 0.5
5 355.534 -67.0672 -7.35927 0.5
5 358.854 -56.1247 -12.765 0.5
5 362.969 -54.7825 6.18982 0.5
5 379.42 -27.5077 -1.88412 0.5
5 351.414 -48.4245 7.96815 0.5
5 360.762 -59.2936 -4.36216 0.5
5 367.793 -20.7281 -8.95279 0.5
5 353.052 -43.4072 1.82663 0.5
5 370.174 -31.2227 14.776 0.5
5 380.666 -14.9737 14.3069 0.5
5 349.306 -64.3382 -14.9933 0.5
5 375.502 -20.6008 14.9528 0.5
5 369.467 -44.1562 4.55747 0.5
5 372.275 -10.5889 -4.15667 0.5
5 352.645 -45.0337 -5.46871 0.5
5 364.332 -24.6637 -5.12883 0.5
5 363.873 -49.659 -11.0853 0.5
5 369.878 -23.364 13.8377 0.5
5 369.19 -17.0412 6.93047 0.5
5 350.623 -52.4176 -11.1031 0.5
5 337.608 -98.7584 6.07916 0.5
5 353.813 -70.9872 5.3637 0.5
5 339.515 -86.0208 14.3771 0.5
5 337.024 -85.4727 14.9886 0.5
5 387.123 -8.90026 11.512 0.5
5 348.916 -78.7467 -6.96294 0.5
6 343.918 -98.2888 13.817 0.5
6 442.115 -77.5032 -1.26117 0.5
6 337.026 -77.8052 -3.24445 0.5
6 365.625 -79.2691 -7.15965 0.5
6 436.094 -107.375 -1.4964 0.5
6 420.155 -78.5879 -5.73054 0.5
6 402.858 -103.822 -9.78204 0.5
6 420.299 -91.656 14.979 0.5
6 421.019 -101.1 -12.2544 0.5
6 393.462 -83.9165 12.336 0.5
6 346.416 -99.2463 -13.372 0.5
6 423.259 -102.479 -11.1548 0.5
6 334.15 -77.4757 0.876687 0.5
6 349.245 -78.2601 4.86245 0.5
6 359.802 -106.983 -3.71519 0.5
6 412.427 -106.678 -4.75109 0.5
6 437.84 -84.5041 12.7224 0.5
6 360.194 -79.6451 7.8123 0.5
6 357.462 -93.342 -14.9735 0.5
6 355.03 -77.4572 -0.462386 0.5
6 436.481 -107.287 2.20631 0.5
6 439.993 -106.492 5.27407 0.5
6 368.688 -93.0329 -14.9887 0.5
6 341.671 -101.721 11.7923 0.5
6 438.351 -91.3274 -14.9579 0.5
6 398.533 -94.2843 -14.8874 0.5
6 366.556 -102.975 -10.6874 0.5
6 426.101 -102.505 -11.1309 0.5
6 353.04 -104.95 8.29206 0.5
6 392.638 -78.8495 -6.32655 0.5
6 381.157 -94.7726 14.8191 0.5
6 345.821 -97.2316 14.2175 0.5
6 350.52 -89.0398 -14.6072 0.5
6 363.608 -95.6565 -14.6533 0.5
6 379.238 -79.1031 6.84521 0.5
6 360.367 -107.399 -1.23252 0.5
6 404.461 -104.409 9.05499 0.5
6 391.761 -77.5056 1.28955 0.5
6 357.68 -94.5328 14.8547 0.5
6 337.295 -77.606 2.15685 0.5
6 429.908 -98.8773 -13.5532 0.5
6 379.786 -104.555 -8.85879 0.5
6 397.835 -95.5476 14.6767 0.5
6 425.905 -77.4526 0.271794 0.5
6 404.476 -85.5188 -13.3025 0.5
6 408.312 -83.9712 -12.3737 0.5
6 419.183 -82.2334 -10.9827 0.5
6 402.563 -79.7747 -8.0208 0.5
6 385.784 -98.8569 13.5629 0.5
6 356.645 -105.32 -7.70499 0.5
6 389.351 -107.45 -0.0107506 0.5
6 380.731 -80.0944 -8.50517 0.5
6 413.699 -84.5016 12.7209 0.5
6 422.913 -78.9948 -6.62977 0.5
6 389.866 -95.5972 -14.6662 0.5
6 435.102 -94.1394 14.9046 0.5
6 407.749 -102.978 -10.685 0.5
6 345.315 -105.332 -7.68562 0.5
6 399.888 -81.7265 10.4883 0.5
6 384.366 -103.835 9.76608 0.5
6 410.897 -105.99 6.45496 0.5
6 433.468 -107.374 -1.50752 0.5
6 360.316 -105.64 7.14246 0.5
6 388.092 -100.493 -12.6616 0.5
6 419.791 -87.697 -14.227 0.5
6 440.447 -107.424 0.876551 0.5
6 406.603 -83.6949 12.1798 0.5
6 338.917 -87.3398 14.1027 0.5
6 358.26 -98.2793 13.821 0.5
6 370.216 -101.507 -11.9572 0.5
6 345.473 -77.4602 0.549344 0.5
6 435.424 -86.4746 -13.7584 0.5
7 463.442 -132.825 13.0076 0.5
7 482.953 -153.634 13.9499 0.5
7 478.849 -165.49 -6.64147 0.5
7 448.129 -86.1589 -8.02533 0.5
7 467.984 -143.378 -11.0377 0.5
7 457.436 -129.67 -2.89716 0.5
7 471.152 -149.094 -10.8231 0.5
7 450.126 -87.3404 1.21252 0.5
7 445.266 -105.896 8.97082 0.5
7 449.109 -100.638 14.9996 0.5
7 463.124 -110.594 4.80202 0.5
7 476.126 -158.692 9.78718 0.5
7 467.228 -146.27 4.34051 0.5
7 490.193 -160.315 -9.77901 0.5
7 464.145 -134.003 13.0304 0.5
7 467.75 -118.98 -5.79176 0.5
7 457.173 -112.913 -14.9161 0.5
7 492.764 -164.041 -8.86328 0.5
7 478.08 -163.943 -7.05965 0.5
7 474.023 -145.623 14.8739 0.5
7 448.141 -113.763 1.62612 0.5
7 454.505 -108.711 14.9547 0.5
7 471.445 -133.477 -13.8585 0.5
7 484.449 -147.021 -2.89164 0.5
7 450.745 -103.284 14.9998 0.5
7 470.392 -147.31 11.254 0.5
7 450.757 -88.4136 -0.94045 0.5
7 498.66 -185.673 14.9845 0.5
7 476.759 -140.75 12.8907 0.5
7 456.332 -98.0432 0.346016 0.5
7 484.08 -162.225 14.9578 0.5
7 481.244 -150.864 -14.0233 0.5
7 456.672 -125.953 -8.5497 0.5
7 476.169 -145.399 -14.8662 0.5
7 480.451 -169.811 -0.358422 0.5
7 455.79 -119.575 13.0051 0.5
7 479.532 -148.085 -14.092 0.5
7 487.396 -151.846 -0.185023 0.5
7 459.388 -113.108 14.0604 0.5
7 499.434 -180.987 13.4171 0.5
7 476.526 -135.422 8.14695 0.5
7 498.709 -199.743 -6.92777 0.5
7 458.278 -113.621 -14.7384 0.5
7 447.575 -105.647 -12.8274 0.5
7 485.299 -152.69 10.6898 0.5
7 473.147 -130.579 -9.52875 0.5
7 483.528 -167.137 13.2712 0.5
7 449.422 -92.2676 12.1447 0.5
7 492.415 -160.846 -3.02763 0.5
7 490.582 -159.122 7.04681 0.5
7 471.485 -146.676 -13.0533 0.5
7 478.011 -165.561 -0.928274 0.5
7 492.701 -188.395 8.49707 0.5
7 484.042 -146.228 -2.40088 0.5
7 467.662 -141.376 -12.2106 0.5
7 464.659 -126.94 14.9909 0.5
7 465.605 -128.627 14.9925 0.5
7 455.242 -124.856 -6.10176 0.5
7 446.694 -83.1256 7.08679 0.5
7 455.571 -98.4646 7.0173 0.5
7 452.346 -114.677 12.3313 0.5
7 463.59 -128.937 14.6265 0.5
7 485.3 -149.745 6.60028 0.5
7 451.714 -109.701 -14.2577 0.5
7 459.472 -115.064 14.6062 0.5
7 473.971 -129.353 -4.71806 0.5
7 444.678 -103.762 10.2983 0.5
7 447.564 -101.559 -14.5351 0.5
7 457.827 -118.876 -14.6445 0.5
7 489.661 -183.509 -7.91558 0.5
7 499.922 -202.465 -5.57786 0.5
7 484.404 -174.118 -8.35747 0.5
7 490.211 -176 -14.3767 0.5
7 470.167 -122.762 -4.71368 0.5
7 483.787 -170.42 11.3319 0.5
7 471.486 -154.178 1.81684 0.5
7 469.619 -121.537 -3.77348 0.5
7 480.256 -166.518 8.94506 0.5
7 489.201 -166.262 -14.5343 0.5
8 551.715 -94.9671 -14.4188 0.5
8 509.486 -159.453 -7.83324 0.5
8 504.94 -165.171 -1.24827 0.5
8 504.149 -180.659 -14.977 0.5
8 538.664 -112.567 -11.8933 0.5
8 541.698 -131.382 -1.4521 0.5
8 524.975 -130.42 0.325177 0.5
8 542.246 -101.945 6.41866 0.5
8 536.231 -134.296 12.4442 0.5
8 536.854 -109.865 -0.813835 0.5
8 551.76 -90.1656 12.1044 0.5
8 555.151 -103.604 -10.7585 0.5
8 503.342 -186.581 14.538 0.5
8 514.206 -151.055 7.45638 0.5
8 537.631 -108.548 1.24014 0.5
8 514.811 -172.516 11.6133 0.5
8 507.947 -160.063 2.13404 0.5
8 512.96 -156.953 11.7893 0.5
8 548.361 -99.8398 14.1166 0.5
8 523.889 -140.54 -13.3915 0.5
8 522.723 -159.033 -11.4293 0.5
8 500.704 -202.036 -3.52364 0.5
8 537.745 -132.284 -12.0104 0.5
8 530.845 -122.219 -7.42845 0.5
8 516.146 -151.121 -11.5353 0.5
8 509.065 -157.987 -0.598104 0.5
8 550.063 -87.0271 1.38713 0.5
8 511.783 -153.792 -3.93696 0.5
8 521.402 -152.924 14.942 0.5
8 534.148 -116.588 7.5852 0.5
8 543.606 -127.942 2.47502 0.5
8 545.263 -95.3059 -0.911648 0.5
8 524.794 -130.91 2.31524 0.5
8 526.984 -144.652 14.7523 0.5
8 500.45 -177.112 -10.4271 0.5
8 536.469 -117.796 12.8656 0.5
8 542.996 -119.358 14.0869 0.5
8 530.815 -120.323 0.787473 0.5
8 509.668 -185.386 6.62784 0.5
8 517.822 -168.602 10.4134 0.5
8 516.123 -152.247 12.3582 0.5
8 504.86 -167.182 -7.35244 0.5
8 535.644 -136.544 11.5206 0.5
8 546.128 -112.14 -14.6189 0.5
8 552.083 -109.367 10.303 0.5
8 500.61 -190.049 -14.8019 0.5
8 550.851 -106.225 -13.9047 0.5
8 534.433 -142.92 -5.67547 0.5
8 504.815 -190.021 -11.4535 0.5
8 528.831 -124.727 5.35554 0.5
8 520.597 -146.155 -13.3469 0.5
8 551.563 -84.4133 -1.20887 0.5
8 503.921 -174.069 12.8039 0.5
8 523.4 -143.334 14.2073 0.5
8 538.996 -132.928 9.26534 0.5
8 544.106 -121.106 12.1296 0.5
8 532.4 -135.431 14.722 0.5
8 544.768 -97.305 -5.80894 0.5
8 539.564 -134.178 -5.30918 0.5
8 529.439 -150.171 8.31204 0.5
8 553.218 -110.838 -4.4031 0.5
8 533.787 -131.279 -14.9578 0.5
8 550.393 -97.0567 14.3597 0.5
8 551.26 -114.521 3.30668 0.5
8 534.697 -139.059 10.7318 0.5
8 520.148 -140.836 -7.58458 0.5
8 534.96 -113.152 0.94423 0.5
8 506.98 -165.204 9.77021 0.5
9 619.892 -97.1695 14.2382 0.5
9 603.909 -105.042 -8.15126 0.5
9 560.801 -107.394 1.30167 0.5
9 656.687 -78.9769 6.59335 0.5
9 572.221 -106.935 -3.89672 0.5
9 625.992 -96.5607 -14.4258 0.5
9 645.505 -106.874 -4.11734 0.5
9 622.833 -77.6185 2.24166 0.5
9 588.564 -77.6733 2.57831 0.5
9 577.934 -78.6003 -5.76051 0.5
9 643.257 -107.183 -2.81731 0.5
9 647.847 -93.1661 -14.9829 0.5
9 574.172 -83.8241 12.2716 0.5
9 564.644 -94.8905 -14.8002 0.5
9 619.913 -106.988 -3.69375 0.5
9 654.45 -78.5067 -5.53002 0.5
9 595.08 -101.011 -12.3171 0.5
9 643.663 -107.443 -0.455141 0.5
9 576.19 -104.821 -8.48358 0.5
9 596.312 -78.631 5.83376 0.5
9 653.108 -106.622 -4.91626 0.5
9 605.933 -103.561 10.0775 0.5
9 625.672 -77.5633 -1.83951 0.5
9 620.481 -81.5554 10.3105 0.5
9 631.39 -80.2006 8.65733 0.5
9 663.688 -87.6235 -14.2022 0.5
9 565.392 -104.968 -8.2652 0.5
9 600.081 -77.4832 -0.995622 0.5
9 640.763 -83.2946 11.8818 0.5
9 634.145 -92.1779 14.9975 0.5
9 659.406 -105.726 -6.9816 0.5
9 616.866 -86.5256 13.7804 0.5
9 642.157 -105.732 6.97014 0.5
9 612.405 -101.558 11.9184 0.5
9 604.461 -77.4987 1.2063 0.5
9 647.046 -107.35 1.72637 0.5
9 576.478 -107.303 2.09303 0.5
9 612.502 -105.299 -7.74005 0.5
9 612.418 -78.6107 5.78545 0.5
9 599.504 -87.4476 -14.1413 0.5
9 567.941 -96.9374 -14.3131 0.5
9 655.885 -107.436 -0.64983 0.5
9 577.857 -106.292 5.77965 0.5
9 594.698 -104.338 9.14772 0.5
9 666.401 -82.4212 -11.1545 0.5
9 643.694 -101.2 -12.1838 0.5
9 592.492 -103.538 10.1021 0.5
9 566.437 -107.057 -3.41117 0.5
9 565.34 -106.121 6.17295 0.5
9 644.481 -107.263 2.35875 0.5
9 602.191 -77.5146 1.38947 0.5
9 651.393 -107.235 -2.53019 0.5
9 581.951 -82.9283 11.5903 0.5
9 662.181 -92.5286 -14.9998 0.5
9 598.375 -82.3179 11.0607 0.5
9 660.292 -105.8 6.83949 0.5
9 658.514 -100.917 12.3816 0.5
9 559.459 -106.023 -6.38502 0.5
9 597.398 -107.157 -2.94939 0.5
9 608.709 -86.8019 13.896 0.5
9 625.87 -78.1189 4.42905 0.5
9 580.236 -107.353 -1.70407 0.5
9 607.962 -91.6196 -14.977 0.5
9 601.395 -79.9481 -8.28863 0.5
9 597.666 -77.4501 -0.00908238 0.5
9 656.067 -77.7973 3.20884 0.5
9 624.334 -77.5145 1.38831 0.5
9 656.91 -85.6691 -13.3798 0.5
9 664.926 -79.7752 -8.02159 0.5
9 661.57 -94.3947 14.8734 0.5
9 629.737 -81.6652 -10.4252 0.5
9 564.384 -96.8256 14.3476 0.5
9 663.331 -84.2807 12.5802 0.5
9 626.19 -98.1065 13.8926 0.5
9 583.036 -103.4 10.2523 0.5
9 657.664 -105.303 7.73355 0.5
9 591.666 -106.625 4.9058 0.5
9 658.828 -85.4824 13.2835 0.5
9 571.98 -88.4597 -14.4595 0.5
9 597.047 -107.306 2.07517 0.5
9 657.579 -98.222 13.8451 0.5
9 653.871 -77.4756 -0.875017 0.5
9 608.868 -90.805 14.9095 0.5
9 647.389 -88.9638 -14.5892 0.5
9 602.917 -107.447 0.31156 0.5
10 626.812 -10.8802 -8.23285 0.5
10 657.633 -68.8616 -12.7252 0.5
10 643.269 -53.4525 14.9219 0.5
10 653.926 -78.9182 12.3343 0.5
10 621.242 -28.6037 2.24307 0.5
10 624.532 -24.7766 14.03 0.5
10 647.401 -65.1376 -13.7229 0.5
10 657.487 -68.6813 12.77 0.5
10 619.356 -17.7111 13.1562 0.5
10 628.769 -28.7116 -14.879 0.5
10 638.269 -55.8761 8.11862 0.5
10 622.05 -28.8573 6.14057 0.5
10 635.543 -53.18 -3.27426 0.5
10 653.979 -57.9339 -8.23096 0.5
10 638.488 -58.3254 3.07032 0.5
10 638.247 -53.4401 -10.9855 0.5
10 661.124 -91.6049 -12.18 0.5
10 649.847 -76.4937 -7.16815 0.5
10 629.352 -13.9308 5.66532 0.5
10 652.205 -78.7621 9.79532 0.5
10 646.27 -54.8589 14.8283 0.5
10 644.313 -66.233 8.29163 0.5
10 631.918 -19.4108 -7.73289 0.5
10 636.464 -27.2252 7.6326 0.5
10 628.065 -18.7481 -13.349 0.5
10 654.268 -76.8223 13.8136 0.5
10 642.93 -54.1036 -14.7426 0.5
10 659.5 -84.4658 14.3313 0.5
10 637.666 -55.1725 -7.56331 0.5
10 648.035 -58.8516 -14.9412 0.5
10 651.909 -51.9231 -1.02177 0.5
10 637.901 -54.3354 9.37577 0.5
10 620.82 1.94343 0.691368 0.5
10 625.569 -17.696 14.5686 0.5
10 661.072 -71.1819 -9.53722 0.5
10 640.782 -33.1736 -4.05153 0.5
10 646.691 -72.77 -1.55911 0.5
10 652.425 -53.1969 -3.50035 0.5
10 617.893 -12.2146 -14.3872 0.5
10 615.085 -16.8248 6.06899 0.5
10 644.744 -59.1736 14.2462 0.5
10 616.676 -6.53806 14.9848 0.5
10 635.362 -45.7267 12.992 0.5
10 626.701 -20.5797 14.7644 0.5
10 643.459 -60.092 12.7892 0.5
10 653.841 -63.1331 -13.2117 0.5
10 639.787 -58.9997 7.29356 0.5
10 653.812 -84.8666 3.07496 0.5
10 628.13 -10.7035 0.0313197 0.5
10 654.493 -64.9655 -13.5661 0.5
10 647.486 -50.4701 -12.178 0.5
10 638.115 -46.2075 -14.6524 0.5
10 628.057 -31.5142 13.7747 0.5
10 638.956 -30.057 4.20955 0.5
10 649.931 -76.6355 7.17567 0.5
10 648.713 -63.0417 -14.9048 0.5
10 622.626 -7.60007 -12.3117 0.5
10 642.253 -45.4253 -14.2317 0.5
10 625.079 -31.4101 10.206 0.5
10 638.07 -36.5227 13.5681 0.5
10 617.787 -18.3746 10.6263 0.5
10 647.872 -67.6565 -12.8369 0.5
10 661.98 -90.534 -13.6578 0.5
10 660.961 -76.8944 -13.8856 0.5
10 648.841 -74.4724 -7.66039 0.5
10 622.583 -15.1077 -14.9675 0.5
10 628.532 -38.5982 8.72682 0.5
10 649.429 -65.5251 14.7106 0.5
10 664.208 -85.3366 14.7257 0.5
10 632.179 -17.7953 1.53809 0.5
10 651.308 -73.6624 -12.8037 0.5
10 662.538 -95.9427 -10.5691 0.5
10 663.909 -93.4904 -13.8263 0.5
10 640.862 -59.8651 8.85247 0.5
11 663.487 80.8471 6.22754 0.5
11 656.846 69.7944 7.1338 0.5
11 650.518 58.2953 -6.03113 0.5
11 660.655 74.8323 -2.70304 0.5
11 659.37 74.2699 7.32062 0.5
11 615.939 2.25522 11.2856 0.5
11 654.569 67.0236 -8.97024 0.5
11 633.09 27.0687 -2.59279 0.5
11 624.978 18.7037 -11.9321 0.5
11 613.306 5.78578 -14.8928 0.5
11 650.863 87.618 0.51915 0.5
11 623.433 37.9216 7.81291 0.5
11 614.681 -3.23326 -7.13893 0.5
11 638.076 63.077 -8.14315 0.5
11 655.255 78.1075 14.8484 0.5
11 652.52 88.6254 -7.25602 0.5
11 636.047 61.9544 0.581016 0.5
11 612.816 11.9137 14.0751 0.5
11 650.256 77.7812 -13.6565 0.5
11 649.949 69.7747 -14.9462 0.5
11 654.541 79.5115 -14.9912 0.5
11 657.257 97.0573 -6.82998 0.5
11 650.041 82.8351 -9.47182 0.5
11 647.018 75.3881 11.6727 0.5
11 651.692 76.7641 14.7548 0.5
11 624.449 33.6264 13.3953 0.5
11 658.411 98.7488 -7.40044 0.5
11 625.096 13.4343 3.5903 0.5
11 624.652 33.1588 -13.7782 0.5
11 629.273 31.8269 -14.6083 0.5
11 640.727 45.5911 -11.6249 0.5
11 638.887 37.2003 3.05896 0.5
11 657.432 72.4983 -9.6221 0.5
11 622.49 8.98289 -3.8394 0.5
11 623.168 30.7288 -13.7169 0.5
11 637.106 62.9587 4.94953 0.5
11 615.3 5.53125 -13.956 0.5
11 611.401 10.0144 13.8598 0.5
11 625.203 13.1831 0.145905 0.5
11 628.875 28.8859 -13.8924 0.5
11 616.535 0.702424 8.34126 0.5
11 628.624 48.7792 -3.12423 0.5
11 613.687 3.60536 14.2672 0.5
11 617.938 8.87445 -13.4081 0.5
11 611.838 14.1686 -11.8977 0.5
11 666.043 98.2108 -14.9833 0.5
11 632.013 45.7167 13.8587 0.5
11 637.212 56.7635 -12.8247 0.5
11 638.788 60.674 -12.0287 0.5
11 664.871 110.115 7.07863 0.5
11 655.506 93.7506 -7.34067 0.5
11 665.655 113.241 0.465721 0.5
11 656.854 73.539 11.6367 0.5
11 625.874 14.6191 2.85778 0.5
11 652.676 61.7129 -5.241 0.5
11 621.768 7.97424 -4.65701 0.5
11 635.597 49.7638 14.5669 0.5
11 620.251 31.4069 -9.26016 0.5
11 659.054 99.6092 -7.82852 0.5
11 664.392 82.216 -5.77276 0.5
11 661.35 91.6271 14.9767 0.5
11 621.315 21.7942 14.996 0.5
11 647.591 66.0777 14.9741 0.5
11 653.441 91.7523 -3.17964 0.5
11 619.703 27.1163 12.3865 0.5
11 656.694 70.7955 9.08982 0.5
11 649.147 76.4384 13.3785 0.5
12 766.676 104.184 -14.4047 0.5
12 670.785 92.4624 -12.9686 0.5
12 696.513 114.664 -3.15505 0.5
12 694.383 89.4353 -10.6484 0.5
12 689.414 112.957 -7.55808 0.5
12 693.55 85.7232 -4.60149 0.5
12 690.031 108.132 12.6046 0.5
12 718.567 85.6917 4.50258 0.5
12 755.726 93.0554 13.2956 0.5
12 700.106 103.774 14.5175 0.5
12 686.452 111.269 9.89962 0.5
12 681.268 85.4582 3.67912 0.5
12 712.032 86.9809 7.45 0.5
12 718.077 114.592 3.47464 0.5
12 676.669 100.506 14.9915 0.5
12 711.697 114.996 -0.352136 0.5
12 723.42 98.2004 -14.8917 0.5
12 678.231 100.961 14.9692 0.5
12 686.573 86.4269 -6.38528 0.5
12 720.945 112.629 -8.09431 0.5
12 677.064 112.991 -7.49971 0.5
12 732.819 90.5869 11.6787 0.5
12 711.951 101.662 -14.9076 0.5
12 732.382 86.9855 -7.45807 0.5
12 742.609 89.4814 10.6939 0.5
12 673.074 103.259 -14.6417 0.5
12 685.836 86.187 5.84828 0.5
12 670.141 111.042 -10.1524 0.5
12 719.135 92.7694 -13.1422 0.5
12 681.647 111.274 9.89426 0.5
12 735.685 114.637 3.28214 0.5
12 761.511 98.4281 -14.9174 0.5
12 766.43 90.7782 -11.8304 0.5
12 668.766 96.4238 -14.5675 0.5
12 750.78 100.386 14.995 0.5
12 744.823 96.5683 14.6022 0.5
12 773.788 114.973 0.891749 0.5
12 720.884 96.9012 14.6764 0.5
12 754.666 113.747 -6.0016 0.5
12 733.837 112.242 -8.66767 0.5
12 687.034 85.3087 3.02773 0.5
12 737.736 85.7213 4.59545 0.5
12 676.038 90.9509 -11.963 0.5
12 674.658 103.974 14.464 0.5
12 765.1 113.997 5.39256 0.5
12 667.599 111.523 -9.60285 0.5
12 701.834 87.3794 -8.10689 0.5
12 767.436 112.872 -7.70101 0.5
12 687.816 95.7198 14.3764 0.5
12 689.993 97.1126 -14.7195 0.5
12 703.037 110.098 11.0916 0.5
12 722.118 86.9828 7.45337 0.5
12 716.216 86.7851 -7.097 0.5
12 751.896 90.0627 11.2361 0.5
12 668.036 93.7249 -13.6244 0.5
12 709.796 85.0154 0.678922 0.5
12 757.838 86.7827 7.09237 0.5
12 693.068 94.4745 13.9452 0.5
12 672.046 92.427 -12.948 0.5
12 756.829 112.122 8.83525 0.5
12 701.35 98.2204 14.8941 0.5
12 777.475 96.2062 14.5123 0.5
12 704.973 114.998 0.246146 0.5
12 728.313 89.6908 -10.8959 0.5
12 731.988 98.0713 14.8755 0.5
12 676.26 86.0095 -5.40968 0.5
12 726.771 87.4012 -8.14068 0.5
12 698.571 86.2273 5.94251 0.5
12 693.929 101.318 14.942 0.5
12 777.672 95.6823 -14.3651 0.5
12 718.072 112.962 -7.5494 0.5
12 763.624 104.785 -14.2165 0.5
12 740.017 88.8615 -10.0466 0.5
12 718.606 85.1233 1.91954 0.5
12 729.897 85.4652 3.70679 0.5
12 764.849 114.733 -2.81665 0.5
12 764.227 106.394 -13.5687 0.5
12 746.971 113.309 -6.91981 0.5
13 797.444 62.2405 -14.5372 0.5
13 823.316 26.4644 14.0179 0.5
13 832.42 -7.75788 -7.28186 0.5
13 787.148 96.5826 -7.80134 0.5
13 828.735 -1.79282 -6.47211 0.5
13 831.418 6.11827 -14.9684 0.5
13 806.317 65.0284 -3.98978 0.5
13 804.884 68.0454 -0.365171 0.5
13 814.676 32.5623 14.5792 0.5
13 787.612 75.9531 13.2591 0.5
13 804.363 41.2039 -7.90366 0.5
13 804.913 66.2735 6.98775 0.5
13 777.862 104.812 -14.1572 0.5
13 824.338 7.07543 8.61497 0.5
13 830.986 18.2423 -10.8073 0.5
13 816.546 21.4491 -9.74645 0.5
13 786.959 82.7348 -14.938 0.5
13 779.57 81.9682 1.46905 0.5
13 780.589 94.8075 14.9965 0.5
13 799.651 48.7973 6.9039 0.5
13 820.057 41.6233 -2.0993 0.5
13 791.895 87.0668 -9.60779 0.5
13 809.556 49.8991 14.163 0.5
13 793.083 61.2531 -8.67355 0.5
13 806.138 53.3457 -14.7958 0.5
13 824.602 27.8292 -12.0516 0.5
13 830.221 -5.823 -0.595668 0.5
13 804.389 64.4581 10.6631 0.5
13 813.556 30.4217 -12.9272 0.5
13 801.977 48.134 -11.224 0.5
13 812.078 26.3825 4.81029 0.5
13 809.441 55.0041 -11.3155 0.5
13 800.578 52.8211 12.8798 0.5
13 820.329 23.0448 -14.6429 0.5
13 823.643 32.1299 9.5456 0.5
13 803.659 69.0082 5.79452 0.5
13 792.69 59.2625 -1.64845 0.5
13 780.836 109.569 -1.99651 0.5
13 813.212 40.0711 14.9302 0.5
13 820.751 32.1229 13.4919 0.5
13 821.433 10.4224 5.4754 0.5
13 820.024 39.8173 7.5006 0.5
13 823.208 34.4847 -7.17583 0.5
13 824.926 33.2103 1.94993 0.5
13 830.621 -5.968 -4.05805 0.5
13 811.469 56.0163 4.2981 0.5
13 790.558 63.8106 5.24223 0.5
13 791.687 78.6244 14.7519 0.5
13 829.181 3.92471 13.2445 0.5
13 793.403 84.6043 9.42603 0.5
13 800.637 62.184 14.8942 0.5
13 792.228 59.9736 0.220956 0.5
13 822.801 11.1942 10.3855 0.5
13 833.327 -4.97647 -12.174 0.5
13 815.349 47.2482 -8.55231 0.5
13 819.595 42.5516 0.765557 0.5
13 810.24 34.8448 12.0531 0.5
13 778.705 111.928 -6.46699 0.5
13 783.095 104.85 5.22716 0.5
13 810.707 29.7736 -7.1421 0.5
13 792.562 68.4986 13.7936 0.5
13 826.554 28.5163 -7.48341 0.5
13 819.687 31.9887 14.2843 0.5
13 799.442 77.367 -1.80848 0.5
13 830.747 13.1983 -14.1617 0.5
13 809.974 57.4461 7.10185 0.5
13 792.638 60.338 -5.58181 0.5
13 805.451 45.9578 13.6989 0.5
13 812.911 51.5053 -8.50206 0.5
13 783.692 76.2902 6.60656 0.5
13 832.979 19.3117 -1.51833 0.5
13 780.455 98.8503 -14.589 0.5
13 814.658 23.204 7.62419 0.5
13 786.04 71.1012 3.49113 0.5
13 793.637 58.2615 4.624 0.5
14 862.433 67.0222 7.74665 0.5
14 855.928 55.1315 -8.69674 0.5
14 862.449 68.6941 3.88111 0.5
14 870.546 77.3968 11.8726 0.5
14 877.163 80.8651 -14.9539 0.5
14 837.864 25.1594 6.45958 0.5
14 849.464 46.3496 3.28573 0.5
14 855.595 47.945 -13.9105 0.5
14 848.628 43.1802 7.6297 0.5
14 870.973 81.5939 -8.10045 0.5
14 865.257 69.2976 -10.9716 0.5
14 839.745 16.6528 14.895 0.5
14 835.561 11.2905 -14.5475 0.5
14 848.649 31.3614 -14.9626 0.5
14 839.859 13.8038 14.9458 0.5
14 878.748 68.2802 -4.96239 0.5
14 847.522 13.3625 -0.601705 0.5
14 853.36 25.7985 -8.03803 0.5
14 855.457 54.2509 8.78616 0.5
14 837.628 -0.546139 9.31247 0.5
14 878.425 66.9355 1.32726 0.5
14 882.814 75.5112 -5.47063 0.5
14 864.615 67.5858 -11.5007 0.5
14 840.668 30.6215 4.99885 0.5
14 834.134 -8.26501 6.68704 0.5
14 864.081 71.9363 1.6928 0.5
14 858.279 61.5962 -3.377 0.5
14 860.036 48.75 -14.9456 0.5
14 864.836 61.0153 14.7592 0.5
14 869.307 62.1151 -14.4656 0.5
14 863.065 44.0891 9.99807 0.5
14 868.125 49.7774 -4.6579 0.5
14 862.242 63.7706 -11.2469 0.5
14 835.122 12.1217 -14.0519 0.5
14 864.054 51.6559 -14.0214 0.5
14 849.49 21.3798 10.8289 0.5
14 867.274 71.1853 -12.2731 0.5
14 868.467 57.9437 13.4284 0.5
14 883.681 97.5793 -13.47 0.5
14 879.064 74.1919 12.1542 0.5
14 834.262 3.90665 14.9271 0.5
14 871.627 83.0686 -7.54077 0.5
14 846.553 41.671 -0.239436 0.5
14 884.467 86.7975 -13.9379 0.5
14 843.613 16.3449 14.0567 0.5
14 863.504 63.2471 -13.1504 0.5
14 840.22 17.9597 -14.8292 0.5
14 852.697 48.3089 10.2032 0.5
14 853.284 24.5054 -5.81997 0.5
14 871.385 84.4661 2.5376 0.5
14 870.911 63.1894 -13.8862 0.5
14 841.889 24.939 13.5922 0.5
14 888.131 88.5229 11.0316 0.5
14 856.16 48.1609 14.1946 0.5
14 842.375 8.94357 -10.7192 0.5
14 876.728 78.9906 14.9999 0.5
14 862.048 48.684 -14.2024 0.5
14 886.661 81.2986 2.16486 0.5
14 864.082 45.25 9.2816 0.5
14 885.027 99.5528 -13.6394 0.5
14 842.45 32.4419 7.69282 0.5
14 849.071 21.6263 -11.6841 0.5
14 845.577 14.3449 -10.5756 0.5
14 866.117 59.4689 -14.9604 0.5
14 872.017 83.7374 7.55058 0.5
14 862.201 68.7235 -1.25023 0.5
14 839.282 4.39385 11.4553 0.5
14 852.108 31.448 14.1959 0.5
14 861.412 67.3905 -0.753538 0.5
14 851.065 47.9768 -6.56043 0.5
14 874.903 88.8285 7.39239 0.5
14 864.159 72.032 -2.01056 0.5
14 880.191 82.6909 -14.8312 0.5
14 872.998 57.5039 0.919332 0.5
14 859.939 62.7938 -7.59154 0.5
14 874.903 90.5797 -2.41361 0.5
14 883.836 89.0328 14.8355 0.5
15 991.115 102.106 -14.8514 0.5
15 981.175 102.102 -14.852 0.5
15 908.223 114.05 -5.25297 0.5
15 889.27 85.9586 -5.27631 0.5
15 889.168 107.307 13.0997 0.5
15 956.049 103.224 14.6493 0.5
15 967.607 114.666 -3.14957 0.5
15 936.959 111.035 -10.1601 0.5
15 974.534 89.1897 10.399 0.5
15 950.573 100.494 -14.9919 0.5
15 974.462 86.2199 5.92531 0.5
15 962.146 110.159 11.0361 0.5
15 896.958 104.142 -14.4168 0.5
15 988.235 107.663 12.895 0.5
15 940.123 95.5769 -14.333 0.5
15 913.922 106.818 13.3608 0.5
15 976.14 90.0742 11.2463 0.5
15 987.764 86.1217 -5.69155 0.5
15 954.624 107.086 -13.2209 0.5
15 889.448 114.906 -1.67227 0.5
15 963.118 110.44 10.7704 0.5
15 902.273 86.0926 -5.61999 0.5
15 981.658 85.6222 4.27546 0.5
15 975.775 104.668 14.255 0.5
15 904.122 85.4968 -3.82836 0.5
15 957.892 110.977 -10.2229 0.5
15 946.973 108.907 12.0694 0.5
15 937.477 95.1777 14.2037 0.5
15 890.641 91.524 12.3757 0.5
15 893.271 106.978 13.2778 0.5
15 999.788 112.167 8.77321 0.5
15 951.703 85.4063 3.46759 0.5
15 994.132 113.225 7.0777 0.5
15 919.126 113.233 7.06345 0.5
15 987.422 113.97 5.46164 0.5
15 987.018 114.905 1.68873 0.5
15 933.71 88.0583 9.07727 0.5
15 948.154 101.204 -14.9516 0.5
15 905.701 114.931 -1.43253 0.5
15 917.159 100.63 -14.9868 0.5
15 980.204 85.8862 -5.07945 0.5
15 889.327 114.268 4.62983 0.5
15 932.785 96.8228 14.6596 0.5
15 903.591 97.3802 14.7694 0.5
15 981.079 113.15 7.21642 0.5
15 924.418 108.509 -12.3529 0.5
15 987.572 108.85 12.1109 0.5
15 978.828 92.1218 -12.7646 0.5
15 968.458 102.928 14.7115 0.5
15 960.984 99.3547 -14.9861 0.5
15 987.764 100.589 -14.9884 0.5
15 953.81 85.1492 -2.1102 0.5
15 953.332 114.383 4.25694 0.5
15 934.89 89.6061 10.8151 0.5
15 992.135 102.085 14.8544 0.5
15 984.321 87.8155 8.74866 0.5
15 971.373 114.886 1.84866 0.5
15 998.509 85.0329 -0.992657 0.5
15 955.555 102.179 14.841 0.5
15 895.395 104.138 14.4178 0.5
15 980.103 110.966 10.2347 0.5
15 889.958 94.7753 14.0607 0.5
