0 70.1178 173.114 -68.2231 0.5
0 273.73 173.014 -68.3294 0.5
0 226.932 117.854 -98.3933 0.5
0 103.317 44.5298 -83.2049 0.5
0 322.424 56.7172 -90.1476 0.5
0 176.161 124.077 -97.0581 0.5
0 79.6012 13.391 -49.9888 0.5
0 154.925 91.9103 99.6722 0.5
0 234.649 66.6411 94.2719 0.5
0 220.749 184.36 53.6973 0.5
0 264.182 25.3214 -66.5065 0.5
0 21.8391 92.8903 99.7469 0.5
0 91.7391 113.155 99.131 0.5
0 39.7441 199.96 2.8345 0.5
0 273.846 59.3078 -91.3463 0.5
0 192.425 193.512 35.4329 0.5
0 94.6293 12.1796 -47.8286 0.5
0 85.9502 138.236 92.4014 0.5
0 316.288 133.013 94.3935 0.5
0 243.321 6.41648 35.2438 0.5
0 220.647 122.617 97.4088 0.5
0 21.8916 23.3017 -64.1667 0.5
0 202.088 166.616 74.5812 0.5
0 118.813 51.4747 87.4374 0.5
0 225.192 32.6562 -73.9243 0.5
0 246.185 30.6877 -72.0819 0.5
0 104.647 57.2787 90.4151 0.5
0 157.437 149.179 87.0712 0.5
0 138.611 197.727 21.2016 0.5
0 112.219 194.041 34.0043 0.5
0 6.86862 2.41788 -21.857 0.5
0 203.386 142.881 -90.3397 0.5
0 290.834 184.134 -54.0512 0.5
0 104.064 0.831934 -12.8722 0.5
0 6.45434 64.7404 93.5776 0.5
0 229.924 11.8815 -47.2772 0.5
0 204.317 109.102 99.5849 0.5
0 240.553 120.525 97.8709 0.5
0 110.238 0.0141257 -1.68076 0.5
0 5.60405 189.793 -44.0148 0.5
0 84.3086 68.3824 -94.8701 0.5
0 17.7884 22.4943 -63.1892 0.5
0 156.812 127.067 -96.2673 0.5
0 268.397 76.1255 -97.1082 0.5
0 126.021 199.997 0.760053 0.5
0 120.915 44.1325 -82.9387 0.5
0 52.5662 115.802 -98.7436 0.5
0 219.35 176.402 -64.5188 0.5
0 205.381 151.469 85.7375 0.5
0 133.313 86.4891 99.0831 0.5
0 293.468 199.059 13.6889 0.5
0 116.713 8.7829 -40.981 0.5
0 15.6456 171.123 70.2961 0.5
0 7.53956 88.7876 -99.3694 0.5
0 169.129 140.834 91.2828 0.5
0 181.042 190.478 -42.5879 0.5
0 33.4934 0.238604 -6.90391 0.5
0 41.3606 146.606 -88.4753 0.5
0 285.025 197.467 22.3664 0.5
0 287.553 194.19 -33.588 0.5
0 33.1659 176.264 -64.6821 0.5
0 5.25034 6.56383 35.6326 0.5
0 236.572 7.38687 37.7201 0.5
0 290.218 150.022 86.5901 0.5
0 302.553 16.351 -54.7983 0.5
0 115.7 1.78266 18.7977 0.5
0 71.5976 200 0.261654 0.5
0 115.804 65.3737 -93.8137 0.5
0 243.932 46.1777 84.2802 0.5
0 82.2245 126.006 -96.5593 0.5
0 29.1686 85.3251 -98.9174 0.5
0 30.4608 138.232 -92.403 0.5
0 30.0759 193.24 36.1438 0.5
0 13.3046 0.367793 8.56874 0.5
0 74.2334 1.72143 -18.4749 0.5
0 34.4267 7.52679 38.0619 0.5
0 264.436 193.117 -36.458 0.5
0 17.4009 163.254 77.4531 0.5
0 27.757 116.688 -98.5977 0.5
0 282.093 27.3066 68.6707 0.5
0 123.39 151.711 -85.5916 0.5
0 74.7684 49.4642 -86.291 0.5
0 167.953 181.171 58.4059 0.5
0 285.927 146.288 88.6419 0.5
0 136.256 63.0532 -92.9244 0.5
0 147.165 143.038 -90.265 0.5
0 233.865 70.1948 95.455 0.5
0 141.47 189.062 45.4742 0.5
0 224.752 7.53363 -38.0785 0.5
0 14.0591 103.638 -99.9338 0.5
0 5.20945 13.2748 -49.787 0.5
0 85.1082 42.3117 81.6826 0.5
0 50.3807 1.73965 18.5716 0.5
0 53.2598 45.8757 84.0866 0.5
0 138.639 104.013 99.9194 0.5
0 244.851 35.531 76.4444 0.5
0 39.8948 34.0867 -75.2026 0.5
0 118.484 199.994 1.08247 0.5
0 313.895 95.8499 -99.9138 0.5
0 151.49 177.356 63.3718 0.5
0 60.4511 144.09 89.7556 0.5
0 203.669 5.92037 33.8973 0.5
0 249.805 5.63876 -33.1052 0.5
0 7.66526 59.5532 91.4552 0.5
0 1.21055 170.353 71.0669 0.5
0 277.472 190.745 42.0151 0.5
0 222.901 55.3688 89.4878 0.5
0 13.5437 83.9829 98.7089 0.5
0 297.472 34.6701 -75.71 0.5
0 117.502 91.6923 99.6543 0.5
0 97.1279 84.5209 98.7947 0.5
0 26.2277 191.244 40.9217 0.5
0 94.4565 117.082 -98.5302 0.5
0 21.7623 128.994 -95.7044 0.5
0 144.731 69.4267 -95.2117 0.5
0 175.875 46.5115 84.4925 0.5
0 259.268 174.95 -66.2004 0.5
0 332.753 55.0649 89.3355 0.5
0 125.746 173.746 -67.5386 0.5
0 251.588 199.983 -1.84323 0.5
0 256.797 91.769 99.6607 0.5
0 283.197 7.76952 38.6463 0.5
0 38.3581 153.348 -84.5813 0.5
0 190.445 24.81 65.9277 0.5
0 7.53616 194.138 -33.7353 0.5
0 211.365 12.6189 -48.6266 0.5
0 190.689 109.89 -99.5098 0.5
0 191.737 61.9201 92.4658 0.5
0 313.271 48.9778 -86.0043 0.5
0 9.20506 83.038 -98.551 0.5
0 85.0041 39.1634 79.3657 0.5
0 324.838 56.7116 90.145 0.5
0 225.285 156.993 -82.169 0.5
0 170.134 180.36 59.5171 0.5
0 134.373 146.746 -88.4014 0.5
0 49.043 80.2134 98.0229 0.5
0 37.956 6.58233 35.6811 0.5
0 141.553 48.2653 85.5776 0.5
0 279.394 198.073 -19.5389 0.5
0 1.93175 3.42442 25.9453 0.5
0 302.629 199.999 -0.433816 0.5
0 68.4152 3.52869 26.3303 0.5
0 171.942 63.214 -92.9881 0.5
0 248.264 150.938 -86.0542 0.5
0 148.043 97.0379 -99.9561 0.5
0 62.1039 112.466 99.22 0.5
0 251.413 119.057 98.1674 0.5
0 301.737 11.9923 47.4831 0.5
0 255.733 146.866 88.3377 0.5
0 236.091 62.9134 92.8686 0.5
0 249.829 131.621 94.869 0.5
0 327.581 161.018 79.2266 0.5
0 259.093 16.8721 55.5855 0.5
0 143.326 0.470545 -9.68956 0.5
0 3.13381 91.9849 -99.6783 0.5
0 149.118 38.1612 -78.5873 0.5
0 308.511 155.58 -83.1313 0.5
0 197.375 146.195 88.6904 0.5
0 282.122 148.095 -87.6748 0.5
0 289.524 179.798 60.2689 0.5
0 183.81 110.208 99.4776 0.5
0 269.43 42.8565 -82.0647 0.5
0 276.442 132.349 -94.6232 0.5
0 200.12 71.6314 95.8917 0.5
0 64.246 179.658 -60.4528 0.5
0 136.409 5.63854 -33.1046 0.5
0 259.857 159.235 -80.5678 0.5
0 168.649 54.7212 89.1618 0.5
0 50.1286 5.69405 33.2624 0.5
0 227.217 173.563 67.7383 0.5
0 98.0071 96.2457 -99.9295 0.5
0 226.278 69.6428 95.2808 0.5
0 292.781 6.10945 -34.4175 0.5
0 326.642 141.758 90.864 0.5
0 43.054 67.4742 -94.5625 0.5
0 151.295 195.63 -29.2394 0.5
0 121.403 31.3625 -72.7248 0.5
0 110.565 91.8414 99.6666 0.5
0 297.604 172.325 -69.0582 0.5
0 77.9075 199.971 2.40539 0.5
0 198.051 25.2975 66.4796 0.5
0 80.3342 190.316 -42.9302 0.5
0 166.479 21.5086 -61.9605 0.5
0 236.813 104.051 -99.9179 0.5
0 312.914 83.2822 98.5927 0.5
0 107.113 0.513471 10.1208 0.5
0 67.4882 18.452 57.8785 0.5
0 147.986 0.607105 -11.0024 0.5
0 23.9564 96.0564 99.9222 0.5
0 145.246 199.406 -10.8798 0.5
0 153.16 6.35146 -35.0707 0.5
0 99.7307 31.8833 -73.2128 0.5
0 304.757 14.4699 -51.8131 0.5
0 321.954 77.2658 97.3815 0.5
0 70.734 10.9124 -45.4247 0.5
0 118.928 168.118 73.2119 0.5
0 115.465 18.0071 57.2465 0.5
0 307.339 3.89165 27.6258 0.5
0 4.56133 176.447 -64.4664 0.5
0 203.598 62.5885 92.7382 0.5
0 273.953 91.9427 -99.6749 0.5
0 33.5075 32.0164 -73.3365 0.5
0 274.386 175.7 -65.341 0.5
0 306.609 6.97208 -36.6852 0.5
0 209.752 15.8045 -53.9548 0.5
0 331.566 130.328 95.2902 0.5
0 280.196 76.723 97.2532 0.5
0 138.413 164.302 -76.5848 0.5
0 52.4593 109.743 -99.5242 0.5
0 311.592 198.503 17.2382 0.5
0 203.725 180.332 59.5553 0.5
0 250.422 95.0931 99.8795 0.5
0 305.709 199.983 1.83602 0.5
0 12.1297 162.397 78.1448 0.5
0 196.006 199.599 -8.944 0.5
0 317.939 21.5902 62.0637 0.5
0 316.626 174.989 -66.1561 0.5
0 309.593 0.0929247 4.31002 0.5
0 310.242 39.5349 -79.649 0.5
0 260.888 198.087 -19.4665 0.5
0 320.207 114.165 -98.9917 0.5
0 163.048 172.293 69.092 0.5
0 223.866 121.85 97.5837 0.5
0 330.957 161.103 79.1606 0.5
0 212.252 198.167 19.0577 0.5
0 180.069 21.4685 61.9097 0.5
0 48.9104 19.4172 -59.215 0.5
0 227.9 77.7781 -97.4997 0.5
0 260.894 11.565 -46.6824 0.5
0 154.208 144.316 -89.6442 0.5
0 137.308 9.78627 43.1449 0.5
0 245.967 198.132 19.2367 0.5
0 72.8493 124.653 96.9135 0.5
0 122.786 3.0188 24.3854 0.5
0 304.688 128.685 -95.7975 0.5
0 280.54 87.9884 99.276 0.5
0 97.3135 53.1085 88.3243 0.5
0 173.447 123.485 97.2032 0.5
0 183.357 18.1398 57.4361 0.5
0 184.998 127.532 96.1353 0.5
0 59.2983 79.0801 97.7873 0.5
0 117.379 194.492 32.7307 0.5
0 323.735 30.5961 -71.9937 0.5
0 44.5286 56.4095 -89.9993 0.5
0 61.2108 51.0123 87.1792 0.5
0 58.0264 17.2592 56.1601 0.5
0 17.5719 57.3192 90.4342 0.5
0 308.038 199.158 12.9492 0.5
0 180.78 83.6232 -98.6499 0.5
0 300.548 89.7239 -99.4706 0.5
0 237.987 47.5214 -85.1234 0.5
0 259.44 1.215 -15.5411 0.5
0 58.4471 46.3676 84.4012 0.5
0 206.211 11.5109 -46.5798 0.5
0 251.867 122.482 -97.4401 0.5
0 164.429 4.39532 -29.3214 0.5
0 138.222 188.88 45.8288 0.5
0 294.628 59.8788 -91.5985 0.5
0 241.809 18.0941 57.3709 0.5
0 174.965 118.058 98.356 0.5
0 119.238 21.198 -61.5649 0.5
0 158.442 26.0445 -67.3096 0.5
0 276.52 0.98187 -13.9789 0.5
0 104.141 161.481 -78.8672 0.5
0 113.267 129.572 95.5275 0.5
0 233.193 64.1323 93.3462 0.5
0 28.1541 187.755 47.9491 0.5
0 71.5368 0.00683491 -1.16916 0.5
0 79.0491 194.741 32.0018 0.5
0 302.241 192.456 -38.1033 0.5
0 250.658 48.6026 -85.7806 0.5
0 178.817 12.673 48.7236 0.5
0 217.229 0.55387 -10.5103 0.5
0 241.377 0.22085 -6.64238 0.5
0 148.159 13.3644 -49.9426 0.5
0 185.339 89.0321 99.3967 0.5
0 118.533 172.931 68.4183 0.5
0 164.284 43.8555 82.7514 0.5
0 12.5266 156.226 82.6961 0.5
0 178.001 166.852 -74.3691 0.5
0 316.979 171.952 69.4469 0.5
0 319.74 15.9037 -54.1092 0.5
0 172.467 83.0596 -98.5547 0.5
0 169.567 6.36409 35.1044 0.5
0 252.597 104.566 99.8957 0.5
0 8.0615 0.887503 -13.2933 0.5
0 106.73 143.824 -89.8859 0.5
0 110.098 39.3292 -79.4924 0.5
0 176.808 190.012 -43.5634 0.5
0 36.9338 194.563 -32.5255 0.5
0 103.226 56.773 -90.1744 0.5
0 273.169 197.297 -23.0932 0.5
0 167.672 3.4744 26.1306 0.5
0 193.336 172.681 -68.6844 0.5
0 246.529 84.007 -98.7128 0.5
0 290.297 39.9209 -79.9406 0.5
0 227.643 14.1619 51.3013 0.5
0 235.505 170.997 -70.4235 0.5
0 6.2745 174.972 -66.176 0.5
0 214.334 197.327 22.9658 0.5
0 165.503 187.439 -48.5231 0.5
0 207.243 60.6106 91.9156 0.5
0 81.2629 47.0019 84.801 0.5
0 158.841 20.9811 -61.2863 0.5
0 38.6474 33.3266 -74.5296 0.5
0 182.214 121.472 97.6675 0.5
0 263.519 67.0034 94.3993 0.5
0 307.842 199.924 3.90078 0.5
0 173.962 179.917 60.1105 0.5
0 237.482 107.125 99.7458 0.5
0 226.017 14.4111 -51.7159 0.5
0 155.919 184.474 -53.5183 0.5
0 193.719 110.72 99.4237 0.5
0 77.3564 182.928 -55.884 0.5
0 28.6249 89.9167 99.4903 0.5
0 109.786 16.9358 -55.6806 0.5
0 318.894 0.644272 -11.3331 0.5
0 10.1783 55.2393 89.4231 0.5
0 241.825 96.0982 -99.9239 0.5
0 197.643 151.322 -85.8257 0.5
0 188.729 197.8 -20.8596 0.5
0 102.329 74.0359 -96.5705 0.5
0 300.754 31.517 -72.8703 0.5
0 230.211 28.1709 69.5743 0.5
0 50.3692 155.556 83.1477 0.5
0 52.0508 104.006 -99.9197 0.5
0 23.6165 43.9749 -82.8323 0.5
0 323.881 180.315 -59.578 0.5
0 20.3192 167.698 73.6001 0.5
0 113.723 191.689 39.9143 0.5
0 116.641 3.32246 -25.5627 0.5
0 101.814 56.8853 -90.2281 0.5
0 117.948 1.10591 14.831 0.5
0 294.348 199.918 -4.05035 0.5
0 24.3148 186.994 49.3157 0.5
0 322.442 147.87 -87.7978 0.5
0 29.2469 120.246 -97.929 0.5
0 299.11 0.148115 -5.44069 0.5
0 275.693 79.2309 97.8194 0.5
0 219.058 23.991 64.9817 0.5
0 22.0431 32.8391 -74.0906 0.5
0 287.739 58.6967 91.0716 0.5
0 114.693 117.245 -98.5017 0.5
0 160.243 187.147 49.0452 0.5
0 103.831 186.27 50.572 0.5
0 173.955 199 -14.1063 0.5
0 274.932 5.30435 32.1362 0.5
0 330.524 199.853 5.41334 0.5
0 217.201 74.424 96.674 0.5
0 110.222 3.0647 24.5672 0.5
0 196.712 7.92058 -39.0049 0.5
0 190.92 194.626 -32.3406 0.5
0 151.723 129.02 95.6967 0.5
0 16.9655 0.865352 -13.1271 0.5
0 188.16 139.756 -91.7577 0.5
0 175.877 197.392 -22.6879 0.5
0 23.2306 168.043 -73.2813 0.5
0 202.636 113.155 -99.1309 0.5
0 164.724 132.611 -94.533 0.5
0 98.4528 1.53531 -17.4558 0.5
0 59.3458 15.4893 -53.4597 0.5
0 199.769 68.5377 94.9217 0.5
0 133.577 7.80748 -38.7368 0.5
0 255.753 133.275 -94.3015 0.5
0 313.176 13.4089 -50.0198 0.5
0 280.917 66.1997 94.1145 0.5
0 304.046 83.1949 -98.5778 0.5
0 326.629 190.024 -43.5387 0.5
0 208.343 163.39 77.3414 0.5
0 179.405 3.56977 -26.4804 0.5
0 37.7091 35.9101 76.7625 0.5
0 107.731 102.924 99.9573 0.5
0 170.461 190.398 -42.7569 0.5
0 49.7621 179.808 -60.2548 0.5
0 41.6679 173.593 -67.7059 0.5
0 17.8996 166.598 74.5967 0.5
0 147.402 134.979 93.683 0.5
0 256.913 33.8393 74.9851 0.5
0 91.9376 195.843 28.5317 0.5
0 264.438 56.2746 89.9338 0.5
0 284.732 81.5014 98.2741 0.5
0 263.421 23.2773 64.1376 0.5
0 309.452 93.1729 99.7667 0.5
0 177.072 0.0178704 1.89044 0.5
0 40.1986 0.577915 10.7354 0.5
0 201.044 156.175 82.7308 0.5
0 216.27 130.659 95.1842 0.5
0 150.875 116.35 98.6543 0.5
0 126.307 3.31866 25.5484 0.5
0 34.6697 179.914 -60.1146 0.5
0 51.5847 52.345 -87.9148 0.5
0 208.233 60.9904 -92.0774 0.5
0 152.557 87.0499 -99.1579 0.5
0 251.051 138.203 -92.415 0.5
0 305.559 131.104 -95.0398 0.5
0 134.923 124.953 -96.8366 0.5
0 324.68 3.246 -25.2718 0.5
0 141.966 0.362928 8.51199 0.5
0 196.751 1.98043 19.8031 0.5
0 152.918 193.828 -34.5873 0.5
0 186.77 198.224 -18.7623 0.5
0 331.777 103.283 99.9461 0.5
0 241.857 68.7894 -95.0047 0.5
0 109.85 152.282 85.2442 0.5
0 90.8511 74.7566 96.7614 0.5
0 231.312 36.0931 -76.915 0.5
0 78.7109 8.69206 40.7782 0.5
0 253.98 101.439 -99.9896 0.5
0 112.411 9.47125 -42.48 0.5
0 332.393 148.696 -87.3427 0.5
0 137.861 135.933 -93.3211 0.5
0 223.426 4.93832 31.0367 0.5
0 122.344 27.8478 69.2391 0.5
0 127.704 138.626 -92.2388 0.5
0 245.515 49.5003 86.3121 0.5
0 139.284 78.128 97.5788 0.5
0 231.726 0.142917 -5.34443 0.5
0 79.871 80.5311 98.0865 0.5
0 300.442 9.83668 -43.2502 0.5
0 235.671 9.98373 -43.5554 0.5
0 190.984 0.608788 -11.0176 0.5
0 290.531 94.3743 -99.8416 0.5
0 263.741 197.465 -22.3723 0.5
0 270.579 139.104 92.0372 0.5
0 104.116 11.6913 46.9208 0.5
0 213.276 74.2281 -96.622 0.5
0 332.081 3.03345 -24.4436 0.5
0 11.3968 49.3524 -86.2254 0.5
0 22.4642 41.9466 81.4236 0.5
0 87.3 178.014 62.5602 0.5
0 59.1462 1.4383 16.8995 0.5
0 292.783 116.491 -98.6308 0.5
0 95.8953 109.19 99.5768 0.5
0 270.907 18.241 -57.5801 0.5
0 263.629 75.9186 -97.0571 0.5
0 29.3615 118.735 -98.2294 0.5
0 296.277 0.992847 14.0564 0.5
0 155.143 79.6156 -97.9003 0.5
0 312.497 3.27831 25.3952 0.5
0 328.405 36.3762 77.1493 0.5
0 86.3351 77.936 -97.5355 0.5
0 18.6141 34.0804 75.1971 0.5
0 155.047 199.995 -1.01532 0.5
0 198.676 151.926 -85.4614 0.5
0 225.026 110.551 -99.4418 0.5
0 177.325 4.399 29.3334 0.5
0 84.0638 199.9 -4.47295 0.5
0 272.734 5.57783 32.931 0.5
0 29.723 44.3148 -83.0612 0.5
0 14.0318 200 -0.237233 0.5
0 288.223 55.2784 89.4426 0.5
0 221.13 170.359 -71.0606 0.5
0 58.561 189.539 -44.5285 0.5
0 257.078 21.3111 -61.7095 0.5
0 125.286 0.400746 8.94364 0.5
0 164.377 126.942 96.3023 0.5
0 5.11707 1.71029 18.4156 0.5
0 144.271 153.644 -84.3938 0.5
0 251.66 18.6376 58.1391 0.5
0 63.2357 35.1566 -76.1271 0.5
0 92.6566 77.7173 97.4858 0.5
0 61.235 83.6468 -98.6538 0.5
0 42.5937 25.0851 66.2401 0.5
0 294.366 8.70159 -40.7995 0.5
0 209.825 1.18542 -15.3519 0.5
0 197.101 47.9872 -85.4088 0.5
0 1.37337 179.432 60.75 0.5
0 195.58 46.9977 -84.7983 0.5
0 256.653 87.4478 -99.2091 0.5
0 67.9662 183.287 55.3468 0.5
0 302.358 185.125 -52.4759 0.5
0 84.2475 177.524 -63.167 0.5
0 320.208 188.377 -46.7922 0.5
0 193.193 194.745 -31.9902 0.5
0 297.339 72.6582 96.1895 0.5
0 223.608 11.4681 -46.4984 0.5
0 230.606 19.7774 -59.702 0.5
0 181.167 137.45 -92.7227 0.5
0 316.557 133.685 -94.1559 0.5
0 267.373 197.786 20.9264 0.5
0 311.681 163.971 -76.8615 0.5
0 73.3758 179.003 -61.3067 0.5
0 214.394 155.604 -83.1157 0.5
0 169.868 0.888612 13.3016 0.5
0 19.7137 136.035 -93.2816 0.5
0 257.812 112.77 99.1813 0.5
0 183.195 42.2616 -81.6473 0.5
0 213.977 181.889 -57.3953 0.5
0 314.274 12.057 -47.6028 0.5
0 282.044 10.7832 -45.1703 0.5
0 79.3304 40.1341 80.1004 0.5
0 192.237 198.787 -15.5256 0.5
0 62.203 6.79921 36.2438 0.5
0 9.22545 2.0245 -20.02 0.5
0 116.071 183.608 54.86 0.5
0 142.16 185.68 51.5653 0.5
0 273.233 100.08 -100 0.5
0 176.101 98.8584 -99.9935 0.5
0 69.1296 183.018 55.749 0.5
0 260.138 3.89588 -27.6405 0.5
0 177.517 45.6732 83.956 0.5
0 301.383 199.329 11.5688 0.5
0 62.32 197.851 -20.6223 0.5
0 145.65 0.0329362 -2.56635 0.5
0 300.259 190.584 42.3627 0.5
0 3.71214 104.462 -99.9004 0.5
0 246.737 141.123 91.153 0.5
0 159.249 104.985 -99.8757 0.5
0 125.348 118.54 -98.2664 0.5
0 113.802 27.9246 -69.3191 0.5
0 47.9878 199.904 4.37849 0.5
0 141.737 17.5653 -56.6085 0.5
0 314.854 74.246 -96.6268 0.5
0 320.34 170.772 -70.6489 0.5
0 180.38 1.73152 18.5285 0.5
0 46.2122 11.608 46.7638 0.5
0 215.449 22.5773 63.2908 0.5
0 324.818 175.137 65.988 0.5
0 184.592 199.116 13.265 0.5
0 163.415 194.768 -31.9215 0.5
0 21.6426 1.79843 18.8799 0.5
0 243.613 32.3173 -73.6142 0.5
0 150.309 89.6257 99.4604 0.5
0 290.915 197.901 -20.3814 0.5
0 129.255 22.9259 63.7149 0.5
0 314.647 87.1083 99.1655 0.5
0 160.52 130.984 95.0789 0.5
0 118.932 53.2908 -88.4209 0.5
0 137.103 6.97976 -36.7047 0.5
0 3.53192 23.7252 -64.6695 0.5
0 176.273 21.9791 -62.5519 0.5
0 190.28 74.9731 -96.8176 0.5
0 284.239 166.703 74.5033 0.5
0 21.3626 62.6315 92.7556 0.5
0 45.7591 47.6538 -85.2049 0.5
0 111.341 85.7557 98.9803 0.5
0 267.357 53.4961 88.529 0.5
0 69.7515 67.2826 -94.4964 0.5
0 140.371 117.072 -98.532 0.5
0 37.3805 143.767 89.9134 0.5
0 147.475 10.6069 44.8205 0.5
0 289.983 145.349 89.1263 0.5
0 223.693 3.13386 -24.8385 0.5
0 250.693 25.4987 -66.705 0.5
0 174.669 100.56 99.9984 0.5
0 271.689 195.311 30.2623 0.5
0 150.668 159.954 -80.0346 0.5
0 153.473 6.33832 35.0356 0.5
0 69.6988 144.57 -89.5181 0.5
0 209.581 192.543 37.8927 0.5
0 220.546 90.7591 99.5721 0.5
0 239.943 11.3726 -46.3162 0.5
0 275.015 151.779 -85.551 0.5
0 220.368 167.725 73.5749 0.5
0 100.682 57.7981 -90.6587 0.5
0 310.913 114.255 -98.9788 0.5
0 154.543 26.8135 68.145 0.5
0 40.8109 156.006 -82.8454 0.5
0 69.5378 187.357 -48.6705 0.5
0 94.1251 189.529 44.5476 0.5
0 238.353 35.5658 76.4737 0.5
0 133.83 31.2163 72.5865 0.5
0 109.776 44.8249 83.4009 0.5
0 174.469 0.365499 8.54203 0.5
0 179.52 0.978002 13.9515 0.5
0 79.5309 171.204 -70.2141 0.5
0 216.799 199.693 -7.83463 0.5
0 15.3831 116.885 -98.5642 0.5
0 138.004 181.144 -58.4442 0.5
0 57.8415 0.0156332 1.76816 0.5
0 206.875 90.4861 99.5464 0.5
0 69.6958 3.8257 -27.3953 0.5
0 241.658 27.3238 68.6889 0.5
0 25.6765 163.026 -77.6386 0.5
0 238.773 34.3762 -75.4554 0.5
0 320.167 199.398 10.9555 0.5
0 325.533 186.763 -49.7202 0.5
0 124.676 9.46572 -42.4682 0.5
0 7.29317 66.9095 94.3664 0.5
0 331.367 124.453 -96.9642 0.5
0 22.4182 171.964 -69.4352 0.5
0 119.069 193.777 34.7251 0.5
0 297.894 136.672 93.0332 0.5
0 268.44 184.702 -53.1569 0.5
0 283.681 0.0798085 -3.99441 0.5
0 151.746 34.4659 75.5333 0.5
0 209.591 108.672 -99.6232 0.5
0 177.121 183.318 55.3001 0.5
0 189.947 36.6427 -77.3683 0.5
0 240.94 164.587 76.3447 0.5
0 106.632 22.5558 -63.2645 0.5
0 252.28 168.389 -72.9586 0.5
0 64.8152 145.358 89.1215 0.5
0 3.85584 9.66497 -42.8904 0.5
0 85.594 126.335 96.4701 0.5
0 161.758 199.532 9.66791 0.5
0 279.587 86.0753 -99.0258 0.5
0 184.144 126.314 -96.4758 0.5
0 237.194 15.5226 -53.5123 0.5
0 265.639 6.41905 35.2506 0.5
0 323.426 0.288166 -7.58619 0.5
0 226.354 2.56476 22.5028 0.5
0 203.535 73.149 96.3277 0.5
0 78.3014 13.3615 49.9377 0.5
0 122.462 0.825709 -12.8242 0.5
0 79.1419 199.9 -4.46822 0.5
0 65.9135 0.0178271 1.88815 0.5
0 318.92 177.691 -62.9614 0.5
0 102.171 2.12598 20.5104 0.5
0 80.6255 7.78039 38.6723 0.5
0 328.851 53.6501 -88.6097 0.5
0 327.367 105.172 -99.8662 0.5
0 184.801 167.026 -74.2125 0.5
0 209.559 9.81157 -43.1978 0.5
0 92.284 58.823 91.1288 0.5
0 146.931 195.159 30.7372 0.5
0 122.022 199.363 11.2677 0.5
0 214.885 196.936 24.5662 0.5
0 262.069 184.197 53.9526 0.5
0 50.1428 138.402 92.3323 0.5
0 54.0025 143.32 90.1299 0.5
0 60.1199 150.138 -86.5225 0.5
0 285.09 28.7421 70.1591 0.5
0 316.76 4.39656 29.3255 0.5
0 250.381 121.012 97.7675 0.5
0 169.379 0.890091 -13.3126 0.5
0 249.141 129.315 -95.6065 0.5
0 76.7541 51.7539 87.5917 0.5
0 202.522 30.6758 72.0705 0.5
0 115.828 170.036 71.3787 0.5
0 111.715 155.522 83.1704 0.5
0 261.529 67.2721 94.4928 0.5
0 158.003 21.6656 -62.1589 0.5
0 96.2873 73.4205 -96.403 0.5
0 272.681 34.675 75.7142 0.5
0 106.597 178.398 62.0792 0.5
1 462.487 -86.7175 92.9097 0.5
1 482.376 -247.834 44.2329 0.5
1 408.476 -97.8369 73.6118 0.5
1 340.432 28.5389 80.6191 0.5
1 458.793 -104.293 99.1501 0.5
1 435.818 4.76846 -56.8378 0.5
1 490.281 -227.851 82.8425 0.5
1 483.687 -252.152 39.8154 0.5
1 407.854 -119.076 -43.5861 0.5
1 442.2 3.00776 40.1844 0.5
1 347.4 60.8712 -98.9041 0.5
1 363.82 -38.4192 -51.672 0.5
1 489.728 -105.275 75.4687 0.5
1 376.962 0.486767 97.0907 0.5
1 474.267 -136.479 -99.7088 0.5
1 428.765 -7.4734 -81.5897 0.5
1 486.716 -65.7039 2.70412 0.5
1 421.814 -28.431 -96.8703 0.5
1 353.577 -33.1455 19.4853 0.5
1 343.198 146.105 77.504 0.5
1 408.745 -130.258 8.45593 0.5
1 480.717 -174.448 98.1451 0.5
1 383.689 -22.5703 93.5425 0.5
1 421.443 41.0795 34.9617 0.5
1 398.078 40.6225 -84.9475 0.5
1 343.037 2.24952 -58.7216 0.5
1 495.705 -204.044 97.3645 0.5
1 399.056 62.2709 64.8686 0.5
1 480.585 -187.556 -94.5683 0.5
1 418.609 -33.0181 98.916 0.5
1 478.234 -87.2916 77.0996 0.5
1 464.96 -80.5424 -88.0296 0.5
1 377.601 63.9102 -91.3943 0.5
1 353.994 18.1161 -88.7408 0.5
1 496.961 -194.55 -99.3776 0.5
1 445.795 -64.9062 95.4307 0.5
1 466.93 -36.8151 -32.471 0.5
1 490.915 -272.631 -7.84219 0.5
1 370.03 123.94 48.4098 0.5
1 447.728 -80.1704 -98.3728 0.5
1 442.455 -166.184 63.5879 0.5
1 371.412 101.273 -74.0305 0.5
1 497.24 -170.78 -99.1363 0.5
1 387.725 79.2479 67.8524 0.5
1 489.556 -74.0383 -26.0495 0.5
1 480.037 -242.457 46.8262 0.5
1 349.12 64.6971 99.6827 0.5
1 483.435 -85.079 -66.2511 0.5
1 359.421 -44.6095 10.7195 0.5
1 367.63 139.554 14.4015 0.5
1 343.543 147.595 -75.7551 0.5
1 467.615 -75.0833 81.816 0.5
1 474.192 -237.977 34.1084 0.5
1 367.671 95.9225 -83.2538 0.5
1 363.923 -13.7988 -79.3819 0.5
1 467.406 -96.9877 -93.5878 0.5
1 344.793 -9.30978 44.6864 0.5
1 392.054 -3.15269 99.9895 0.5
1 445.945 -130.929 -93.342 0.5
1 444.483 -140.542 87.7135 0.5
1 489.591 -73.2449 -22.6501 0.5
1 441.912 -25.1464 -77.7272 0.5
1 418.837 -138.989 -41.6963 0.5
1 496.891 -255.431 69.2501 0.5
1 405.157 4.78527 95.6458 0.5
1 376.188 -73.0609 -15.2257 0.5
1 453.176 -64.3364 -90.1697 0.5
1 334.573 142.628 -89.4157 0.5
1 462.798 -26.2754 -20.0721 0.5
1 407.667 -39.9523 99.3706 0.5
1 479.639 -54.4881 14.6525 0.5
1 369.255 -62.1953 2.16814 0.5
1 352.562 148.935 -56.8917 0.5
1 367.151 56.4505 98.8648 0.5
1 459.682 -192.9 -67.1968 0.5
1 337.301 -6.82153 -3.16561 0.5
1 367.772 111.28 -70.4918 0.5
1 396.782 -98.7493 -45.882 0.5
1 392.024 -66.6794 -75.9731 0.5
1 462.548 -191.859 73.2713 0.5
1 350.513 70.395 99.9999 0.5
1 376.955 9.14967 98.8234 0.5
1 350.649 -2.43391 -68.9361 0.5
1 454.342 -49.3227 -79.7962 0.5
1 460.588 -99.0435 97.6903 0.5
1 464.252 -132.879 -99.8125 0.5
1 371.938 133.13 1.00497 0.5
1 414.404 -139.371 14.4346 0.5
1 362.869 3.30338 89.0294 0.5
1 459.933 -183.76 76.4326 0.5
1 473.971 -239.67 -27.7325 0.5
1 375.453 71.1955 -89.7268 0.5
1 463.685 -191.733 75.1642 0.5
1 398.908 -89.6048 64.961 0.5
1 370.804 108.608 67.7971 0.5
1 475.44 -238.861 37.4431 0.5
1 369.102 -45.4652 55.0073 0.5
1 448.873 -163.046 -77.721 0.5
1 449.297 -168.159 -73.9607 0.5
1 470.356 -230.561 -36.1667 0.5
1 346.843 150.218 67.68 0.5
1 364.337 -43.4959 -44.0064 0.5
1 477.297 -51.2449 19.3654 0.5
1 406.456 -122.831 -27.379 0.5
1 414.072 31.8477 69.7166 0.5
1 439.953 -183.638 -14.3261 0.5
1 417.477 50.7737 26.1692 0.5
1 399.926 -14.2535 99.9941 0.5
1 441.09 -169.663 -55.7424 0.5
1 452.514 -204.25 20.7496 0.5
1 467.51 -151.634 -98.1331 0.5
1 362.936 134.263 51.802 0.5
1 361.95 28.1819 97.4925 0.5
1 365.785 140.949 -23.6732 0.5
1 443.97 1.28937 -36.9617 0.5
1 452.386 -204.819 16.5932 0.5
1 340.485 -11.9474 9.37423 0.5
1 340.23 110.27 97.5014 0.5
1 348.934 108.247 93.5745 0.5
1 335.377 160.554 -76.7589 0.5
1 437.126 -14.9026 -76.1026 0.5
1 380.175 -76.252 30.8585 0.5
1 359.08 33.221 97.5081 0.5
1 450.816 -176.83 -67.9744 0.5
1 360.317 -27.1427 -59.4544 0.5
1 358.304 -28.8068 51.7703 0.5
1 337.983 3.20176 -46.0916 0.5
1 434.723 9.59155 -52.3472 0.5
1 450.781 -185.852 56.6216 0.5
1 430.262 -165.923 -19.7158 0.5
1 377.042 -70.8129 30.8944 0.5
1 360.293 0.321065 84.8102 0.5
1 416.731 -144.16 7.60032 0.5
1 379.816 116.655 -23.6419 0.5
1 448.818 -32.4322 73.6968 0.5
1 405.278 22.171 88.3821 0.5
1 401.642 14.6125 94.4236 0.5
1 345.403 -13.6268 -37.4521 0.5
1 471.64 -201.295 -78.6649 0.5
1 430.779 -168.212 -10.6565 0.5
1 462.619 -39.6281 53.7904 0.5
1 415.835 50.2275 36.4386 0.5
1 441.932 -59.4469 -95.8074 0.5
1 339.243 -2.96011 -37.4465 0.5
1 446.213 -191.811 -26.955 0.5
1 384.461 -50.3419 -78.6288 0.5
1 350.603 -26.8752 24.4559 0.5
1 480.594 -165.13 -99.492 0.5
1 365.027 -19.9666 75.932 0.5
1 347.854 -17.8703 37.4562 0.5
1 494.696 -80.4396 -13.764 0.5
1 494.56 -126.912 -85.2085 0.5
1 491.617 -134.306 91.717 0.5
1 474.553 -140.23 99.9045 0.5
1 393.407 -102.709 16.3284 0.5
1 441.701 -184.917 23.4233 0.5
1 474.051 -242.328 -16.6813 0.5
1 399.824 84.5153 -7.98115 0.5
1 336.985 -4.62165 18.3812 0.5
1 414.83 46.6481 -47.858 0.5
1 476.88 -55.2522 -35.7841 0.5
1 453.61 -206.982 16.3345 0.5
1 470.85 -226.658 -46.6114 0.5
1 481.722 -195.814 -92.167 0.5
1 388.637 55.8051 -85.6628 0.5
1 435.55 -121.454 -89.598 0.5
1 483.115 -225.578 74.9953 0.5
1 389.923 -97.7504 7.28175 0.5
1 383.906 -68.0283 59.4182 0.5
1 482.588 -258.316 -6.34112 0.5
1 427.718 -142.719 -61.0005 0.5
1 454.302 -32.3773 -63.6276 0.5
1 361.908 53.7934 99.946 0.5
1 427.739 17.3527 -58.8255 0.5
1 384.737 -85.4809 -26.4199 0.5
1 486.731 -65.7422 -3.15147 0.5
1 408.805 49.1358 -60.1908 0.5
1 355.489 -38.0239 8.37096 0.5
1 485.962 -78.5842 -51.4057 0.5
1 376.098 79.5875 -84.3846 0.5
1 384.689 -21.7415 -94.4709 0.5
1 374.089 -57.3389 49.7483 0.5
1 461.394 -35.0854 49.7927 0.5
1 456.327 -212.145 -13.2831 0.5
1 341.037 178.886 38.6486 0.5
1 339.3 26.6729 -77.6652 0.5
1 470.775 -110.878 -96.2358 0.5
1 471.821 -136.173 -99.9317 0.5
1 461.289 -21.6293 0.876794 0.5
1 419.023 21.0726 71.9097 0.5
1 471.533 -231.216 -39.5475 0.5
1 356.811 142.541 55.4688 0.5
1 358.166 15.2896 90.8915 0.5
1 433.029 6.54851 61.0179 0.5
1 407.254 -55.0745 -96.2747 0.5
1 392.398 96.0231 18.2218 0.5
1 484.924 -142.123 97.8888 0.5
1 349.052 161.732 45.6792 0.5
1 417.577 23.1549 -72.315 0.5
1 379.058 -75.6104 26.5454 0.5
1 430.806 -26.2152 90.4662 0.5
1 408.928 -24.1867 -99.7721 0.5
1 342.368 159.044 66.4914 0.5
1 336.405 -0.577151 -30.4324 0.5
1 469.253 -104.184 94.9963 0.5
1 381.335 -82.9827 -5.63806 0.5
1 419.584 -103.864 83.861 0.5
1 427.557 -90.3107 96.2551 0.5
1 409.543 -110.045 62.5201 0.5
1 420.715 -32.073 98.1246 0.5
1 353.688 63.5022 99.9923 0.5
1 449.779 -111.89 99.4784 0.5
1 346.378 62.5104 98.8844 0.5
1 466.5 -226.584 -28.2296 0.5
1 378.874 101.321 -59.7327 0.5
1 434.979 -175.8 7.15487 0.5
1 372.431 -0.592439 -94.4425 0.5
1 366.138 92.3717 -87.0643 0.5
1 433.286 -30.7729 -90.5894 0.5
1 479.466 -53.1497 2.87225 0.5
1 368.804 133.213 -32.2698 0.5
1 440.763 -58.8178 96.2141 0.5
1 449.915 -185.433 -55.0139 0.5
1 470.407 -163.745 96.4727 0.5
1 412.692 -64.6936 -96.2185 0.5
1 453.825 -82.5969 96.5336 0.5
1 462.87 -172.037 -87.9053 0.5
1 461.811 -131.667 99.5817 0.5
1 479.828 -128.685 -96.8113 0.5
1 342.58 93.8956 99.5076 0.5
1 406.711 -12.5429 -98.9357 0.5
1 472.495 -42.8332 18.8751 0.5
1 409.972 -105.133 68.9896 0.5
1 349.196 -9.70262 56.9082 0.5
1 437.389 -43.8414 93.1446 0.5
1 442.244 1.4885 -43.3256 0.5
1 381.638 42.5876 -96.4924 0.5
1 479.063 -111.996 -91.469 0.5
1 378.951 80.9833 -80.0035 0.5
1 341.044 146.18 -80.3459 0.5
1 403.328 68.7104 -43.7044 0.5
1 497.758 -273.271 46.5976 0.5
1 418.426 -144.516 -23.7831 0.5
1 444.015 -141.754 86.5756 0.5
1 454.294 -205.555 -27.8464 0.5
1 447.095 2.29153 -11.5315 0.5
1 438.497 -40.1139 90.7362 0.5
1 420.205 -136.318 51.2773 0.5
1 495.916 -224.299 -90.4267 0.5
1 438.562 -174.035 -39.7187 0.5
1 394.236 53.887 -80.4666 0.5
1 447.572 -100.151 -99.9739 0.5
1 463.523 -175.413 -86.6498 0.5
1 391.886 36.9939 92.3291 0.5
1 350.126 -28.9109 5.90705 0.5
1 338.927 79.524 -99.4164 0.5
1 379.692 -66.1334 51.3014 0.5
1 450.86 -93.3884 99.4812 0.5
1 357.361 156.445 19.5899 0.5
1 411.338 14.1753 -87.0119 0.5
1 346.673 -11.625 -46.5213 0.5
1 437.912 -28.7833 -85.2006 0.5
1 488.938 -70.1755 -11.4775 0.5
1 357.526 -4.11162 -78.2951 0.5
1 489.63 -152.739 98.3713 0.5
1 430.324 -86.8511 -98.2056 0.5
1 499.679 -287.558 10.5841 0.5
1 499.296 -95.5974 39.5208 0.5
1 358.21 132.31 -65.6901 0.5
1 430.188 -66.3405 99.99 0.5
1 373.942 111.875 56.9313 0.5
1 471.571 -215.896 64.4488 0.5
1 400.88 -80.7408 77.0484 0.5
1 348.381 22.2507 85.6069 0.5
1 341.351 87.221 -99.9939 0.5
1 344.097 161.353 -60.0057 0.5
1 420.169 -57.9112 -99.7178 0.5
1 464.679 -226.683 -12.7294 0.5
1 408.015 26.0695 -83.2373 0.5
1 392.277 -91.6648 44.4646 0.5
1 413.341 -107.261 -72.681 0.5
1 335.836 76.3101 98.1089 0.5
1 404.697 -88.2094 76.3306 0.5
1 346.726 80.091 99.9459 0.5
1 490.87 -260.493 48.1743 0.5
1 423.208 -153.738 -19.5507 0.5
1 469.227 -76.822 81.0651 0.5
1 333.706 43.833 83.1707 0.5
1 456.751 -77.9143 -93.3527 0.5
1 489.621 -112.81 -81.5411 0.5
1 493.435 -211.425 93.9988 0.5
1 442.162 11.407 -4.39416 0.5
1 464.513 -210.376 -55.528 0.5
1 400.173 -21.545 99.8331 0.5
1 379.253 -58.3741 61.5188 0.5
1 420.253 -24.192 -96.4639 0.5
1 367.94 -24.8896 76.0363 0.5
1 409.329 9.35486 -91.2158 0.5
1 465.512 -122 99.7589 0.5
1 348.366 168.376 32.9546 0.5
1 407.994 55.1444 -53.5393 0.5
1 470.509 -231.397 -34.6608 0.5
1 445.553 -3.49255 -41.7298 0.5
1 442.632 -9.74308 -60.5722 0.5
1 399.31 -2.05357 99.2504 0.5
1 334.681 144.735 88.2299 0.5
1 403.363 51.971 -68.0601 0.5
1 445.566 -193.306 -14.7066 0.5
1 454.322 -35.064 -66.7122 0.5
1 367.668 87.2311 -88.4254 0.5
1 476.488 -126.507 97.6739 0.5
1 340.582 -3.11976 42.4048 0.5
1 333.42 13.3841 -50.2349 0.5
1 432.6 -124.771 -84.9017 0.5
1 443.35 -22.6391 -73.4001 0.5
1 394.904 30.4812 -92.8536 0.5
1 462.032 -216.034 36.4498 0.5
1 397.526 87.4425 -16.5115 0.5
1 341.221 -11.3482 -21.3834 0.5
1 394.382 -105.41 -8.10997 0.5
1 477.535 -56.9476 37.2136 0.5
1 418.671 -135.537 -47.9989 0.5
1 342.198 29.1413 83.1821 0.5
1 373.117 -66.0932 -23.554 0.5
1 400.408 75.4131 40.1391 0.5
1 383.818 -52.9613 75.5458 0.5
1 403.648 14.6536 93.1235 0.5
1 487.529 -180.859 -99.0454 0.5
1 454.515 -30.7238 61.0931 0.5
1 415.784 -21.5216 -97.7081 0.5
1 337.817 47.519 89.4459 0.5
1 418.056 -129.124 -56.689 0.5
1 494.944 -246.165 -74.9094 0.5
1 413.439 -126.962 47.0955 0.5
1 395.15 86.9788 -33.9837 0.5
1 439.639 -181.789 -21.5014 0.5
1 485.294 -207.582 -89.6136 0.5
1 401.278 9.87589 -96.1272 0.5
1 387.053 73.0075 -75.0809 0.5
1 355.598 161.095 -8.25866 0.5
1 358.457 155.925 -10.5646 0.5
1 387.123 -0.549608 -99.7271 0.5
1 369.152 125.399 -48.5218 0.5
1 370.702 114.414 -61.1319 0.5
1 408.228 -120.402 42.1536 0.5
1 487.882 -267.617 3.72937 0.5
1 475.962 -196.993 86.6298 0.5
1 468.644 -120.263 -99.0007 0.5
1 419.967 -115.645 75.4829 0.5
1 405.999 70.4471 26.9221 0.5
1 387.693 -89.1758 31.1575 0.5
1 456.956 -213.749 -8.60973 0.5
1 354.148 150.677 49.7818 0.5
1 483.155 -92.0644 73.8416 0.5
1 449.058 -156.268 -82.9658 0.5
1 348.326 -8.73482 56.1208 0.5
1 477.572 -238.262 -46.6841 0.5
1 385.89 -39.0363 -87.724 0.5
1 452.642 -6.64789 0.0911666 0.5
1 463.724 -122.205 -99.9338 0.5
1 380.301 118.55 -4.46112 0.5
1 477.282 -103.56 88.9128 0.5
1 468.86 -66.6293 73.2192 0.5
1 467.362 -140.752 -99.6289 0.5
1 359.15 -13.8053 72.2955 0.5
1 417.803 -42.4392 99.9252 0.5
1 490.006 -102.701 72.7002 0.5
1 414.948 -131.921 42.4113 0.5
1 399.2 44.0321 81.3792 0.5
1 489.315 -210.786 91.3794 0.5
1 352.226 -31.9661 12.2855 0.5
1 431.202 -43.6812 -96.6057 0.5
1 464.885 -40.7033 -49.0389 0.5
1 379.769 115.613 27.8518 0.5
1 462.572 -223.812 -2.70528 0.5
1 412.79 55.0635 37.5404 0.5
1 405.875 -39.0502 -99.0975 0.5
1 449.774 -16.7842 52.8456 0.5
1 389.711 -97.4314 -6.60034 0.5
1 381.473 -70.4908 -49.1104 0.5
1 475.523 -186.895 -91.3808 0.5
1 427.391 22.2331 52.4437 0.5
1 364.244 -23.4022 -71.5477 0.5
1 429.394 -57.3691 99.593 0.5
1 383.793 -30.375 -90.2943 0.5
1 457.76 -33.3421 56.9896 0.5
1 497.469 -210.83 -96.4144 0.5
1 427.368 -132.16 -72.1053 0.5
1 391.382 69.0351 -71.8255 0.5
1 414.406 -26.3306 -99.0021 0.5
1 436.546 -177.897 -13.1814 0.5
1 492.168 -200.175 -96.8078 0.5
1 482.947 -78.9425 59.7372 0.5
1 459.272 -213.333 30.611 0.5
1 380.417 50.6405 -94.6766 0.5
1 437.041 -117.803 92.4264 0.5
1 373.116 51.4672 -97.9026 0.5
1 343.026 6.11 -63.6821 0.5
1 457.731 -160.547 -89.2602 0.5
1 435.516 -132.34 -83.2818 0.5
1 429.337 -91.3796 -96.7998 0.5
1 338.22 113.612 -97.5329 0.5
1 463.59 -212.164 -50.0874 0.5
1 427.476 -163.039 -2.05486 0.5
1 358.264 102.956 -88.7207 0.5
1 431.334 -29.3921 91.4979 0.5
1 369.936 58.7924 -97.5069 0.5
1 344.521 28.2472 -85.1867 0.5
1 383.273 93.3991 60.1377 0.5
1 357.392 92.6915 -93.911 0.5
1 334.251 175.336 63.8945 0.5
1 408.11 -26.8937 99.9656 0.5
1 416.669 -142.702 -18.0335 0.5
1 333.671 35.4419 76.8604 0.5
1 439.84 -184.458 1.83823 0.5
1 355.407 62.4273 -99.9978 0.5
1 395.386 -73.2603 75.3183 0.5
1 399.675 77.74 37.6376 0.5
1 476.637 -214.662 74.7264 0.5
1 461.483 -216.735 31.9074 0.5
1 441.51 -146.655 80.5293 0.5
1 499.581 -89.0273 14.6397 0.5
1 420.625 6.27178 -81.8399 0.5
1 347.403 174.051 -17.7101 0.5
1 487.184 -66.5946 -4.85627 0.5
1 352.421 -32.6531 9.02583 0.5
1 364.814 137.101 40.0567 0.5
1 479.431 -134.974 -98.3531 0.5
1 407.933 -63.8345 93.8148 0.5
1 424.037 -70.8326 -99.053 0.5
1 361.071 151.843 -4.78755 0.5
1 364.781 -53.4232 14.4215 0.5
1 492.748 -92.5655 54.9508 0.5
1 352.358 84.0186 -98.5494 0.5
1 379.916 118.99 -8.07544 0.5
1 394.052 90.0767 30.4729 0.5
1 457.132 -79.7581 93.7987 0.5
1 380.473 -39.5315 81.5442 0.5
1 343.756 128.056 -88.7352 0.5
1 413.828 35.7036 -66.0018 0.5
1 477.757 -234.899 53.0798 0.5
1 408.209 -43.8749 -98.9886 0.5
1 435.658 -136.517 80.5301 0.5
1 376.968 124.068 8.41345 0.5
1 473.849 -199.649 -82.6662 0.5
1 463.163 -192.112 74.0188 0.5
1 465.53 -38.169 -41.8937 0.5
1 443.859 -187.251 -28.6267 0.5
1 380.386 -69.5004 47.4914 0.5
1 388.062 -14.154 -98.1079 0.5
1 358.675 5.89445 86.4792 0.5
1 360.977 -47.8799 0.263896 0.5
1 350.001 -8.48213 -60.5127 0.5
1 370.498 117.8 56.9908 0.5
1 473.806 -47.0225 27.0104 0.5
1 378.443 -44.7624 -74.5685 0.5
1 418.623 47.0185 31.9921 0.5
1 428.593 16.6818 57.697 0.5
1 429.934 -121.047 84.3391 0.5
1 457.657 -208.437 -36.4979 0.5
1 391.119 32.1505 -94.6612 0.5
1 489.553 -135.794 93.7544 0.5
1 494.228 -263.936 52.2591 0.5
1 498.394 -142.891 90.2815 0.5
1 358.983 57.0394 99.9893 0.5
1 461.525 -52.2554 -71.63 0.5
1 415.094 -90.1596 -87.4255 0.5
1 369.341 -46.9565 -53.3351 0.5
1 467.449 -203.711 69.9982 0.5
1 461.901 -221.555 -14.9958 0.5
1 362.892 141.379 -37.8117 0.5
1 452.038 -181.534 65.0722 0.5
1 444.357 -138.827 -88.5163 0.5
1 426.54 -161.399 -2.79418 0.5
1 427.693 -146.863 -55.1363 0.5
1 346.242 167.637 -43.5996 0.5
1 357.441 1.97129 -82.6644 0.5
1 418.763 -125.107 63.6374 0.5
1 365.44 143.916 9.7272 0.5
1 438.19 17.9459 9.34476 0.5
1 388.86 100.224 26.5953 0.5
1 377.534 95.6726 -69.1574 0.5
1 338.665 179.002 47.0553 0.5
1 432.447 -11.064 79.5424 0.5
1 499.955 -280.199 40.1115 0.5
1 493.52 -77.5238 -3.7894 0.5
1 457.181 -95.5487 98.1859 0.5
1 454.903 -85.5436 -96.8189 0.5
1 346.842 124.117 -87.9908 0.5
1 465.799 -39.4703 43.656 0.5
1 479.53 -82.7912 70.9906 0.5
1 401.093 -82.1799 -76.1505 0.5
1 433.468 -167.899 -32.8241 0.5
1 361.083 102.4 86.3326 0.5
1 352.878 165.767 -8.70304 0.5
1 490.541 -246.145 -67.4221 0.5
1 441.888 -172.677 53.2305 0.5
1 414.224 -9.18747 -95.0998 0.5
1 459.727 -83.2396 -93.4177 0.5
1 366.176 13.0734 -95.3806 0.5
1 403.812 42.1948 -76.6142 0.5
1 453.557 -154.668 -88.5649 0.5
1 353.561 153.486 46.5182 0.5
1 391.945 59.0747 -79.5523 0.5
1 492.678 -78.6234 -22.7819 0.5
1 389.609 -12.6761 98.8376 0.5
1 389.983 -74.9172 64.0477 0.5
1 387.984 45.4912 -91.5866 0.5
1 396.948 67.1554 -63.3926 0.5
1 421.219 42.9826 30.5925 0.5
1 492.149 -75.3196 6.95484 0.5
1 484.42 -227.786 -75.0414 0.5
1 379.299 11.078 -99.5659 0.5
1 482.608 -78.4829 -59.9098 0.5
1 431.097 -159.05 -44.1671 0.5
1 443.016 -45.2803 -89.4555 0.5
1 417.448 -26.2269 -98.0876 0.5
1 464.187 -81.0482 -88.9998 0.5
1 351.889 0.843561 -74.2204 0.5
1 480.781 -66.499 -45.8144 0.5
1 393.816 94.9966 6.99423 0.5
1 424.264 -57.8297 -99.9994 0.5
1 342.35 119.143 -93.7644 0.5
1 390.534 100.922 -0.840407 0.5
1 483.01 -66.6218 37.6887 0.5
1 372.819 98.8624 74.0069 0.5
1 354.101 -22.7548 49.6839 0.5
1 421.124 -26.8645 -96.7743 0.5
1 402.112 -94.2365 66.0213 0.5
1 436.332 -125.827 88.0372 0.5
1 336.537 1.46729 36.7959 0.5
1 399.126 -83.2625 72.0873 0.5
1 352.275 166.329 -13.103 0.5
1 347.707 -18.8275 34.3078 0.5
1 365.115 -37.728 -56.2481 0.5
1 427.343 -34.4343 -95.884 0.5
1 369.109 -61.2908 11.6018 0.5
1 488.752 -201.042 -94.7927 0.5
1 377.758 93.6994 70.7767 0.5
1 403.618 -23.8909 -99.9768 0.5
1 337.412 -0.703648 -35.0956 0.5
1 484.212 -259.266 20.2062 0.5
1 340.924 -10.6989 21.9946 0.5
1 366.891 60.304 -98.2876 0.5
1 363.765 -11.2132 -81.1002 0.5
1 392.034 -81.8166 59.808 0.5
1 444.907 -13.022 -59.6928 0.5
1 423.451 -43.109 -99.1541 0.5
1 359.259 122.332 74.0224 0.5
1 468.071 -102.993 -95.274 0.5
1 489.256 -258.777 46.1558 0.5
1 338.188 164.109 -68.8556 0.5
1 493.115 -85.7318 41.4191 0.5
1 495.894 -281.182 8.71564 0.5
1 343.831 181.742 3.8703 0.5
1 492.355 -78.4712 24.458 0.5
1 434.495 -162.185 -49.3624 0.5
1 450.783 -31.9253 69.9094 0.5
1 338.07 75.2486 -98.6216 0.5
1 363.302 146.316 18.7657 0.5
1 498.167 -141.293 -89.6981 0.5
1 423.685 -100.201 -89.943 0.5
1 476.481 -99.0054 -87.2093 0.5
1 396.782 89.8479 -7.1363 0.5
1 335.635 194.742 15.895 0.5
1 475.091 -172.509 96.2924 0.5
1 408.535 59.3115 44.4761 0.5
1 482.081 -142.487 -98.8456 0.5
1 443.385 -178.621 47.4846 0.5
1 448.258 -124.619 96.6774 0.5
1 395.065 6.63838 -99.0762 0.5
1 343.415 -16.5938 13.1483 0.5
1 433.427 25.7627 -13.1641 0.5
1 452.134 -201.791 27.92 0.5
1 461.493 -139.88 -98.3847 0.5
1 416.125 56.3716 6.75555 0.5
1 388.956 99.202 29.5192 0.5
1 393.343 -14.0899 -99.4836 0.5
1 438.925 -182.297 10.8803 0.5
1 384.113 -73.8791 -51.1525 0.5
1 440.935 -163.264 -63.9344 0.5
1 374.879 125.659 -21.6954 0.5
1 398.032 80.4218 38.0393 0.5
1 477.32 -82.4687 -74.3054 0.5
1 472.313 -75.2022 -75.5471 0.5
1 439.121 -52.516 -95.1666 0.5
1 447.161 -169.408 69.1346 0.5
1 405.371 -42.961 -98.3322 0.5
1 375.037 -43.5965 -70.0518 0.5
1 368.728 -60.1196 15.3503 0.5
1 350.399 168.1 -21.5137 0.5
1 373.288 100.522 -71.6832 0.5
1 426.654 -161.36 -7.42649 0.5
1 478.59 -250.007 -17.7352 0.5
1 475.456 -143.822 -99.9726 0.5
1 437.716 -62.735 -98.3555 0.5
1 339.689 171.272 -56.8328 0.5
1 461.566 -160.561 92.3098 0.5
1 356.484 158.118 18.802 0.5
1 482.529 -254.986 -25.9581 0.5
1 494.868 -79.8522 -3.62246 0.5
1 490.894 -136.335 -93.0741 0.5
1 495.424 -221.186 -91.4597 0.5
1 479.396 -99.32 -84.3788 0.5
1 434.751 -144.193 72.8232 0.5
1 422.555 17.3026 69.5649 0.5
1 422.4 -48.0396 99.8059 0.5
1 449.226 -147.403 88.4409 0.5
1 341.038 19.5044 74.1005 0.5
1 416.766 35.7129 59.7024 0.5
1 482.898 -253.015 -34.221 0.5
1 428.44 -109.044 -89.6453 0.5
1 424.788 -104.895 -88.5364 0.5
1 370.046 133.645 23.3609 0.5
1 470.178 -236.51 10.0995 0.5
1 418.78 -132.304 53.7834 0.5
1 357.559 -10.0887 73.2012 0.5
1 463.376 -37.2357 47.4899 0.5
1 345.048 101.861 -97.5155 0.5
1 360.139 58.9336 -99.8561 0.5
1 347.105 -7.82904 -54.2955 0.5
1 491.702 -148.493 -96.612 0.5
1 387.876 -45.2873 86.1262 0.5
1 387.008 51.6537 -89.4931 0.5
1 477.144 -92.7891 -82.6469 0.5
1 483.471 -231.993 -69.4521 0.5
1 494.739 -96.1279 55.1246 0.5
1 460.801 -58.94 78.586 0.5
1 359.538 -10.5414 75.8625 0.5
1 372.747 -11.5876 -90.1292 0.5
1 483.24 -248.083 -46.6786 0.5
1 463.416 -63.4322 -78.5565 0.5
1 396.856 34.6658 -89.4585 0.5
1 427.255 -152.098 44.7641 0.5
1 475.063 -236.954 40.4125 0.5
1 480.563 -159.211 -99.9117 0.5
1 404.435 35.0915 81.2878 0.5
1 419.766 -76.2601 -96.41 0.5
1 355.21 -35.6287 21.1534 0.5
1 399.189 12.9876 96.2713 0.5
1 365.427 143.087 -16.2293 0.5
1 494.766 -189.933 99.4657 0.5
1 339.298 187.612 20.1756 0.5
1 450.355 -82.4869 97.9385 0.5
1 480.917 -214.083 81.1323 0.5
1 336.484 75.7986 -98.2276 0.5
1 479.262 -252.745 1.4493 0.5
1 427.928 32.0693 -28.2998 0.5
1 404.244 57.1098 60.0922 0.5
1 416.33 4.27937 -87.7084 0.5
2 568.491 -124.28 84.0162 0.5
2 561.435 -24.1126 -81.3518 0.5
2 501.528 -176.211 -99.5169 0.5
2 639.635 -41.5759 31.9567 0.5
2 523.597 -245.685 20.4772 0.5
2 585.807 59.2993 -11.3609 0.5
2 579.179 -51.7819 99.9997 0.5
2 642.299 42.1405 98.7671 0.5
2 651.048 172.901 -3.03946 0.5
2 531.711 -144.865 99.3804 0.5
2 501.174 -86.8035 -5.68566 0.5
2 665.914 48.7317 86.6231 0.5
2 517.409 -152.739 -99.8327 0.5
2 646.489 -30.8211 28.4369 0.5
2 561.008 13.8602 -24.8348 0.5
2 584.909 -91.5497 86.6363 0.5
2 552.261 -47.5763 86.2646 0.5
2 626.967 120.322 -45.4327 0.5
2 561.825 -46.5519 93.6603 0.5
2 601.44 -108.092 30.8717 0.5
2 561.486 -178.609 26.4812 0.5
2 652.046 174.662 -1.64409 0.5
2 505.086 -110.643 -72.1683 0.5
2 603.65 71.1731 -59.5684 0.5
2 658.846 0.970185 51.8878 0.5
2 585.701 -108.198 -73.3572 0.5
2 552.37 1.82588 -6.42962 0.5
2 646.293 -13.7894 -61.9473 0.5
2 631.605 138.158 -14.8767 0.5
2 665.56 183.099 52.6526 0.5
2 566.311 26.1426 2.70239 0.5
2 557.004 -144.15 84.0328 0.5
2 637.191 102.493 84.4554 0.5
2 576.502 34.9266 -41.2484 0.5
2 657.959 162.921 -62.574 0.5
2 617.439 -51.6306 74.8039 0.5
2 589.449 -132.521 15.5968 0.5
2 541.972 -186.89 70.5091 0.5
2 629.52 25.5556 99.4881 0.5
2 630.84 19.3513 98.2559 0.5
2 610.232 -20.092 97.4717 0.5
2 544.218 -53.9749 -81.3818 0.5
2 540.798 -24.7361 36.0506 0.5
2 640.423 64.0945 -99.5429 0.5
2 500.511 -277.199 44.7913 0.5
2 641.947 135.126 62.6494 0.5
2 641.13 149.397 35.1236 0.5
2 581.267 -87.9419 -91.6404 0.5
2 666.342 122.166 97.3829 0.5
2 538.054 -222.697 -3.63999 0.5
2 575.698 -12.8243 89.434 0.5
2 621.578 10.6789 -99.368 0.5
2 631.751 82.3809 -90.3509 0.5
2 615.003 110.173 8.27931 0.5
2 646.645 156.359 41.3794 0.5
2 596.148 -98.2102 -64.9126 0.5
2 552.418 -61.7249 93.2333 0.5
2 573.229 -157.907 27.7621 0.5
2 524.481 -213.751 73.8013 0.5
2 512.086 -266.6 -15.0711 0.5
2 564.706 -141.985 75.6639 0.5
2 653.46 162.362 52.2953 0.5
2 548.664 -88.2273 98.6856 0.5
2 626.291 72.0801 -90.7467 0.5
2 659.495 71.3736 98.6783 0.5
2 533.556 -225.119 -32.5183 0.5
2 604.366 37.4982 89.0968 0.5
2 557.627 0.295311 45.2888 0.5
2 632.588 105.62 76.2947 0.5
2 626.243 -70.0139 0.68879 0.5
2 625.138 -36.5762 -76.2942 0.5
2 519.938 -224.764 70.7981 0.5
2 618.439 -9.73938 96.505 0.5
2 608.895 -65.754 75.3967 0.5
2 511.662 -88.2197 -59.6578 0.5
2 662.678 193.008 -4.07097 0.5
2 590.796 -89.7054 -81.2518 0.5
2 560.891 -121.163 92.5174 0.5
2 650.836 107.18 93.8233 0.5
2 523.18 -189.375 -91.2762 0.5
2 651.08 131.807 80.8839 0.5
2 571.886 29.8405 34.1004 0.5
2 657.107 132.035 -87.3997 0.5
2 609.453 99.9818 -13.5383 0.5
2 562.361 -103.537 -97.3485 0.5
2 500.842 -87.5329 7.94654 0.5
2 658.769 21.7442 -76.3535 0.5
2 572.535 -146.856 54.5436 0.5
2 560.647 1.94817 -51.7327 0.5
2 514.777 -240.504 -63.2895 0.5
2 555.835 -104.797 99.1734 0.5
2 521.632 -245.89 32.1749 0.5
2 610.509 -10.3178 99.145 0.5
2 565.132 -116.857 91.211 0.5
2 557.343 -13.0491 64.6339 0.5
2 532.623 -121.464 -99.4253 0.5
2 528.052 -163.404 97.2439 0.5
2 620.681 -31.9485 -85.2339 0.5
2 627.599 43.0981 99.4189 0.5
2 559.012 -125.495 -92.0681 0.5
2 551.751 -72.5657 -96.4318 0.5
2 570.653 -124.48 81.3332 0.5
2 544.069 -209.878 -22.0798 0.5
2 507.802 -275.144 -1.90735 0.5
2 576.365 20.2568 -64.2073 0.5
2 623.048 -31.2122 83.0762 0.5
2 556.991 -48.4845 90.9914 0.5
2 618.413 103.486 -49.193 0.5
2 507.72 -272.611 -23.0515 0.5
2 657.218 159.373 65.2983 0.5
2 538.681 -68.9175 -84.9494 0.5
2 562.33 -25.6992 83.5051 0.5
2 505.666 -277.063 -18.8761 0.5
2 522.502 -248.679 14.2491 0.5
2 513.043 -211.026 89.3319 0.5
2 521.909 -217.289 -74.6296 0.5
2 561.265 2.57466 52.4591 0.5
2 654.484 114.681 -93.3795 0.5
2 563.298 -174.757 -28.9528 0.5
2 601.496 -76.7825 76.9182 0.5
2 503.142 -198.53 98.8232 0.5
2 580.92 0.000726299 -87.4411 0.5
2 625.297 126.578 18.7166 0.5
2 509.154 -109.896 -77.7209 0.5
2 659.809 139.787 85.6197 0.5
2 567.488 -20.4681 85.8307 0.5
2 611.766 -93.1355 19.6755 0.5
2 577.867 42.5922 -26.598 0.5
2 659.091 76.7787 99.4887 0.5
2 627.779 91.8549 -80.5868 0.5
2 645.585 25.9272 92.6786 0.5
2 542.756 -214.611 -1.2114 0.5
2 568.272 -169.472 13.7713 0.5
2 555.342 -10.2561 -56.4199 0.5
2 538.389 -208.68 50.1819 0.5
2 504.398 -113.242 -73.492 0.5
2 579.907 -0.638875 86.8133 0.5
2 501.767 -131.095 -83.8306 0.5
2 552.202 -176.031 -62.8608 0.5
2 593.418 -25.4377 99.9897 0.5
2 616.213 -20.684 94.294 0.5
2 603.927 -105.437 -25.2131 0.5
2 561.562 -53.7888 -95.9242 0.5
2 647.281 -32.8101 12.3618 0.5
2 630.427 13.8546 97.2295 0.5
2 533.699 -32.3327 -20.025 0.5
2 583.639 7.57956 85.7863 0.5
2 557.501 -160.541 -69.9527 0.5
2 633.962 44.6551 -99.9915 0.5
2 616.794 69.375 -83.0127 0.5
2 577.811 10.7765 -76.2664 0.5
2 504.351 -149.341 94.81 0.5
2 635.213 144.234 -15.9953 0.5
2 601.466 53.5427 74.7076 0.5
2 527.082 -129.079 -99.1916 0.5
2 605.715 21.749 -96.1956 0.5
2 662.242 141.099 -87.3052 0.5
2 604.948 -29.8076 -97.3409 0.5
2 528.994 -104.293 93.9836 0.5
2 567.936 -87.6356 -98.6076 0.5
2 603.354 -97.1825 48.3732 0.5
2 578.699 45.7857 19.1482 0.5
2 537.544 -174.487 86.1124 0.5
2 627.368 -60.2577 38.7434 0.5
2 575.494 34.0253 -39.3301 0.5
2 644.598 -4.11933 75.2187 0.5
2 558.348 -152.571 76.0296 0.5
2 550.509 -198.725 22.0722 0.5
2 596.188 67.0561 45.345 0.5
2 571.668 -37.9848 -96.4091 0.5
2 544.648 -25.8799 51.9245 0.5
2 595.859 -107.092 53.5558 0.5
2 610.952 77.0851 67.7144 0.5
2 602.915 -76.2466 -75.2796 0.5
2 528.818 -158.71 97.9901 0.5
2 562.05 -143.636 -78.1139 0.5
2 549.641 -108.046 99.8567 0.5
2 611.317 -93.274 -22.628 0.5
2 537.956 -149.376 96.4407 0.5
2 634.911 143.413 -17.7313 0.5
2 579.321 -75.4129 -97.0462 0.5
2 521.035 -56.7654 -29.7391 0.5
2 604.377 86.2534 -33.725 0.5
2 603.011 78.8673 -45.3557 0.5
2 664.046 47.4316 87.711 0.5
2 546.68 -185.7 -62.7294 0.5
2 597.744 30.9742 86.3981 0.5
2 638.804 126.305 66.6349 0.5
2 511.624 -266.74 -18.8981 0.5
2 520.197 -249.517 28.5972 0.5
2 554.582 -64.7122 -95.5732 0.5
2 665.918 37.6492 79.199 0.5
2 565.877 -97.1713 97.4131 0.5
2 615.851 -14.5772 -96.4079 0.5
2 561.848 -58.1863 -97.2321 0.5
2 584.069 -75.0669 94.7405 0.5
2 533.838 -227.579 22.1631 0.5
2 602.546 -52.4167 -91.0477 0.5
2 527.504 -240.554 9.81533 0.5
2 527.326 -149.176 -99.6929 0.5
2 604.562 -59.744 85.3093 0.5
2 561.502 -104.231 -97.5319 0.5
2 540.501 -207.193 -46.2391 0.5
2 573.84 -8.6798 -85.3557 0.5
2 634.055 -42.7199 -50.6301 0.5
2 604.571 78.4655 50.998 0.5
2 617.055 32.8986 -98.2114 0.5
2 634.186 53.4483 99.5278 0.5
2 610.624 -92.4549 -30.0265 0.5
2 565.086 -44.6032 -94.9622 0.5
2 551.623 -89.0553 99.4777 0.5
2 571.46 25.098 -43.5858 0.5
2 599.948 -98.3057 -56.1532 0.5
2 513.577 -69.0844 -27.744 0.5
2 517.732 -254.239 27.0322 0.5
2 646.543 -21.352 50.1833 0.5
2 608.855 -63.9099 -77.0223 0.5
2 548.357 -167.303 78.1546 0.5
2 546.919 -64.9311 90.5299 0.5
2 513.3 -264.673 -13.869 0.5
2 628.915 -30.9081 -75.5453 0.5
2 551.864 -190.553 -39.8686 0.5
2 642.39 -41.7791 7.32653 0.5
2 573.825 -160.311 -9.94856 0.5
2 636.587 147.136 -12.3409 0.5
2 632.97 -41.8473 55.0501 0.5
2 568.301 13.3847 54.6287 0.5
2 525.517 -180.997 -93.0937 0.5
2 558.353 -183.941 26.8205 0.5
2 560.996 -149.557 -74.6572 0.5
2 563.675 19.9223 18.314 0.5
2 507.911 -272.861 20.4431 0.5
2 585.289 -21.8554 -98.1598 0.5
2 512.565 -72.5767 -33.1819 0.5
2 558.779 -159.186 69.0644 0.5
2 504.105 -162.539 -98.1732 0.5
2 632.332 -12.7684 -84.6123 0.5
2 611.299 -33.3465 -92.7237 0.5
2 665.788 195.355 24.7979 0.5
2 578.281 46.7317 5.98996 0.5
2 641.926 108.167 86.0059 0.5
2 626.064 -49.2157 61.4533 0.5
2 572.364 -6.17203 -82.0493 0.5
2 638.322 52.424 99.9885 0.5
2 602.118 -19.343 99.7152 0.5
2 518.329 -101.992 -83.5587 0.5
2 538.099 -177.727 -83.4894 0.5
2 507.348 -260 54.1779 0.5
2 591.937 33.2618 77.9043 0.5
2 502.886 -233.164 86.8962 0.5
2 622.404 113.997 -42.1928 0.5
2 618 -1.11468 -98.5749 0.5
2 518.53 -144.179 99.228 0.5
2 593.786 -124.66 17.6692 0.5
2 611.253 -95.951 2.3744 0.5
2 509.399 -202.401 95.3923 0.5
2 662.515 117.516 -96.8999 0.5
2 625.15 19.8413 -99.6592 0.5
2 579.355 -78.6113 -96.1778 0.5
2 593.905 -66.0611 91.6368 0.5
2 631.297 -4.35437 -90.2387 0.5
2 603.449 -92.1829 56.2393 0.5
2 589.217 63.7809 -20.2562 0.5
2 665.461 175.328 63.2985 0.5
2 554.051 -6.24041 45.9535 0.5
2 544.184 -38.702 67.8663 0.5
2 561.96 -171.564 -43.16 0.5
2 592.94 8.03107 93.3993 0.5
2 630.217 37.1025 -99.9997 0.5
2 543.97 -211.228 15.9996 0.5
2 593.556 -125.152 -17.1403 0.5
2 621.19 -50.2723 -69.9073 0.5
2 633.835 -55.605 15.8356 0.5
2 626.995 -17.2521 -87.4299 0.5
2 611.407 101.309 -24.2277 0.5
2 562.653 -72.218 99.6844 0.5
2 562.51 12.4898 -37.0238 0.5
2 625.592 -68.6816 22.0523 0.5
2 574.835 -5.83297 84.6589 0.5
2 597.587 29.1857 -87.2643 0.5
2 527.8 -40.5265 -0.798581 0.5
2 591.109 -94.6012 -77.0609 0.5
2 565.423 -3.56053 -69.6066 0.5
2 585.946 -95.0386 -83.3669 0.5
2 557.073 -42.4075 -88.0444 0.5
2 507.675 -197.474 97.5292 0.5
2 575.299 -116.734 81.1169 0.5
2 625.163 53.0377 -96.844 0.5
2 639.293 150.782 -18.9194 0.5
2 549.239 -8.9023 -32.7394 0.5
2 590.041 35.4743 73.1402 0.5
2 545.53 -200.269 42.6398 0.5
2 526.994 -219.435 63.1785 0.5
2 575.62 -157.64 -3.37927 0.5
2 507.007 -120.133 -82.5739 0.5
2 522.647 -248.599 13.0117 0.5
2 660.771 30.7946 80.7444 0.5
2 568.673 -58.8344 99.4046 0.5
2 613.821 -54.4007 77.7648 0.5
2 546.917 -122.303 -98.8852 0.5
2 570.87 -154.328 46.7426 0.5
2 589.483 -133.414 -7.36052 0.5
2 580.093 -145.385 29.8723 0.5
2 516.474 -61.4984 -16.419 0.5
2 637.421 62.298 -99.1575 0.5
2 607.663 26.6001 -95.764 0.5
2 508.755 -176.167 -99.9647 0.5
2 625.243 -67.2544 29.6401 0.5
2 583.723 54.0754 21.1491 0.5
2 601.087 -31.8284 98.3222 0.5
2 570.354 -112.474 88.9697 0.5
2 614.294 74.7918 -75.559 0.5
2 535.235 -128.995 99.9909 0.5
2 634.229 125.652 -57.4696 0.5
2 591.157 -122.787 39.1892 0.5
2 619.239 103.854 -51.0277 0.5
2 562.588 3.45097 -54.6892 0.5
2 584.866 -56.5648 -98.8863 0.5
2 603.812 59.0227 -73.4221 0.5
2 556.675 -57.393 -94.3566 0.5
2 646.046 157.177 -37.0269 0.5
2 590.4 -122.797 42.1148 0.5
2 541.036 -18.1602 10.5817 0.5
2 585.977 -119.749 60.0125 0.5
2 622.477 79.951 82.5159 0.5
2 609.488 80.9713 59.9904 0.5
2 500.089 -116.82 -69.7061 0.5
2 625.623 -70.9154 5.8957 0.5
2 596.257 -119.722 -21.0046 0.5
2 501.394 -141.24 -89.2927 0.5
2 655.226 -15.2266 -29.9443 0.5
2 512.197 -93.5038 67.2108 0.5
2 521.808 -62.2369 46.243 0.5
2 576.111 -140.814 -54.31 0.5
2 622.179 114.044 41.243 0.5
2 567.394 -11.9842 80.0291 0.5
2 589.901 55.9255 45.8162 0.5
2 653.417 172.048 -31.2347 0.5
2 633.888 142.618 10.9989 0.5
2 518.755 -72.3776 -54.5463 0.5
2 571.379 -108.12 90.2466 0.5
2 641.612 -22.9012 -60.6536 0.5
2 638.344 133.233 -56.8185 0.5
2 527.9 -63.4121 -63.8777 0.5
2 651.679 -25.1772 12.4807 0.5
2 640.952 -43.9562 10.778 0.5
2 561.618 17.7239 8.07238 0.5
2 590.833 -13.5429 98.4023 0.5
2 530.686 -76.9936 -81.0799 0.5
2 541.06 -208.326 41.9633 0.5
2 599.091 77.0328 -33.9047 0.5
2 595.679 16.0732 -92.0698 0.5
2 516.245 -61.8409 16.0899 0.5
2 598.215 -116.295 -21.1726 0.5
2 651.021 2.13949 70.6592 0.5
2 626.657 -14.3852 -89.259 0.5
2 526.791 -205.968 77.0899 0.5
2 552.735 -37.0532 -79.7876 0.5
2 504.337 -219.127 92.5134 0.5
2 586.724 -74.5724 93.2535 0.5
2 526.203 -59.2861 -54.2513 0.5
2 644.486 147.64 50.9293 0.5
2 610.148 -51.6767 -84.3052 0.5
2 628.629 118.614 -53.482 0.5
2 557.347 -89.5367 -99.9998 0.5
2 599.113 -116.772 6.8452 0.5
2 651.086 153.877 -58.8322 0.5
2 584.754 33.4202 65.8044 0.5
2 543.826 -70.0477 90.4164 0.5
2 663.859 30.3276 76.1564 0.5
2 542.906 -125.671 99.3581 0.5
2 592.894 -65.7503 -92.5098 0.5
2 625.819 86.5418 -81.9617 0.5
2 500.986 -109.619 -63.3804 0.5
2 537.65 -199.495 -64.9543 0.5
2 593.192 34.7938 78.4158 0.5
2 611.42 101.945 21.6223 0.5
2 648.055 -25.8163 -35.251 0.5
2 588.157 -133.033 24.1083 0.5
2 545.331 -99.5433 99.4348 0.5
2 568.055 -142.762 69.4373 0.5
2 571.461 -19.1658 -88.9288 0.5
2 539.007 -134.79 99.0603 0.5
2 614.042 -25.3757 -93.9602 0.5
2 538.778 -202.977 57.9917 0.5
2 532.821 -170.799 92.0933 0.5
2 646.219 150.479 -51.2046 0.5
2 578.443 -124.08 -70.1455 0.5
2 652.753 18.6037 81.9571 0.5
2 548.079 -203.146 -21.1106 0.5
2 537.924 -59.1708 76.988 0.5
2 611.609 96.1514 40.3133 0.5
2 643.106 -25.594 -53.0237 0.5
2 665.144 4.04797 35.9488 0.5
2 576.449 -156.187 3.84349 0.5
2 509.01 -156.056 -98.5422 0.5
2 607.244 -101.96 -13.8443 0.5
2 539.354 -21.5222 -14.1831 0.5
2 515.1 -254.086 -40.1994 0.5
2 531.558 -233.085 13.6119 0.5
2 564.606 -176.671 -4.54883 0.5
2 570.884 28.6426 -32.5847 0.5
2 529.558 -120.239 -98.5026 0.5
2 509.118 -232.415 -80.3481 0.5
2 626.196 109.425 60.632 0.5
2 579.292 31.8082 -55.5585 0.5
2 664.601 34.3325 -78.3899 0.5
2 638.937 151.897 -3.87134 0.5
2 558.68 4.27383 40.7702 0.5
2 586.644 -99.877 79.0288 0.5
2 625.155 -37.041 75.8726 0.5
2 601.029 83.8524 22.0408 0.5
2 635.034 12.2428 -94.4091 0.5
2 503.119 -268.915 -51.6281 0.5
2 567.216 -42.5082 -95.4739 0.5
2 511.828 -249.787 -57.8062 0.5
2 590.976 -21.3795 99.5264 0.5
2 589.219 64.5968 -15.8208 0.5
2 661.186 151.803 -79.0113 0.5
2 598.354 6.69354 -96.8207 0.5
2 608.575 -100.463 -5.56297 0.5
2 523.843 -199.843 85.132 0.5
2 548.444 -7.72386 -24.135 0.5
2 551.191 -78.2945 -97.6139 0.5
2 566.603 -104.629 -94.9713 0.5
2 510.389 -215.353 -89.4676 0.5
2 538.115 -112.181 -99.4497 0.5
2 561.972 -180.122 -15.5386 0.5
2 612.013 44.8935 91.8435 0.5
2 556.815 -184.099 -34.5843 0.5
2 643.897 122.194 78.7502 0.5
2 578.399 24.654 63.1485 0.5
2 592.215 -119.321 42.8241 0.5
2 562.238 -73.1308 99.6996 0.5
2 634.678 -54.3594 -14.4247 0.5
2 550.503 -159.812 81.0234 0.5
2 512.219 -67.5672 3.34299 0.5
2 570.492 -9.64597 82.2106 0.5
2 586.454 60.3588 11.8829 0.5
2 659.152 80.9186 99.8158 0.5
2 613.32 54.5793 -88.2781 0.5
2 635.286 -54.0768 -7.41505 0.5
2 544.199 -94.2813 98.3959 0.5
2 506.548 -270.047 -37.4739 0.5
2 600.191 -75.8805 -79.4384 0.5
2 524.667 -218.476 -68.8483 0.5
2 637.235 121.127 -69.289 0.5
2 567.388 1.06343 68.325 0.5
2 613.656 -23.061 94.9939 0.5
2 534.449 -223.397 -33.0256 0.5
2 547.277 -6.92429 -5.19615 0.5
2 631.772 138.136 16.82 0.5
2 535.3 -227.157 8.67733 0.5
2 509.571 -72.3314 -6.84376 0.5
2 565.206 20.0241 -28.8119 0.5
2 562.526 -68.8012 -99.3277 0.5
2 659.618 67.7256 97.966 0.5
2 629.87 76.9207 91.3634 0.5
2 567.65 -50.9508 -97.8653 0.5
2 585.118 58.7412 -1.5533 0.5
2 502.35 -184.488 99.9999 0.5
2 549.614 -172.62 71.5332 0.5
2 628.665 -65.1433 11.624 0.5
2 548.061 -144.907 -91.8784 0.5
2 611.442 -45.3992 -86.7482 0.5
2 594.262 3.18643 -95.8245 0.5
2 540.55 -155.929 -92.7068 0.5
2 547.638 -10.0153 -27.4833 0.5
2 607.043 -49.4277 -88.7102 0.5
2 509.136 -95.9236 -63.8921 0.5
2 601.607 -86.77 -67.1684 0.5
2 531.322 -70.5801 76.9679 0.5
2 508.173 -241.405 -74.3398 0.5
2 620.896 -53.0434 67.5173 0.5
2 504.533 -171.306 99.5459 0.5
2 590.194 -132.128 -8.08217 0.5
2 582.008 18.1859 -76.1479 0.5
2 632.973 78.4501 -92.9788 0.5
2 577.443 -7.73304 -88.3694 0.5
2 601.555 -83.8306 -70.365 0.5
2 638.62 141.438 43.5552 0.5
2 560.189 -23.0404 78.9423 0.5
2 566.154 -153.172 -61.2099 0.5
2 570.987 -32.6379 -94.3689 0.5
2 598.415 8.07865 -96.4814 0.5
2 628.512 64.6939 -95.1451 0.5
2 568.854 -158.162 46.0879 0.5
2 657.085 116.887 94.2279 0.5
2 598.993 47.4248 76.3007 0.5
2 554.464 -52.9102 91.0141 0.5
2 535.612 -59.7854 -74.0475 0.5
2 660.357 119.012 -95.4125 0.5
2 616.287 51.0626 92.3651 0.5
2 573.546 11.3486 -68.7288 0.5
2 579.824 -60.3327 99.5071 0.5
2 634.902 37.3777 -99.7104 0.5
2 624.436 -6.86878 94.1422 0.5
2 641.132 87.6207 94.7928 0.5
2 505.902 -171.357 99.7479 0.5
2 650.551 -15.3202 48.5812 0.5
2 589.215 -65.3195 95.0184 0.5
2 574.807 -101.204 -90.7064 0.5
2 592.909 -21.4392 99.8006 0.5
2 652.417 152.537 -63.5402 0.5
2 607.099 31.0124 93.9748 0.5
2 572.326 6.27526 71.728 0.5
2 565.905 -30.6943 89.8827 0.5
2 568.058 -127.821 82.1467 0.5
2 530.291 -121.411 -98.899 0.5
2 551.345 -166.677 74.2959 0.5
2 583.844 -122.735 60.9464 0.5
2 514.744 -145.645 98.4583 0.5
2 552.235 -190.466 38.5625 0.5
2 635.398 -53.0545 14.8185 0.5
2 650.128 70.5115 99.9964 0.5
2 647.768 120.687 -84.5354 0.5
2 648.418 31.7859 -93.0591 0.5
2 544.697 -11.9948 12.1134 0.5
2 519.37 -73.904 58.3359 0.5
2 654.274 128.13 86.835 0.5
2 625.919 125.39 -28.1113 0.5
2 614.446 86.6637 63.6692 0.5
2 578.94 -58.3763 99.7931 0.5
2 623.23 65.3237 -91.4059 0.5
2 515.559 -247.14 -52.005 0.5
2 649.741 -16.0041 -49.8505 0.5
2 624.808 32.8005 -99.8594 0.5
2 527.395 -45.6456 29.3992 0.5
2 529.853 -60.6708 64.6438 0.5
2 611.362 102.292 19.49 0.5
2 633.549 -36.1053 61.64 0.5
2 591.71 54.5757 -53.6263 0.5
2 506.012 -131.315 88.2955 0.5
2 525.88 -216.945 -68.2419 0.5
2 590.14 10.5851 -90.2195 0.5
2 644.345 19.723 -90.9296 0.5
2 620.379 114.096 33.368 0.5
2 563.467 -155.057 64.6276 0.5
2 541.666 -18.8598 21.5648 0.5
2 568.405 27.9076 -19.3956 0.5
2 588.141 -109.307 68.0257 0.5
2 653.228 25.7678 86.0434 0.5
2 506.085 -252.432 66.9332 0.5
2 593.202 -34.4516 99.74 0.5
2 584.809 56.1876 20.0492 0.5
2 590.399 63.3044 29.9672 0.5
2 626.994 109.752 61.9912 0.5
2 531.011 -234.949 -1.614 0.5
2 540.877 -209.618 39.7879 0.5
2 504.174 -107.471 67.2888 0.5
2 638.128 54.0573 99.9392 0.5
2 556.019 -86.6386 99.8745 0.5
2 588.248 -97.3218 78.8559 0.5
2 534.799 -228.32 -4.02495 0.5
2 637.278 107.749 -80.994 0.5
2 556.894 -131.118 91.215 0.5
2 566.543 23.9266 -22.8862 0.5
2 616.902 -84.725 -17.0842 0.5
2 639.18 -18.9622 70.0615 0.5
2 634.034 -31.8977 -65.7141 0.5
2 594.899 68.5355 -37.1547 0.5
2 577.762 -84.4973 95.232 0.5
2 560.933 -172.255 45.3635 0.5
2 550.795 -169.121 -72.9247 0.5
2 529.256 -87.5402 86.3338 0.5
2 535.32 -218.337 41.8159 0.5
2 595.884 -122.594 -0.938423 0.5
2 534.152 -188.838 80.5089 0.5
2 591.085 54.217 -52.4701 0.5
2 645.449 11.7853 -85.7407 0.5
2 541.78 -102.551 -99.049 0.5
2 512.751 -71.9487 -32.2987 0.5
2 647.235 89.6015 -97.2578 0.5
2 501.083 -91.0268 28.7681 0.5
2 537.932 -221.724 15.7697 0.5
2 584.695 -15.7454 -96.4977 0.5
2 536.121 -213.387 48.8171 0.5
2 615.328 21.8231 -99.4211 0.5
2 611.194 89.3539 -51.9679 0.5
2 535.171 -227.482 -7.40522 0.5
2 588.009 -86.0618 86.7045 0.5
2 548.693 -68.5009 -93.3584 0.5
2 580.349 -79.4294 -95.4181 0.5
2 510.477 -268.715 18.9589 0.5
2 528.766 -230.492 40.0219 0.5
2 562.831 -0.436537 -60.775 0.5
2 558.348 -149.004 78.9384 0.5
2 534.098 -84.8681 -89.4298 0.5
2 535.945 -132.611 -99.808 0.5
2 561.539 -136.831 83.6844 0.5
2 620.276 -64.8299 -53.51 0.5
2 530.322 -206.937 -70.6411 0.5
2 533.587 -115.515 98.8707 0.5
2 515.955 -62.2904 -15.7641 0.5
2 622.031 29.3837 99.7757 0.5
2 549.103 -3.74423 -4.85845 0.5
2 504.643 -272.85 -38.6798 0.5
2 587.64 -36.1899 99.9976 0.5
2 619.13 84.3003 -74.5627 0.5
2 539.467 -215.476 30.7339 0.5
2 543.864 -168.378 -83.0659 0.5
2 536.467 -49.996 -65.5537 0.5
2 629.348 62.7395 96.1792 0.5
2 548.556 -189.586 -52.6575 0.5
2 528.031 -61.9992 -62.4226 0.5
2 578.306 -151.1 19.6288 0.5
2 517.312 -164.17 -99.8498 0.5
2 567.598 13.3841 -52.7175 0.5
2 551.171 -117.903 -98.3926 0.5
2 631.058 -47.5469 51.2464 0.5
2 565.864 -73.4224 -99.9931 0.5
2 504.967 -162.379 98.4225 0.5
2 512.817 -86.4388 59.9518 0.5
2 528.545 -55.6583 -54.9097 0.5
2 580.738 2.68929 -85.7053 0.5
2 612.668 -0.935603 99.7253 0.5
2 599.371 -10.9368 99.8418 0.5
2 577.819 -12.2919 -90.9376 0.5
2 538.564 -214.877 36.7649 0.5
2 643.169 159.3 -0.234553 0.5
2 588.88 47.2504 -57.2629 0.5
2 533.055 -202.116 -70.7288 0.5
2 583.157 -143.465 -15.3098 0.5
2 624.349 49.719 -97.3156 0.5
2 544.011 -54.7161 81.6537 0.5
2 531.12 -59.3781 -65.6932 0.5
2 660.727 49.4708 91.546 0.5
2 573.122 27.4686 -44.6203 0.5
2 589.651 15.2383 -87.3772 0.5
2 643.232 9.13204 -86.4414 0.5
2 536.915 -25.335 -10.9177 0.5
2 577.302 -48.0479 -99.7728 0.5
2 615.434 -19.6603 -95.0988 0.5
2 574.892 38.7192 21.4268 0.5
2 614.508 13.2719 99.9347 0.5
2 632.994 141.128 -10.4601 0.5
2 655.505 22.9941 -81.6939 0.5
2 593.851 -33.4932 -99.7278 0.5
2 508.727 -73.7728 -6.53553 0.5
2 584.624 -42.7442 99.9979 0.5
2 595.13 -42.7308 -98.2119 0.5
2 521.015 -251.872 8.98287 0.5
2 633.471 -4.71847 -88.1485 0.5
2 560.554 12.6371 26.4831 0.5
2 509.332 -74.8821 -21.6472 0.5
2 651.886 -20.0988 32.7114 0.5
2 537.469 -161.685 92.5365 0.5
2 561.685 -147.962 -75.0135 0.5
2 604.172 28.284 93.0895 0.5
2 540.438 -119.631 -99.995 0.5
2 535.551 -162.542 93.5084 0.5
2 664.58 104.477 99.6721 0.5
2 609.588 -24.4123 -96.681 0.5
2 613.58 76.8774 72.5463 0.5
2 632.588 135.863 -31.5624 0.5
2 623.227 45.8156 97.7583 0.5
2 524.845 -177.464 -94.8019 0.5
2 627.018 29.56 -99.9844 0.5
2 603.911 80.2313 45.7369 0.5
2 662.529 0.528989 -38.4701 0.5
2 535.199 -182.539 -83.6277 0.5
2 644.988 89.9578 -96.1425 0.5
2 656.163 86.3629 -99.8962 0.5
3 671.865 0.23167 -6.80297 0.5
3 809.997 82.269 98.4155 0.5
3 936.499 19.7987 59.7306 0.5
3 705.818 177.22 -63.5378 0.5
3 698.004 3.09247 24.6765 0.5
3 715.963 29.7453 71.1638 0.5
3 948.113 135.794 -93.3744 0.5
3 679.742 1.04358 14.4092 0.5
3 778.021 21.0135 -61.328 0.5
3 682.926 109.047 -99.5899 0.5
3 794.875 195.671 -29.1059 0.5
3 739.117 0.941797 13.6921 0.5
3 726.183 73.6417 -96.4637 0.5
3 775.324 153.385 84.5581 0.5
3 863.084 99.8517 99.9999 0.5
3 694.803 191.559 40.2105 0.5
3 842.897 197.357 -22.838 0.5
3 827.801 73.9539 96.5484 0.5
3 918.973 185.225 -52.313 0.5
3 671.463 41.5189 81.117 0.5
3 757.44 193.681 34.983 0.5
3 971.665 14.2802 51.4986 0.5
3 883.331 165.837 75.2698 0.5
3 678.707 58.1101 90.8033 0.5
3 746.966 9.29418 42.1005 0.5
3 993.072 111.772 -99.3047 0.5
3 743.081 23.8282 64.7909 0.5
3 883.576 190.674 -42.1695 0.5
3 772.366 2.22307 -20.9684 0.5
3 840.186 121.823 97.5898 0.5
3 899.155 135.758 93.3881 0.5
3 833.895 184.786 -53.0227 0.5
3 924.611 23.8399 -64.8046 0.5
3 986.688 115.842 -98.7372 0.5
3 761.513 189.364 -44.8785 0.5
3 944.218 185.674 -51.5756 0.5
3 812.67 41.7604 -81.2905 0.5
3 940.004 0.252517 7.10209 0.5
3 854.056 67.0173 -94.4041 0.5
3 768.764 125.699 -96.6415 0.5
3 862.98 93.1272 99.7635 0.5
3 956.027 172.157 69.2344 0.5
3 825.023 48.8294 -85.9161 0.5
3 723.018 1.14861 -15.113 0.5
3 940.06 19.6227 59.4937 0.5
3 874.853 171.826 69.5773 0.5
3 977.013 54.7059 -89.1541 0.5
3 723.365 16.6885 55.31 0.5
3 734.179 16.8018 -55.4803 0.5
3 840.664 29.1317 70.5527 0.5
3 692.602 193.824 34.5982 0.5
3 891.583 8.78245 -40.98 0.5
3 907.873 150.419 -86.3592 0.5
3 673.752 68.5308 94.9194 0.5
3 932.787 17.0488 -55.8489 0.5
3 709.755 178.158 62.381 0.5
3 982.422 141.61 90.9317 0.5
3 783.285 155.329 -83.2988 0.5
3 921.32 158.403 81.173 0.5
3 912.464 35.3645 76.3037 0.5
3 791.919 184.399 -53.6361 0.5
3 975.735 0.394403 8.87271 0.5
3 939.368 20.7755 61.0204 0.5
3 809.993 34.7593 75.7868 0.5
3 748.778 56.4393 90.0137 0.5
3 734.978 117.861 -98.3919 0.5
3 779.172 167.091 -74.1538 0.5
3 998.823 189.208 -45.1882 0.5
3 848.198 47.6458 -85.2 0.5
3 776.432 167.188 74.0664 0.5
3 668.748 16.8836 -55.6027 0.5
3 856.699 4.73805 -30.4165 0.5
3 743.523 24.7713 -65.8835 0.5
3 824.756 163.17 -77.5214 0.5
3 919.399 48.2393 -85.5619 0.5
3 907.779 188.292 -46.9521 0.5
3 856.935 67.7165 -94.6455 0.5
3 918.728 24.7614 65.8723 0.5
3 934.012 109.866 99.5121 0.5
3 674.357 112.905 99.1638 0.5
3 985.811 195.668 -29.1137 0.5
3 668.643 0.307519 -7.8364 0.5
3 829.964 7.18789 37.2279 0.5
3 904.503 54.836 -89.22 0.5
3 946.906 7.41543 -37.7902 0.5
3 993.602 37.5433 -78.0971 0.5
3 993.185 5.8452 33.6879 0.5
3 739.87 77.0485 97.3305 0.5
3 793.833 186.859 -49.5534 0.5
3 836.766 186.231 50.6377 0.5
3 854.649 156.626 82.4227 0.5
3 985.943 6.31401 -34.9705 0.5
3 909.731 170.866 70.5546 0.5
3 758.717 50.5853 -86.9378 0.5
3 705.412 83.5531 98.6382 0.5
3 786.637 42.6458 81.9176 0.5
3 977.016 40.7327 80.5443 0.5
3 774.729 65.0484 -93.693 0.5
3 962.912 51.1769 -87.2714 0.5
3 802.939 7.5716 38.1706 0.5
3 811.695 5.79318 33.5421 0.5
3 720.82 12.9844 -49.2776 0.5
3 889.81 133.973 -94.0524 0.5
3 842.421 20.1037 60.138 0.5
3 873.861 130.691 95.1737 0.5
3 789.447 154.754 -83.6778 0.5
3 930.017 39.4402 -79.5771 0.5
3 772.877 199.798 6.34714 0.5
3 981.35 10.2691 44.1402 0.5
3 972.633 198.02 19.8011 0.5
3 934.258 91.1465 99.6073 0.5
3 979.108 179.83 -60.2255 0.5
3 904.482 0.328527 -8.09923 0.5
3 730.354 16.15 54.4901 0.5
3 813.777 20.3723 -60.4932 0.5
3 685.149 30.5672 -71.9658 0.5
3 960.548 24.8775 -66.0046 0.5
3 999.378 15.3036 -53.1651 0.5
3 859.62 0.0658704 -3.62901 0.5
3 719.935 20.214 60.2843 0.5
3 794.367 125.12 96.7934 0.5
3 983.404 109.466 99.5509 0.5
3 940.512 2.41575 -21.8475 0.5
3 851.169 135.926 93.3239 0.5
3 768.435 199.001 -14.0979 0.5
3 965.919 29.0689 70.4896 0.5
3 999.365 176.199 -64.7591 0.5
3 775.179 0.946907 13.729 0.5
3 892.655 167.349 73.9196 0.5
3 694.667 0.206142 -6.41763 0.5
3 689.666 186.659 49.9029 0.5
3 737.546 137.579 92.6703 0.5
3 672.142 180.223 59.7019 0.5
3 673.992 158.535 81.0779 0.5
3 901.767 2.37764 21.6766 0.5
3 744.496 27.0385 -68.3859 0.5
3 824.559 6.46533 -35.3732 0.5
3 895.969 139.128 -92.0272 0.5
3 874.729 165.511 75.5537 0.5
3 994.699 1.54825 -17.5286 0.5
3 703.777 131.867 94.7866 0.5
3 826.029 184.129 54.0582 0.5
3 709.266 43.1714 82.2831 0.5
3 809.081 170.924 -70.4967 0.5
3 960.609 157.219 82.0122 0.5
3 759.144 3.39924 -25.8514 0.5
3 924.667 0.00836441 1.29337 0.5
3 943.976 162.243 -78.2679 0.5
3 699.56 24.8938 -66.0231 0.5
3 809.174 104.352 99.9053 0.5
3 816.548 106.781 99.7699 0.5
3 986.022 196.948 24.5162 0.5
3 670.368 59.5147 91.4382 0.5
3 728.099 23.7662 -64.7179 0.5
3 727.096 137.441 92.7263 0.5
3 830.019 91.7309 -99.6575 0.5
3 994.297 127.203 96.229 0.5
3 903.748 78.4004 -97.6394 0.5
3 733.215 8.23081 39.7293 0.5
3 800.601 188.897 45.7972 0.5
3 820.349 11.5328 46.6214 0.5
3 821.012 194.595 32.4309 0.5
3 885.784 84.2996 98.7598 0.5
3 767.43 179.751 60.3308 0.5
3 933.151 25.0567 66.208 0.5
3 879.887 112.905 -99.1638 0.5
3 906.161 181.329 -58.1855 0.5
3 871.679 46.4641 84.4625 0.5
3 779.136 125.006 96.823 0.5
3 788.546 174.559 66.6401 0.5
3 833.119 193.704 -34.9229 0.5
3 764.428 113.648 -99.0642 0.5
3 990.088 15.5407 53.5408 0.5
3 986.176 173.601 -67.697 0.5
3 834.048 17.3317 -56.2668 0.5
3 854.086 109.973 -99.5015 0.5
3 871.267 21.0338 -61.3542 0.5
3 786.444 90.391 99.5373 0.5
3 836.918 157.309 -81.949 0.5
3 851.254 23.2146 64.0625 0.5
3 788.781 23.6328 -64.5604 0.5
3 949.539 164.394 -76.5073 0.5
3 697.863 40.6826 -80.5074 0.5
3 804.814 145.011 -89.2973 0.5
3 822.885 163.447 77.2951 0.5
3 704.995 188.726 46.126 0.5
3 936.839 64.5149 -93.4923 0.5
3 930.842 9.57222 42.6945 0.5
3 864.924 135.888 -93.3384 0.5
3 769.689 0.0192429 1.96168 0.5
3 894.63 87.3422 99.1957 0.5
3 721.846 176.336 64.5972 0.5
3 689.411 57.2294 90.3918 0.5
3 707.201 160.571 79.5683 0.5
3 705.239 17.8075 -56.9596 0.5
3 767.407 96.3096 99.9319 0.5
3 729.382 77.8182 -97.5088 0.5
3 847.876 99.3983 99.9982 0.5
3 836.132 174.947 -66.2039 0.5
3 709.637 39.5838 -79.6862 0.5
3 846.815 180.817 -58.8952 0.5
3 760.13 67.8076 -94.6766 0.5
3 889.391 199.395 10.9854 0.5
3 768.081 1.62455 17.9519 0.5
3 905.25 46.6299 -84.5673 0.5
3 789.935 40.2844 -80.2125 0.5
3 974.657 163.443 77.2984 0.5
3 680.423 59.6476 91.4969 0.5
3 837.859 166.326 74.8389 0.5
3 933.805 199.083 -13.5083 0.5
3 909.58 72.0511 96.0149 0.5
3 754.591 178.381 -62.0997 0.5
3 787.95 125.775 96.6211 0.5
3 708.524 11.601 46.7505 0.5
3 802.181 197.202 23.4909 0.5
3 989.795 128.102 -95.9703 0.5
3 766.766 88.2026 -99.3017 0.5
3 821.839 5.91117 -33.8717 0.5
3 700.081 195.546 -29.5123 0.5
3 998.882 160.955 -79.275 0.5
3 972.718 1.49433 -17.223 0.5
3 669.243 68.4833 -94.9036 0.5
3 724.725 181.634 -57.7577 0.5
3 824.207 143.723 89.9349 0.5
3 908.189 27.655 69.0377 0.5
3 984.307 0.37077 -8.60329 0.5
3 694.54 54.1595 88.8743 0.5
3 942.315 199.998 0.614468 0.5
3 855.655 33.6822 74.8461 0.5
3 776.336 158.909 80.8071 0.5
3 753.617 133.75 94.1327 0.5
3 784.292 177.099 63.6843 0.5
3 687.505 82.2912 -98.4195 0.5
3 800.4 167.014 74.2236 0.5
3 771.287 159.242 -80.5631 0.5
3 945.744 16.2676 54.6707 0.5
3 782.749 184.259 53.8563 0.5
3 870.764 0.168107 -5.79596 0.5
3 923.461 76.9609 97.3098 0.5
3 929.123 90.2651 99.525 0.5
3 744.113 129.146 95.6582 0.5
3 818.997 198.625 -16.5271 0.5
3 958.69 140.695 91.345 0.5
3 978.341 116.25 98.6708 0.5
3 973.738 40.3303 80.2467 0.5
3 888.467 78.051 97.5615 0.5
3 730.455 160.449 79.6611 0.5
3 952.401 198.887 14.8813 0.5
3 940.779 195.5 29.6602 0.5
3 990.108 0.577998 10.7362 0.5
3 935.812 152.986 -84.8085 0.5
3 733.024 199.955 3.01304 0.5
3 678.874 124.393 96.9792 0.5
3 855.719 14.2028 51.3696 0.5
3 766.506 11.1094 45.809 0.5
3 853.85 37.52 -78.0785 0.5
3 978.63 22.4637 63.1515 0.5
3 972.497 192.006 39.1781 0.5
3 747.416 45.6336 -83.9303 0.5
3 820.544 97.635 99.972 0.5
3 760.745 19.8787 -59.8379 0.5
3 676.945 187.428 -48.5419 0.5
3 745.846 24.1649 -65.1846 0.5
3 675.043 27.9769 69.3735 0.5
3 667.894 0.0829428 -4.07206 0.5
3 991.839 195.846 28.5234 0.5
3 983.1 137.719 -92.6137 0.5
3 693.107 192.998 -36.7601 0.5
3 937.365 41.4927 -81.0981 0.5
3 832.587 16.7556 -55.4109 0.5
3 868.329 150.232 -86.4683 0.5
3 857.397 150.515 86.3031 0.5
3 792.142 164.57 76.3594 0.5
3 700.312 195.134 30.8138 0.5
3 904.278 105.277 99.8607 0.5
3 913.053 169.712 71.6955 0.5
3 971.16 50.7987 -87.0588 0.5
3 729.302 14.551 -51.9469 0.5
3 991.676 128.411 95.8791 0.5
3 840.065 8.36628 40.0408 0.5
3 866.115 86.3854 99.0689 0.5
3 667.258 103.013 99.9546 0.5
3 732.438 12.7575 48.8748 0.5
3 981.962 1.14014 -15.0575 0.5
3 757.031 59.3699 91.3739 0.5
3 939.955 193.84 34.5538 0.5
3 927.404 37.1923 77.8151 0.5
3 826.025 14.945 52.5894 0.5
3 990.893 176.184 -64.7764 0.5
3 954.381 0.345951 -8.31086 0.5
3 989.191 197.492 22.2575 0.5
3 716.795 167.981 -73.3389 0.5
3 874.324 20.2099 60.2789 0.5
3 759.442 188.605 -46.3594 0.5
3 709.51 156.689 -82.3794 0.5
3 771.456 178.535 -61.9046 0.5
3 839.972 199.554 -9.43672 0.5
3 879.114 74.6517 96.734 0.5
3 922.805 90.4971 99.5475 0.5
3 776.972 2.73591 -23.2314 0.5
3 725.032 76.4966 97.1987 0.5
3 798.065 36.0682 76.8943 0.5
3 726.354 196.931 -24.585 0.5
3 777.798 98.1567 99.983 0.5
3 858.969 30.9861 72.3677 0.5
3 980.639 27.8434 -69.2346 0.5
3 966.496 0.118629 4.86947 0.5
3 786.944 146.739 88.4052 0.5
3 911.406 182.555 56.4322 0.5
3 768.569 0.0147762 1.71902 0.5
3 872.071 199.836 5.71706 0.5
3 743.871 48.8009 85.8991 0.5
3 738.383 24.755 -65.865 0.5
3 915.628 136.29 93.1827 0.5
3 705.735 147.757 87.8592 0.5
3 900.768 198.094 -19.4311 0.5
3 822.375 2.69809 -23.0725 0.5
3 879.139 153.53 84.4663 0.5
3 992.561 6.42364 -35.2628 0.5
3 888.978 145.233 89.1849 0.5
3 684.167 94.5931 -99.8537 0.5
3 818.985 0.0915715 -4.27854 0.5
3 802.959 6.57123 35.652 0.5
3 901.096 2.31784 -21.4055 0.5
3 783.626 110.951 -99.3986 0.5
3 723.563 82.799 98.5095 0.5
3 882.294 43.2068 82.3076 0.5
3 785.202 75.8811 97.0478 0.5
3 690.463 97.1157 99.9584 0.5
3 982.377 187.576 48.2749 0.5
3 677.019 7.24376 -37.3668 0.5
3 787.277 67.4402 94.5508 0.5
3 940.479 187.434 48.532 0.5
3 681.972 199.378 -11.1319 0.5
3 857.914 16.4716 54.9818 0.5
3 897.532 188.166 47.1891 0.5
3 946.27 129.968 -95.4038 0.5
3 673.293 73.4823 -96.42 0.5
3 682.548 1.08219 14.672 0.5
3 769.546 60.6407 -91.9285 0.5
3 757.559 47.5748 85.1563 0.5
3 753.371 32.7634 74.0219 0.5
3 694.128 59.903 91.6091 0.5
3 815.391 137.469 -92.7151 0.5
3 943.854 0.32943 -8.11033 0.5
3 971.835 198.393 -17.8543 0.5
3 753.271 24.2939 65.3345 0.5
3 889.827 194.578 -32.4818 0.5
3 710.63 31.6196 72.9666 0.5
3 905.187 186.63 -49.953 0.5
3 997.006 169.171 -72.2178 0.5
3 947.601 20.6617 60.8723 0.5
3 821.843 7.35561 37.6433 0.5
3 828.542 109.113 -99.5839 0.5
3 671.538 86.6776 99.1086 0.5
3 776.392 147.325 88.093 0.5
3 679.996 0.918188 -13.5202 0.5
3 721.956 121.115 -97.7454 0.5
3 725.135 125.115 -96.7948 0.5
3 971.535 0.0826613 -4.06515 0.5
3 853.66 172.51 -68.8648 0.5
3 766.709 199.954 3.02695 0.5
3 909.982 91.9145 99.6726 0.5
3 918.476 113.083 -99.1405 0.5
3 966.769 64.5293 93.4978 0.5
3 971.263 19.9536 59.9381 0.5
3 780.87 65.2813 -93.7796 0.5
3 859.257 132.303 94.6388 0.5
3 772.206 8.86541 -41.1641 0.5
3 930.732 6.12928 34.4715 0.5
3 864.704 113.309 -99.1104 0.5
3 901.731 175.174 -65.9465 0.5
3 881.338 102.745 99.9623 0.5
3 778.438 27.9763 -69.3728 0.5
3 869.759 109.938 99.5049 0.5
3 908.542 61.1301 92.1365 0.5
3 929.526 184.037 -54.2017 0.5
3 706.759 186.838 -49.5894 0.5
3 983.956 138.046 92.4796 0.5
3 942.424 186.536 -50.1152 0.5
3 863.634 115.883 -98.7306 0.5
3 891.131 198.47 -17.427 0.5
3 775.329 40.9563 80.7084 0.5
3 700.738 132.178 -94.6815 0.5
3 923.23 140.427 91.4641 0.5
3 869.588 0.0367734 -2.7117 0.5
3 982.904 170.026 -71.3887 0.5
3 854.163 93.624 -99.7965 0.5
3 968.946 148.032 -87.7095 0.5
3 977.176 114.17 -98.991 0.5
3 812.746 30.4503 -71.8529 0.5
3 794.831 147.716 -87.8819 0.5
3 945.642 28.8996 70.3188 0.5
3 846.828 136.274 93.1891 0.5
3 773.407 30.992 -72.3733 0.5
3 667.835 198.944 14.4975 0.5
3 978.331 174.785 66.3872 0.5
3 689.434 156.257 82.6753 0.5
3 992.852 43.5404 82.5367 0.5
3 871.991 40.7162 80.5321 0.5
3 985.189 114.337 98.967 0.5
3 679.125 130.935 -95.0948 0.5
3 773.036 8.95301 41.3575 0.5
3 718.755 157.41 -81.8782 0.5
3 833.963 172.933 68.416 0.5
3 989.404 198.825 15.287 0.5
3 812.554 111.21 99.3697 0.5
3 748.51 78.3795 97.6348 0.5
3 772.996 196.553 26.0283 0.5
3 962.661 161.111 79.1547 0.5
3 883.771 117.432 98.4689 0.5
3 770.771 41.7316 81.2699 0.5
3 930.337 2.62342 -22.7552 0.5
3 844.75 0.328615 8.1003 0.5
3 696.594 161.073 79.1838 0.5
3 944.112 193.17 -36.3229 0.5
3 798.018 141.802 -90.8439 0.5
3 791.91 181.728 -57.624 0.5
3 690.744 80.9242 98.1637 0.5
3 710.104 128.742 -95.7806 0.5
3 756.872 0.244691 -6.99131 0.5
3 681.733 124.505 96.9511 0.5
3 700.687 19.7642 -59.6843 0.5
3 670.093 60.6928 -91.9508 0.5
3 693.918 194.116 33.7949 0.5
3 825.353 196.656 25.6433 0.5
3 969.088 103.703 -99.9314 0.5
3 695.227 179.014 61.2928 0.5
3 782.595 3.50613 26.2475 0.5
3 781.733 198.813 -15.3591 0.5
3 751.282 157.209 82.019 0.5
3 770.717 199.587 -9.07458 0.5
3 845.521 71.8026 95.9422 0.5
3 986.504 137.809 92.577 0.5
3 794.857 140.23 91.5508 0.5
3 836.356 152.74 -84.9618 0.5
3 946.137 80.6559 98.1112 0.5
3 683.624 191.316 -40.7597 0.5
3 942.982 4.13409 -28.4557 0.5
3 947.178 39.8026 79.8516 0.5
3 711.357 6.4116 35.2308 0.5
3 775.487 39.171 -79.3715 0.5
3 842.588 148.544 -87.4273 0.5
3 977.339 150.906 -86.0728 0.5
3 960.789 193.409 35.7039 0.5
3 935.901 34.3613 -75.4424 0.5
3 688.737 110.497 -99.4475 0.5
3 899.353 177.017 63.7837 0.5
3 874.366 55.155 89.3808 0.5
3 684.2 123.067 97.3033 0.5
3 781.651 0.460731 9.58822 0.5
3 675.189 0.0935388 4.32424 0.5
3 899.586 17.2545 -56.1532 0.5
3 877.865 57.7364 90.63 0.5
3 874.472 174.103 -67.1474 0.5
3 877.665 17.457 -56.4504 0.5
3 745.556 166.122 75.0195 0.5
3 959.348 110.173 99.4812 0.5
3 817.215 12.0692 -47.6253 0.5
3 699.213 87.1464 99.1705 0.5
3 800.429 171.423 69.9908 0.5
3 975.019 4.94606 -31.0604 0.5
3 749.367 28.4987 69.9111 0.5
3 977.291 27.7044 69.0894 0.5
3 800.131 199.704 7.69017 0.5
3 869.336 197.824 20.7488 0.5
3 701.317 23.3182 -64.1865 0.5
3 964.206 43.884 -82.7707 0.5
3 831.798 122.333 97.4742 0.5
3 927.643 82.6548 -98.4842 0.5
3 809.832 199.938 -3.53469 0.5
3 941.482 29.77 -71.1882 0.5
3 806.278 25.1001 -66.2571 0.5
3 866.585 179.366 60.8359 0.5
3 892.844 87.7547 -99.2474 0.5
3 741.465 128.773 -95.7712 0.5
3 907.187 5.74754 -33.4137 0.5
3 734.216 2.82766 -23.6122 0.5
3 738.54 140.691 91.347 0.5
3 953.227 183.873 -54.4555 0.5
3 806.937 42.2746 -81.6564 0.5
3 703.735 15.3499 -53.2387 0.5
3 827.593 131.509 94.9061 0.5
3 920.348 35.6855 -76.5744 0.5
3 675.192 179.74 60.3454 0.5
3 878.937 12.4289 48.2835 0.5
3 758.767 58.7025 91.0742 0.5
3 676.17 27.5781 68.957 0.5
3 927.41 62.9266 -92.8739 0.5
3 696.108 137.568 92.6749 0.5
3 775.225 185.329 -52.1429 0.5
3 681.473 93.6142 -99.7959 0.5
3 667.646 199.824 5.93361 0.5
3 754.984 151.65 -85.6289 0.5
3 928.261 1.14099 15.0631 0.5
3 999.198 94.4731 -99.8472 0.5
3 857.142 5.99025 34.0906 0.5
3 688.532 145.285 89.1585 0.5
3 961.688 143.773 89.9107 0.5
3 868.059 183.834 54.5149 0.5
3 970.767 115.23 98.8335 0.5
3 759.351 48.2016 -85.539 0.5
3 826.548 159.674 -80.2435 0.5
3 958.256 195.708 -28.9836 0.5
3 803.806 78.3608 97.6307 0.5
3 816.312 151.031 85.9991 0.5
3 922.171 5.9486 33.9755 0.5
3 867.599 101.407 99.9901 0.5
3 894.774 4.14895 -28.5057 0.5
3 716.212 175.356 65.7383 0.5
3 876.428 6.71277 -36.0207 0.5
3 847.39 184.446 -53.5611 0.5
3 787.064 62.4101 92.6661 0.5
3 692.775 57.9376 90.7235 0.5
3 930.139 21.5609 62.0267 0.5
3 672.562 159.151 -80.6299 0.5
3 705.738 58.1304 90.8126 0.5
3 806.486 77.0847 -97.339 0.5
3 689.626 196.389 -26.6296 0.5
3 804.16 181.933 57.3318 0.5
3 982.914 29.6467 71.0662 0.5
3 713.181 16.1783 54.5338 0.5
3 870.594 101.064 -99.9943 0.5
3 761.851 192.838 -37.1644 0.5
3 792.031 45.3025 -83.7149 0.5
3 954.702 0.658164 -11.4542 0.5
3 869.873 93.9276 -99.8155 0.5
3 909.935 147.735 87.8713 0.5
3 711.03 5.63758 33.1019 0.5
3 907.327 0.833399 12.8835 0.5
3 776.706 80.1628 -98.0127 0.5
3 857.283 2.93641 -24.0553 0.5
3 898.691 88.2646 -99.309 0.5
3 874.58 83.6998 98.6626 0.5
3 875.352 29.3089 70.7302 0.5
3 695.352 149.365 86.9662 0.5
3 964.982 197.503 22.2085 0.5
3 959.896 29.6181 -71.038 0.5
3 902.544 50.5335 -86.9084 0.5
3 747.687 192.079 39.0066 0.5
3 957.68 0.207116 -6.43275 0.5
3 905.48 10.7261 45.0574 0.5
3 770.844 198.777 -15.5912 0.5
3 998.006 168.158 73.174 0.5
3 739.692 30.2622 -71.6704 0.5
3 736.479 31.7041 -73.0456 0.5
3 785.417 78.7337 97.7126 0.5
3 711.669 3.01569 24.373 0.5
3 693.729 198.15 -19.1484 0.5
3 999.392 153.537 -84.4619 0.5
3 702.888 190.821 -41.8511 0.5
3 680.728 102.858 99.9592 0.5
3 733.941 197.248 23.3 0.5
3 957.809 194.159 33.6771 0.5
3 742.305 197.936 -20.2116 0.5
3 877.916 44.8056 83.3881 0.5
3 860.43 170.505 70.9154 0.5
3 844.585 0.0452536 -3.0081 0.5
3 752.298 73.2021 -96.3425 0.5
3 883.11 187.587 -48.2547 0.5
3 755.287 35.8245 -76.691 0.5
3 716.491 33.9611 -75.0923 0.5
3 749.535 160.382 -79.7124 0.5
3 889.154 42.3714 81.7248 0.5
3 873.854 50.5125 86.8964 0.5
3 779.81 196.991 24.3469 0.5
3 791.222 177.791 62.837 0.5
3 930.195 113.228 -99.1213 0.5
3 679.397 198.058 -19.6122 0.5
3 972.029 44.6167 -83.2627 0.5
3 832.059 4.38723 29.295 0.5
3 841.6 130.552 95.2186 0.5
3 892.961 199.85 5.4771 0.5
3 774.803 89.0736 99.4013 0.5
3 809.536 76.3022 -97.1515 0.5
3 927.481 199.041 13.8158 0.5
3 725.559 99.5367 99.9989 0.5
3 854.523 171.442 -69.9714 0.5
3 814.559 199.813 6.11048 0.5
3 763.92 188.053 -47.3981 0.5
3 883.451 6.64933 35.856 0.5
3 976.877 199.909 -4.25781 0.5
3 697.664 199.634 8.55133 0.5
3 953.798 48.2031 85.5399 0.5
3 981.801 199.789 6.4856 0.5
3 757.657 20.9596 -61.2586 0.5
3 917.847 55.3253 -89.466 0.5
3 713.376 26.2847 -67.5725 0.5
3 881.64 100.36 -99.9994 0.5
3 775.149 2.63143 22.7895 0.5
3 866.183 7.60675 38.2555 0.5
3 892.562 3.29556 25.4608 0.5
3 918.632 198.837 15.2069 0.5
3 898.098 188.553 46.4575 0.5
3 809.893 195.444 -29.8393 0.5
3 898.739 139.332 91.94 0.5
3 799.456 2.16024 -20.6732 0.5
3 863.118 155.792 82.9897 0.5
3 783.026 164.279 -76.604 0.5
3 808.223 175.042 66.0956 0.5
3 894.695 175.715 65.3236 0.5
3 812.835 152.597 -85.0506 0.5
3 877.484 157.062 -82.1213 0.5
3 695.82 38.5126 -78.8625 0.5
3 729.318 76.7764 97.2659 0.5
3 684.588 58.2553 -90.8701 0.5
3 724.846 104.744 99.8874 0.5
3 674.668 83.3076 98.597 0.5
3 721.79 23.3161 64.184 0.5
3 949.954 36.1643 76.9741 0.5
3 840.08 84.3636 -98.77 0.5
3 769.788 63.1907 92.9789 0.5
3 685.763 7.77373 -38.6564 0.5
3 956.974 164.967 -76.0217 0.5
3 934.223 130.717 -95.1653 0.5
3 781.514 3.55274 26.4183 0.5
3 769.259 8.07126 -39.3587 0.5
3 987.28 167.932 -73.3842 0.5
3 710.258 199.926 3.85294 0.5
3 803.463 198.848 -15.1323 0.5
3 919.036 179.153 -61.1127 0.5
3 740.615 73.226 96.3491 0.5
3 943.149 8.43429 -40.196 0.5
3 971.507 76.2325 97.1345 0.5
3 698.304 170.1 71.316 0.5
3 874.771 111.356 99.3531 0.5
3 871.121 160.92 79.3019 0.5
3 725.838 121.597 97.64 0.5
3 786.647 81.7371 98.3182 0.5
3 928.896 23.2654 -64.1233 0.5
3 962.857 55.2681 89.4375 0.5
3 874.457 190.123 -43.3344 0.5
3 894.007 199.462 -10.3618 0.5
3 846.715 198.223 18.7681 0.5
3 810.035 149.366 -86.9656 0.5
3 684.493 71.9981 95.9995 0.5
3 935.736 5.58127 -32.9409 0.5
3 797.359 199.761 6.91176 0.5
3 902.65 49.087 86.069 0.5
3 818.124 12.4901 -48.3944 0.5
3 966.075 1.05623 14.4958 0.5
3 970.904 165.19 -75.8308 0.5
3 891.727 3.82553 -27.3947 0.5
3 734.013 91.3358 99.624 0.5
3 904.979 174.403 66.8144 0.5
3 786.499 8.32034 -39.9354 0.5
3 989.786 194.175 33.6326 0.5
3 722.633 78.4065 -97.6408 0.5
3 943.601 186.346 -50.4419 0.5
3 766.337 2.33723 21.4938 0.5
3 855.538 55.9724 89.7862 0.5
