0 179.795 86.4331 6.39834 0.5
0 63.2411 93.8803 -13.6949 0.5
0 28.2379 109.02 -11.985 0.5
0 57.1051 88.1684 -9.22021 0.5
0 314.277 110.408 10.8018 0.5
0 121.767 109.917 11.2544 0.5
0 333.067 112.158 8.78543 0.5
0 118.821 111.995 9.00704 0.5
0 60.4871 93.0954 -13.3164 0.5
0 316.721 108.165 12.5831 0.5
0 48.3236 89.1894 -10.3986 0.5
0 106.752 112.385 -8.4627 0.5
0 247.734 110.438 10.7724 0.5
0 119.547 110.768 10.443 0.5
0 79.2072 108.304 12.492 0.5
0 96.1443 109.637 11.4945 0.5
0 147.16 88.427 9.5428 0.5
0 214.555 85.1185 1.88192 0.5
0 205.185 107.771 12.83 0.5
0 176.707 111.672 -9.42186 0.5
0 234.309 114.88 1.8942 0.5
0 220.001 107.376 -13.0614 0.5
0 93.4706 85.0716 -1.46401 0.5
0 312.538 87.2021 7.8239 0.5
0 20.7564 96.5609 -14.6004 0.5
0 145.243 114.972 0.915007 0.5
0 130.997 89.9073 -11.0967 0.5
0 51.5911 100.918 -14.9719 0.5
0 294.472 114.579 -3.52692 0.5
0 197.665 102.274 -14.8267 0.5
0 85.036 111.21 9.9671 0.5
0 174.208 99.5733 14.9939 0.5
0 225.45 91.6076 12.4325 0.5
0 51.1584 85.1763 2.29333 0.5
0 164.019 109.178 -11.8647 0.5
0 272.407 87.6396 8.49828 0.5
0 11.6701 114.136 -5.01765 0.5
0 153.264 112.558 -8.20288 0.5
0 48.8425 114.865 -2.00637 0.5
0 40.3452 86.6067 -6.75423 0.5
0 238.494 112.641 8.0757 0.5
0 294.665 86.3186 6.14979 0.5
0 74.1932 95.8257 -14.4075 0.5
0 291.115 86.0962 -5.6288 0.5
0 303.17 97.7902 -14.8363 0.5
0 218.365 110.485 -10.7271 0.5
0 179.728 90.2998 11.4414 0.5
0 22.4217 89.0506 -10.2523 0.5
0 267.446 104.331 -14.3611 0.5
0 146.588 86.0424 5.49415 0.5
0 257.563 105.132 -14.0949 0.5
0 327.703 86.4944 6.52677 0.5
0 318.658 107.061 -13.2344 0.5
0 0.669976 96.3844 14.5577 0.5
0 18.1731 85.2806 2.88786 0.5
0 241.847 111.913 9.11433 0.5
0 103.044 87.2921 -7.96929 0.5
0 16.4789 113.111 -7.28733 0.5
0 56.9071 92.1595 -12.7878 0.5
0 42.5456 86.0766 5.58012 0.5
0 144.481 104.683 -14.2501 0.5
0 239.94 105.698 -13.8755 0.5
0 301.545 91.7717 -12.5417 0.5
0 254.694 108.297 12.4966 0.5
0 23.1291 90.5456 -11.6454 0.5
0 65.6965 99.7629 14.9981 0.5
0 190.969 106.345 13.592 0.5
0 255.251 87.909 8.87743 0.5
0 137.313 87.0051 -7.49215 0.5
0 62.7246 90.5321 -11.6344 0.5
0 98.7549 99.9138 -14.9998 0.5
0 15.5897 86.8111 7.1452 0.5
0 206.049 92.4473 -12.9598 0.5
0 134.662 110.75 10.4611 0.5
0 145.515 104.933 -14.1656 0.5
0 275.108 85.7422 4.65991 0.5
0 326.975 88.2362 -9.30663 0.5
0 228.12 103.094 14.6775 0.5
0 40.0634 88.4258 -9.54141 0.5
0 252.215 111.429 -9.71485 0.5
0 126.235 105.384 -14.0006 0.5
0 323.95 85.3689 -3.30633 0.5
0 130.818 86.4425 -6.41826 0.5
0 131.877 89.0215 -10.2212 0.5
0 52.8785 91.3801 12.2759 0.5
0 94.1953 86.1978 5.87365 0.5
0 109.761 111.255 9.91534 0.5
0 284.814 109.93 11.2423 0.5
0 138.156 112.361 8.49755 0.5
0 48.9597 95.1963 14.21 0.5
0 92.032 113.016 -7.45555 0.5
0 94.6795 103.666 -14.545 0.5
0 153.106 114.648 3.23188 0.5
0 286.115 89.5495 -10.7605 0.5
0 7.2612 109.324 11.7498 0.5
0 44.5574 114.997 0.284893 0.5
0 28.7713 114.855 -2.08059 0.5
0 205.647 106.13 -13.6902 0.5
0 103.516 114.924 1.51003 0.5
0 7.95082 104.701 -14.2444 0.5
0 102.038 85.5727 -4.10533 0.5
0 253.235 87.3927 -8.12748 0.5
0 203.483 114.981 0.751856 0.5
0 2.87839 105.931 -13.7777 0.5
0 100.66 101.026 14.9649 0.5
0 124.155 93.0238 -13.279 0.5
0 38.8911 85.9117 5.14971 0.5
0 321.903 105.61 -13.9114 0.5
0 199.146 90.3129 -11.4525 0.5
0 317.756 85.0073 -0.467003 0.5
0 244.583 111.433 9.71023 0.5
0 73.8592 85.9942 5.37012 0.5
0 71.4603 114.038 -5.28557 0.5
0 24.2815 87.5016 8.29399 0.5
0 38.4174 99.74 14.9977 0.5
0 62.6868 110.675 -10.5373 0.5
0 253.237 87.6543 8.51954 0.5
0 119.436 114.098 5.12411 0.5
0 129.181 94.8229 -14.0783 0.5
0 176.292 85.9899 -5.35886 0.5
0 189.471 105.722 13.8659 0.5
0 264.507 98.0349 14.8707 0.5
0 251.704 85.23 -2.61676 0.5
0 292.102 105.263 -14.0462 0.5
0 91.5817 114.993 -0.454254 0.5
0 328.139 85.1305 1.97444 0.5
0 259.087 112.691 7.99606 0.5
0 114.362 113.661 -6.19512 0.5
0 167.982 113.929 5.56513 0.5
0 327.346 89.6936 10.8985 0.5
0 103.628 98.4786 14.9226 0.5
0 175.245 114.187 -4.87202 0.5
0 253.92 85.2722 -2.84453 0.5
0 312.285 114.286 4.57227 0.5
0 39.6486 86.5186 6.5766 0.5
0 63.6159 105.503 13.9539 0.5
0 48.0312 85.8244 -4.90435 0.5
0 233.396 91.421 12.3045 0.5
0 254.806 110.109 11.082 0.5
0 234.629 114.498 3.84918 0.5
0 229.803 104.259 -14.3828 0.5
0 270.685 114.775 2.59044 0.5
0 314.693 101.534 -14.9214 0.5
0 271.108 88.7018 -9.86659 0.5
0 39.7887 85.5337 3.96565 0.5
0 15.1901 108.233 12.5383 0.5
0 302.035 104.365 14.351 0.5
0 245.059 97.6151 14.8092 0.5
0 143.151 86.4432 6.4197 0.5
0 133.137 91.913 -12.6333 0.5
0 36.1736 85.0083 -0.49812 0.5
0 50.7737 85.0123 0.606623 0.5
0 260.318 112.911 -7.636 0.5
0 1.8618 101.406 -14.934 0.5
0 45.0392 100.99 -14.9673 0.5
0 21.9247 85.09 -1.64105 0.5
0 95.7315 86.3397 6.19639 0.5
0 121.418 91.8322 12.5812 0.5
0 93.4321 108.136 -12.6021 0.5
0 130.635 112.623 -8.10367 0.5
0 270.812 106.637 -13.4516 0.5
0 331.833 102.536 -14.784 0.5
0 199.274 111.86 -9.18383 0.5
0 291.756 114.237 -4.72412 0.5
0 163.911 102.705 -14.754 0.5
0 196.049 102.719 14.7515 0.5
0 132.663 110.773 10.4377 0.5
0 63.2459 95.5085 14.3118 0.5
0 181.112 108.265 -12.5174 0.5
0 232.675 86.6653 6.86928 0.5
0 224.726 90.88 -11.909 0.5
0 131.016 87.4083 8.15161 0.5
0 88.1163 86.3473 6.21321 0.5
0 17.5118 95.4305 14.287 0.5
0 83.5143 114.971 -0.932502 0.5
0 140.794 100.724 14.9825 0.5
0 174.677 105.09 -14.1101 0.5
0 150.115 89.9102 -11.0994 0.5
0 310.43 110.787 -10.4233 0.5
0 73.1671 85.5716 4.10153 0.5
0 199.58 106.933 -13.3015 0.5
0 147.389 92.3519 -12.9037 0.5
0 294.641 85.0088 -0.513359 0.5
0 241.377 114.032 5.30212 0.5
0 35.9243 92 12.6886 0.5
0 117.965 93.3633 13.4519 0.5
0 265.881 112.416 8.41754 0.5
0 148.216 106.993 -13.27 0.5
0 101.5 103.203 14.654 0.5
0 32.1781 86.4503 6.43476 0.5
0 3.23935 85.014 -0.648984 0.5
0 69.6619 85.0203 -0.78009 0.5
0 270.005 99.7741 -14.9983 0.5
0 227.119 92.7838 -13.1501 0.5
0 38.9607 93.5969 -13.5647 0.5
0 314.097 87.6542 8.51949 0.5
0 103.149 88.4874 -9.6156 0.5
0 170.581 109.48 11.6247 0.5
0 213.902 94.9957 -14.1406 0.5
0 251.869 93.2135 -13.377 0.5
0 272.281 111.755 9.31755 0.5
0 18.868 114.991 0.524744 0.5
0 181.106 114.396 4.21208 0.5
0 163.303 114.525 -3.74375 0.5
0 139.684 104.908 14.1744 0.5
0 131.315 109.414 -11.6777 0.5
0 249.63 110.529 -10.684 0.5
0 254.86 102.94 14.7091 0.5
0 182.337 91.6333 -12.4498 0.5
0 175.987 95.8577 -14.4167 0.5
0 157.988 101.194 -14.9524 0.5
0 158.853 91.2567 -12.1883 0.5
0 168.328 114.991 0.523841 0.5
0 260.903 114.996 -0.353448 0.5
0 229.332 92.7404 -13.1262 0.5
0 45.067 97.2857 14.7524 0.5
0 124.068 102.975 14.7019 0.5
0 153.269 104.426 -14.3322 0.5
0 34.9877 99.026 -14.9683 0.5
0 300.638 114.29 4.55944 0.5
0 123.487 114.551 3.64371 0.5
0 166.211 111.862 9.18126 0.5
0 77.8318 87.6707 8.54331 0.5
0 280.517 114.016 -5.34358 0.5
0 187.993 102.298 -14.8229 0.5
0 111.765 102.985 14.7 0.5
0 99.867 114.683 -3.06904 0.5
0 51.4659 86.1846 5.84244 0.5
0 213.549 100.941 -14.9705 0.5
0 201.345 86.9106 -7.32586 0.5
0 255.332 104.171 14.4084 0.5
0 276.173 92.3666 -12.9125 0.5
0 332.96 101.448 14.93 0.5
0 53.4157 85.9671 5.29886 0.5
0 184.528 114.383 4.25759 0.5
0 94.266 114.856 -2.07572 0.5
0 145.004 85.0816 -1.56232 0.5
0 68.8183 114.255 4.66836 0.5
0 312.555 114.139 -5.00981 0.5
0 298.591 91.097 -12.0721 0.5
0 180.032 105.429 -13.983 0.5
0 165.573 96.9181 -14.68 0.5
0 161.76 111.794 9.26876 0.5
0 49.4984 95.0003 -14.1422 0.5
0 74.3812 113.233 -7.06256 0.5
0 188.652 86.626 -6.79239 0.5
0 46.3301 114.601 3.43726 0.5
0 120.896 93.8694 13.69 0.5
0 328.12 89.0007 10.1988 0.5
0 86.7267 97.4218 -14.7768 0.5
0 31.4217 114.413 4.15634 0.5
0 308.859 110.543 -10.6702 0.5
0 84.0357 114.631 3.30642 0.5
0 154.479 111.69 9.39947 0.5
0 201.634 103.268 14.6397 0.5
0 227.963 92.0962 -12.7487 0.5
0 240.399 111.325 -9.83577 0.5
0 146.266 113.674 -6.16651 0.5
0 321.154 86.6738 -6.88574 0.5
0 120.201 85.7926 -4.81145 0.5
0 179.85 114.902 1.71492 0.5
0 234.135 88.9765 -10.1727 0.5
0 190.108 89.4878 10.7002 0.5
0 166.127 108.258 -12.5225 0.5
0 194.415 114.869 -1.97892 0.5
0 199.277 96.0553 -14.472 0.5
0 43.9748 87.1851 -7.79605 0.5
0 192.243 98.8108 -14.9528 0.5
0 94.488 114.419 -4.1333 0.5
0 320.971 114.384 4.25343 0.5
0 53.7891 114.565 3.5872 0.5
0 49.0825 114.93 1.45246 0.5
0 56.9853 98.937 14.9623 0.5
0 165.178 88.1224 -9.1609 0.5
0 196.044 86.1308 5.71365 0.5
0 158.464 93.9967 -13.7463 0.5
0 191.352 103.494 -14.5875 0.5
0 235.997 91.9698 -12.6695 0.5
0 123.695 95.3048 -14.2462 0.5
0 235.793 104.546 -14.2945 0.5
0 233.59 88.0409 -9.05422 0.5
0 217.212 113.295 -6.94545 0.5
0 296.127 106.534 -13.5019 0.5
0 23.2102 106.715 13.4128 0.5
0 138.804 111.702 -9.38373 0.5
0 198.682 86.414 -6.35777 0.5
0 135.751 114.982 0.72463 0.5
0 136.595 107.959 -12.7141 0.5
0 300.985 90.125 11.2909 0.5
0 32.3425 86.8509 -7.21819 0.5
0 208.375 114.753 -2.70917 0.5
0 263.831 90.8828 -11.9112 0.5
0 290.541 113.007 -7.47095 0.5
0 213.793 110.025 -11.1577 0.5
0 92.1339 114.58 3.52419 0.5
0 70.4116 96.5585 -14.5999 0.5
0 327.707 107.15 -13.1862 0.5
0 301.135 92.8628 13.1932 0.5
0 237.416 85.5525 -4.03344 0.5
0 123.081 114.211 4.80217 0.5
0 151.345 90.8775 11.9071 0.5
0 284.612 86.3054 -6.12036 0.5
0 56.302 85.015 -0.670177 0.5
0 89.0973 91.8617 12.6003 0.5
0 30.1767 89.4862 10.6986 0.5
0 322.238 105.162 14.0837 0.5
0 179.588 93.1566 13.348 0.5
0 274.151 90.4697 11.5834 0.5
0 250.982 85.0039 -0.340628 0.5
0 278.332 99.9008 -14.9997 0.5
1 381.533 22.0403 13.9454 0.5
1 339 75.2192 1.02148 0.5
1 337.127 92.8746 -14.9897 0.5
1 382.149 24.309 12.1039 0.5
1 356.301 71.9518 9.3451 0.5
1 337.355 100.459 -13.0338 0.5
1 350.228 83.5664 7.77448 0.5
1 349.797 72.7935 -14.9427 0.5
1 342.867 82.2813 14.9514 0.5
1 339.871 77.6158 10.1317 0.5
1 388.16 17.7405 7.97645 0.5
1 388.032 19.5986 4.40431 0.5
1 368.796 46.3606 -12.8228 0.5
1 388.822 16.3399 -8.36902 0.5
1 362.006 49.3989 -14.9706 0.5
1 339.901 101.062 -8.38397 0.5
1 366.182 57.5664 3.97961 0.5
1 368.998 50.2775 8.93326 0.5
1 366.372 27.8023 0.900145 0.5
1 383.937 4.00443 -12.4625 0.5
1 378.924 6.15162 1.86804 0.5
1 386.257 -6.47684 -2.38183 0.5
1 340.53 78.5218 -11.9895 0.5
1 369.536 28.6536 12.261 0.5
1 345.32 67.4527 9.27957 0.5
1 348.884 86.4854 6.70029 0.5
1 367.348 42.1845 -14.9596 0.5
1 342.336 93.5757 -11.8721 0.5
1 356.862 48.27 -10.223 0.5
1 338.756 104.93 4.45784 0.5
1 373.517 16.2815 5.0691 0.5
1 346.525 75.0152 -14.8471 0.5
1 383.734 -1.66132 4.31768 0.5
1 358.782 70.8945 -0.887432 0.5
1 363.816 32.2347 -0.988793 0.5
1 340.334 73.2728 3.43434 0.5
1 360.237 61.7819 12.4411 0.5
1 388.183 13.9467 12.0379 0.5
1 367.622 31.421 -11.8556 0.5
1 388.542 11.1712 -13.3721 0.5
1 356.537 49.4409 10.839 0.5
1 343.303 68.6768 5.23844 0.5
1 376.723 14.4534 -10.8159 0.5
1 341.128 99.965 6.60884 0.5
1 351.329 54.3621 3.95892 0.5
1 352.396 62.347 14.266 0.5
1 366.352 56.2258 -6.7089 0.5
1 375.182 18.8756 -12.261 0.5
1 385.084 22.5059 8.80852 0.5
1 338.945 105.275 0.389431 0.5
1 374.349 13.9581 -0.0318387 0.5
1 374.465 22.1143 13.4481 0.5
1 371.525 45.8585 -8.98911 0.5
1 343.395 83.3733 -14.9786 0.5
1 334.197 102.484 -14.4625 0.5
1 367.055 33.8226 -12.8309 0.5
1 351.431 72.7147 14.4398 0.5
1 371.828 36.2145 14.719 0.5
1 359.68 57.5012 -14.6686 0.5
1 336.077 81.8399 -6.72562 0.5
1 353.303 58.1241 -13.1107 0.5
1 345.308 64.5516 -2.9459 0.5
1 380.085 33.6704 -3.23314 0.5
1 352.092 82.367 2.05361 0.5
1 378.445 34.6804 7.7939 0.5
1 353.449 55.0737 11.1034 0.5
1 355.101 55.0813 13.1506 0.5
1 375.404 27.1259 -15 0.5
1 343.856 90.4681 12.224 0.5
1 366.232 44.7279 14.9022 0.5
1 380.165 5.58492 6.9364 0.5
1 370.116 34.3962 -14.8798 0.5
1 384.276 25.6071 5.77713 0.5
1 383.492 23.7778 10.5576 0.5
1 354.559 78.1388 1.70325 0.5
1 356.299 50.473 -11.4002 0.5
1 341.069 89.2419 14.7658 0.5
1 353.949 79.1993 1.66324 0.5
1 362.141 35.9278 4.90519 0.5
1 374.622 14.2875 -4.83593 0.5
1 368.053 26.7232 7.23229 0.5
1 353.206 63.5188 -14.8577 0.5
1 333.448 92.8077 -13.2697 0.5
1 386.899 -7.27665 -3.84819 0.5
1 358.463 55.1194 14.9387 0.5
1 354.198 62.5129 -14.9393 0.5
1 382.327 3.31453 -9.22734 0.5
1 369.863 21.8393 1.81289 0.5
1 386.898 2.95222 14.3789 0.5
1 388.847 0.0262495 14.5052 0.5
1 373.974 21.5238 -12.6351 0.5
1 381.441 1.67475 -0.0916781 0.5
1 364.832 37.5405 -12.7498 0.5
1 379.323 7.35372 7.50139 0.5
1 341.057 101.404 -2.54254 0.5
1 371.179 48.9358 -3.89339 0.5
1 334.207 112.036 -6.43493 0.5
1 361.35 38.9202 8.21149 0.5
1 334.6 112.802 0.343759 0.5
1 385.136 24.497 4.76996 0.5
1 354.692 49.5893 6.70991 0.5
1 347.68 66.7311 -12.4139 0.5
1 371.784 18.4266 0.881297 0.5
1 360.007 41.657 8.80622 0.5
1 363.963 60.3461 6.74529 0.5
1 365.27 36.3308 12.4586 0.5
1 356.541 62.4093 -14.7718 0.5
1 338.529 86.0186 -14.1485 0.5
1 337.2 99.3671 -13.7192 0.5
1 373.039 34.1848 -14.7056 0.5
1 372.561 42.4841 -10.7825 0.5
1 335.685 82.8179 -7.29115 0.5
1 343.793 67.5572 4.4466 0.5
1 355.038 77.2585 2.09726 0.5
1 346.09 64.5235 -6.77689 0.5
1 379.666 8.39827 -9.80595 0.5
1 345.324 64.5334 2.99041 0.5
1 351.281 57.0551 9.18558 0.5
1 334.868 85.5449 -9.26437 0.5
1 381.15 2.66168 -3.77738 0.5
1 364.114 31.7388 1.26326 0.5
1 360.497 65.7998 -7.74013 0.5
1 363.011 41.2658 13.0867 0.5
1 377.139 18.7095 -13.9875 0.5
1 360.988 66.6659 3.58503 0.5
1 343.743 85.4129 14.5994 0.5
1 350.699 55.5834 4.40841 0.5
1 343.283 71.7057 -10.1323 0.5
1 381.339 4.09183 -7.88577 0.5
1 338.729 76.9725 6.14999 0.5
1 362.986 46.6964 -14.8735 0.5
1 385.315 14.2993 14.3603 0.5
1 357.019 43.984 -0.52785 0.5
1 383.377 26.1485 -7.77696 0.5
1 360.813 44.0462 -12.4554 0.5
1 386.781 16.3699 12.0413 0.5
1 374.973 13.1392 -2.78372 0.5
1 334.468 88.1591 11.2905 0.5
1 384.224 26.4533 3.4494 0.5
1 355.833 73.0666 8.95036 0.5
1 386.791 20.7692 6.81841 0.5
1 382.012 3.01523 -8.029 0.5
1 360.385 64.997 9.19467 0.5
1 364.76 46.3733 14.9783 0.5
1 359.537 57.924 14.6302 0.5
1 333.997 89.0573 -11.3625 0.5
1 363.328 34.2317 5.83993 0.5
1 341.377 74.2692 9.262 0.5
1 383.01 -0.967253 1.5076 0.5
1 382.141 13.6328 14.8881 0.5
1 348.899 60.3437 -7.98813 0.5
1 382.935 26.5458 8.35414 0.5
1 379.522 28.2973 -12.4955 0.5
1 383.606 -2.0429 -0.985745 0.5
1 370.869 33.3482 14.9103 0.5
1 357.502 49.9355 -12.5587 0.5
1 382.876 29.1802 0.526374 0.5
1 345.399 83.9568 -14.1927 0.5
1 386.772 22.3166 -1.92593 0.5
1 340.902 90.267 -14.615 0.5
1 376.517 29.6964 14.3116 0.5
1 348.949 59.0177 -5.55171 0.5
1 368.661 24.0906 -2.88443 0.5
1 338.462 96.2117 14.108 0.5
1 347.859 88.8438 5.37566 0.5
1 376.292 39.1423 6.43795 0.5
1 341.806 87.9678 14.7654 0.5
1 375.553 28.4786 -14.9138 0.5
1 351.008 73.3659 -14.4624 0.5
1 340.959 73.1818 6.30682 0.5
1 363.613 62.0575 -3.82733 0.5
1 351.361 62.7442 13.7344 0.5
1 387.89 15.0399 -11.5799 0.5
1 381.569 24.099 12.9048 0.5
1 363.336 58.6052 10.6423 0.5
1 365.179 31.2609 -6.36879 0.5
1 384.703 23.6074 8.16534 0.5
1 339.026 103.983 -5.77476 0.5
1 343.789 86.8504 14.1563 0.5
1 362.616 61.1614 9.15766 0.5
1 386.779 0.586737 -13.3483 0.5
1 388.598 9.27414 -14.144 0.5
1 378.312 37.022 1.48321 0.5
1 378.743 29.0082 12.8963 0.5
1 356.135 74.0089 6.53332 0.5
1 375.606 36.1683 11.6997 0.5
1 386.929 20.0184 -7.74097 0.5
1 377.241 18.5598 13.9985 0.5
1 371.235 35.9796 -14.9114 0.5
1 376.995 36.514 -8.81275 0.5
1 338.186 106.587 -0.474659 0.5
1 351.204 82.8302 5.91818 0.5
1 338.431 99.0332 -12.7746 0.5
1 350.304 84.8481 -4.70671 0.5
1 352.398 58.3724 -12.285 0.5
1 386.562 -7.16992 0.864442 0.5
1 362.102 63.803 6.25923 0.5
1 349.759 64.9004 -13.4452 0.5
1 349.557 56.9152 0.6754 0.5
1 348.74 75.3386 14.863 0.5
1 343.4 77.4153 14.0886 0.5
1 346.633 81.3644 -14.34 0.5
1 334.951 82.7357 3.97713 0.5
1 347.661 67.9052 13.1155 0.5
1 360.397 42.303 -10.3878 0.5
1 357.605 44.4733 -6.56676 0.5
1 343.237 67.8748 -0.927778 0.5
1 348.013 84.4836 -11.2605 0.5
1 334.232 84.2066 -4.72381 0.5
1 341.358 81.2324 14.1882 0.5
1 373.85 43.0376 -7.09769 0.5
1 344.324 77.1129 -14.4975 0.5
1 342.861 97.6803 4.88442 0.5
1 385.681 24.2692 1.36206 0.5
1 341.834 96.9192 -9.45649 0.5
1 378.749 11.8571 -11.624 0.5
1 359.578 59.9264 -14.0007 0.5
1 386.302 18.985 10.4829 0.5
1 338.156 77.2791 4.30974 0.5
1 376.894 23.3162 -14.9491 0.5
1 372.996 45.5741 -4.619 0.5
1 365.41 56.6477 -8.71853 0.5
1 382.994 28.9663 -0.751769 0.5
1 348.007 69.0835 -13.9549 0.5
1 365.381 31.5776 -7.62915 0.5
1 366.323 31.9872 10.3336 0.5
1 340.243 91.513 -14.5907 0.5
1 350.381 71.6508 -14.9537 0.5
1 375.476 37.1382 11.0619 0.5
1 388.873 12.3163 -12.3497 0.5
1 347.293 62.012 -5.85578 0.5
1 379.694 4.83641 2.01096 0.5
1 380.224 26.7857 -12.6868 0.5
1 373.188 39.9264 12.032 0.5
1 375.204 40.979 -6.53582 0.5
1 343.825 96.7267 1.73227 0.5
1 353.719 55.307 -11.7015 0.5
1 348.932 79.5588 -13.4814 0.5
1 356.443 56.4115 -14.5711 0.5
1 355.909 64.4437 14.5749 0.5
1 346.45 66.2153 -10.1266 0.5
1 383.876 27.1375 -3.08456 0.5
1 367.69 41.1306 14.9865 0.5
1 375.594 19.7888 -13.259 0.5
1 388.851 -9.87188 -6.08208 0.5
1 347.127 87.7185 9.49768 0.5
1 361.644 35.9783 0.637056 0.5
1 358.562 71.1175 2.3461 0.5
1 345.554 77.823 14.9659 0.5
1 344.602 91.5923 -10.0781 0.5
1 385.73 -5.68479 1.43475 0.5
1 367.364 54.5604 6.53058 0.5
1 388.113 20.0705 -1.20917 0.5
1 386.199 15.9082 13.0049 0.5
1 336.951 104.287 10.66 0.5
1 337.618 79.2055 6.79427 0.5
1 340.518 101.048 -6.55277 0.5
1 386.051 9.47861 14.9792 0.5
1 387.11 18.2063 -9.80727 0.5
1 345.801 90.3756 9.03999 0.5
1 333.929 110.011 10.151 0.5
1 376.346 19.6475 13.8112 0.5
1 388.375 -5.76859 -10.7768 0.5
1 345.915 93.2073 -0.0496368 0.5
1 360.83 57.5809 -14.0675 0.5
1 347.651 62.7529 8.37039 0.5
1 382.004 1.71593 -5.42665 0.5
1 387.524 -8.67373 -2.35877 0.5
1 370.233 50.8189 2.82395 0.5
1 363.303 53.5413 13.9747 0.5
1 336.794 93.6674 14.9962 0.5
1 362.684 47.0948 14.8567 0.5
1 367.559 44.8023 14.4339 0.5
1 337.186 105.844 8.2657 0.5
1 333.528 103.501 -14.5007 0.5
1 359.346 68.6396 -6.11981 0.5
1 385.071 19.6878 -11.7695 0.5
1 382.858 0.580034 -6.23821 0.5
1 348.625 72.7642 -14.9812 0.5
1 368.681 28.6562 -11.0726 0.5
1 387.697 10.8334 14.1444 0.5
1 361.539 65.2303 -5.16126 0.5
1 377.573 8.88992 -3.8959 0.5
1 343.115 88.1084 14.124 0.5
1 388.838 -11.0926 -1.15568 0.5
1 386.41 -6.43582 3.82491 0.5
1 359.152 45.0072 10.9288 0.5
1 382.481 15.7414 -14.9749 0.5
2 373.671 -9.15587 6.68803 0.5
2 386.975 1.57519 -14.9584 0.5
2 381.29 -13.4706 -14.4334 0.5
2 379.499 -8.46262 14.4493 0.5
2 347.116 -53.8791 -2.99075 0.5
2 336.799 -82.6386 14.5082 0.5
2 349.436 -55.7149 12.1156 0.5
2 334.166 -101.755 10.465 0.5
2 381.572 5.28534 -4.8797 0.5
2 367.876 -18.3357 -4.5758 0.5
2 379.512 -24.7041 -8.6733 0.5
2 379.005 -4.09866 11.811 0.5
2 349.719 -49.3139 2.69357 0.5
2 366.539 -20.9591 -5.44609 0.5
2 337.078 -73.4708 -8.30277 0.5
2 346.112 -55.5821 2.81083 0.5
2 340.602 -78.7781 14.9609 0.5
2 347.05 -78.2234 11.5829 0.5
2 388.372 4.9051 14.8626 0.5
2 358.031 -57.5108 12.7887 0.5
2 357.456 -55.626 14.1572 0.5
2 383.755 -20.0309 -1.60866 0.5
2 339.912 -88.483 13.032 0.5
2 370.381 -39.9268 -9.45503 0.5
2 339.621 -93.6783 8.83896 0.5
2 361.621 -52.3854 12.0517 0.5
2 353.526 -50.4969 13.2776 0.5
2 381.63 -18.0835 11.7807 0.5
2 387.998 11.872 11.492 0.5
2 370.763 -41.8262 -4.81347 0.5
2 377.418 -28.832 7.91921 0.5
2 337.067 -95.0076 11.9813 0.5
2 383.891 7.94724 7.77299 0.5
2 358.412 -63.0111 5.38691 0.5
2 348.784 -60.1815 -13.9523 0.5
2 373.779 -7.40144 0.422359 0.5
2 334.848 -79.8449 11.1971 0.5
2 381.825 -15.9953 -12.9698 0.5
2 377.851 -20.746 -13.9933 0.5
2 342.489 -76.2831 14.9968 0.5
2 345.985 -62.7661 -12.8299 0.5
2 359.64 -56.8768 11.1879 0.5
2 338.245 -71.8131 -8.82388 0.5
2 339.756 -76.0642 -14.0471 0.5
2 338.769 -72.0785 10.2436 0.5
2 354.789 -70.142 2.08862 0.5
2 364.894 -30.6031 13.1686 0.5
2 372.287 -38.8469 -5.71854 0.5
2 339.809 -89.5529 -12.4816 0.5
2 344.721 -57.7997 -1.48989 0.5
2 339.003 -89.3742 -13.3981 0.5
2 379.045 -27.4534 4.89747 0.5
2 337.104 -72.2788 -6.23909 0.5
2 346.086 -77.924 12.9539 0.5
2 353.16 -43.8319 4.59827 0.5
2 362.027 -31.6851 -10.1267 0.5
2 350.741 -47.3461 1.19535 0.5
2 341.892 -91.6329 -5.36883 0.5
2 371.596 -40.7881 -3.39235 0.5
2 388.189 -6.35921 -12.058 0.5
2 374.26 -32.5535 10.2082 0.5
2 376.365 -28.6244 10.5055 0.5
2 344.304 -60.8907 -8.20499 0.5
2 366.938 -47.65 -6.73116 0.5
2 359.885 -50.1075 -14.55 0.5
2 367.115 -40.0749 13.6871 0.5
2 346.713 -54.336 -1.33538 0.5
2 334.18 -102.947 9.04927 0.5
2 388.049 -5.82267 12.597 0.5
2 370.147 -42.0138 6.88569 0.5
2 358.08 -37.5612 8.96382 0.5
2 385.462 11.6563 -5.84083 0.5
2 384.326 8.89424 -7.44318 0.5
2 352.945 -53.0941 13.9989 0.5
2 370.124 -14.3454 -4.26452 0.5
2 388.632 -5.04604 -12.443 0.5
2 362.337 -55.1894 7.52593 0.5
2 366.196 -36.8344 14.9432 0.5
2 367.013 -49.098 0.720777 0.5
2 341.36 -89.1371 -10.6228 0.5
2 363.223 -39.7313 -14.9699 0.5
2 384.584 -7.75838 14.4354 0.5
2 378.874 1.42645 -0.27277 0.5
2 387.254 -11.6401 8.1656 0.5
2 382.709 -11.2973 -14.3498 0.5
2 346.428 -72.4845 14.7523 0.5
2 354.779 -42.1857 -7.27223 0.5
2 377.213 -1.65341 2.46843 0.5
2 358.908 -37.4249 -10.484 0.5
2 348.527 -62.3418 14.5127 0.5
2 375.849 -33.7663 1.1616 0.5
2 380.101 2.75802 -4.81871 0.5
2 343.051 -77.5988 -14.8688 0.5
2 360.471 -59.3769 -5.56139 0.5
2 342.415 -82.6127 13.7941 0.5
2 333.383 -91.4049 14.9693 0.5
2 350.773 -64.3257 -14.8547 0.5
2 362.782 -26.4727 -0.945635 0.5
2 357.167 -42.8384 -12.4744 0.5
2 344.53 -66.6518 13.5637 0.5
2 347.318 -71.0761 14.7272 0.5
2 357.008 -44.2222 -13.147 0.5
2 339.217 -80.8143 14.9302 0.5
2 353.729 -56.4919 14.9867 0.5
2 372.497 -28.8684 -14.3848 0.5
2 358.045 -43.9076 13.8583 0.5
2 382.74 -3.6791 -14.6557 0.5
2 384.122 -19.4798 -0.228043 0.5
2 366.894 -33.7251 -14.9881 0.5
2 350.892 -49.7627 8.6217 0.5
2 382.771 -14.8984 12.6398 0.5
2 384.219 10.6528 -1.00975 0.5
2 350.926 -70.1778 -12.5608 0.5
2 353.677 -70.9854 -5.94596 0.5
2 372.495 -13.9447 -10.5366 0.5
2 338.372 -82.0482 -14.9062 0.5
2 385.503 -16.328 4.71929 0.5
2 373.011 -19.4841 14.3878 0.5
2 339.195 -96.9773 -3.08226 0.5
2 368.682 -42.5139 -9.87581 0.5
2 354.153 -60.3635 -14.4638 0.5
2 370.083 -33.6122 -14.2065 0.5
2 351.818 -45.5307 -1.70752 0.5
2 375.818 -15.657 -14.6531 0.5
2 370.768 -37.6435 11.1512 0.5
2 362.412 -53.1661 10.1084 0.5
2 388.854 15.0018 9.8791 0.5
2 355.424 -61.7571 -12.9497 0.5
2 382.842 -20.6475 5.51594 0.5
2 361.33 -30.2263 -6.03624 0.5
2 345.474 -77.892 -13.5326 0.5
2 343.885 -79.6423 13.9681 0.5
2 354.285 -69.4111 -7.03188 0.5
2 379.048 -14.5696 14.9436 0.5
2 361.106 -34.479 -11.2982 0.5
2 340.909 -66.0557 -6.98851 0.5
2 373.432 -13.4643 -11.581 0.5
2 341.741 -63.2525 3.2905 0.5
2 363.862 -24.5936 0.795887 0.5
2 355.81 -66.3222 -7.81478 0.5
2 384.72 -13.8762 -10.7802 0.5
2 362.349 -32.5253 11.4682 0.5
2 351.989 -60.9552 14.9777 0.5
2 377.689 -4.12525 -9.63324 0.5
2 342.812 -67.083 -12.0378 0.5
2 371.319 -28.5925 14.8747 0.5
2 378.909 -12.0284 14.9266 0.5
2 364.96 -33.2258 14.3264 0.5
2 367.062 -47.5992 6.3945 0.5
2 339.371 -87.8293 -13.8177 0.5
2 375.721 -11.8576 -13.1728 0.5
2 341.179 -64.2643 -3.45548 0.5
2 382.66 -0.224878 13.3761 0.5
2 360.731 -50.7643 13.8465 0.5
2 365.438 -49.4321 -8.15453 0.5
2 347.768 -78.1781 10.4828 0.5
2 353.658 -51.6724 -13.9258 0.5
2 375.448 -26.1507 13.4481 0.5
2 359.117 -35.1479 -8.07073 0.5
2 336.946 -93.0061 -13.3632 0.5
2 381.841 6.31682 -2.72949 0.5
2 382.71 -17.2602 10.8728 0.5
2 353.096 -46.6913 -9.59512 0.5
2 354.96 -40.0898 -1.70827 0.5
2 341.671 -77.405 14.9879 0.5
2 385.475 6.81334 12.0369 0.5
2 363.138 -49.6642 12.1209 0.5
2 345.205 -79.9922 12.6224 0.5
2 359.432 -33.3762 5.71277 0.5
2 344.606 -64.0141 12.0656 0.5
2 379.367 2.15402 1.96281 0.5
2 341.656 -64.6346 -6.73994 0.5
2 361.58 -52.9419 -11.676 0.5
2 357.785 -64.6004 -3.83348 0.5
2 344.124 -88.758 -0.222648 0.5
2 371.865 -32.6934 13.2763 0.5
2 386.183 13.2922 -4.82397 0.5
2 335.023 -104.099 -3.5476 0.5
2 343.895 -68.2724 -13.798 0.5
2 339.779 -94.642 6.82723 0.5
2 366.887 -21.7574 -8.1748 0.5
2 343.916 -85.7489 9.47451 0.5
2 373.995 -31.1597 11.8958 0.5
2 352.463 -59.9134 -14.9881 0.5
2 347.102 -81.1002 8.29347 0.5
2 374.345 -24.6483 14.6477 0.5
2 354.152 -44.4008 9.01375 0.5
2 370.606 -18.9306 -12.0286 0.5
2 363.895 -46.1674 13.4441 0.5
2 384.234 -11.2907 13.2649 0.5
2 341.673 -92.9274 -1.53477 0.5
2 386.874 12.4055 8.83607 0.5
2 385.554 -7.15126 14.0881 0.5
2 352.929 -70.5873 8.8943 0.5
2 338.153 -88.3611 -14.3828 0.5
2 340.468 -65.1569 -1.3818 0.5
2 363.178 -27.8242 7.59653 0.5
2 364.746 -49.2179 -10.0042 0.5
2 339.106 -96.6528 -4.83143 0.5
2 377.384 -1.17859 -0.877712 0.5
2 341.852 -64.445 7.02996 0.5
2 346.746 -56.9776 8.66945 0.5
2 379.332 -9.48391 14.634 0.5
2 366.344 -50.0093 2.80093 0.5
2 339.772 -77.7788 14.5813 0.5
2 382.327 5.50216 -7.32123 0.5
2 337.784 -75.3536 -11.699 0.5
2 368.655 -45.9773 2.95644 0.5
2 352.066 -48.3533 9.44696 0.5
2 346.741 -82.3314 -7.2998 0.5
2 357.831 -36.5659 6.63485 0.5
2 346.2 -68.5541 14.9133 0.5
2 383.755 9.44342 3.60604 0.5
2 381.512 -4.87199 -14.4202 0.5
2 386.688 -4.24849 -14.3969 0.5
2 355.02 -49.5917 -14.0342 0.5
2 350.082 -72.8751 -11.661 0.5
2 340.147 -95.6487 0.0769123 0.5
2 364.629 -42.8593 -14.2726 0.5
2 333.917 -76.5377 1.71068 0.5
2 351.638 -46.8793 5.72301 0.5
2 387.252 15.9104 0.944883 0.5
2 365.443 -31.8387 -14.1437 0.5
2 385.117 -6.07651 -14.6284 0.5
2 370.293 -28.0284 -14.9945 0.5
2 356.569 -61.9788 11.3778 0.5
2 340.611 -88.7915 12.0399 0.5
2 350.57 -53.3139 11.7833 0.5
2 372.429 -39.1662 -4.09149 0.5
2 341.606 -65.4284 7.99312 0.5
2 362.077 -35.6769 -13.2734 0.5
2 340.597 -65.2584 3.39706 0.5
2 333.37 -81.5768 -10.3995 0.5
2 354.596 -45.5569 -11.1211 0.5
2 364.697 -43.911 13.84 0.5
2 365.833 -44.0528 -12.755 0.5
2 357.89 -49.6773 -14.9981 0.5
2 386.426 7.55848 -12.6576 0.5
2 380.188 -21.0331 -11.4097 0.5
2 361.687 -50.5372 13.1608 0.5
2 337.796 -97.8267 7.29546 0.5
2 385.191 -5.98697 14.6196 0.5
2 344.119 -77.9617 14.4019 0.5
2 372.659 -10.7399 -6.33522 0.5
2 379.229 1.61715 -3.55296 0.5
2 339.67 -75.3947 13.7122 0.5
2 387.808 -5.06191 13.2848 0.5
2 343.475 -74.1376 -14.9814 0.5
2 357.85 -37.2276 7.88706 0.5
2 346.422 -61.5261 -12.5253 0.5
2 368.894 -34.5943 14.5272 0.5
2 357.427 -65.1092 4.23128 0.5
2 357.849 -47.439 -14.7818 0.5
2 367.362 -26.0295 -13.0017 0.5
2 349.549 -73.2885 12.0555 0.5
2 359.423 -61.7526 -3.87398 0.5
2 359.515 -54.7867 12.8824 0.5
2 373.401 -37.879 2.26604 0.5
2 380.136 -23.8299 -8.37407 0.5
2 368.286 -17.4612 4.02653 0.5
2 351.867 -48.1825 -8.7749 0.5
2 388.323 7.58326 14.2153 0.5
2 333.368 -77.8013 3.48572 0.5
2 349.26 -77.5598 7.98992 0.5
2 372.194 -10.5838 3.61939 0.5
2 372.798 -37.8613 5.95619 0.5
2 336.501 -80.9161 13.7273 0.5
2 345.873 -85.2358 -3.81851 0.5
2 365.974 -42.9445 13.2504 0.5
2 357.501 -58.4415 12.7807 0.5
2 360.993 -58.7822 -4.71419 0.5
2 340.688 -91.4726 9.31042 0.5
2 384.387 -12.2135 12.5664 0.5
2 367.969 -46.1248 6.18471 0.5
2 380.772 -24.7416 3.99717 0.5
2 376.91 -15.9729 14.9667 0.5
2 335.171 -102.038 7.86696 0.5
2 363.713 -34.2659 13.9294 0.5
2 388.317 14.4901 -9.37924 0.5
2 363.868 -52.3096 -7.90728 0.5
2 355.767 -40.149 -6.65269 0.5
2 370.704 -30.7998 14.6807 0.5
2 344.107 -86.9827 7.13649 0.5
2 353.277 -72.7704 -2.02087 0.5
2 383.842 -19.7552 2.51309 0.5
2 355.301 -66.3708 9.0392 0.5
2 356.243 -37.8235 -1.26852 0.5
2 348.313 -68.6556 14.8451 0.5
2 383.964 5.86762 -10.591 0.5
2 350.772 -62.267 -15 0.5
2 368.694 -19.0787 8.83057 0.5
2 340.75 -92.0637 -8.35279 0.5
2 350.101 -54.5036 12.0717 0.5
2 383.219 2.58224 12.2704 0.5
2 387.047 -13.9729 3.61521 0.5
2 373.39 -8.17748 1.78833 0.5
2 345.008 -61.7099 -10.6938 0.5
2 351.771 -73.8304 -6.90549 0.5
2 374.686 -35.825 0.15769 0.5
2 381.085 4.43763 4.89317 0.5
3 343.162 -79.3484 -7.30384 0.5
3 408.93 -101.812 -11.7199 0.5
3 404.923 -78.9811 -6.60194 0.5
3 341.637 -104.814 -8.49349 0.5
3 398.912 -78.4672 5.4295 0.5
3 351.095 -106.1 -6.22007 0.5
3 347.783 -106.77 -4.46584 0.5
3 379.198 -91.2005 -14.9479 0.5
3 391.393 -105.893 -6.65563 0.5
3 372.273 -78.4199 5.3061 0.5
3 407.507 -106.937 -3.89059 0.5
3 395.494 -78.6826 5.95447 0.5
3 363.323 -107.446 0.364475 0.5
3 428.145 -106.83 4.2699 0.5
3 434.937 -90.0069 14.7997 0.5
3 347.945 -94.6326 -14.8404 0.5
3 408.638 -77.4875 -1.05898 0.5
3 365.747 -100.029 12.9446 0.5
3 378.968 -107.449 -0.215972 0.5
3 361.032 -78.1352 -4.4815 0.5
3 414.215 -86.9149 -13.9414 0.5
3 395.709 -106.993 -3.67376 0.5
3 354.635 -77.4854 -1.02898 0.5
3 403.483 -85.1274 13.0911 0.5
3 429.874 -102.832 10.8268 0.5
3 387.273 -82.3307 11.0724 0.5
3 412.937 -90.4075 -14.8603 0.5
3 435.445 -88.5198 14.4759 0.5
3 350.175 -105.096 8.06754 0.5
3 416.468 -77.4911 1.10839 0.5
3 440.983 -81.4878 -10.2386 0.5
3 386.237 -79.2495 -7.1235 0.5
3 349.326 -107.414 -1.04401 0.5
3 442.957 -92.7496 -14.997 0.5
3 336.851 -98.6409 -13.6629 0.5
3 405.766 -78.327 -5.05367 0.5
3 405.336 -103.811 9.79482 0.5
3 408.845 -103.548 -10.0919 0.5
3 423.221 -96.928 -14.316 0.5
3 385.605 -107.102 -3.21069 0.5
3 374.272 -107.408 -1.12432 0.5
3 402.504 -92.1364 -14.9967 0.5
3 442.358 -78.2006 -4.68542 0.5
3 417.936 -77.8336 -3.37011 0.5
3 350.794 -78.86 6.34889 0.5
3 383.924 -92.0001 14.9932 0.5
3 401.809 -102.464 -11.1681 0.5
3 375.377 -79.0031 -6.64668 0.5
3 438.922 -80.715 9.34283 0.5
3 429.999 -77.5584 -1.79898 0.5
3 369.48 -90.6436 14.8908 0.5
3 424.319 -107.431 0.755117 0.5
3 333.692 -87.6476 -14.2104 0.5
3 384.635 -89.2003 14.6437 0.5
3 355.715 -100.129 -12.8856 0.5
3 352.32 -106.979 -3.72935 0.5
3 402.467 -107.414 1.03592 0.5
3 430.451 -106.22 5.9483 0.5
3 405.427 -107.105 -3.19965 0.5
3 405.737 -82.2039 10.9552 0.5
3 369.857 -81.8807 -10.6437 0.5
3 427.752 -100.499 -12.6573 0.5
3 385.245 -101.753 11.7667 0.5
3 404.938 -93.6955 -14.9482 0.5
3 368.868 -77.4508 -0.142588 0.5
3 433.855 -104.235 -9.28043 0.5
3 356.476 -86.826 13.9057 0.5
3 346.488 -107.445 -0.391942 0.5
3 395.939 -85.3822 13.2305 0.5
3 359.807 -77.615 2.21807 0.5
3 388.768 -99.9621 12.9834 0.5
3 431.788 -106.43 5.43796 0.5
3 363.942 -79.3045 -7.22456 0.5
3 379.205 -77.6618 2.51151 0.5
3 442.164 -84.0887 12.4534 0.5
3 336.265 -107.118 3.13952 0.5
3 385.353 -77.4503 0.0725769 0.5
3 335.284 -103.043 10.6205 0.5
3 355.717 -90.538 -14.8776 0.5
3 426.384 -88.9232 -14.5795 0.5
3 333.651 -93.7779 -14.9411 0.5
3 353.808 -107.207 -2.68883 0.5
3 387.041 -81.5705 10.3264 0.5
3 390.915 -101.864 11.6777 0.5
3 431.712 -94.2735 -14.8888 0.5
3 403.779 -107.414 -1.03376 0.5
3 421.729 -81.6258 -10.3844 0.5
3 418.63 -107.309 -2.04923 0.5
3 376.192 -77.4545 0.362744 0.5
3 368.353 -102.997 10.6659 0.5
3 359.491 -81.8893 10.6522 0.5
3 333.629 -99.9714 12.9781 0.5
3 418.656 -95.0884 14.7662 0.5
3 404.118 -99.6633 -13.1518 0.5
3 389.508 -81.2257 9.95048 0.5
3 338.698 -107.363 -1.61404 0.5
3 390.557 -98.9919 -13.4983 0.5
3 385.03 -96.8313 -14.3459 0.5
3 333.584 -77.5134 -1.37618 0.5
3 346.721 -99.513 -13.2331 0.5
3 336.498 -90.5879 14.884 0.5
3 429.188 -89.5487 -14.7167 0.5
3 363.029 -100.699 -12.5283 0.5
3 399.657 -100.035 12.9408 0.5
3 439.299 -94.2685 14.8894 0.5
3 422.405 -94.2299 14.894 0.5
3 371.681 -81.9083 10.6711 0.5
3 409.019 -93.2361 14.9794 0.5
3 390.625 -77.4562 0.428437 0.5
3 365.029 -106.554 -5.10817 0.5
3 431.501 -103.271 10.3882 0.5
3 392.219 -106.769 -4.46831 0.5
3 386.25 -101.37 -12.0597 0.5
3 432.095 -79.9601 -8.30667 0.5
3 353.395 -78.2049 4.69846 0.5
3 432.49 -107.12 -3.12885 0.5
3 339.522 -80.0256 8.40435 0.5
3 415.669 -105.651 7.12297 0.5
3 378.632 -88.745 14.5352 0.5
3 340.925 -84.7989 12.9019 0.5
3 375.268 -77.7 -2.72666 0.5
3 342.836 -77.5606 -1.81721 0.5
3 413.873 -103.761 -9.8526 0.5
3 432.526 -83.5757 -12.0932 0.5
3 369.254 -106.369 5.59124 0.5
3 342.265 -103.289 -10.3695 0.5
3 442.41 -96.0073 14.5721 0.5
3 364.97 -99.2748 -13.3575 0.5
3 440.488 -93.7598 14.9427 0.5
3 364.98 -77.8369 -3.38464 0.5
3 369.958 -90.5339 -14.8771 0.5
3 422.847 -93.4714 -14.9652 0.5
3 347.499 -82.9618 11.6178 0.5
3 341.112 -102.599 -11.0452 0.5
3 389.011 -81.8687 10.6317 0.5
3 370.241 -103.811 9.79458 0.5
3 443.685 -81.1727 9.89048 0.5
3 430.224 -107.084 3.29553 0.5
3 397.009 -106.084 6.25484 0.5
3 348.59 -83.9133 -12.3338 0.5
3 377.559 -96.7778 -14.3621 0.5
3 344.051 -82.3495 11.0895 0.5
3 398.067 -107.368 1.56413 0.5
3 392.57 -105.534 -7.33624 0.5
3 400.927 -106.777 -4.44277 0.5
3 359.327 -93.5528 14.9594 0.5
3 399.311 -79.5571 -7.66628 0.5
3 442.752 -86.9015 -13.936 0.5
3 335.195 -79.4888 -7.55015 0.5
3 348.119 -92.9282 14.9924 0.5
3 439.194 -81.4507 -10.1987 0.5
3 406.154 -77.4551 -0.388293 0.5
3 374.281 -99.3278 -13.3303 0.5
3 418.57 -107.335 1.8517 0.5
3 377.041 -83.087 11.7189 0.5
3 353.66 -79.698 -7.89838 0.5
3 361.077 -104.017 9.54984 0.5
3 406.365 -104.822 8.48102 0.5
3 381.958 -107.244 2.47788 0.5
3 386.572 -85.2873 13.1793 0.5
3 395.653 -101.636 -11.858 0.5
3 404.899 -81.3077 -10.0423 0.5
3 362.053 -100.441 -12.6942 0.5
3 433.734 -107.376 -1.49268 0.5
3 387.445 -87.7534 14.2457 0.5
3 395.639 -98.1664 -13.8681 0.5
3 342.392 -81.0536 -9.75292 0.5
3 337.737 -78.5757 -5.70106 0.5
3 403.47 -95.2022 -14.7454 0.5
3 342.436 -93.2989 -14.976 0.5
3 389.222 -86.3518 13.7044 0.5
3 369.64 -77.7125 2.79372 0.5
3 366.766 -98.9777 -13.5052 0.5
3 351.178 -105.473 7.44317 0.5
3 388.5 -103.948 9.6327 0.5
3 383.247 -85.4846 -13.2847 0.5
3 400.885 -101.294 -12.1154 0.5
3 382.349 -88.7488 -14.5362 0.5
3 375.036 -103.808 -9.79775 0.5
3 408.007 -78.9216 -6.47923 0.5
3 395.801 -106.074 6.27591 0.5
3 435.6 -93.6748 -14.9499 0.5
3 376.32 -107.258 2.38978 0.5
3 360.071 -98.6914 -13.6399 0.5
3 340.365 -98.6817 13.6443 0.5
3 401.829 -84.5291 -12.7381 0.5
3 334.357 -77.4862 1.03957 0.5
3 423.706 -87.1711 14.0404 0.5
3 380.512 -85.5881 -13.3384 0.5
3 406.029 -83.7876 12.2459 0.5
3 387.646 -99.1885 -13.4013 0.5
3 397.769 -100.676 -12.5435 0.5
3 393.467 -89.2413 -14.6528 0.5
3 430.021 -107.221 -2.61048 0.5
3 385.164 -104.969 8.26356 0.5
3 408.881 -94.5686 -14.8496 0.5
3 419.651 -78.5377 5.60756 0.5
3 404.208 -107.45 -0.106484 0.5
3 409.188 -79.4583 -7.49761 0.5
3 381.003 -95.3369 -14.7196 0.5
3 385.073 -78.9813 -6.60237 0.5
3 404.331 -93.4565 14.9662 0.5
3 356.713 -98.7347 13.62 0.5
3 346.708 -86.5112 -13.7742 0.5
3 440.506 -93.0956 -14.9861 0.5
3 359.282 -106.16 -6.08662 0.5
3 406.53 -90.7827 14.907 0.5
3 382.062 -86.316 13.6884 0.5
3 400.536 -101.457 11.9947 0.5
3 404.311 -77.6646 -2.52776 0.5
3 403.316 -78.7504 -6.10879 0.5
3 434.213 -81.3847 10.1271 0.5
3 350.071 -89.2724 -14.6596 0.5
3 427.184 -80.3936 8.92413 0.5
3 424.024 -85.3414 13.2086 0.5
3 371.231 -95.0262 -14.7771 0.5
3 438.928 -78.1854 -4.63896 0.5
3 394.893 -79.7943 8.05172 0.5
3 421.979 -85.4513 -13.2671 0.5
3 338.74 -82.0411 10.8006 0.5
3 348.618 -102.455 -11.1763 0.5
3 412.686 -99.6524 -13.1577 0.5
3 403.973 -106.787 4.41029 0.5
3 435.983 -81.3457 10.0843 0.5
3 412.344 -107.419 0.959815 0.5
3 376.735 -103.923 -9.66273 0.5
3 362.298 -107.295 2.14922 0.5
3 375.758 -106.055 6.31685 0.5
3 351.983 -90.9487 -14.9247 0.5
3 424.352 -77.5123 1.36498 0.5
3 433.777 -77.5532 1.75597 0.5
3 392.121 -92.7503 14.997 0.5
3 340.112 -85.3354 13.2054 0.5
3 379.258 -106.969 -3.77017 0.5
3 391.654 -104.211 9.30989 0.5
3 364.495 -101.822 11.7116 0.5
3 349.271 -107.316 1.99957 0.5
3 369.93 -83.1381 -11.7595 0.5
3 337.967 -81.1752 9.89324 0.5
3 350.527 -103.667 9.95842 0.5
3 423.465 -94.1989 14.8977 0.5
3 362.742 -105.694 -7.04177 0.5
3 411.711 -81.8863 -10.6493 0.5
3 385.233 -99.7722 -13.0914 0.5
3 385.712 -106.617 4.92926 0.5
3 363.802 -81.6216 10.38 0.5
3 360.809 -80.9325 9.60959 0.5
3 367.071 -79.6744 -7.86006 0.5
3 361.285 -97.3356 -14.1821 0.5
3 409.323 -96.4534 -14.4559 0.5
3 386.951 -83.4671 -12.0127 0.5
3 382.391 -90.162 14.8245 0.5
3 359.71 -105.321 7.70297 0.5
3 398.052 -86.2163 13.6433 0.5
3 437.414 -77.5528 -1.75214 0.5
3 338.901 -78.6287 5.82827 0.5
3 408.875 -103.889 9.70328 0.5
3 401.906 -78.3229 5.04198 0.5
3 442.369 -85.8782 13.4837 0.5
3 374.067 -78.7852 -6.18638 0.5
3 417.323 -107.16 -2.93412 0.5
3 399.652 -106.793 -4.39033 0.5
3 425.864 -80.9118 -9.58475 0.5
3 404.581 -88.8811 14.5692 0.5
3 344.376 -78.8851 -6.40243 0.5
3 434.958 -77.9281 3.75672 0.5
3 370.921 -93.4555 14.9663 0.5
3 413.072 -100.17 12.8608 0.5
3 370.186 -77.5051 1.28379 0.5
3 381.21 -105.463 -7.46087 0.5
3 407.319 -99.3018 -13.3437 0.5
3 428.873 -107.411 1.08658 0.5
3 354.787 -83.0771 11.711 0.5
3 374.307 -102.757 -10.898 0.5
3 343.666 -90.5241 14.8758 0.5
3 413.668 -93.5695 14.9582 0.5
3 426.859 -82.3055 -11.0493 0.5
3 440.272 -81.1479 9.86203 0.5
3 411.996 -106.809 4.33849 0.5
3 349.33 -99.1941 -13.3984 0.5
3 360.577 -85.3702 13.224 0.5
3 430.627 -90.7431 -14.9026 0.5
3 443.635 -102.607 11.0383 0.5
3 355.035 -84.7762 12.8884 0.5
3 353.826 -85.705 13.3979 0.5
3 394.479 -89.2384 14.6521 0.5
3 365.985 -80.0314 8.41287 0.5
3 442.129 -77.4711 -0.794122 0.5
3 437.78 -97.7062 14.049 0.5
3 333.694 -79.8183 -8.0894 0.5
3 361.312 -78.7654 6.14231 0.5
3 339.402 -92.9703 -14.991 0.5
3 337.315 -94.4567 14.8652 0.5
3 410.582 -106.743 4.55206 0.5
4 466.501 -145.64 -0.626741 0.5
4 457.534 -129.944 2.30761 0.5
4 485.587 -170.786 -13.2268 0.5
4 491.207 -185.756 8.56962 0.5
4 475.89 -157.714 -10.4103 0.5
4 467.497 -145.63 7.02862 0.5
4 496.625 -193.76 -10.2722 0.5
4 447.366 -92.77 -14.2314 0.5
4 449.112 -88.6591 9.16481 0.5
4 465.991 -115.12 3.22326 0.5
4 447.666 -102.36 14.3615 0.5
4 485.722 -166.259 14.8203 0.5
4 486.775 -176.057 -10.9161 0.5
4 485.604 -159.138 -14.2763 0.5
4 489.92 -157.452 -5.96276 0.5
4 489.004 -168.294 -14.9404 0.5
4 483.328 -173.782 5.42777 0.5
4 457.888 -108.781 13.2908 0.5
4 494.751 -165.274 4.49874 0.5
4 451.783 -120.157 0.300853 0.5
4 485.305 -178.168 1.28033 0.5
4 463.587 -114.975 -10.5826 0.5
4 476.883 -158.411 -11.377 0.5
4 484.881 -165.086 -14.7733 0.5
4 479.744 -147.826 -13.8476 0.5
4 490.492 -173.55 -14.9397 0.5
4 478.821 -157.277 -14.0385 0.5
4 489.599 -162.476 -12.5702 0.5
4 455.592 -126.641 -1.86863 0.5
4 453.463 -101.56 -13.5133 0.5
4 475.936 -134.901 8.87259 0.5
4 499.294 -183.858 14.5628 0.5
4 453.511 -100.442 12.8662 0.5
4 455.182 -103.306 12.848 0.5
4 493.358 -162.307 2.01191 0.5
4 489.929 -164.925 -13.6103 0.5
4 476.72 -155.351 13.2678 0.5
4 466.581 -133.173 -14.8096 0.5
4 456.633 -106.473 13.2193 0.5
4 474.183 -157.451 -6.55322 0.5
4 483.025 -174.267 0.457008 0.5
4 490.245 -157.592 4.8707 0.5
4 490.58 -185.216 -7.72848 0.5
4 444.704 -107.158 -4.65687 0.5
4 449.908 -87.4729 -4.06051 0.5
4 499.607 -185.35 -14.7651 0.5
4 487.68 -153.202 5.02253 0.5
4 462.427 -128.097 14.3088 0.5
4 463.79 -138.367 8.42528 0.5
4 491.341 -158.677 0.109906 0.5
4 469.921 -146.89 10.8923 0.5
4 445.946 -83.4451 -9.50291 0.5
4 464.131 -125.435 -14.9586 0.5
4 473.061 -150.816 -12.1469 0.5
4 496.271 -179.792 -14.8027 0.5
4 471.04 -129.826 -12.2273 0.5
4 471.23 -133.108 13.86 0.5
4 448.727 -90.0074 11.3039 0.5
4 453.21 -101.765 13.8047 0.5
4 485.78 -172.403 -12.4553 0.5
4 476.492 -147.568 -14.9949 0.5
4 458.589 -105.658 -9.87457 0.5
4 457.861 -120.928 -14.0553 0.5
4 457.253 -102.746 9.1455 0.5
4 494.203 -163.717 -1.5671 0.5
4 446.718 -104.816 12.4092 0.5
4 498.639 -194.743 12.4095 0.5
4 472.134 -135.722 -14.2488 0.5
4 496.085 -178.487 -14.6078 0.5
4 492.218 -168.217 13.277 0.5
4 475.335 -146.891 -14.9708 0.5
4 464.823 -131.794 -14.4436 0.5
4 458.312 -125.164 -12.2235 0.5
4 446.114 -80.6515 -3.03418 0.5
4 481.849 -153.998 14.6462 0.5
4 454.35 -95.2711 -4.41672 0.5
4 493.735 -190.351 8.251 0.5
4 457.865 -116.124 14.9939 0.5
4 488.534 -163.608 14.0669 0.5
4 449.692 -106.531 14.1449 0.5
4 492.739 -161.31 -2.50541 0.5
4 488.433 -178.777 -11.0574 0.5
4 493.84 -192.984 0.803026 0.5
4 448.338 -87.493 -9.38457 0.5
4 469.411 -148.877 7.15487 0.5
4 464.448 -127.058 -15 0.5
4 452.041 -90.8274 -2.56169 0.5
4 468.394 -139.913 -13.7562 0.5
4 494.787 -171.807 12.7892 0.5
4 473.315 -128.484 -5.45833 0.5
4 453.207 -122.448 2.30629 0.5
4 448.719 -114.063 4.8035 0.5
4 464.673 -138.717 9.94345 0.5
4 490.054 -168.412 14.6894 0.5
4 445.767 -106.562 9.23403 0.5
4 450.082 -91.1033 -10.0759 0.5
4 448.955 -92.3592 12.7492 0.5
4 463.289 -137.442 8.50945 0.5
4 456.607 -108.634 14.1835 0.5
4 466.873 -134.961 14.5458 0.5
4 491.652 -188.058 5.77756 0.5
4 491.641 -184.455 -10.9445 0.5
4 472.965 -151.083 11.8203 0.5
4 489.028 -184.167 -3.85548 0.5
4 447.539 -95.9621 14.8858 0.5
4 499.923 -203.536 -0.425749 0.5
4 449.123 -100.073 -14.9923 0.5
4 452.139 -93.6109 8.77239 0.5
4 498.137 -195.681 -10.9672 0.5
4 449.993 -115.993 -5.55726 0.5
4 450.014 -108.35 -13.6345 0.5
4 459.008 -103.006 -3.13364 0.5
4 498.307 -192.672 13.3035 0.5
4 449.359 -115.074 5.08656 0.5
4 466.451 -117.778 -7.83886 0.5
4 457.756 -100.665 -2.17907 0.5
4 461.12 -134.516 -7.15547 0.5
4 480.825 -141.325 5.01382 0.5
4 446.908 -85.2981 -9.72759 0.5
4 457.768 -128.842 -6.90814 0.5
4 469.519 -148.716 -7.76072 0.5
4 492.607 -170.068 13.8328 0.5
4 492.654 -190.933 -0.727983 0.5
4 497.804 -172.333 8.23464 0.5
4 468.771 -146.58 -9.0067 0.5
4 457.876 -115.03 -14.9844 0.5
4 476.87 -133.654 1.11359 0.5
4 465.662 -130.314 -14.9586 0.5
4 474.9 -134.33 10.3347 0.5
4 494.597 -193.825 3.80692 0.5
4 447.562 -84.6692 7.15948 0.5
4 450.688 -88.2671 0.317977 0.5
4 495.322 -175.939 14.2664 0.5
4 447.819 -83.9798 4.48145 0.5
4 450.545 -108.839 13.8242 0.5
4 452.091 -91.9653 6.04398 0.5
4 475.729 -161.054 4.14172 0.5
4 478.388 -156.189 -14.1608 0.5
4 483.329 -170.782 -10.2165 0.5
4 444.929 -92.285 -14.9663 0.5
4 474.264 -137.182 -13.3099 0.5
4 446.154 -83.9539 9.68064 0.5
4 456.061 -100.979 -9.52106 0.5
4 486.06 -179.529 -0.0880642 0.5
4 495.02 -173.475 -13.4826 0.5
4 467.937 -125.712 -13.032 0.5
4 474.313 -159.137 1.1844 0.5
4 498.699 -190.996 14.2859 0.5
4 469.893 -142.889 -13.5849 0.5
4 457.932 -130.755 -1.29418 0.5
4 471.113 -143.68 -14.1281 0.5
4 464.397 -141.992 -0.711763 0.5
4 452.045 -91.3109 4.51428 0.5
4 479.049 -140.784 -9.50527 0.5
4 478.656 -155.19 14.5898 0.5
4 486.388 -166.743 -14.9096 0.5
4 497.236 -197.578 -6.12855 0.5
4 448.389 -86.388 7.66313 0.5
4 448.459 -89.2287 -11.021 0.5
4 452.653 -112.08 13.9896 0.5
4 480.088 -140.818 -6.8033 0.5
4 451.777 -105.123 15 0.5
4 447.375 -110.555 7.43299 0.5
4 490.723 -177.976 14.0062 0.5
4 496.983 -190.553 -13.2114 0.5
4 497.744 -197.639 7.70245 0.5
4 463.746 -132.23 13.5905 0.5
4 477.742 -135.398 2.8599 0.5
4 486.25 -152.095 -7.87784 0.5
4 466.61 -119.051 9.27113 0.5
4 496.224 -169.58 8.20736 0.5
4 487.91 -166.061 -14.9063 0.5
4 473.818 -135.119 12.5555 0.5
4 448.998 -112.741 8.43547 0.5
4 470.355 -151.406 -5.17846 0.5
4 498.333 -174.7 -10.102 0.5
4 490.171 -162.246 -11.6854 0.5
4 460.412 -134.658 3.64123 0.5
4 482.371 -143.314 2.27505 0.5
4 462.075 -118.47 -14.3036 0.5
4 492.959 -162.483 -5.39509 0.5
4 489.867 -182.77 -9.45311 0.5
4 461.389 -111.878 11.2499 0.5
4 485.852 -162.615 14.9192 0.5
4 483.877 -171.331 10.6319 0.5
4 448.596 -106.215 -13.4819 0.5
4 483.793 -175.535 -1.44056 0.5
4 487.892 -180.185 8.31884 0.5
4 474.674 -155.973 -10.0181 0.5
4 496.722 -174.321 -12.2363 0.5
4 461.246 -113.057 12.3631 0.5
4 494.147 -182.984 -14.3257 0.5
4 495.624 -190.225 11.9023 0.5
4 444.913 -102.842 -11.5424 0.5
4 462.367 -138.375 -1.87453 0.5
4 484.618 -149.564 -8.33877 0.5
4 481.956 -159.612 14.8393 0.5
4 456.537 -100.356 7.41494 0.5
4 445.867 -104.962 -11.1381 0.5
4 491.9 -167.481 -13.1789 0.5
4 464.759 -123.291 14.357 0.5
4 482.223 -169.569 9.40508 0.5
4 477.334 -134.861 -3.62311 0.5
4 454.529 -116.965 -13.2408 0.5
4 498.091 -183.944 14.9321 0.5
4 463.547 -130.248 14.2409 0.5
4 466.588 -140.181 -11.7079 0.5
4 469.484 -142.518 13.4209 0.5
4 471.343 -154.036 -0.307894 0.5
4 473.232 -129.13 7.15817 0.5
4 480.888 -141.004 -3.57473 0.5
4 485.329 -174.81 9.57566 0.5
4 476.452 -135.832 -8.92407 0.5
4 472.892 -126.967 -2.69361 0.5
4 470.599 -152.553 -2.43215 0.5
4 491.859 -160.91 -6.18718 0.5
4 492.925 -178.673 14.83 0.5
4 479.282 -167.65 2.04697 0.5
4 452.045 -90.6674 1.26058 0.5
4 454.149 -123.218 5.49117 0.5
4 467.679 -147.357 3.15533 0.5
4 467.517 -122.403 11.1712 0.5
4 480.729 -143.264 8.95562 0.5
4 490.798 -184.448 9.37231 0.5
4 478.142 -162.02 9.97365 0.5
4 461.852 -117.244 -14.0108 0.5
4 483.973 -148.471 8.37581 0.5
4 453.256 -122.694 -0.738577 0.5
4 454.446 -98.8579 10.2887 0.5
4 486.757 -150.809 1.46719 0.5
4 460.47 -108.214 9.00876 0.5
4 452.925 -120.489 6.84014 0.5
4 450.539 -109.561 -13.4924 0.5
4 477.389 -153.834 14.3639 0.5
4 481.596 -167.085 -10.9175 0.5
4 474.983 -152.879 -12.9698 0.5
4 462.374 -110.688 -7.7913 0.5
4 472.9 -127.133 3.42614 0.5
4 470.68 -148.681 10.4209 0.5
4 496.446 -167.7 -2.32262 0.5
4 481.299 -141.29 -0.419246 0.5
4 470.344 -131.089 -13.6493 0.5
4 488.373 -183.424 -1.83295 0.5
4 453.022 -102.886 -14.334 0.5
4 477.264 -144.158 -14.0926 0.5
4 483.178 -144.717 2.30377 0.5
4 473.077 -142.448 14.9945 0.5
4 445.642 -100.711 13.6648 0.5
4 477.41 -155.162 -13.9102 0.5
4 475.101 -132.504 -7.40547 0.5
4 471.682 -154.496 1.98607 0.5
4 461.244 -130.17 -12.2742 0.5
4 452.959 -115.46 12.5198 0.5
4 499.678 -174.112 -5.37153 0.5
4 458.794 -107.26 11.1417 0.5
4 489.733 -156.434 3.99736 0.5
4 472.025 -140.054 14.9991 0.5
4 489.391 -161.379 -12.0591 0.5
4 496.701 -169.625 -6.8676 0.5
4 450.284 -87.8607 2.96744 0.5
4 478.474 -164.654 -7.00615 0.5
4 477.457 -137.966 -9.43229 0.5
4 486.406 -173.542 12.4188 0.5
4 479.252 -138.48 -4.66083 0.5
4 466.599 -129.051 -14.895 0.5
4 467.165 -118.176 6.26885 0.5
4 446.408 -80.8557 -0.345661 0.5
4 445.747 -84.2366 -10.7425 0.5
4 487.949 -180.932 7.25179 0.5
4 458.207 -111.545 -14.2306 0.5
4 498.008 -177.214 -12.6821 0.5
4 467.811 -124.002 -12.0595 0.5
4 492.878 -190.148 -5.85786 0.5
4 480.959 -165.289 -11.5309 0.5
4 493.794 -185.501 12.9465 0.5
4 475.432 -131.274 2.12558 0.5
4 446.091 -94.5711 -14.9822 0.5
4 464.865 -113.087 2.81756 0.5
4 485.532 -149.17 -4.04223 0.5
4 489.399 -169.534 -14.9797 0.5
4 460.859 -124.142 -14.641 0.5
4 492.095 -166.523 12.3867 0.5
4 481.219 -163.925 12.8252 0.5
4 455.971 -104.964 13.0189 0.5
4 447.352 -111.352 -5.7199 0.5
4 474.063 -130.222 -6.47937 0.5
4 468.842 -145.57 10.3443 0.5
4 494.891 -184.059 -14.3905 0.5
4 449 -86.3483 -5.40311 0.5
4 481.111 -145.992 11.2098 0.5
4 447.628 -103.35 -13.9995 0.5
4 492.935 -165.707 10.4803 0.5
4 493.583 -162.983 -3.53047 0.5
4 452.699 -93.2409 -6.52481 0.5
4 480.077 -154.605 -14.9936 0.5
4 466.326 -124.168 13.6668 0.5
4 491.975 -175.951 -14.9539 0.5
4 446.705 -92.6602 14.5353 0.5
4 460.34 -127.47 12.9971 0.5
4 484.698 -177.167 0.339435 0.5
4 483.978 -163.911 -14.6997 0.5
4 499.634 -193.954 13.7854 0.5
4 450.864 -97.3461 -13.648 0.5
4 496.395 -170.124 -8.57417 0.5
4 484.191 -173.219 -9.09722 0.5
5 500.99 -172.203 -2.68917 0.5
5 523.06 -142.75 13.7549 0.5
5 516.837 -168.594 11.9385 0.5
5 526.707 -128.446 5.46005 0.5
5 502.322 -181.357 -14.6331 0.5
5 529.606 -136.4 14.9669 0.5
5 500.79 -190.261 14.706 0.5
5 516.752 -145.132 3.73372 0.5
5 501.312 -174.304 8.86694 0.5
5 503.947 -188.177 13.5951 0.5
5 543.818 -117.479 -14.2449 0.5
5 531.243 -145.816 9.91464 0.5
5 538.943 -134.945 -6.05824 0.5
5 548.113 -102.577 -14.7431 0.5
5 543.748 -123.056 -11.0402 0.5
5 526.342 -155.209 8.78373 0.5
5 529.148 -146.322 -12.6037 0.5
5 525.757 -129.181 -1.88302 0.5
5 544.912 -95.901 0.676325 0.5
5 545.055 -100.085 10.6607 0.5
5 520.991 -151.928 -14.9949 0.5
5 538.276 -137.316 1.37676 0.5
5 533.883 -115.806 -4.88878 0.5
5 533.732 -117.941 8.57259 0.5
5 513.644 -150.855 4.86968 0.5
5 517.185 -144.958 -5.50834 0.5
5 513.334 -174.899 11.7544 0.5
5 542.148 -119.311 -14.552 0.5
5 524.53 -157.008 10.3898 0.5
5 522.02 -136.237 -4.53404 0.5
5 506.788 -162.771 -4.98684 0.5
5 541.072 -122.689 14.0872 0.5
5 550.055 -87.4281 -3.65321 0.5
5 539.531 -125.651 13.9763 0.5
5 539.731 -107.148 7.96434 0.5
5 539.83 -134.333 -3.24206 0.5
5 517.012 -150.983 12.5426 0.5
5 546.167 -93.7392 0.904059 0.5
5 515.624 -170.406 -12.1534 0.5
5 534.189 -143.345 -5.66853 0.5
5 533.953 -139.993 11.0663 0.5
5 542.608 -129.873 0.273137 0.5
5 549.047 -115.407 9.40768 0.5
5 550.954 -113.405 -7.5095 0.5
5 520.853 -163.796 9.93259 0.5
5 553.787 -99.7679 14.3842 0.5
5 547.068 -97.3643 -11.367 0.5
5 507.797 -181.258 -13.7095 0.5
5 530.763 -147.198 -9.25285 0.5
5 509.21 -177.734 -14.1381 0.5
5 523.865 -134.568 -7.86569 0.5
5 530.569 -145.89 -11.033 0.5
5 537 -137.617 7.43421 0.5
5 535.602 -112.974 5.28982 0.5
5 543.713 -105.107 12.7783 0.5
5 535.017 -114.31 -6.07847 0.5
5 542.192 -112.595 14.6968 0.5
5 534.353 -132.677 -14.5852 0.5
5 535.359 -141.347 5.60193 0.5
5 515.743 -157.487 14.4784 0.5
5 542.914 -128.116 5.94839 0.5
5 516.581 -145.176 2.56013 0.5
5 549.509 -94.3095 12.2806 0.5
5 512.112 -152.975 -2.87398 0.5
5 544.386 -126.124 4.438 0.5
5 513.505 -178.765 6.5762 0.5
5 503.402 -168.27 3.78941 0.5
5 507.291 -165.266 -10.4298 0.5
5 532.666 -117.151 -1.27946 0.5
5 527.995 -138.721 -14.9282 0.5
5 520.287 -168.169 3.30386 0.5
5 539.538 -134.416 -4.76769 0.5
5 541.804 -108.083 12.57 0.5
5 545.07 -108.146 14.7959 0.5
5 533.367 -116.28 3.43539 0.5
5 522.624 -150.399 -14.9724 0.5
5 550.727 -114.528 -6.07629 0.5
5 508.411 -188.884 -2.57431 0.5
5 538.583 -129.692 12.7857 0.5
5 521.221 -158.638 13.4112 0.5
5 531.451 -132.01 14.8392 0.5
5 519.489 -146.996 -12.737 0.5
5 553.282 -98.725 14.8168 0.5
5 552.13 -93.339 -14.1265 0.5
5 544.14 -116.944 14.2376 0.5
5 534.36 -144.086 1.50784 0.5
5 523.285 -134.318 5.31434 0.5
5 546.919 -114.141 -13.4046 0.5
5 517.872 -167.096 -11.708 0.5
5 550.241 -108.955 -13.1038 0.5
5 514.711 -172.622 11.6671 0.5
5 527.938 -152.42 -8.81865 0.5
5 507.491 -186.115 -10.7949 0.5
5 513.028 -174.699 -12.2977 0.5
5 500.502 -174.582 7.07943 0.5
5 508.794 -172.445 14.9667 0.5
5 520.198 -156.32 -14.7678 0.5
5 509.576 -157.303 -2.5278 0.5
5 524.249 -152.948 13.6256 0.5
5 521.024 -167.122 2.03286 0.5
5 518.37 -155.609 -14.9479 0.5
5 530.844 -138.91 -14.5472 0.5
5 527.679 -130.348 10.8234 0.5
5 524.656 -132.797 -7.17536 0.5
5 522.079 -135.454 -0.76812 0.5
5 529.703 -129.623 -12.9287 0.5
5 553.317 -94.467 -14.8842 0.5
5 530.868 -129.558 13.8946 0.5
5 523.017 -137.845 10.2369 0.5
5 550.271 -88.433 -7.1805 0.5
5 536.959 -123.561 -14.9597 0.5
5 513.136 -169.542 14.557 0.5
5 506.84 -178.569 -14.8987 0.5
5 523.359 -153.549 -14.0202 0.5
5 525.468 -130.014 -3.64855 0.5
5 535.509 -125.558 -14.9129 0.5
5 532.256 -134.271 -14.9283 0.5
5 502.043 -193.689 -12.3232 0.5
5 507.083 -161.691 2.90156 0.5
5 505.589 -193.641 3.23681 0.5
5 519.512 -148.655 -13.6475 0.5
5 532.244 -142.136 11.7608 0.5
5 524.963 -154.649 -11.8386 0.5
5 533.513 -144.377 5.99943 0.5
5 515.73 -150.296 10.0509 0.5
5 516.874 -171.194 -9.33011 0.5
5 542.111 -128.687 7.56908 0.5
5 504.238 -167.948 6.76737 0.5
5 531.862 -122.993 10.7159 0.5
5 514.952 -173.843 -10.1276 0.5
5 523.512 -133.213 2.78817 0.5
5 526.482 -150.861 -12.6546 0.5
5 509.265 -169.494 -14.6689 0.5
5 502.539 -176.496 12.8239 0.5
5 506.748 -167.139 -11.3137 0.5
5 512.801 -180.684 -4.89113 0.5
5 548.49 -90.6067 5.16922 0.5
5 530.699 -127.232 -12.5138 0.5
5 505.791 -163.993 3.21347 0.5
5 500.95 -201.858 -2.26443 0.5
5 537.16 -138.329 5.3417 0.5
5 513.235 -180.391 3.26619 0.5
5 504.163 -194.645 7.16138 0.5
5 517.285 -166.34 -12.9308 0.5
5 514.872 -156.364 13.4934 0.5
5 551.843 -97.3016 -14.9167 0.5
5 534.56 -141.386 8.18356 0.5
5 514.676 -177.395 -5.00724 0.5
5 540.375 -133.732 0.587821 0.5
5 515.258 -163.125 14.9744 0.5
5 501.811 -177.416 12.6105 0.5
5 540.537 -133.337 1.93534 0.5
5 510.664 -165.209 -14.1436 0.5
5 552.591 -86.7701 -10.3945 0.5
5 519.788 -141.109 -6.94949 0.5
5 550.142 -116.051 -4.75799 0.5
5 506.641 -185.612 12.4002 0.5
5 555.505 -98.5363 13.748 0.5
5 542.402 -101.198 -5.29309 0.5
5 520.532 -168.043 -1.44602 0.5
5 552.516 -85.9114 9.25614 0.5
5 503.284 -189.783 -13.372 0.5
5 511.873 -178.44 -10.8759 0.5
5 500.396 -179.315 12.2367 0.5
5 511.365 -158.656 -10.8719 0.5
5 525.789 -141.35 14.7628 0.5
5 539.874 -105.03 -3.52107 0.5
5 501.127 -201.659 1.39143 0.5
5 528.398 -137.867 14.9121 0.5
5 531.203 -125.091 11.5757 0.5
5 511.191 -184.131 2.18664 0.5
5 518.263 -162.55 -13.9524 0.5
5 520.561 -140.051 7.46537 0.5
5 501.99 -192.726 -12.9921 0.5
5 531.833 -136.758 14.6505 0.5
5 533.544 -115.677 -1.75011 0.5
5 527.489 -128.607 -8.35733 0.5
5 524.74 -138.821 -13.2648 0.5
5 555.436 -93.1459 -14.992 0.5
5 522.876 -161.519 8.34348 0.5
5 533.065 -117.642 5.96562 0.5
5 544.881 -104.792 13.683 0.5
5 550.89 -107.715 13.1679 0.5
5 523.25 -148.37 15 0.5
5 540.298 -108.799 -11.1109 0.5
5 551.227 -87.6471 8.58516 0.5
5 524.959 -153.698 12.5253 0.5
5 533.141 -127.282 -14.4595 0.5
5 527.985 -135.236 -14.1534 0.5
5 507.275 -161.097 -0.83364 0.5
5 541.233 -132.114 2.07668 0.5
5 504.225 -185.317 -14.4677 0.5
5 537.815 -135.864 -8.00283 0.5
5 549.123 -116.093 8.28945 0.5
5 532.143 -118.313 -3.03605 0.5
5 531.242 -145.619 -10.1374 0.5
5 546.795 -122.568 -1.30098 0.5
5 522.764 -162.938 -6.12817 0.5
5 507.049 -161.475 0.543355 0.5
5 541.21 -113.84 -14.5962 0.5
5 541.888 -106.127 11.1842 0.5
5 512.601 -165.704 14.9561 0.5
5 518.694 -141.78 -3.78122 0.5
5 516.266 -149.131 -9.78419 0.5
5 534.644 -137.561 12.0804 0.5
5 507.185 -182.935 -13.4179 0.5
5 501.481 -191.274 14.0829 0.5
5 520.619 -165.653 7.9956 0.5
5 500.824 -196.56 11.7592 0.5
5 522.544 -140.481 -11.8888 0.5
5 534.928 -130.5 -14.8192 0.5
5 541.923 -101.464 -3.44382 0.5
5 526.208 -158.23 -1.23322 0.5
5 545.35 -112.935 -14.7348 0.5
5 506.42 -162.833 -2.86702 0.5
5 504.205 -166.579 -2.35998 0.5
5 533.982 -124.2 13.9091 0.5
5 535.367 -133.069 -13.8949 0.5
5 503.516 -197.564 0.78933 0.5
5 503.802 -185.394 14.6317 0.5
5 503.864 -167.927 -5.23794 0.5
5 548.34 -103.881 -14.9621 0.5
5 542.156 -121.199 13.9392 0.5
5 513.307 -180.204 -3.53343 0.5
5 533.137 -130.775 -14.9915 0.5
5 514.146 -174.843 10.5433 0.5
5 555.272 -107.939 -0.173598 0.5
5 508.094 -186.758 -8.86303 0.5
5 548.645 -106.051 14.9111 0.5
5 520.521 -167.165 -5.29945 0.5
5 524.369 -136.263 -10.9941 0.5
5 502.271 -196.488 -9.32857 0.5
5 512.55 -151.945 0.434436 0.5
5 504.841 -187.533 13.1353 0.5
5 551.518 -112.449 7.47466 0.5
5 545.222 -124.344 5.39759 0.5
5 535.498 -137.671 -10.7319 0.5
5 516.011 -172.736 -9.27011 0.5
5 536.56 -110.476 1.93692 0.5
5 544.954 -100.702 -11.0808 0.5
5 530.681 -149.308 -5.93889 0.5
5 552.773 -83.1409 -5.0389 0.5
5 540.982 -129.499 9.25213 0.5
5 533.929 -121.793 -12.6155 0.5
5 548.645 -95.4843 -12.0482 0.5
5 550.282 -86.6167 -0.991093 0.5
5 502.439 -189.697 14.0526 0.5
5 547.809 -109.744 -14.4904 0.5
5 525.093 -133.348 9.1768 0.5
5 513.472 -164.749 -14.9883 0.5
5 550.628 -86.2067 2.56517 0.5
5 502.731 -185.016 14.9618 0.5
5 522.55 -160.79 10.0078 0.5
5 536.623 -140.148 -1.67431 0.5
5 536.365 -133.726 12.6658 0.5
5 544.38 -125.01 7.11659 0.5
5 535.539 -124.465 -14.7634 0.5
5 508.415 -188.273 4.90956 0.5
5 549.853 -106.446 -14.4236 0.5
5 510.804 -162.635 13.0885 0.5
5 540.241 -131.915 7.58882 0.5
5 521.781 -136.101 2.1262 0.5
5 517.798 -172.245 -4.21326 0.5
5 529.045 -131.869 13.5187 0.5
5 554.517 -91.8647 14.8093 0.5
5 514.023 -149.701 -3.05221 0.5
5 524.115 -160.073 7.1849 0.5
5 548.178 -95.0845 11.0507 0.5
5 555.469 -77.8113 -2.50982 0.5
5 554.611 -98.4563 14.3492 0.5
5 502.257 -198.249 6.57431 0.5
5 538.817 -136.387 -1.27034 0.5
5 541.217 -116.675 -14.9876 0.5
5 522.64 -136.757 7.97347 0.5
5 538.2 -109.163 -6.84272 0.5
5 532.803 -117.374 -3.89578 0.5
5 522.197 -136.295 5.55541 0.5
5 528.716 -141.146 -14.8365 0.5
5 550.545 -113.623 8.30161 0.5
5 531.517 -149.019 -1.42107 0.5
6 577.025 -96.7864 14.3595 0.5
6 563.083 -84.458 12.6935 0.5
6 655.461 -78.239 -4.80041 0.5
6 582.69 -90.7403 14.9022 0.5
6 615.122 -106.528 -5.17714 0.5
6 602.817 -77.9091 3.68227 0.5
6 584.028 -96.7232 -14.3785 0.5
6 618.089 -105.595 7.22624 0.5
6 559.963 -83.0112 11.658 0.5
6 595.973 -105.629 -7.1636 0.5
6 639.958 -80.6663 9.28133 0.5
6 617.001 -92.4955 -14.9999 0.5
6 567.866 -82.4794 -11.2065 0.5
6 560.65 -106.346 -5.6489 0.5
6 563.406 -106.947 3.85223 0.5
6 558.983 -94.4725 14.863 0.5
6 625.357 -90.7072 14.8984 0.5
6 562.19 -98.4658 13.7408 0.5
6 567.938 -86.7958 13.8935 0.5
6 637.716 -106.333 -5.67996 0.5
6 604.884 -96.4391 14.4599 0.5
6 597.981 -85.0244 13.033 0.5
6 629.578 -96.9105 14.3215 0.5
6 658.742 -98.503 13.7245 0.5
6 614.425 -79.0776 6.79529 0.5
6 639.482 -77.801 -3.22562 0.5
6 579.056 -107.323 -1.94691 0.5
6 611.203 -77.5673 -1.87188 0.5
6 663.559 -88.1984 14.3848 0.5
6 663.058 -105.807 -6.82637 0.5
6 622.326 -99.1447 -13.4232 0.5
6 576.427 -77.8357 -3.37932 0.5
6 645.359 -81.0143 -9.70683 0.5
6 577.019 -89.3567 14.6776 0.5
6 641.038 -98.1809 -13.8621 0.5
6 617.582 -107.206 -2.69644 0.5
6 587.366 -106.673 4.7646 0.5
6 613.795 -86.5585 -13.7946 0.5
6 573.635 -81.2129 -9.93603 0.5
6 604.696 -106.873 -4.12011 0.5
6 581.436 -88.1947 -14.3837 0.5
6 625.305 -98.2571 -13.8303 0.5
6 609.689 -96.4436 -14.4586 0.5
6 632.736 -95.7973 14.6218 0.5
6 582.404 -85.9365 -13.5119 0.5
6 584.525 -79.3778 7.35627 0.5
6 562.447 -106.918 -3.95887 0.5
6 562.801 -79.1715 6.97697 0.5
6 573.876 -107.414 1.03967 0.5
6 569.467 -77.8276 3.34389 0.5
6 612.007 -82.7789 11.4659 0.5
6 585.103 -87.5422 14.1744 0.5
6 614.283 -94.336 14.881 0.5
6 610.882 -90.1992 14.8302 0.5
6 624.566 -91.8808 14.9892 0.5
6 644.274 -77.4634 -0.632751 0.5
6 642.383 -106.96 3.80178 0.5
6 623.042 -104.405 9.05997 0.5
6 631.966 -106.983 3.71382 0.5
6 643.268 -107.017 -3.57849 0.5
6 637.634 -94.2235 14.8948 0.5
6 568.155 -78.0003 -4.02527 0.5
6 563.926 -105.725 6.98485 0.5
6 652.684 -80.5351 9.11224 0.5
6 606.441 -101.595 -11.8903 0.5
6 579.923 -77.4756 0.873809 0.5
6 559.781 -99.3705 13.3082 0.5
6 635.704 -78.3012 -4.98087 0.5
6 606.342 -98.9438 -13.5215 0.5
6 641.581 -78.5715 -5.69075 0.5
6 624.99 -77.6331 2.33624 0.5
6 597.173 -95.9389 -14.5886 0.5
6 634.558 -89.9534 14.7908 0.5
6 595.95 -88.0239 14.3321 0.5
6 621.915 -101.938 11.6177 0.5
6 645.121 -77.4627 0.616014 0.5
6 596.735 -80.6921 -9.31389 0.5
6 582.997 -107.219 -2.62147 0.5
6 586.666 -105.326 7.69428 0.5
6 638.727 -106.301 5.75843 0.5
6 580.756 -77.9157 -3.70832 0.5
6 580.779 -79.733 7.95452 0.5
6 626.205 -104.016 9.55153 0.5
6 605.671 -77.6071 2.16449 0.5
6 659.535 -77.6863 2.65172 0.5
6 657.621 -100.52 -12.6443 0.5
6 621.059 -105.131 -8.012 0.5
6 654.607 -106.123 -6.16888 0.5
6 636.066 -77.9849 -3.96967 0.5
6 657.663 -99.5075 13.2361 0.5
6 656.321 -92.9874 -14.9904 0.5
6 587.582 -98.7802 -13.5989 0.5
6 605.123 -91.4704 14.968 0.5
6 601.646 -105.06 8.12352 0.5
6 624.811 -93.9079 14.929 0.5
6 661.445 -107.45 -0.0136409 0.5
6 559.966 -88.4912 -14.4682 0.5
6 639.79 -87.982 -14.3191 0.5
6 590.589 -106.203 5.98724 0.5
6 564.012 -105.608 -7.20286 0.5
6 646.384 -77.9815 3.95731 0.5
6 596.578 -90.0143 -14.8009 0.5
6 604.233 -92.4183 15 0.5
6 606.628 -106.402 -5.50941 0.5
6 601.025 -105.829 6.78299 0.5
6 626.309 -77.6355 2.35111 0.5
6 652.882 -107.432 -0.736618 0.5
6 591.063 -78.2825 4.92749 0.5
6 650.309 -78.4726 5.4434 0.5
6 620.009 -102.591 -11.0531 0.5
6 631.309 -93.8933 -14.9304 0.5
6 564.742 -93.7913 14.9399 0.5
6 665.62 -77.5507 -1.73456 0.5
6 556.533 -88.7033 14.5245 0.5
6 608.374 -82.9425 -11.602 0.5
6 642.618 -81.4128 -10.1577 0.5
6 665.067 -80.692 -9.31376 0.5
6 663.745 -78.1567 4.54965 0.5
6 622.588 -89.8185 14.7673 0.5
6 597.455 -92.4494 15 0.5
6 634.305 -96.4255 14.4636 0.5
6 570.002 -99.1051 13.4429 0.5
6 588.455 -96.459 14.4544 0.5
6 639.705 -106.957 -3.81354 0.5
6 611.906 -77.5672 1.87106 0.5
6 591.118 -97.9063 -13.9725 0.5
6 585.648 -96.548 14.4294 0.5
6 601.268 -89.4385 14.6946 0.5
6 648.08 -78.857 6.34248 0.5
6 607.742 -80.1586 -8.59759 0.5
6 637.466 -86.0163 13.5501 0.5
6 659.322 -77.4698 -0.769362 0.5
6 582.066 -99.2857 -13.3519 0.5
6 633.702 -106.867 -4.14104 0.5
6 611.559 -93.5505 -14.9596 0.5
6 580.491 -94.3415 -14.8803 0.5
6 646.69 -97.7946 -14.0156 0.5
6 569.855 -78.6418 5.85937 0.5
6 622.45 -107.212 2.66266 0.5
6 628.752 -81.3554 -10.0949 0.5
6 555.983 -102.654 10.995 0.5
6 556.159 -104.888 8.38393 0.5
6 631.163 -93.2397 14.9792 0.5
6 656.556 -89.7995 14.764 0.5
6 596.333 -83.3213 11.9023 0.5
6 568.537 -107.362 1.62273 0.5
6 663.478 -94.1966 -14.898 0.5
6 659.217 -107.298 2.12856 0.5
6 600.41 -104.184 9.34378 0.5
6 625.382 -106.882 4.08923 0.5
6 628.84 -78.203 -4.69261 0.5
6 562.715 -105.416 -7.54154 0.5
6 621.73 -105.767 6.90341 0.5
6 558.579 -102.08 -11.5004 0.5
6 574.81 -84.4559 -12.6923 0.5
6 561.483 -107.008 -3.61451 0.5
6 608.435 -96.6404 -14.4028 0.5
6 556.822 -91.5825 14.9749 0.5
6 570.348 -105.08 8.09197 0.5
6 605.798 -101.012 12.3164 0.5
6 567.895 -83.4908 -12.0304 0.5
6 633.12 -85.4013 -13.2406 0.5
6 593.961 -82.319 -11.0617 0.5
6 617.948 -85.8114 -13.4509 0.5
6 595.518 -104.093 9.45747 0.5
6 610.568 -105.853 6.73536 0.5
6 618.855 -89.0926 14.6194 0.5
6 611.127 -107.015 -3.58697 0.5
6 629.075 -84.3995 -12.6566 0.5
6 631.065 -81.4423 10.1896 0.5
6 648.831 -85.4914 -13.2882 0.5
6 561.853 -107.212 -2.6593 0.5
6 650.869 -98.4441 13.7503 0.5
6 563.936 -80.1389 8.56934 0.5
6 635.996 -85.6902 13.3904 0.5
6 642.3 -98.9564 -13.5155 0.5
6 634.456 -82.4694 11.1976 0.5
6 653.81 -104.029 9.53624 0.5
6 658.17 -107.392 1.31491 0.5
6 660.561 -104.337 9.14916 0.5
6 640.153 -105.374 -7.6138 0.5
6 648.44 -77.6789 -2.61021 0.5
6 596.956 -77.478 -0.915239 0.5
6 625.653 -92.9289 -14.9924 0.5
6 596.104 -107.44 -0.542544 0.5
6 577.252 -87.2449 14.0679 0.5
6 637.148 -93.7942 -14.9397 0.5
6 641.425 -84.1058 12.4649 0.5
6 591.397 -107.273 -2.29927 0.5
6 567.568 -92.1561 14.9971 0.5
6 650.703 -77.4539 -0.340043 0.5
6 640.445 -106.741 -4.55792 0.5
6 602.063 -77.4985 -1.20397 0.5
6 642.796 -89.4245 14.6917 0.5
6 662.227 -79.6706 -7.854 0.5
6 636.873 -84.4227 -12.6713 0.5
6 585.553 -92.0263 14.994 0.5
6 570.242 -94.2075 -14.8967 0.5
6 639.699 -84.4531 12.6905 0.5
6 589.836 -77.8868 -3.59297 0.5
6 607.52 -77.5504 1.73162 0.5
6 566.519 -94.2756 14.8885 0.5
6 603.795 -96.7431 -14.3726 0.5
6 608.569 -90.1515 14.8228 0.5
6 642.103 -79.0067 -6.6539 0.5
6 607.153 -87.789 -14.2574 0.5
6 665.483 -89.3852 14.6835 0.5
6 583.372 -101.511 -11.954 0.5
6 560.018 -101.269 -12.1337 0.5
6 615.768 -94.5775 -14.8484 0.5
6 608.959 -102.576 -11.0667 0.5
6 565.134 -98.2022 13.8533 0.5
6 638.966 -78.8281 -6.28031 0.5
6 622.239 -86.1282 13.6027 0.5
6 591.556 -95.5273 -14.681 0.5
6 570.714 -107.428 -0.810608 0.5
6 665.893 -100.697 -12.5294 0.5
6 621.15 -106.292 -5.78051 0.5
6 655.695 -79.152 6.93978 0.5
6 568.965 -107.131 -3.07654 0.5
6 560.992 -88.2983 14.414 0.5
6 603.567 -106.974 -3.74819 0.5
6 663.084 -85.7022 -13.3965 0.5
6 585.602 -105.929 6.58114 0.5
6 596.036 -91.9748 14.9925 0.5
6 584.653 -105.781 6.87694 0.5
6 580.397 -107.445 -0.392984 0.5
6 662.696 -102.205 -11.3948 0.5
6 572.21 -84.155 12.4977 0.5
6 575.119 -96.6825 14.3905 0.5
6 639.414 -77.534 1.58465 0.5
6 626.791 -78.349 -5.11469 0.5
6 573.355 -107.033 -3.51315 0.5
6 561.843 -78.7293 6.06144 0.5
6 659.148 -89.2255 -14.6493 0.5
6 581.279 -106.172 6.05888 0.5
6 646.849 -96.4651 -14.4527 0.5
6 654.843 -107.156 -2.95611 0.5
6 576.123 -101.248 -12.1487 0.5
6 661.815 -102.718 10.9352 0.5
6 656.285 -105.852 6.73652 0.5
6 661.321 -84.4698 -12.701 0.5
6 583.293 -94.3041 14.885 0.5
6 646.717 -99.8935 -13.0229 0.5
6 649.26 -105.989 -6.45735 0.5
6 638.952 -105.619 -7.18182 0.5
6 580.159 -88.1048 -14.3568 0.5
6 566.234 -78.8194 6.26124 0.5
6 570.117 -101.262 12.1391 0.5
6 582.602 -83.489 12.0291 0.5
6 601.465 -100.27 -12.8003 0.5
6 567.406 -94.8451 14.8076 0.5
6 600.661 -92.4188 15 0.5
6 649.067 -105.416 -7.54254 0.5
6 577.869 -100.179 -12.8555 0.5
6 606.266 -97.9292 -13.9635 0.5
6 599.858 -107.445 -0.397898 0.5
6 598.798 -90.3983 -14.859 0.5
6 654.916 -104.569 -8.8389 0.5
6 633.668 -105.023 -8.18033 0.5
6 629.221 -90.6876 14.8961 0.5
6 607.082 -104.101 -9.44795 0.5
6 559.627 -106.277 5.81454 0.5
6 627.227 -107.09 -3.26809 0.5
6 607.598 -105.48 -7.43097 0.5
6 579.131 -78.2097 4.71276 0.5
6 665.139 -82.3125 -11.0557 0.5
6 607.929 -106.524 5.18998 0.5
6 557.458 -89.9068 14.7828 0.5
6 595.336 -99.6508 -13.1587 0.5
6 654.566 -79.2229 7.07409 0.5
6 577.807 -79.139 -6.91485 0.5
6 596.449 -100.539 12.632 0.5
6 587.363 -84.7376 -12.8654 0.5
6 596.018 -106.615 4.9353 0.5
6 624.539 -82.8403 -11.5174 0.5
6 661.794 -105.747 6.94172 0.5
6 620.056 -99.3272 13.3306 0.5
6 586.024 -80.4776 -9.03662 0.5
6 654.56 -103.152 -10.5109 0.5
6 636.305 -95.7844 -14.6247 0.5
6 582.182 -78.1264 -4.45323 0.5
6 661.745 -78.2985 4.97321 0.5
7 644.905 -57.8208 -14.6839 0.5
7 631.183 -34.9736 -14.4615 0.5
7 651.671 -52.4772 -5.38437 0.5
7 663.049 -81.1607 -14.1337 0.5
7 612.033 17.0882 -1.6445 0.5
7 634.148 -29.3518 -13.3835 0.5
7 666.608 -94.4115 -14.8575 0.5
7 650.514 -52.6219 -9.19472 0.5
7 660.069 -86.5037 -13.9624 0.5
7 660.975 -92.1462 11.5637 0.5
7 664.892 -92.465 -14.6787 0.5
7 619.963 -1.73357 -11.3365 0.5
7 650.268 -49.208 -2.19037 0.5
7 617.931 -16.241 12.5577 0.5
7 634.969 -37.3026 -14.998 0.5
7 624.42 -27.0226 -12.8457 0.5
7 658.599 -63.4771 -0.208528 0.5
7 631.305 -45.918 -2.90859 0.5
7 652.292 -81.2581 -6.09402 0.5
7 612.802 -13.7206 -3.57751 0.5
7 630.674 -20.3047 -11.3518 0.5
7 664.763 -86.285 -14.7233 0.5
7 647.169 -53.1356 -13.9379 0.5
7 662.089 -98.9802 3.99036 0.5
7 632.949 -49.0352 -0.660778 0.5
7 632.869 -20.7213 7.14347 0.5
7 638.315 -56.3182 -7.52581 0.5
7 620.532 -6.51725 -13.7367 0.5
7 650.129 -54.0914 11.4296 0.5
7 626.46 -25.6885 14.7212 0.5
7 643.372 -61.329 -11.8264 0.5
7 659.218 -89.3501 11.3553 0.5
7 630.544 -23.6441 -13.6406 0.5
7 618.039 4.08093 8.57828 0.5
7 665.5 -75.5491 -1.89363 0.5
7 613.763 -12.1102 -9.87374 0.5
7 642.37 -65.356 0.568962 0.5
7 653.311 -72.1174 14.7363 0.5
7 663.826 -94.4159 13.3265 0.5
7 614.569 9.5689 9.28283 0.5
7 617.184 -5.81098 14.971 0.5
7 626.007 -31.8836 -11.3053 0.5
7 647.172 -43.9684 2.91 0.5
7 638.076 -57.9281 -0.230284 0.5
7 630.567 -41.7917 -9.17254 0.5
7 631.941 -19.0413 7.00977 0.5
7 639.114 -56.4697 9.33403 0.5
7 636.033 -34.8766 -14.3043 0.5
7 614.54 -17.0935 -1.45928 0.5
7 645.479 -40.752 0.110417 0.5
7 620.898 -27.9245 -2.74221 0.5
7 612.084 5.02882 14.7093 0.5
7 648.596 -63.6307 14.7935 0.5
7 652.518 -76.721 12.1646 0.5
7 611.449 2.96181 -14.9983 0.5
7 638.78 -40.8733 14.638 0.5
7 625.6 -7.84885 6.59616 0.5
7 628.036 -34.5148 -12.0181 0.5
7 620.816 -26.0414 -7.47099 0.5
7 625.21 -29.4411 12.1498 0.5
7 640.556 -57.6712 10.7647 0.5
7 659.768 -67.7087 -7.83205 0.5
7 629.517 -42.6451 -3.68634 0.5
7 625.089 -10.8953 -11.575 0.5
7 652.64 -69.9717 -14.8896 0.5
7 665.926 -90.3057 14.9752 0.5
7 661.126 -86.5596 -14.535 0.5
7 647.382 -69.6195 -10.6412 0.5
7 657.02 -72.0724 -14.5445 0.5
7 647.94 -73.3058 6.95357 0.5
7 612.311 -11.0546 -7.89879 0.5
7 640.286 -32.2702 3.88851 0.5
7 663.093 -85.8155 -14.9934 0.5
7 659.733 -70.6378 11.354 0.5
7 641.891 -61.4782 -9.07845 0.5
7 612.426 0.104743 14.9352 0.5
7 616.862 4.43002 10.5972 0.5
7 617.972 -9.58107 14.9276 0.5
7 618.68 -23.5102 4.90373 0.5
7 662.752 -84.6576 14.9658 0.5
7 658.699 -80.6429 14.867 0.5
7 625.508 -6.33075 2.25327 0.5
7 665.838 -80.3708 10.5682 0.5
7 660.741 -79.2313 -14.706 0.5
7 638.455 -28.5898 0.308872 0.5
7 647.716 -64.7281 14.1061 0.5
7 661.782 -97.2233 7.06232 0.5
7 620.079 -13.7049 14.8732 0.5
7 665.285 -104.12 5.22045 0.5
7 653.286 -56.0436 -7.06748 0.5
7 653.116 -82.6908 -6.08289 0.5
7 641.128 -43.8301 -14.3443 0.5
7 614.595 -14.8121 8.21247 0.5
7 621.8 0.239704 -0.816062 0.5
7 651.333 -50.9287 -1.06926 0.5
7 633.084 -47.6972 -6.71361 0.5
7 641.689 -61.7913 8.13194 0.5
7 641.145 -63.2441 0.232338 0.5
7 659.451 -94.4103 3.99246 0.5
7 662.879 -73.3256 -8.19549 0.5
7 660.428 -74.5999 13.2428 0.5
7 646.756 -61.4142 14.5979 0.5
7 612.602 0.00135618 -14.9526 0.5
7 617.53 -0.199341 13.1894 0.5
7 636.241 -54.1253 -4.29012 0.5
7 633.517 -46.6452 -9.4945 0.5
7 623.418 -24.6139 -13.228 0.5
7 634.731 -28.8712 -12.5176 0.5
7 633.477 -37.1261 -14.8435 0.5
7 644.956 -41.0244 5.82794 0.5
7 663.052 -75.6754 10.6981 0.5
7 626.105 -36.9109 2.90845 0.5
7 646.579 -71.2118 6.4232 0.5
7 618.776 -11.5875 -14.8542 0.5
7 644.495 -68.3725 4.4471 0.5
7 653.197 -84.0021 -1.87027 0.5
7 666.475 -101.889 11.3803 0.5
7 621.868 -27.7198 7.71573 0.5
7 628.191 -12.6069 -7.12216 0.5
7 633.803 -20.6697 2.04816 0.5
7 616.502 -19.9754 4.15712 0.5
7 655.997 -60.4997 6.60156 0.5
7 639.59 -50.1641 14.2731 0.5
7 666.168 -98.9118 -13.09 0.5
7 655.167 -68.4176 14.4244 0.5
7 618.638 -6.45906 14.7359 0.5
7 642.948 -57.2747 -13.7882 0.5
7 623.094 -20.2196 14.6461 0.5
7 644.346 -44.1124 -11.4605 0.5
7 657.381 -65.3847 -10.2177 0.5
7 660.229 -66.3985 1.71393 0.5
7 664.128 -102.629 -3.53861 0.5
7 625.669 -6.48439 1.15454 0.5
7 624.591 -23.8681 14.3717 0.5
7 649.938 -56.9789 13.5205 0.5
7 624.756 -15.2509 -14.2747 0.5
7 665.69 -76.1337 3.33361 0.5
7 640.711 -54.7316 13.1386 0.5
7 628.714 -11.7272 -0.609732 0.5
7 644.794 -45.3713 11.8525 0.5
7 649.41 -74.987 -8.40163 0.5
7 634.448 -45.9255 11.7849 0.5
7 660.5 -77.9783 14.5133 0.5
7 629.573 -15.5351 -8.03502 0.5
7 623.524 -20.4362 -14.7528 0.5
7 617.7 1.332 12.0227 0.5
7 650.835 -74.4605 11.6638 0.5
7 630.715 -43.6066 -6.68892 0.5
7 618.474 4.50703 6.57013 0.5
7 654.541 -57.0648 4.25725 0.5
7 613.019 -2.71636 14.6576 0.5
7 628.203 -21.0088 14.2045 0.5
7 612.455 16.0912 -3.25165 0.5
7 614.673 -0.670964 14.9007 0.5
7 641.511 -63.7934 1.60266 0.5
7 635.667 -49.6387 10.3245 0.5
7 651.228 -63.87 -14.8867 0.5
7 649.205 -66.8113 -14.2755 0.5
7 626.738 -24.0325 14.9817 0.5
7 612.981 -13.342 5.6935 0.5
7 625.305 -8.26925 -8.23035 0.5
7 642.589 -61.945 -9.97973 0.5
7 651.489 -77.3886 9.94843 0.5
7 647.053 -58.7507 -14.9975 0.5
7 661.022 -69.2912 -6.77554 0.5
7 611.477 0.429916 -14.753 0.5
7 611.649 -6.77351 -11.5123 0.5
7 649.73 -78.024 -1.64777 0.5
7 650.988 -60.439 14.1924 0.5
7 649.335 -61.7221 14.9832 0.5
7 658.17 -89.5102 9.29105 0.5
7 632.391 -45.6085 8.25278 0.5
7 652.706 -63.528 -14.2311 0.5
7 664.206 -77.1049 -10.1068 0.5
7 645.024 -49.5991 -14.0077 0.5
7 641.275 -33.4728 -0.259073 0.5
7 644.92 -66.6204 9.21415 0.5
7 649.26 -48.659 6.23671 0.5
7 640.017 -35.6384 10.5607 0.5
7 644.688 -68.2215 5.78399 0.5
7 641.032 -33.1004 1.23782 0.5
7 626.596 -27.5083 -14.3208 0.5
7 652.48 -56.0104 9.17462 0.5
7 654.914 -87.0737 0.765345 0.5
7 664.429 -92.524 14.4705 0.5
7 619.084 4.06602 -5.11797 0.5
7 662.833 -93.9012 12.6309 0.5
7 663.616 -99.0042 9.21246 0.5
7 648.599 -75.1627 -5.36973 0.5
7 634.693 -22.0712 -0.15204 0.5
7 626.104 -35.4124 7.0907 0.5
7 625.057 -5.81892 -3.60436 0.5
7 639.806 -43.8584 -14.8569 0.5
7 656.492 -74.5391 14.9972 0.5
7 664.31 -103.364 -0.342296 0.5
7 643.433 -37.2096 -0.195958 0.5
7 651.035 -72.256 13.3283 0.5
7 623.371 -22.7302 14.0436 0.5
7 656.652 -64.0683 -10.1591 0.5
7 663.311 -77.7395 -12.0754 0.5
7 649.036 -50.1978 9.3682 0.5
7 625.828 -11.7179 -11.1829 0.5
7 622.551 -8.04773 -12.6933 0.5
7 662.747 -70.6808 0.762981 0.5
7 663.257 -72.987 -6.41792 0.5
7 625.571 -23.2846 14.8642 0.5
7 642.747 -66.0136 -0.444354 0.5
7 617.79 -13.0012 -14.0666 0.5
7 642.783 -65.3738 -4.55621 0.5
7 636.86 -52.268 9.69554 0.5
7 639.787 -35.3291 -10.6496 0.5
7 659.467 -92.1923 8.71016 0.5
7 658.249 -62.9145 1.14865 0.5
7 653.627 -65.7029 -14.4109 0.5
7 643.9 -65.9755 7.55383 0.5
7 625.695 -33.9778 8.30254 0.5
7 614.732 -7.15099 14.2594 0.5
7 634.264 -33.7423 -14.7756 0.5
7 620.863 -20.683 12.9513 0.5
7 651.092 -77.1866 -9.37043 0.5
7 640.505 -38.5698 12.313 0.5
7 613.889 -14.4858 6.64131 0.5
7 638.78 -35.8197 12.4744 0.5
7 653.212 -78.7689 11.5057 0.5
7 632.57 -36.6148 14.6498 0.5
7 657.998 -79.396 -14.8714 0.5
7 636.376 -51.5709 -9.52775 0.5
7 630.036 -17.4945 9.6201 0.5
7 621.596 0.591276 0.820721 0.5
7 614.175 -16.1637 3.30563 0.5
7 664.002 -101.02 -7.15072 0.5
7 651.062 -52.7073 7.95793 0.5
7 652.284 -82.032 3.86454 0.5
7 611.979 -11.6361 5.61887 0.5
7 645.774 -67.4569 -9.98535 0.5
7 654.505 -74.5547 -14.6612 0.5
7 653.023 -77.7891 -12.0225 0.5
7 649.143 -76.5757 -3.92539 0.5
7 616.983 5.32984 -9.35466 0.5
7 612.532 -13.6808 0.391698 0.5
7 636.545 -43.4442 14.6619 0.5
7 659.572 -88.3719 12.5536 0.5
7 637.798 -50.2362 -12.82 0.5
7 626.942 -36.9829 6.86312 0.5
7 649.113 -63.8357 -14.8929 0.5
7 630.044 -42.5306 6.51026 0.5
7 663.75 -102.15 -2.71937 0.5
7 640.892 -38.2174 -11.534 0.5
7 622.267 -14.4333 -14.9585 0.5
7 652.535 -61.0709 -13.3172 0.5
7 663.62 -93.2021 -13.7352 0.5
7 624.28 -32.1767 -7.23034 0.5
7 632.932 -23.91 11.081 0.5
7 626.48 -34.9555 -8.84989 0.5
7 643.64 -65.2229 -8.05042 0.5
7 659.377 -72.1993 12.9178 0.5
7 665.242 -79.784 -10.9997 0.5
7 661.175 -93.2585 -10.8849 0.5
7 645.953 -71.5719 -0.199134 0.5
7 626.832 -11.5014 9.06229 0.5
7 633.794 -22.4054 7.29389 0.5
7 662.915 -87.6628 -14.9022 0.5
7 616.007 -16.3504 -9.45402 0.5
7 631.543 -25.3971 -13.6507 0.5
7 646.445 -46.6838 -10.47 0.5
7 638.716 -32.6632 -9.77831 0.5
7 660.808 -83.7507 -14.9299 0.5
7 647.433 -44.5582 -3.5321 0.5
7 651.651 -76.6277 -11.0112 0.5
7 644.073 -67.5232 4.81536 0.5
7 625.899 -7.20647 3.30594 0.5
7 659.362 -71.6617 -12.6018 0.5
7 637.953 -39.5749 14.6675 0.5
7 617.615 5.30764 7.82291 0.5
7 622.865 -29.6625 7.34489 0.5
7 635.264 -23.0613 0.226572 0.5
7 624.824 -33.9044 -5.56822 0.5
7 623.282 -24.4264 13.202 0.5
7 613.266 14.7234 -3.0799 0.5
7 648.062 -74.4395 -4.79513 0.5
7 649.622 -47.936 0.515025 0.5
7 656.967 -90.1526 -3.8323 0.5
7 644.325 -38.7645 0.600853 0.5
7 633.663 -49.6392 4.35952 0.5
7 611.9 4.77992 -14.8113 0.5
8 637.398 34.7476 -3.61397 0.5
8 655.12 74.9023 -14.1072 0.5
8 626.813 35.9909 -14.1354 0.5
8 634.702 33.1465 -9.6434 0.5
8 634.426 56.58 8.40678 0.5
8 634.408 29.7023 4.11868 0.5
8 616.263 24.9825 8.60791 0.5
8 659 94.397 -12.8869 0.5
8 646.055 49.8675 4.09143 0.5
8 629.475 37.2465 -14.9074 0.5
8 647.057 80.4015 -4.3126 0.5
8 628.521 24.6729 11.8027 0.5
8 663.367 80.902 -6.77619 0.5
8 626.474 41.2612 10.329 0.5
8 663.835 98.7786 -14.5408 0.5
8 654.439 93.7771 1.14699 0.5
8 663.284 90.6807 -14.5953 0.5
8 662.063 82.1152 -11.2588 0.5
8 639.183 64.7057 8.57195 0.5
8 632.931 34.1341 -13.0286 0.5
8 659.089 81.1939 13.8827 0.5
8 634.444 32.6501 9.58528 0.5
8 663.812 81.291 5.96112 0.5
8 618.132 30.1078 4.91269 0.5
8 633.464 27.6821 2.38442 0.5
8 611.45 -4.30922 -12.2403 0.5
8 619.224 5.45629 -8.48373 0.5
8 647.869 74.8611 13.0367 0.5
8 658.658 76.2817 -11.3147 0.5
8 640.349 39.5175 -1.73297 0.5
8 617.448 5.38988 11.7205 0.5
8 615.471 3.96127 -13.0673 0.5
8 649.193 66.7986 -14.71 0.5
8 661.462 95.978 -14.1446 0.5
8 664.889 86.2048 -10.4967 0.5
8 641.249 45.8212 -11.0403 0.5
8 659.464 86.4106 -14.9586 0.5
8 631.986 50.6757 -10.4663 0.5
8 660.107 90.0993 14.9287 0.5
8 634.628 31.3676 7.23609 0.5
8 641.708 53.2574 14.5827 0.5
8 626.686 41.5448 -10.4172 0.5
8 634.739 35.7535 12.0396 0.5
8 654.427 85.6183 -13.361 0.5
8 642.902 71.0128 -8.76226 0.5
8 658.443 74.6933 -10.1297 0.5
8 648.197 82.968 1.11677 0.5
8 620.899 6.01854 -2.93458 0.5
8 650.189 70.7646 -14.9839 0.5
8 633.043 49.3351 -12.9475 0.5
8 665.521 86.84 -10.0061 0.5
8 657.172 68.6195 -1.39479 0.5
8 626.814 19.1649 9.25081 0.5
8 613.211 8.94448 -14.9215 0.5
8 627.637 26.6407 -13.8512 0.5
8 619.981 19.5107 14.9954 0.5
8 664.6 106.216 -11.3589 0.5
8 661.702 97.5473 -13.6831 0.5
8 655.416 89.089 12.3067 0.5
8 660.965 103.598 6.59067 0.5
8 639.069 49.9514 14.8307 0.5
8 614.133 -1.76616 10.4347 0.5
8 638.577 66.1954 2.12289 0.5
8 616.095 -2.58622 -0.46539 0.5
8 630.816 25.9255 -9.02798 0.5
8 623.318 32.8156 -12.7528 0.5
8 641.897 57.4447 14.996 0.5
8 613.515 21.0924 -7.20801 0.5
8 643.097 44.7087 3.96024 0.5
8 663.402 102.461 -12.6153 0.5
8 658.429 73.3806 -8.51082 0.5
8 659.831 93.1673 -14.1397 0.5
8 614.546 6.86307 -14.7246 0.5
8 615.02 10.1346 -14.9944 0.5
8 638.233 36.3706 -4.26587 0.5
8 644.025 46.9194 5.72511 0.5
8 641.123 40.7616 0.346504 0.5
8 631.805 39.2679 14.9959 0.5
8 631.57 54.201 0.51856 0.5
8 638.306 64.1829 -6.92693 0.5
8 654.533 68.8239 11.0346 0.5
8 643.141 44.2745 -0.803937 0.5
8 613.019 13.181 -13.7028 0.5
8 653.136 82.1598 -13.9169 0.5
8 658.141 70.3932 -2.18325 0.5
8 623.667 17.0961 -12.4098 0.5
8 643.181 70.1784 -10.3508 0.5
8 665.056 102.573 14.0086 0.5
8 639.198 38.3743 -5.25698 0.5
8 651.76 88.347 -4.9328 0.5
8 658.901 99.8012 7.0273 0.5
8 631.511 52.6109 6.53378 0.5
8 623.246 38.4659 6.17069 0.5
8 648.7 69.4418 14.9895 0.5
8 661.165 98.4587 12.6965 0.5
8 659.75 75.9798 8.94508 0.5
8 631.11 38.1663 14.998 0.5
8 664.512 111.178 1.6472 0.5
8 633.881 39.5498 14.5455 0.5
8 617.227 7.85552 -13.5128 0.5
8 647.096 57.7089 12.4316 0.5
8 616.336 5.12278 12.8721 0.5
8 621.365 6.61441 1.54775 0.5
8 651.105 65.4362 -12.9265 0.5
8 622.973 9.72519 3.45895 0.5
8 654.506 93.7089 2.60912 0.5
8 642.238 51.9942 13.8774 0.5
8 659.686 85.7841 14.8487 0.5
8 642.06 71.5592 4.89468 0.5
8 659.829 103.107 -1.2307 0.5
8 645.564 66.4276 -14.7014 0.5
8 618.374 30.7038 -4.36771 0.5
8 660.216 94.2234 13.9958 0.5
8 640.173 66.108 -9.00538 0.5
8 614.794 4.68887 13.9687 0.5
8 628.174 21.0135 -8.56361 0.5
8 627.92 22.6396 10.9522 0.5
8 649.036 83.9082 -4.0387 0.5
8 618.803 9.65755 -13.0243 0.5
8 640.118 68.6727 3.19492 0.5
8 661.632 90.3559 14.9715 0.5
8 666.627 93.5481 -13.5739 0.5
8 647.184 52.821 -6.67453 0.5
8 616.11 -1.79213 4.75856 0.5
8 631.032 49.4131 -10.052 0.5
8 655.311 90.4467 11.0768 0.5
8 636.253 58.0869 10.4467 0.5
8 633.607 50.9865 -12.5291 0.5
8 660.93 93.0517 -14.6994 0.5
8 636.671 55.8375 -12.8175 0.5
8 622.062 26.7453 -14.456 0.5
8 641.874 71.6318 3.55017 0.5
8 665.039 88.5019 -12.2346 0.5
8 664.664 101.357 14.2025 0.5
8 616.784 24.5999 -10.199 0.5
8 651.987 60.9104 6.18792 0.5
8 633.224 30.3347 -9.33541 0.5
8 650.445 79.733 -12.7945 0.5
8 623.93 13.5836 -8.44777 0.5
8 620.586 25.4159 -14.0589 0.5
8 650.317 86.4845 2.42564 0.5
8 626.521 29.6921 14.98 0.5
8 639.892 40.1404 6.5688 0.5
8 619.716 3.68497 -0.440898 0.5
8 648.928 76.1317 13.3415 0.5
8 617.928 17.3802 14.8919 0.5
8 626.849 29.9702 -14.9623 0.5
8 653.581 87.9568 10.5909 0.5
8 655.107 88.796 -12.1345 0.5
8 644.408 65.2417 14.512 0.5
8 613.434 22.369 3.56236 0.5
8 633.551 30.5071 8.81762 0.5
8 665.246 85.5718 9.04277 0.5
8 637.238 60.2239 -9.98162 0.5
8 632.276 25.761 3.12046 0.5
8 617.331 22.4067 12.7767 0.5
8 637.235 35.6521 6.79781 0.5
8 625.18 35.6055 -13.0119 0.5
8 645.184 64.5634 14.8949 0.5
8 660.367 92.9991 14.4815 0.5
8 640.6 69.6505 2.4427 0.5
8 627.845 44.0096 -9.92018 0.5
8 658.836 97.9562 -9.60776 0.5
8 628.003 44.954 -9.10314 0.5
8 628.793 47.3002 7.65437 0.5
8 613.126 0.297168 -13.2838 0.5
8 640.893 69.7067 -4.3747 0.5
8 613.314 22.2498 -3.1752 0.5
8 652.433 72.915 14.8016 0.5
8 634.23 38.388 13.9825 0.5
8 660.082 77.2303 9.79076 0.5
8 616.969 -0.580936 3.8331 0.5
8 649.731 71.5066 14.9765 0.5
8 648.058 81.3888 6.28521 0.5
8 649.726 59.0422 9.49073 0.5
8 641.546 41.613 1.91677 0.5
8 642.132 43.0094 -3.85881 0.5
8 614.968 -1.38676 -9.20753 0.5
8 643.191 45.2519 -5.15253 0.5
8 665.242 107.549 -11.1658 0.5
8 624.458 29.8119 -14.713 0.5
8 612.746 18.7445 8.81438 0.5
8 626.338 17.6791 -8.33832 0.5
8 617.553 2.36252 8.18538 0.5
8 632.018 32.4892 12.992 0.5
8 643.04 57.6637 14.9333 0.5
8 615.819 20.6849 12.1791 0.5
8 658.213 70.3603 -0.297535 0.5
8 613.115 21.3126 -5.20829 0.5
8 646.787 77.8619 -8.59442 0.5
8 643.642 55.6059 -14.3044 0.5
8 625.072 31.9775 14.4507 0.5
8 649.124 56.0425 -6.38638 0.5
8 634.945 30.0654 0.506024 0.5
8 660.267 81.2197 12.8754 0.5
8 623.911 20.9881 -14.1574 0.5
8 631.923 47.9703 -12.5935 0.5
8 616.961 9.48248 -14.3324 0.5
8 628.746 31.1512 -14.6616 0.5
8 620.907 7.13786 6.31907 0.5
8 635.284 43.6711 -14.8699 0.5
8 628.46 44.9818 10.0247 0.5
8 622.66 27.9984 -14.394 0.5
8 652.24 67.001 12.6819 0.5
8 647.166 78.7227 8.29346 0.5
8 636.287 44.9421 -14.8004 0.5
8 649.647 61.9969 12.3422 0.5
8 652.713 63.5477 -8.60778 0.5
8 650.052 74.57 14.6215 0.5
8 618.059 30.558 -2.73437 0.5
8 622.091 16.6883 -13.7018 0.5
8 620.213 9.66326 -11.2889 0.5
8 639.444 38.7118 5.01611 0.5
8 611.351 9.16879 -14.1495 0.5
8 628.187 26.5309 13.3595 0.5
8 639.134 39.1009 7.10325 0.5
8 639.767 40.7775 -8.0907 0.5
8 618.398 6.73783 -11.4763 0.5
8 648.684 83.5225 -3.13313 0.5
8 638.329 61.3525 -10.7753 0.5
8 663.132 108.68 2.43522 0.5
8 640.962 54.2558 14.9502 0.5
8 647.108 51.1262 0.247191 0.5
8 641.167 69.3989 -6.39989 0.5
8 632.521 55.4187 3.60163 0.5
8 621.877 15.2464 -13.1725 0.5
8 661.29 87.9871 -14.7549 0.5
8 660.75 83.7392 13.7422 0.5
8 650.89 82.0483 11.7099 0.5
8 632.356 25.5725 0.047222 0.5
8 611.167 14.4073 10.6765 0.5
8 654.877 66.7513 7.77522 0.5
8 630.591 51.0214 -6.52423 0.5
8 666.567 100.116 14.9972 0.5
8 632.668 32.5849 -12.3401 0.5
8 656.753 84.0656 14.949 0.5
8 654.605 64.1195 -0.549586 0.5
8 633.283 55.7431 6.40306 0.5
8 653.697 65.4152 -8.83611 0.5
8 620.23 20.7725 14.9517 0.5
8 628.682 26.6797 -12.9736 0.5
8 651.078 60.0418 -7.55623 0.5
8 615.585 -3.13469 -3.17905 0.5
8 643.425 55.8918 14.4967 0.5
8 628.294 20.0069 6.4751 0.5
8 624.125 38.7692 -8.36011 0.5
8 647.148 81.0085 2.33945 0.5
8 626.403 45.2085 -1.25605 0.5
8 652.924 61.5232 -3.11363 0.5
8 652.772 78.177 -14.8313 0.5
8 626.32 37.0082 13.3241 0.5
8 640.835 61.414 -13.679 0.5
8 656.229 81.924 15 0.5
8 611.362 -2.19352 -13.5644 0.5
8 645.084 72.9183 -10.9034 0.5
8 649.458 72.9865 14.7379 0.5
8 622.48 13.2878 11.0185 0.5
8 661.584 76.5611 3.2837 0.5
8 637.056 62.9663 -4.6753 0.5
8 637.914 60.7068 10.704 0.5
8 617.574 2.59968 -8.48432 0.5
8 616.398 11.1277 -14.891 0.5
8 633.013 53.678 -9.04366 0.5
8 630.857 27.52 10.7553 0.5
8 630.215 27.9715 12.0799 0.5
8 643.293 48.1171 -9.74968 0.5
8 624.181 32.1634 -13.854 0.5
8 625.219 21.724 13.5246 0.5
8 614.645 24.862 -1.00441 0.5
8 627.88 24.3106 -12.3529 0.5
8 619.65 28.5071 11.2314 0.5
8 665.273 101.645 -14.4404 0.5
8 616.504 10.233 14.7204 0.5
8 616.542 1.11908 -8.91498 0.5
8 614.549 21.2662 9.58589 0.5
8 643.461 47.5928 -8.70711 0.5
8 640.83 69.8255 3.54439 0.5
8 631.449 34.7713 -14.3913 0.5
8 647.219 52.1017 4.79366 0.5
8 655.075 94.2713 -4.37286 0.5
8 627.143 18.153 6.75927 0.5
8 629.623 36.5568 14.9828 0.5
8 646.175 50.1813 -4.44603 0.5
8 649.882 57.8797 7.3987 0.5
8 615.78 3.00346 12.1055 0.5
8 632.407 41.3202 -14.9855 0.5
8 652.019 85.019 10.8189 0.5
8 666.518 109.647 11.265 0.5
8 623.098 11.5904 -7.57471 0.5
8 618.757 5.90464 10.0748 0.5
8 656.682 67.7733 1.42569 0.5
8 649.114 65.4479 14.4147 0.5
8 630.896 23.7089 -4.42066 0.5
8 634.535 53.8274 11.623 0.5
8 641.75 51.8438 -14.1424 0.5
8 661.359 86.3599 -14.3255 0.5
9 814.681 85.6239 4.28094 0.5
9 813.482 110.364 -10.8438 0.5
9 669.421 104.336 14.3598 0.5
9 673.768 113.354 6.83257 0.5
9 909.294 88.5662 -9.70917 0.5
9 881.009 102.755 14.7448 0.5
9 986.989 85.1691 2.24614 0.5
9 978.978 107.148 -13.1874 0.5
9 690.944 86.0626 5.54516 0.5
9 838.835 85.9739 -5.3169 0.5
9 715.379 114.751 2.72162 0.5
9 907.404 109.54 11.5757 0.5
9 725.122 105.244 14.0534 0.5
9 916.045 95.3689 14.2672 0.5
9 700.553 109.601 -11.5251 0.5
9 727.015 91.3874 12.281 0.5
9 696.23 87.8606 -8.81113 0.5
9 671.145 106.558 -13.4905 0.5
9 846.222 85.0337 -1.00506 0.5
9 819.27 114.992 -0.498194 0.5
9 698.983 85.1818 2.32824 0.5
9 868.651 85.1129 -1.83655 0.5
9 843.755 112.943 7.58068 0.5
9 863.917 98.0983 14.879 0.5
9 891.183 85.1446 2.07747 0.5
9 915.554 86.7799 -7.0873 0.5
9 860.384 91.0132 -12.0099 0.5
9 946.253 98.3801 -14.9123 0.5
9 954.054 89.0584 10.2606 0.5
9 928.605 105.227 14.0597 0.5
9 740.628 86.4253 6.38182 0.5
9 794.337 96.7992 -14.6545 0.5
9 954.914 104.286 14.3747 0.5
9 747.673 87.7552 8.66403 0.5
9 773.707 92.0402 -12.7139 0.5
9 738.003 85.026 0.883547 0.5
9 860.844 95.768 14.3906 0.5
9 832.45 113.766 5.95898 0.5
9 960.829 85.0893 -1.63427 0.5
9 915.11 88.6899 9.85306 0.5
9 748.724 104.449 14.3251 0.5
9 811.53 87.5385 -8.3493 0.5
9 882.891 92.6614 -13.0822 0.5
9 736.033 92.6832 13.0945 0.5
9 703.151 110.121 -11.0708 0.5
9 673.296 107.535 -12.9699 0.5
9 777.043 111.264 9.90595 0.5
9 773.885 114.134 5.02196 0.5
9 873.881 95.261 -14.2317 0.5
9 775.817 113.743 6.00981 0.5
9 794.013 102.689 -14.757 0.5
9 691.699 114.307 4.50682 0.5
9 962.523 85.0002 -0.0776492 0.5
9 948.685 86.5131 -6.56527 0.5
9 879.935 101.782 -14.8937 0.5
9 902.867 85.0565 1.30069 0.5
9 685.411 90.7847 11.8355 0.5
9 885.257 114.973 -0.902386 0.5
9 975.287 108.141 -12.5988 0.5
9 812.748 105.455 -13.9731 0.5
9 804.51 113.142 -7.23178 0.5
9 737.466 101.934 -14.8748 0.5
9 938.4 85.8611 5.0091 0.5
9 963.025 86.9832 -7.4541 0.5
9 807.069 114.79 -2.50194 0.5
9 967.692 114.888 1.83124 0.5
9 883.129 113.241 7.04904 0.5
9 719.494 114.403 -4.18897 0.5
9 925.992 85.4272 3.55449 0.5
9 964.296 104.626 -14.2687 0.5
9 778.373 97.5931 -14.8056 0.5
9 686.305 100.756 -14.9809 0.5
9 874.264 93.93 -13.717 0.5
9 732.31 86.4095 6.34814 0.5
9 961.819 112.531 8.24398 0.5
9 873.626 114.904 -1.69407 0.5
9 737.879 114.676 -3.10209 0.5
9 761.113 93.2423 13.3916 0.5
9 917.053 86.7048 -6.94533 0.5
9 814.21 114.088 -5.15155 0.5
9 984.121 97.3853 -14.7704 0.5
9 672.055 108.212 -12.5527 0.5
9 774.612 87.1822 7.79132 0.5
9 859.991 99.603 14.9947 0.5
9 772.758 114.958 -1.11599 0.5
9 744.166 92.5971 -13.046 0.5
9 781.454 104.284 -14.3754 0.5
9 818.274 114.928 1.47276 0.5
9 917.189 114.37 -4.30183 0.5
9 911.402 90.7273 11.7905 0.5
9 872.302 107.966 12.7097 0.5
9 762.967 112.746 -7.90809 0.5
9 872.957 87.0834 7.62629 0.5
9 983.194 101.695 14.9039 0.5
9 812.914 90.4263 11.5475 0.5
9 724.5 95.4471 -14.2924 0.5
9 747.773 114.018 5.33866 0.5
9 711.222 103.164 14.6625 0.5
9 857.101 89.1112 -10.3167 0.5
9 901.155 91.0038 -12.0029 0.5
9 730.74 110.633 -10.5805 0.5
9 961.4 111.7 9.3862 0.5
9 710.564 114.1 -5.11664 0.5
9 869.736 112.912 7.63364 0.5
9 763.273 114.411 -4.16256 0.5
9 718.279 85.8829 5.07038 0.5
9 702.225 114.226 4.75474 0.5
9 892.845 114.998 -0.222583 0.5
9 781.521 114.89 -1.81017 0.5
9 871.366 86.0365 5.47921 0.5
9 876.435 114.5 3.84143 0.5
9 977.058 87.5976 -8.43684 0.5
9 815.598 87.3212 8.01542 0.5
9 733.237 95.9779 -14.4507 0.5
9 959.472 106.237 13.6417 0.5
9 957.694 104.856 14.1921 0.5
9 888.195 114.506 -3.81813 0.5
9 695.252 85.2081 -2.48975 0.5
9 807.833 101.545 -14.9202 0.5
9 729.33 108.243 -12.5321 0.5
9 801.316 87.1427 7.72598 0.5
9 760.856 113.707 6.09183 0.5
9 872.295 111.83 -9.22277 0.5
9 781.324 106.813 13.3633 0.5
9 924.124 112.04 -8.94657 0.5
9 755.523 111.012 10.1852 0.5
9 885.575 85.0089 -0.5179 0.5
9 750.042 85.2015 2.45063 0.5
9 702.633 103.724 14.5303 0.5
9 771.446 85.4047 3.46068 0.5
9 862.128 85.6886 -4.49263 0.5
9 791.826 93.2351 13.3879 0.5
9 853.455 107.013 -13.2598 0.5
9 691.964 107.896 -12.7539 0.5
9 920.05 114.411 4.16201 0.5
9 988.832 98.7646 -14.949 0.5
9 994.456 95.5255 14.3171 0.5
9 869.016 95.7403 14.3825 0.5
9 853.294 87.4745 8.25294 0.5
9 736.934 98.7949 -14.9515 0.5
9 919.752 91.0028 -12.0021 0.5
9 697.544 88.6001 9.74896 0.5
9 824.386 88.8384 10.0209 0.5
9 751.716 106.561 -13.4892 0.5
9 773.751 94.4131 -13.9207 0.5
9 850.599 90.8263 11.8678 0.5
9 756.856 104.811 -14.2074 0.5
9 711.354 114.117 5.07041 0.5
9 945.009 98.7024 14.9438 0.5
9 748.601 114.995 0.392154 0.5
9 956.303 111.936 -9.08505 0.5
9 835.162 92.8277 -13.1742 0.5
9 880.296 87.252 -7.90494 0.5
9 845.015 90.3576 11.4902 0.5
9 881.75 85.4872 3.79175 0.5
9 706.284 112.705 7.97331 0.5
9 850.674 102.164 14.8431 0.5
9 673.55 95.897 14.4279 0.5
9 847.723 85.9687 -5.30304 0.5
9 950.697 88.0648 -9.08572 0.5
9 711.263 109.545 -11.571 0.5
9 987.351 110.914 10.2895 0.5
9 875.388 85.1289 -1.96261 0.5
9 962.916 113.128 7.25732 0.5
9 679.17 114.236 4.7248 0.5
9 975.625 85.5417 3.99462 0.5
9 888.049 111.065 -10.1279 0.5
9 863.419 89.2656 10.4772 0.5
9 668.057 101.642 14.9099 0.5
9 844.084 87.959 -8.94504 0.5
9 796.999 88.0056 9.00742 0.5
9 781.296 114.737 -2.7941 0.5
9 732.22 113.699 6.11022 0.5
9 853.211 114.758 2.68116 0.5
9 841.268 101.234 14.9492 0.5
9 988.967 85.033 0.994746 0.5
9 943.987 106.076 13.7142 0.5
9 813.626 106.125 -13.6925 0.5
9 810.442 95.6715 14.3619 0.5
9 821.664 88.1198 -9.15759 0.5
9 796.604 114.999 -0.139086 0.5
9 992.576 89.592 -10.8015 0.5
9 969.641 107.876 -12.7661 0.5
9 670.635 90.7356 -11.7971 0.5
9 823.9 102.048 -14.8595 0.5
9 835.643 97.3359 -14.7615 0.5
9 703.719 86.2383 5.96789 0.5
9 876.297 114.504 -3.82408 0.5
9 866.874 86.9922 7.46967 0.5
9 908.323 86.3388 6.19439 0.5
9 769.069 96.1439 -14.4959 0.5
9 836.019 88.3987 -9.50846 0.5
9 811.318 110.436 -10.7741 0.5
9 811.815 85.4568 3.67358 0.5
9 767.406 91.0911 12.0678 0.5
9 958.091 88.6788 9.84028 0.5
9 782.11 86.9626 -7.41794 0.5
9 682.274 98.6619 -14.9402 0.5
9 896.013 114.212 4.79696 0.5
9 706.239 114.336 -4.41282 0.5
9 829.927 86.8406 -7.19931 0.5
9 872.347 107.457 -13.0149 0.5
9 730.728 93.4664 -13.5023 0.5
9 700.482 92.9983 -13.2656 0.5
9 670.931 114.876 1.92754 0.5
9 769.738 113.855 5.74757 0.5
9 824.994 86.6179 -6.77633 0.5
9 788.765 114.445 -4.04259 0.5
9 820.547 111.516 -9.61177 0.5
9 710.186 108.958 12.0313 0.5
9 678.659 106.072 -13.7159 0.5
9 822.852 112.856 7.72888 0.5
9 825.951 111.027 10.1692 0.5
9 971.628 85.1157 -1.85922 0.5
9 918.959 85.9195 5.17101 0.5
9 793.593 85.4426 3.61687 0.5
9 715.579 102.26 14.8287 0.5
9 855.061 97.9332 -14.8569 0.5
9 750.179 85.3243 -3.10227 0.5
9 720.235 114.973 -0.899259 0.5
9 695.763 114.195 -4.84921 0.5
9 798.84 95.0475 14.1589 0.5
9 779.718 95.5247 14.3168 0.5
9 754.933 114.998 0.26701 0.5
9 996.253 90.1033 11.2719 0.5
9 928.901 85.5408 -3.99141 0.5
9 676.768 91.7784 12.5461 0.5
9 946.025 85.0034 0.317885 0.5
9 997.238 93.0366 13.2857 0.5
9 809.126 106.187 13.6648 0.5
9 827.947 102.751 -14.7455 0.5
9 902.66 100.505 14.9915 0.5
9 951.601 114.347 -4.37674 0.5
9 983.67 85.3379 -3.16593 0.5
9 814.585 105.662 -13.8904 0.5
9 916.021 111.6 -9.51016 0.5
9 983.784 106.904 13.3165 0.5
9 689.849 86.9767 7.44276 0.5
9 981.435 108.248 12.5287 0.5
9 805.628 105.855 -13.8102 0.5
9 814.204 86.1821 -5.83667 0.5
9 896.384 114.707 2.95239 0.5
9 923.868 109.345 -11.7335 0.5
9 797.191 86.0542 -5.5241 0.5
9 843.206 114.879 1.89786 0.5
9 972.453 90.2933 -11.4359 0.5
9 802.513 108.146 12.5953 0.5
9 696.869 90.7528 -11.8105 0.5
9 726.338 101.833 -14.8875 0.5
9 706.533 97.13 14.7229 0.5
9 712.602 90.6701 -11.7453 0.5
9 934.477 93.9818 -13.7398 0.5
9 817.765 109.857 -11.3065 0.5
9 842.471 111.876 -9.16342 0.5
9 930.699 106.036 -13.7318 0.5
9 737.701 114.995 -0.399557 0.5
9 930.801 99.3766 -14.987 0.5
9 980.49 100.221 -14.9984 0.5
9 696.264 110.682 -10.5309 0.5
9 773.399 91.0392 12.0293 0.5
9 758.967 113.798 5.88372 0.5
9 672.459 105.488 -13.96 0.5
9 972.983 105.155 14.0864 0.5
9 972.974 85.777 -4.76523 0.5
9 943.52 95.8796 -14.423 0.5
9 722.359 101.046 -14.9635 0.5
9 835.49 86.748 -7.0274 0.5
9 796.533 107.451 13.0188 0.5
9 876.919 97.4871 14.788 0.5
9 806.351 112.055 -8.92669 0.5
9 895.291 107.122 13.2016 0.5
9 918.993 96.3453 -14.548 0.5
9 939.402 102.566 -14.779 0.5
9 925.844 87.1072 -7.66657 0.5
9 970.227 113.674 -6.16606 0.5
9 934.277 114.003 5.37863 0.5
9 701.04 85.8062 4.85142 0.5
9 955.833 85.6766 4.45435 0.5
9 930.77 96.907 -14.6777 0.5
9 753.428 88.1837 9.23987 0.5
9 807.651 109.099 -11.9254 0.5
9 871.453 114.127 5.04293 0.5
9 952.045 93.0881 -13.3126 0.5
9 796.673 88.2856 -9.36867 0.5
9 878.518 105.72 13.8665 0.5
9 689.289 101.597 -14.9148 0.5
9 993.207 85.2526 -2.74125 0.5
9 677.645 94.8191 14.0769 0.5
9 930.372 112.095 8.87241 0.5
9 912.156 114.777 2.5784 0.5
9 693.979 114.012 5.35383 0.5
9 698.53 95.0217 -14.1498 0.5
9 758.938 85.6676 -4.42517 0.5
9 739.461 108.924 -12.0567 0.5
9 923.703 113.907 5.62103 0.5
9 903.171 112.133 -8.82011 0.5
9 857.492 106.308 13.6093 0.5
9 938.272 96.5857 -14.6063 0.5
9 838.758 93.008 13.2707 0.5
