0 20.5498 103.9 14.4841 0.5
0 34.1084 102.615 -14.7704 0.5
0 224.66 88.3177 -9.4087 0.5
0 265.506 110.635 10.5786 0.5
0 104.681 114.772 -2.60372 0.5
0 269.998 103.93 -14.476 0.5
0 320.413 114.878 -1.90771 0.5
0 126.701 102.399 14.8069 0.5
0 288.203 90.1907 11.348 0.5
0 172.72 101.826 -14.8884 0.5
0 187.618 96.8219 -14.6595 0.5
0 126.762 114.215 -4.79038 0.5
0 153.977 97.4232 14.777 0.5
0 293.054 89.765 10.9656 0.5
0 287.802 91.3181 -12.2321 0.5
0 83.0589 101.664 -14.9074 0.5
0 180.164 85.4585 3.68028 0.5
0 329.872 102.154 -14.8445 0.5
0 256.49 87.9114 -8.88058 0.5
0 23.2385 114.835 2.22086 0.5
0 123.801 108.033 12.6679 0.5
0 223.118 92.3431 -12.8985 0.5
0 314.628 85.0941 1.67795 0.5
0 168.128 90.8911 -11.9176 0.5
0 127.453 85.2723 -2.84535 0.5
0 231.831 108.113 12.6166 0.5
0 283.042 94.9862 14.1373 0.5
0 224.686 113.83 -5.80824 0.5
0 229.701 85.0837 -1.58212 0.5
0 161.081 100.134 -14.9994 0.5
0 288.609 114.887 1.84112 0.5
0 119.676 109.307 -11.7632 0.5
0 206.354 113.43 -6.68086 0.5
0 109.869 90.2952 11.4376 0.5
0 313.619 96.1837 14.5064 0.5
0 70.5441 109.3 11.769 0.5
0 158.495 114.998 0.237779 0.5
0 64.5859 100.968 -14.9687 0.5
0 207.07 111.715 -9.36751 0.5
0 148.873 103.016 -14.6937 0.5
0 189.51 100.924 -14.9715 0.5
0 124.36 99.3285 14.985 0.5
0 153.061 109.219 11.8324 0.5
0 59.6025 87.3485 -8.05851 0.5
0 275.654 114.639 3.26954 0.5
0 329.747 106.754 -13.3934 0.5
0 182.272 91.1568 -12.116 0.5
0 194.522 85.411 3.48714 0.5
0 19.3168 106.812 -13.364 0.5
0 185.423 109.196 -11.8508 0.5
0 316.78 106.498 -13.5193 0.5
0 277.061 104.014 14.4529 0.5
0 207.796 99.7764 -14.9983 0.5
0 224.471 92.0855 12.7421 0.5
0 103.545 114.778 -2.5699 0.5
0 95.6476 87.7197 8.61356 0.5
0 297.141 86.3807 -6.28601 0.5
0 254.563 100.179 14.9989 0.5
0 21.7764 105.289 -14.0367 0.5
0 244.452 112.996 7.49086 0.5
0 170.392 95.6186 14.3458 0.5
0 279.603 113.507 6.52378 0.5
0 145.416 86.1127 5.66947 0.5
0 136.591 92.191 12.807 0.5
0 108.875 106.097 13.7048 0.5
0 99.3592 89.8652 11.0583 0.5
0 262.853 103.703 -14.5358 0.5
0 158.04 101.709 -14.9023 0.5
0 88.4939 92.0321 12.7088 0.5
0 127.028 86.2197 5.9248 0.5
0 293.011 96.7759 14.6494 0.5
0 169.12 113.985 -5.42311 0.5
0 224.849 85.4584 -3.68012 0.5
0 8.5321 91.3064 12.2238 0.5
0 302.154 107.321 13.092 0.5
0 139.133 86.1973 5.87241 0.5
0 123.154 114.804 2.41942 0.5
0 323.634 87.6172 8.46556 0.5
0 143.296 87.5166 -8.31651 0.5
0 24.0052 106.331 -13.5986 0.5
0 93.244 114.352 -4.36221 0.5
0 162.804 97.9265 14.856 0.5
0 266.757 88.082 9.10834 0.5
0 130.726 101.108 -14.959 0.5
0 54.8306 91.9521 12.6583 0.5
0 99.2852 95.7041 -14.3717 0.5
0 319.684 85.5113 3.88284 0.5
0 132.909 102.827 -14.7311 0.5
0 51.1123 114.996 0.35335 0.5
0 161.59 110.407 10.8027 0.5
0 306.421 92.5228 13.0035 0.5
0 76.7894 101.925 -14.876 0.5
0 34.194 112.025 8.96676 0.5
0 194.045 94.9977 14.1413 0.5
0 141.662 88.8392 10.0218 0.5
0 13.16 85.821 -4.89444 0.5
0 296.46 86.4928 6.52345 0.5
0 20.374 87.5588 -8.37953 0.5
0 92.7566 86.8832 -7.27672 0.5
0 229.445 105.32 -14.0248 0.5
0 116.323 105.966 13.7625 0.5
0 22.3015 90.5715 -11.6664 0.5
0 291.503 101.229 14.9496 0.5
0 168.242 85.3859 3.38048 0.5
0 175.293 110.354 10.8531 0.5
0 232.047 101.795 14.8922 0.5
0 223.686 110.962 10.2394 0.5
0 137.417 114.645 3.24249 0.5
0 84.6825 105.358 -14.0103 0.5
0 303.244 99.3154 -14.9844 0.5
0 243.805 89.6998 10.9044 0.5
0 57.5727 113.834 -5.7978 0.5
0 50.1109 108.288 -12.5022 0.5
0 38.764 104.002 -14.4562 0.5
0 243.097 113.697 -6.11562 0.5
0 37.6899 85.6289 4.29768 0.5
0 7.58755 111.537 -9.58636 0.5
0 203.265 111.009 10.1885 0.5
0 40.3174 88.631 9.78493 0.5
0 96.594 113.295 6.94521 0.5
0 146.437 110.531 -10.6821 0.5
0 288.388 85.9979 -5.37966 0.5
0 287.151 114.786 -2.52598 0.5
0 11.7202 101.415 -14.9331 0.5
0 175.21 100.324 14.9965 0.5
0 208.489 101.075 14.9614 0.5
0 144.732 97.0531 -14.7077 0.5
0 27.1112 114.722 -2.87314 0.5
0 293.019 94.4154 13.9217 0.5
0 184.615 89.7615 -10.9623 0.5
0 93.2398 107.927 -12.7345 0.5
0 225.701 112.323 8.55298 0.5
0 188.51 114.509 3.80554 0.5
0 308.18 89.7939 -10.9925 0.5
0 79.0236 114.558 -3.61392 0.5
0 90.8687 86.2662 -6.0317 0.5
0 297.358 108.077 -12.6397 0.5
0 69.6637 108.776 -12.165 0.5
0 211.48 106.54 -13.4991 0.5
0 295.205 88.7627 9.936 0.5
0 181.85 97.8889 -14.8507 0.5
0 297.388 114.459 -3.99103 0.5
0 118.541 90.9028 11.9265 0.5
0 167.26 86.7317 -6.99657 0.5
0 29.4468 91.9967 -12.6865 0.5
0 126.286 85.1964 -2.41943 0.5
0 277.729 102.853 14.7262 0.5
0 221.731 93.7772 -13.6483 0.5
0 298.165 103.041 14.6885 0.5
0 53.2219 103.06 14.6845 0.5
0 276.143 86.5275 6.59481 0.5
0 129.12 114.733 2.81849 0.5
0 30.7736 111.972 9.03786 0.5
0 297.402 110.892 10.3136 0.5
0 96.7681 89.7491 -10.9507 0.5
0 152.705 99.6509 14.9959 0.5
0 235.813 98.5426 14.929 0.5
0 132.544 93.6585 -13.5936 0.5
0 142.042 113.173 -7.17451 0.5
0 189.047 114.973 0.891324 0.5
0 79.3258 106.891 13.3234 0.5
0 264.895 114.954 1.17455 0.5
0 309.711 113.448 6.64504 0.5
0 27.2333 105.496 13.9569 0.5
0 51.0686 97.043 14.7056 0.5
0 157.102 88.3285 -9.42206 0.5
0 159.382 103.749 14.5238 0.5
0 51.6982 100.445 14.9934 0.5
0 170.885 91.0492 -12.0367 0.5
0 302.958 108.851 12.1107 0.5
0 307.562 112.961 7.55012 0.5
0 76.8844 97.3772 -14.7689 0.5
0 298.272 114.784 2.53566 0.5
0 274.016 85 0.0381997 0.5
0 96.3883 85.1021 -1.74686 0.5
0 289.636 102.866 14.7237 0.5
0 95.85 101.493 14.9255 0.5
0 281.254 104.265 14.3809 0.5
0 183.508 94.7041 14.034 0.5
0 179.565 112.685 8.00633 0.5
0 113.682 103.295 14.6336 0.5
0 207.608 86.8314 7.18239 0.5
0 195.08 94.7971 14.0687 0.5
0 226.628 114.265 4.63927 0.5
0 272.473 90.6877 -11.7593 0.5
0 204.594 114.43 4.09568 0.5
0 18.197 93.4195 -13.4795 0.5
0 236.067 100.728 14.9823 0.5
0 170.718 113.576 6.37843 0.5
0 102.978 85.6847 4.48007 0.5
0 297.237 88.0192 -9.02556 0.5
0 37.1909 114.253 4.6758 0.5
0 284.73 114.643 3.25372 0.5
0 102.265 95.7461 -14.3842 0.5
0 167.002 114.631 -3.30669 0.5
0 37.7052 95.6142 14.3445 0.5
0 171.299 92.2459 -12.8404 0.5
0 45.9366 113.337 6.86556 0.5
0 230.63 114.906 1.67396 0.5
0 238.332 111.159 -10.0241 0.5
0 94.7108 85.3867 3.38417 0.5
0 252.056 85.4342 -3.58286 0.5
0 323.994 86.7118 6.9587 0.5
0 184.685 100.072 -14.9998 0.5
0 278.814 106.627 -13.4569 0.5
0 281.288 105.566 -13.9291 0.5
0 55.116 99.5507 -14.9933 0.5
0 25.32 88.9682 10.1636 0.5
0 275 109.98 11.198 0.5
0 73.6886 96.6148 -14.613 0.5
0 22.6586 86.8658 7.24528 0.5
0 106.204 110.947 10.2551 0.5
0 329.22 99.0106 -14.9673 0.5
0 286.816 110.531 -10.6812 0.5
0 326.707 113.048 7.39946 0.5
0 284.51 97.0042 14.6978 0.5
0 246.937 102.036 -14.8612 0.5
0 21.5075 107.659 -12.8974 0.5
0 146.374 92.8416 -13.1817 0.5
0 20.0817 111.225 9.95025 0.5
0 250.71 110.253 10.9491 0.5
0 308.746 107.025 -13.2534 0.5
0 73.4063 108.388 -12.4352 0.5
0 194.62 85.0743 1.4913 0.5
0 316.606 85.0388 1.07871 0.5
0 314.217 106.501 -13.5182 0.5
0 56.1028 108.512 12.3511 0.5
0 112.488 88.8563 10.0408 0.5
0 289.591 85.1482 -2.1033 0.5
0 257.134 114.342 -4.39509 0.5
0 321.183 101.409 14.9337 0.5
0 268.078 88.4346 -9.55199 0.5
0 62.1514 95.7669 -14.3903 0.5
0 218.571 109.89 11.2778 0.5
0 305.387 85.0411 1.10949 0.5
0 293.83 95.1109 -14.1809 0.5
0 279.832 96.9105 -14.6784 0.5
0 123.52 87.5155 8.3149 0.5
0 168.009 109.571 11.5495 0.5
0 328.995 113.659 -6.19871 0.5
0 161.618 98.1394 -14.8842 0.5
0 133.217 93.3351 13.438 0.5
0 310.441 97.458 -14.783 0.5
0 305.747 96.116 14.4884 0.5
0 101.057 108.377 12.4432 0.5
0 269.307 98.2006 -14.8917 0.5
0 82.2496 115 0.0866146 0.5
0 145.958 92.3714 12.9153 0.5
0 108.687 88.432 9.54888 0.5
0 120.533 93.889 13.6987 0.5
0 2.18314 108.772 -12.1674 0.5
0 14.4987 114.623 -3.34283 0.5
0 209.964 85.6152 4.25188 0.5
0 290.325 114.822 2.3047 0.5
0 196.728 85.8605 -5.00738 0.5
0 169.59 85.0014 0.202956 0.5
0 62.051 86.6683 -6.87501 0.5
0 203.791 94.0528 -13.7707 0.5
0 186.913 93.0469 -13.2911 0.5
0 144.301 104.94 14.1633 0.5
0 46.3274 104.852 14.1937 0.5
0 128.649 114.997 -0.305514 0.5
0 249.39 113.448 -6.64479 0.5
0 62.3579 113.429 -6.68279 0.5
0 122.422 93.6227 -13.5768 0.5
0 192.636 99.5589 -14.9935 0.5
0 269.873 94.3785 13.9068 0.5
0 227.112 102.493 -14.7914 0.5
0 306.78 96.5061 -14.5874 0.5
0 323.577 99.2249 14.98 0.5
0 325.419 94.4222 -13.9244 0.5
0 301.793 85.0191 0.757512 0.5
0 331.008 98.5197 -14.9268 0.5
0 114.083 114.187 4.87077 0.5
0 165.854 102.877 -14.7216 0.5
0 221.1 106.031 -13.7342 0.5
0 138.503 85.0154 0.680448 0.5
0 175.509 114.826 -2.27518 0.5
0 290.529 114.542 -3.6782 0.5
0 302.948 86.9304 7.36104 0.5
0 69.9035 97.1904 14.7345 0.5
0 296.16 101.491 14.9257 0.5
0 15.5019 106.208 13.655 0.5
0 205.539 94.7117 14.0369 0.5
0 326.485 96.3246 -14.5428 0.5
0 200.145 112.83 7.772 0.5
0 148.113 114.997 -0.275071 0.5
0 291.218 85.0906 -1.64584 0.5
0 59.1511 112.622 8.10513 0.5
0 220.068 90.923 -11.9419 0.5
0 156.941 103.569 -14.5691 0.5
0 24.1832 91.1936 12.1428 0.5
0 161.689 86.679 6.89573 0.5
0 282.093 109.772 -11.3799 0.5
0 112.222 85.7547 4.69793 0.5
0 104.786 100.034 -15 0.5
0 109.327 107.56 12.9555 0.5
0 135.81 89.3206 10.5333 0.5
0 118.127 113.099 7.30819 0.5
0 194.701 107.263 -13.1244 0.5
0 117.884 96.507 -14.5876 0.5
0 197.787 104.529 14.3001 0.5
0 85.8881 105.138 -14.0925 0.5
0 255.421 109.251 11.8079 0.5
0 110.031 110.169 11.0268 0.5
0 237.46 94.1924 13.8301 0.5
0 283.876 86.802 7.12837 0.5
0 80.137 102.104 -14.8518 0.5
0 131.814 106.821 13.3595 0.5
0 122.543 85.0189 0.752082 0.5
0 136.147 93.8191 -13.6674 0.5
0 49.553 88.1513 9.1983 0.5
0 282.266 114.056 5.23736 0.5
0 213.737 85.0027 0.284012 0.5
0 13.7132 87.3084 -7.99527 0.5
0 84.0999 102.505 -14.7893 0.5
0 207.191 90.9613 -11.9708 0.5
0 306.927 86.3673 6.25704 0.5
0 260.522 94.8126 14.0745 0.5
0 37.3911 89.3766 -10.5898 0.5
0 268.418 107.278 13.1159 0.5
0 333.319 107.835 12.7913 0.5
0 229.282 85.0444 1.15371 0.5
0 250.263 90.6586 11.7362 0.5
1 377.893 30.9193 12.6256 0.5
1 380.056 25.9362 -13.3387 0.5
1 359.039 41.3581 5.06587 0.5
1 384.234 22.6791 -10.3664 0.5
1 375.611 30.9479 14.4071 0.5
1 354.177 60.5367 14.6185 0.5
1 367.052 51.2973 -11.4423 0.5
1 374.379 21.816 -13.2178 0.5
1 340.505 74.8521 -7.93938 0.5
1 388.704 -2.46676 13.4888 0.5
1 376.655 34.3402 -11.709 0.5
1 384.109 24.8653 -7.80196 0.5
1 346.387 73.9692 14.6048 0.5
1 333.786 84.5296 -3.0505 0.5
1 336.962 79.0551 3.17603 0.5
1 372.051 42.6594 11.4243 0.5
1 382.528 15.3472 14.9897 0.5
1 378.962 35.6534 -3.05785 0.5
1 347.293 63.8669 9.0601 0.5
1 335.382 82.4341 -5.33862 0.5
1 365.607 33.4388 10.5507 0.5
1 346.85 62.2309 4.34244 0.5
1 359.839 39.0961 0.381643 0.5
1 352.689 76.8151 10.8663 0.5
1 354.087 78.9041 2.10966 0.5
1 365.408 30.1937 -4.68205 0.5
1 361.281 63.8199 -8.6902 0.5
1 347.073 62.2391 -5.47942 0.5
1 383.495 26.9396 5.82856 0.5
1 366.638 28.8153 -6.54062 0.5
1 343.556 77.6191 14.2532 0.5
1 356.415 69.9237 -11.2673 0.5
1 349.246 64.9149 -12.9765 0.5
1 351.2 54.185 -1.98242 0.5
1 334.689 101.214 -14.5709 0.5
1 388.431 10.2958 -13.8631 0.5
1 377.129 16.0016 12.5982 0.5
1 380.218 3.79452 -0.245605 0.5
1 376.901 10.7677 5.9485 0.5
1 337.947 87.2148 14.2131 0.5
1 344.547 86.9119 13.5972 0.5
1 355.459 46.903 -2.58983 0.5
1 346.388 64.0314 -6.82631 0.5
1 378.122 34.9117 -8.30977 0.5
1 376.178 20.4216 -14.0059 0.5
1 343.203 87.592 -14.2491 0.5
1 367.833 39.3543 -14.9735 0.5
1 356.619 49.0378 10.5825 0.5
1 345.839 71.7062 13.4536 0.5
1 381.827 1.4337 3.55246 0.5
1 339.069 75.5409 -3.74736 0.5
1 353.577 50.2579 -3.09013 0.5
1 384.173 26.1112 -4.92746 0.5
1 348.39 62.7678 10.031 0.5
1 344.291 72.7988 -12.546 0.5
1 383.921 0.608186 -9.29748 0.5
1 378.747 8.90403 -8.38509 0.5
1 375.639 36.1563 11.6643 0.5
1 349.77 67.6807 14.4976 0.5
1 385.123 15.919 13.907 0.5
1 350.543 84.8364 3.24838 0.5
1 370.727 34.4933 -14.9818 0.5
1 386.797 -7.32162 -2.88386 0.5
1 351.506 54.3965 -5.04271 0.5
1 379.365 22.7627 -14.7914 0.5
1 345.472 83.8088 -14.1996 0.5
1 338.794 75.6641 -1.9145 0.5
1 371.166 20.1104 4.32839 0.5
1 347.568 76.1174 -14.9801 0.5
1 365.452 58.6693 4.52748 0.5
1 347.667 60.7948 -4.27059 0.5
1 363.749 42.7854 14.2988 0.5
1 339.386 88.0798 -14.9311 0.5
1 380.845 6.25225 9.68325 0.5
1 351.346 79.3172 10.6963 0.5
1 368.157 46.859 -13.1721 0.5
1 357.592 49.789 12.5648 0.5
1 352.313 81.5878 3.98114 0.5
1 375.365 22.8694 -14.3613 0.5
1 365.69 57.9362 -5.43968 0.5
1 342.199 89.0546 -14.337 0.5
1 357.102 66.4232 -12.9373 0.5
1 341.787 98.2966 7.58933 0.5
1 385.447 9.53687 14.9987 0.5
1 368.28 53.7367 -4.63241 0.5
1 339.74 74.8647 -5.2858 0.5
1 342.474 97.9973 -5.81028 0.5
1 370.935 28.5753 13.6141 0.5
1 368.306 28.5565 10.338 0.5
1 371.067 37.6271 -14.7003 0.5
1 344.417 78.1519 14.7639 0.5
1 375.867 35.0404 12.2118 0.5
1 386.419 17.8847 -11.3286 0.5
1 365.287 32.5497 8.85737 0.5
1 353.017 52.5442 -6.8134 0.5
1 358.702 51.6749 14.3447 0.5
1 382.615 3.51573 10.0611 0.5
1 359.923 62.4111 12.3827 0.5
1 363.212 38.4989 -11.3988 0.5
1 334.595 111.913 -5.12219 0.5
1 352.458 64.9685 -14.8784 0.5
1 357.803 47.9823 11.4966 0.5
1 346.075 90.4977 -8.18952 0.5
1 374.517 43.213 3.66319 0.5
1 340.792 100.845 5.96383 0.5
1 383.089 18.1573 14.3596 0.5
1 379.401 33.3331 7.26307 0.5
1 366.314 31.3431 -9.59238 0.5
1 333.905 89.6008 -11.6817 0.5
1 373.216 18.9297 -9.01227 0.5
1 382.463 27.577 -8.02682 0.5
1 375.686 27.2177 -14.989 0.5
1 351.312 72.1993 14.6235 0.5
1 352.381 74.2007 13.1633 0.5
1 353.455 51.3277 5.82971 0.5
1 361.843 59.2983 -12.2347 0.5
1 346.076 92.7762 -2.13254 0.5
1 356.973 44.1297 1.49048 0.5
1 349.688 69.5733 -14.8523 0.5
1 354.228 51.6288 -8.75483 0.5
1 368.769 44.8723 13.6364 0.5
1 348.416 88.7702 -1.78282 0.5
1 360.141 48.0214 -13.9368 0.5
1 353.017 80.3677 3.98531 0.5
1 373.242 36.5993 -13.8656 0.5
1 353.553 57.1547 12.7979 0.5
1 360.874 61.935 11.4954 0.5
1 354.208 57.5943 13.6357 0.5
1 365.877 58.5863 1.16857 0.5
1 380.553 3.59963 -3.38304 0.5
1 335.735 110.723 1.87326 0.5
1 359.215 40.7419 -4.0977 0.5
1 336.046 83.6742 9.47561 0.5
1 374.497 41.7776 -7.35239 0.5
1 346.718 82.8756 -13.7218 0.5
1 339.339 80.4654 11.9 0.5
1 354.228 70.8754 13.2319 0.5
1 349.549 57.0394 1.93741 0.5
1 372.458 46.5402 -4.51078 0.5
1 373.694 38.1131 12.6763 0.5
1 352.194 52.4957 -2.21325 0.5
1 388.345 -7.32428 8.94557 0.5
1 379.944 14.664 14.2757 0.5
1 374.899 37.9827 11.201 0.5
1 381.01 5.11697 -8.5788 0.5
1 337.963 77.4157 -3.58294 0.5
1 339.695 97.2192 12.5349 0.5
1 334.761 112.075 -3.65547 0.5
1 369.827 50.2789 6.56213 0.5
1 353.073 54.1369 -9.41976 0.5
1 371.628 18.7574 1.59386 0.5
1 379.243 5.52606 -1.14897 0.5
1 353.347 74.3937 11.9554 0.5
1 352.754 68.8914 -14.7851 0.5
1 385.839 22.2634 -7.11523 0.5
1 375.205 13.783 6.12456 0.5
1 369.005 49.2317 10.1791 0.5
1 377.409 38.3461 3.04433 0.5
1 337.88 89.759 14.8122 0.5
1 387.906 -3.75499 11.8217 0.5
1 351.911 77.0257 -11.8444 0.5
1 382.212 13.8632 14.9272 0.5
1 343.498 69.6512 7.91161 0.5
1 336.832 108.94 -0.0464238 0.5
1 335.221 98.9875 -14.8292 0.5
1 338.911 105.14 2.43394 0.5
1 372.379 40.1413 12.8306 0.5
1 340.541 94.137 -13.4594 0.5
1 378.566 8.55599 7.30903 0.5
1 352.544 52.8566 -5.71195 0.5
1 336.645 104.552 10.9154 0.5
1 346.104 62.8835 0.317198 0.5
1 376.754 10.3557 4.06638 0.5
1 367.838 50.2259 -11.1892 0.5
1 336.464 87.5597 13.257 0.5
1 369.054 52.2035 -5.18944 0.5
1 373.639 19.5541 -10.5788 0.5
1 372.794 22.2197 -11.6632 0.5
1 372.525 19.3476 7.86773 0.5
1 372.01 18.0525 -1.13256 0.5
1 388.597 -9.45973 6.01673 0.5
1 360.944 66.8795 -2.97528 0.5
1 365.116 41.6274 -14.6273 0.5
1 340.723 81.1806 -13.7387 0.5
1 385.116 11.5676 -14.9472 0.5
1 379.111 6.76179 5.51667 0.5
1 380.921 27.3118 -11.4114 0.5
1 340.992 92.2694 13.9418 0.5
1 386.171 20.3091 -9.22582 0.5
1 378.147 36.1929 5.85125 0.5
1 337.932 78.1933 5.78067 0.5
1 376.162 23.5065 -14.8209 0.5
1 348.957 62.0593 -10.327 0.5
1 385.852 12.6048 14.569 0.5
1 367.518 28.3066 -8.31597 0.5
1 338.556 91.8098 14.9756 0.5
1 364.365 61.0969 -2.14715 0.5
1 384.319 25.9157 4.75754 0.5
1 375.22 42.4121 1.06955 0.5
1 349.951 56.2515 1.00227 0.5
1 342.942 69.971 -6.76652 0.5
1 340.509 79.2152 12.4566 0.5
1 382.836 7.05661 13.1577 0.5
1 367.46 36.0575 -14.1999 0.5
1 378.197 25.8613 -14.5696 0.5
1 334.747 89.5233 -12.6712 0.5
1 340.858 75.0613 9.12367 0.5
1 385.139 24.4054 5.0173 0.5
1 342.425 93.1309 12.09 0.5
1 345.254 90.2182 -10.3418 0.5
1 363.936 55.3212 -12.4761 0.5
1 369.45 46.3109 12.0982 0.5
1 376.096 28.7858 14.7262 0.5
1 345.805 91.4199 7.44527 0.5
1 376.647 26.147 14.9544 0.5
1 341.525 70.947 2.008 0.5
1 346.288 64.7462 7.7956 0.5
1 359.045 70.3998 1.40432 0.5
1 339.155 104.861 1.2835 0.5
1 377.822 9.76487 -7.16309 0.5
1 387.144 13.9418 13.1896 0.5
1 347.815 85.0355 -11.0739 0.5
1 383.512 6.35655 -13.4052 0.5
1 354.734 47.9928 1.33459 0.5
1 380.055 6.50891 -8.18919 0.5
1 336.021 84.478 10.34 0.5
1 348.519 88.3845 3.05178 0.5
1 372.12 42.0005 -11.8624 0.5
1 354.559 77.4519 4.78626 0.5
1 376.786 22.3966 -14.8161 0.5
1 357.577 43.0336 -0.852496 0.5
1 366.428 56.4442 -5.96014 0.5
1 367.849 27.0684 -7.21805 0.5
1 340.62 91.0466 14.5448 0.5
1 370.31 28.2319 -12.8593 0.5
1 337.966 104.845 7.70537 0.5
1 364.478 32.4419 6.29614 0.5
1 337.424 78.6041 4.49239 0.5
1 356.598 44.9269 2.57555 0.5
1 367.126 53.5933 8.83319 0.5
1 339.85 103.576 2.01787 0.5
1 340.519 86.9975 -14.9897 0.5
1 350.232 60.7663 -11.2124 0.5
1 339.555 74.6626 3.60163 0.5
1 383.878 23.6818 9.94663 0.5
1 375.117 42.3496 -2.87489 0.5
1 347.319 72.9785 14.7367 0.5
1 353.134 50.7445 -1.10478 0.5
1 361.989 57.4697 13.2121 0.5
1 374.864 31.162 -14.6772 0.5
1 350.289 56.9486 6.14366 0.5
1 348.066 64.3982 -11.1047 0.5
1 369.456 52.1061 -3.11889 0.5
1 345.565 85.9576 13.1898 0.5
1 366.862 29.751 8.7616 0.5
1 354.5 55.3811 12.7157 0.5
1 357.654 56.3195 -14.919 0.5
1 351.209 80.1817 -10.0415 0.5
1 368.716 53.6855 -0.940424 0.5
1 340.641 97.3107 11.2089 0.5
1 388.603 19.0668 -2.45697 0.5
1 334.818 82.8125 -3.37229 0.5
1 379.112 34.976 -4.6337 0.5
1 338.93 86.1141 14.4022 0.5
1 356.203 73.92 -6.47438 0.5
1 364.533 39.6133 13.5905 0.5
1 351.756 82.6778 3.49978 0.5
1 354.423 78.1611 -3.03609 0.5
1 350.104 80.6138 11.4738 0.5
1 365.116 51.8366 -13.3261 0.5
1 352.564 62.1039 -14.281 0.5
1 381.3 27.075 11.0393 0.5
1 375.824 13.7336 8.02998 0.5
1 388.474 16.7402 -8.66159 0.5
1 373.858 23.0598 13.3955 0.5
1 341.911 70.8754 4.63134 0.5
1 365.899 46.4813 -14.7195 0.5
1 343.119 78.6995 -14.3551 0.5
1 349.65 56.7382 -0.0649215 0.5
1 365.876 44.1545 -14.991 0.5
1 355.183 58.4048 -14.5235 0.5
1 383.703 24.8464 -8.88023 0.5
1 366.784 34.8559 13.1553 0.5
1 387.627 9.72906 14.5187 0.5
1 343.399 69.1431 6.69468 0.5
1 337.742 97.4855 14.0986 0.5
1 349.903 85.5708 4.62353 0.5
1 361 49.3282 -14.7453 0.5
1 371.103 49.0131 4.08858 0.5
1 386.12 17.1627 12.2954 0.5
1 349.69 86.508 2.19995 0.5
1 350.939 70.2213 -14.9829 0.5
1 342.575 81.1367 -14.7254 0.5
1 345.785 86.3944 -12.7134 0.5
1 337.734 79.3168 7.3759 0.5
1 371.783 48.3984 -0.387164 0.5
1 377.335 38.768 -0.768217 0.5
1 384.655 11.8963 14.9793 0.5
1 336.369 105.045 -10.9011 0.5
1 335.113 94.7539 14.8432 0.5
1 365.826 58.6038 -1.8745 0.5
1 337.015 79.5664 5.23322 0.5
1 369.284 50.7745 7.40901 0.5
1 375.745 13.1714 6.79988 0.5
1 374.623 34.4114 -13.7795 0.5
1 362.718 36.0394 -7.3696 0.5
2 358.055 -58.1785 12.3261 0.5
2 387.028 1.59835 -14.9635 0.5
2 364.135 -34.7205 -14.3467 0.5
2 362.668 -35.8527 -13.8383 0.5
2 339.879 -90.4013 11.7776 0.5
2 379.497 -24.1806 9.40196 0.5
2 379.609 -4.77652 12.9776 0.5
2 345.577 -56.7415 3.8302 0.5
2 356.316 -40.148 -8.30025 0.5
2 336.16 -95.4963 -12.7243 0.5
2 362.134 -44.8025 14.8322 0.5
2 356.934 -40.9205 -10.5607 0.5
2 372.418 -14.5434 -10.9894 0.5
2 364.315 -26.4691 -8.55869 0.5
2 386.916 -8.75531 11.9139 0.5
2 337.081 -71.4743 3.89661 0.5
2 378.339 -7.65387 -13.3475 0.5
2 343.608 -77.5038 14.7267 0.5
2 371.136 -16.0331 10.2606 0.5
2 383.519 -13.7354 -12.5543 0.5
2 372.035 -28.4353 -14.693 0.5
2 337.788 -84.3156 -14.9941 0.5
2 365.388 -49.7367 -7.80799 0.5
2 363.038 -55.0105 5.35874 0.5
2 387.556 -3.90222 14.0062 0.5
2 369.563 -43.8515 4.97147 0.5
2 363.717 -32.4695 -13.073 0.5
2 358.925 -34.4824 6.23659 0.5
2 388.235 -12.3495 0.476169 0.5
2 365.623 -26.915 -11.5185 0.5
2 355.918 -48.4719 14.1909 0.5
2 386.699 -14.6678 -3.22007 0.5
2 337.899 -93.8559 11.7577 0.5
2 378.562 -3.46399 10.5655 0.5
2 355.467 -41.0758 7.41644 0.5
2 347.999 -66.3264 -14.9826 0.5
2 374.08 -29.1421 13.1217 0.5
2 342.049 -63.9897 -6.81021 0.5
2 363.965 -37.5102 14.8811 0.5
2 387.701 -9.99101 -9.37516 0.5
2 349.798 -71.4814 -12.9623 0.5
2 380.045 -0.282738 9.91027 0.5
2 347.862 -62.3496 14.1643 0.5
2 388.569 -9.92348 -7.22769 0.5
2 378.905 -5.45479 12.6485 0.5
2 373.562 -7.78467 0.598285 0.5
2 345.711 -85.4214 4.1646 0.5
2 376.076 -17.1598 -14.9472 0.5
2 341.65 -64.6378 6.72556 0.5
2 347.598 -59.9292 12.8037 0.5
2 339.269 -76.7203 13.9756 0.5
2 383.62 -1.80569 -14.5751 0.5
2 364.52 -23.4551 -0.822021 0.5
2 352.029 -47.4309 8.08182 0.5
2 380.92 -24.6918 3.15486 0.5
2 335.251 -102.815 6.13995 0.5
2 361.991 -34.5061 12.4899 0.5
2 352.859 -66.1198 -12.9968 0.5
2 354.404 -70.1696 4.7914 0.5
2 340.972 -93.4942 -4.60684 0.5
2 385.162 11.0633 6.00792 0.5
2 373.711 -30.9997 12.3688 0.5
2 372.628 -26.4043 14.8642 0.5
2 383.583 8.15801 -6.38581 0.5
2 360.805 -42.9781 14.8804 0.5
2 359.401 -59.8128 -8.27096 0.5
2 381.05 -20.1326 10.8768 0.5
2 346.545 -78.6523 -11.9357 0.5
2 387.309 12.473 9.70922 0.5
2 387.643 -1.22478 14.7282 0.5
2 338.766 -87.7609 -14.2378 0.5
2 358.661 -61.8121 -7.06681 0.5
2 344.944 -76.5765 -14.3891 0.5
2 386.261 -10.7268 11.2247 0.5
2 378.775 -28.4927 2.73096 0.5
2 336.655 -73.5259 -7.17973 0.5
2 355.279 -69.4384 -0.177105 0.5
2 382.252 7.26657 -0.611076 0.5
2 353.278 -72.1085 -4.82113 0.5
2 349.04 -51.825 6.70194 0.5
2 376.58 -12.3133 -14.0582 0.5
2 339.652 -95.3715 5.72388 0.5
2 336.708 -86.4064 14.9987 0.5
2 338.905 -97.0029 -4.82248 0.5
2 376.739 -3.02005 -4.68703 0.5
2 357.869 -36.3343 -6.28831 0.5
2 347.507 -80.9103 7.46741 0.5
2 373.334 -37.091 5.58039 0.5
2 364.965 -25.0393 -8.10383 0.5
2 375.82 -26.6026 -12.8484 0.5
2 356.724 -66.8937 -1.12153 0.5
2 367.681 -22.8778 -11.1085 0.5
2 366.135 -21.3141 -4.45978 0.5
2 336.638 -101.116 -4.23365 0.5
2 338.493 -79.1897 14.3636 0.5
2 348.733 -78.5053 7.93574 0.5
2 334.11 -100.499 11.6937 0.5
2 369.117 -44.9742 3.83023 0.5
2 349.408 -78.2952 6.13785 0.5
2 333.595 -77.2869 -2.93476 0.5
2 361.982 -47.0313 14.3993 0.5
2 369.074 -21.5314 11.9897 0.5
2 360.016 -49.5144 -14.637 0.5
2 337.987 -70.1215 4.6259 0.5
2 360.781 -59.1807 4.62085 0.5
2 381.134 -3.89463 -13.8488 0.5
2 366.417 -20.4602 3.04314 0.5
2 348.69 -72.8033 13.2917 0.5
2 348.043 -58.7951 12.5754 0.5
2 370.282 -20.8042 -12.9035 0.5
2 341.086 -66.0166 7.47387 0.5
2 361.932 -29.2088 -6.0912 0.5
2 342.678 -88.2172 9.06251 0.5
2 336.046 -91.5755 14.5043 0.5
2 368.23 -19.1115 7.66085 0.5
2 388.382 0.405859 -14.7916 0.5
2 349.899 -57.6527 -13.7013 0.5
2 358.887 -56.4965 12.4896 0.5
2 337.969 -93.9898 -11.5507 0.5
2 365.8 -50.9058 -3.03903 0.5
2 366.978 -22.9683 9.96945 0.5
2 360.906 -47.3306 -14.7662 0.5
2 339.997 -85.8037 -14.1788 0.5
2 340.051 -78.7203 14.853 0.5
2 375.529 -22.2316 -14.7237 0.5
2 366.168 -38.6492 14.6823 0.5
2 335.022 -75.3609 4.93853 0.5
2 383 -21.2607 2.21159 0.5
2 367.747 -46.0769 7.06337 0.5
2 383.981 -19.1546 -4.09733 0.5
2 367.502 -20.3835 7.68152 0.5
2 378.017 -2.46459 8.15142 0.5
2 384.078 -19.4912 -1.41457 0.5
2 384.545 -5.13564 -14.9358 0.5
2 377.741 -1.82686 -6.09172 0.5
2 379.1 -27.4246 4.699 0.5
2 353.36 -70.1826 8.41096 0.5
2 354.767 -59.7284 14.3392 0.5
2 379.259 -16.0719 14.6617 0.5
2 375.905 -19.5613 -14.976 0.5
2 361.938 -55.4153 8.27776 0.5
2 385.442 -2.21859 15 0.5
2 378.76 -3.15937 -10.6036 0.5
2 377.49 -1.37354 3.45893 0.5
2 383.884 -19.289 4.21474 0.5
2 337.769 -74.1225 -10.5675 0.5
2 375.434 -7.85151 9.41362 0.5
2 388.321 -10.1616 7.56415 0.5
2 358.688 -33.579 -1.14376 0.5
2 381.44 -4.22908 14.1778 0.5
2 351.561 -45.9061 0.907822 0.5
2 354.11 -60.416 -14.47 0.5
2 340.162 -89.1963 -12.3086 0.5
2 375.05 -12.4909 -12.8702 0.5
2 353.659 -42.3367 1.6505 0.5
2 385.231 0.15833 -14.7516 0.5
2 345.518 -81.6212 -10.9272 0.5
2 340.153 -95.625 0.640343 0.5
2 335.637 -76.4684 -9.01226 0.5
2 385.747 -15.0426 6.78976 0.5
2 338.866 -93.8499 -10.2167 0.5
2 353.452 -50.7127 13.3235 0.5
2 379.793 -19.8314 -12.7807 0.5
2 356.612 -54.3388 -14.8365 0.5
2 346.78 -81.9498 7.83683 0.5
2 340.063 -67.3497 -6.65139 0.5
2 369.714 -21.8068 12.9142 0.5
2 366.475 -35.0343 15 0.5
2 381.28 -18.5662 11.8769 0.5
2 339.733 -84.1752 -14.7344 0.5
2 341.205 -82.821 14.4552 0.5
2 360.276 -44.5505 14.9493 0.5
2 372.276 -20.3457 -14.2597 0.5
2 338.841 -97.9098 0.0881574 0.5
2 374.227 -27.8762 -13.633 0.5
2 382.695 -15.2836 12.4738 0.5
2 387.784 -1.4246 -14.6359 0.5
2 356.802 -45.2396 -13.489 0.5
2 353.418 -52.4723 14.0735 0.5
2 375.792 -12.1309 13.3812 0.5
2 347.018 -71.4232 14.7593 0.5
2 374.625 -34.36 -6.68373 0.5
2 379.625 0.234728 8.2846 0.5
2 380.26 -6.03349 14.0927 0.5
2 353.061 -48.1438 11.0558 0.5
2 378.661 -12.0209 14.8766 0.5
2 383.3 6.23112 -8.81523 0.5
2 368.418 -26.9827 -14.245 0.5
2 373.472 -36.2382 -6.9151 0.5
2 367.362 -32.0235 -14.9261 0.5
2 362.388 -56.1126 5.41981 0.5
2 377.289 -20.7218 -14.3383 0.5
2 368.729 -16.4584 3.05817 0.5
2 351.663 -47.0783 6.27774 0.5
2 379.9 -15.9556 -14.4112 0.5
2 378.654 -25.4954 -9.57987 0.5
2 353.859 -45.0823 9.23961 0.5
2 363.97 -45.1395 -13.8527 0.5
2 334.714 -99.7333 11.4626 0.5
2 388.057 -5.41509 -12.8438 0.5
2 338.335 -74.2893 11.6096 0.5
2 345.901 -85.5982 -1.58524 0.5
2 336.947 -91.4684 14.0412 0.5
2 371.564 -34.4826 12.5269 0.5
2 371.045 -39.5043 8.47928 0.5
2 375.47 -9.38604 -11.1074 0.5
2 346.502 -54.7157 1.49759 0.5
2 345.119 -81.2611 11.8288 0.5
2 382.684 7.18321 4.96016 0.5
2 381.471 1.62812 -10.5112 0.5
2 350.992 -51.7451 -11.0726 0.5
2 350.072 -63.3484 14.9996 0.5
2 346.367 -77.3987 -12.9763 0.5
2 339.468 -67.495 -4.43179 0.5
2 362.649 -49.2416 -12.9509 0.5
2 350.329 -48.0144 0.174548 0.5
2 358.998 -54.4107 -13.56 0.5
2 349.427 -75.7965 -9.95451 0.5
2 355.198 -68.6292 -5.25557 0.5
2 350.144 -75.5305 8.7299 0.5
2 359.23 -62.2248 -3.31386 0.5
2 342.16 -63.1106 -5.24934 0.5
2 337.28 -79.6052 -13.744 0.5
2 343.859 -74.926 14.9833 0.5
2 372.298 -38.946 5.425 0.5
2 340.282 -91.652 -9.93668 0.5
2 367.32 -32.6833 14.9729 0.5
2 359.609 -44.1189 -14.7323 0.5
2 376.758 -4.89479 8.52608 0.5
2 374.745 -9.89689 -10.3833 0.5
2 376.497 -6.12113 9.54968 0.5
2 379.453 2.39349 1.05555 0.5
2 360.375 -55.2015 -11.5344 0.5
2 371.25 -41.5083 2.82593 0.5
2 350.677 -69.1595 13.3955 0.5
2 355.917 -62.7613 11.6673 0.5
2 383.862 -6.83169 14.8792 0.5
2 338.77 -84.5359 -14.9246 0.5
2 342.531 -65.2752 -9.92878 0.5
2 362.622 -29.1584 8.1978 0.5
2 350.736 -59.8858 14.8032 0.5
2 386.679 11.854 9.12324 0.5
2 361.423 -55.4892 -9.39698 0.5
2 362.362 -55.6968 6.48525 0.5
2 386.454 -13.7511 -6.91913 0.5
2 333.601 -87.7224 -14.3811 0.5
2 353.163 -44.306 -5.88436 0.5
2 358.273 -35.0906 -4.94242 0.5
2 354.138 -55.1968 -14.9504 0.5
2 334.067 -83.9173 -13.1249 0.5
2 369.347 -15.6358 -4.07239 0.5
2 371.227 -21.1202 -13.8761 0.5
2 366.962 -49.2 -0.335901 0.5
2 338.07 -98.2456 -5.38637 0.5
2 379.356 -27.2001 -3.97725 0.5
2 373.098 -14.3931 11.8608 0.5
2 372.11 -10.3674 -1.55803 0.5
2 365.759 -44.6437 -12.457 0.5
2 376.442 -3.02747 2.69724 0.5
2 353.967 -46.8255 -11.2809 0.5
2 387.876 9.88837 12.7706 0.5
2 348.554 -51.1127 0.872547 0.5
2 387.182 15.7371 1.55671 0.5
2 364.843 -23.9244 -5.51544 0.5
2 335.915 -89.4981 -14.9229 0.5
2 352.159 -61.8891 -14.8598 0.5
2 344.676 -72.1571 14.9861 0.5
2 378.435 -28.8981 -3.58344 0.5
2 388.463 -9.22717 -8.63549 0.5
2 345.525 -63.9477 -13.0558 0.5
2 349.615 -79.0651 2.34383 0.5
2 349.205 -77.1051 -8.80162 0.5
2 376.037 -29.9495 -9.67279 0.5
2 340.127 -85.0572 14.3479 0.5
3 441.544 -107.04 3.48226 0.5
3 349.743 -107.312 2.02898 0.5
3 438.596 -99.2801 13.3548 0.5
3 397.509 -92.509 14.9999 0.5
3 362.317 -86.878 13.9266 0.5
3 390.708 -100.857 12.4225 0.5
3 349.498 -107.428 -0.805821 0.5
3 423.048 -106.091 -6.23816 0.5
3 412.101 -107.411 -1.08807 0.5
3 392.631 -107.117 3.14361 0.5
3 378.801 -105.767 6.90317 0.5
3 439.145 -106.05 -6.32897 0.5
3 394.526 -101.139 12.2274 0.5
3 400.641 -96.1304 14.5415 0.5
3 410.639 -83.66 -12.1546 0.5
3 350.546 -84.0549 -12.4306 0.5
3 440.741 -107.448 -0.271617 0.5
3 344.597 -97.5501 14.1064 0.5
3 364.559 -89.2124 14.6464 0.5
3 341.527 -98.148 13.8757 0.5
3 386.061 -103.847 -9.75239 0.5
3 337.128 -77.4686 0.743957 0.5
3 433.598 -106.39 5.53841 0.5
3 354.506 -78.2896 4.94782 0.5
3 389.623 -79.2017 -7.03418 0.5
3 373.881 -94.4469 14.8665 0.5
3 338.76 -102.887 -10.7731 0.5
3 425.087 -79.7907 -8.04606 0.5
3 396.819 -79.042 6.72473 0.5
3 379.159 -80.1672 -8.60995 0.5
3 401.152 -79.4333 -7.45401 0.5
3 333.825 -106.684 4.73358 0.5
3 404.371 -96.0704 14.5566 0.5
3 337.424 -86.9469 -13.954 0.5
3 399.55 -87.6466 14.2101 0.5
3 387.832 -106.868 -4.13903 0.5
3 365.485 -77.4962 1.17534 0.5
3 401.123 -80.4795 9.03907 0.5
3 378.159 -80.8776 9.54346 0.5
3 335.237 -78.9945 -6.62923 0.5
3 381.933 -103.928 9.65711 0.5
3 363.08 -77.5076 1.31186 0.5
3 344.46 -84.4427 12.6839 0.5
3 348.937 -89.0333 -14.6057 0.5
3 439.536 -95.3906 -14.709 0.5
3 378.473 -95.0054 14.7808 0.5
3 374.699 -77.6419 2.39137 0.5
3 343.271 -79.0631 -6.76668 0.5
3 380.335 -83.0944 11.7248 0.5
3 430.562 -98.5723 13.6938 0.5
3 381.38 -104.247 -9.26437 0.5
3 383.978 -81.582 10.3385 0.5
3 376.504 -106.89 -4.06046 0.5
3 355.765 -95.7803 -14.6257 0.5
3 402.747 -89.6224 -14.7311 0.5
3 431.832 -77.8958 -3.62936 0.5
3 438.2 -107.381 -1.43545 0.5
3 404.084 -107.341 1.80764 0.5
3 415.455 -77.959 3.87409 0.5
3 394.966 -105.601 -7.21519 0.5
3 359.195 -103.549 10.0907 0.5
3 380.551 -103.007 -10.6558 0.5
3 367.998 -77.5474 -1.70585 0.5
3 365.68 -79.5547 7.66218 0.5
3 412.071 -98.503 13.7245 0.5
3 367.509 -104.098 -9.45142 0.5
3 431.228 -77.5007 -1.23126 0.5
3 389.393 -101.561 -11.9158 0.5
3 435.134 -96.6511 14.3997 0.5
3 431.326 -89.3959 -14.6858 0.5
3 396.15 -83.5037 12.04 0.5
3 422.668 -104.845 8.44798 0.5
3 349.772 -96.7293 -14.3767 0.5
3 436.601 -95.6434 -14.6562 0.5
3 397.668 -95.7528 14.6319 0.5
3 430.303 -101.659 11.8407 0.5
3 336.97 -105.934 -6.57161 0.5
3 367.226 -105.773 6.89204 0.5
3 354.059 -86.9418 -13.952 0.5
3 356.798 -106.317 5.71911 0.5
3 404.981 -81.9032 -10.6659 0.5
3 361.135 -102.308 11.3057 0.5
3 392.679 -97.5094 -14.121 0.5
3 367.384 -104.477 8.96439 0.5
3 405.473 -86.8766 13.9261 0.5
3 440.786 -77.5321 1.56672 0.5
3 435.17 -82.8764 11.5475 0.5
3 345.343 -78.8558 6.34005 0.5
3 403.217 -80.3281 -8.83503 0.5
3 376.371 -84.9464 -12.9883 0.5
3 377.056 -78.9776 6.59488 0.5
3 422.495 -102.952 -10.71 0.5
3 411.53 -78.6322 -5.83658 0.5
3 408.577 -78.9015 6.43709 0.5
3 425.266 -98.2858 13.8182 0.5
3 406.982 -77.96 -3.87763 0.5
3 432.307 -102.905 10.7564 0.5
3 412.913 -107.441 0.510435 0.5
3 383.769 -87.8218 14.2681 0.5
3 381.645 -106.965 -3.7849 0.5
3 368.052 -83.908 -12.3302 0.5
3 367.6 -78.9494 -6.53691 0.5
3 411.156 -105.398 7.57253 0.5
3 426.482 -97.5647 -14.1011 0.5
3 340.187 -78.4 5.2532 0.5
3 435.29 -104.069 9.48724 0.5
3 405.544 -94.3765 -14.8758 0.5
3 415.148 -84.6156 12.7915 0.5
3 388.638 -77.8536 -3.4557 0.5
3 338.404 -77.5718 -1.90679 0.5
3 356.979 -80.8275 9.48243 0.5
3 395.008 -80.4754 9.03364 0.5
3 405.712 -98.8589 -13.562 0.5
3 437.984 -94.458 -14.865 0.5
3 442.244 -87.7268 -14.2369 0.5
3 358.51 -85.0068 13.023 0.5
3 342.168 -100.882 12.4058 0.5
3 350.091 -78.0472 4.18997 0.5
3 412.75 -106.384 5.55328 0.5
3 372.527 -81.723 -10.4847 0.5
3 370.055 -99.6521 13.1579 0.5
3 414.935 -104.752 8.58256 0.5
3 333.936 -83.6116 12.1195 0.5
3 393.165 -78.241 4.80648 0.5
3 396.67 -77.6858 -2.64895 0.5
3 379.805 -102.216 11.385 0.5
3 433.499 -106.436 -5.4226 0.5
3 374.447 -85.1841 -13.1227 0.5
3 421.426 -106.991 3.68171 0.5
3 420.654 -103.605 10.0288 0.5
3 380.243 -98.3483 13.7917 0.5
3 440.318 -94.52 14.8565 0.5
3 377.562 -77.5053 1.28632 0.5
3 393.91 -77.9288 -3.75942 0.5
3 426.347 -83.027 11.6707 0.5
3 371.137 -88.6274 -14.5047 0.5
3 411.12 -96.8575 14.3379 0.5
3 442.706 -89.1889 14.6412 0.5
3 390.542 -84.7768 -12.8888 0.5
3 389.521 -96.6709 -14.3939 0.5
3 349.974 -77.4702 -0.776645 0.5
3 408.164 -83.2285 -11.8305 0.5
3 353.714 -95.6742 14.6494 0.5
3 406.763 -89.5082 -14.7087 0.5
3 408.354 -106.051 6.32632 0.5
3 399.522 -77.4617 0.588964 0.5
3 409.783 -94.3325 14.8814 0.5
3 333.978 -98.569 -13.6952 0.5
3 351.864 -103.99 -9.58302 0.5
3 347.795 -107.447 0.300259 0.5
3 338.188 -105.387 -7.59101 0.5
3 396.332 -81.7098 10.4712 0.5
3 396.034 -100.152 -12.872 0.5
3 363.012 -77.5717 -1.90636 0.5
3 339.373 -90.2441 14.8369 0.5
3 365.467 -82.0444 -10.8037 0.5
3 435.289 -77.5679 -1.87604 0.5
3 366.644 -95.0785 14.7679 0.5
3 413.296 -85.239 13.153 0.5
3 353.651 -98.3982 13.7703 0.5
3 356.126 -83.5114 12.0457 0.5
3 363.637 -92.5403 -14.9997 0.5
3 427.061 -95.9545 14.5849 0.5
3 443.884 -80.2878 -8.77947 0.5
3 391.928 -96.3795 -14.4762 0.5
3 364.103 -89.3424 -14.6745 0.5
3 401.002 -81.1732 -9.89099 0.5
3 333.378 -78.5793 5.70976 0.5
3 378.563 -107.441 0.517232 0.5
3 374.19 -83.6748 -12.1653 0.5
3 346.21 -106.541 -5.1425 0.5
3 338.253 -77.571 1.90041 0.5
3 430.512 -97.1608 14.2411 0.5
3 434.421 -104.029 -9.53603 0.5
3 371.262 -102.352 -11.2676 0.5
3 372.108 -107.439 -0.580789 0.5
3 349.274 -77.5423 1.66076 0.5
3 371.559 -87.9792 14.3182 0.5
3 392.57 -85.958 13.5223 0.5
3 345.972 -84.442 12.6835 0.5
3 342.347 -83.6206 12.126 0.5
3 434.674 -85.868 -13.4787 0.5
3 381.522 -98.8096 13.5852 0.5
3 431.029 -95.1467 14.7556 0.5
3 418.728 -80.5333 -9.10984 0.5
3 397.165 -77.506 -1.29375 0.5
3 382.64 -77.9776 -3.94306 0.5
3 409.117 -87.5823 -14.1882 0.5
3 420.037 -103.937 -9.64677 0.5
3 390.797 -104.676 8.69125 0.5
3 358.417 -91.3762 -14.9615 0.5
3 377.041 -105.704 7.02404 0.5
3 381.604 -80.0472 -8.43607 0.5
3 385.429 -105.76 -6.91662 0.5
3 361.344 -77.8495 3.4383 0.5
3 381.537 -98.9184 -13.5337 0.5
3 435.505 -107.337 1.83752 0.5
3 419.53 -77.4518 0.224983 0.5
3 405.41 -90.4143 -14.8612 0.5
3 370.842 -83.9515 -12.3601 0.5
3 429.145 -77.9167 -3.71207 0.5
3 404.41 -88.163 14.3743 0.5
3 366.184 -91.5808 -14.9748 0.5
3 359.936 -83.305 -11.8898 0.5
3 350.403 -102.984 10.6784 0.5
3 376.193 -89.7527 -14.7555 0.5
3 403.961 -83.108 -11.7357 0.5
3 373.779 -79.7457 7.97485 0.5
3 387.043 -88.9346 -14.5822 0.5
3 376.688 -81.4499 -10.1978 0.5
3 387.802 -106.738 4.56804 0.5
3 377.727 -102.561 11.0801 0.5
3 363.097 -88.5281 -14.4782 0.5
3 340.907 -77.5359 -1.60263 0.5
3 382.875 -91.2297 -14.9503 0.5
3 386.508 -105.88 6.68089 0.5
3 424.789 -97.8523 -13.9934 0.5
3 418.382 -80.2162 8.67937 0.5
3 333.368 -100.48 -12.6695 0.5
3 371.046 -96.9183 14.319 0.5
3 414.164 -106.143 -6.12371 0.5
3 383.964 -80.6487 -9.25886 0.5
3 436.629 -102.091 11.4914 0.5
3 410.865 -79.4932 7.55763 0.5
3 384.233 -77.6112 -2.19226 0.5
3 395.703 -82.5981 11.311 0.5
3 431.234 -106.36 -5.61427 0.5
3 428.821 -105.415 7.54334 0.5
3 424.772 -94.9058 14.7976 0.5
3 411.507 -80.1773 -8.62434 0.5
3 370.79 -104.114 -9.43151 0.5
3 396.411 -97.8109 14.0093 0.5
3 422.982 -107.179 2.84145 0.5
3 416.679 -105.319 7.70586 0.5
3 385.446 -103.538 10.1023 0.5
3 344.727 -82.2719 -11.0184 0.5
3 372.347 -77.8077 -3.25573 0.5
3 417.377 -80.2592 8.7397 0.5
3 368.681 -100.706 -12.5239 0.5
3 442.803 -100.182 -12.8535 0.5
3 418.916 -106.732 4.58483 0.5
3 409.779 -80.1746 8.62041 0.5
3 413.782 -99.7116 -13.1252 0.5
3 428.858 -89.5519 14.7174 0.5
3 390.101 -107.196 2.75022 0.5
3 335.29 -105.767 -6.90358 0.5
3 434.139 -84.5117 12.7272 0.5
3 436.32 -86.3742 13.7143 0.5
3 387.577 -104.1 9.4492 0.5
3 443.856 -100.458 -12.6835 0.5
3 394.316 -104.806 8.50521 0.5
3 418.057 -105.047 8.14403 0.5
3 390.513 -96.1659 -14.5325 0.5
3 348.271 -83.9023 12.3262 0.5
3 422.151 -107.285 2.2186 0.5
3 380.864 -96.3013 14.4972 0.5
3 420.887 -101.801 -11.7288 0.5
3 387.195 -101.387 -12.0469 0.5
3 395.436 -79.1538 -6.94328 0.5
3 426.374 -93.9396 14.9259 0.5
3 364.88 -78.3529 -5.12531 0.5
3 386.006 -107.32 1.97491 0.5
3 337.639 -104.646 -8.73228 0.5
3 344.338 -94.4492 -14.8662 0.5
3 416.926 -88.9367 -14.5827 0.5
3 364.253 -95.3208 14.7227 0.5
3 336.751 -81.6389 -10.398 0.5
3 390.381 -96.1796 14.529 0.5
3 421.356 -81.1385 -9.85126 0.5
3 435.632 -79.4153 7.42257 0.5
3 361.82 -96.8993 14.325 0.5
3 438.013 -77.4841 -1.00924 0.5
3 357.857 -104.674 -8.69372 0.5
3 335.167 -88.3232 -14.4211 0.5
3 425.48 -78.1514 4.53279 0.5
3 358.397 -83.3898 -11.9546 0.5
3 437.607 -82.0845 10.8423 0.5
3 406.474 -102.433 -11.1954 0.5
3 396.87 -100.149 12.8734 0.5
3 432.035 -78.5928 5.74242 0.5
3 442.32 -92.2081 14.998 0.5
3 364.15 -78.1406 4.49868 0.5
4 486.408 -175.454 -10.8854 0.5
4 457.004 -119.196 -14.1448 0.5
4 482.636 -147.398 -9.97674 0.5
4 478.661 -151.516 14.9987 0.5
4 469.204 -141.963 -13.4558 0.5
4 472.676 -150.355 -11.9943 0.5
4 450.91 -105.747 -14.8525 0.5
4 476.517 -133.173 -2.25646 0.5
4 480.404 -141.088 -6.2289 0.5
4 477.791 -157.844 -12.911 0.5
4 496.571 -188.265 -13.9437 0.5
4 496.44 -192.475 11.2098 0.5
4 451.255 -118.632 4.24886 0.5
4 475.327 -155.987 11.1386 0.5
4 457.346 -112.693 14.8518 0.5
4 487.738 -152.927 -3.80147 0.5
4 459.55 -133.112 -3.85102 0.5
4 489.438 -155.664 -2.89685 0.5
4 481.438 -147.668 -12.1067 0.5
4 462.622 -118.393 -13.9391 0.5
4 460.063 -119.898 -14.9948 0.5
4 458.655 -102.501 -3.59749 0.5
4 481.289 -148.497 12.8308 0.5
4 461.633 -132.552 10.8764 0.5
4 481.519 -150.061 -13.4675 0.5
4 479.922 -139.611 4.5653 0.5
4 448.914 -86.1151 5.18109 0.5
4 499.403 -182.39 14.0509 0.5
4 451.66 -93.0605 9.14752 0.5
4 466.948 -116.873 3.63296 0.5
4 483.653 -174.276 5.60065 0.5
4 457.013 -127.021 7.81671 0.5
4 473.458 -151.388 12.2295 0.5
4 467.776 -142.705 11.3185 0.5
4 492.415 -168.201 -13.0832 0.5
4 478.004 -165.568 0.543512 0.5
4 465.591 -128.517 14.9895 0.5
4 467.687 -145.206 8.29435 0.5
4 457.16 -110.59 14.4885 0.5
4 493.673 -186.816 11.9242 0.5
4 452.712 -97.7318 -11.9718 0.5
4 471.432 -124.446 -2.74167 0.5
4 492.219 -190.156 -1.11568 0.5
4 487.771 -153.407 5.15473 0.5
4 488.796 -177.551 -12.5068 0.5
4 464.983 -118.634 11.6973 0.5
4 454.645 -110.965 -14.976 0.5
4 476.724 -158.707 10.8598 0.5
4 480.744 -153.351 14.8699 0.5
4 471.864 -130.949 -12.0051 0.5
4 469.228 -148.914 -6.46164 0.5
4 447.24 -102.463 -14.0808 0.5
4 491.82 -169.104 -13.9928 0.5
4 479.387 -138.624 -4.37069 0.5
4 473.668 -157.099 -5.29942 0.5
4 459.434 -110.756 -12.8983 0.5
4 478.838 -140.325 9.39049 0.5
4 460.934 -120.913 14.9997 0.5
4 451.411 -90.7483 5.9521 0.5
4 467.956 -141.654 12.3724 0.5
4 491.879 -184.119 11.6003 0.5
4 499.231 -181.829 -13.9497 0.5
4 464.481 -134.21 -13.2369 0.5
4 453.006 -122.005 2.8575 0.5
4 471.52 -124.867 -3.91716 0.5
4 487.96 -162.705 14.1005 0.5
4 485.373 -157.088 13.6349 0.5
4 489.356 -155.276 1.04822 0.5
4 487.632 -179.039 9.2776 0.5
4 446.685 -97.2899 14.9693 0.5
4 484.848 -154.81 12.9196 0.5
4 470.697 -140.814 14.7185 0.5
4 488.378 -181.03 -8.31506 0.5
4 453.061 -114.841 -13.0091 0.5
4 459.233 -132.958 -1.78434 0.5
4 444.662 -91.3233 -14.9245 0.5
4 454.521 -103.452 -13.5423 0.5
4 477.768 -143.62 13.4954 0.5
4 474.636 -157.024 -8.61338 0.5
4 469.483 -149.161 6.85376 0.5
4 460.136 -108.643 -10.2128 0.5
4 467.874 -118.72 4.49431 0.5
4 451.217 -116.053 -9.16669 0.5
4 474.107 -158.575 2.73626 0.5
4 465.336 -116.196 8.3819 0.5
4 490.456 -160.506 -9.46293 0.5
4 499.147 -173.367 -5.80643 0.5
4 448.326 -102.179 14.6958 0.5
4 482.177 -170.999 7.13509 0.5
4 466.92 -125.584 -13.8358 0.5
4 497.41 -198.696 -3.81317 0.5
4 496.004 -175.406 13.5904 0.5
4 485.085 -149.2 6.23748 0.5
4 445.417 -109.132 0.28922 0.5
4 477.257 -154.638 -14.0113 0.5
4 453.055 -93.3904 -5.45323 0.5
4 445.641 -84.0788 10.7675 0.5
4 455.78 -107.972 14.4256 0.5
4 484.926 -172.33 -11.3868 0.5
4 471.149 -127.952 10.4605 0.5
4 487.961 -169.998 -14.8415 0.5
4 472.348 -136.72 14.4402 0.5
4 453.725 -97.1768 -9.81008 0.5
4 467.667 -147.44 -2.63311 0.5
4 474.239 -140.379 -14.5425 0.5
4 451.488 -114.672 11.1613 0.5
4 486.704 -176.7 -10.1402 0.5
4 491.137 -171.555 -14.8954 0.5
4 478.551 -136.581 -1.30209 0.5
4 467.4 -146.875 3.15352 0.5
4 498.709 -200.776 -4.4098 0.5
4 485.953 -179.342 0.315073 0.5
4 474.594 -156.84 8.77084 0.5
4 456.261 -114.527 -14.9133 0.5
4 493.814 -185.77 12.8068 0.5
4 455.174 -101.83 11.8441 0.5
4 475.209 -139.824 -13.786 0.5
4 463.256 -117.418 -12.9237 0.5
4 465.125 -120.137 12.6041 0.5
4 460.806 -109.773 10.181 0.5
4 457.437 -129.59 -3.28156 0.5
4 468.367 -123.305 -10.633 0.5
4 487.395 -164.193 14.7642 0.5
4 484.865 -153.534 -12.0545 0.5
4 477.294 -136.338 -7.46714 0.5
4 475.357 -131.634 -4.3389 0.5
4 458.478 -102.314 4.05273 0.5
4 458.655 -115.857 -14.9514 0.5
4 464.909 -114.419 -6.58525 0.5
4 463.822 -127.01 -14.9668 0.5
4 457.469 -114.082 -14.9713 0.5
4 493.97 -191.855 6.27505 0.5
4 452.627 -111.38 14.2252 0.5
4 449.13 -88.2608 8.5784 0.5
4 453.957 -94.046 1.89156 0.5
4 458.968 -106.815 -10.4199 0.5
4 450.046 -98.7882 14.618 0.5
4 461.797 -134.435 9.09379 0.5
4 496.335 -191.451 -11.906 0.5
4 446.014 -91.2055 -14.467 0.5
4 499.723 -187.556 14.9864 0.5
4 490.355 -156.971 -0.287971 0.5
4 489.182 -162.905 13.2495 0.5
4 486.228 -168.583 -14.5208 0.5
4 456.478 -117.273 14.4621 0.5
4 448.959 -97.3066 14.7046 0.5
4 447.271 -111.995 3.2272 0.5
4 449.673 -102.358 14.9758 0.5
4 476.631 -163.149 1.21723 0.5
4 492.831 -161.341 1.57822 0.5
4 483.901 -168.754 12.7118 0.5
4 455.201 -97.1508 -5.56459 0.5
4 487.176 -181.417 -1.16682 0.5
4 462.166 -129.186 -13.73 0.5
4 465.9 -133.457 -14.4988 0.5
4 491.863 -164.958 -11.5056 0.5
4 488.055 -158.417 -11.5515 0.5
4 491.08 -161.935 -9.87655 0.5
4 467.42 -138.745 13.5186 0.5
4 451.929 -110.858 -13.9773 0.5
4 468.877 -138.702 -14.4752 0.5
4 482.501 -162.848 -14.3148 0.5
4 454.004 -107.22 -14.893 0.5
4 467.132 -139.261 -12.9823 0.5
4 492.299 -183.187 12.7816 0.5
4 467.063 -140.807 11.8629 0.5
4 481.904 -143.015 4.47379 0.5
4 497.996 -170.749 -4.00523 0.5
4 470.943 -135.083 14.6406 0.5
4 467.247 -143.493 9.57247 0.5
4 491.421 -171.712 14.8517 0.5
4 459.451 -133.434 -0.471232 0.5
4 476.289 -162.592 -0.648334 0.5
4 479.4 -166.823 5.81229 0.5
4 457.815 -129.779 -4.9188 0.5
4 452.239 -91.2691 -3.07343 0.5
4 488.148 -174.275 13.691 0.5
4 456.084 -101.527 10.1088 0.5
4 482.621 -172.825 4.68019 0.5
4 497.346 -172.96 -10.0688 0.5
4 497.087 -170.107 -6.49075 0.5
4 466.722 -143.753 7.95348 0.5
4 488.59 -154.291 3.34942 0.5
4 483.86 -173.744 -7.44146 0.5
4 468.631 -143.4 11.9558 0.5
4 495.908 -166.593 0.368703 0.5
4 483.179 -151.926 12.9239 0.5
4 478.215 -139.793 10.0354 0.5
4 468.936 -149.827 1.14711 0.5
4 466.72 -139.263 12.541 0.5
4 489.671 -177.62 -13.3517 0.5
4 484.867 -160.227 -14.8324 0.5
4 481.196 -160.595 -14.3125 0.5
4 485.914 -152.09 -8.74582 0.5
4 467.911 -126.321 13.3828 0.5
4 467.495 -143.498 -10.0632 0.5
4 494.843 -164.796 -1.25961 0.5
4 488.342 -153.488 -0.359805 0.5
4 466.562 -145.56 2.42756 0.5
4 480.992 -149.582 13.6718 0.5
4 489.305 -155.995 4.96279 0.5
4 468.28 -122.543 -9.9871 0.5
4 462.96 -109.567 1.20224 0.5
4 466.273 -115.918 4.39889 0.5
4 447.314 -91.5508 -13.804 0.5
4 450.275 -88.8467 -6.10293 0.5
4 485.36 -157.148 -13.6724 0.5
4 446.537 -108.663 -8.15687 0.5
4 492.607 -166.018 11.3118 0.5
4 446.394 -110.809 -0.71342 0.5
4 464.524 -120.554 -13.4333 0.5
4 478.64 -158.659 13.2769 0.5
4 452.954 -102.072 14.1003 0.5
4 444.78 -86.2834 -13.3965 0.5
4 458.679 -115.91 14.9523 0.5
4 486.618 -161.734 14.5202 0.5
4 477.719 -138.767 9.8453 0.5
4 453.787 -121.95 -6.90331 0.5
4 456.681 -112.691 -14.9697 0.5
4 467.392 -145.26 -7.37071 0.5
4 474.141 -151.651 -12.8338 0.5
4 444.568 -90.0529 14.771 0.5
4 447.9 -90.2592 12.5756 0.5
4 465.054 -142.915 2.63084 0.5
4 454.538 -115.943 13.7429 0.5
4 484.022 -151.369 -11.4992 0.5
4 477.64 -157.424 13.0033 0.5
4 478.488 -150.962 -14.9932 0.5
4 447.811 -99.6944 -14.9333 0.5
4 475.732 -161.417 -2.58111 0.5
4 497.787 -169.899 1.3124 0.5
4 462.396 -110.002 -6.45084 0.5
4 497.116 -194.636 10.2447 0.5
4 495.415 -194.106 6.79556 0.5
4 495.488 -183.24 14.8101 0.5
4 456.508 -118.792 13.9762 0.5
4 479.212 -145.107 12.9541 0.5
4 451.238 -89.2177 -0.111495 0.5
4 448.942 -86.2056 -5.29388 0.5
4 475.054 -150.404 14.1648 0.5
4 460.729 -126.897 -13.6401 0.5
4 457.943 -130.248 4.13794 0.5
4 455.087 -122.338 -9.68571 0.5
4 452.57 -120.808 -4.57848 0.5
4 447.825 -111.13 7.78009 0.5
4 469.027 -138.853 14.504 0.5
4 448.721 -89.678 11.0167 0.5
4 450.15 -97.6653 14.2552 0.5
4 482.724 -173.332 -3.52589 0.5
4 452.764 -92.0433 2.33259 0.5
4 485.911 -149.828 4.0472 0.5
4 487.598 -179.529 -8.53567 0.5
4 461.697 -108.362 -5.4624 0.5
4 446.669 -83.0939 7.1059 0.5
4 490.499 -161.537 10.53 0.5
4 447.924 -91.9499 13.5052 0.5
4 467.104 -131.189 -14.9914 0.5
4 475.141 -156.865 -9.92559 0.5
4 473.833 -146.035 -14.7582 0.5
4 498.071 -177.401 12.7301 0.5
4 499.746 -195.562 -13.0892 0.5
4 493.393 -165.264 9.04461 0.5
4 478.683 -162.606 10.3547 0.5
4 446.361 -104.217 -12.3956 0.5
4 454.284 -95.7989 -6.12268 0.5
4 468.887 -136.493 14.9026 0.5
4 458.064 -102.325 -6.07461 0.5
4 445.485 -80.2213 5.30546 0.5
4 471.267 -137.315 -14.9151 0.5
4 491.388 -161.164 8.14567 0.5
4 450.788 -103.819 14.9951 0.5
4 493.954 -168.211 -11.1882 0.5
4 499.946 -203.036 4.00855 0.5
4 468.302 -130.85 -14.7125 0.5
4 464.786 -114.424 7.01423 0.5
5 524.863 -130.664 -1.2654 0.5
5 505.96 -166.468 -9.15302 0.5
5 517.884 -162.075 14.3474 0.5
5 521.465 -154.057 -14.7798 0.5
5 549.109 -111.295 -12.8859 0.5
5 502.662 -169.112 1.19081 0.5
5 529.906 -124.727 -8.7982 0.5
5 547.107 -97.0808 11.1787 0.5
5 514.871 -159.878 14.6886 0.5
5 512.801 -177.371 10.3393 0.5
5 504.44 -188.285 13.1036 0.5
5 513.979 -154.837 11.5035 0.5
5 502.499 -175.926 12.4134 0.5
5 544.977 -122.392 9.48749 0.5
5 551.924 -88.0074 -10.4793 0.5
5 549.165 -88.7621 2.689 0.5
5 528.876 -126.621 8.94815 0.5
5 527.855 -151.251 -10.3861 0.5
5 536.172 -140.901 1.91806 0.5
5 542.284 -125.273 -11.324 0.5
5 534.565 -127.171 14.9105 0.5
5 540.782 -118.174 -14.9994 0.5
5 516.844 -170.107 -10.6059 0.5
5 506.25 -170.649 -13.1581 0.5
5 536.458 -135.839 -10.8936 0.5
5 504.352 -195.632 -3.86354 0.5
5 546.15 -121.107 -8.49138 0.5
5 513.822 -151.407 -6.88306 0.5
5 527.628 -125.828 -0.436249 0.5
5 505.454 -177.871 -14.9385 0.5
5 554.245 -96.9205 -14.8376 0.5
5 506.924 -187.646 10.237 0.5
5 518.368 -171.522 3.17348 0.5
5 511.108 -171.641 14.8369 0.5
5 527.437 -150.076 12.0579 0.5
5 526.071 -132.066 9.6854 0.5
5 549.928 -88.0337 4.93661 0.5
5 505.703 -167.671 -10.0606 0.5
5 506.798 -189.746 -7.74587 0.5
5 541.494 -102.214 3.47895 0.5
5 504.523 -179.021 -14.8893 0.5
5 519.338 -155.449 -14.9976 0.5
5 543.889 -119.54 13.3272 0.5
5 506.249 -192.743 1.80442 0.5
5 529.957 -144.053 13.1236 0.5
5 525.807 -131.056 -7.61937 0.5
5 538.851 -122.272 -14.9736 0.5
5 546.273 -105.417 14.6736 0.5
5 511.733 -158.736 -11.5119 0.5
5 505.432 -164.276 0.544274 0.5
5 548.284 -115.7 10.5581 0.5
5 503.681 -187.886 13.921 0.5
5 554.476 -81.4935 7.77619 0.5
5 536.358 -124.587 -14.9586 0.5
5 502.504 -178.118 13.6492 0.5
5 520.513 -150.034 -14.674 0.5
5 547.596 -96.8187 -11.6751 0.5
5 513.512 -168.086 -14.7335 0.5
5 500.61 -184.56 -14.6847 0.5
5 501.272 -192.15 13.884 0.5
5 552.696 -82.7634 3.27213 0.5
5 550.2 -116.039 4.48725 0.5
5 506.158 -175.441 -14.7786 0.5
5 515.966 -173.207 8.74813 0.5
5 502.459 -191.681 13.1232 0.5
5 527.446 -141.255 14.9995 0.5
5 545.845 -111.648 -14.8101 0.5
5 521.5 -157.438 -13.7467 0.5
5 504.715 -170.122 -10.8232 0.5
5 507.036 -162.948 -6.45326 0.5
5 511.252 -160.761 -12.4103 0.5
5 508.804 -188.088 3.16839 0.5
5 536.827 -138.509 6.28446 0.5
5 545.03 -95.8276 -2.09139 0.5
5 540.833 -121.938 -14.46 0.5
5 553.194 -85.5958 10.2575 0.5
5 538.848 -124.002 -14.7707 0.5
5 509.962 -174.037 14.7699 0.5
5 539.683 -132.206 -8.63609 0.5
5 545.95 -117.242 12.5893 0.5
5 518.76 -141.272 -1.64618 0.5
5 535.518 -125.156 14.8661 0.5
5 526.194 -141.375 14.8752 0.5
5 520.638 -163.242 -10.893 0.5
5 554.051 -99.1205 -14.439 0.5
5 526.518 -145.31 -14.7791 0.5
5 546.026 -102.348 -13.4664 0.5
5 525.865 -129.562 -4.4852 0.5
5 534.208 -118.503 -10.2814 0.5
5 526.234 -132.781 10.7558 0.5
5 520.611 -142.982 11.1856 0.5
5 500.105 -180.147 12.4629 0.5
5 551.181 -97.6621 14.8125 0.5
5 544.603 -106.484 -14.1643 0.5
5 541.313 -123.444 -13.601 0.5
5 527.783 -139.289 -14.9466 0.5
5 536.48 -118.388 -13.2124 0.5
5 537.005 -110.879 -6.10684 0.5
5 535.856 -136.321 11.3986 0.5
5 510.852 -160.899 12.0154 0.5
5 523.371 -135.995 -8.7264 0.5
5 524.435 -155.043 12.2257 0.5
5 549.108 -117.451 -5.79686 0.5
5 528.421 -139.559 14.9996 0.5
5 552.554 -90.1622 -12.998 0.5
5 522.687 -161.598 -8.7031 0.5
5 543.958 -113.651 -14.9586 0.5
5 540.456 -128.483 -11.287 0.5
5 542.563 -127.049 -8.87076 0.5
5 515.173 -169.742 13.077 0.5
5 505.623 -183.777 -14.1975 0.5
5 548.469 -92.4512 8.6244 0.5
5 501.225 -200.984 4.09177 0.5
5 530.165 -143.477 -13.2405 0.5
5 525.384 -135.112 11.5283 0.5
5 544.285 -111.778 -14.9988 0.5
5 543.865 -127.687 -0.600491 0.5
5 504.379 -180.482 14.9876 0.5
5 501.717 -191.008 14.0297 0.5
5 532.878 -140.808 -11.9401 0.5
5 503.319 -173.89 -11.9725 0.5
5 502.476 -196.065 9.41376 0.5
5 512.13 -152.937 -2.83769 0.5
5 505.727 -190.959 -8.72248 0.5
5 552.961 -94.0773 14.7234 0.5
5 554.311 -88.0227 -13.4781 0.5
5 503.976 -185.87 -14.434 0.5
5 552.315 -86.3479 9.36885 0.5
5 508.31 -179.496 14.065 0.5
5 500.395 -188.455 -14.9928 0.5
5 517.815 -167.668 11.3142 0.5
5 529.546 -123.066 -4.07912 0.5
5 508.39 -184.955 10.3976 0.5
5 517.555 -153.032 14.056 0.5
5 541.389 -102.814 4.91027 0.5
5 511.138 -177.488 12.6219 0.5
5 526.174 -155.111 9.2979 0.5
5 501.144 -191.73 -14.129 0.5
5 532.368 -143.596 -10.2154 0.5
5 516.762 -148.246 9.75346 0.5
5 527.717 -152.363 -9.39373 0.5
5 520.291 -159.094 13.9301 0.5
5 521.635 -153.029 14.8884 0.5
5 508.41 -176.848 14.7478 0.5
5 536.208 -138.073 8.84924 0.5
5 530.939 -124.633 10.7559 0.5
5 552.439 -82.9519 1.76385 0.5
5 512.527 -180.136 -7.20112 0.5
5 520.538 -155.684 14.776 0.5
5 540.674 -124.163 13.7747 0.5
5 536.772 -138.583 -6.32952 0.5
5 549.248 -99.4501 14.4772 0.5
5 549 -93.5859 10.98 0.5
5 525.01 -150.639 -14.0391 0.5
5 542.636 -106.165 12.2458 0.5
5 513.519 -178.537 -6.97959 0.5
5 545.349 -109.098 -14.9645 0.5
5 524.679 -149.605 -14.5428 0.5
5 526.658 -128.92 -6.36663 0.5
5 533.578 -126.157 -14.3526 0.5
5 535.56 -140.996 -5.60755 0.5
5 509.67 -159.838 8.88083 0.5
5 533.852 -123.601 -13.5464 0.5
5 515.255 -175.817 6.4039 0.5
5 555.276 -107.629 -3.00656 0.5
5 537.72 -114.807 12.3347 0.5
5 505.021 -166.787 7.13987 0.5
5 530.936 -132.736 -14.8139 0.5
5 549.806 -103.52 14.9588 0.5
5 507.005 -178.417 -14.8825 0.5
5 537.273 -111.567 8.21488 0.5
5 528.559 -142.897 -14.5399 0.5
5 512.918 -169.583 14.6366 0.5
5 539.76 -110.976 -12.1241 0.5
5 541.766 -115.832 14.9916 0.5
5 500.828 -181.559 -13.8824 0.5
5 545.119 -125.428 1.72138 0.5
5 501.646 -175.952 11.2934 0.5
5 549.43 -116.843 5.91921 0.5
5 503.394 -196.638 -5.78091 0.5
5 538.57 -130.962 -11.9306 0.5
5 549.887 -89.7913 -8.32734 0.5
5 506.502 -174.719 14.7561 0.5
5 535.202 -138.325 -10.5914 0.5
5 535.253 -113.375 4.7146 0.5
5 505.48 -182.201 14.6932 0.5
5 509.458 -160.29 -8.99598 0.5
5 517.427 -171.361 7.70362 0.5
5 508.944 -170.752 -14.8015 0.5
5 548.24 -94.2986 10.3858 0.5
5 542.078 -119.346 -14.5735 0.5
5 509.812 -178.272 -13.4745 0.5
5 517.836 -167.381 -11.5264 0.5
5 517.207 -156.68 -14.8391 0.5
5 531.853 -143.18 11.4624 0.5
5 517.748 -166.071 -12.6012 0.5
5 549.389 -89.3618 5.94952 0.5
5 514.23 -165.839 -14.8902 0.5
5 505.775 -190.715 8.94257 0.5
5 513.701 -179.022 5.17841 0.5
5 520.43 -141.608 -9.41073 0.5
5 550.882 -110.028 -11.6219 0.5
5 534.07 -114.917 2.73963 0.5
5 514.415 -173.321 11.5145 0.5
5 543.545 -98.7365 3.77573 0.5
5 502.602 -184.281 -14.9996 0.5
5 511.959 -180.236 8.62183 0.5
5 543.199 -116.815 14.7044 0.5
5 518.367 -163.551 -13.4261 0.5
5 549.056 -105.365 14.9081 0.5
5 537.573 -109.316 -4.58897 0.5
5 509.026 -162.921 11.0709 0.5
5 526.568 -157.215 3.61984 0.5
5 544.587 -99.5887 9.18475 0.5
5 535.869 -134.757 -12.5548 0.5
5 507.022 -184.734 12.546 0.5
5 501.075 -199.156 -8.52311 0.5
5 539.042 -120.09 -14.9691 0.5
5 532.435 -118.02 -3.92948 0.5
5 534.793 -136.042 -12.9139 0.5
5 542.261 -121.446 13.7609 0.5
5 504.633 -194.805 -4.96611 0.5
5 537.955 -123.417 14.9923 0.5
5 535.247 -139.774 8.79993 0.5
5 504.864 -195.035 2.53506 0.5
5 543.216 -118.51 -14.2489 0.5
5 509.708 -157.416 -4.04663 0.5
5 522.866 -155.831 -13.3902 0.5
5 532.226 -126.054 13.3681 0.5
5 538.611 -132.804 -10.1931 0.5
5 536.563 -118.403 13.2965 0.5
5 511.855 -153.168 0.891658 0.5
5 501.755 -173.731 9.12508 0.5
5 520.413 -151.668 -14.9089 0.5
5 507.536 -160.647 -0.866045 0.5
5 543.555 -101.033 8.72187 0.5
5 524.248 -131.769 -1.66741 0.5
5 516.214 -150.507 11.1041 0.5
5 500.129 -179.492 -12.0302 0.5
5 501.188 -196.135 11.5937 0.5
5 542.742 -114.011 14.9866 0.5
5 518.313 -164.871 -12.7422 0.5
5 512.51 -182.002 0.396158 0.5
5 535.422 -112.616 2.95485 0.5
5 513.124 -176.476 10.6805 0.5
5 547.589 -92.5591 -6.13195 0.5
5 517.973 -150.576 -13.2832 0.5
5 526.85 -135.039 13.197 0.5
5 553.948 -110.183 1.23383 0.5
5 511.283 -182.09 7.55631 0.5
5 524.935 -142.703 14.7395 0.5
5 517.1 -164.474 13.9876 0.5
5 507.795 -181.604 -13.5517 0.5
5 537.139 -133.977 11.5017 0.5
5 533.932 -114.907 0.336575 0.5
5 512.406 -173.089 13.7901 0.5
5 535.041 -113.426 3.62384 0.5
5 503.357 -196.016 -7.20842 0.5
5 533.181 -128.385 -14.7328 0.5
5 502.008 -185.793 14.9882 0.5
5 507.635 -161.159 -4.55194 0.5
5 552.732 -108.176 10.3732 0.5
5 510.179 -170.745 -14.997 0.5
5 510.453 -183.031 -8.35032 0.5
5 543.143 -116.158 -14.8366 0.5
5 512.569 -152.476 4.09977 0.5
5 509.522 -162.268 -11.2558 0.5
5 542.165 -123.576 12.7309 0.5
5 540.797 -106.161 9.19568 0.5
5 533.684 -143.564 -7.06744 0.5
5 524.115 -139.159 12.8445 0.5
5 527.921 -140.784 -14.9926 0.5
5 506.958 -184.216 -12.9372 0.5
5 538.523 -114.261 12.878 0.5
5 554.534 -91.0448 14.6601 0.5
5 529.93 -123.333 -6.53551 0.5
5 547.191 -121.455 3.77994 0.5
5 508.914 -170.574 14.7621 0.5
5 548.279 -102.035 14.6933 0.5
5 541.194 -126.517 -11.8536 0.5
5 537.672 -132.321 -12.0773 0.5
5 528.077 -135.519 14.3011 0.5
5 536.074 -119.538 13.4432 0.5
5 521.966 -143.552 -13.2256 0.5
5 502.979 -192.798 11.7827 0.5
5 530.89 -120.999 -4.91353 0.5
5 536.547 -126.256 -14.9741 0.5
5 521.777 -145.746 -14.0657 0.5
5 524.518 -161.199 0.520298 0.5
5 510.304 -183.978 -7.21671 0.5
5 534.562 -121.637 13.1731 0.5
5 516.046 -164.721 -14.5004 0.5
5 547.284 -108.032 14.9474 0.5
5 516.355 -147.706 8.07442 0.5
5 542.889 -123.708 11.7544 0.5
5 507.157 -169.857 -13.5555 0.5
5 510.873 -176.376 -13.5024 0.5
5 505.154 -182.789 -14.6886 0.5
5 532.128 -136.17 -14.6673 0.5
5 553.323 -82.468 -5.76265 0.5
5 545.52 -124.459 3.31956 0.5
5 513.913 -172.373 12.8151 0.5
5 520.51 -157.151 14.4569 0.5
5 548.337 -115.88 -10.277 0.5
5 536.417 -116.649 -12.0374 0.5
5 515.587 -167.719 13.7301 0.5
5 532.566 -146.022 -5.98803 0.5
5 511.25 -178.224 -11.9744 0.5
5 534.583 -130.002 14.9498 0.5
5 542.556 -129.964 0.255686 0.5
5 524.563 -157.058 10.2765 0.5
5 539.806 -112.046 -12.8831 0.5
5 550.832 -113.904 6.98889 0.5
5 532.637 -121.574 -10.6409 0.5
5 522.392 -163.564 6.16861 0.5
5 521.127 -164.663 -8.16847 0.5
5 550.778 -85.9118 2.36382 0.5
6 658.38 -92.9923 -14.9902 0.5
6 617.648 -93.876 14.9321 0.5
6 647.655 -84.6238 12.7964 0.5
6 591.56 -100.672 12.5457 0.5
6 593.254 -107.312 -2.03179 0.5
6 658.587 -102.427 11.2009 0.5
6 635.71 -84.6837 -12.8329 0.5
6 592.621 -106.251 5.87693 0.5
6 594.742 -88.2489 -14.3996 0.5
6 565.969 -79.2583 7.1398 0.5
6 644.094 -98.2734 -13.8235 0.5
6 631.04 -96.714 14.3812 0.5
6 596.43 -83.3412 -11.9176 0.5
6 629.923 -89.9875 -14.7965 0.5
6 569.301 -95.607 14.664 0.5
6 597.722 -77.6134 2.20723 0.5
6 632.269 -90.3934 14.8583 0.5
6 574.527 -97.289 14.1981 0.5
6 577.322 -98.8234 -13.5787 0.5
6 623.24 -91.9889 -14.9929 0.5
6 591.097 -77.4598 0.540333 0.5
6 581.157 -78.7498 6.10758 0.5
6 591.806 -77.8896 3.6044 0.5
6 640.189 -107.207 -2.6909 0.5
6 558.312 -107.416 -1.00662 0.5
6 583.311 -107.371 -1.53749 0.5
6 592.597 -101.564 -11.9139 0.5
6 568.632 -95.8159 -14.6175 0.5
6 595.838 -80.5789 9.16918 0.5
6 622.957 -106.743 -4.54978 0.5
6 624.848 -105.347 -7.65892 0.5
6 564.057 -105.085 -8.08446 0.5
6 625.036 -107.326 -1.92349 0.5
6 661.539 -91.2897 14.955 0.5
6 578.592 -98.6505 13.6585 0.5
6 588.294 -82.5351 11.2558 0.5
6 640.199 -107.155 2.96164 0.5
6 586.423 -77.8801 3.56602 0.5
6 613.141 -78.5223 5.56915 0.5
6 663.191 -103.467 10.1801 0.5
6 645.045 -105.304 7.73161 0.5
6 623.939 -89.8475 -14.7725 0.5
6 658.222 -89.713 14.7482 0.5
6 630.984 -107.397 -1.26532 0.5
6 663.202 -94.7661 -14.8201 0.5
6 575.718 -93.7873 14.9403 0.5
6 574.008 -78.3008 -4.97966 0.5
6 664.509 -105.681 -7.06796 0.5
6 592.882 -95.9851 14.5775 0.5
6 619.664 -97.2382 14.2153 0.5
6 631.618 -87.7232 -14.2357 0.5
6 608.117 -95.2572 -14.735 0.5
6 612.224 -102.161 11.4327 0.5
6 619.486 -94.9572 -14.789 0.5
6 647.915 -78.9614 -6.56157 0.5
6 584.257 -90.5529 -14.8795 0.5
6 579.687 -95.0971 14.7646 0.5
6 662.425 -103.852 -9.74669 0.5
6 620.749 -90.6361 14.8899 0.5
6 591.13 -77.619 -2.24491 0.5
6 634.318 -79.3576 7.32033 0.5
6 648.487 -90.7098 14.8987 0.5
6 651.654 -86.2616 -13.6639 0.5
6 588.356 -77.6233 -2.27269 0.5
6 581.437 -91.0888 -14.9381 0.5
6 593.681 -77.496 1.17297 0.5
6 633.608 -84.246 12.5576 0.5
6 571.449 -104.687 -8.67531 0.5
6 588.858 -96.4965 14.4439 0.5
6 631.307 -78.1824 -4.62973 0.5
6 557.071 -105.881 -6.67877 0.5
6 568.887 -86.0956 -13.5875 0.5
6 619.833 -105.072 8.10452 0.5
6 578.977 -99.5455 13.2157 0.5
6 623.171 -77.8286 3.34838 0.5
6 651.581 -104.634 -8.74927 0.5
6 632.105 -84.0369 12.4184 0.5
6 594.504 -89.4402 -14.6949 0.5
6 563.676 -79.5309 7.62203 0.5
6 621.623 -99.061 13.4646 0.5
6 587.512 -105.806 -6.82704 0.5
6 590.949 -103.202 10.4594 0.5
6 611.37 -94.4117 14.8712 0.5
6 662.78 -102.295 -11.3175 0.5
6 666.604 -100.399 -12.7206 0.5
6 622.017 -77.4694 0.760201 0.5
6 635.251 -101.112 -12.2461 0.5
6 656.221 -104.148 -9.38876 0.5
6 587.007 -106.888 4.06918 0.5
6 610.378 -98.7341 -13.6202 0.5
6 664.62 -88.9941 14.5964 0.5
6 664.204 -91.7423 -14.9833 0.5
6 579.801 -90.7241 -14.9004 0.5
6 615.689 -106.913 3.97902 0.5
6 621.215 -77.453 -0.293059 0.5
6 636.507 -92.6619 14.9985 0.5
6 564.592 -90.5446 14.8785 0.5
6 643.247 -77.5874 2.02506 0.5
6 651.369 -96.8681 -14.3346 0.5
6 566.127 -107.361 1.63425 0.5
6 617.899 -80.256 8.73526 0.5
6 613.251 -107.413 1.04913 0.5
6 585.379 -77.9701 3.91532 0.5
6 600.919 -96.4981 14.4435 0.5
6 561.16 -88.9925 -14.5961 0.5
6 649.568 -94.5329 14.8547 0.5
6 556.039 -105.251 -7.81831 0.5
6 560.221 -106.543 5.13731 0.5
6 600.679 -100.174 -12.8582 0.5
6 660.87 -89.2036 14.6445 0.5
6 570.379 -96.3271 -14.4903 0.5
6 581.725 -83.6693 -12.1613 0.5
6 632.987 -96.305 -14.4962 0.5
6 579.932 -82.0176 10.7779 0.5
6 643.029 -83.5049 -12.0409 0.5
6 650.318 -100.971 -12.3451 0.5
6 557.705 -84.7837 -12.8929 0.5
6 590.336 -86.3166 13.6887 0.5
6 570.415 -104.3 9.19623 0.5
6 567.112 -101.165 12.2084 0.5
6 610.307 -95.9878 -14.5769 0.5
6 562.003 -104.589 8.81184 0.5
6 638.986 -106.989 3.68976 0.5
6 640.219 -103.127 10.5358 0.5
6 599.906 -106.515 5.2123 0.5
6 623.551 -88.4442 -14.4552 0.5
6 619.869 -103.744 9.87117 0.5
6 630.91 -103.043 -10.6206 0.5
6 597.914 -86.8065 -13.8978 0.5
6 592.824 -99.7039 13.1294 0.5
6 570.074 -93.2606 -14.9781 0.5
6 658.476 -104.593 8.80656 0.5
6 568.541 -98.8189 -13.5808 0.5
6 569.412 -78.9819 6.60367 0.5
6 581.259 -77.5172 -1.41772 0.5
6 646.893 -83.9551 -12.3627 0.5
6 653.107 -92.9391 -14.992 0.5
6 561.87 -106.883 -4.08665 0.5
6 603.792 -104.213 9.30734 0.5
6 591.135 -92.6386 -14.9988 0.5
6 585.408 -87.9574 -14.3114 0.5
6 568.334 -90.0997 -14.8147 0.5
6 658.5 -105.867 6.70624 0.5
6 650.64 -77.4752 -0.868038 0.5
6 599.641 -87.7573 -14.247 0.5
6 618.683 -106.119 -6.17826 0.5
6 659.163 -77.4514 -0.198939 0.5
6 650.195 -78.3161 -5.02305 0.5
6 590.326 -90.7451 14.9028 0.5
6 631.201 -77.6807 -2.62036 0.5
6 571.087 -80.3055 -8.80392 0.5
6 580.036 -89.6237 -14.7313 0.5
6 606.611 -89.7698 -14.7586 0.5
6 606.237 -106.725 -4.60736 0.5
6 576.894 -78.1244 4.44675 0.5
6 631.954 -78.7284 -6.05931 0.5
6 639.272 -91.1819 14.9463 0.5
6 633.539 -83.6846 -12.1724 0.5
6 656.905 -83.6401 12.1402 0.5
6 596.171 -103.767 9.84465 0.5
6 658.877 -80.3213 -8.82561 0.5
6 633.065 -105.868 6.70572 0.5
6 566.113 -87.7878 14.257 0.5
6 602.486 -107.308 -2.05768 0.5
6 612.967 -106.216 -5.95808 0.5
6 594.931 -93.5914 14.9565 0.5
6 651.906 -107.346 -1.76362 0.5
6 558.926 -77.8159 -3.29258 0.5
6 620.606 -80.0972 -8.50924 0.5
6 569.062 -106.516 5.20998 0.5
6 620.846 -99.2995 -13.3449 0.5
6 602.788 -101.697 -11.8108 0.5
6 640.802 -104.727 -8.61847 0.5
6 660.251 -84.999 -13.0185 0.5
6 641.716 -83.407 11.9675 0.5
6 596.672 -93.3061 14.9756 0.5
6 556.567 -99.2606 -13.3647 0.5
6 616.535 -91.5115 -14.9706 0.5
6 637.965 -86.5003 -13.7695 0.5
6 568.886 -77.6818 -2.62645 0.5
6 568.714 -81.3874 10.13 0.5
6 610.929 -107.433 0.71037 0.5
6 654.043 -96.8531 14.3392 0.5
6 582.47 -103.577 -10.0594 0.5
6 635.009 -103.942 -9.63995 0.5
6 566.915 -90.1577 -14.8238 0.5
6 606.496 -94.7592 14.8212 0.5
6 588.763 -94.7965 -14.8153 0.5
6 656.201 -94.4088 14.8716 0.5
6 627.773 -78.4151 5.29328 0.5
6 640.028 -105.681 7.06641 0.5
6 607.362 -107.427 -0.833659 0.5
6 666.238 -100.493 12.6613 0.5
6 641.366 -78.1602 4.56062 0.5
6 634.438 -95.5426 14.6778 0.5
6 572.653 -84.6013 12.7827 0.5
6 657.799 -106.635 -4.87628 0.5
6 592.067 -100.859 -12.4216 0.5
6 625.488 -101.702 11.8069 0.5
6 567.74 -77.6754 2.5901 0.5
6 663.239 -92.9836 14.9905 0.5
6 561.15 -83.8645 -12.2999 0.5
6 567.106 -80.2318 -8.70138 0.5
6 642.947 -96.2505 14.5106 0.5
6 613.878 -90.4091 14.8605 0.5
6 608.445 -94.2896 14.8868 0.5
6 571.604 -78.7887 -6.19411 0.5
6 598.459 -88.94 -14.5835 0.5
6 602.076 -105.497 -7.40131 0.5
6 620.35 -79.9476 8.28787 0.5
6 576.472 -94.5087 -14.8581 0.5
6 644.163 -93.1076 14.9856 0.5
6 638.01 -94.0704 -14.9122 0.5
6 622.523 -106.416 5.47405 0.5
6 630.459 -86.6753 13.8438 0.5
6 628.539 -91.7451 -14.9834 0.5
6 637.186 -83.715 12.1942 0.5
6 616.115 -87.8488 -14.2768 0.5
6 665.135 -101.599 11.8867 0.5
6 567.583 -107.247 -2.46049 0.5
6 597.989 -82.146 -10.9007 0.5
6 635.389 -105.144 -7.99139 0.5
6 604.122 -83.5336 -12.0622 0.5
6 613.854 -107.218 -2.63065 0.5
6 560.429 -90.5591 14.8803 0.5
6 608.71 -77.4541 0.346168 0.5
6 581.562 -96.4006 14.4704 0.5
6 660.67 -96.3622 -14.4809 0.5
6 594.563 -102.633 11.0139 0.5
6 562.263 -77.4669 -0.710273 0.5
6 618.737 -91.381 14.9619 0.5
6 585.235 -77.482 -0.978117 0.5
6 561.122 -94.6996 14.8304 0.5
6 591.155 -106.671 -4.77274 0.5
6 596.171 -106.464 5.3493 0.5
6 628.428 -99.7071 13.1276 0.5
6 660.47 -98.3343 13.7977 0.5
6 556.445 -78.9498 -6.53781 0.5
6 587.444 -97.4999 -14.1244 0.5
6 589.302 -80.2898 -8.78224 0.5
6 636.978 -78.0508 -4.20253 0.5
6 644.438 -106.259 -5.8569 0.5
6 655.925 -102.863 10.7965 0.5
6 593.457 -98.1959 13.8559 0.5
6 564.239 -79.5719 -7.69107 0.5
6 616.25 -105.512 7.37391 0.5
6 601.315 -107.449 0.175256 0.5
6 570.77 -86.1258 13.6016 0.5
6 644.731 -103.739 9.87731 0.5
6 615.722 -101.991 11.5747 0.5
6 635.038 -106.489 -5.28333 0.5
6 563.105 -89.5844 -14.7237 0.5
6 597.954 -85.5506 13.319 0.5
6 624.626 -99.9907 -12.9669 0.5
6 665.305 -80.6011 9.19792 0.5
6 621.936 -92.3289 -14.9995 0.5
6 627.921 -104.291 9.20812 0.5
6 658.532 -81.8657 -10.6287 0.5
6 570.449 -89.7512 -14.7552 0.5
6 560.611 -96.0926 -14.551 0.5
6 630.565 -99.6369 -13.1662 0.5
6 589.361 -77.5604 -1.81604 0.5
6 585.335 -102.124 -11.4641 0.5
7 659.349 -79.7697 -15 0.5
7 664.99 -83.2154 13.5982 0.5
7 647.919 -55.2376 14.2311 0.5
7 639.39 -36.4369 12.1705 0.5
7 619.459 -23.9124 7.07156 0.5
7 666.175 -92.171 -14.9891 0.5
7 615.762 2.10318 13.5738 0.5
7 633.87 -50.5829 1.36463 0.5
7 619.317 -22.1517 9.37039 0.5
7 637.663 -55.9314 6.07155 0.5
7 635.496 -45.4774 -13.2577 0.5
7 654.705 -83.7729 8.9459 0.5
7 623.069 -27.137 -10.9985 0.5
7 621.495 -25.8611 -9.44864 0.5
7 642.708 -52.6402 -14.9048 0.5
7 634.711 -42.5306 -13.9829 0.5
7 637.032 -27.276 5.77253 0.5
7 641.27 -39.7829 12.2338 0.5
7 656.494 -82.078 13.133 0.5
7 624 -6.24964 -8.58556 0.5
7 626.347 -37.5199 1.68685 0.5
7 651.922 -59.0862 -12.7967 0.5
7 624.602 -21.823 14.8331 0.5
7 630.93 -18.6447 9.12194 0.5
7 642.369 -55.4175 14.1239 0.5
7 647.718 -45.8085 -5.82793 0.5
7 630.666 -40.7235 -10.5851 0.5
7 636.111 -25.0408 3.89258 0.5
7 625.253 -27.4525 13.4044 0.5
7 621.902 -22.8581 -12.7247 0.5
7 640.209 -47.8334 -14.9512 0.5
7 632.02 -19.2492 -7.13998 0.5
7 654.725 -86.6725 -1.67072 0.5
7 632.539 -47.3897 5.25106 0.5
7 656.996 -87.6721 9.03659 0.5
7 658.841 -93.657 -2.66162 0.5
7 658.644 -63.9175 -3.28061 0.5
7 658.924 -65.5478 -6.55688 0.5
7 622.72 -29.5567 -7.07793 0.5
7 658.054 -86.3167 12.1586 0.5
7 627.608 -32.1558 13.0717 0.5
7 652.9 -54.6511 5.5042 0.5
7 637.503 -31.5282 10.8 0.5
7 630.831 -45.3226 1.33087 0.5
7 613.989 0.619338 -14.8881 0.5
7 651.263 -51.0254 -2.75567 0.5
7 644.379 -64.4455 10.614 0.5
7 619.468 -12.7057 -14.8652 0.5
7 618.879 -24.6636 -0.685096 0.5
7 615.465 -18.6958 -1.44634 0.5
7 618.688 5.618 0.997056 0.5
7 627.389 -9.44784 0.93496 0.5
7 630.052 -37.5839 12.3234 0.5
7 635.596 -44.3324 13.8755 0.5
7 619.038 -10.8848 -14.9711 0.5
7 618.581 2.03808 -9.97601 0.5
7 617.212 -13.6093 13.3612 0.5
7 646.935 -43.7124 3.60234 0.5
7 644.732 -69.4573 -0.155308 0.5
7 624.375 -6.24817 -7.56853 0.5
7 624.284 -33.4687 -4.10342 0.5
7 611.63 -2.92075 -13.8347 0.5
7 640.76 -49.7399 14.8434 0.5
7 627.956 -19.2203 13.6673 0.5
7 634.432 -21.7124 1.67466 0.5
7 646.781 -57.2209 14.9794 0.5
7 640.517 -32.596 3.60098 0.5
7 652.655 -83.1349 1.17988 0.5
7 632.455 -46.6416 -6.64336 0.5
7 664.884 -104.114 -2.71637 0.5
7 628.495 -11.3771 -1.11348 0.5
7 632.837 -31.5608 14.8234 0.5
7 631.456 -19.627 -9.21402 0.5
7 664.014 -101.406 6.43465 0.5
7 643.132 -47.9595 14.5295 0.5
7 631.048 -42.2546 9.63388 0.5
7 645.464 -40.8874 2.20036 0.5
7 632.246 -30.5844 -14.8306 0.5
7 630.373 -24.6942 14.1792 0.5
7 641.143 -40.1683 -12.6423 0.5
7 629.732 -13.6103 1.99755 0.5
7 612.392 3.10104 14.9202 0.5
7 634.455 -51.0923 -4.08089 0.5
7 642.522 -54.4795 -14.4979 0.5
7 634.274 -51.0555 -2.92844 0.5
7 660.616 -94.6003 8.09172 0.5
7 619.948 1.84602 6.78534 0.5
7 660.767 -82.1058 -14.9995 0.5
7 647.187 -72.0297 -6.89974 0.5
7 643.797 -64.1502 -9.85094 0.5
7 641.629 -50.6046 -14.9227 0.5
7 638.977 -56.0608 9.54547 0.5
7 623.16 -14.2465 -14.7273 0.5
7 655.937 -82.0301 -12.5837 0.5
7 656.19 -59.3538 -1.21405 0.5
7 612.521 -12.9696 -4.52128 0.5
7 619.008 -22.132 -8.68723 0.5
7 630.735 -19.9897 10.9743 0.5
7 664.211 -73.7561 4.05522 0.5
7 651.863 -72.9913 -13.6668 0.5
7 663.496 -101.584 -3.32691 0.5
7 635.389 -26.4988 9.2898 0.5
7 634.28 -48.3948 -8.94734 0.5
7 620.613 -1.50268 10.0006 0.5
7 635.524 -23.5681 -1.3168 0.5
7 638.969 -42.1846 -14.824 0.5
7 624.622 -5.49559 5.03022 0.5
7 646.44 -52.6048 -14.207 0.5
7 625.871 -29.6495 12.7763 0.5
7 649.724 -52.274 -10.3774 0.5
7 646.86 -67.955 11.3458 0.5
7 638.137 -29.693 6.85454 0.5
7 628.879 -14.8712 8.82573 0.5
7 660.62 -84.162 -14.8401 0.5
7 660.249 -71.2299 11.0859 0.5
7 658.678 -71.9258 -13.4269 0.5
7 660.686 -85.8065 14.5325 0.5
7 663.535 -101.589 3.59272 0.5
7 631.717 -35.6815 -14.5198 0.5
7 612.541 15.6326 -4.41638 0.5
7 642.2 -35.4439 -3.31724 0.5
7 658.896 -90.3118 -9.84043 0.5
7 628.437 -15.7591 -10.7357 0.5
7 623.773 -31.409 7.02645 0.5
7 616.899 -18.8486 8.14143 0.5
7 630.483 -14.8333 1.28288 0.5
7 651.919 -57.318 -11.535 0.5
7 616.545 3.87395 11.5995 0.5
7 635.376 -24.5343 -6.06745 0.5
7 637.223 -26.5351 -1.57441 0.5
7 644.124 -45.2549 -12.5923 0.5
7 637.908 -56.9335 -4.54496 0.5
7 656.633 -88.4409 -6.80048 0.5
7 638.854 -29.4572 -2.31269 0.5
7 628.981 -18.6813 12.3618 0.5
7 622.331 -15.0272 -14.9867 0.5
7 650.202 -78.4024 -3.94949 0.5
7 615.145 7.32873 10.6713 0.5
7 622.782 -16.1664 14.9975 0.5
7 617.845 6.37166 -4.6513 0.5
7 641.311 -62.6383 5.10368 0.5
7 644.068 -53.2731 -15 0.5
7 655.297 -59.7085 -7.39707 0.5
7 660.542 -96.2775 -4.07701 0.5
7 625.657 -36.0946 3.10706 0.5
7 646.763 -63.7743 13.8338 0.5
7 644.229 -41.7544 9.21837 0.5
7 662.844 -97.0344 9.97214 0.5
7 633.661 -37.2189 -14.8745 0.5
7 643.061 -41.0674 -10.716 0.5
7 634.499 -34.5549 14.8409 0.5
7 665.369 -95.3436 14.0917 0.5
7 641.076 -51.3223 14.6555 0.5
7 631.821 -22.5839 11.5979 0.5
7 618.561 -22.4659 6.86568 0.5
7 664.771 -92.2534 14.6791 0.5
7 628.544 -11.5589 2.04472 0.5
7 665.246 -104.539 3.65 0.5
7 615.082 -8.80865 -13.8722 0.5
7 616.739 -1.15577 -14.2057 0.5
7 655.335 -82.3751 -11.5653 0.5
7 648.349 -50.8425 -11.2858 0.5
7 647.307 -51.1354 12.8233 0.5
7 648.29 -47.0125 -6.30821 0.5
7 637.039 -26.1538 0.789175 0.5
7 656.239 -60.8066 6.36605 0.5
7 651.882 -80.146 6.92928 0.5
7 616.446 9.2446 2.93546 0.5
7 645.18 -58.3642 -14.6699 0.5
7 637.573 -52.8246 -10.4443 0.5
7 624.515 -9.25112 11.0076 0.5
7 633.383 -47.5603 -7.88623 0.5
7 652.132 -56.609 -10.546 0.5
7 663.609 -80.1732 13.2769 0.5
7 650.356 -59.1577 14.1272 0.5
7 657.265 -61.2271 -1.35671 0.5
7 613.084 14.9635 -3.41346 0.5
7 621.473 0.431848 -3.42648 0.5
7 644.29 -38.697 -0.333893 0.5
7 615.56 -9.58399 13.894 0.5
7 657.679 -63.8103 7.35542 0.5
7 666.002 -94.5369 -14.6462 0.5
7 637.23 -35.9813 -13.9621 0.5
7 661.934 -81.9234 -14.8181 0.5
7 657.995 -62.6657 2.6512 0.5
7 650.719 -50.0901 -2.79497 0.5
7 618.709 -1.17552 12.5545 0.5
7 632.727 -34.7625 14.9597 0.5
7 618.811 -21.191 9.47449 0.5
7 660.507 -95.5985 5.83874 0.5
7 639.191 -33.5978 -9.90766 0.5
7 647.539 -47.3658 9.06113 0.5
7 629.715 -29.1202 -14.985 0.5
7 662.139 -86.3114 14.9029 0.5
7 635.529 -24.6588 5.73816 0.5
7 620.454 -9.96478 14.7999 0.5
7 648.348 -75.0561 4.41454 0.5
7 629.101 -13.4351 -5.51683 0.5
7 633.911 -49.2027 -6.56499 0.5
7 612.257 -6.15389 -12.7234 0.5
7 664.194 -101.821 -6.20897 0.5
7 637.977 -43.6572 -14.9731 0.5
7 665.016 -80.9983 12.2951 0.5
7 630.348 -26.2409 -14.6318 0.5
7 626.457 -16.8015 -13.7466 0.5
7 648.266 -75.2158 3.28291 0.5
7 627.132 -33.0931 -11.9093 0.5
7 630.644 -20.798 11.8007 0.5
7 611.509 14.2309 -10.0399 0.5
7 658.097 -75.051 -14.7805 0.5
7 648.064 -64.4813 -14.3849 0.5
7 621.297 -4.35909 11.6014 0.5
7 666.523 -102.111 11.2602 0.5
7 642.539 -62.128 9.6689 0.5
7 628.019 -30.8629 -14.0125 0.5
7 647.702 -62.5456 14.7085 0.5
7 623.321 -2.59622 2.57899 0.5
7 656.736 -63.7722 -9.65852 0.5
7 656.713 -75.1683 -14.9999 0.5
7 645.444 -44.2784 9.73382 0.5
7 638.663 -31.5484 -8.44307 0.5
7 650.001 -68.8075 14.0612 0.5
7 656.354 -89.3598 -2.60686 0.5
7 658.923 -93.0184 5.4348 0.5
7 619.098 4.93544 -0.415943 0.5
7 627.719 -33.2381 12.5295 0.5
7 626.702 -34.6955 -9.67136 0.5
7 652.803 -83.0069 3.56652 0.5
7 636.206 -48.5738 -12.0866 0.5
7 649.77 -71.7934 12.2839 0.5
7 658.533 -85.34 13.2785 0.5
7 629.772 -39.3418 10.4149 0.5
7 636.388 -28.1168 -9.14708 0.5
7 644.194 -56.1615 14.7668 0.5
7 665.034 -87.647 -14.8694 0.5
7 636.111 -24.772 -2.70701 0.5
7 647.732 -68.8521 11.849 0.5
7 612.603 6.62008 13.9827 0.5
7 643.505 -49.9792 -14.8141 0.5
7 612.533 15.0307 -6.06582 0.5
7 637.169 -43.4259 14.857 0.5
7 615.421 7.86517 -9.56468 0.5
7 636.171 -51.7349 -8.85742 0.5
7 627.125 -21.0195 -14.7087 0.5
7 639.698 -47.1355 14.9348 0.5
7 620.678 1.91563 -2.92898 0.5
7 665.113 -86.3439 -14.606 0.5
7 629.096 -41.1444 -5.95347 0.5
7 633.704 -28.5008 -13.341 0.5
7 636.82 -52.3551 9.50855 0.5
7 648.37 -67.6467 -13.3257 0.5
7 623.344 -20.4021 14.699 0.5
7 629.132 -41.062 6.27768 0.5
7 614.974 -3.67353 14.9809 0.5
7 634.496 -22.8219 -5.62302 0.5
7 611.213 17.2545 6.20583 0.5
7 621.672 -10.4671 14.4431 0.5
7 645.626 -56.4453 14.9936 0.5
7 619.967 -26.5588 0.4133 0.5
7 656.383 -68.4476 13.6627 0.5
7 631.969 -18.4097 5.5335 0.5
7 623.329 -4.2804 7.29607 0.5
7 620.481 -8.78536 -14.5442 0.5
7 623.293 -11.4942 -13.8206 0.5
7 640.611 -53.137 -13.8263 0.5
7 636.616 -32.2526 12.5941 0.5
7 614.646 -14.2602 -9.11483 0.5
7 612.603 -7.28226 12.378 0.5
7 657.578 -91.708 -0.047525 0.5
7 611.175 17.7091 -5.26703 0.5
7 660.347 -71.9532 -11.5658 0.5
7 622.789 -23.7253 -13.1187 0.5
7 640.259 -34.2951 8.41784 0.5
7 633.872 -21.0105 -3.28012 0.5
7 629.346 -16.8683 10.2626 0.5
8 650.727 85.4895 -7.31018 0.5
8 616.972 1.36677 -8.2024 0.5
8 656.354 90.8257 -12.2284 0.5
8 627.078 16.4418 0.566329 0.5
8 636.525 38.2648 -11.5842 0.5
8 651.15 74.7879 14.9074 0.5
8 641.888 70.4681 6.76957 0.5
8 632.083 27.4949 8.13197 0.5
8 641.284 70.9639 1.46059 0.5
8 636.001 43.3812 -14.5849 0.5
8 664.134 87.2918 -12.48 0.5
8 640.21 67.4129 -7.05629 0.5
8 623.402 39.7361 -3.11621 0.5
8 655.262 88.4208 -12.5773 0.5
8 622.899 30.4589 13.6284 0.5
8 632.203 36.7284 14.5667 0.5
8 611.762 19.8347 1.41632 0.5
8 666.109 91.9344 -13.2138 0.5
8 646.384 78.2507 -6.77749 0.5
8 662.032 105.796 -5.82445 0.5
8 627.68 40.6521 12.5744 0.5
8 646.784 64.7512 -14.9781 0.5
8 612.944 21.8578 1.6554 0.5
8 633.927 47.2184 14.4775 0.5
8 633.993 53.3538 -11.2278 0.5
8 628.25 36.4405 14.7009 0.5
8 652.415 87.0946 9.28617 0.5
8 630.144 31.3066 13.9808 0.5
8 640.417 39.5441 -0.560687 0.5
8 637.159 40.7675 -12.6093 0.5
8 618.17 11.0614 -14.1633 0.5
8 631.494 46.3708 -13.1081 0.5
8 611.691 -3.20873 -12.6956 0.5
8 645.193 72.4982 11.4493 0.5
8 619.174 29.5793 9.21071 0.5
8 639.098 62.2068 -11.2189 0.5
8 627.872 39.9204 -13.2057 0.5
8 648.387 53.5152 -2.29855 0.5
8 632.284 55.34 1.78623 0.5
8 620.847 27.7885 13.1858 0.5
8 642.002 48.039 11.8152 0.5
8 622.687 9.01261 2.36013 0.5
8 661.646 77.954 6.83803 0.5
8 621.687 33.8488 9.31555 0.5
8 661.437 91.7947 -14.9758 0.5
8 635.159 49.5938 -14.4098 0.5
8 618.228 17.8134 -14.902 0.5
8 639.216 63.2992 -10.3629 0.5
8 658.744 76.7762 -11.6064 0.5
8 634.968 30.7672 4.43701 0.5
8 637.416 47.8463 -14.9258 0.5
8 628.921 47.7137 7.32209 0.5
8 645.6 48.5184 -0.461604 0.5
8 612.326 -0.389701 -13.6272 0.5
8 651.443 81.7546 -12.61 0.5
8 627.769 43.2525 10.5871 0.5
8 660.049 73.5489 -0.574983 0.5
8 611.679 14.1582 11.6896 0.5
8 633.743 53.8136 -10.3695 0.5
8 640.682 40.3899 3.42892 0.5
8 638.208 65.1536 -4.04132 0.5
8 665.698 112.482 4.95071 0.5
8 626.216 44.3667 -4.09858 0.5
8 637.626 42.2244 -13.0043 0.5
8 622.291 27.144 -14.4556 0.5
8 616.681 19.3911 13.7615 0.5
8 624.646 15.4518 9.30411 0.5
8 630.987 53.1943 -0.475429 0.5
8 656.667 97.4655 -2.53244 0.5
8 655.097 93.0159 -7.38732 0.5
8 641.499 59.1813 -14.7414 0.5
8 626.822 36.1878 -14.0693 0.5
8 649.556 66.2666 -14.4297 0.5
8 647.541 73.2327 -13.5856 0.5
8 638.47 37.8329 -6.88135 0.5
8 636.151 62.1243 -0.797957 0.5
8 616.742 2.57305 10.2466 0.5
8 634.78 33.1264 -9.45672 0.5
8 627.497 24.1529 12.687 0.5
8 641.63 54.7168 -14.8768 0.5
8 665.216 85.9892 9.63332 0.5
8 661.432 89.6505 14.9451 0.5
8 641.439 41.5799 -2.86041 0.5
8 644.127 47.1458 -5.84324 0.5
8 660.541 75.7147 6.1624 0.5
8 666.355 109.245 -11.3702 0.5
8 635.666 51.4751 14.081 0.5
8 630.433 39.6182 -14.8105 0.5
8 641.742 65.1243 12.498 0.5
8 614.475 -5.02606 3.32089 0.5
8 629.027 47.3606 -8.20949 0.5
8 631.226 29.2672 -11.7305 0.5
8 626.899 44.7565 -6.25115 0.5
8 632.168 28.4367 -9.24707 0.5
8 640.872 69.9629 -3.2635 0.5
8 611.37 -4.6655 -12.0821 0.5
8 664.275 84.3489 9.61998 0.5
8 623.941 12.1949 5.87293 0.5
8 624.008 12.9339 -7.16208 0.5
8 657.108 96.526 -7.33833 0.5
8 636.883 46.6069 -14.8909 0.5
8 630.21 36.1092 -14.9815 0.5
8 616.887 13.2187 -14.9895 0.5
8 651.587 85.0763 9.9832 0.5
8 626.659 15.8259 1.90292 0.5
8 627.882 47.7954 0.923336 0.5
8 641.865 42.1286 -1.60664 0.5
8 661.446 83.3208 -12.9105 0.5
8 649.446 81.0205 10.3597 0.5
8 623.839 26.9221 14.9595 0.5
8 652.238 68.4863 13.5075 0.5
8 623.734 39.2726 6.25469 0.5
8 657.244 98.4888 -2.38936 0.5
8 627.076 44.2713 7.74626 0.5
8 623.966 30.3804 -14.3582 0.5
8 656.762 68.4816 4.3228 0.5
8 642.788 51.1734 -13.0095 0.5
8 643.665 63.6577 14.5863 0.5
8 651.615 80.6008 -13.4347 0.5
8 656.489 71.6989 -10.5403 0.5
8 664.856 90.9978 -13.8057 0.5
8 660.187 97.8657 11.9325 0.5
8 624.922 41.7792 5.1628 0.5
8 650.834 86.9782 -4.19587 0.5
8 647.539 57.1745 -11.4449 0.5
8 629.526 44.7068 -11.9725 0.5
8 619.172 18.3331 -14.9881 0.5
8 653.604 73.6245 -14.5236 0.5
8 642.644 62.6068 14.3955 0.5
8 634.783 52.1961 13.0361 0.5
8 645.096 74.5219 -9.15317 0.5
8 651.344 88.4483 0.615608 0.5
8 645.246 53.5874 -11.7605 0.5
8 661.49 98.0017 -13.283 0.5
8 655.241 94.5004 4.55772 0.5
8 660.764 89.8506 -14.9998 0.5
8 646.931 51.4704 4.37838 0.5
8 661.514 84.8549 -13.6491 0.5
8 643.901 75.562 -0.442768 0.5
8 659.734 85.6744 14.8198 0.5
8 636.829 42.3736 -13.7711 0.5
8 654.535 88.3371 -11.7292 0.5
8 662.587 96.9064 14.4643 0.5
8 630.08 46.0969 11.6359 0.5
8 633.098 28.1521 6.09545 0.5
8 658.767 73.6853 8.08921 0.5
8 654.733 83.0056 14.5428 0.5
8 616.332 23.8735 10.1383 0.5
8 612.763 -7.79331 -4.09588 0.5
8 657.503 70.8481 -6.97299 0.5
8 646.714 56.5812 12.1037 0.5
8 619.775 6.83713 9.07484 0.5
8 647.819 77.3545 11.1801 0.5
8 623.657 40.2908 2.52759 0.5
8 662.594 104.835 -9.14658 0.5
8 643.494 52.7039 13.1807 0.5
8 664.256 108.763 7.58934 0.5
8 649.956 85.8205 -2.64964 0.5
8 629.3 50.1451 2.00542 0.5
8 654.31 86.2549 -12.8979 0.5
8 633.212 56.9626 -1.65541 0.5
8 645.947 67.3303 -14.6509 0.5
8 664.154 90.1368 13.9512 0.5
8 620.923 17.1867 14.566 0.5
8 655.827 82.454 -14.9496 0.5
8 631.817 31.009 12.2689 0.5
8 647.798 67.8607 14.9902 0.5
8 658.828 72.7087 -6.07752 0.5
8 632.156 29.5809 10.5682 0.5
8 650.293 61.9345 -11.437 0.5
8 632.5 27.4951 -6.88502 0.5
8 664.203 81.171 -3.59676 0.5
8 629.954 22.7201 6.1274 0.5
8 645.697 71.3176 -12.9093 0.5
8 658.433 99.2952 -6.42132 0.5
8 641.208 69.8195 5.60066 0.5
8 624.337 41.5376 2.07718 0.5
8 613.335 15.5476 12.7383 0.5
8 615.425 2.32365 12.0572 0.5
8 644.413 76.4092 1.16855 0.5
8 658.692 82.2228 14.4664 0.5
8 634.875 43.5947 14.94 0.5
8 613.643 13.9006 13.8584 0.5
8 639.934 48.4445 14.0501 0.5
8 637.923 52.8008 14.7754 0.5
8 613.463 21.8526 5.3746 0.5
8 624.824 33.8853 13.5858 0.5
8 651.908 73.0315 14.9341 0.5
8 656.283 69.934 8.88994 0.5
8 628.059 34.9825 -14.8851 0.5
8 659.801 74.8638 -7.04193 0.5
8 659.29 72.8427 -4.26739 0.5
8 659.89 94.9045 -13.449 0.5
8 641.229 66.1354 -11.0037 0.5
8 624.584 30.485 14.6155 0.5
8 661.734 106.4 -1.30014 0.5
8 645.512 48.6377 -2.87424 0.5
8 653.135 74.8201 14.8984 0.5
8 615.887 5.70765 13.5949 0.5
8 612.374 20.2693 4.50574 0.5
8 640.358 54.631 14.9987 0.5
8 661.245 79.4249 -9.99504 0.5
8 619.82 4.27701 -3.51905 0.5
8 665.994 100.871 14.8612 0.5
8 617.522 22.1117 -13.1412 0.5
8 659.743 73.7578 4.6826 0.5
8 646.947 78.2787 8.38906 0.5
8 645.509 66.6498 14.6335 0.5
8 664.469 107.826 -9.47009 0.5
8 639.134 67.0089 3.00109 0.5
8 639.828 63.059 -11.572 0.5
8 662.97 79.1105 -3.89012 0.5
8 635.429 60.8482 -1.18259 0.5
8 659.94 73.5279 2.30734 0.5
8 636.948 51.271 14.7467 0.5
8 658.747 87.1731 -14.9735 0.5
8 624.808 28.6895 14.9527 0.5
8 637.691 36.3352 -6.58325 0.5
8 660.61 77.6138 9.1366 0.5
8 663.454 107.928 -6.55526 0.5
8 655.436 66.067 3.90957 0.5
8 621.133 7.69477 6.66196 0.5
8 665.018 102.304 -14.0845 0.5
8 659.113 71.9592 -1.13164 0.5
8 640.77 42.6489 -8.29765 0.5
8 652.09 61.5451 -7.11183 0.5
8 617.282 14.9982 14.9905 0.5
8 619.338 32.9602 1.38486 0.5
8 615.839 2.2974 -11.4701 0.5
8 645.597 55.3883 -12.6133 0.5
8 648.577 80.1133 -9.69621 0.5
8 639.876 42.3691 -9.94647 0.5
8 626.702 21.1644 -11.5133 0.5
8 635.135 60.286 1.73008 0.5
8 657.314 70.0937 -6.09182 0.5
8 619.801 3.89084 1.39554 0.5
8 617.642 25.3348 10.9542 0.5
8 656.148 73.1925 12.2975 0.5
8 662.686 106.932 5.81381 0.5
8 651.228 88.0373 -2.56878 0.5
8 614.09 22.7177 5.91721 0.5
8 629.302 49.2105 -5.57007 0.5
8 620.204 11.8057 -12.8614 0.5
8 663.618 80.9105 -5.85694 0.5
8 637.058 45.2361 14.5907 0.5
8 613.587 17.4375 -11.7107 0.5
8 626.853 35.6794 14.265 0.5
8 616.219 -1.85519 -3.92343 0.5
8 627.269 22.9889 -12.1674 0.5
8 618.34 31.0761 2.55829 0.5
8 662.016 78.9056 7.41632 0.5
8 638.931 66.8863 1.49515 0.5
8 617.708 0.444333 2.68651 0.5
8 643.557 73.0807 -7.29247 0.5
8 631.89 25.494 -4.61926 0.5
8 621.627 29.6153 12.9165 0.5
8 623.577 11.0169 4.36882 0.5
8 632.981 29.9151 -9.33667 0.5
8 623.906 33.8577 -12.7373 0.5
8 631.153 42.1679 -14.5416 0.5
8 662.635 107.891 -1.9372 0.5
8 626.257 41.7283 -9.36111 0.5
8 614.064 -4.42968 -6.89877 0.5
8 633.785 50.8699 -12.7984 0.5
8 643.498 65.984 -13.6974 0.5
8 665.843 95.711 14.7245 0.5
8 656.756 89.3263 -13.5224 0.5
8 621.599 11.9964 -11.2297 0.5
9 997.199 88.4674 -9.59166 0.5
9 917.113 103.873 -14.4915 0.5
9 921.944 88.2577 -9.33368 0.5
9 982.871 113.634 6.25358 0.5
9 862.048 114.641 -3.26253 0.5
9 790.358 96.212 -14.5138 0.5
9 807.641 85.0658 -1.40367 0.5
9 988.956 112.66 -8.04457 0.5
9 730.823 109.938 11.2355 0.5
9 852.126 109.555 -11.5627 0.5
9 715.466 111.031 -10.1642 0.5
9 759.664 108.365 -12.4511 0.5
9 944.012 113.369 -6.80183 0.5
9 720.092 85.1491 2.10935 0.5
9 928.038 99.6601 -14.9961 0.5
9 980.322 103.286 14.6356 0.5
9 879.408 93.0897 13.3134 0.5
9 828.863 104.737 -14.2323 0.5
9 975.958 96.0998 14.4841 0.5
9 953.231 114.709 2.94199 0.5
9 914.801 100.417 14.9942 0.5
9 936.936 85.696 -4.51605 0.5
9 957.683 85.1235 -1.92085 0.5
9 752.754 88.78 -9.95546 0.5
9 875.911 114.818 2.33102 0.5
9 824.212 114.925 1.49477 0.5
9 756.947 91.5025 -12.3609 0.5
9 959.495 93.6666 -13.5973 0.5
9 699.525 112.403 -8.43622 0.5
9 895.727 89.2911 10.5033 0.5
9 746.873 87.0381 7.54914 0.5
9 972.427 98.1783 -14.889 0.5
9 700.193 114.826 -2.27615 0.5
9 677.393 106.808 13.366 0.5
9 748.878 96.9624 14.6892 0.5
9 683.814 100.21 14.9985 0.5
9 879.619 113.454 6.63304 0.5
9 955.827 114.179 -4.89387 0.5
9 747.187 97.9309 14.8566 0.5
9 810.054 86.8555 -7.22645 0.5
9 939.937 94.3155 -13.8812 0.5
9 705.926 104.153 14.4135 0.5
9 925.601 101.13 -14.9574 0.5
9 849.009 86.605 -6.75079 0.5
9 817.807 98.2559 14.8983 0.5
9 861.333 100.976 14.9682 0.5
9 958.985 91.366 -12.266 0.5
9 670.499 97.0677 14.7106 0.5
9 736.579 112.954 7.56269 0.5
9 896.567 111.587 -9.52523 0.5
9 674.564 96.7356 -14.6405 0.5
9 695.128 114.552 -3.63962 0.5
9 942.439 93.8193 13.6675 0.5
9 751.864 85.0016 -0.216179 0.5
9 872.762 85.6734 -4.44409 0.5
9 837.864 88.223 -9.28989 0.5
9 887.929 114.352 4.36147 0.5
9 992.829 114.953 -1.18032 0.5
9 862.145 102.256 14.8293 0.5
9 858.362 105.387 -13.9991 0.5
9 856.815 114.564 3.59049 0.5
9 830.347 101.13 14.9574 0.5
9 798.474 111.998 9.00231 0.5
9 793.257 106.609 -13.4655 0.5
9 905.349 103.33 -14.6257 0.5
9 744.092 94.1966 -13.8319 0.5
9 720.382 85.957 -5.2719 0.5
9 999.252 89.4805 10.693 0.5
9 952.474 85.244 -2.6943 0.5
9 768.999 114.665 3.15075 0.5
9 901.761 113.633 -6.25685 0.5
9 718.487 97.1928 14.735 0.5
9 788.507 110.702 -10.5108 0.5
9 872.194 88.1015 -9.13374 0.5
9 768.701 108.171 12.5791 0.5
9 916.603 107.638 -12.9099 0.5
9 739.538 96.4455 -14.5728 0.5
9 974.943 95.512 14.3129 0.5
9 902.172 87.075 7.6121 0.5
9 959.859 114.834 -2.22627 0.5
9 929.837 114.134 5.02268 0.5
9 711.556 112.678 -8.01738 0.5
9 885.413 112.594 -8.14736 0.5
9 957.864 99.4528 14.99 0.5
9 906.192 85.0257 0.878144 0.5
9 729.269 114.991 -0.525117 0.5
9 743.584 98.5943 -14.934 0.5
9 753.484 100.132 14.9994 0.5
9 733.717 101.907 -14.8783 0.5
9 823.404 86.2778 6.05816 0.5
9 922.975 95.8265 14.4077 0.5
9 912.164 85.0112 -0.580693 0.5
9 749.783 113.885 5.67419 0.5
9 939.658 100.813 -14.9779 0.5
9 759.444 88.5054 -9.63709 0.5
9 684.447 114.999 -0.18402 0.5
9 935.461 94.9711 14.1319 0.5
9 969.431 99.4031 -14.9881 0.5
9 787.549 85.2637 2.80005 0.5
9 825.461 101.359 14.9383 0.5
9 927.617 114.623 3.34276 0.5
9 891.421 88.0774 -9.10234 0.5
9 801.226 113.41 6.72198 0.5
9 863.088 114.832 2.23966 0.5
9 802.297 85.7907 -4.80588 0.5
9 706.328 90.2413 -11.3916 0.5
9 817.436 87.787 -8.70875 0.5
9 833.842 111.923 -9.10165 0.5
9 742.975 110.378 10.8308 0.5
9 980.238 98.0051 14.8668 0.5
9 885.187 88.3963 9.50542 0.5
9 754.008 110.024 11.1591 0.5
9 867.638 101.103 -14.9594 0.5
9 944.149 89.2773 10.4892 0.5
9 940.765 113.728 6.04389 0.5
9 669.679 91.9805 12.6762 0.5
9 776.934 106.879 13.3296 0.5
9 750.381 105.964 13.7633 0.5
9 776.801 96.9731 -14.6914 0.5
9 693.12 91.3251 -12.2371 0.5
9 828.395 86.6808 6.89925 0.5
9 966.199 88.8816 10.0688 0.5
9 896.184 110.88 10.326 0.5
9 806.192 85.1032 -1.75616 0.5
9 818.899 85.9025 -5.12458 0.5
9 911.412 98.5755 -14.9322 0.5
9 959.695 98.1123 -14.8807 0.5
9 684.723 87.9667 -8.95547 0.5
9 999.214 85.3648 -3.28798 0.5
9 770.949 114.892 -1.79721 0.5
9 926.98 101.633 -14.9109 0.5
9 855.632 110.166 11.0298 0.5
9 729.238 90.1168 11.2837 0.5
9 959.904 114.044 5.26901 0.5
9 769.55 92.4982 12.9893 0.5
9 965.956 85.302 2.99477 0.5
9 837.551 87.8026 8.73062 0.5
9 886.466 85.0296 0.941892 0.5
9 677.049 92.6281 -13.0635 0.5
9 856.818 95.8521 14.4151 0.5
9 927.223 88.3692 9.47234 0.5
9 679.344 90.7694 11.8236 0.5
9 877.09 110.399 -10.8101 0.5
9 816.167 86.6334 6.807 0.5
9 809.714 88.0526 9.06975 0.5
9 888.255 85.78 4.77394 0.5
9 754.02 86.277 6.05624 0.5
9 825.912 88.7942 -9.97149 0.5
9 755.918 100.899 -14.973 0.5
9 709.27 114.918 -1.56279 0.5
9 762.597 85.2351 -2.64544 0.5
9 862.194 112.99 7.5015 0.5
9 901.752 92.6587 -13.0807 0.5
9 677.39 110.461 10.7504 0.5
9 745.532 85.4627 -3.69668 0.5
9 989.11 111.426 -9.71894 0.5
9 734.814 89.7713 10.9715 0.5
9 882.092 90.9371 -11.9526 0.5
9 800.079 113.235 -7.05906 0.5
9 826.34 85.3862 3.38188 0.5
9 830.487 95.9818 -14.4518 0.5
9 806.89 85.9582 -5.27513 0.5
9 933.351 85.714 -4.57287 0.5
9 942.474 104.396 -14.3412 0.5
9 683.867 98.8436 14.9554 0.5
9 743.812 90.812 11.8567 0.5
9 815.433 114.314 4.48324 0.5
9 980.334 104.572 14.2863 0.5
9 806.005 112.056 -8.92521 0.5
9 944.228 94.895 14.1046 0.5
9 956.252 112.963 7.54646 0.5
9 731.004 86.5509 -6.64249 0.5
9 829.349 112.789 -7.83775 0.5
9 868.108 114.097 -5.12519 0.5
9 893.034 112.241 -8.66927 0.5
9 937.438 102.117 14.8498 0.5
9 682.83 99.1318 14.9749 0.5
9 705.291 94.1627 -13.8176 0.5
9 702.755 113.99 -5.41082 0.5
9 841.862 85.0648 -1.39281 0.5
9 855.579 104.305 -14.3689 0.5
9 755.993 113.308 6.92068 0.5
9 986.965 114.326 4.44571 0.5
9 940.844 86.9139 7.33176 0.5
9 989.182 93.1174 13.3278 0.5
9 933.098 102.086 -14.8543 0.5
9 736.2 86.84 -7.1983 0.5
9 740.2 85.0116 -0.590491 0.5
9 870.722 106.102 -13.7029 0.5
9 799.179 114.795 -2.47399 0.5
9 847.606 91.0413 12.0309 0.5
9 718.233 105.964 13.7635 0.5
9 893.642 97.275 -14.7504 0.5
9 711.769 95.8627 -14.4181 0.5
9 750.47 87.5869 8.42106 0.5
9 884.339 86.0095 5.4098 0.5
9 710.145 112.742 7.91516 0.5
9 943.407 106.636 -13.4525 0.5
9 985.214 86.0907 5.61533 0.5
9 874.536 111.019 -10.1775 0.5
9 938.879 112.64 -8.07685 0.5
9 856.022 85.2788 -2.87868 0.5
9 760.34 95.089 -14.1733 0.5
9 812.371 94.2872 13.8695 0.5
9 695.051 114.805 2.40964 0.5
9 847.068 85.1127 -1.83525 0.5
9 986.039 108.975 12.0186 0.5
9 684.881 102.614 -14.7705 0.5
9 736.564 86.2032 -5.88634 0.5
9 721.456 105.965 13.763 0.5
9 926.818 94.4467 -13.9342 0.5
9 825.968 96.0627 -14.474 0.5
9 878.159 90.9951 -11.9963 0.5
9 837.013 114.634 3.29526 0.5
9 944.638 106.463 13.5362 0.5
9 844.335 113.798 -5.88373 0.5
9 750.279 93.541 -13.5381 0.5
9 813.669 112.012 -8.98419 0.5
9 820.084 90.1654 11.3261 0.5
9 748.814 104.924 -14.1687 0.5
9 671.007 85.0189 0.75221 0.5
9 796.417 100.333 -14.9963 0.5
9 747.243 104.06 14.44 0.5
9 779.408 111.308 9.85561 0.5
9 790.592 87.9544 -8.93893 0.5
9 759.296 111.994 -9.00849 0.5
9 831.674 104.314 14.3663 0.5
9 861.469 92.1081 -12.7561 0.5
9 668.243 96.6103 14.612 0.5
9 778.636 107.744 -12.8466 0.5
9 952.888 113.082 -7.3382 0.5
9 728.52 85.2966 2.96797 0.5
9 712.654 103.698 14.5369 0.5
9 750.111 89.717 -10.9206 0.5
9 904.093 113.226 -7.07642 0.5
9 839.745 89.0301 10.2304 0.5
9 988.91 105.079 -14.1139 0.5
9 917.268 87.8163 -8.74967 0.5
9 966.989 111.77 9.29845 0.5
9 706.23 90.549 11.6481 0.5
9 866.355 107.481 -13.0016 0.5
9 879.5 109.472 11.6314 0.5
9 942.669 85.2352 2.64587 0.5
9 829.476 113.682 -6.14905 0.5
9 958.5 113.986 5.4214 0.5
9 732.279 106.972 13.2813 0.5
9 966.879 107.119 -13.2029 0.5
9 955.549 87.1789 -7.78578 0.5
9 710.621 104.773 14.2204 0.5
9 739.055 100.388 -14.995 0.5
9 985.422 85.0317 -0.973932 0.5
9 957.16 106.612 -13.4641 0.5
9 994.473 85.5931 -4.17618 0.5
9 800.751 107.966 12.7099 0.5
9 874.588 114.852 2.10287 0.5
9 956.987 86.3087 -6.12776 0.5
9 866.228 114.644 3.24665 0.5
9 960.412 86.7704 -7.06941 0.5
9 834.576 102.242 14.8315 0.5
9 930.152 89.4007 -10.6139 0.5
9 799.802 94.7262 14.0423 0.5
9 939.54 114.997 0.284908 0.5
9 964.98 100.129 14.9994 0.5
9 669.087 114.142 5.00068 0.5
9 687.42 109.915 -11.2554 0.5
9 839.697 95.6785 14.364 0.5
9 731.832 111.031 10.1648 0.5
9 803.537 86.0745 -5.575 0.5
9 701.461 98.8173 14.9533 0.5
9 987.472 85.2226 2.57485 0.5
9 820.008 93.4823 13.51 0.5
9 748.478 114.94 1.34458 0.5
9 762.418 105.336 14.0187 0.5
9 810.329 114.887 1.83664 0.5
9 986.99 86.3851 6.29552 0.5
9 725.939 100.98 14.968 0.5
9 735.218 104.15 14.4145 0.5
9 974.495 85.1681 -2.23931 0.5
9 807.617 112.955 -7.56155 0.5
9 954.383 92.9959 13.2644 0.5
9 783.535 107.213 13.152 0.5
9 795.868 113.757 5.97949 0.5
9 932.537 97.6449 14.814 0.5
9 985.128 110.451 10.7601 0.5
9 717.271 105.315 14.0267 0.5
9 755.485 113.87 5.71198 0.5
9 889.489 112.776 -7.85924 0.5
9 927.125 90.2572 11.4052 0.5
9 827.397 89.6681 10.8744 0.5
9 731.44 100.228 14.9983 0.5
9 950.352 112.534 8.24019 0.5
9 706.799 108.65 -12.2546 0.5
9 850.273 92.4577 -12.9659 0.5
9 767.334 95.7611 14.3886 0.5
9 874.273 104.928 -14.1674 0.5
9 977.652 97.5035 14.7908 0.5
