0 230.502 114.296 4.5409 0.5
0 332.859 96.4811 -14.5814 0.5
0 242.801 114.92 1.55013 0.5
0 86.4518 112.14 -8.81055 0.5
0 64.0904 87.3795 -8.10696 0.5
0 265.887 88.3826 9.48875 0.5
0 206.904 85.7058 -4.54695 0.5
0 74.3071 85.8291 -4.91798 0.5
0 331.59 104.651 14.2606 0.5
0 326.934 114.408 -4.17326 0.5
0 317.783 86.1835 5.83991 0.5
0 81.6435 105.188 14.0743 0.5
0 219.147 111.428 9.71658 0.5
0 56.6146 106.724 13.4085 0.5
0 301.719 99.5714 -14.9939 0.5
0 318.427 90.6995 -11.7686 0.5
0 291.804 90.6492 11.7287 0.5
0 50.1904 112.948 7.57241 0.5
0 28.9035 88.3954 9.50434 0.5
0 229.944 99.7926 -14.9986 0.5
0 156.085 112.166 8.77469 0.5
0 277.467 91.7599 -12.534 0.5
0 63.1469 112.81 7.80408 0.5
0 209.722 85.0503 1.22791 0.5
0 134.625 113.523 6.49004 0.5
0 244.892 105.056 14.1222 0.5
0 35.6285 104.502 -14.3084 0.5
0 298.819 99.5295 14.9926 0.5
0 72.2551 109.411 -11.6801 0.5
0 150.608 102.523 14.7863 0.5
0 5.64361 109.914 11.2568 0.5
0 299.683 85.0083 0.500034 0.5
0 47.565 108.881 12.088 0.5
0 191.149 113.087 7.33079 0.5
0 119.978 102.091 -14.8535 0.5
0 312.686 114.964 -1.03744 0.5
0 40.1424 88.4347 9.55216 0.5
0 103.869 93.2441 -13.3924 0.5
0 257.079 95.3046 14.2462 0.5
0 274.69 113.547 -6.44102 0.5
0 136.85 93.1873 13.3636 0.5
0 55.5653 96.5476 -14.5973 0.5
0 196.462 89.8351 11.0306 0.5
0 233.773 103.766 14.5196 0.5
0 243.786 114.915 -1.59915 0.5
0 261.251 90.5727 -11.6673 0.5
0 237.827 104.137 14.4181 0.5
0 68.8878 87.6889 8.56959 0.5
0 155.757 96.7121 -14.6352 0.5
0 312.361 86.265 6.02906 0.5
0 189.316 86.3237 6.16114 0.5
0 318.757 87.2876 -7.96216 0.5
0 158.628 99.6844 14.9967 0.5
0 281.382 100.154 14.9992 0.5
0 212.863 87.3843 -8.11446 0.5
0 94.5955 105.086 -14.1115 0.5
0 122.64 110.774 10.4363 0.5
0 253.603 103.225 -14.6493 0.5
0 307.827 85.0281 -0.918272 0.5
0 57.4561 103.882 14.4889 0.5
0 159.573 113.81 -5.85563 0.5
0 246.126 102.986 14.6998 0.5
0 289.592 92.3108 -12.8793 0.5
0 59.8666 98.4812 -14.9229 0.5
0 88.5658 107 -13.2667 0.5
0 94.1846 98.4051 14.915 0.5
0 45.0273 113.412 -6.71669 0.5
0 198.072 99.9273 -14.9998 0.5
0 227.789 97.1028 14.7176 0.5
0 283.97 113.913 5.60594 0.5
0 136.454 105.142 14.0911 0.5
0 268.089 101.589 -14.9156 0.5
0 242.416 91.9515 12.6579 0.5
0 123.605 114.149 4.98033 0.5
0 266.935 93.8638 13.6875 0.5
0 280.268 90.5548 -11.6528 0.5
0 118.836 88.8482 -10.0318 0.5
0 18.6201 92.8576 13.1904 0.5
0 188.675 109.847 11.3151 0.5
0 2.48008 105.851 13.8116 0.5
0 155.183 101.922 -14.8763 0.5
0 39.1549 113.909 5.61716 0.5
0 86.9224 100.524 -14.9908 0.5
0 271.313 86.8611 7.23673 0.5
0 312.602 85.1746 2.28188 0.5
0 285.678 110.724 10.4875 0.5
0 43.6475 99.2068 14.979 0.5
0 219.225 101.75 -14.8976 0.5
0 160.748 101.554 14.9193 0.5
0 243.654 114.683 -3.06817 0.5
0 314.591 114.026 -5.31705 0.5
0 246.729 111.186 -9.9937 0.5
0 17.8785 108.617 12.278 0.5
0 303.863 114.415 4.14924 0.5
0 193.917 92.5443 -13.0159 0.5
0 77.9276 110.729 10.483 0.5
0 221.922 102.238 -14.832 0.5
0 97.9807 108.454 12.3904 0.5
0 124.904 89.6283 -10.8364 0.5
0 89.0283 108.901 12.0738 0.5
0 165.025 97.9558 -14.8601 0.5
0 152.919 111.532 9.59229 0.5
0 28.9296 87.7173 -8.61019 0.5
0 26.2567 92.4348 -12.9525 0.5
0 43.6103 113.706 -6.09379 0.5
0 162.224 114.997 -0.314639 0.5
0 188.237 94.9537 14.1257 0.5
0 216.431 91.9718 12.6708 0.5
0 215.9 114.933 1.42015 0.5
0 191.049 113.352 -6.83494 0.5
0 206.369 107.951 -12.7191 0.5
0 141.05 113.693 -6.12364 0.5
0 128.273 100.134 -14.9994 0.5
0 143.299 111.789 -9.2747 0.5
0 102.625 85.0514 1.24069 0.5
0 288.915 96.8548 -14.6666 0.5
0 154.805 100.971 14.9686 0.5
0 235.943 94.9871 14.1376 0.5
0 241.136 112.211 -8.71208 0.5
0 195.235 113.518 6.5014 0.5
0 309.882 110.312 -10.893 0.5
0 332.976 114.32 -4.4662 0.5
0 64.1524 103.898 -14.4847 0.5
0 71.6559 111.302 9.86232 0.5
0 174.377 98.4403 14.9187 0.5
0 267.733 114.839 -2.19051 0.5
0 71.8746 97.8246 -14.8414 0.5
0 157.672 114.988 0.601205 0.5
0 35.1409 114.295 -4.54366 0.5
0 138.129 85.5595 -4.05839 0.5
0 200.116 93.4702 -13.5041 0.5
0 92.0455 86.4729 6.48203 0.5
0 171.116 85.8995 5.11633 0.5
0 3.74233 100.827 14.9772 0.5
0 274.666 93.1152 13.3267 0.5
0 247.203 106.956 -13.2897 0.5
0 136.895 94.2977 -13.8739 0.5
0 25.6072 113.997 -5.39351 0.5
0 3.5822 112.887 -7.67673 0.5
0 148.04 112.246 -8.66281 0.5
0 103.248 105.399 13.9947 0.5
0 146.616 113.9 5.63812 0.5
0 66.2871 94.2314 -13.8464 0.5
0 31.7961 85.1544 2.14667 0.5
0 103.603 91.0332 12.0248 0.5
0 76.8896 87.0405 7.55327 0.5
0 263.746 106.913 13.312 0.5
0 55.806 93.4564 -13.4974 0.5
0 136.659 112.28 8.61464 0.5
0 139.154 114.991 0.523003 0.5
0 272.774 85.996 5.37467 0.5
0 3.48804 94.9538 14.1257 0.5
0 85.5797 87.295 7.97394 0.5
0 324.32 87.7639 -8.67629 0.5
0 69.0787 114.772 2.60738 0.5
0 52.7216 114.951 1.20968 0.5
0 305.802 89.4261 10.6392 0.5
0 182.045 88.4742 9.59978 0.5
0 49.7253 102.305 14.8218 0.5
0 299.125 85.1049 1.77078 0.5
0 146.087 87.9247 -8.89866 0.5
0 13.0336 107.371 13.0641 0.5
0 321.788 99.8946 14.9996 0.5
0 88.2636 114.99 0.540062 0.5
0 86.3399 91.865 -12.6025 0.5
0 201.44 96.8082 -14.6565 0.5
0 47.5466 100.691 -14.9841 0.5
0 14.6469 85.6649 4.41635 0.5
0 10.2874 100.909 14.9724 0.5
0 313.101 94.9384 -14.1202 0.5
0 312.068 85.2236 -2.58016 0.5
0 199.857 87.0271 -7.53018 0.5
0 43.7174 86.5097 -6.55837 0.5
0 227.622 87.7174 -8.61035 0.5
0 235.704 110.953 10.2488 0.5
0 98.1422 113.112 7.28566 0.5
0 97.5033 95.0292 -14.1524 0.5
0 69.823 101.461 14.9287 0.5
0 131.485 87.0159 -7.51079 0.5
0 14.1994 86.316 -6.14404 0.5
0 224.42 87.333 8.03407 0.5
0 215.684 96.6425 14.6194 0.5
0 152.318 91.4894 -12.3519 0.5
0 238.975 113.973 5.45597 0.5
0 137.962 100.855 -14.9756 0.5
0 254.919 92.6664 -13.085 0.5
0 132.22 85.9577 5.27398 0.5
0 120.726 86.8693 -7.25149 0.5
0 127.748 114.549 3.65215 0.5
0 217.731 107.662 12.8954 0.5
0 59.1238 109.439 -11.6574 0.5
0 234.966 114.611 -3.39278 0.5
0 105.5 97.0067 -14.6983 0.5
0 151.066 86.8672 7.24768 0.5
0 265.218 107.684 12.8824 0.5
0 177.542 93.9191 -13.7122 0.5
0 50.4974 87.4291 8.18361 0.5
0 263.646 90.5229 11.6269 0.5
0 232.574 86.8034 -7.13089 0.5
0 269.304 110.848 -10.3594 0.5
0 276.477 112.699 7.98362 0.5
0 332.024 106.801 13.3694 0.5
0 172.499 94.6624 14.0182 0.5
0 90.9939 104.574 -14.2855 0.5
0 84.1532 87.1216 -7.69067 0.5
0 329.657 91.9619 -12.6645 0.5
0 191.927 114.928 1.46458 0.5
0 244.028 85.837 4.94048 0.5
0 43.4183 86.5757 6.69232 0.5
0 260.185 114.295 4.54525 0.5
0 126.701 112.203 8.72209 0.5
0 243.247 111.889 9.14583 0.5
0 218.129 96.7651 14.647 0.5
0 178.663 114.856 -2.0712 0.5
0 271.01 109.246 11.8119 0.5
0 61.7832 90.7204 11.7851 0.5
0 153.174 113.148 -7.21966 0.5
0 288.687 85.5178 -3.90721 0.5
0 183.794 91.3532 -12.2569 0.5
0 211.957 108.578 -12.3053 0.5
0 227.075 100.225 -14.9983 0.5
0 163.408 86.4511 -6.43641 0.5
0 222.107 106.829 -13.3555 0.5
0 234.967 87.8332 -8.77314 0.5
0 320.684 101.453 -14.9294 0.5
0 237.596 113.463 -6.61436 0.5
0 203.859 113.287 6.96054 0.5
0 227.736 114.673 3.11298 0.5
0 198.688 104.451 14.3244 0.5
0 78.4664 87.9089 -8.87718 0.5
0 241.743 113.06 -7.37771 0.5
0 204.088 86.6237 -6.78782 0.5
0 295.417 86.4495 -6.43314 0.5
0 25.0526 85.0827 -1.57303 0.5
0 228.238 114.448 4.03256 0.5
0 282.879 92.8225 13.1713 0.5
0 206.862 90.6286 -11.7122 0.5
0 122.893 111.804 -9.25521 0.5
0 33.7101 87.8964 8.86015 0.5
0 34.5155 99.103 14.9732 0.5
0 114.187 90.6549 -11.7332 0.5
0 118.38 114.918 -1.56609 0.5
0 187.96 91.7546 -12.5305 0.5
0 160.438 89.3363 10.5492 0.5
0 247.785 110.054 11.1315 0.5
0 147.413 85.275 -2.85884 0.5
0 130.166 91.4512 12.3255 0.5
0 124.406 86.3741 6.27166 0.5
0 180.693 85.5527 4.03432 0.5
0 71.0512 114.884 1.85978 0.5
0 21.1844 114.833 2.2323 0.5
0 250.721 102.414 14.8045 0.5
0 176.306 91.4621 -12.333 0.5
0 297.221 85.2339 -2.63838 0.5
0 1.61475 101.757 -14.8968 0.5
0 212.771 86.3012 -6.11084 0.5
0 226.545 101.199 14.952 0.5
0 86.0393 103.16 14.6633 0.5
0 90.361 112.401 -8.43909 0.5
0 51.0481 105.818 13.8256 0.5
0 216.274 99.9822 -15 0.5
0 301.395 109.741 11.4066 0.5
0 35.3926 111.006 -10.1921 0.5
0 307.257 114.804 2.41639 0.5
0 233.659 100.373 14.9954 0.5
0 213.827 109.211 11.8391 0.5
0 215.295 113.73 6.04043 0.5
0 48.5822 114.943 1.30535 0.5
0 56.754 91.3233 -12.2358 0.5
0 15.8932 98.7859 14.9508 0.5
0 128.911 114.495 -3.85898 0.5
0 127.955 105.938 13.7748 0.5
0 75.4899 109.008 -11.9939 0.5
0 185.932 93.5343 -13.5349 0.5
0 205.496 112.243 -8.66597 0.5
0 45.9167 91.1484 12.1099 0.5
0 53.2371 95.3553 14.2628 0.5
0 232.501 112.196 -8.73279 0.5
0 4.02838 96.5068 -14.5876 0.5
0 237.088 101.839 14.8869 0.5
0 54.471 87.6738 -8.54781 0.5
0 194.503 114.949 -1.23785 0.5
0 104.726 85.03 -0.948522 0.5
0 183.599 114.807 2.40153 0.5
0 1.74497 114.94 -1.33778 0.5
0 168.874 94.6224 -14.0029 0.5
0 303.747 113.261 7.01002 0.5
0 75.4341 90.0447 11.2201 0.5
0 316.765 87.9875 -8.98336 0.5
0 125.633 108.861 -12.1029 0.5
0 197.307 114.708 2.94314 0.5
0 78.3807 87.0024 7.48742 0.5
0 12.0294 85.1436 2.07061 0.5
0 179.157 114.457 -3.99898 0.5
0 331.09 101.342 -14.9398 0.5
0 50.2207 114.428 4.10371 0.5
0 291.305 86.3002 -6.10862 0.5
0 286.768 87.12 7.688 0.5
0 97.2378 109.059 -11.9559 0.5
0 90.6646 98.1853 14.8898 0.5
0 85.6456 88.6647 9.82404 0.5
0 324.529 114.944 1.29994 0.5
0 243.639 114.419 4.13558 0.5
0 193.927 109.492 11.6148 0.5
0 150.656 85.0022 0.258708 0.5
0 53.1615 113.028 7.43457 0.5
0 6.84256 85.5625 -4.06936 0.5
0 169.843 90.6578 11.7355 0.5
0 115.12 103.946 -14.4716 0.5
0 97.3269 91.6843 -12.4839 0.5
0 236.531 112.442 8.37908 0.5
0 51.8733 113.298 6.94056 0.5
0 208.213 114.494 -3.8647 0.5
0 165.49 105.341 14.0171 0.5
0 287.343 107.536 -12.9692 0.5
0 69.9986 86.6219 6.78431 0.5
0 72.0375 114.958 1.11909 0.5
0 247.429 85.5216 3.9211 0.5
0 123.767 101.457 14.929 0.5
0 311.408 110.072 11.1152 0.5
0 273.147 86.8726 7.25752 0.5
0 255.803 113.489 6.56076 0.5
0 5.56876 85.6649 4.41656 0.5
0 233.175 106.582 13.479 0.5
0 108.28 112.355 -8.50571 0.5
0 88.5507 91.9187 12.6369 0.5
0 106.565 106.365 13.5826 0.5
0 81.3424 96.4581 14.5758 0.5
0 122.645 105.739 -13.8586 0.5
0 30.9767 85.5591 4.05718 0.5
0 289.735 88.6336 -9.78796 0.5
0 279.033 104.243 -14.3874 0.5
0 80.8461 85.0015 0.211135 0.5
0 139.754 92.6005 -13.0479 0.5
0 107.163 104.096 -14.4299 0.5
0 258.655 114.06 -5.22671 0.5
0 17.3652 89.4898 10.7021 0.5
0 126.572 111.885 -9.15134 0.5
0 145.715 90.4988 11.6072 0.5
0 197.348 113.272 6.98916 0.5
0 263.946 102.204 14.8371 0.5
0 232.243 102.946 -14.7079 0.5
0 4.66442 111.587 -9.52553 0.5
0 80.4218 85.6273 -4.29265 0.5
0 202.18 105.334 -14.0197 0.5
0 255.623 85.0378 1.06381 0.5
0 216.48 114.097 -5.12717 0.5
0 252.9 108.31 -12.4878 0.5
0 135.588 89.3787 -10.5919 0.5
0 283.549 85.0623 -1.3657 0.5
0 50.7573 103.507 14.5842 0.5
0 305.885 91.0993 12.0738 0.5
0 92.4248 108.667 12.2428 0.5
0 288.189 114.57 -3.5639 0.5
0 233.564 96.3255 -14.543 0.5
0 88.4533 85.1709 2.2576 0.5
0 191.014 111.285 9.88157 0.5
0 266.407 110.53 10.683 0.5
0 131.399 85.9746 -5.31865 0.5
0 138.479 110.84 10.3675 0.5
0 246.382 103.574 -14.568 0.5
0 189.323 85.2639 2.80127 0.5
0 32.6301 90.4587 -11.5743 0.5
0 202.734 112.185 -8.74787 0.5
0 317.019 107.682 -12.8835 0.5
0 269.297 113.815 -5.8438 0.5
0 42.1022 113.313 -6.91158 0.5
0 45.3144 114.973 -0.896589 0.5
0 262.289 99.0434 14.9695 0.5
0 92.7945 114.876 1.92377 0.5
0 264.667 87.4789 8.25959 0.5
0 108.396 99.3732 -14.9869 0.5
0 213.083 90.7994 -11.8469 0.5
0 161.095 114.738 2.79259 0.5
0 85.9295 85.0216 0.805082 0.5
0 286.273 88.6471 9.80368 0.5
0 254.777 114.803 -2.42405 0.5
0 108.159 86.8635 7.24102 0.5
0 102.088 104.91 14.1737 0.5
0 41.9552 87.4044 8.14567 0.5
0 121.083 98.4781 14.9226 0.5
0 55.4524 85.9393 -5.2247 0.5
0 183.038 101.429 14.9318 0.5
0 34.4661 100.85 -14.9759 0.5
0 85.786 89.7808 -10.9803 0.5
0 55.7529 97.8643 14.8472 0.5
0 214.645 114.145 4.99313 0.5
0 111.906 91.8547 12.5958 0.5
0 22.8783 108.155 12.5894 0.5
0 169.675 87.6346 8.49105 0.5
0 231.042 109.386 -11.7007 0.5
0 34.1251 89.3438 10.5568 0.5
0 317.22 99.8488 14.9992 0.5
0 24.1723 88.7592 9.93194 0.5
0 23.9343 85.5926 4.17447 0.5
0 2.95704 113.965 -5.47514 0.5
0 100.595 105.383 -14.0009 0.5
0 19.6234 109.459 -11.6413 0.5
0 170.909 90.3885 -11.516 0.5
0 4.41875 103.899 -14.4843 0.5
0 3.323 94.6689 -14.0207 0.5
0 100.484 113.317 6.90365 0.5
0 285.764 93.616 -13.5737 0.5
0 176.769 88.2607 -9.33754 0.5
0 47.3766 90.9802 11.9851 0.5
0 262.971 86.1993 -5.87704 0.5
0 94.3609 97.4097 14.7747 0.5
0 204.968 85.4699 3.72502 0.5
0 101.479 88.702 -9.86684 0.5
0 56.772 109.502 -11.6068 0.5
0 297.451 88.3632 9.46489 0.5
0 70.2903 112.263 8.63876 0.5
0 318.065 85.005 0.386492 0.5
0 278.94 99.1108 -14.9736 0.5
0 131.217 114.95 -1.21965 0.5
0 79.8347 111.394 9.75556 0.5
0 30.9436 113.199 -7.12614 0.5
0 171.856 114.747 2.74372 0.5
0 278.053 95.0168 14.148 0.5
0 41.1296 92.2913 -12.8676 0.5
0 122.639 97.4825 -14.7872 0.5
0 207.031 114.319 4.46749 0.5
0 127.751 111.024 10.1718 0.5
0 239.458 90.9656 11.9741 0.5
0 32.3064 87.0438 7.55897 0.5
0 15.4578 85.2626 -2.79434 0.5
0 268.101 85.7962 -4.82194 0.5
0 313.113 112.484 8.3156 0.5
0 58.1786 106.025 13.7368 0.5
0 328.184 85.4062 3.46708 0.5
0 98.2955 90.8293 11.87 0.5
0 41.8046 110.916 -10.2884 0.5
0 19.0772 114.981 -0.746561 0.5
0 52.3003 89.7091 10.9132 0.5
0 124.885 85.1427 -2.06386 0.5
0 121.594 107.798 12.8135 0.5
0 86.2208 114.933 -1.41109 0.5
0 48.8534 87.5651 8.38881 0.5
0 15.2705 90.7635 11.8189 0.5
0 4.58447 95.6796 14.3643 0.5
0 180.986 114.628 -3.31829 0.5
0 291.069 109.697 11.4445 0.5
0 122.53 96.1428 14.4956 0.5
0 112.645 96.8979 -14.6757 0.5
0 118.927 111.258 -9.91206 0.5
0 135.83 96.7978 14.6542 0.5
0 262.852 114.844 -2.15952 0.5
0 169.666 113.338 -6.86244 0.5
0 305.928 85.2899 -2.93484 0.5
0 27.7152 100.399 14.9947 0.5
0 59.6293 109.535 11.5794 0.5
0 34.1065 87.9167 -8.88779 0.5
0 63.608 95.8766 14.4221 0.5
0 3.16264 104.653 -14.2601 0.5
0 144.831 105.238 14.0556 0.5
0 22.2652 101.829 14.8881 0.5
0 83.7521 107.721 12.8605 0.5
0 95.8804 99.2515 14.9813 0.5
0 212.542 92.7066 13.1075 0.5
0 5.39429 96.8845 -14.6729 0.5
0 154.315 85.0017 -0.225231 0.5
0 173.107 110.804 10.4051 0.5
0 42.3357 92.6861 -13.096 0.5
0 81.0446 114.638 3.27573 0.5
0 8.1406 89.7199 10.9234 0.5
0 166.077 114.768 2.62867 0.5
0 83.884 95.0605 14.1634 0.5
0 226.482 110.958 -10.2429 0.5
0 34.8325 106.591 13.4746 0.5
0 40.4133 114.174 -4.90792 0.5
0 42.33 109.464 11.6374 0.5
0 67.3299 91.762 -12.5354 0.5
0 329.453 108.207 -12.5559 0.5
0 95.3863 93.1617 13.3506 0.5
0 47.6007 85.1224 1.91239 0.5
0 294.37 87.3372 8.04079 0.5
0 26.7493 113.16 -7.19783 0.5
0 225.779 100.93 -14.9712 0.5
0 259.568 103.679 -14.5418 0.5
0 229.899 114.567 3.5775 0.5
0 229.436 114.98 0.765383 0.5
0 194.886 85.1077 1.79459 0.5
0 26.8504 102.754 14.7449 0.5
0 7.31663 95.973 14.4493 0.5
0 252.5 86.7308 6.99479 0.5
0 179.697 104.953 -14.1587 0.5
0 192.685 97.742 -14.8291 0.5
0 144.959 98.4743 14.9222 0.5
0 274.107 108.989 12.0084 0.5
0 231.881 113.017 7.45312 0.5
0 62.2643 90.7784 -11.8305 0.5
0 301.473 105.623 -13.906 0.5
0 10.7744 114.964 -1.03813 0.5
0 176.201 99.0099 -14.9673 0.5
0 50.3725 88.2606 9.33736 0.5
0 64.1279 112.516 -8.26714 0.5
0 268.54 114.998 0.232623 0.5
0 31.3488 86.0754 -5.57732 0.5
0 112.918 107.639 -12.9093 0.5
0 315.54 101.753 14.8973 0.5
0 291.025 93.9509 -13.7262 0.5
0 262.133 88.1176 9.15465 0.5
0 47.1298 87.9648 -8.9529 0.5
0 39.6621 91.8054 -12.5637 0.5
0 39.029 112.308 8.57454 0.5
0 190.446 89.7924 10.9911 0.5
0 270.732 113.603 -6.3205 0.5
0 181.76 110.574 -10.6391 0.5
0 235.55 110.965 -10.236 0.5
0 5.81843 108.418 -12.4152 0.5
0 221.054 104.638 14.2651 0.5
0 289.456 86.5092 6.55734 0.5
0 163.619 106.899 -13.3195 0.5
0 240.577 114.198 4.83835 0.5
0 43.7381 87.8429 8.78666 0.5
0 120.435 102.586 14.7754 0.5
0 22.2457 113.772 5.94507 0.5
0 18.491 101.178 -14.9537 0.5
0 253.792 109.465 11.6366 0.5
0 195.638 114.999 -0.133639 0.5
0 170.116 112.897 7.66015 0.5
0 260.574 97.979 -14.8632 0.5
0 275.965 114.751 -2.7239 0.5
0 138.746 112.453 -8.36245 0.5
0 171.907 87.9616 -8.94853 0.5
0 332.347 114.998 0.256401 0.5
0 213.222 85.8136 -4.87295 0.5
0 196.916 99.1084 14.9735 0.5
0 216.313 86.2586 6.01438 0.5
0 59.5826 114.662 -3.16441 0.5
0 20.9966 87.7318 -8.63086 0.5
0 42.4839 113.105 7.29736 0.5
0 241.475 105.808 13.8298 0.5
0 253.388 112.755 -7.89439 0.5
0 305.632 114.835 -2.21625 0.5
0 127.397 98.8031 -14.9522 0.5
0 307.411 107.3 13.1036 0.5
0 193.134 113.341 6.85695 0.5
0 101.528 102.649 14.7642 0.5
0 57.1891 114.018 5.33885 0.5
0 63.3978 96.8463 -14.6647 0.5
0 40.3447 94.8941 -14.1043 0.5
0 92.4385 109.745 11.4032 0.5
0 150.012 88.4368 -9.55473 0.5
0 278.687 101.566 -14.918 0.5
0 195.424 106.548 -13.4954 0.5
0 300.407 85.299 -2.98008 0.5
0 160.636 105.492 13.9583 0.5
0 239.947 114.003 -5.37669 0.5
0 50.4932 95.8176 -14.4051 0.5
0 108.38 103.015 -14.6939 0.5
0 267.726 114.034 5.29711 0.5
0 299.306 103.273 14.6385 0.5
0 178.591 90.3611 11.4931 0.5
0 30.3869 114.706 -2.95421 0.5
0 327.213 86.2027 -5.88509 0.5
0 301.621 107.82 -12.8003 0.5
0 280.575 114.978 -0.818517 0.5
0 193.86 89.1045 -10.3096 0.5
0 77.201 88.8658 10.0513 0.5
0 199.885 111.112 10.0757 0.5
0 237.451 94.7101 -14.0363 0.5
0 308.894 85.6317 -4.3072 0.5
0 96.2899 108.994 12.0044 0.5
0 200.34 104.397 14.3411 0.5
0 270.064 92.9468 -13.2383 0.5
0 211.667 100.67 -14.985 0.5
0 59.8051 113.379 -6.78272 0.5
0 215.559 114.431 -4.09217 0.5
0 287.761 85.5949 4.18261 0.5
0 124.153 103.454 14.597 0.5
0 105.182 113.02 -7.44928 0.5
0 53.6113 90.4937 11.603 0.5
0 152.18 87.591 -8.4271 0.5
0 303.478 109.468 11.6346 0.5
0 91.4632 93.4599 -13.4992 0.5
0 154.44 113.401 6.73844 0.5
0 176.325 97.6614 14.8166 0.5
0 145.65 94.1119 -13.796 0.5
0 315.948 102.885 14.7199 0.5
0 36.933 86.0785 -5.58507 0.5
0 140.196 89.5438 -10.7549 0.5
0 44.4131 90.005 -11.1848 0.5
0 264.811 111.023 -10.1728 0.5
0 159.531 95.2912 14.2417 0.5
0 323.767 89.8513 -11.0455 0.5
0 281.878 108.638 12.2629 0.5
0 114.251 93.6729 13.6003 0.5
0 115.561 99.23 14.9802 0.5
0 314.959 105.905 -13.7886 0.5
0 31.5782 98.7588 -14.9486 0.5
0 109.665 95.8828 -14.4239 0.5
0 5.6267 111.831 9.22143 0.5
0 270.319 94.2044 -13.8351 0.5
0 22.4348 102.548 -14.782 0.5
0 67.0293 93.9021 13.7046 0.5
0 272.132 107.91 12.7446 0.5
0 279.354 114.708 2.94614 0.5
0 283.721 85.9463 5.24347 0.5
0 92.5426 85.0049 -0.383806 0.5
0 255.626 114.648 3.23069 0.5
0 54.3069 99.9684 -15 0.5
0 32.3037 106.948 -13.2938 0.5
0 113.609 112.029 8.96116 0.5
0 60.512 85.9299 5.1993 0.5
0 26.0865 107.048 13.2408 0.5
0 119.521 96.9529 -14.6873 0.5
0 321.806 113.382 6.7759 0.5
0 157.569 89.0828 10.2867 0.5
0 332.754 104.795 -14.2128 0.5
0 182.415 89.7829 -10.9823 0.5
0 192.534 92.6055 13.0507 0.5
0 179.066 101.121 14.958 0.5
0 114.919 113.258 7.0161 0.5
0 306.804 86.5123 6.56373 0.5
0 208.871 86.8503 -7.21706 0.5
0 225.983 92.9449 13.2373 0.5
0 314.06 95.7966 14.399 0.5
0 20.6459 86.6368 6.81364 0.5
0 127.751 114.087 -5.15254 0.5
0 234.064 85.1455 2.08384 0.5
0 106.694 102.505 14.7893 0.5
0 127.826 111.037 -10.1579 0.5
0 314.111 101.189 14.9528 0.5
0 132.88 85.0078 0.485099 0.5
0 98.5606 88.2567 -9.33244 0.5
0 28.087 113.807 5.86121 0.5
0 14.5305 114.213 -4.7961 0.5
0 75.4768 114.941 1.33056 0.5
0 178.947 87.6054 8.44835 0.5
0 194.592 85.65 -4.36794 0.5
0 70.6111 87.5972 -8.43633 0.5
0 30.4957 93.0769 13.3068 0.5
0 49.0866 91.8146 12.5698 0.5
0 151.526 114.226 4.75593 0.5
0 3.47009 101.659 -14.908 0.5
0 276.641 104.432 14.3303 0.5
0 321.859 85.1304 -1.97375 0.5
0 118.025 93.855 -13.6835 0.5
0 262.436 87.8777 -8.83455 0.5
0 136.117 87.4434 8.20553 0.5
0 135.48 100.115 14.9996 0.5
0 12.4543 101.139 -14.9567 0.5
0 42.6499 85.3164 -3.06472 0.5
0 195.124 103.253 -14.643 0.5
0 288.256 100.018 15 0.5
0 209.829 88.1364 -9.17908 0.5
0 132.679 91.0897 12.0668 0.5
0 299.932 113.201 7.12245 0.5
0 247.646 105.882 13.7985 0.5
0 177.325 93.1591 13.3492 0.5
0 149.588 90.974 -11.9804 0.5
0 293.822 95.0247 14.1509 0.5
0 251.326 88.0742 9.09811 0.5
0 118.107 113.776 -5.93432 0.5
0 95.3638 88.4482 9.56854 0.5
0 263.753 111.223 -9.95188 0.5
0 262.59 85.4755 3.74668 0.5
0 98.2293 97.765 -14.8326 0.5
0 297.943 113.076 7.34989 0.5
0 280.575 113.674 6.16728 0.5
0 171.957 89.2264 10.4369 0.5
0 36.1094 85.0157 -0.686036 0.5
0 65.1903 113.892 -5.6582 0.5
0 137.419 85.4154 3.50575 0.5
0 166.503 85.4304 -3.56733 0.5
0 246.463 98.5089 14.9257 0.5
0 98.8601 108.732 -12.1965 0.5
0 48.5582 87.5074 -8.30265 0.5
0 239.133 86.0663 5.55438 0.5
0 189.739 106.877 13.3309 0.5
0 78.6336 85.8375 4.94215 0.5
0 111.854 89.981 11.1633 0.5
0 292.679 111.954 -9.06072 0.5
0 39.5882 114.857 -2.06388 0.5
0 56.7105 92.5467 -13.0172 0.5
0 178.17 85.0851 1.59598 0.5
0 268.627 100.196 14.9987 0.5
0 207.477 93.2859 13.4135 0.5
0 264.832 89.0381 -10.239 0.5
0 61.0553 110.466 10.7455 0.5
0 266.447 97.6023 14.8071 0.5
0 322.769 93.6506 13.5899 0.5
0 2.2999 89.6555 10.8623 0.5
1 458.418 -102.21 -4.04816 0.5
1 340.911 73.1762 6.11033 0.5
1 413.586 -26.1837 7.79141 0.5
1 498.994 -181.422 -13.9516 0.5
1 382.216 14.6849 -14.986 0.5
1 432.701 -67.8342 14.3778 0.5
1 432.167 -63.6688 12.9809 0.5
1 428.382 -65.5748 -14.9702 0.5
1 442.434 -79.4912 11.6274 0.5
1 495.688 -166.209 -0.244303 0.5
1 348.696 83.2113 -11.3389 0.5
1 333.406 112.387 8.27348 0.5
1 339.816 84.0774 14.2463 0.5
1 351.579 61.8615 -13.5007 0.5
1 466.919 -142.197 10.3899 0.5
1 397.999 -4.08763 -12.7404 0.5
1 434.73 -66.0381 -11.5378 0.5
1 467.405 -127.844 -14.3478 0.5
1 410.054 -46.2482 -6.81025 0.5
1 441.062 -73.2797 6.91331 0.5
1 341.905 95.3137 11.035 0.5
1 464.372 -131.497 14.2993 0.5
1 459.025 -103.052 3.21174 0.5
1 343.267 89.8439 -13.2404 0.5
1 424.113 -43.1575 5.17809 0.5
1 382.114 18.4812 -14.7027 0.5
1 377.122 13.7322 -10.7857 0.5
1 376.414 11.1557 4.75296 0.5
1 458.169 -119.583 -14.6185 0.5
1 496.929 -185.901 -14.7826 0.5
1 421.962 -56.3106 -14.7362 0.5
1 407.488 -18.2173 -10.9769 0.5
1 339.008 94.2518 14.4341 0.5
1 461.343 -127.791 -13.7158 0.5
1 391.66 9.11207 11.0561 0.5
1 447.632 -94.572 14.6099 0.5
1 382.888 26.6333 -8.34529 0.5
1 358.036 61.5186 -14.3692 0.5
1 412.09 -51.0954 3.05622 0.5
1 461.607 -133.468 -9.87332 0.5
1 488.033 -152.98 0.983763 0.5
1 387.957 -9.05919 -4.02835 0.5
1 437.725 -71.7288 11.9378 0.5
1 360.666 41.9734 10.5277 0.5
1 401.971 -26.8895 -12.6848 0.5
1 374.634 21.9943 -13.5328 0.5
1 412.459 -26.5485 -10.7118 0.5
1 401.04 -30.6326 6.81824 0.5
1 414.367 -25.7925 -3.59762 0.5
1 498.824 -199.815 -7.16904 0.5
1 498.709 -200.69 -4.68111 0.5
1 403.256 -35.9557 -2.14878 0.5
1 466.999 -119.801 -9.36853 0.5
1 496.046 -194.69 -7.71479 0.5
1 450.42 -88.5515 -4.68766 0.5
1 440.141 -88.4293 -14.6019 0.5
1 418.896 -52.2466 14.4436 0.5
1 362.369 63.9979 -4.56332 0.5
1 389.761 17.2278 1.05427 0.5
1 437.779 -70.5563 -10.8574 0.5
1 422.257 -45.0663 -12.034 0.5
1 410.983 -42.9086 -12.4165 0.5
1 416.629 -51.8851 12.9241 0.5
1 445.638 -86.2204 12.4968 0.5
1 374.527 25.3667 -14.636 0.5
1 337.828 77.3444 1.96404 0.5
1 346.3 89.5381 9.0045 0.5
1 344.293 82.1093 14.9602 0.5
1 335.536 105.002 12.1345 0.5
1 476.217 -139.841 -12.9083 0.5
1 349.776 60.4188 -10.0867 0.5
1 373.169 44.7777 5.93587 0.5
1 466.823 -144.4 7.14587 0.5
1 347.14 88.7533 8.03272 0.5
1 439.778 -89.1088 14.2307 0.5
1 412.678 -52.2798 -2.11167 0.5
1 390.59 6.91155 13.7113 0.5
1 452.106 -120.474 -2.70843 0.5
1 451.164 -101.019 -14.6825 0.5
1 408.481 -33.2807 -14.6719 0.5
1 358.02 49.8285 -13.0403 0.5
1 404.233 -15.318 -12.9994 0.5
1 482.281 -167.235 11.8087 0.5
1 428.127 -78.0873 5.63907 0.5
1 498.56 -201.093 1.61729 0.5
1 494.561 -168.705 10.6637 0.5
1 390.289 -10.3446 -9.39301 0.5
1 491.865 -160.251 -4.41998 0.5
1 376.267 40.2796 3.25098 0.5
1 363.823 61.5036 4.48634 0.5
1 402.19 -9.00196 10.9414 0.5
1 438.21 -67.0927 -3.60733 0.5
1 488.406 -178.275 11.4568 0.5
1 434.703 -90.1675 3.47959 0.5
1 335.879 90.6617 -14.1669 0.5
1 491.656 -183.507 -11.7813 0.5
1 467.663 -123.508 11.8802 0.5
1 447.77 -104.766 -13.4915 0.5
1 436.623 -85.1907 -13.6187 0.5
1 411.144 -46.1111 -9.81871 0.5
1 340.954 79.4294 13.0636 0.5
1 438.632 -96.9031 3.76318 0.5
1 344.886 72.461 -12.9739 0.5
1 381.379 22.1622 14.0018 0.5
1 426.259 -47.13 5.82817 0.5
1 442.325 -77.7624 10.1798 0.5
1 371.716 33.1094 14.9944 0.5
1 377.024 31.4303 13.2109 0.5
1 336.125 83.3925 9.29624 0.5
1 465.683 -143.416 4.89185 0.5
1 446.205 -91.4367 -14.4394 0.5
1 406.449 -39.2862 -8.06823 0.5
1 368.317 42.4012 14.6981 0.5
1 360.902 38.4788 5.94809 0.5
1 496.534 -196.589 -5.59519 0.5
1 457.136 -128.753 -4.4661 0.5
1 342.194 82.9592 14.904 0.5
1 475.286 -160.689 2.31828 0.5
1 398.26 0.517976 7.52811 0.5
1 463.937 -118.884 -13.088 0.5
1 337.459 78.2856 -3.57504 0.5
1 496.254 -170.629 -9.5606 0.5
1 420.05 -65.1723 -0.864164 0.5
1 359.017 40.5629 -1.19688 0.5
1 358.023 58.9209 14.9051 0.5
1 359.024 57.156 14.9087 0.5
1 462.861 -129.06 -14.2409 0.5
1 442.895 -74.7752 0.523539 0.5
1 334.615 108.595 -10.394 0.5
1 441.077 -75.0937 -9.60316 0.5
1 473.777 -155.609 8.50841 0.5
1 448.675 -114.685 -1.66869 0.5
1 384.65 12.5543 14.9309 0.5
1 446.039 -95.8737 14.9854 0.5
1 468.767 -136.051 -14.9275 0.5
1 337.481 81.1779 -9.46294 0.5
1 389.414 0.534289 -14.8177 0.5
1 498.235 -186.14 -14.9909 0.5
1 375.549 20.5263 -13.5879 0.5
1 477.366 -156.321 13.3453 0.5
1 335.747 82.1617 6.20274 0.5
1 379.044 35.3702 3.67533 0.5
1 409.319 -43.8121 8.72589 0.5
1 397.547 -17.0795 -13.8088 0.5
1 481.832 -171.874 -3.14644 0.5
1 415.059 -41.0872 -14.9927 0.5
1 336.687 95.9366 -14.8981 0.5
1 374.841 25.6613 14.7994 0.5
1 381.11 32.1231 -1.93744 0.5
1 446.726 -109.715 6.91127 0.5
1 403.424 -13.504 12.7527 0.5
1 339.577 79.9859 11.847 0.5
1 351.461 55.3017 6.93627 0.5
1 460.295 -105.052 2.09673 0.5
1 338.978 87.1979 -14.6916 0.5
1 394.014 -15.3789 -10.9269 0.5
1 366.648 31.1311 10.0165 0.5
1 429.405 -78.4323 8.95782 0.5
1 362.004 38.2882 8.92931 0.5
1 439.089 -98.1606 -0.617572 0.5
1 451.784 -91.1063 -5.23746 0.5
1 334.388 87.3301 -10.3652 0.5
1 407.424 -13.9809 -4.37746 0.5
1 461.411 -121.669 -14.9991 0.5
1 446.205 -82.7929 -7.97218 0.5
1 371.195 42.0884 -12.8927 0.5
1 458.788 -103.604 6.12963 0.5
1 365.179 58.1192 -6.9776 0.5
1 345.879 77.4686 -14.9786 0.5
1 490.594 -186.524 -5.00602 0.5
1 345.462 93.7819 2.50049 0.5
1 406.423 -17.8485 -12.1857 0.5
1 435.749 -72.9627 14.3319 0.5
1 358.104 46.4063 -10.5222 0.5
1 436.324 -92.9747 3.48274 0.5
1 338.939 81.3056 -12.0118 0.5
1 359.28 63.7361 12.2354 0.5
1 423.611 -41.3653 -0.055516 0.5
1 404.706 -22.8493 -14.9801 0.5
1 482.062 -171.595 5.41145 0.5
1 449.651 -91.0784 10.8198 0.5
1 366.107 51.2505 12.678 0.5
1 430.949 -69.8257 14.9812 0.5
1 444.793 -106.781 -6.04901 0.5
1 376.113 32.8807 13.2785 0.5
1 465.164 -141.401 -7.37346 0.5
1 357.704 72.0226 -4.73133 0.5
1 415.796 -39.5325 14.6332 0.5
1 358.949 47.5114 12.6113 0.5
1 467.972 -119.9 -6.9357 0.5
1 371.05 29.7482 -14.1685 0.5
1 374.103 18.4926 10.3136 0.5
1 430.795 -69.7501 -14.9704 0.5
1 496.961 -197.717 4.50984 0.5
1 443.534 -88.1173 -14.7446 0.5
1 412.608 -50.3868 7.34339 0.5
1 476.614 -152.253 14.4336 0.5
1 337.313 87.9217 14.0752 0.5
1 425.775 -52.8406 13.119 0.5
1 443.918 -100.256 12.2067 0.5
1 497.143 -196.31 -8.16376 0.5
1 358.47 71.4087 -1.26664 0.5
1 453.303 -106.604 -14.9527 0.5
1 365.146 53.1902 12.5003 0.5
1 442.846 -92.419 -14.7479 0.5
1 377.416 9.35938 -4.56705 0.5
1 414.145 -36.9832 -14.6997 0.5
1 347.749 65.8209 -11.839 0.5
1 499.627 -202.305 -4.60604 0.5
1 415.55 -36.1188 -13.6203 0.5
1 467.834 -142.928 11.2107 0.5
1 460.573 -122.908 -14.7865 0.5
1 459.339 -132.383 -5.01814 0.5
1 454.82 -97.5876 7.76517 0.5
1 477.719 -135.645 -4.06723 0.5
1 474.626 -138.662 -13.7195 0.5
1 497.469 -196.444 8.79142 0.5
1 443.458 -105.196 4.00709 0.5
1 333.786 84.4274 -2.5071 0.5
1 334.479 110.675 -8.04753 0.5
1 491.555 -172.084 -14.8708 0.5
1 439.961 -87.1887 -14.7896 0.5
1 437.388 -73.0128 13.1509 0.5
1 490.721 -169.92 -14.7581 0.5
1 498.872 -174.411 -8.57151 0.5
1 421.409 -62.1618 11.5178 0.5
1 444.994 -100.719 13.0936 0.5
1 367.773 50.9663 10.5963 0.5
1 425.624 -73.4452 -6.34289 0.5
1 357.079 46.3906 -8.32016 0.5
1 394.757 6.9899 -6.78185 0.5
1 372.948 35.0823 -14.5373 0.5
1 412.166 -50.0546 -6.51176 0.5
1 454.65 -124.998 1.95543 0.5
1 387.856 -5.98541 9.57041 0.5
1 484.326 -155.578 -13.7703 0.5
1 485.252 -155.44 -12.8782 0.5
1 495.526 -186.863 13.775 0.5
1 485.919 -173.658 -11.7121 0.5
1 469.672 -121.388 2.68566 0.5
1 417.804 -47.7534 -14.9302 0.5
1 378.84 35.9528 -2.5973 0.5
1 497.863 -199.699 2.85347 0.5
1 404.977 -24.7017 14.9875 0.5
1 497.144 -169.408 4.46635 0.5
1 473.699 -133.392 11.4174 0.5
1 442.307 -74.2577 3.8781 0.5
1 484.93 -175.962 6.76516 0.5
1 486.725 -167.77 -14.854 0.5
1 362.471 39.0059 -10.6865 0.5
1 352.262 69.8981 -14.7579 0.5
1 364.643 31.4049 4.31541 0.5
1 470.82 -134.876 14.642 0.5
1 486.083 -161.012 14.5717 0.5
1 445.35 -107.917 5.6404 0.5
1 356.687 58.541 14.966 0.5
1 447.701 -85.3894 -7.97875 0.5
1 338.75 105.61 -0.471121 0.5
1 372.298 21.6286 -10.3223 0.5
1 348.165 86.7957 -8.31304 0.5
1 370.629 44.6076 -11.8432 0.5
1 440.792 -77.1193 11.9971 0.5
1 358.688 68.1251 8.94532 0.5
1 459.883 -133.377 4.87491 0.5
1 486.18 -167.242 14.7896 0.5
1 478.452 -165.7 -4.37641 0.5
1 351.726 63.6062 14.2976 0.5
1 367.96 43.9405 14.4798 0.5
1 375.38 41.5174 -4.38516 0.5
1 402.207 -6.71774 -8.17641 0.5
1 354.886 62.98 -14.9968 0.5
1 389.637 -5.44033 -12.7393 0.5
1 371.789 38.825 -13.9815 0.5
1 487.952 -153.175 -3.30012 0.5
1 428.677 -50.2472 1.78508 0.5
1 435.711 -64.5169 7.80948 0.5
1 462.023 -137.687 -2.50318 0.5
1 363.222 38.6695 -11.5576 0.5
1 473.187 -132.16 -11.1144 0.5
1 469.347 -124.934 10.5643 0.5
1 423.707 -48.0904 12.3996 0.5
1 450.197 -105.077 14.7616 0.5
1 475.456 -155.981 11.3412 0.5
1 426.76 -46.8725 -1.25378 0.5
1 483.756 -146.58 -5.48696 0.5
1 354.125 55.8606 -12.607 0.5
1 438.632 -69.7028 8.01267 0.5
1 371.063 47.8469 -7.13025 0.5
1 381.847 16.1667 -14.9987 0.5
1 460.538 -109.581 10.4673 0.5
1 356.23 58.5133 -14.8881 0.5
1 499.455 -188.924 -14.9525 0.5
1 359.731 52.1465 -14.8479 0.5
1 498.297 -188.077 -14.8145 0.5
1 359.3 68.515 6.55642 0.5
1 341.542 86.4978 14.9829 0.5
1 421.021 -65.9566 -5.18114 0.5
1 347.065 61.4112 2.41591 0.5
1 394.383 -3.18589 14.7808 0.5
1 488.68 -180.049 -10.2178 0.5
1 360.511 41.1339 9.27001 0.5
1 445.827 -87.2105 -12.9121 0.5
1 423.381 -41.5361 4.0925 0.5
1 377.799 35.2695 8.60604 0.5
1 360.043 40.044 -6.12203 0.5
1 421.557 -50.576 -14.8332 0.5
1 471.978 -125.71 -4.09812 0.5
1 456.667 -126.818 7.12993 0.5
1 380.237 14.2103 14.293 0.5
1 386.166 -4.81432 6.92471 0.5
1 411.953 -51.0728 -1.72806 0.5
1 427.656 -50.4925 7.68982 0.5
1 447.012 -90.9118 13.7537 0.5
1 339.274 83.0127 13.4218 0.5
1 390.347 14.1204 7.70419 0.5
1 488.455 -171.767 -14.6784 0.5
1 348.376 84.6862 -10.4698 0.5
1 379.65 13.0139 -13.3888 0.5
1 365.21 55.486 10.5144 0.5
1 413.55 -23.948 0.509459 0.5
1 417.203 -37.4259 -12.7876 0.5
1 452.965 -119.602 -8.44898 0.5
1 456.053 -97.5599 0.334811 0.5
1 349.489 75.957 -14.4732 0.5
1 339.902 99.3642 -10.4704 0.5
1 346.618 62.5134 3.92439 0.5
1 371.14 47.8087 6.95034 0.5
1 467.195 -129.981 14.8824 0.5
1 486.568 -160.142 -14.0447 0.5
1 436.117 -79.7603 -14.8994 0.5
1 405.902 -32.7908 13.2143 0.5
1 408.31 -44.2753 4.15918 0.5
1 471.014 -124.211 -4.65328 0.5
1 427.859 -54.896 12.1271 0.5
1 495.893 -191.511 -11.2263 0.5
1 389.182 -1.28194 -14.2933 0.5
1 400.412 -31.1557 0.918558 0.5
1 460.931 -135.192 4.87387 0.5
1 420.791 -44.8651 13.4622 0.5
1 428.887 -61.3827 14.423 0.5
1 356.352 64.2289 -14.4294 0.5
1 350.181 66.8295 14.4598 0.5
1 451.649 -90.0598 -1.98212 0.5
1 426.711 -52.5082 11.8272 0.5
1 486.154 -172.62 -12.734 0.5
1 372.001 47.3404 4.47957 0.5
1 383.291 18.6296 -14.0852 0.5
1 387.188 19.8173 -7.31241 0.5
1 435.112 -61.2962 0.559318 0.5
1 438.837 -77.7614 -14.1508 0.5
1 377.997 16.7221 -13.7829 0.5
1 390.451 -10.1492 9.9565 0.5
1 445.864 -97.7281 -14.7327 0.5
1 465.156 -128.228 -14.9997 0.5
1 352.588 55.4727 -10.0025 0.5
1 414.906 -27.3091 5.43762 0.5
1 386.343 6.97639 -14.9512 0.5
1 423.896 -48.807 -12.6552 0.5
1 339.313 97.8987 -12.5233 0.5
1 498.859 -201.26 -3.60179 0.5
1 443.791 -76.5536 -2.64387 0.5
1 482.878 -171.098 8.89301 0.5
1 454.103 -116.857 -12.886 0.5
1 409.353 -35.3627 14.5383 0.5
1 391.783 13.0219 -4.6565 0.5
1 354.609 58.6407 14.3065 0.5
1 473.968 -141.352 14.8327 0.5
1 379.835 32.4849 7.43349 0.5
1 424.243 -72.1225 -3.16133 0.5
1 373.603 42.954 -7.97787 0.5
1 453.925 -121.383 8.27242 0.5
1 478.907 -149.248 -14.7184 0.5
1 435.562 -62.4681 -3.44965 0.5
1 336.724 103.577 -11.6488 0.5
1 373.377 45.3522 -2.93749 0.5
1 416.814 -57.2306 -8.07953 0.5
1 334.484 84.8115 7.13156 0.5
1 335.627 110.98 1.19834 0.5
1 381.61 5.48896 10.3117 0.5
1 451.586 -118.592 -5.94121 0.5
1 370.791 27.9249 13.1611 0.5
1 413.777 -34.1423 -14.0735 0.5
1 469.169 -128.85 -13.5547 0.5
1 403.521 -29.9442 12.4438 0.5
1 398.339 -5.02578 12.951 0.5
1 361.441 36.455 -2.03912 0.5
1 416.945 -58.3488 6.47709 0.5
1 441.917 -89.947 14.8825 0.5
1 487.329 -171.325 14.2783 0.5
1 339.024 103.976 5.79924 0.5
1 408.611 -45.1456 2.6697 0.5
1 338.527 97.7929 13.3759 0.5
1 370.526 40.05 14.3186 0.5
1 464.393 -133.379 -13.5771 0.5
1 351.545 72.582 14.4213 0.5
1 377.166 37.8205 -6.01652 0.5
1 476.207 -158.179 10.498 0.5
1 373.95 40.7924 -10.0426 0.5
1 345.639 70.9593 12.8571 0.5
1 376.694 21.2636 -14.5532 0.5
1 437.529 -95.4422 0.956346 0.5
1 478.222 -140.931 -11.1584 0.5
1 343.608 71.7862 -10.792 0.5
1 364.664 31.0301 2.97025 0.5
1 461.064 -106.235 0.0180051 0.5
1 397.967 -2.59557 -11.7274 0.5
1 406.621 -41.9378 -0.156757 0.5
1 399.726 -2.67841 -8.55978 0.5
1 475.658 -145.973 14.9902 0.5
1 422.597 -40.5564 5.24543 0.5
1 472.984 -135.389 13.522 0.5
1 433.216 -58.4004 3.43699 0.5
1 410.016 -28.1352 -14.2501 0.5
1 341.499 82.8013 -14.6857 0.5
1 400.852 -18.4686 14.9225 0.5
1 437.794 -65.9338 0.292825 0.5
1 401.378 -12.772 14.1116 0.5
1 458.749 -102.231 -0.365599 0.5
1 415.722 -57.6686 -0.994322 0.5
1 410.275 -26.1834 13.2217 0.5
1 452.984 -117.492 10.9512 0.5
1 426.326 -46.5849 3.9063 0.5
1 348.002 82.8209 12.5416 0.5
1 383.319 3.9508 -11.6314 0.5
1 370.249 50.6006 3.68633 0.5
1 491.289 -177.217 -14.5542 0.5
1 468.004 -146.367 -7.28739 0.5
1 340.994 85.758 -14.9684 0.5
1 495.947 -173.984 12.8906 0.5
1 436.777 -88.9212 11.3984 0.5
1 468.55 -141.361 13.1812 0.5
1 456.974 -124.29 -11.0543 0.5
1 390.457 -7.97093 -11.9772 0.5
1 429.732 -57.9977 12.0229 0.5
1 473 -149.977 -12.6459 0.5
1 414.821 -56.1394 -0.23267 0.5
1 482.456 -159.525 14.9489 0.5
1 464.341 -112.205 -2.95044 0.5
1 369.867 22.2861 -4.07345 0.5
1 438.207 -87.6567 13.7432 0.5
1 392.877 -12.4045 -11.7909 0.5
1 486.263 -149.928 1.17806 0.5
1 480.439 -140.987 -5.85882 0.5
1 373.917 33.8587 -14.4141 0.5
1 418.244 -46.4379 14.9867 0.5
1 494.002 -165.82 -8.34063 0.5
1 471.27 -140.282 14.9375 0.5
1 374.118 23.583 13.8433 0.5
1 426.995 -63.9385 14.9019 0.5
1 452.513 -104.904 14.9226 0.5
1 432.126 -69.8502 -14.9467 0.5
1 343.727 90.3604 12.453 0.5
1 341.61 72.512 -7.21289 0.5
1 438.32 -70.0541 9.27657 0.5
1 462.129 -138.078 -0.294274 0.5
1 336.276 108.019 7.27735 0.5
1 404.361 -37.6074 -3.50504 0.5
1 454.697 -120.367 -11.0361 0.5
1 451.879 -98.8521 -13.5305 0.5
1 440.753 -95.309 -11.8061 0.5
1 338.401 101.335 -11.0791 0.5
1 393.606 -12.7253 -12.4748 0.5
1 343.784 94.419 -8.26089 0.5
1 346.685 62.3619 -3.79635 0.5
1 418.163 -36.7191 -10.9887 0.5
1 347.493 61.9155 -6.41314 0.5
1 494.781 -165.753 -5.67999 0.5
1 431.117 -78.3909 -11.9817 0.5
1 341.845 99.4416 -4.88126 0.5
1 366.496 46.4003 14.5001 0.5
1 465.59 -122.135 13.2977 0.5
1 406.052 -25.0801 14.9746 0.5
1 397.051 -20.3957 -11.1508 0.5
1 420.246 -49.2886 -14.9479 0.5
1 405.16 -37.7314 -6.89015 0.5
1 447.795 -94.907 -14.6219 0.5
1 367.286 56.0439 2.1076 0.5
1 366.187 53.8254 10.4829 0.5
1 484.599 -170.479 -12.3734 0.5
1 333.496 107.205 12.9984 0.5
1 333.888 93.6356 -13.9925 0.5
1 420.952 -66.3626 -3.43156 0.5
1 402.993 -15.6075 14.1254 0.5
1 489.283 -155.182 1.43566 0.5
1 340.367 80.9513 13.3359 0.5
1 440.057 -99.1079 -4.66004 0.5
1 409.62 -42.6233 10.7207 0.5
1 385.106 13.265 -14.7094 0.5
1 397.03 -25.2806 1.15357 0.5
1 358.115 44.3467 7.9326 0.5
1 454.262 -112.866 -14.607 0.5
1 471.025 -150.899 8.42572 0.5
1 352.263 82.1997 -0.610793 0.5
1 475.481 -132.828 6.78207 0.5
1 438.379 -86.2073 -14.3815 0.5
1 458.753 -116.538 -14.9839 0.5
1 498.274 -170.822 2.02705 0.5
1 402.757 -24.0459 -14.5105 0.5
1 347.751 80.7654 -13.8592 0.5
1 422.688 -49.6897 -14.1148 0.5
1 367.73 25.4397 0.687525 0.5
1 422.048 -68.5495 -1.8058 0.5
1 334.088 113.685 -0.500161 0.5
1 397.166 -21.6245 10.1298 0.5
1 386.06 20.5595 9.15147 0.5
1 443.487 -105.56 -2.6285 0.5
1 350.117 65.3432 -13.921 0.5
1 362.544 56.3406 13.3003 0.5
1 494.914 -194.573 -2.95153 0.5
1 379.441 10.6685 -11.6328 0.5
1 379.278 26.1149 13.8778 0.5
1 338.215 105.393 -5.76246 0.5
1 480.662 -163.008 -12.7964 0.5
1 412.332 -26.6544 11.0205 0.5
1 496.593 -169.163 6.30344 0.5
1 479.203 -158.211 -13.9322 0.5
1 406.084 -22.2609 -14.5247 0.5
1 348.051 61.1136 -6.75187 0.5
1 338.831 86.2151 -14.3817 0.5
1 477.705 -165.056 0.266201 0.5
1 377.446 16.299 13.1065 0.5
1 419.405 -44.271 14.2079 0.5
1 399.506 -6.76128 -12.7803 0.5
1 368.99 40.3632 14.849 0.5
1 380.594 29.6143 9.66409 0.5
1 451.871 -92.3038 -7.46783 0.5
1 404.671 -19.9569 14.5607 0.5
1 379.714 16.3218 14.6225 0.5
1 488.806 -156.229 7.38125 0.5
1 400.675 -28.4765 -9.21326 0.5
1 386.936 -0.400433 12.9565 0.5
1 434.893 -85.5139 11.5194 0.5
1 362.041 63.4822 -7.11618 0.5
1 462.123 -135.739 8.03078 0.5
1 407.051 -17.1336 -10.664 0.5
1 347.221 70.5277 -13.987 0.5
1 388.424 -6.78583 -9.78927 0.5
1 387.045 16.6135 -11.4875 0.5
1 492.93 -190.968 3.68853 0.5
1 385.625 9.88667 -14.993 0.5
1 495.839 -167.367 -5.11309 0.5
1 487.967 -182.511 -3.09147 0.5
1 357.358 62.2967 14.4816 0.5
1 346.982 77.5211 14.955 0.5
1 382.015 20.2121 14.2995 0.5
1 456.049 -127.161 3.39077 0.5
1 402.887 -32.9953 8.25339 0.5
1 478.121 -148.328 -14.7985 0.5
1 365.373 32.3901 -8.84307 0.5
1 378.712 11.8825 -11.5919 0.5
1 469.845 -133.292 -14.6648 0.5
1 432.32 -57.6594 -5.90141 0.5
1 456.262 -112.373 -14.9901 0.5
1 485.096 -161.423 14.931 0.5
1 499.298 -177.083 10.8328 0.5
1 494.108 -184.12 13.8952 0.5
1 444.804 -106.152 -7.34273 0.5
1 485.558 -178.531 -1.97515 0.5
1 387.102 8.97284 -14.8518 0.5
1 385.54 -1.65321 -9.94515 0.5
1 454.8 -109.933 -14.9931 0.5
1 461.755 -135.663 7.07048 0.5
1 377.417 14.4513 -11.8518 0.5
1 439.98 -97.6509 -7.5989 0.5
1 451.533 -104.663 -14.9999 0.5
1 496.109 -180.644 14.9442 0.5
1 376.556 10.6602 -3.93258 0.5
1 491.102 -176.989 14.53 0.5
1 459.754 -112.724 -13.6393 0.5
1 428.203 -60.6761 -14.5508 0.5
1 425.365 -54.86 -14.2951 0.5
1 477.538 -153.973 14.3993 0.5
1 352.056 68.281 -14.9832 0.5
1 463.564 -140.559 -0.467252 0.5
1 362.849 37.3114 9.55082 0.5
1 407.836 -42.3268 -6.96641 0.5
1 484.977 -173.262 -10.606 0.5
1 460.549 -127.139 -13.3725 0.5
1 496.111 -190.464 -12.3416 0.5
1 385.818 4.96017 14.4193 0.5
1 449.089 -93.1243 13.0639 0.5
1 470.856 -133.295 14.1767 0.5
1 461.467 -124.971 14.6893 0.5
1 341.094 98.7759 8.70137 0.5
1 467.939 -143.687 -10.6693 0.5
1 464.429 -140.97 -5.62146 0.5
1 398.959 -27.35 -6.14641 0.5
1 400.738 -1.75109 -0.295029 0.5
1 414.597 -44.1013 14.6217 0.5
1 480.843 -170.305 -2.37903 0.5
1 451.063 -113.323 11.6814 0.5
1 458.926 -129.285 9.32155 0.5
1 365.617 55.2676 -9.99528 0.5
1 442.38 -94.1344 -14.0475 0.5
1 359.453 40.7236 5.29187 0.5
1 346.099 76.6513 14.9489 0.5
1 382.415 29.9039 1.57916 0.5
1 495.069 -195.052 -1.57478 0.5
1 447.602 -87.9673 -11.2236 0.5
1 385.135 25.0283 2.72055 0.5
1 419.906 -34.988 1.09802 0.5
1 440.628 -100.3 -3.98882 0.5
1 416.45 -36.2444 12.862 0.5
1 461.755 -108.747 6.14222 0.5
1 396.353 -2.34354 13.3648 0.5
1 392.058 -5.08547 14.6162 0.5
1 405.926 -16.696 -11.9706 0.5
1 396.746 -21.9146 8.89062 0.5
1 372.859 46.4719 1.42492 0.5
1 458.004 -106.618 11.7547 0.5
1 444.951 -108.254 -1.4861 0.5
1 489.979 -183.411 -8.87494 0.5
1 465.502 -124.572 14.355 0.5
1 476.756 -157.717 -11.7683 0.5
1 373.323 16.013 2.8668 0.5
1 486.434 -180.172 -0.393115 0.5
1 491.953 -186.498 -9.31087 0.5
1 449 -102.952 -14.7709 0.5
1 447.834 -84.9553 6.80809 0.5
1 419.793 -62.6471 7.66494 0.5
1 483.956 -146.063 2.29456 0.5
1 353.574 50.1313 2.37226 0.5
1 387.651 3.18576 14.7488 0.5
1 370.295 50.7904 2.37789 0.5
1 428.368 -75.4774 -10.3336 0.5
1 358.605 66.914 -10.5261 0.5
1 459.626 -133.737 -0.481286 0.5
1 432.348 -62.3075 11.8549 0.5
1 401.309 -27.7644 11.156 0.5
1 413.448 -50.4171 -9.44416 0.5
1 444.088 -98.4453 13.4638 0.5
1 356.111 49.4902 10.136 0.5
1 398.856 -2.39839 -10.1004 0.5
1 359.019 40.8036 2.95195 0.5
1 336.752 104.455 10.8323 0.5
1 355.424 75.1592 6.69915 0.5
1 422.001 -65.0573 9.65373 0.5
1 472.381 -154.986 -4.98433 0.5
1 469.923 -130.552 13.7354 0.5
1 481.678 -161.24 14.3707 0.5
1 341.102 71.546 0.164466 0.5
1 418.172 -53.5381 -13.4729 0.5
1 341.573 92.5904 13.3386 0.5
1 350.154 74.2459 -14.614 0.5
1 395.246 -1.79857 13.98 0.5
1 350.836 57.3176 8.48841 0.5
1 406.193 -39.6182 -6.6981 0.5
1 362.709 37.152 -9.04247 0.5
1 373.309 17.8086 -7.56578 0.5
1 379.154 34.675 5.28251 0.5
1 426.645 -73.2921 -9.42142 0.5
1 445.052 -94.7598 -14.9473 0.5
1 356.295 61.4778 -14.948 0.5
1 441.166 -72.6743 -5.12483 0.5
1 431.993 -72.0549 14.9542 0.5
1 496.477 -178.339 14.3901 0.5
1 414.541 -28.4858 8.76901 0.5
1 420.439 -52.7738 -14.8789 0.5
1 458.523 -105.74 10.0957 0.5
1 480.888 -167.039 9.67046 0.5
1 431.795 -81.2436 -10.5102 0.5
1 334.273 112.439 -5.20691 0.5
1 363.159 45.4941 -14.7275 0.5
1 356.945 73.5649 -3.98138 0.5
1 354.985 75.6677 -7.18116 0.5
1 492.622 -168.5 -13.0498 0.5
2 547.524 -120.609 4.68822 0.5
2 657.287 97.4088 6.20839 0.5
2 619.513 26.9014 12.3078 0.5
2 585.77 -29.969 11.0467 0.5
2 518.687 -154.264 14.8601 0.5
2 654.853 64.5967 -1.33026 0.5
2 515.915 -150.297 10.3973 0.5
2 596.35 -28.6118 -13.3604 0.5
2 658.127 100.143 1.39425 0.5
2 622.348 28.4223 -14.0755 0.5
2 526.752 -139.652 -14.7572 0.5
2 643.102 47.4242 -9.31153 0.5
2 507.325 -173.042 14.7081 0.5
2 528.87 -153.068 4.20602 0.5
2 518.57 -142.277 4.7339 0.5
2 501.77 -197.95 -8.52699 0.5
2 584.149 -32.312 -10.5996 0.5
2 649.227 69.0847 14.9833 0.5
2 653.219 90.0229 -6.90803 0.5
2 641.132 61.9093 -13.687 0.5
2 625.16 18.0274 11.108 0.5
2 604.604 5.99833 6.55136 0.5
2 556.343 -97.9108 13.3573 0.5
2 518.224 -169.036 9.09783 0.5
2 624.134 40.2306 5.64184 0.5
2 630.066 22.8354 -5.94798 0.5
2 631.907 26.9678 7.77733 0.5
2 639.614 61.6324 12.3671 0.5
2 589.181 -22.6343 9.54139 0.5
2 510.866 -162.539 -13.0949 0.5
2 600.792 0.76634 2.0055 0.5
2 588.357 -49.752 -5.07294 0.5
2 611.812 2.42211 14.7789 0.5
2 568.272 -84.7502 4.44844 0.5
2 542.089 -119.556 -14.5157 0.5
2 636.423 58.9092 9.8727 0.5
2 516.776 -174.296 3.08968 0.5
2 623.469 10.2589 -1.53757 0.5
2 635.089 30.7339 -3.56083 0.5
2 666.105 108.312 -11.7811 0.5
2 523.68 -138.426 -11.8207 0.5
2 526.324 -155.477 8.44547 0.5
2 577.598 -52.9162 14.9386 0.5
2 618.588 1.77125 -1.1826 0.5
2 643.48 55.1713 14.2548 0.5
2 519.751 -150.258 14.3977 0.5
2 555.652 -100.867 12.3013 0.5
2 570.478 -81.6003 0.298981 0.5
2 654.411 78.9008 14.9995 0.5
2 648.248 71.0466 14.7072 0.5
2 563.121 -64.5122 2.22868 0.5
2 620.012 7.3736 -9.23699 0.5
2 523.369 -148.082 14.9995 0.5
2 575.119 -73.5039 1.36459 0.5
2 616.21 21.2822 -12.2361 0.5
2 520.864 -152.138 -14.9947 0.5
2 551.176 -113.088 -7.39036 0.5
2 562.936 -66.3687 -6.94056 0.5
2 653.854 63.1686 3.27368 0.5
2 524.284 -153.669 13.2374 0.5
2 653.745 62.6498 -0.972812 0.5
2 539.462 -107.316 -7.46826 0.5
2 519.404 -159.425 -14.3527 0.5
2 529.543 -146.325 12.1333 0.5
2 569.123 -54.5794 -4.29896 0.5
2 572.684 -75.6168 7.76417 0.5
2 585.359 -54.7233 -5.65181 0.5
2 502.643 -198.863 -2.6369 0.5
2 630.317 38.9671 -14.8758 0.5
2 577.551 -43.0354 -9.84399 0.5
2 549.926 -116.997 -2.46579 0.5
2 509.633 -168.504 14.5893 0.5
2 658.001 97.1972 -8.71801 0.5
2 654.279 83.7326 14.0743 0.5
2 597.031 -32.1309 -9.60903 0.5
2 513.062 -152.23 5.83167 0.5
2 658.055 95.8277 10.4677 0.5
2 646.584 79.4116 4.84365 0.5
2 664.092 83.4695 8.90406 0.5
2 646.23 59.3337 14.0443 0.5
2 534.757 -135.207 -13.4041 0.5
2 542.577 -106.266 -12.2448 0.5
2 577.584 -66.6336 -8.53168 0.5
2 648.421 81.0406 8.07177 0.5
2 657.245 79.6361 -14.4444 0.5
2 644.278 46.4621 -2.67428 0.5
2 612.208 -7.04151 7.95695 0.5
2 516.005 -146.279 3.10636 0.5
2 641.515 68.2406 -9.25507 0.5
2 659.053 90.1702 -14.6192 0.5
2 551.536 -107.536 12.6094 0.5
2 562.87 -69.5107 -10.9317 0.5
2 569.344 -83.5526 -0.679146 0.5
2 665.97 84.7768 5.34146 0.5
2 591.774 -24.0799 -13.8999 0.5
2 582.865 -59.6021 -4.01256 0.5
2 500.697 -190.025 -14.7803 0.5
2 509.22 -179.887 -13.1694 0.5
2 562.62 -76.2695 14.4721 0.5
2 629.525 40.2019 14.2988 0.5
2 656.67 69.1551 6.47637 0.5
2 537.304 -137.413 6.83868 0.5
2 618.956 10.9653 13.567 0.5
2 662.251 80.1361 8.70576 0.5
2 585.835 -48.5513 12.3267 0.5
2 629.797 21.9733 4.92919 0.5
2 505.925 -184.232 -13.8255 0.5
2 657.458 88.1995 14.4148 0.5
2 580.998 -57.83 11.6503 0.5
2 501.907 -196.489 10.0703 0.5
2 580.786 -60.2481 -9.63291 0.5
2 598.319 -11.1552 13.1445 0.5
2 636.334 35.2126 -8.6574 0.5
2 558.768 -87.0335 14.9993 0.5
2 636.194 59.6816 -8.34856 0.5
2 595.378 -27.793 14.3654 0.5
2 532.773 -146.668 2.68566 0.5
2 565.714 -89.8531 -0.22754 0.5
2 531.513 -123.522 10.6414 0.5
2 569.378 -68.0162 -14.9919 0.5
2 622.323 37.4292 -4.73132 0.5
2 664.462 111.052 -1.97209 0.5
2 576.594 -70.9871 -0.835002 0.5
2 549.171 -107.749 14.3882 0.5
2 655.433 94.9427 4.20014 0.5
2 580.546 -57.4033 12.5355 0.5
2 574.669 -64.7488 -13.9926 0.5
2 651.652 61.3865 8.12652 0.5
2 555.234 -78.3263 -3.08084 0.5
2 613.695 22.4948 -4.70308 0.5
2 519.747 -144.436 11.1483 0.5
2 547.441 -96.5468 11.2177 0.5
2 515.208 -154.001 12.4722 0.5
2 597.24 -5.688 3.59861 0.5
2 541.27 -112.465 -14.235 0.5
2 657.8 93.2084 12.3139 0.5
2 579.266 -46.4359 14.1608 0.5
2 596.134 -7.16908 -0.29021 0.5
2 652.109 88.7264 5.53676 0.5
2 615.195 -2.87298 -6.0611 0.5
2 600.377 -9.73928 14.1145 0.5
2 558.75 -100.101 -7.15367 0.5
2 515.181 -174.605 8.69282 0.5
2 633.473 27.6965 -2.38193 0.5
2 555.231 -79.4075 6.31571 0.5
2 572.002 -49.3463 -3.36163 0.5
2 608.899 -12.8333 -7.85824 0.5
2 556.467 -83.4129 13.0138 0.5
2 581.459 -33.076 3.80968 0.5
2 665.718 87.032 -9.8366 0.5
2 639.657 57.3687 -14.4143 0.5
2 574.742 -69.5384 10.8854 0.5
2 631.909 46.203 -13.5637 0.5
2 567.264 -73.9973 -14.8884 0.5
2 597.398 -19.4335 -14.9902 0.5
2 666.51 93.3901 13.5946 0.5
2 580.867 -34.7944 5.84525 0.5
2 529.624 -122.429 1.37218 0.5
2 650.164 61.5165 11.2687 0.5
2 513.74 -170.235 14.0108 0.5
2 575.861 -43.5471 6.03241 0.5
2 625.679 22.7948 13.6534 0.5
2 549.649 -103.062 -14.9951 0.5
2 608.787 3.91194 14.4107 0.5
2 556.715 -75.4989 1.31569 0.5
2 515.549 -160.042 14.9032 0.5
2 615.698 0.458635 -9.90979 0.5
2 654.65 82.0674 -14.7206 0.5
2 656.862 96.0011 -7.51274 0.5
2 608.344 13.8743 1.79958 0.5
2 534.323 -139.712 -10.7261 0.5
2 649.857 76.7699 13.7972 0.5
2 655.353 93.2421 -7.75939 0.5
2 640.663 46.5856 12.4446 0.5
2 592.042 -21.3414 12.7431 0.5
2 523.377 -136.033 -8.79347 0.5
2 618.842 5.97369 9.9866 0.5
2 656.551 67.4789 -0.0642784 0.5
2 614.188 -4.75243 5.745 0.5
2 634.424 36.272 -12.762 0.5
2 636.255 62.2399 -1.59897 0.5
2 522.437 -144.321 -13.9586 0.5
2 614.732 7.76007 14.8248 0.5
2 625.04 39.6515 -9.32299 0.5
2 549.651 -95.0361 12.9083 0.5
2 626.502 17.637 -7.82724 0.5
2 514.59 -168.208 14.21 0.5
2 577.503 -67.6345 -7.12739 0.5
2 652.389 90.2697 0.0416423 0.5
2 500.923 -187.069 -15 0.5
2 608.323 11.5259 -8.16925 0.5
2 511.763 -156.788 -9.61527 0.5
2 664.477 101.48 14.0424 0.5
2 590.697 -19.8328 9.32287 0.5
2 640.696 50.4222 -14.2788 0.5
2 501.656 -177.093 12.2097 0.5
2 635.102 45.5216 -14.9988 0.5
2 601.483 -7.53845 -14.0085 0.5
2 509.32 -187.52 0.600058 0.5
2 605.173 -5.48946 14.9652 0.5
2 660.229 83.0309 -13.8258 0.5
2 628.093 38.3428 -14.0864 0.5
2 633.894 40.8116 -14.8027 0.5
2 649.064 57.6164 -9.1374 0.5
2 597.413 -33.3625 6.71829 0.5
2 551.022 -87.4447 -7.72408 0.5
2 516.392 -163.75 -14.5937 0.5
2 513.674 -155.453 11.5773 0.5
2 637.944 65.0884 -2.20546 0.5
2 539.23 -105.893 -2.23193 0.5
2 561.824 -72.1297 -11.6382 0.5
2 597.717 -22.3635 -14.7091 0.5
2 586.465 -53.9042 0.507634 0.5
2 554.169 -105.238 -10.8223 0.5
2 596.293 -27.4802 13.9196 0.5
2 601.302 -28.1625 -1.24358 0.5
2 565.971 -87.9124 6.53411 0.5
2 511.372 -175.795 -13.361 0.5
2 644.865 73.3593 10.0661 0.5
2 602.715 -0.293437 10.7367 0.5
2 630.653 32.729 14.1796 0.5
2 637.377 64.0348 -2.6384 0.5
2 618.137 19.2436 -14.6325 0.5
2 584.688 -32.4198 -11.5499 0.5
2 656.683 72.95 11.3931 0.5
2 537.664 -135.429 9.01448 0.5
2 628.461 38.75 14.1686 0.5
2 587.394 -45.2016 -12.7531 0.5
2 560.074 -75.9568 12.2421 0.5
2 581.261 -33.7697 4.95834 0.5
2 639.456 39.5152 6.83205 0.5
2 517.623 -172.444 4.54827 0.5
2 545.237 -114.931 14.2743 0.5
2 532.971 -142.654 10.1041 0.5
2 629.885 29.007 13.1121 0.5
2 635.173 40.3099 -14.0911 0.5
2 558.026 -80.4441 12.8563 0.5
2 620.283 10.7304 12.0512 0.5
2 662.396 107.129 3.73992 0.5
2 666.476 89.0389 -10.5824 0.5
2 519.34 -162.947 12.8307 0.5
2 637.032 46.2765 -14.8077 0.5
2 595.411 -15.8674 12.9612 0.5
2 528.782 -148.251 11.6667 0.5
2 525.098 -132.853 -8.51085 0.5
2 576.071 -47.9088 11.9939 0.5
2 553.076 -83.0665 -6.15637 0.5
2 654.116 93.1523 -1.80764 0.5
2 621.402 7.34962 4.68437 0.5
2 593.105 -36.6055 11.8534 0.5
2 505.119 -165.724 -5.161 0.5
2 511.06 -168.836 14.9845 0.5
2 511.401 -160.771 -12.589 0.5
2 654.089 72.252 -13.7642 0.5
2 555.961 -95.7841 14.4466 0.5
2 525.151 -132.921 8.73874 0.5
2 506.035 -192.512 -4.56052 0.5
2 635.754 46.9594 -14.9916 0.5
2 503.649 -191.119 12.173 0.5
2 598.707 -9.1552 -12.322 0.5
2 526.215 -134.996 12.5122 0.5
2 597.119 -27.0211 13.4887 0.5
2 522.029 -162.502 -9.0232 0.5
2 574.2 -56.1699 14.4606 0.5
2 600.561 -28.2948 5.88842 0.5
2 503.765 -173.538 12.2783 0.5
2 654.667 68.7531 10.7491 0.5
2 540.507 -118.534 -15 0.5
2 618.491 1.73676 -2.31286 0.5
2 503.571 -176.098 -13.5699 0.5
2 603.712 -23.9789 1.36288 0.5
2 621.038 6.29001 3.08766 0.5
2 660.685 93.523 14.4884 0.5
2 598.621 -3.63138 -4.75215 0.5
2 568.423 -64.1507 13.7425 0.5
2 585.66 -31.6139 -12.2233 0.5
2 516.475 -148.329 -9.24638 0.5
2 567.054 -59.5894 -7.57744 0.5
2 627.41 26.8085 14.0712 0.5
2 618.097 17.2541 -14.9365 0.5
2 623.301 32.3828 12.9935 0.5
2 531.005 -138.109 14.6684 0.5
2 559.194 -71.1887 -1.10825 0.5
2 566.899 -82.8337 -11.1521 0.5
2 585.632 -46.9342 13.4804 0.5
2 580.89 -49.9541 14.936 0.5
2 521.413 -146.761 14.2027 0.5
2 626.74 43.5933 -7.90457 0.5
2 527.943 -152.443 -8.77412 0.5
2 627.98 20.7685 8.69341 0.5
2 604.137 2.62495 10.274 0.5
2 537.606 -137.719 4.89395 0.5
2 580.98 -63.1979 2.53412 0.5
2 517.827 -151.659 13.6857 0.5
2 617.046 9.38219 -14.2536 0.5
2 571.287 -56.9471 12.5243 0.5
2 598.688 -32.0905 -4.37176 0.5
2 560.41 -95.4593 9.72838 0.5
2 655.998 67.2049 -4.47679 0.5
2 511.475 -166.057 -14.7469 0.5
2 527.709 -155.392 2.93262 0.5
2 575.591 -49.6048 12.5972 0.5
2 639.304 48.5203 -14.4326 0.5
2 666.466 114.573 1.5309 0.5
2 580.4 -56.3462 13.3042 0.5
2 638.361 49.3485 14.9117 0.5
2 517.941 -145.872 9.35105 0.5
2 606.788 -17.3402 6.26881 0.5
2 552.013 -88.7048 11.286 0.5
2 507.125 -189.605 -6.99179 0.5
2 568.447 -80.5418 10.7893 0.5
2 587.906 -51.4104 0.441028 0.5
2 516.961 -147.416 -9.15471 0.5
2 553.489 -91.3245 14.243 0.5
2 540.831 -103.103 2.11808 0.5
2 558.584 -95.2442 -12.664 0.5
2 663.85 81.2764 -5.77358 0.5
2 585.363 -55.3178 -3.85946 0.5
2 518.299 -145.068 -9.11597 0.5
2 642.061 70.8265 -6.65067 0.5
2 645.594 58.0474 -13.9733 0.5
2 563.098 -70.2115 -11.8674 0.5
2 568.513 -69.6218 14.9951 0.5
2 576.7 -58.2 -14.811 0.5
2 641.916 66.6278 11.6106 0.5
2 570.563 -77.7674 -9.8514 0.5
2 582.506 -47.8785 -14.8512 0.5
2 543.494 -98.3497 0.476021 0.5
2 545.556 -102.451 -13.0932 0.5
2 614.31 23.8877 3.55703 0.5
2 509.011 -162.521 10.6652 0.5
2 544.739 -98.2793 7.64434 0.5
2 633.569 28.5347 -5.01014 0.5
2 640.695 66.689 9.41972 0.5
2 604.289 -21.7579 6.07104 0.5
2 515.891 -174.999 -5.76515 0.5
2 617.465 3.13547 9.456 0.5
2 579.463 -65.9925 -1.20873 0.5
2 512.947 -174.338 -12.6327 0.5
2 600.428 -7.66809 -13.2345 0.5
2 547.711 -111.746 13.8713 0.5
2 593.18 -23.1819 14.4288 0.5
2 553.975 -80.2863 1.71124 0.5
2 534.33 -143.952 -2.7909 0.5
2 588.81 -38.0517 -14.6546 0.5
2 565.484 -84.1424 12.0829 0.5
2 635.53 52.7823 13.4145 0.5
2 651.957 72.7466 14.8945 0.5
2 556.976 -84.5414 -13.9758 0.5
2 522.69 -137.526 -9.1978 0.5
2 509.554 -161.376 -10.4599 0.5
2 555.36 -107.539 2.72227 0.5
2 504.444 -170.541 -10.7733 0.5
2 553.676 -81.7688 -5.54872 0.5
2 586.463 -43.5715 14.2598 0.5
2 537.063 -127.272 -14.7378 0.5
2 583.805 -28.7237 2.45999 0.5
2 640.763 41.6928 -6.65836 0.5
2 564.638 -65.3736 -9.8115 0.5
2 569.455 -62.1687 13.6553 0.5
2 562.076 -78.8386 -14.8199 0.5
2 521.83 -162.691 9.22635 0.5
2 590.365 -45.5172 -6.82182 0.5
2 570.435 -65.5744 14.9593 0.5
2 503.343 -197.189 -4.51566 0.5
2 596.467 -10.3706 -9.95734 0.5
2 534.437 -120.456 12.3092 0.5
2 659.765 102.727 -3.07097 0.5
2 614.648 22.1583 8.64708 0.5
2 600.227 -4.06942 10.1908 0.5
2 652.361 61.9517 -6.99383 0.5
2 536.434 -140.12 -3.64524 0.5
2 531.694 -148.445 3.15246 0.5
2 629.8 44.5412 12.4304 0.5
2 663.697 79.8953 1.07904 0.5
2 516.128 -145.793 -1.26384 0.5
2 575.148 -71.0073 8.30259 0.5
2 641.022 69.2962 6.07703 0.5
2 647.105 70.8293 14.2411 0.5
2 637.512 35.5083 -5.39774 0.5
2 617.512 20.8366 13.7586 0.5
2 547.283 -120.434 6.20568 0.5
2 540.664 -109.457 -12.1574 0.5
2 665.032 111.629 3.98604 0.5
2 632.542 49.7078 -12.1374 0.5
2 658.112 99.2754 5.13764 0.5
2 654.121 92.4499 4.8948 0.5
2 578.71 -37.3575 0.586306 0.5
2 547.572 -91.6454 3.29778 0.5
2 647.026 80.3768 -4.2165 0.5
2 640.687 56.0857 -14.9607 0.5
2 636.834 39.3823 -12.0398 0.5
2 645.629 51.3581 8.72087 0.5
2 536.79 -109.992 -1.07869 0.5
2 503.379 -171.917 -10.2982 0.5
2 650.974 58.8422 -5.44592 0.5
2 573.631 -47.6799 6.61438 0.5
2 524.193 -147.349 -14.9889 0.5
2 662.531 91.8689 14.9687 0.5
2 557.233 -94.0143 14.3188 0.5
2 530.093 -133.539 -14.6941 0.5
2 650.55 85.2984 -7.09853 0.5
2 523.592 -134.494 -6.90006 0.5
2 653.397 80.5715 14.5725 0.5
2 552.656 -111.319 -5.76909 0.5
2 541.885 -131.125 -0.284877 0.5
2 587.197 -28.8198 -12.1283 0.5
2 511.906 -156.264 9.27428 0.5
2 570.675 -79.9518 -6.13288 0.5
2 619.482 18.2451 -15 0.5
2 501.083 -201.51 -2.92629 0.5
2 561.508 -67.3088 -2.24401 0.5
2 609.942 3.41837 -14.907 0.5
2 633.352 33.3912 -12.0692 0.5
2 653.486 92.1704 -0.115305 0.5
2 588.832 -20.1374 -3.09756 0.5
2 647.944 74.3251 -13.3932 0.5
2 520.831 -138.065 3.72759 0.5
2 651.741 62.6872 -9.67829 0.5
2 549.653 -88.5075 4.9313 0.5
2 533.684 -143.621 -6.95998 0.5
2 592.787 -20.9868 -13.2785 0.5
2 539.552 -113.562 -13.4659 0.5
2 516.927 -165.829 -13.532 0.5
2 637.85 38.8358 9.9184 0.5
2 644.799 53.6774 12.3962 0.5
2 523.788 -162.447 -0.87273 0.5
2 653.783 63.3174 4.31092 0.5
2 566.156 -85.7076 -9.48886 0.5
2 665.582 97.3063 -14.9778 0.5
2 606.514 -18.7152 -3.7346 0.5
2 505.669 -165.223 -6.25767 0.5
2 503.068 -198.355 0.39979 0.5
2 572.756 -60.4523 14.8369 0.5
2 535.472 -114.933 8.58005 0.5
2 619.618 3.76588 2.76346 0.5
2 531.759 -139.382 13.8686 0.5
2 573.438 -76.0491 -3.55723 0.5
2 520.942 -167.403 0.0270643 0.5
2 650.051 86.2104 -0.572968 0.5
2 614.561 18.9799 -11.8237 0.5
2 608.697 2.28555 -14.7565 0.5
2 652.693 77.3 14.9245 0.5
2 598.173 -32.102 6.60329 0.5
2 613.801 13.8624 -13.9833 0.5
2 662.322 93.5331 14.9626 0.5
2 504.878 -191.061 -10.3742 0.5
2 550.818 -96.5394 -14.4243 0.5
2 638.823 42.3485 -11.6693 0.5
2 519.351 -141.628 6.47703 0.5
2 605.834 -18.5535 -7.14511 0.5
2 540.828 -124.671 -13.4145 0.5
2 553.461 -106.429 10.8556 0.5
2 651.536 64.0887 11.4375 0.5
2 522.206 -155.424 -14.0657 0.5
2 567.266 -79.4637 -13.106 0.5
2 564.645 -90.4182 6.08125 0.5
2 500.896 -189.808 14.7578 0.5
2 500.784 -177.927 11.6967 0.5
2 533.573 -145.421 -1.7713 0.5
2 646.207 53.161 9.74615 0.5
2 591.065 -45.7574 -2.36644 0.5
2 605.706 -10.7433 14.0862 0.5
2 593.76 -19.4553 -13.3583 0.5
2 651.373 67.4595 13.7251 0.5
2 635.61 43.2371 14.7029 0.5
2 615.541 -3.4835 1.43044 0.5
2 654.185 66.6313 9.32475 0.5
2 557.584 -103.924 0.640445 0.5
2 634.156 33.1432 -10.6663 0.5
2 500.751 -176.532 -10.365 0.5
2 567.818 -67.8635 -14.6216 0.5
2 602.498 2.96021 5.10658 0.5
2 642.948 63.6338 -14.2395 0.5
2 546.154 -106.02 -14.7522 0.5
2 515.378 -161.766 14.9975 0.5
2 583.664 -35.1086 -12.2508 0.5
2 528.085 -132.011 -12.6759 0.5
2 515.836 -164.893 -14.5498 0.5
2 611.212 -10.2639 -4.79498 0.5
2 541.383 -127.498 -10.7106 0.5
2 560.799 -78.1124 14.0492 0.5
2 614.549 7.8918 -14.887 0.5
2 643.098 73.8873 -2.93698 0.5
2 651.798 86.891 -8.06868 0.5
2 658.609 92.8769 13.3531 0.5
2 538.538 -129.742 12.8027 0.5
2 582.68 -42.1658 -14.6316 0.5
2 634.768 34.3738 -10.8317 0.5
2 640.431 69.3166 2.68257 0.5
2 544.696 -113.068 -14.8906 0.5
2 622.162 8.16125 2.70149 0.5
2 615.915 14.5872 14.7915 0.5
2 522.465 -137.843 9.10364 0.5
2 651.644 59.7504 -4.74578 0.5
2 515.837 -152.296 -12.0382 0.5
2 513.129 -162.902 14.69 0.5
2 513.337 -155.147 -10.7824 0.5
2 603.648 -23.4962 -4.38601 0.5
2 522.406 -140.808 -11.9554 0.5
2 637.901 63.071 -7.66359 0.5
2 541.456 -128.792 9.10353 0.5
2 606.308 1.74019 13.62 0.5
2 639.5 66.0476 -7.30479 0.5
2 608.53 -14.5911 -5.64797 0.5
2 605.112 -15.9221 11.7635 0.5
2 563.494 -79.1673 14.9927 0.5
2 587.462 -24.5416 8.07007 0.5
2 526.415 -152.195 11.7909 0.5
2 524.108 -159.495 8.1758 0.5
2 642.285 72.5592 2.50696 0.5
2 509.413 -185.464 -7.31935 0.5
2 626.742 17.8124 7.41972 0.5
2 642.824 63.9956 14.0352 0.5
2 586.693 -23.5452 -0.883076 0.5
2 590.435 -22.222 11.3429 0.5
2 594.956 -17.0503 13.1828 0.5
2 652.02 65.7907 -12.1178 0.5
2 550.402 -86.479 -1.74925 0.5
2 637.865 59.9588 11.3173 0.5
2 649.235 54.8453 -1.06308 0.5
2 519.875 -155.15 14.9731 0.5
2 579.779 -63.4146 -7.61807 0.5
2 619.79 27.3495 -12.3305 0.5
2 550.268 -90.4843 10.0623 0.5
2 506.26 -170.472 -13.0697 0.5
2 635.403 30.9075 1.31038 0.5
2 573.698 -49.0538 -9.03715 0.5
2 592.917 -42.2701 -3.72072 0.5
2 583.318 -44.5398 14.999 0.5
2 642.918 47.9535 -10.2908 0.5
2 624.967 27.9345 -14.9991 0.5
2 511.134 -160.126 -11.7967 0.5
2 612.782 15.3261 -12.2496 0.5
2 542.957 -123.304 11.976 0.5
2 592.311 -41.5122 7.94367 0.5
2 567.988 -62.6355 -12.5073 0.5
2 587.542 -26.1968 -10.3565 0.5
2 604.549 7.40342 -0.431041 0.5
2 612.299 13.3633 -12.9721 0.5
2 525.486 -130.501 5.30291 0.5
2 592.18 -14.1969 -2.33411 0.5
2 610.438 -12.0329 3.25489 0.5
2 533.532 -115.663 1.42499 0.5
2 623.083 21.452 -14.6848 0.5
2 631.491 41.9114 14.729 0.5
2 664.337 106.624 -10.5538 0.5
2 519.664 -163.585 12.0236 0.5
2 529.49 -123.13 -3.96523 0.5
2 584.49 -54.4051 -8.9055 0.5
2 511.026 -155.471 5.09824 0.5
2 648.868 56.8131 -8.49972 0.5
2 555.856 -82.6088 11.7525 0.5
2 654.494 66.1387 -7.85612 0.5
2 626.034 21.093 -12.3395 0.5
2 625.742 33.4436 -14.3621 0.5
2 576.458 -45.3947 -10.3564 0.5
2 654.133 93.1402 2.12228 0.5
2 528.89 -131.935 -13.4196 0.5
2 586.818 -24.524 -5.92844 0.5
2 518.772 -149.736 -13.5543 0.5
2 614.235 -4.16196 -6.84543 0.5
2 500.127 -198.239 11.3693 0.5
2 609.98 -12.3588 4.90612 0.5
2 623.087 15.9067 12.2825 0.5
2 586.196 -53.3352 -5.49766 0.5
2 639.375 42.2557 -10.7371 0.5
2 584.165 -57.8215 1.51036 0.5
2 618.035 3.00157 7.87596 0.5
2 630.683 41.1567 -14.5902 0.5
2 643.125 59.3334 -14.9996 0.5
2 555.907 -79.0589 -7.84947 0.5
2 588.716 -41.0739 -13.7218 0.5
2 665.532 83.1397 1.76649 0.5
2 595.93 -36.5967 5.17994 0.5
2 653.959 89.5261 9.58791 0.5
2 540.265 -112.352 -13.4787 0.5
2 511.596 -181.75 7.1987 0.5
2 649.11 55.6085 -5.43186 0.5
2 585.684 -32.1002 12.5825 0.5
2 532.769 -130.18 -14.8991 0.5
2 583.14 -33.8602 10.3964 0.5
2 588.625 -27.509 -12.8945 0.5
2 612.105 7.13083 14.9108 0.5
2 528.056 -125.815 4.63578 0.5
2 642.075 50.0454 -13.0702 0.5
2 531.019 -124.003 -10.255 0.5
2 542.393 -130.2 -1.19451 0.5
2 560.486 -98.4999 -3.48784 0.5
2 526.138 -144.455 14.963 0.5
2 515.404 -176.317 4.45884 0.5
2 545.618 -122.873 7.10436 0.5
2 647.017 51.0547 1.6341 0.5
2 520.889 -154.539 -14.8598 0.5
2 663.142 105.639 9.33264 0.5
2 589.18 -42.8101 12.2902 0.5
2 657.982 94.8136 11.3076 0.5
2 634.912 38.5267 13.5314 0.5
2 603.776 -0.188388 -12.1894 0.5
2 643.565 45.5455 4.05454 0.5
2 559.528 -99.2368 -6.17985 0.5
2 516.459 -171.041 10.3326 0.5
2 661.768 105.333 -5.83688 0.5
2 581.385 -37.585 -11.0652 0.5
2 568.454 -57.9701 -8.81101 0.5
2 557.371 -95.1803 -13.8016 0.5
2 614.875 25.0776 2.54219 0.5
3 687.77 99.2899 -14.9832 0.5
3 760.639 111.688 -9.40214 0.5
3 781.335 102.677 14.7593 0.5
3 837.053 104.009 -14.4545 0.5
3 766.647 107.629 -12.9148 0.5
3 830.381 107.069 13.2297 0.5
3 833.024 98.337 -14.9075 0.5
3 925.425 100.076 14.9998 0.5
3 676.156 101.711 14.9021 0.5
3 762.877 97.2294 14.7419 0.5
3 816.108 92.2948 -12.8697 0.5
3 906.644 108.832 -12.1242 0.5
3 862.875 111.236 9.93708 0.5
3 868.374 89.5762 -10.7863 0.5
3 932.403 94.1101 13.7953 0.5
3 803.525 88.0373 9.04957 0.5
3 790.31 114.331 -4.429 0.5
3 788.369 97.2653 14.7486 0.5
3 704.062 90.6544 11.7329 0.5
3 839.86 110.82 10.3891 0.5
3 718.426 113.943 5.53029 0.5
3 677.161 109.518 11.5933 0.5
3 708.306 85.1072 1.79021 0.5
3 737.231 85.4904 -3.80423 0.5
3 938.993 90.6284 -11.7121 0.5
3 702.63 91.4007 -12.2903 0.5
3 977.472 96.9693 14.6906 0.5
3 783.473 93.2811 -13.411 0.5
3 909.545 114.287 -4.56957 0.5
3 795.236 85.0119 -0.597518 0.5
3 992.689 90.3938 11.5204 0.5
3 927.561 85.7444 4.66661 0.5
3 780.963 114.244 -4.70246 0.5
3 816.705 110.399 10.8104 0.5
3 964.573 109.041 -11.9691 0.5
3 950.038 104.202 14.3994 0.5
3 679.265 90.7633 -11.8188 0.5
3 888.757 88.263 9.34041 0.5
3 714.311 101.116 -14.9584 0.5
3 912.944 106.372 13.5794 0.5
3 893.592 105.663 13.8899 0.5
3 937.096 114.906 -1.67674 0.5
3 692.133 93.0429 13.289 0.5
3 904.664 85.0041 -0.351466 0.5
3 901.367 96.1384 -14.4944 0.5
3 912.772 92.207 -12.8168 0.5
3 726.332 100.083 14.9998 0.5
3 793.39 106.981 -13.2762 0.5
3 874.862 100.255 14.9978 0.5
3 749.467 87.4189 -8.16796 0.5
3 713.731 90.1187 11.2854 0.5
3 964.242 99.4031 -14.9881 0.5
3 844.154 107.253 13.13 0.5
3 794.792 112.537 8.23594 0.5
3 672.762 96.621 14.6145 0.5
3 860.182 100.954 14.9696 0.5
3 995.407 114.998 0.249186 0.5
3 892.168 87.8013 8.72875 0.5
3 757.785 92.0478 12.7186 0.5
3 943.218 90.3598 11.492 0.5
3 950.264 92.7904 13.1538 0.5
3 906.284 95.3043 -14.2461 0.5
3 827.581 107.418 13.0372 0.5
3 838.762 102.695 14.756 0.5
3 952.463 85.5041 -3.85592 0.5
3 740.696 90.5562 -11.654 0.5
3 927.03 88.3394 -9.43555 0.5
3 722.321 86.2816 -6.06684 0.5
3 928.81 91.5151 -12.3695 0.5
3 710.937 87.1917 -7.80694 0.5
3 841.219 87.7196 -8.61348 0.5
3 732.718 98.869 14.9573 0.5
3 765.432 114.168 4.92692 0.5
3 921.913 87.7726 -8.68851 0.5
3 872.35 114.964 -1.03695 0.5
3 846.653 110.521 -10.6918 0.5
3 675.694 106.555 -13.492 0.5
3 953.555 97.9002 -14.8523 0.5
3 820.636 85.018 -0.735198 0.5
3 745.327 114.721 2.8783 0.5
3 749.468 114.8 2.44084 0.5
3 914.744 85.049 -1.21155 0.5
3 799.212 85.736 -4.64084 0.5
3 825.978 92.3486 12.9018 0.5
3 747.339 88.8775 10.0643 0.5
3 713.67 106.716 -13.4124 0.5
3 736.899 112.715 7.95834 0.5
3 739.799 101.439 14.9308 0.5
3 702.06 101.128 14.9575 0.5
3 823.961 100.119 14.9995 0.5
3 744.847 92.868 -13.196 0.5
3 988.936 105.074 14.1158 0.5
3 933.083 114.32 -4.46664 0.5
3 758.064 85.1134 -1.84091 0.5
3 901.785 110.439 -10.7713 0.5
3 982.59 96.7815 -14.6506 0.5
3 936.6 114.024 5.32329 0.5
3 995.415 114.851 -2.11176 0.5
3 948.002 97.057 -14.7084 0.5
3 706.435 99.7142 -14.9973 0.5
3 754.42 88.0552 9.07316 0.5
3 842.746 114.977 -0.823905 0.5
3 793.524 90.441 -11.5597 0.5
3 941.966 106.813 13.3634 0.5
3 735.809 110.816 10.3932 0.5
3 737.563 110.098 -11.0922 0.5
3 895.473 99.4175 -14.9887 0.5
3 834.205 105.377 -14.0032 0.5
3 912.866 107.014 -13.2592 0.5
3 820.642 103.414 -14.6064 0.5
3 702.136 114.948 1.24337 0.5
3 741.485 100.82 14.9776 0.5
3 902.398 95.8502 14.4146 0.5
3 772.551 90.3132 11.4527 0.5
3 895.184 85.6985 4.52415 0.5
3 890.575 104.52 -14.3029 0.5
3 951.314 90.3366 11.4725 0.5
3 977.596 104.001 14.4566 0.5
3 802.112 98.6835 14.9421 0.5
3 811.201 112.3 8.5851 0.5
3 890.452 89.928 -11.1155 0.5
3 818.106 114.879 -1.90038 0.5
3 694.704 94.8736 -14.0968 0.5
3 721.456 111.793 -9.26975 0.5
3 741.069 108.951 -12.0364 0.5
3 701.661 86.8435 7.20466 0.5
3 850.99 112.559 8.20183 0.5
3 946.629 98.6784 14.9417 0.5
3 922.414 113.271 6.99189 0.5
3 976.62 98.7569 -14.9484 0.5
3 856.256 112.996 7.49093 0.5
3 762.522 85.2659 -2.81164 0.5
3 874.395 89.0903 -10.2946 0.5
3 925.45 114.983 0.716422 0.5
3 726.109 103.802 14.5102 0.5
3 902.323 114.296 -4.54293 0.5
3 974.795 92.6235 -13.0609 0.5
3 670.917 100.474 14.9925 0.5
3 783.392 92.9659 13.2485 0.5
3 936.638 87.5651 -8.38884 0.5
3 977.856 109.183 -11.8606 0.5
3 991.485 85.0542 -1.27431 0.5
3 770.896 110.999 -10.1987 0.5
3 960.701 95.6201 14.3463 0.5
3 712.252 112.744 -7.91219 0.5
3 902.104 89.071 10.2741 0.5
3 741.461 109.933 11.2398 0.5
3 817.498 114.807 2.39693 0.5
3 873.824 113.779 -5.92897 0.5
3 936.491 114.725 -2.8613 0.5
3 699.364 91.5694 -12.4066 0.5
3 996.145 88.3207 9.41243 0.5
3 875.779 110.409 -10.8006 0.5
3 740.278 114.345 -4.38419 0.5
3 827.999 108.773 12.1672 0.5
3 882.798 100.765 14.9805 0.5
3 850.184 85.6801 4.46534 0.5
3 680.141 92.5002 -12.9905 0.5
3 825.367 107.76 -12.8367 0.5
3 962.434 89.6387 10.8464 0.5
3 761.502 89.7957 10.9942 0.5
3 936.55 85.0016 0.218981 0.5
3 976.723 114.381 4.2641 0.5
3 853.46 112.392 -8.45192 0.5
3 712.728 111.909 9.12054 0.5
3 744.224 85.6347 -4.31733 0.5
3 783.989 90.7068 -11.7744 0.5
3 869.953 93.6672 -13.5976 0.5
3 928.583 87.9007 8.86604 0.5
3 816.846 95.8583 14.4169 0.5
3 841.829 110.885 10.3212 0.5
3 946.956 107.951 -12.7193 0.5
3 809.075 113.654 -6.2098 0.5
3 798.856 109.217 -11.8345 0.5
3 886.261 109.223 11.8292 0.5
3 679.494 96.893 14.6747 0.5
3 737.653 88.5154 -9.64909 0.5
3 999.197 103.248 -14.6441 0.5
3 843.086 102.57 -14.7781 0.5
3 842.806 89.8427 11.0377 0.5
3 823.825 105.844 13.8148 0.5
3 683.169 86.267 -6.03356 0.5
3 947.892 94.2888 13.8702 0.5
3 925.594 110.681 10.5315 0.5
3 814.228 88.8604 10.0454 0.5
3 816.343 101.618 14.9125 0.5
3 683.061 85.2982 -2.97589 0.5
3 927.199 93.8051 -13.661 0.5
3 700.346 99.0036 14.9669 0.5
3 877.62 114.966 -1.00797 0.5
3 823.929 114.905 -1.6831 0.5
3 713.709 110.819 -10.3896 0.5
3 746.859 85.5535 4.03722 0.5
3 728.177 114.08 -5.17186 0.5
3 906.054 99.7476 -14.9979 0.5
3 768.623 85.2978 2.97421 0.5
3 817.012 113.101 -7.3056 0.5
3 767.306 110.037 -11.147 0.5
3 959.136 113.278 6.97766 0.5
3 801.692 111.319 -9.84222 0.5
3 882.481 96.0986 -14.4838 0.5
3 876.313 87.0699 7.60346 0.5
3 709.206 110.352 -10.8553 0.5
3 803.728 90.4503 11.5674 0.5
3 863.622 87.0905 -7.63832 0.5
3 764.793 94.4949 -13.9533 0.5
3 679.235 114.988 -0.593583 0.5
3 805.554 108.242 12.5329 0.5
3 675.516 100.289 -14.9972 0.5
3 964.334 94.4789 13.9469 0.5
3 693.37 96.3387 14.5463 0.5
3 812.846 108.926 -12.0553 0.5
3 897.939 88.0875 -9.11549 0.5
3 944.398 114.967 -0.992729 0.5
3 967.877 99.1613 -14.9765 0.5
3 838.276 104.236 -14.3895 0.5
3 687.542 93.5894 -13.5611 0.5
3 706.615 87.1909 -7.80551 0.5
3 953.916 113.592 6.34454 0.5
3 810.756 108.551 12.3239 0.5
3 696.554 92.9533 13.2418 0.5
3 983.062 100.293 -14.9971 0.5
3 854.085 91.8688 -12.6049 0.5
3 892.927 110.204 10.994 0.5
3 801.63 108.896 -12.0773 0.5
3 708.981 86.1394 5.73448 0.5
3 870.193 90.6264 11.7105 0.5
3 703.248 88.3959 -9.50494 0.5
3 744.646 99.5478 14.9932 0.5
3 672.601 87.5805 8.41168 0.5
3 821.567 85.0542 -1.27363 0.5
3 758.034 97.343 14.7628 0.5
3 901.02 85.0019 -0.24183 0.5
3 903.855 86.8973 -7.30202 0.5
3 931.504 96.4731 -14.5795 0.5
3 921.207 86.6857 6.90859 0.5
3 714.005 88.3102 9.39935 0.5
3 893.591 96.9562 -14.6879 0.5
3 868.034 98.8666 14.9571 0.5
3 892.417 91.3687 12.2679 0.5
3 917.025 98.9898 14.9659 0.5
3 994.557 112.867 -7.70967 0.5
3 752.688 98.1224 -14.882 0.5
3 717.051 103.475 -14.592 0.5
3 694.779 109.029 -11.9779 0.5
3 688.963 109.32 -11.7531 0.5
3 939.519 91.7679 -12.5392 0.5
3 893.487 114.413 -4.15638 0.5
3 743.479 106.388 -13.572 0.5
3 796.858 100.833 -14.9769 0.5
3 868.838 90.4362 -11.5557 0.5
3 818.209 89.4681 10.6808 0.5
3 804.8 100.37 14.9954 0.5
3 972.135 93.3495 -13.4451 0.5
3 941.34 113.143 -7.23 0.5
3 748.208 114.692 -3.02622 0.5
3 806.107 94.7597 -14.0549 0.5
3 711.837 114.632 3.30289 0.5
3 951.73 96.2717 -14.5293 0.5
3 725.666 107.28 -13.1151 0.5
3 680.966 90.1764 11.3356 0.5
3 712.031 85.3411 3.18079 0.5
3 844.066 105.958 13.7658 0.5
3 993.827 90.1425 -11.3062 0.5
3 673.935 94.317 13.8818 0.5
3 973.779 95.6628 14.3593 0.5
3 968.087 90.6672 -11.743 0.5
3 843.786 114.16 4.94808 0.5
3 700.125 105.732 13.8616 0.5
3 675.092 86.0689 -5.56091 0.5
3 847.844 105.354 14.0118 0.5
3 903.129 113.863 5.72836 0.5
3 762.55 112.643 8.07159 0.5
3 809.229 90.9438 -11.9576 0.5
3 704.975 97.4952 -14.7894 0.5
3 883.528 103.471 -14.5929 0.5
3 967.439 94.1037 -13.7925 0.5
3 815.543 85.3709 -3.31495 0.5
3 931.909 93.0392 -13.2871 0.5
3 941.801 104.014 14.4528 0.5
3 822.088 107.777 12.8262 0.5
3 725.774 107.677 12.8865 0.5
3 797.702 95.6833 14.3654 0.5
3 799.203 87.5598 -8.38094 0.5
3 938.862 114.575 3.54355 0.5
3 803.259 93.4238 -13.4816 0.5
3 769.387 95.5687 14.3305 0.5
3 796.785 100.704 14.9835 0.5
3 988.853 114.867 1.99299 0.5
3 769.285 114.06 5.22581 0.5
3 829.844 108.926 -12.0552 0.5
3 852.611 88.8417 -10.0246 0.5
3 845.523 85.307 -3.0192 0.5
3 841.576 86.6186 -6.77769 0.5
3 982.331 87.9431 -8.9236 0.5
3 751.443 112.629 -8.09409 0.5
3 687.25 85.1162 -1.86369 0.5
3 791.015 90.9886 11.9914 0.5
3 952.738 99.2798 14.9827 0.5
3 831.114 87.4355 -8.19345 0.5
3 794.405 100.534 14.9905 0.5
3 957.155 96.8777 -14.6714 0.5
3 703.589 86.2121 -5.90701 0.5
3 835.446 111.083 10.1073 0.5
3 792.999 91.2286 12.1681 0.5
3 946.762 103.119 14.6722 0.5
3 740.665 86.8423 -7.20234 0.5
3 777.484 88.2613 9.33828 0.5
3 911.751 108.567 -12.3129 0.5
3 670.578 95.1119 14.1812 0.5
3 888.695 99.4966 14.9916 0.5
3 857.418 104.227 -14.392 0.5
3 749.581 92.1044 -12.7538 0.5
3 725.751 110.81 10.3991 0.5
3 887.113 113.701 -6.10522 0.5
3 671.675 86.7143 6.96349 0.5
3 844.91 92.3654 -12.9117 0.5
3 692.884 110.733 10.4791 0.5
3 998.004 106.791 -13.3745 0.5
3 903.779 97.3186 14.7584 0.5
3 923.746 96.1032 14.485 0.5
3 749.897 92.6998 13.1037 0.5
3 729.232 113.811 -5.85188 0.5
3 792.168 101.03 -14.9646 0.5
3 804.323 86.0106 -5.41263 0.5
3 821.775 91.2052 -12.1512 0.5
3 948.47 102.21 -14.8363 0.5
3 792.847 97.0209 14.7012 0.5
3 783.688 108.705 12.2159 0.5
3 687.411 114.603 -3.42886 0.5
3 889.95 85.5861 4.15213 0.5
3 777.117 88.0433 -9.05746 0.5
3 761.705 85.4963 3.82657 0.5
3 715.226 98.7926 -14.9513 0.5
3 770.449 107.231 13.1422 0.5
3 999.341 97.9481 14.859 0.5
3 872.48 88.5005 -9.63126 0.5
3 942.364 88.5926 9.74015 0.5
3 996.455 113.547 6.43993 0.5
3 673.674 114 -5.38439 0.5
3 819.965 91.2762 -12.2023 0.5
3 819.419 87.6686 -8.54035 0.5
3 724.324 105.788 13.8384 0.5
3 824.053 104.902 -14.1764 0.5
3 756.253 102.023 -14.863 0.5
3 843.981 88.8319 -10.0136 0.5
3 894.891 114.064 -5.21689 0.5
3 747.141 89.8609 11.0544 0.5
3 700.096 112.307 -8.57485 0.5
3 900.473 111.765 9.30452 0.5
3 772.876 106.995 13.2691 0.5
3 851.721 85.2326 2.63157 0.5
3 697.69 114.241 -4.71246 0.5
3 678.292 94.2549 -13.8562 0.5
3 785.639 88.5095 -9.64196 0.5
3 976.149 92.4849 12.9817 0.5
3 769.816 85.0746 1.49384 0.5
3 733.643 104.564 14.2889 0.5
3 866.533 110.553 -10.6604 0.5
3 967.996 98.1322 -14.8833 0.5
3 929.118 92.4323 -12.9511 0.5
3 956.413 109.479 -11.6251 0.5
3 994.791 86.8637 7.24131 0.5
3 762.246 88.6772 9.83839 0.5
3 920.759 101.375 14.9368 0.5
3 948.353 110.296 -10.9079 0.5
3 740.114 88.8395 -10.0221 0.5
3 983.038 98.2502 -14.8976 0.5
3 863.084 89.5513 -10.7622 0.5
3 995.717 98.4247 14.9171 0.5
3 949.459 102.321 14.8193 0.5
3 709.868 85.2135 -2.52179 0.5
3 999.326 85.0161 -0.693833 0.5
3 805.206 98.3764 -14.9119 0.5
3 869.829 102.997 -14.6975 0.5
3 857.24 107.909 12.7455 0.5
3 790.815 85.0889 1.63095 0.5
3 893.431 98.8127 -14.9529 0.5
3 947.177 107.054 -13.2379 0.5
3 728.336 88.0275 9.03653 0.5
3 902.905 89.5026 10.7147 0.5
3 954.045 100.712 14.9831 0.5
3 834.259 107.335 13.0842 0.5
3 985.662 98.7866 -14.9508 0.5
3 989.313 103.021 -14.6926 0.5
3 914.359 109.584 11.5389 0.5
3 883.638 98.6893 14.9426 0.5
3 816.289 89.6363 10.844 0.5
3 737.199 85.9746 5.31855 0.5
3 899.171 114.624 3.3366 0.5
3 956.736 115 0.0842829 0.5
3 747.071 108.49 -12.3663 0.5
3 990.297 114.56 -3.60597 0.5
3 769.977 85.1774 -2.30003 0.5
3 995.875 85.3691 -3.3072 0.5
3 756.748 114.999 0.206946 0.5
3 830.381 114.994 -0.414726 0.5
3 889.328 92.6997 -13.1036 0.5
3 769.883 96.524 14.5917 0.5
3 945.812 90.66 -11.7373 0.5
3 776.678 91.7124 -12.5026 0.5
3 779.87 113.647 6.22567 0.5
3 809.493 102.315 14.8203 0.5
3 826.302 85.0582 1.32042 0.5
3 752.332 91.2968 12.2169 0.5
3 751.704 92.3581 12.9074 0.5
3 748.913 107.664 -12.8942 0.5
3 848.989 85.5813 -4.13546 0.5
3 682.11 114.011 5.35747 0.5
3 879.975 101.93 -14.8753 0.5
3 676.068 85.0475 -1.19243 0.5
3 778.866 95.3281 -14.2539 0.5
3 984.173 88.0879 -9.11607 0.5
3 781.324 107.075 13.2265 0.5
3 890.323 85.4808 -3.76722 0.5
3 991.1 90.9046 -11.9278 0.5
3 810.398 101.219 14.9504 0.5
3 736.039 112.235 -8.67838 0.5
3 798.111 110.357 10.8504 0.5
3 758.343 112.821 7.78665 0.5
3 776.212 109.503 11.6058 0.5
3 988.847 94.3696 -13.9032 0.5
3 837.583 96.4967 -14.5852 0.5
3 982.191 114.468 -3.95968 0.5
3 919.931 108.75 -12.1833 0.5
3 882.609 91.3359 12.2448 0.5
3 948.762 103.891 -14.4867 0.5
3 898.911 86.1568 -5.77625 0.5
3 875.056 99.6401 -14.9957 0.5
3 948.629 108.121 -12.6114 0.5
3 785.774 97.7174 14.8253 0.5
3 769.25 110.857 -10.3496 0.5
3 748.672 100.82 -14.9776 0.5
3 854.674 112.73 -7.93383 0.5
3 716.227 106.141 13.6852 0.5
3 760.518 113.82 -5.83209 0.5
3 798.48 97.4829 -14.7873 0.5
3 891.526 87.9101 -8.87888 0.5
3 945.254 114.996 0.357811 0.5
3 671.904 85.1011 1.73861 0.5
3 844.518 87.6656 8.53597 0.5
3 897.127 114.471 3.94854 0.5
3 823.516 103.728 14.5293 0.5
3 825.666 85.065 -1.39519 0.5
3 889.011 104.933 14.1656 0.5
3 731.248 113.813 5.84905 0.5
3 773.75 98.3014 -14.9035 0.5
3 994.211 103.302 14.632 0.5
3 901.127 86.9691 -7.42931 0.5
3 701.978 89.5814 10.7914 0.5
3 846.854 85.0094 -0.531157 0.5
3 833.955 107.014 -13.2591 0.5
3 996.571 85.039 1.08144 0.5
3 721.09 85.0458 1.17128 0.5
3 732.873 96.8486 -14.6652 0.5
3 787.37 92.0274 -12.7058 0.5
3 705.092 114.32 -4.46604 0.5
3 743.876 112.476 -8.32752 0.5
3 934.133 92.3713 12.9152 0.5
3 769.454 98.1146 14.881 0.5
3 766.815 101.24 14.9487 0.5
3 980.434 109.533 11.581 0.5
3 962.952 114.097 5.12621 0.5
3 908.025 96.0314 14.4655 0.5
3 864.547 114.743 2.76596 0.5
3 997.4 98.5931 -14.9339 0.5
3 986.907 107.887 -12.7594 0.5
3 817.516 92.0138 12.6973 0.5
3 677.936 114.805 -2.41229 0.5
3 667.056 101.412 14.9334 0.5
3 856.671 105.357 14.0109 0.5
3 677.219 87.2461 7.8955 0.5
3 836.876 90.5655 -11.6615 0.5
3 930.651 85.0368 -1.04972 0.5
3 913.26 87.5254 -8.32975 0.5
3 883.303 94.9916 14.1392 0.5
3 751.845 92.3543 -12.9052 0.5
3 894.976 114.996 -0.341846 0.5
3 973.066 105.219 -14.0628 0.5
3 687.975 107.402 13.0463 0.5
3 746.512 85.0051 0.389999 0.5
3 987.913 92.5528 -13.0207 0.5
3 697.711 114.569 -3.5685 0.5
3 810.279 98.2158 -14.8935 0.5
3 864.672 114.424 -4.11536 0.5
3 869.346 114.94 -1.34206 0.5
3 703.971 101.096 -14.9599 0.5
3 899.175 92.2892 12.8664 0.5
3 974.02 89.4053 -10.6185 0.5
3 985.303 111.81 -9.24799 0.5
3 715.868 114.719 2.88769 0.5
3 895.24 86.7758 -7.07957 0.5
3 699.752 85.033 0.994355 0.5
3 670.086 86.2714 6.04364 0.5
3 707.253 114.964 -1.04157 0.5
3 690.61 104.376 -14.3475 0.5
3 755.727 113.36 -6.81981 0.5
3 864.925 109 12.0002 0.5
3 757.144 112.234 8.67944 0.5
3 807.707 108.019 12.6769 0.5
3 777.97 93.2231 13.3818 0.5
3 786.839 99.2303 -14.9802 0.5
3 980.713 85.0472 -1.18957 0.5
3 962.177 111.76 9.31198 0.5
3 981.496 85.0015 0.212333 0.5
3 910.655 113.513 6.51147 0.5
3 731.785 98.6611 -14.9401 0.5
3 935.616 112.639 8.07877 0.5
3 748.993 91.1646 -12.1217 0.5
3 911.03 112.49 -8.30625 0.5
3 981.768 86.2767 6.05571 0.5
3 695.292 93.4975 13.5173 0.5
3 772.985 91.2624 -12.1924 0.5
3 831.908 85.1026 1.75158 0.5
3 707.034 85.6323 4.30924 0.5
3 880.037 107.392 -13.0521 0.5
3 937.051 86.8722 -7.25676 0.5
3 754.382 114.464 -3.97278 0.5
3 832.329 103.889 -14.487 0.5
3 924.652 91.9661 -12.6672 0.5
3 771.317 105.992 -13.751 0.5
3 997.703 111.434 -9.70884 0.5
3 780.621 114.679 3.08807 0.5
3 906.747 114.781 2.55351 0.5
3 868.961 114.58 -3.52409 0.5
3 698.214 85.3923 -3.40815 0.5
3 920.388 92.0555 12.7234 0.5
3 930.876 97.6533 14.8153 0.5
3 888.767 95.331 14.2549 0.5
3 930.31 105.749 13.8546 0.5
3 898.322 85.0067 -0.449804 0.5
3 776.883 109.83 -11.3297 0.5
3 935.806 86.0863 -5.60437 0.5
3 781.65 92.7163 -13.1129 0.5
3 764.493 103.26 -14.6414 0.5
3 858.817 87.6541 8.51926 0.5
3 850.631 94.5826 -13.9876 0.5
3 880.192 110.547 -10.6659 0.5
3 835.812 114.81 -2.37724 0.5
3 945.956 110.154 -11.0406 0.5
3 886.494 105.686 13.8804 0.5
3 679.621 102.725 14.7505 0.5
3 951.42 87.2728 -7.93833 0.5
3 914.172 94.1186 -13.7989 0.5
3 936.278 110.378 -10.8306 0.5
3 989.797 113.198 -7.12862 0.5
3 984.666 114.909 -1.64802 0.5
3 861.9 109.229 -11.8249 0.5
3 754.04 98.5493 -14.9297 0.5
3 813.001 85.0007 -0.146459 0.5
3 829.887 85.9429 -5.23431 0.5
3 941.369 100.822 14.9775 0.5
3 823.513 113.57 6.39097 0.5
3 854.809 114.842 2.1684 0.5
3 957.512 114.974 0.88386 0.5
3 760.222 90.5423 11.6427 0.5
3 954.382 85.9753 -5.32042 0.5
3 677.07 102.458 -14.7973 0.5
3 816.298 91.8531 12.5948 0.5
3 810.686 85.1918 2.39132 0.5
3 741.885 89.3924 -10.6056 0.5
3 821.122 86.5679 -6.67678 0.5
3 942.208 86.029 5.45989 0.5
3 888.796 110.015 -11.1665 0.5
3 828.596 86.8008 -7.12601 0.5
3 851.135 89.2142 -10.4243 0.5
3 972.552 94.7807 14.0627 0.5
3 734.973 93.9247 13.7146 0.5
3 839.035 114.945 1.28863 0.5
3 921.551 113.668 6.17839 0.5
3 852.523 89.4292 10.6423 0.5
3 888.296 111.222 9.95306 0.5
3 896.334 88.5713 9.71521 0.5
3 743.674 91.8672 12.6039 0.5
3 861.163 96.8225 -14.6596 0.5
3 784.122 88.2426 -9.3147 0.5
3 682.755 87.2223 -7.85692 0.5
3 939.704 114.286 -4.57229 0.5
3 750.712 106.983 13.2756 0.5
3 948.497 86.3591 -6.23909 0.5
3 706.03 90.7835 -11.8345 0.5
3 801.108 112.006 8.99248 0.5
3 712.591 85.6897 4.49626 0.5
3 875.085 106.367 13.5815 0.5
3 860.125 108.615 -12.2797 0.5
3 793.622 106.78 13.3804 0.5
3 732.48 88.6793 -9.84086 0.5
3 960.728 104.845 -14.196 0.5
3 925.279 111.139 -10.0465 0.5
3 916.413 92.5097 12.996 0.5
3 825.981 110.156 -11.0391 0.5
3 832.936 95.2143 14.2161 0.5
3 922.262 110.401 -10.8081 0.5
3 882.937 106.227 -13.6462 0.5
3 803.556 114.406 4.18058 0.5
3 979.534 94.5106 13.9594 0.5
3 939.799 85.5694 -4.0935 0.5
3 954.609 99.2153 14.9795 0.5
3 698.61 106.407 13.5626 0.5
3 990.861 102.019 -14.8635 0.5
3 717.391 85.0321 0.980178 0.5
3 976.817 89.7576 -10.9587 0.5
3 884.37 87.8127 8.74471 0.5
3 990.464 89.0333 -10.2339 0.5
3 968.109 102.245 -14.831 0.5
3 901.381 90.0372 -11.2135 0.5
3 915.414 112.192 8.73881 0.5
3 850.297 89.4321 10.6452 0.5
3 773.074 86.3965 -6.32015 0.5
3 736.816 109.496 -11.6116 0.5
3 940.194 114.797 2.45896 0.5
3 759.13 109.75 11.3987 0.5
3 699.671 85.6387 -4.33044 0.5
3 891.731 114.92 1.55013 0.5
3 706.612 98.3183 -14.9054 0.5
3 878.639 111.807 -9.25234 0.5
3 808.781 104.941 14.163 0.5
3 886.004 112.413 -8.42192 0.5
3 958.177 111.76 -9.31082 0.5
3 983.299 105.341 14.017 0.5
3 935.33 108.784 -12.1589 0.5
3 788.726 85.6652 -4.41752 0.5
3 757.768 114.921 -1.53516 0.5
3 918.96 99.9569 14.9999 0.5
3 861.7 85.1297 -1.9684 0.5
3 778.449 103.109 -14.6743 0.5
3 915.593 90.906 -11.9289 0.5
3 829.803 91.1401 12.1038 0.5
3 785.073 87.8947 8.85793 0.5
3 978.561 103.28 14.637 0.5
3 896.47 114.762 -2.6592 0.5
3 686.588 96.9149 14.6793 0.5
3 694.061 107.353 13.0739 0.5
3 952.216 102.905 -14.716 0.5
3 759.509 113.81 -5.85551 0.5
3 717.548 110.597 10.6162 0.5
3 711.567 85.7971 -4.82479 0.5
3 939.003 114.997 0.313867 0.5
3 919.092 106.322 13.6027 0.5
3 831.951 94.8916 14.1033 0.5
3 888.855 112.647 8.06551 0.5
3 994.464 96.4737 14.5796 0.5
3 844.598 113.84 -5.78387 0.5
3 737.538 114.705 -2.95807 0.5
3 877.452 98.0315 14.8703 0.5
3 836.532 93.1333 13.336 0.5
3 704.371 108.439 -12.4012 0.5
3 948.044 105.718 -13.8674 0.5
3 848.232 87.286 -7.95947 0.5
3 757.931 95.8158 14.4046 0.5
3 707.842 106.372 -13.5795 0.5
3 719.105 103.847 -14.4982 0.5
3 796.653 86.5552 6.6511 0.5
