0 254.032 92.1868 -12.8044 0.5
0 201.048 96.2337 -14.5195 0.5
0 277.231 108.643 -12.2594 0.5
0 178.858 110.864 -10.3427 0.5
0 97.4693 107.191 -13.1638 0.5
0 212.495 112.419 -8.41182 0.5
0 289.064 112.948 7.57337 0.5
0 0.567166 88.1124 9.14799 0.5
0 241.477 110.4 10.8092 0.5
0 23.8039 109.538 -11.5772 0.5
0 18.9768 86.7387 7.00988 0.5
0 283.778 105.289 -14.0365 0.5
0 190.987 102.776 -14.7409 0.5
0 239.715 92.7427 13.1275 0.5
0 54.5711 105.566 13.9292 0.5
0 133.323 97.6826 14.8199 0.5
0 300.677 85.4424 3.61619 0.5
0 113.294 114.848 2.1293 0.5
0 137.62 114.979 0.795832 0.5
0 200.45 90.0134 -11.1923 0.5
0 4.09469 98.5325 -14.928 0.5
0 240.046 89.8222 11.0187 0.5
0 265.652 91.0864 12.0643 0.5
0 107.689 86.6883 -6.91372 0.5
0 168.451 91.6747 12.4775 0.5
0 5.14514 103.188 14.6573 0.5
0 127.674 113.004 7.47627 0.5
0 116.05 85.9981 -5.38018 0.5
0 105.737 105.758 -13.8507 0.5
0 145.657 114.273 -4.61346 0.5
0 208.663 89.9577 11.1424 0.5
0 252.993 107.865 12.7729 0.5
0 131.594 89.0892 10.2934 0.5
0 116.026 100.164 14.9991 0.5
0 80.8911 102.738 14.748 0.5
0 245.136 90.6993 11.7685 0.5
0 84.5938 113.206 -7.11349 0.5
0 94.5304 108.192 12.5655 0.5
0 139.359 114.027 5.31359 0.5
0 147.299 90.1732 11.3328 0.5
0 308.566 94.5373 -13.9699 0.5
0 118.004 85.002 0.242402 0.5
0 304.032 107.206 -13.1555 0.5
0 329.443 96.2428 -14.5218 0.5
0 28.1831 108.935 -12.0485 0.5
0 257.893 85.3961 3.42424 0.5
0 181.46 114.145 4.99089 0.5
0 260.765 86.9013 -7.30915 0.5
0 268.567 111.059 -10.1336 0.5
0 329.044 85.8306 -4.92227 0.5
0 265.19 85.1507 2.121 0.5
0 281.165 87.696 8.57975 0.5
0 258.386 100.19 -14.9988 0.5
0 8.08337 98.479 14.9227 0.5
0 178.269 87.6178 8.46647 0.5
0 215.57 98.5252 14.9273 0.5
0 300.56 110.912 -10.2919 0.5
0 187.194 114.9 1.72912 0.5
0 161.088 87.1436 -7.7275 0.5
0 199.659 103.729 -14.529 0.5
0 39.0455 114.185 4.87629 0.5
0 214.685 91.7762 -12.5447 0.5
0 29.9108 109.807 -11.3502 0.5
0 169.014 85.591 -4.16918 0.5
0 279.18 88.6176 9.7694 0.5
0 80.9456 94.9235 -14.1148 0.5
0 87.3704 114.761 2.66628 0.5
0 119.372 106.1 13.7037 0.5
0 125.568 108.275 12.5109 0.5
0 48.9734 110.275 10.9283 0.5
0 134.585 94.3533 -13.8966 0.5
0 206.829 113.484 6.57184 0.5
0 244.993 89.6646 10.871 0.5
0 195.192 85.8671 5.02616 0.5
0 237.82 88.4151 9.52836 0.5
0 290.978 103.402 -14.609 0.5
0 154.462 85.6239 4.28126 0.5
0 12.893 95.7994 14.3998 0.5
0 139.079 92.8705 -13.1973 0.5
0 4.41697 104.667 14.2556 0.5
0 90.5029 85.2132 2.51976 0.5
0 303.939 109.212 -11.8377 0.5
0 187.585 113.995 -5.39703 0.5
0 164.717 86.2213 -5.92854 0.5
0 239.164 92.7553 -13.1345 0.5
0 126.998 85.2141 -2.52516 0.5
0 32.3014 85.7762 -4.76273 0.5
0 183.612 102.97 14.703 0.5
0 64.8404 91.5393 12.3861 0.5
0 7.5981 107.832 12.7927 0.5
0 299.546 114.812 -2.36519 0.5
0 258.479 89.7549 10.9562 0.5
0 186.78 94.4834 -13.9488 0.5
0 35.7092 91.3602 12.2619 0.5
0 202.38 91.5996 -12.4271 0.5
0 295.088 95.9701 -14.4485 0.5
0 226.052 88.8112 -9.99052 0.5
0 127.861 112.812 -7.80035 0.5
0 123.661 85.8979 5.11175 0.5
0 231.2 86.5517 6.644 0.5
0 91.1707 98.0988 14.879 0.5
0 306.355 98.2636 14.8992 0.5
0 20.3835 112.25 -8.65668 0.5
0 59.2199 99.1819 14.9777 0.5
0 67.9117 101.1 14.9596 0.5
0 245.927 99.7077 -14.9972 0.5
0 257.546 114.853 -2.09704 0.5
0 151.861 98.544 14.9292 0.5
0 198.096 89.5713 -10.7816 0.5
0 150.547 100.341 14.9961 0.5
0 0.817851 95.754 14.3865 0.5
0 161.598 100.306 14.9969 0.5
0 207.25 86.9436 7.3845 0.5
0 137.054 114.207 -4.81161 0.5
0 236.965 111.977 9.03033 0.5
0 110.348 108.767 12.1714 0.5
0 160.973 89.5604 10.771 0.5
0 284.006 111.37 9.78341 0.5
0 17.938 114.563 3.59559 0.5
0 63.5271 114.993 0.442025 0.5
0 240.248 96.199 14.5104 0.5
0 81.5314 94.1017 13.7917 0.5
0 137.067 101.97 14.8701 0.5
0 198.427 89.4378 10.6508 0.5
0 61.4664 99.0054 14.967 0.5
0 125.71 90.0575 11.2315 0.5
0 57.9469 87.2182 7.85024 0.5
0 44.777 88.9716 10.1673 0.5
0 273.305 94.1701 13.8207 0.5
0 10.5239 102.443 14.7997 0.5
0 187.849 107.024 13.2535 0.5
0 74.229 92.2343 -12.8333 0.5
0 129.281 114.467 -3.96141 0.5
0 154.024 89.5586 10.7693 0.5
0 33.5702 91.2373 12.1744 0.5
0 330.11 102.015 -14.864 0.5
0 26.6246 97.6573 14.8159 0.5
0 114.866 113.571 -6.38904 0.5
0 265.028 114.833 2.22881 0.5
0 219.818 93.9516 -13.7265 0.5
0 317.682 102.661 -14.7621 0.5
0 246.818 85.2757 -2.86262 0.5
0 265.238 88.9794 10.1758 0.5
0 251.85 87.1735 7.77694 0.5
0 137.194 93.5024 13.5197 0.5
0 296.839 104.22 -14.3943 0.5
0 166.329 90.7285 11.7915 0.5
0 252.639 107.416 -13.0385 0.5
0 161.167 105.91 -13.7865 0.5
0 113.678 85.4835 -3.77772 0.5
0 13.0493 109.459 11.642 0.5
0 47.7418 98.0015 14.8663 0.5
0 122.934 106.193 -13.6617 0.5
0 152.933 114.969 -0.970154 0.5
0 119.921 86.9996 7.48266 0.5
0 112.61 109.194 11.8519 0.5
0 259.853 97.58 -14.8035 0.5
0 156.708 87.357 8.0719 0.5
0 195.6 97.8338 14.8428 0.5
0 325.838 108.988 12.0094 0.5
0 42.2749 114.435 -4.07649 0.5
0 118.452 111.943 -9.07518 0.5
0 23.4473 97.7525 14.8307 0.5
0 238.559 89.8709 11.0635 0.5
0 29.0947 95.3773 -14.2699 0.5
0 184.018 107.615 -12.9231 0.5
0 198.395 112.895 7.66204 0.5
0 194.551 99.1018 14.9731 0.5
0 227.381 85.3951 -3.42001 0.5
0 115.507 100.973 -14.9684 0.5
0 98.7713 114.032 -5.30095 0.5
0 121.046 106.931 13.3026 0.5
0 184.703 114.416 4.14619 0.5
0 222.42 101.488 -14.926 0.5
0 40.805 112.893 7.66664 0.5
0 182.672 107.412 -13.0409 0.5
0 53.3628 112.231 -8.68307 0.5
0 109.567 101.837 14.8872 0.5
0 325.195 87.7265 8.62332 0.5
0 61.1185 92.0315 12.7084 0.5
0 149.886 86.1542 5.77004 0.5
0 81.3814 85.9157 5.16056 0.5
0 316.596 113.306 6.92523 0.5
0 176.917 110.735 10.4761 0.5
0 161.336 114.996 -0.337455 0.5
0 242.435 93.1147 -13.3264 0.5
0 57.0345 114.984 0.693199 0.5
0 209.611 103.377 14.6149 0.5
0 198.295 111.877 9.16193 0.5
0 244.079 88.1043 -9.13738 0.5
0 232.921 114.842 2.16923 0.5
0 186.615 85.001 -0.170612 0.5
0 209.105 88.888 -10.0759 0.5
0 278.749 85.065 1.39539 0.5
0 171.665 115 0.0583701 0.5
0 54.3241 91.2527 -12.1854 0.5
0 129.392 114.939 -1.34785 0.5
0 100.533 114.586 -3.49862 0.5
0 137.604 85.0436 -1.14311 0.5
0 75.8745 100.267 14.9976 0.5
0 229.473 91.685 12.4844 0.5
0 78.7313 108.159 -12.587 0.5
0 58.5481 111.048 -10.1456 0.5
0 267.568 94.8067 -14.0723 0.5
0 294.049 114.729 -2.83883 0.5
0 135.855 95.9487 14.4425 0.5
0 233.887 114.997 -0.280807 0.5
0 136.03 95.621 -14.3466 0.5
0 78.338 85.0391 1.08177 0.5
0 56.8476 87.5321 -8.33969 0.5
0 322.354 114.659 3.1793 0.5
0 323.111 89.7062 10.9105 0.5
0 58.173 110.286 10.9181 0.5
0 326.589 113.631 6.26099 0.5
0 62.5686 111.285 -9.8818 0.5
0 191.093 114.983 0.716682 0.5
0 329.527 114.294 -4.54613 0.5
0 12.5549 85.4768 -3.75185 0.5
0 199.75 107.753 -12.841 0.5
0 74.4805 114.777 2.57932 0.5
0 279.51 105.87 13.8038 0.5
0 10.3894 88.2727 9.35252 0.5
0 270.113 90.1302 11.2955 0.5
0 183.359 114.496 3.85516 0.5
0 206.995 93.3983 -13.4691 0.5
0 20.2677 100.279 -14.9974 0.5
0 159.408 114.894 -1.78021 0.5
0 327.76 85.2209 -2.565 0.5
0 330.054 100.367 -14.9955 0.5
0 294.736 103.213 -14.6518 0.5
0 271.84 103.116 -14.6727 0.5
0 290.122 89.8535 11.0475 0.5
0 66.8399 107.286 -13.1117 0.5
0 303.248 88.1965 -9.25619 0.5
0 162.879 86.6616 -6.86203 0.5
0 147.33 107.376 -13.0611 0.5
0 277.957 104.548 -14.2938 0.5
0 309.594 114.821 -2.31304 0.5
0 271.603 105.471 -13.9665 0.5
0 293.027 102.165 -14.8429 0.5
0 7.29404 94.9041 14.1079 0.5
0 268.164 88.1117 -9.147 0.5
0 106.95 108.6 12.2901 0.5
0 69.0382 102.734 14.7488 0.5
0 147.378 91.568 -12.4057 0.5
0 290.776 100.511 -14.9913 0.5
0 297.426 92.298 -12.8716 0.5
0 310.252 107.584 12.9412 0.5
0 218.582 108.603 -12.2876 0.5
0 320.239 112.506 8.28223 0.5
0 188.736 113.793 5.89414 0.5
0 301.115 87.0138 7.50726 0.5
0 170.29 110.693 10.5191 0.5
0 62.6483 111.762 9.30898 0.5
0 29.9427 104.343 -14.3574 0.5
1 355.831 46.3087 -2.85888 0.5
1 344.181 73.1075 -12.6229 0.5
1 378.684 7.22189 4.74664 0.5
1 345.648 81.7848 14.6732 0.5
1 384.608 6.20508 -14.1476 0.5
1 341.506 85.2464 14.9881 0.5
1 379.838 22.206 -14.7449 0.5
1 339.966 101.902 6.75929 0.5
1 360.61 43.1455 -11.5167 0.5
1 358.506 53.8375 -14.7794 0.5
1 338.962 82.1573 -12.6293 0.5
1 387.882 3.2502 -14.8275 0.5
1 360.784 38.0469 -4.17804 0.5
1 339.261 81.2675 12.3832 0.5
1 383.767 25.5833 7.59192 0.5
1 343.202 91.6052 -12.2207 0.5
1 364.357 31.3391 1.48582 0.5
1 349.774 68.1762 14.6216 0.5
1 385.793 21.8309 7.99055 0.5
1 352.101 82.445 1.19469 0.5
1 386.353 8.41571 14.998 0.5
1 344.157 92.1559 10.302 0.5
1 344.357 95.2825 4.28035 0.5
1 372.972 44.041 -7.98718 0.5
1 333.606 110.262 -10.478 0.5
1 366.758 56.8688 2.66162 0.5
1 336.234 80.0153 1.07557 0.5
1 372.763 39.6598 12.7177 0.5
1 344.497 74.9582 -13.8728 0.5
1 337.327 89.0701 -14.4535 0.5
1 379.354 26.2056 13.7843 0.5
1 357.634 69.5925 -9.40799 0.5
1 359.035 40.7795 -2.96613 0.5
1 341.539 99.3143 -6.48075 0.5
1 334.264 107.247 12.1042 0.5
1 353.983 59.3954 -14.1983 0.5
1 339.415 75.2206 4.69537 0.5
1 376.777 18.7012 13.7247 0.5
1 340.221 73.3958 -3.10979 0.5
1 337.089 79.0656 -4.09735 0.5
1 365.305 54.0437 11.6729 0.5
1 355.97 59.7702 14.9651 0.5
1 384.242 25.1388 -6.907 0.5
1 361.799 65.1792 -3.9053 0.5
1 348.719 73.6526 -14.997 0.5
1 338.622 96.3 -13.9709 0.5
1 387.819 20.479 2.10696 0.5
1 357.956 61.781 14.3312 0.5
1 363.779 59.4221 8.78825 0.5
1 380.534 3.38488 -2.04123 0.5
1 336.413 105.348 10.5313 0.5
1 384.118 26.2412 -4.82691 0.5
1 363.483 42.4397 14.0172 0.5
1 346.465 87.6495 10.8153 0.5
1 377.22 29.3949 13.991 0.5
1 356.752 60.6505 -14.9509 0.5
1 367.532 25.9056 2.04511 0.5
1 353.392 52.5181 7.91934 0.5
1 381.126 19.5132 14.8238 0.5
1 380.583 32.9499 -2.50924 0.5
1 376.586 39.3581 4.61013 0.5
1 383.834 26.1033 6.38685 0.5
1 370.222 49.2253 -7.27378 0.5
1 352.112 70.7123 14.6464 0.5
1 343.412 92.5917 -11.1365 0.5
1 387.922 16.4418 10.2066 0.5
1 386.472 -2.43347 10.8139 0.5
1 347.059 73.0569 -14.6615 0.5
1 381.607 1.40528 -0.725809 0.5
1 342.938 70.4919 7.69958 0.5
1 386.856 19.4149 -8.83891 0.5
1 343.619 89.0744 13.3242 0.5
1 364.279 52.0987 13.8757 0.5
1 388.684 -10.1551 4.57745 0.5
1 353.992 51.1788 7.41595 0.5
1 355.996 72.0269 9.88702 0.5
1 348.226 71.8664 14.8166 0.5
1 336.303 104.405 -11.5681 0.5
1 336.891 108.154 -4.47783 0.5
1 364.534 60.6859 -2.85084 0.5
1 382.693 9.55441 -14.1591 0.5
1 334.246 86.8983 9.60505 0.5
1 373.072 38.1568 -13.2738 0.5
1 370.718 48.6068 6.8205 0.5
1 374.045 29.7661 -14.9974 0.5
1 357.112 45.6343 -7.16056 0.5
1 335.513 99.0686 -14.7278 0.5
1 381.896 25.046 11.8788 0.5
1 344.861 78.4902 14.9204 0.5
1 383.496 17.6908 14.2855 0.5
1 338.087 101.41 11.4889 0.5
1 344.555 95.2555 -3.02778 0.5
1 375.373 19.6707 -12.9816 0.5
1 381.374 12.104 -14.2487 0.5
1 374.894 42.649 -3.29555 0.5
1 349.46 75.5072 14.6004 0.5
1 372.719 46.75 -0.982959 0.5
1 335.31 100.142 -14.5703 0.5
1 365.339 38.7091 13.8097 0.5
1 340.671 90.4569 14.662 0.5
1 376.878 9.96791 3.39681 0.5
1 349.115 58.9388 -6.04643 0.5
1 368.74 26.4042 -8.6298 0.5
1 384.298 26.0037 4.60315 0.5
1 368.518 24.31 -2.73479 0.5
1 339.259 104.517 2.55515 0.5
1 358.245 42.648 4.82366 0.5
1 361.296 36.5936 -0.885558 0.5
1 347.877 76.4795 14.9068 0.5
1 349.441 85.8171 -6.07052 0.5
1 377.733 8.36273 -2.80863 0.5
1 335.658 80.9959 0.824434 0.5
1 384.179 -1.51512 -6.6461 0.5
1 347.082 67.84 -12.463 0.5
1 343.5 87.8493 -13.9713 0.5
1 338.216 105.122 6.37246 0.5
1 353.846 49.5546 1.58682 0.5
1 366.584 33.6026 -12.1432 0.5
1 371.642 46.5557 -7.64153 0.5
1 350.06 80.0303 -11.9993 0.5
1 358.232 55.909 14.9689 0.5
1 350.921 73.8451 14.3681 0.5
1 382.891 28.5414 4.27592 0.5
1 352.486 67.4854 -14.9855 0.5
1 354.84 68.3898 13.8994 0.5
1 352.032 80.5486 7.59542 0.5
1 346.609 62.6152 -4.23079 0.5
1 387.664 -7.10291 -7.48363 0.5
1 363.891 43.262 14.5081 0.5
1 354.266 69.9224 13.6686 0.5
1 340.298 82.7983 -14.0926 0.5
1 385.62 24.3953 1.11583 0.5
1 362.722 62.2386 -7.23195 0.5
1 376.642 15.7756 -11.8384 0.5
1 364.686 34.3878 9.85655 0.5
1 346.094 63.1 -2.45249 0.5
1 369.84 25.123 9.45481 0.5
1 340.265 102.701 -2.95068 0.5
1 376.223 35.4326 -11.4245 0.5
1 378.585 16.8043 14.2055 0.5
1 377.027 20.1045 -14.3955 0.5
1 345.056 72.5923 -13.2114 0.5
1 345.535 91.2378 8.48294 0.5
1 387.375 10.0478 -14.5491 0.5
1 373.504 21.6957 12.2007 0.5
1 355.055 63.1776 -14.9786 0.5
1 351.576 82.7557 4.35668 0.5
1 387.878 -6.05188 -9.53664 0.5
1 351.724 63.1281 14.1355 0.5
1 341.042 98.3136 -9.42946 0.5
1 355.733 48.9224 8.6128 0.5
1 377.718 38.0629 -1.34788 0.5
1 367.285 27.2338 -5.48864 0.5
1 374.451 37.3076 12.3422 0.5
1 350.88 60.8639 -12.1875 0.5
1 339.696 77.1893 9.27384 0.5
1 361.342 59.72 -12.5389 0.5
1 369.407 24.2197 -6.93958 0.5
1 379.938 24.3479 -14.1173 0.5
1 335.201 91.8892 -14.1854 0.5
1 349.643 63.038 -12.2101 0.5
1 375.47 35.1098 -12.63 0.5
1 350.907 55.0138 -3.65871 0.5
1 360.972 38.7525 6.78696 0.5
1 334.163 98.0077 14.9897 0.5
1 346.501 91.5488 -4.34671 0.5
1 365.028 54.1241 -11.9843 0.5
1 333.491 98.873 14.9756 0.5
1 378.677 35.2632 -5.87757 0.5
1 367.454 52.9589 -8.92266 0.5
1 348.246 88.4326 4.6462 0.5
1 335.475 83.751 -8.23085 0.5
1 379.074 20.6672 14.9996 0.5
1 334.901 85.7318 -9.5679 0.5
1 354.579 75.1099 9.12168 0.5
1 344.766 78.4662 -14.8997 0.5
1 363.38 57.2033 11.8122 0.5
1 341.872 71.7384 6.59701 0.5
1 381.118 4.08708 -7.22153 0.5
1 387.993 15.6762 10.8583 0.5
1 334.103 108.874 -10.9915 0.5
1 339.322 74.843 2.53482 0.5
1 384.765 11.7292 -14.978 0.5
1 342.789 95.9452 -8.55297 0.5
1 374.117 15.4541 5.62159 0.5
1 385.328 7.23577 -14.7537 0.5
1 371.299 41.4105 13.1763 0.5
1 362.788 46.8143 -14.8423 0.5
1 373.791 15.3238 -3.43571 0.5
1 339.434 77.6865 -9.32915 0.5
1 376.503 31.2412 13.7416 0.5
1 359.546 42.1059 8.30407 0.5
1 385.004 3.92506 13.4807 0.5
1 346.201 92.518 -2.40896 0.5
1 379.387 17.4411 -14.738 0.5
1 339.838 79.8098 12.0562 0.5
1 375.457 36.5337 11.6126 0.5
1 373.135 33.3445 14.8251 0.5
1 387.46 16.0756 -11.3339 0.5
1 365.894 28.6207 0.722884 0.5
1 335.323 106.884 -10.876 0.5
1 338.557 76.6811 4.61831 0.5
1 388.736 -10.9545 0.437451 0.5
1 352.5 72.5769 -13.844 0.5
2 347.181 -82.4678 5.37893 0.5
2 384.471 -15.7934 9.11136 0.5
2 383.423 9.25875 -1.20627 0.5
2 382.333 6.25999 -5.78532 0.5
2 340.89 -64.3738 0.620744 0.5
2 357.194 -38.0939 7.43434 0.5
2 368.739 -45.4509 4.44804 0.5
2 350.914 -59.1625 -14.7294 0.5
2 388.218 10.0077 -13.051 0.5
2 345.606 -71.839 14.9861 0.5
2 355.686 -62.7406 -11.9956 0.5
2 354.946 -51.237 -14.5164 0.5
2 335.511 -100.89 -8.70961 0.5
2 378.866 -23.1036 -11.5925 0.5
2 385.564 -16.9408 1.1264 0.5
2 386.553 -10.7698 -10.7129 0.5
2 358.863 -54.6291 13.5674 0.5
2 356.985 -63.7013 -8.70256 0.5
2 352.26 -46.6578 7.46416 0.5
2 357.398 -48.2318 14.7839 0.5
2 378.239 -28.9633 -4.55194 0.5
2 377.919 -20.3046 -14.1137 0.5
2 333.911 -80.376 10.1181 0.5
2 341.114 -64.9521 -5.32927 0.5
2 373.366 -37.9776 1.99566 0.5
2 344.338 -87.5228 -5.02351 0.5
2 360.62 -33.0395 8.79908 0.5
2 337.746 -82.9462 -14.884 0.5
2 377.886 -28.366 7.33526 0.5
2 366.408 -24.7328 10.7804 0.5
2 364.196 -41.7958 -14.7359 0.5
2 352.29 -46.7414 -7.69687 0.5
2 337.608 -94.793 11.4012 0.5
2 352.003 -56.2026 -14.4813 0.5
2 368.481 -46.2991 -2.85316 0.5
2 335.316 -91.9776 -14.7046 0.5
2 357.903 -49.3434 -14.9899 0.5
2 354.163 -44.7272 -9.45459 0.5
2 374.342 -8.77323 -8.06507 0.5
2 373.962 -34.4362 8.50413 0.5
2 351.711 -46.1651 4.01087 0.5
2 350.496 -71.6202 -12.0763 0.5
2 345.466 -86.1185 -3.06952 0.5
2 387.819 -13.04 -1.07625 0.5
2 366.88 -27.8256 -13.5093 0.5
2 371.571 -17.8759 12.4641 0.5
2 350.132 -69.7443 -13.5706 0.5
2 387.341 -5.08289 13.6689 0.5
2 386.129 -3.11326 -14.8512 0.5
2 387.757 -8.95304 10.4431 0.5
2 334.533 -94.8738 14.3086 0.5
2 386.676 12.1031 8.78159 0.5
2 370.769 -30.9437 14.6248 0.5
2 340.78 -65.3245 4.75037 0.5
2 362.132 -56.5999 5.30595 0.5
2 359.863 -60.6554 -4.96059 0.5
2 350.566 -47.877 -2.85443 0.5
2 333.532 -91.5586 14.99 0.5
2 335.857 -80.7568 13.0917 0.5
2 375.765 -33.8927 -1.37478 0.5
2 339.305 -85.5804 -14.5922 0.5
2 384.151 3.74688 -12.5748 0.5
2 369.934 -19.1936 -11.3022 0.5
2 385.16 -0.872804 -14.8904 0.5
2 346.392 -74.6179 14.2159 0.5
2 359.716 -33.6669 7.33139 0.5
2 337.905 -98.536 5.37236 0.5
2 378.496 -29.1619 -1.39177 0.5
2 334.034 -102.934 -9.38958 0.5
2 340.578 -94.869 -1.00612 0.5
2 381.984 -20.5588 -8.47848 0.5
2 371.75 -34.8687 -12.031 0.5
2 349.958 -63.6561 15 0.5
2 368.927 -22.5256 -12.5115 0.5
2 338.017 -78.5441 -13.8359 0.5
2 339.076 -69.9855 8.26316 0.5
2 350.609 -75.6492 7.2697 0.5
2 374.41 -6.31397 0.560574 0.5
2 377.69 -19.2615 -14.5519 0.5
2 342.398 -91.7306 0.743366 0.5
2 376.348 -6.96904 -10.2214 0.5
2 388.022 -10.2114 8.31435 0.5
2 360.986 -44.0924 14.9929 0.5
2 376.095 -32.7676 -4.25946 0.5
2 387.905 -2.2924 -14.3516 0.5
2 347.135 -67.843 14.9835 0.5
2 386.03 -16.1764 -0.124707 0.5
2 349.761 -51.5498 -8.37026 0.5
2 387.358 -12.8672 -5.40734 0.5
2 375.613 -11.2289 12.6946 0.5
2 365.658 -45.2018 -12.1904 0.5
2 343.156 -63.0794 -8.5027 0.5
2 375.355 -10.1964 -11.6327 0.5
2 383.718 -9.33534 14.4133 0.5
2 343.275 -79.6325 14.3397 0.5
2 381.752 -2.25135 13.5967 0.5
2 339.884 -69.8212 -9.88424 0.5
2 386.428 1.9747 14.7965 0.5
2 378.014 -30.0555 0.402868 0.5
2 355.294 -40.9481 6.60849 0.5
2 349.354 -58.9947 -13.8719 0.5
2 346.973 -54.1383 -3.05128 0.5
2 347.768 -78.6001 10.0325 0.5
2 360.453 -45.2321 -14.998 0.5
2 387.196 15.8379 -0.413742 0.5
2 373.7 -20.6534 -14.8817 0.5
2 342.272 -91.8814 -1.60368 0.5
2 370.442 -13.5228 -3.20849 0.5
2 337.736 -71.8238 -7.48333 0.5
2 347.763 -54.9784 -8.32349 0.5
2 361.332 -42.574 14.9364 0.5
2 372.609 -11.5882 -7.76255 0.5
2 381.259 5.10007 -3.68487 0.5
2 347.813 -56.4728 10.3079 0.5
2 371.131 -39.9263 7.58056 0.5
2 340.82 -71.1169 -12.4509 0.5
2 374.026 -7.35989 -3.40619 0.5
2 377.573 -14.3885 -14.931 0.5
2 383.386 -19.5701 -5.84552 0.5
2 377.758 -13.4259 14.8553 0.5
2 387.334 -11.4458 -8.25017 0.5
2 337.797 -74.0889 -10.5836 0.5
2 369.571 -42.5623 -7.69303 0.5
2 364.237 -49.4975 10.6394 0.5
2 340.529 -93.3093 6.89363 0.5
2 339.72 -68.5351 7.73178 0.5
2 341.073 -72.8295 -13.6517 0.5
2 387.706 10.8492 11.9066 0.5
2 381.381 -9.66761 14.9936 0.5
2 334.047 -80.4343 -10.4299 0.5
2 335.866 -74.8157 7.03421 0.5
2 342.316 -85.8509 -12.0309 0.5
2 374.665 -32.9597 8.86707 0.5
2 375.338 -34.5179 2.30059 0.5
2 386.558 -14.7371 -3.93626 0.5
2 367.413 -28.289 14.094 0.5
2 364.286 -24.1234 -2.90646 0.5
2 345.383 -76.8386 14.0479 0.5
2 357.656 -46.2585 -14.4389 0.5
2 364.489 -25.8999 -8.15826 0.5
2 360.59 -33.5243 -9.36605 0.5
2 357.587 -35.7074 -2.81321 0.5
2 337.899 -71.9905 8.21347 0.5
2 351.75 -70.7223 11.0254 0.5
2 372.426 -37.3739 -8.08612 0.5
2 351.67 -47.368 -6.89359 0.5
2 339.776 -83.5552 14.8282 0.5
2 365.941 -21.7538 4.77757 0.5
2 374.271 -12.8741 12.2409 0.5
2 388.642 -10.9624 -4.49928 0.5
2 355.475 -54.4393 14.9962 0.5
2 359.097 -32.8301 -0.349693 0.5
2 352.383 -74.4097 1.1619 0.5
2 385.353 -16.3327 5.42962 0.5
2 357.468 -38.7978 -9.19784 0.5
2 365.034 -23.0022 3.68439 0.5
2 356.156 -42.6065 10.892 0.5
2 340.355 -78.8263 -14.9285 0.5
2 338.236 -98.669 2.9295 0.5
2 388.221 7.70587 14.1107 0.5
2 365.46 -51.2406 -4.07434 0.5
2 348.354 -51.546 1.83309 0.5
2 354.191 -59.6783 14.6202 0.5
2 359.207 -62.6125 0.84196 0.5
2 385.408 5.98858 -12.5328 0.5
2 380.607 1.32915 9.13291 0.5
2 382.611 -18.8733 -9.2926 0.5
2 369.062 -31.3341 -14.9803 0.5
2 369.062 -27.6879 -14.7214 0.5
2 373.231 -35.9286 8.16452 0.5
2 385.99 -11.8804 10.5786 0.5
2 347.741 -81.6169 5.05918 0.5
2 368.845 -16.0755 1.99729 0.5
2 356.645 -60.1885 12.6151 0.5
2 386.546 13.3813 6.18654 0.5
2 348.645 -80.9243 0.36281 0.5
2 380.972 -2.31823 -12.9209 0.5
2 368.25 -21.2675 10.5073 0.5
2 386.54 14.2267 3.76658 0.5
2 378.452 -4.24329 -11.1277 0.5
2 382.104 4.35395 -8.5405 0.5
2 349.276 -73.7566 12.059 0.5
2 376.564 -28.9424 -9.78285 0.5
2 352.714 -44.7487 5.02737 0.5
2 346.748 -66.8373 -14.8104 0.5
2 344.144 -88.721 0.35146 0.5
2 340.309 -65.8192 -3.64874 0.5
2 369.55 -44.0714 4.36927 0.5
2 345.131 -77.1317 -14.1008 0.5
2 338.228 -86.2248 -14.83 0.5
2 337.831 -84.391 -14.9976 0.5
2 365.496 -51.7087 0.99935 0.5
2 366.188 -30.1565 -13.9991 0.5
2 348.966 -79.3054 5.55884 0.5
2 367.572 -41.6964 -12.3249 0.5
2 359.893 -32.8673 6.37186 0.5
2 386.759 -11.4792 9.55264 0.5
2 348.424 -61.1698 14.0907 0.5
2 373.94 -31.2099 -11.9306 0.5
2 350.663 -74.0929 9.43812 0.5
2 365.525 -22.2401 -4.01554 0.5
2 333.588 -80.3467 -9.4341 0.5
2 333.656 -78.219 6.17048 0.5
2 360.767 -57.3922 -8.35497 0.5
2 335.878 -102.695 3.20816 0.5
2 381.526 2.42746 -9.74227 0.5
2 370.752 -28.8154 -14.9538 0.5
2 371.328 -30.7661 -14.4215 0.5
2 355.581 -56.67 -14.7451 0.5
2 367.655 -47.9702 -0.984322 0.5
2 373.725 -7.61029 1.8996 0.5
2 382.145 -20.9125 7.47197 0.5
2 368.281 -18.677 7.04647 0.5
2 375.368 -22.1588 -14.7875 0.5
2 386.986 -11.3357 -9.24259 0.5
2 378.385 0.481344 -1.73516 0.5
2 376.285 -14.5165 -14.5763 0.5
2 367.28 -42.6721 -11.9848 0.5
2 379.824 -22.6161 -10.5221 0.5
2 339.521 -94.9299 -7.12944 0.5
2 337.435 -70.3529 0.464434 0.5
2 333.701 -100.733 -12.0601 0.5
2 373.223 -38.3491 -0.549411 0.5
2 351.276 -47.2468 5.04481 0.5
2 346.035 -55.6005 -2.11449 0.5
2 355.932 -46.5362 13.3846 0.5
2 358.803 -47.8561 14.9923 0.5
2 359.025 -34.5692 -6.77769 0.5
2 360.108 -39.5735 13.5176 0.5
2 386.518 9.81256 -11.0497 0.5
2 366.78 -39.7442 14.0604 0.5
2 359.237 -49.1873 -14.9141 0.5
2 374.826 -34.497 5.60198 0.5
2 359.053 -55.6237 12.8603 0.5
2 336.124 -82.6355 14.1489 0.5
3 382.868 -107.168 -2.89467 0.5
3 405.357 -106.649 -4.83499 0.5
3 400.557 -78.7223 6.0455 0.5
3 365.023 -83.2907 -11.8788 0.5
3 347.531 -81.907 -10.6698 0.5
3 429.484 -104.081 -9.47236 0.5
3 352.122 -92.4798 -15 0.5
3 349.903 -104.028 9.53734 0.5
3 401.207 -90.9361 -14.9234 0.5
3 441.281 -92.518 -14.9998 0.5
3 389.665 -107.126 -3.10175 0.5
3 347.777 -77.5009 -1.23377 0.5
3 360.181 -78.4913 -5.49111 0.5
3 405.616 -80.4807 9.04066 0.5
3 393.712 -107.352 1.71498 0.5
3 367.351 -85.7181 13.4045 0.5
3 418.418 -77.4686 0.745028 0.5
3 424.663 -92.8863 -14.9937 0.5
3 386.326 -77.5827 -1.99031 0.5
3 382.035 -106.595 4.99225 0.5
3 338.027 -82.0087 10.7692 0.5
3 435.412 -102.722 10.9309 0.5
3 386.634 -94.5573 14.8513 0.5
3 380.156 -89.1828 14.6398 0.5
3 417.727 -84.8535 -12.9341 0.5
3 439.833 -77.6222 -2.2659 0.5
3 342.871 -80.8593 9.52124 0.5
3 438.079 -94.5248 14.8558 0.5
3 421.116 -81.8683 10.6314 0.5
3 399.595 -98.9537 13.5168 0.5
3 413.664 -95.0954 14.7649 0.5
3 423.702 -88.9956 14.5968 0.5
3 396.678 -89.8687 -14.7762 0.5
3 409.51 -78.6871 -5.96484 0.5
3 435.095 -107.449 0.179986 0.5
3 372.417 -92.0139 14.9937 0.5
3 386.877 -88.0785 14.3488 0.5
3 340.448 -102.068 11.511 0.5
3 409.24 -106.444 -5.40168 0.5
3 362.831 -80.9456 -9.62536 0.5
3 388.681 -91.5864 14.9751 0.5
3 335.707 -99.8561 13.0442 0.5
3 436.859 -89.4134 -14.6894 0.5
3 434.842 -88.9759 14.5921 0.5
3 428.994 -78.1003 4.36854 0.5
3 357.508 -90.6466 14.8912 0.5
3 376.745 -79.5035 7.57537 0.5
3 348.146 -100.967 -12.3478 0.5
3 406.36 -93.0349 14.9886 0.5
3 336.241 -77.6535 2.46215 0.5
3 377.095 -107.443 0.455981 0.5
3 350.008 -80.8819 -9.54865 0.5
3 423.914 -102.845 10.8146 0.5
3 344.166 -77.5924 2.06103 0.5
3 343.871 -78.2136 -4.72455 0.5
3 414.546 -92.4679 15 0.5
3 336.902 -92.814 -14.9956 0.5
3 410.242 -88.6986 14.5233 0.5
3 425.093 -93.788 14.9402 0.5
3 343.639 -106.161 -6.08306 0.5
3 380.184 -85.8864 -13.4877 0.5
3 434.06 -99.4609 -13.2608 0.5
3 411.606 -80.795 9.44239 0.5
3 353.565 -88.5748 -14.4908 0.5
3 382.176 -91.1181 14.9407 0.5
3 363.629 -100.622 12.5783 0.5
3 388.301 -93.8708 -14.9326 0.5
3 416.529 -78.8791 -6.38972 0.5
3 354.365 -107.217 2.63272 0.5
3 348.007 -86.5646 -13.7971 0.5
3 378.076 -77.6917 -2.68159 0.5
3 444.082 -81.6267 -10.3853 0.5
3 386.603 -79.3604 -7.32529 0.5
3 434.87 -101.32 -12.0966 0.5
3 434.107 -87.8943 14.2914 0.5
3 336.279 -105.911 6.61798 0.5
3 338.536 -96.5836 -14.4192 0.5
3 389.967 -104.327 9.16168 0.5
3 351.789 -105.621 -7.17827 0.5
3 335.171 -91.8988 14.9899 0.5
3 417.188 -105.594 7.22761 0.5
3 381.276 -100.23 -12.8248 0.5
3 393.211 -99.0616 13.4643 0.5
3 349.55 -83.9798 12.3796 0.5
3 396.501 -106.704 4.67258 0.5
3 392.448 -77.4652 -0.673068 0.5
3 339.944 -99.9065 -13.0155 0.5
3 345.362 -77.9111 -3.69037 0.5
3 441.47 -77.8211 -3.31551 0.5
3 342.956 -77.4806 0.955493 0.5
3 409.403 -77.4894 -1.08566 0.5
3 418.153 -105.883 -6.675 0.5
3 418.039 -94.3337 -14.8813 0.5
3 344.016 -97.0337 14.2825 0.5
3 411.902 -104.776 -8.54851 0.5
3 348.925 -96.924 -14.3173 0.5
3 396.162 -81.0605 -9.76101 0.5
3 358.845 -102.953 -10.7096 0.5
3 352.148 -85.764 13.4274 0.5
3 399.379 -106.482 5.30233 0.5
3 391.582 -90.4927 -14.8717 0.5
3 371.555 -78.2911 4.95202 0.5
3 403.218 -103.379 10.274 0.5
3 351.643 -100.328 12.7646 0.5
3 441.161 -97.9105 -13.9708 0.5
3 431.502 -101.604 -11.883 0.5
3 385.275 -105.472 7.44546 0.5
3 435.585 -79.7106 7.91865 0.5
3 354.198 -90.2536 14.8383 0.5
3 400.886 -102.283 -11.3272 0.5
3 370.419 -94.5377 14.854 0.5
3 428.636 -106.221 -5.94631 0.5
3 389.826 -91.4351 -14.9656 0.5
3 372.836 -89.4464 14.6962 0.5
3 403.115 -84.5248 12.7354 0.5
3 358.558 -104.573 8.83401 0.5
3 342.53 -80.2007 -8.6575 0.5
3 348.767 -81.4934 10.2445 0.5
3 352.282 -104.86 8.4257 0.5
3 422.179 -107.005 3.62749 0.5
3 386.997 -106.252 -5.87327 0.5
3 366.472 -90.5727 -14.8821 0.5
3 440.246 -95.8431 -14.6112 0.5
3 397.121 -88.8946 -14.5725 0.5
3 341.459 -82.7895 -11.4749 0.5
3 342.214 -107.282 2.24018 0.5
3 349.45 -107.344 1.78194 0.5
3 353.427 -100.477 12.6717 0.5
3 338.119 -107.441 -0.520939 0.5
3 404.541 -107.333 -1.87027 0.5
3 409.718 -100.361 12.7444 0.5
3 335.396 -81.849 10.6121 0.5
3 401.054 -103.262 10.3977 0.5
3 352.871 -77.704 2.74824 0.5
3 414.657 -87.8051 14.2627 0.5
3 369.441 -107.099 -3.22682 0.5
3 429.665 -95.4192 -14.7032 0.5
3 398.093 -87.9315 14.3032 0.5
3 431.751 -78.9628 -6.56455 0.5
3 362.38 -101.56 11.9167 0.5
3 380.132 -107.448 -0.238187 0.5
3 390.927 -103.887 9.70598 0.5
3 413.524 -102.112 -11.4741 0.5
3 426.469 -81.5431 -10.2974 0.5
3 359.761 -96.3595 -14.4816 0.5
3 337.076 -81.7801 -10.5428 0.5
3 376.698 -102.305 11.3085 0.5
3 375.361 -85.8552 13.4725 0.5
3 443.605 -105.677 -7.07365 0.5
3 361.477 -84.6244 -12.7968 0.5
3 433.765 -84.2657 12.5705 0.5
3 398.094 -99.7618 13.0973 0.5
3 350.118 -104.626 8.761 0.5
3 339.066 -98.2316 -13.841 0.5
3 376.024 -98.5485 13.7043 0.5
3 403.808 -95.5775 14.6703 0.5
3 439.742 -87.3933 -14.1219 0.5
3 352.756 -82.2871 -11.0324 0.5
3 345.716 -98.321 13.8034 0.5
3 336.066 -98.6445 -13.6612 0.5
3 335.213 -79.53 -7.62037 0.5
3 360.21 -89.7269 -14.7507 0.5
3 395.826 -77.8371 -3.38535 0.5
3 412.254 -104.775 8.54921 0.5
3 405.455 -88.8847 -14.5701 0.5
3 354.472 -107.392 1.3168 0.5
3 438.375 -106.674 4.76288 0.5
3 345.104 -105.436 7.50798 0.5
3 362.962 -98.133 13.8818 0.5
3 360.935 -103.439 -10.2104 0.5
3 382.172 -99.3824 -13.302 0.5
3 334.787 -106.083 -6.25551 0.5
3 379.525 -79.222 -7.0723 0.5
3 414.554 -106.947 3.8537 0.5
3 368.662 -92.4209 -15 0.5
3 414.668 -101.822 -11.7122 0.5
3 340.06 -106.942 3.8724 0.5
3 350.916 -85.9363 -13.5119 0.5
3 403.394 -90.1653 -14.825 0.5
3 384.466 -99.0996 -13.4456 0.5
3 372.324 -77.762 -3.04297 0.5
3 435.033 -90.7103 14.8988 0.5
3 364.401 -95.2425 -14.7378 0.5
3 374.235 -88.2443 14.3983 0.5
3 410.558 -104.937 -8.31191 0.5
3 425.156 -100.856 -12.4236 0.5
3 345.894 -107.355 -1.68245 0.5
3 337.869 -80.5674 -9.15433 0.5
3 336.937 -104.316 -9.17658 0.5
3 381.697 -107.139 -3.03918 0.5
3 400.422 -85.395 -13.2373 0.5
3 444.032 -79.5587 7.66891 0.5
3 394.638 -78.2857 4.93658 0.5
3 439.257 -107.249 -2.44684 0.5
3 440.198 -107.433 -0.70707 0.5
3 356.508 -83.0331 11.6756 0.5
3 334.541 -102.743 10.9114 0.5
3 408.156 -105.391 7.58578 0.5
3 367.255 -107.112 -3.16675 0.5
3 362.579 -93.5464 -14.9599 0.5
3 336.155 -94.2591 14.8905 0.5
3 420.159 -91.692 -14.9808 0.5
3 371.558 -85.9771 13.5315 0.5
3 355.321 -77.9198 3.72446 0.5
3 357.475 -85.9896 -13.5374 0.5
3 339.495 -81.5776 -10.3338 0.5
3 339.175 -90.4323 14.8637 0.5
3 419.368 -98.2767 -13.8221 0.5
3 374.794 -105.244 -7.83121 0.5
3 413.745 -107.45 -0.0511227 0.5
3 417.804 -82.9365 -11.597 0.5
3 428.634 -80.3634 8.88328 0.5
3 428.23 -88.4531 14.4577 0.5
3 351.531 -81.1835 9.90269 0.5
3 387.396 -100.841 12.4332 0.5
3 414.897 -89.3657 -14.6795 0.5
3 374.653 -83.3402 -11.9168 0.5
3 338.308 -77.8375 -3.38717 0.5
3 391.221 -77.847 -3.42785 0.5
3 357.917 -102.544 11.0955 0.5
3 370.554 -104.542 -8.87549 0.5
3 372.378 -77.4964 1.17734 0.5
3 390.75 -85.2431 -13.1552 0.5
3 360.086 -79.1255 6.88878 0.5
3 385.697 -78.6809 -5.95063 0.5
3 402.837 -78.7116 6.02109 0.5
3 352.962 -96.0881 -14.5521 0.5
3 338.386 -106.936 -3.89224 0.5
3 375.045 -106.408 5.49261 0.5
3 397.419 -107.133 -3.06795 0.5
3 403.056 -100.18 12.8549 0.5
3 387.299 -106.983 -3.71551 0.5
4 482.688 -144.299 -4.22818 0.5
4 456.366 -127.875 -2.58058 0.5
4 449.904 -103.536 14.9112 0.5
4 446.858 -105.676 -11.9655 0.5
4 476.186 -152.254 -14.2022 0.5
4 447.894 -104.287 -13.8071 0.5
4 490.526 -159.851 8.42019 0.5
4 458.563 -130.353 -6.64405 0.5
4 481.523 -141.692 0.760672 0.5
4 461.16 -112.033 11.7141 0.5
4 450.518 -95.0173 -12.7183 0.5
4 454.823 -95.5279 1.74366 0.5
4 470.95 -123.658 2.98371 0.5
4 454.395 -119.013 -11.7467 0.5
4 479.258 -143.661 11.9339 0.5
4 487.24 -160.942 13.9026 0.5
4 465.025 -120.628 -13.0087 0.5
4 487.991 -182.056 4.88941 0.5
4 481.625 -152.387 14.3211 0.5
4 468.145 -121.534 -9.04512 0.5
4 480.1 -165.731 -9.60169 0.5
4 459.025 -104.157 6.43987 0.5
4 452.559 -119.789 -6.96569 0.5
4 457.017 -115.577 14.9391 0.5
4 473.179 -153.22 10.1976 0.5
4 481.987 -142.59 1.85565 0.5
4 475.679 -157.835 9.8808 0.5
4 473.615 -139.468 14.5846 0.5
4 445.978 -89.7537 14.0124 0.5
4 469.879 -137.263 -14.9808 0.5
4 447.102 -105.152 12.626 0.5
4 459.208 -125.638 -12.9222 0.5
4 455.961 -126.867 -3.95304 0.5
4 495.43 -195.039 -4.59548 0.5
4 446.624 -111.185 -1.10547 0.5
4 490.742 -171.696 14.9703 0.5
4 499.799 -184.403 14.4777 0.5
4 484.016 -146.111 -1.91029 0.5
4 453.645 -96.5822 -9.25627 0.5
4 454.611 -100.519 -11.5755 0.5
4 461.136 -135.998 -3.28297 0.5
4 451.111 -106.728 14.7492 0.5
4 453.664 -97.6678 -10.46 0.5
4 492.948 -185.302 -12.1169 0.5
4 458.488 -131.2 4.1095 0.5
4 467.53 -134.67 -14.8326 0.5
4 486.362 -174.452 -11.6914 0.5
4 490.07 -186.348 1.96322 0.5
4 478.125 -153.675 14.7192 0.5
4 473.786 -154.069 10.4115 0.5
4 470.085 -150.201 6.85797 0.5
4 495.838 -168.483 -7.51122 0.5
4 447.461 -86.7217 -10.2481 0.5
4 466.676 -119.827 -10.0567 0.5
4 483.633 -167.84 -12.9824 0.5
4 490.141 -181.136 11.5776 0.5
4 462.466 -109.834 -5.80799 0.5
4 488.663 -173.188 -14.4147 0.5
4 472.224 -154.099 -6.46937 0.5
4 495.652 -169.767 9.77555 0.5
4 467.951 -122.09 -10.1164 0.5
4 477.868 -142.844 12.9919 0.5
4 456.346 -124.016 10.2496 0.5
4 480.468 -169.305 3.98368 0.5
4 480.231 -140.385 5.25645 0.5
4 486.219 -173.146 -12.4681 0.5
4 499.336 -177.021 -10.7086 0.5
4 450.146 -100.264 14.8577 0.5
4 493.869 -178.707 -14.9859 0.5
4 457.606 -101.709 6.4595 0.5
4 481.499 -141.851 -2.56906 0.5
4 477.867 -163.647 -6.92172 0.5
4 472.904 -129.443 -8.58341 0.5
4 448.74 -113.174 -6.96717 0.5
4 491.495 -174.055 -14.9996 0.5
4 460.151 -105.087 3.57808 0.5
4 478.077 -164.742 -5.28522 0.5
4 494.943 -183.734 -14.5058 0.5
4 450.506 -115.874 -7.61008 0.5
4 455.226 -96.9739 -4.97517 0.5
4 452.474 -91.8934 -3.971 0.5
4 489.746 -169.831 14.9608 0.5
4 487.971 -178.116 -10.9271 0.5
4 489.301 -171.739 -14.915 0.5
4 456.463 -128.265 -0.212647 0.5
4 494.769 -192.946 -6.87588 0.5
4 451.719 -110.391 14.0168 0.5
4 494.511 -191.724 8.20496 0.5
4 487.977 -152.86 -0.544197 0.5
4 460.455 -109.711 10.7403 0.5
4 461.219 -124.223 14.7514 0.5
4 491.705 -172.356 -14.8726 0.5
4 454.122 -98.1789 10.1619 0.5
4 481.339 -169.053 -7.98125 0.5
4 466.242 -141.079 10.3326 0.5
4 450.55 -97.3845 13.8989 0.5
4 453.301 -116.078 -12.5019 0.5
4 479.963 -161.646 12.8873 0.5
4 494.49 -194.128 0.285426 0.5
4 483.05 -144.76 3.61966 0.5
4 447.065 -83.3006 6.13571 0.5
4 453.742 -119.21 -10.5576 0.5
4 498.824 -201.423 2.53567 0.5
4 477.299 -147.638 -14.9014 0.5
4 459.508 -133.479 1.35862 0.5
4 454.534 -97.5581 -8.48719 0.5
4 482.756 -173.808 0.169795 0.5
4 489.234 -155.959 -5.20116 0.5
4 482.065 -146.335 9.89281 0.5
4 475.084 -132.214 6.92447 0.5
4 499.367 -201.313 6.02942 0.5
4 452.915 -121.623 -3.83279 0.5
4 476.604 -157.28 11.9024 0.5
4 468.841 -148.506 5.87745 0.5
4 470.462 -152.042 3.73358 0.5
4 478.928 -157.972 -13.8353 0.5
4 465.687 -116.791 -8.36262 0.5
4 460.265 -122.39 -14.7835 0.5
4 483.003 -145.488 -6.00194 0.5
4 499.371 -172.587 0.118361 0.5
4 496.113 -189.628 12.8814 0.5
4 451.024 -92.5294 -9.84595 0.5
4 488.084 -153.057 0.792856 0.5
4 445.437 -94.3178 -14.9993 0.5
4 457.138 -101.005 -6.68076 0.5
4 454.534 -124.915 0.539558 0.5
4 484.493 -160.993 -14.9774 0.5
4 453.404 -120.893 7.61429 0.5
4 474.301 -159.103 1.34264 0.5
4 480.946 -141.703 5.46502 0.5
4 447.321 -92.826 14.2754 0.5
4 475.135 -130.99 -3.36165 0.5
4 484.445 -155.989 13.8565 0.5
4 462.637 -128.288 -14.3623 0.5
4 476.139 -140.203 13.1897 0.5
4 490.564 -157.982 -4.36796 0.5
4 463.189 -137.708 7.83397 0.5
4 471.446 -137.796 -14.9325 0.5
4 485.574 -176.469 7.85084 0.5
4 482.052 -155.957 -14.911 0.5
4 451.432 -96.8643 -12.8797 0.5
4 448.872 -86.7804 -6.8623 0.5
4 458.346 -104.937 9.52008 0.5
4 485.853 -158.499 13.886 0.5
4 467.584 -127.729 -14.2116 0.5
4 479.016 -142.09 10.9615 0.5
4 452.079 -111.382 -13.8715 0.5
4 498.416 -173.213 7.95194 0.5
4 465.868 -137.477 -12.7383 0.5
4 464.869 -130.009 -14.8402 0.5
4 447.505 -109.399 -9.45033 0.5
4 464.409 -137.921 10.3134 0.5
4 486.671 -156.058 -11.5833 0.5
4 485.885 -169.265 14.1289 0.5
4 448.347 -86.315 -7.66299 0.5
4 475.511 -152.033 13.8444 0.5
4 473.19 -133.032 -11.8427 0.5
4 497.392 -192.074 12.7415 0.5
4 467.414 -142.51 -10.9277 0.5
4 499.487 -172.824 -1.06212 0.5
4 499.922 -203.495 1.15882 0.5
4 498.408 -198.743 7.77902 0.5
4 477.817 -164.801 -3.65431 0.5
4 470.502 -128.905 -12.2341 0.5
4 465.044 -137.444 -11.7574 0.5
4 463.258 -110.189 2.13489 0.5
4 484.539 -149.541 8.50681 0.5
4 451.982 -91.3836 5.05896 0.5
4 473.974 -128.938 -3.18687 0.5
4 449.203 -114.129 -6.66803 0.5
4 490.486 -172.185 -15 0.5
4 459.087 -104.568 -7.04543 0.5
4 461.826 -127.637 -14.113 0.5
4 496.585 -187.703 14.162 0.5
4 491.788 -188.922 3.95136 0.5
4 475.583 -160.812 -4.10046 0.5
4 469.911 -150.863 -4.51934 0.5
4 485.863 -170.737 13.4956 0.5
4 456.287 -109.224 -14.5267 0.5
4 489.93 -156.493 2.77722 0.5
4 444.454 -106.091 -6.27496 0.5
4 448.629 -92.7459 -13.2918 0.5
4 459.742 -107.972 10.2266 0.5
4 499.492 -195.234 13.0257 0.5
4 478.069 -137.17 6.49706 0.5
4 498.663 -172.328 -5.30452 0.5
4 472.929 -154.284 -8.29588 0.5
4 464.207 -126.71 15 0.5
4 495.269 -165.965 3.7769 0.5
4 492.968 -167.723 -12.1679 0.5
4 478.014 -140.137 10.7548 0.5
4 474.405 -136.979 13.0678 0.5
4 480.245 -140.19 -4.62876 0.5
4 498.347 -181.896 -14.4799 0.5
4 469.53 -121.267 -3.30005 0.5
4 482.834 -144.014 1.46342 0.5
4 484.643 -153.79 -12.5042 0.5
4 484.06 -168.522 13.0164 0.5
4 453.078 -93.0895 -4.48501 0.5
4 472.26 -155.012 -4.25233 0.5
4 459.972 -106.077 -6.99902 0.5
4 446.539 -109.381 6.93038 0.5
4 455.307 -116.154 14.1808 0.5
4 470.429 -127.912 -11.5709 0.5
4 485.079 -159.075 14.5222 0.5
4 482.901 -161.747 -14.7574 0.5
4 467.549 -122.903 11.5535 0.5
4 484.335 -146.821 -2.87693 0.5
4 482.504 -166.046 12.8881 0.5
4 464.356 -124.113 -14.7315 0.5
4 463.15 -111.202 -6.22549 0.5
4 499.988 -195.44 -13.3775 0.5
4 483.34 -166.308 -13.524 0.5
4 467.202 -141.274 11.6842 0.5
4 479.43 -156.519 -14.5926 0.5
4 472.468 -148.993 12.6858 0.5
4 463.441 -118.819 13.502 0.5
4 468.113 -125.433 12.6812 0.5
4 478.213 -147.144 -14.512 0.5
4 485.861 -155.573 -12.2812 0.5
4 498.105 -197.601 -8.71555 0.5
4 462.09 -122.918 -14.9997 0.5
4 478.311 -149.065 14.8602 0.5
4 487.742 -180.069 -8.09959 0.5
4 475.131 -160.493 -1.78989 0.5
4 464.699 -112.533 -0.231736 0.5
4 448.3 -102.49 -14.6181 0.5
4 466.577 -139.394 -12.2833 0.5
4 489.886 -163.956 -13.1585 0.5
4 492.116 -168.459 13.4889 0.5
4 492.84 -163.624 8.06201 0.5
4 479.066 -166.856 4.06436 0.5
4 472.816 -126.598 0.467136 0.5
4 496.065 -195.558 6.11373 0.5
4 460.293 -130.86 10.242 0.5
4 464.895 -118.586 -11.7807 0.5
4 465.62 -142.624 -6.54355 0.5
4 452.977 -96.1897 -10.156 0.5
4 495.034 -167.304 7.86919 0.5
4 491.066 -187.154 -5.5038 0.5
5 543.923 -126.397 5.88152 0.5
5 538.193 -115.369 13.1843 0.5
5 501.533 -198.144 8.83122 0.5
5 544.302 -108.639 14.6317 0.5
5 507.965 -179.957 14.1142 0.5
5 504.911 -165.525 3.24729 0.5
5 520.336 -147.824 13.9044 0.5
5 529.601 -151.719 -4.48342 0.5
5 535.687 -112.146 -2.89707 0.5
5 544 -126.723 4.65818 0.5
5 538.199 -115.864 -13.446 0.5
5 549.512 -94.5273 12.4332 0.5
5 508.037 -189.75 0.380213 0.5
5 543.014 -126.877 -7.97416 0.5
5 517.064 -167.366 12.5295 0.5
5 530.438 -142.872 -13.3102 0.5
5 554.185 -82.5696 8.65061 0.5
5 518.263 -159.699 14.763 0.5
5 502.133 -194.112 11.9008 0.5
5 554.556 -81.693 -8.30926 0.5
5 531.502 -145.538 9.71894 0.5
5 502.227 -178.731 13.7099 0.5
5 515.685 -174.998 6.56129 0.5
5 533.068 -138.906 -12.9873 0.5
5 535.634 -141.57 3.37483 0.5
5 531.86 -144.871 -9.77354 0.5
5 536.373 -136.565 -10.3159 0.5
5 520.623 -138.634 4.46 0.5
5 516.91 -157.144 -14.8315 0.5
5 540.654 -128.787 -10.6862 0.5
5 516.46 -173.619 -6.63527 0.5
5 539.749 -106.269 -6.41591 0.5
5 516.833 -174.493 -0.88542 0.5
5 548.2 -115.796 -10.6081 0.5
5 532.326 -145.86 7.17038 0.5
5 533.432 -143.228 8.35366 0.5
5 508.47 -160.104 -5.63725 0.5
5 537.699 -137.806 4.10792 0.5
5 515.97 -175.305 4.5592 0.5
5 500.016 -199.948 9.8634 0.5
5 524.952 -138.313 13.1895 0.5
5 517.869 -144.889 -7.76038 0.5
5 501.255 -199.887 -6.77047 0.5
5 508.678 -168.78 -14.1894 0.5
5 520.706 -159.754 -13.2964 0.5
5 549.459 -115.539 -8.24707 0.5
5 539.342 -133.341 -7.80761 0.5
5 506.842 -191.197 4.29697 0.5
5 542.569 -114.592 14.9959 0.5
5 523.302 -162.835 3.76663 0.5
5 516.427 -151.104 11.9099 0.5
5 543.135 -125.277 9.84963 0.5
5 531.013 -144.212 11.807 0.5
5 505.878 -178.614 14.9995 0.5
5 510.168 -164.509 -13.4917 0.5
5 519.411 -169.806 -2.71967 0.5
5 536.323 -110.929 2.23849 0.5
5 515.456 -149.13 -7.86203 0.5
5 536.697 -112.797 -8.56043 0.5
5 526.001 -158.621 -0.743314 0.5
5 505.334 -184.006 -14.2871 0.5
5 545.667 -121.62 -8.94296 0.5
5 552.769 -87.1799 -11.0934 0.5
5 549.311 -93.7855 -11.6245 0.5
5 520.963 -167.022 -3.1982 0.5
5 543.196 -110.649 -14.6528 0.5
5 545.787 -123.485 5.072 0.5
5 542.575 -118.869 14.4745 0.5
5 516.008 -175.603 -3.19994 0.5
5 551.07 -104.927 -14.2421 0.5
5 548.383 -90.1409 -2.81864 0.5
5 536.894 -113.642 10.0552 0.5
5 530.257 -144.022 12.8411 0.5
5 523.526 -143.436 -14.3119 0.5
5 513.292 -180.013 4.33552 0.5
5 503.741 -167.65 -3.66669 0.5
5 517.995 -170.532 7.43829 0.5
5 523.262 -140.468 12.7406 0.5
5 519.131 -167.871 8.53961 0.5
5 500.35 -185.392 14.7592 0.5
5 504.568 -182.493 -14.8999 0.5
5 529.505 -123.821 -5.99418 0.5
5 545.283 -124.728 -3.89587 0.5
5 552.477 -95.746 -14.8613 0.5
5 553.995 -96.5854 14.9314 0.5
5 526.105 -154.409 10.252 0.5
5 555.433 -93.9111 -14.9479 0.5
5 505.078 -166.429 -6.63875 0.5
5 541.272 -131.963 -2.60079 0.5
5 555.172 -99.6528 -13.4998 0.5
5 546.973 -115.963 12.2566 0.5
5 545.098 -123.746 7.15772 0.5
5 515.692 -146.497 0.222639 0.5
5 500.339 -174.316 5.94378 0.5
5 547.478 -119.471 7.4296 0.5
5 516.693 -165.184 -13.9854 0.5
5 517.768 -150.821 13.225 0.5
5 540.909 -132.676 2.0672 0.5
5 524.937 -160.141 -3.18954 0.5
5 502 -170.727 3.90013 0.5
5 516.117 -172.469 9.37472 0.5
5 541.105 -129.1 9.48457 0.5
5 526.982 -134.12 12.8001 0.5
5 514.139 -178.096 5.61383 0.5
5 518.372 -145.315 9.58437 0.5
5 535.2 -137.729 -11.16 0.5
5 502.876 -189.795 13.7028 0.5
5 521.838 -140.248 10.6103 0.5
5 546.974 -104.928 14.8091 0.5
5 524.872 -149.655 -14.4401 0.5
5 553.645 -101.135 14.0035 0.5
5 508.262 -188.855 -3.87535 0.5
5 517.815 -159.341 -14.9226 0.5
5 526.692 -147.447 -14.1407 0.5
5 502.383 -185.815 -14.9464 0.5
5 513.615 -173.862 12.1704 0.5
5 545.784 -101.263 12.6178 0.5
5 554.651 -79.6096 4.17369 0.5
5 544.106 -126.897 -3.37311 0.5
5 501.334 -171.418 1.27291 0.5
5 510.364 -173.916 14.6566 0.5
5 535.73 -119.702 13.2208 0.5
5 543.269 -116.316 14.7757 0.5
5 509.874 -178.055 13.5271 0.5
5 540.736 -121.888 14.5187 0.5
5 507.133 -170.197 -13.6927 0.5
5 513.395 -161.651 -14.5044 0.5
5 512.501 -152.889 -5.0245 0.5
5 540.748 -107.04 10.1357 0.5
5 532.648 -136.388 14.3822 0.5
5 541.901 -117.12 -14.9653 0.5
5 538.575 -136.814 1.18512 0.5
5 521.768 -148.931 14.8605 0.5
5 553.722 -91.7437 -14.4891 0.5
5 506.862 -191.67 1.88803 0.5
5 529.848 -135.239 14.899 0.5
5 519.126 -151.175 14.3486 0.5
5 517.017 -148.583 -10.5948 0.5
5 515.958 -146.053 -0.745613 0.5
5 510.452 -172.008 14.931 0.5
5 519.272 -145.774 11.5916 0.5
5 513.688 -172.249 -13.1138 0.5
5 509.184 -174.555 -14.8931 0.5
5 518.726 -151.529 -14.2407 0.5
5 535.488 -116.379 -10.3789 0.5
5 548.922 -100.939 -14.6967 0.5
5 527.872 -125.492 1.65846 0.5
5 523.633 -137.554 11.0089 0.5
5 528.252 -125.806 5.54915 0.5
5 516.615 -172.415 -8.26357 0.5
5 549.611 -109.254 13.5151 0.5
5 553.249 -107.684 -9.93495 0.5
5 539.136 -126.238 -14.0142 0.5
5 534.581 -141.616 -7.75855 0.5
5 549.02 -118.671 -1.73049 0.5
5 509.274 -187.476 -2.01697 0.5
5 538.489 -122.23 14.9984 0.5
5 554.624 -79.0716 0.513995 0.5
5 505.097 -171.536 -12.4869 0.5
5 506.008 -165.083 7.15178 0.5
5 527.607 -126.411 -4.03525 0.5
5 553.931 -109.877 3.38 0.5
5 552.18 -86.5336 -9.30817 0.5
5 516.388 -159.337 14.9696 0.5
5 510.563 -174.649 -14.3795 0.5
5 547.735 -116.291 10.909 0.5
5 539.18 -134.696 -5.6811 0.5
5 530.769 -150.192 -2.37718 0.5
5 525.352 -159.32 3.61895 0.5
5 501.345 -188.276 14.8753 0.5
5 508.256 -175.023 14.986 0.5
5 506.72 -162.036 -0.156875 0.5
5 542.527 -129.473 -4.00293 0.5
5 527.832 -140.509 -14.9999 0.5
5 528.381 -149.347 11.3302 0.5
5 540.217 -131.283 8.63467 0.5
5 522.789 -134.623 3.52321 0.5
5 530.038 -149.363 7.95592 0.5
5 532.295 -130.051 14.7573 0.5
5 523.598 -150.504 14.7547 0.5
5 529.667 -136.898 14.9949 0.5
5 515.422 -155.062 -13.3181 0.5
5 511.881 -182.441 4.38842 0.5
5 547.085 -108.696 -14.9171 0.5
5 539.098 -122.201 -14.9483 0.5
5 517.215 -170.612 -9.31824 0.5
5 528.107 -151.803 9.2465 0.5
5 542.503 -108.302 13.3925 0.5
5 517.49 -147.658 10.4878 0.5
5 553.413 -104.135 12.7049 0.5
5 522.118 -165.323 1.13111 0.5
5 521.563 -154.946 14.5569 0.5
5 542.234 -126.005 -10.7313 0.5
5 526.711 -128.766 -6.23182 0.5
5 510.029 -171.097 -14.9986 0.5
5 537.148 -134.68 10.8603 0.5
5 550.957 -93.9499 -13.5351 0.5
5 516.349 -175.339 0.749114 0.5
5 531.134 -142.402 12.9016 0.5
5 532.275 -120.43 8.52171 0.5
5 526.085 -129.471 -5.32423 0.5
5 533.227 -121.837 -11.7789 0.5
5 553.686 -106.388 10.5122 0.5
5 501.763 -196.066 -10.7658 0.5
5 522.941 -135.069 -5.70968 0.5
5 500.061 -182.278 -13.6167 0.5
5 524.09 -141.35 13.9158 0.5
5 523.123 -159.832 -9.97112 0.5
5 528.286 -147.549 -12.7711 0.5
5 543.759 -100.486 -8.44536 0.5
5 504.16 -169.767 9.38433 0.5
5 504.737 -195.209 -2.79037 0.5
5 530.023 -121.792 -1.87901 0.5
5 514.45 -177.054 6.72677 0.5
5 504.088 -196.14 -3.66585 0.5
5 516.292 -175.439 -0.723223 0.5
5 545.059 -105.196 13.9807 0.5
5 535.107 -118.357 -11.5987 0.5
5 526.951 -141.882 14.9996 0.5
5 535.729 -138.349 -9.56062 0.5
5 528.013 -153.359 -7.11941 0.5
5 506.381 -192.44 2.33625 0.5
5 525.204 -140.567 14.3236 0.5
5 529.924 -150.49 -6.23258 0.5
5 540.273 -116.622 14.8229 0.5
5 536.236 -120.758 -14.0863 0.5
5 516.655 -164.753 14.1684 0.5
5 526.444 -157.317 -4.04324 0.5
5 550.291 -114.704 -7.24142 0.5
5 521.971 -162.067 -9.69262 0.5
5 514.593 -150.622 -7.85927 0.5
6 561.036 -91.6012 14.976 0.5
6 588.483 -101.011 12.3174 0.5
6 573.231 -89.7669 -14.7581 0.5
6 587.468 -93.3227 -14.9746 0.5
6 601.56 -96.7535 -14.3694 0.5
6 647.794 -107.438 0.606135 0.5
6 609.404 -82.9425 -11.602 0.5
6 559.714 -103.242 10.4178 0.5
6 576.881 -94.6553 -14.837 0.5
6 573.554 -107.408 1.11696 0.5
6 626.858 -77.9317 3.77063 0.5
6 585.06 -77.4971 1.18681 0.5
6 569.475 -79.453 7.48831 0.5
6 571.42 -102.592 -11.052 0.5
6 617.064 -83.4862 -12.027 0.5
6 635.853 -96.8657 -14.3354 0.5
6 607.566 -97.3363 -14.1818 0.5
6 595.51 -78.0125 4.06892 0.5
6 640.613 -91.8785 14.9891 0.5
6 568.902 -106.563 5.08193 0.5
6 597.035 -87.5491 -14.1768 0.5
6 562.371 -77.9287 -3.75878 0.5
6 639.069 -89.9435 -14.7891 0.5
6 603.592 -104.592 -8.80749 0.5
6 624.198 -96.4145 -14.4666 0.5
6 593.083 -103.915 9.67218 0.5
6 559.587 -82.3371 -11.0782 0.5
6 601.914 -105.196 -7.90755 0.5
6 569.697 -88.2588 14.4025 0.5
6 584.169 -79.4603 -7.50098 0.5
6 616.265 -100.338 -12.7586 0.5
6 564.74 -93.6577 14.9513 0.5
6 565.31 -103.366 -10.2882 0.5
6 649.639 -78.99 6.62017 0.5
6 597.848 -89.4181 -14.6904 0.5
6 596.504 -107.391 1.33522 0.5
6 603.265 -78.7759 -6.16571 0.5
6 604.081 -77.6994 2.72363 0.5
6 613.513 -91.4503 14.9666 0.5
6 574.59 -105.685 7.05967 0.5
6 585.3 -79.5682 7.6848 0.5
6 614.27 -104.008 9.5605 0.5
6 572.932 -87.6878 -14.224 0.5
6 616.881 -94.1199 -14.9068 0.5
6 625.146 -101.641 11.8548 0.5
6 661.873 -82.0305 -10.7904 0.5
6 637.998 -105.016 8.19117 0.5
6 567.889 -107.429 -0.788979 0.5
6 601.809 -88.7674 14.5409 0.5
6 645.35 -79.2499 -7.12431 0.5
6 567.423 -80.5592 9.14366 0.5
6 647.718 -87.0372 -13.9893 0.5
6 614.199 -83.6646 -12.1579 0.5
6 608.588 -106.356 5.62251 0.5
6 631.844 -103.612 10.0204 0.5
6 583.841 -104.169 -9.36293 0.5
6 656.769 -97.7125 14.0466 0.5
6 606.468 -88.6402 14.5081 0.5
6 662.279 -93.8112 14.9381 0.5
6 585.75 -88.7061 14.5253 0.5
6 594.184 -96.8948 -14.3264 0.5
6 567.292 -80.037 -8.42111 0.5
6 590.824 -77.6605 2.50351 0.5
6 561.846 -101.006 -12.3206 0.5
6 648.762 -81.0761 -9.77919 0.5
6 569.986 -78.2971 -4.96928 0.5
6 592.435 -105.485 -7.42254 0.5
6 638.148 -78.2315 -4.77828 0.5
6 661.142 -78.7369 6.07852 0.5
6 655.413 -96.6116 -14.4112 0.5
6 631.123 -106.887 -4.07305 0.5
6 561.553 -102.189 11.4082 0.5
6 617.208 -88.6165 14.5018 0.5
6 653.766 -77.5352 -1.59536 0.5
6 577.337 -99.5308 13.2236 0.5
6 615.651 -84.4327 -12.6776 0.5
6 657.394 -82.0018 -10.7626 0.5
6 562.842 -106.756 4.50887 0.5
6 557.452 -78.5866 -5.72755 0.5
6 652.718 -82.8977 11.5651 0.5
6 654.313 -107.171 -2.88112 0.5
6 664.455 -106.714 4.64094 0.5
6 591.726 -99.144 13.4235 0.5
6 584.562 -102.15 -11.4416 0.5
6 610.336 -94.7633 14.8206 0.5
6 632.272 -81.082 9.78609 0.5
6 587.954 -81.5648 10.3204 0.5
6 649.263 -104.783 -8.5382 0.5
6 592.755 -89.9399 14.7885 0.5
6 590.006 -89.8506 14.773 0.5
6 567.543 -105.193 -7.91376 0.5
6 635.891 -77.5049 -1.281 0.5
6 567.123 -89.0376 14.6067 0.5
6 665.962 -89.1082 -14.623 0.5
6 557.664 -93.4959 14.9635 0.5
6 597.785 -94.8302 14.81 0.5
6 655.721 -105.301 -7.73669 0.5
6 581.019 -87.7854 -14.2562 0.5
6 615.635 -81.6385 -10.3976 0.5
6 637.946 -97.6984 14.0519 0.5
6 656.16 -107.449 -0.164267 0.5
6 586.491 -77.5467 1.69979 0.5
6 562.125 -96.6857 -14.3896 0.5
6 625.327 -107.136 -3.05406 0.5
6 600.397 -79.2896 7.19731 0.5
6 635.995 -85.395 13.2373 0.5
6 600.383 -96.2301 -14.5159 0.5
6 586.294 -81.003 -9.69347 0.5
6 561.444 -78.9512 6.54073 0.5
6 609.797 -103.61 10.0228 0.5
6 572.387 -78.2244 -4.75722 0.5
6 608.481 -86.118 -13.5979 0.5
6 596.131 -106.1 6.21957 0.5
6 644.419 -95.1836 -14.7488 0.5
6 579.155 -87.9667 -14.3143 0.5
6 559.936 -77.5845 2.00336 0.5
6 601.475 -101.375 -12.056 0.5
6 584.754 -101.323 -12.0943 0.5
6 603.696 -107.407 1.13946 0.5
6 600.168 -78.3853 -5.21359 0.5
6 658.1 -102.859 -10.8007 0.5
6 612.177 -78.5072 -5.53139 0.5
6 666.314 -98.363 -13.7854 0.5
6 623.913 -105.778 -6.88156 0.5
6 639.775 -96.4061 14.4689 0.5
6 582.759 -95.1315 -14.7584 0.5
6 664.26 -107.404 1.17672 0.5
6 628.508 -77.8148 -3.28771 0.5
6 665.716 -88.0008 -14.3249 0.5
6 658.568 -105.188 -7.9211 0.5
6 623.481 -87.6827 14.2222 0.5
6 597.379 -79.7317 7.95253 0.5
6 567.005 -106.277 5.81517 0.5
6 588.919 -78.3181 5.0287 0.5
6 583.477 -80.2515 -8.72897 0.5
6 650.391 -78.6221 5.81264 0.5
6 644.216 -82.5187 -11.2413 0.5
6 623.267 -77.7258 -2.86252 0.5
6 562.841 -104.591 8.80863 0.5
6 581.132 -104.374 9.1007 0.5
6 566.095 -106.868 4.13965 0.5
6 617.444 -84.445 12.6854 0.5
6 560.456 -87.5476 14.1762 0.5
6 639.169 -106.317 -5.71842 0.5
6 651.649 -77.562 1.82852 0.5
6 563.168 -102.319 -11.296 0.5
6 595.717 -102.341 -11.2765 0.5
6 586.059 -84.4483 12.6875 0.5
6 601.792 -107.438 0.606469 0.5
6 591.771 -90.9036 -14.9201 0.5
6 635.584 -104.16 -9.37374 0.5
6 576.098 -89.4084 -14.6884 0.5
6 581.026 -104.989 -8.23218 0.5
6 579.585 -80.3782 -8.90328 0.5
6 570.779 -104.376 9.09824 0.5
6 643.794 -102.572 11.0701 0.5
6 613.334 -90.4394 14.8646 0.5
6 661.297 -107.223 2.59798 0.5
6 584.567 -106.201 -5.99338 0.5
6 659.458 -79.1638 6.96246 0.5
6 616.083 -102.341 -11.2771 0.5
6 646.001 -92.4308 -15 0.5
6 648.168 -106.532 -5.16755 0.5
6 634.32 -88.1617 14.3739 0.5
6 577.762 -104.578 -8.82715 0.5
6 595.885 -98.9731 13.5074 0.5
6 663.565 -104.784 -8.53671 0.5
6 603.658 -78.2243 -4.75677 0.5
6 577.193 -106.28 -5.80781 0.5
6 623.301 -97.9036 13.9735 0.5
6 603.078 -100.233 -12.8226 0.5
6 592.702 -79.1127 6.86405 0.5
6 633.903 -98.8682 -13.5576 0.5
6 642.957 -106.137 -6.13787 0.5
6 569.58 -107.161 -2.93254 0.5
6 638.394 -100.817 -12.4495 0.5
6 561.6 -80.7364 -9.36966 0.5
6 567.93 -107.283 -2.23466 0.5
6 573.161 -97.7614 14.0282 0.5
6 580.018 -105.102 -8.05829 0.5
6 590.507 -106.507 5.23437 0.5
6 619.877 -107.38 -1.4526 0.5
6 625.837 -91.4565 14.9671 0.5
6 582.741 -104.787 8.53214 0.5
6 610.492 -95.2042 -14.745 0.5
6 615.18 -79.439 7.46404 0.5
6 567.711 -89.4995 -14.7069 0.5
6 603.217 -77.4748 0.85993 0.5
6 614.045 -102.946 -10.7164 0.5
6 653.991 -86.6593 13.8372 0.5
6 624.126 -91.4966 14.9697 0.5
6 593.834 -101.675 11.8283 0.5
6 602.115 -107.032 -3.51678 0.5
6 621.999 -106.569 5.06573 0.5
6 566.417 -78.5632 5.67042 0.5
6 571.365 -80.9546 -9.63611 0.5
6 650.641 -89.0143 14.6012 0.5
6 634.353 -82.1194 10.8755 0.5
6 640.331 -91.6628 -14.9793 0.5
6 577.397 -103.352 -10.3028 0.5
6 632.893 -78.9449 -6.52761 0.5
6 632.067 -83.9502 -12.3593 0.5
6 625.873 -106.423 -5.45529 0.5
6 634.64 -77.6509 2.44622 0.5
6 556.675 -80.7238 -9.35388 0.5
6 612.178 -106.788 -4.40782 0.5
6 617.641 -98.7973 -13.5909 0.5
6 603.157 -83.261 11.8558 0.5
6 624.025 -103.379 -10.2746 0.5
6 647.256 -81.1249 -9.83565 0.5
6 560.297 -107.309 -2.0537 0.5
6 642.804 -105.225 -7.86076 0.5
6 581.899 -96.1096 -14.5468 0.5
6 643.693 -78.258 -4.85645 0.5
6 645.772 -77.5044 1.27572 0.5
6 615.04 -91.7808 14.9851 0.5
6 634.096 -80.2522 -8.72992 0.5
6 627.63 -100.687 -12.536 0.5
6 614.285 -96.513 -14.4393 0.5
6 655.879 -95.6132 -14.6627 0.5
6 631.541 -107.29 -2.18893 0.5
6 657.471 -91.7361 -14.983 0.5
6 636.884 -107.122 -3.11939 0.5
6 581.517 -86.1481 -13.6119 0.5
6 570.219 -97.2921 14.197 0.5
6 559.623 -89.8093 14.7657 0.5
6 660.915 -96.2511 -14.5104 0.5
6 633.506 -105.779 6.88122 0.5
6 644.659 -81.3472 10.086 0.5
6 656.863 -94.4439 14.8669 0.5
6 597.656 -78.5568 5.65479 0.5
6 605.22 -106.034 -6.3632 0.5
6 564.718 -79.7754 8.02195 0.5
6 634.399 -95.6321 14.6586 0.5
6 604.154 -98.5974 13.6825 0.5
6 563.985 -77.5737 1.92137 0.5
6 648.165 -102.292 11.3198 0.5
6 592.711 -102.054 -11.5226 0.5
6 646.009 -106.215 5.96058 0.5
6 559.423 -102.316 11.2992 0.5
6 569.691 -88.2601 -14.4029 0.5
6 567.861 -82.8394 -11.5167 0.5
6 637.416 -79.9353 8.26916 0.5
6 612.609 -107.367 -1.57897 0.5
6 609.861 -82.6172 11.3276 0.5
6 571.394 -94.476 -14.8626 0.5
7 627.125 -17.1956 -13.3869 0.5
7 649.33 -59.1601 -14.641 0.5
7 664.937 -104.424 -0.943899 0.5
7 642.248 -64.9441 2.50669 0.5
7 639.179 -56.4991 -9.43724 0.5
7 642.055 -48.1651 -14.9082 0.5
7 615.054 10.0802 -7.24468 0.5
7 649.837 -65.5504 -14.8304 0.5
7 629.07 -16.7386 -10.6206 0.5
7 612.897 -14.2351 -1.57347 0.5
7 654.158 -79.5194 12.1947 0.5
7 620.886 -12.7281 14.9939 0.5
7 639.662 -31.5411 5.01701 0.5
7 663.25 -71.5605 0.909974 0.5
7 648.92 -58.2347 -14.5913 0.5
7 613.869 0.935086 14.8743 0.5
7 622.376 -2.60199 7.24356 0.5
7 641.326 -39.1032 11.6443 0.5
7 663.259 -73.1693 6.78514 0.5
7 643.372 -54.9129 -14.7345 0.5
7 647.433 -73.166 -5.30773 0.5
7 650.181 -77.8591 -5.48228 0.5
7 638.256 -30.2913 7.56845 0.5
7 629.585 -26.1428 -14.8551 0.5
7 615.69 -6.09681 14.874 0.5
7 652.658 -71.5967 14.6071 0.5
7 616.909 -6.91299 14.9861 0.5
7 637.234 -36.4102 14.1207 0.5
7 627.806 -15.8727 -11.7937 0.5
7 653.015 -53.9811 2.29739 0.5
7 643.801 -37.9615 -1.856 0.5
7 666.187 -104.017 8.44286 0.5
7 618.974 -7.84402 14.8662 0.5
7 612.846 12.3724 -9.50746 0.5
7 641.486 -45.2115 14.5555 0.5
7 621.631 -27.4917 7.40493 0.5
7 639.171 -36.4544 12.4461 0.5
7 664.68 -74.0434 1.02263 0.5
7 612.703 -2.22338 14.6455 0.5
7 638.346 -55.154 -9.31501 0.5
7 648.979 -48.4162 6.74371 0.5
7 618.865 -6.05272 -14.561 0.5
7 639.202 -58.6509 -5.94582 0.5
7 641.556 -49.5179 14.9895 0.5
7 654.03 -55.5744 -0.587024 0.5
7 644.414 -54.9814 14.9614 0.5
7 619.339 -25.3673 -1.80689 0.5
7 626.99 -28.2182 14.3123 0.5
7 611.411 -10.5137 5.95165 0.5
7 657.728 -91.9678 0.120228 0.5
7 631.509 -19.0581 -8.29533 0.5
7 613.017 2.95666 14.7932 0.5
7 618.951 -19.7842 11.1986 0.5
7 664.29 -88.1806 -14.9992 0.5
7 628.53 -11.7935 -3.43485 0.5
7 613.13 -4.6168 -14.179 0.5
7 653.149 -60.0447 -12.0063 0.5
7 638.595 -50.2303 -13.5651 0.5
7 625.027 -34.6018 -4.61264 0.5
7 619.554 -22.9816 8.81927 0.5
7 648.683 -73.0025 9.3845 0.5
7 623.288 -31.6939 4.27694 0.5
7 652.412 -78.0476 10.9172 0.5
7 618.64 -20.8856 -9.48582 0.5
7 626.667 -22.3472 -14.9775 0.5
7 634.469 -21.8445 2.20109 0.5
7 646.91 -58.5489 -14.9966 0.5
7 651.691 -61.4038 14.1033 0.5
7 649.821 -53.0672 10.9928 0.5
7 632.017 -43.754 -9.84191 0.5
7 644.217 -46.1243 13.0236 0.5
7 624.428 -23.9494 -14.2584 0.5
7 661.345 -81.1186 -14.8503 0.5
7 662.782 -100.056 -4.42155 0.5
7 659.301 -78.9348 -14.9809 0.5
7 643.19 -41.5032 10.919 0.5
7 615.111 5.62895 12.1603 0.5
7 644.246 -42.2116 9.74244 0.5
7 620.917 -17.8874 14.2521 0.5
7 655.05 -75.8774 -14.5744 0.5
7 634.731 -25.5408 9.51604 0.5
7 646.227 -53.3078 14.5264 0.5
7 619.781 -20.8543 11.515 0.5
7 624.602 -15.603 14.4599 0.5
7 665.629 -90.6868 15 0.5
7 622.249 -4.13831 9.77407 0.5
7 654.137 -67.5316 14.6512 0.5
7 641.814 -57.6767 12.5127 0.5
7 630.288 -28.8077 14.9867 0.5
7 654.434 -62.5808 -12.2328 0.5
7 652.164 -70.1815 14.7267 0.5
7 652.978 -63.6647 -14.1148 0.5
7 649.903 -52.1144 9.86445 0.5
7 658.38 -78.04 14.9999 0.5
7 633.37 -38.2708 14.5878 0.5
7 611.817 -3.33814 13.795 0.5
7 638.573 -31.9871 9.25534 0.5
7 631.734 -43.5946 9.44883 0.5
7 611.305 0.438977 -14.6968 0.5
7 617.877 -5.37215 14.778 0.5
7 666.045 -96.3104 -14.1643 0.5
7 627.367 -27.2759 14.7179 0.5
7 644.031 -66.3847 7.2323 0.5
7 652.426 -60.3661 -13.0367 0.5
7 649.167 -47.1396 -0.0136769 0.5
7 649.074 -72.6057 -10.5867 0.5
7 627.938 -20.4792 14.1803 0.5
7 611.573 -7.0553 11.1532 0.5
7 639.878 -31.1101 1.32923 0.5
7 627.253 -24.4506 14.9976 0.5
7 654.22 -75.2201 14.3617 0.5
7 661.432 -98.0456 3.16845 0.5
7 630.383 -20.4476 11.881 0.5
7 631.758 -16.9878 -0.133498 0.5
7 617.421 -19.5047 -8.51283 0.5
7 627.715 -16.6287 -12.4576 0.5
7 656.282 -61.1096 -6.83235 0.5
7 641.122 -61.3825 -7.16652 0.5
7 665.25 -79.3092 -10.5254 0.5
7 653.077 -62.5103 -13.5652 0.5
7 616.507 -20.4851 -1.60833 0.5
7 640.35 -51.2244 14.3537 0.5
7 650.013 -68.4146 -14.2078 0.5
7 649.178 -63.6862 14.922 0.5
7 649.913 -78.0835 -3.2141 0.5
7 640.616 -33.4494 -5.68642 0.5
7 655.899 -88.7899 0.561457 0.5
7 615.329 -11.5577 12.6718 0.5
7 660.275 -87.5679 13.6637 0.5
7 622.133 -5.56283 11.3963 0.5
7 643.426 -63.0936 -10.3081 0.5
7 637.005 -43.0072 14.8749 0.5
7 628.229 -38.8323 7.55594 0.5
7 645.144 -40.8445 4.43915 0.5
7 614.526 12.6219 2.65941 0.5
7 635.52 -27.8186 -10.5284 0.5
7 646.145 -43.0119 -5.65219 0.5
7 641.791 -52.7541 -14.6119 0.5
7 655.509 -62.9208 10.9953 0.5
7 648.11 -73.7964 6.56428 0.5
7 643.997 -61.0959 12.7444 0.5
7 661.189 -68.0148 -1.24301 0.5
7 631.046 -23.9439 13.3652 0.5
7 654.822 -86.8358 -1.71698 0.5
7 628.239 -40.873 -0.734449 0.5
7 633.236 -36.7303 -14.8401 0.5
7 628.776 -32.5961 13.8437 0.5
7 665.216 -102.46 -8.25914 0.5
7 646.835 -65.1937 13.2172 0.5
7 622.362 -5.06684 -10.5684 0.5
7 648.4 -54.0607 -13.3951 0.5
7 664.185 -83.9009 14.385 0.5
7 626.973 -18.0871 13.9107 0.5
7 663.408 -76.1512 -10.5579 0.5
7 635.83 -26.438 8.13785 0.5
7 643.046 -42.4883 -11.9627 0.5
7 655.351 -67.6902 -14.0843 0.5
7 655.265 -83.091 -10.8194 0.5
7 650.727 -73.2546 -12.4185 0.5
7 658.126 -72.6057 14.1239 0.5
7 627.592 -37.9415 -7.17975 0.5
7 642.823 -61.4447 10.9104 0.5
7 652.778 -75.4006 -13.2628 0.5
7 631.161 -16.3773 3.5466 0.5
7 649.696 -75.6129 8.2039 0.5
7 650.632 -78.0718 -6.75126 0.5
7 639.428 -44.8983 -14.9954 0.5
7 618.412 -0.469226 -12.4265 0.5
7 629.645 -14.6633 6.18816 0.5
7 665.47 -100.232 11.3093 0.5
7 662.11 -99.5522 -0.402035 0.5
7 657.736 -65.938 -10.1516 0.5
7 658.026 -91.8718 4.242 0.5
7 657.231 -90.2582 4.97227 0.5
7 656.798 -77.6805 14.8189 0.5
7 612.532 -13.5851 1.73335 0.5
7 653.837 -60.7674 -11.6403 0.5
7 635.146 -48.7074 -10.3537 0.5
7 650.917 -52.0626 -7.29197 0.5
7 628.37 -29.4155 -14.6331 0.5
7 613.369 12.7467 -7.68369 0.5
7 649.094 -70.0313 -12.6773 0.5
7 666.153 -98.3552 13.3732 0.5
7 646.791 -69.5206 -9.63429 0.5
7 660.414 -67.6017 5.33681 0.5
7 626.105 -37.0985 -1.70656 0.5
7 655.902 -83.742 -11.2362 0.5
7 628.95 -23.0247 14.4292 0.5
7 632.646 -21.6199 -9.12485 0.5
7 646.045 -71.3012 3.57169 0.5
7 619.876 -22.3256 -10.2838 0.5
7 666.615 -93.5417 -14.9535 0.5
7 624.251 -10.5638 -12.414 0.5
7 660.89 -92.9665 10.6914 0.5
7 648.986 -49.3587 -8.34107 0.5
7 625.02 -19.1985 14.9584 0.5
7 611.813 15.7689 7.1073 0.5
7 629.739 -39.7937 -9.85963 0.5
7 620.342 -4.47535 12.8499 0.5
7 625.566 -32.4187 -10.0265 0.5
7 648.288 -59.5192 -14.9598 0.5
7 655.922 -58.839 -0.0146373 0.5
7 654.946 -61.5607 -10.625 0.5
7 657.435 -61.9139 -3.66309 0.5
7 626.668 -11.5834 -9.52537 0.5
7 659.632 -69.6923 10.6393 0.5
7 613.81 -11.2445 -10.8627 0.5
7 637.372 -36.3508 -14.01 0.5
7 638.424 -35.0589 -12.378 0.5
7 652.178 -52.5756 -2.56126 0.5
7 654.885 -57.0464 -0.276119 0.5
7 656.117 -76.943 14.743 0.5
7 611.29 5.69445 14.8334 0.5
7 664.057 -102.768 2.19819 0.5
7 656.943 -60.6301 0.815391 0.5
7 657.575 -91.4557 -2.71433 0.5
7 659.079 -64.4126 -1.77053 0.5
7 657.525 -73.9353 14.7585 0.5
7 644.803 -68.2297 -6.22208 0.5
7 647.754 -54.5687 -14.0976 0.5
7 618.437 -16.7747 12.7756 0.5
7 632.677 -31.2802 -14.823 0.5
7 631.889 -17.4239 -2.50838 0.5
7 643.382 -57.6764 13.9331 0.5
7 638.699 -40.7903 -14.6507 0.5
7 614.375 -16.7506 1.94989 0.5
7 631.514 -46.2886 -2.85763 0.5
7 634.758 -35.3078 -14.8823 0.5
7 648.058 -50.4512 11.3841 0.5
7 614.657 12.5954 -1.0651 0.5
7 630.858 -37.0884 -13.4396 0.5
7 617.569 1.93852 -11.7296 0.5
7 636.585 -53.8472 -6.5365 0.5
7 621.96 -15.4499 14.9937 0.5
7 648.31 -45.7126 1.30412 0.5
7 630.341 -34.3277 -14.2128 0.5
7 665.956 -96.31 14.11 0.5
7 618.828 -24.5184 1.47128 0.5
7 648.96 -48.9699 7.8005 0.5
8 612.945 13.4386 -13.5248 0.5
8 663.487 79.5398 -1.18649 0.5
8 658.937 73.9423 -8.02972 0.5
8 656.511 70.1031 -8.57684 0.5
8 638.857 36.9381 -1.77595 0.5
8 612.401 19.8363 5.81313 0.5
8 633.987 35.1451 12.5263 0.5
8 660.684 88.97 14.9851 0.5
8 640.682 47.5403 -13.0171 0.5
8 654.37 92.6702 -5.46401 0.5
8 664.171 91.1937 14.3141 0.5
8 652.409 79.5722 -14.3801 0.5
8 632.359 33.1665 13.0418 0.5
8 657.625 74.3803 11.217 0.5
8 615.77 -3.14251 0.613696 0.5
8 660.574 93.0674 14.5567 0.5
8 627.731 30.3073 14.8297 0.5
8 642.71 43.7864 2.88693 0.5
8 615.871 26.7555 -2.8037 0.5
8 624.538 31.0206 14.4596 0.5
8 664.642 88.4718 12.6746 0.5
8 658.234 70.9265 -3.95858 0.5
8 634.124 51.3285 -12.8763 0.5
8 614.701 14.8992 14.1748 0.5
8 655.873 68.0887 7.09317 0.5
8 644.021 67.5597 13.3789 0.5
8 648.177 55.6147 8.49881 0.5
8 614.063 3.82918 -14.1215 0.5
8 633.71 41.6011 14.9422 0.5
8 654.947 66.0407 -6.19518 0.5
8 630.829 37.0577 14.9747 0.5
8 642.807 69.2612 -10.6252 0.5
8 626.854 25.372 -13.8866 0.5
8 613.084 22.1915 -0.0203172 0.5
8 658.313 73.9673 9.55324 0.5
8 663.213 90.6215 14.6102 0.5
8 641.33 41.7696 4.38143 0.5
8 629.191 49.685 3.46424 0.5
8 640.586 43.9535 10.3326 0.5
8 614.578 0.937987 12.1165 0.5
8 656.137 91.0633 -11.7681 0.5
8 638.45 53.8314 -14.7541 0.5
8 634.935 32.2644 7.86082 0.5
8 623.107 39.3789 -2.27593 0.5
8 653.858 65.2046 -8.12362 0.5
8 612.984 -5.88716 7.64535 0.5
8 615.036 25.0979 -3.7464 0.5
8 611.532 -5.98507 -10.7232 0.5
8 650.013 63.8382 13.094 0.5
8 641.955 54.4153 14.7396 0.5
8 661.505 100.84 -11.3728 0.5
8 653.634 63.1733 -4.67102 0.5
8 657.588 80.8796 14.6104 0.5
8 622.351 8.49073 -2.71744 0.5
8 641.692 47.2606 11.623 0.5
8 647.547 54.3626 -8.25964 0.5
8 630.345 27.0419 -11.1379 0.5
8 637.431 57.0016 -12.9092 0.5
8 662.133 105.888 -6.01521 0.5
8 645.639 77.7088 5.03652 0.5
8 626.739 36.3137 -13.9672 0.5
8 632.463 34.3452 -13.5607 0.5
8 626.419 39.2108 -12.0579 0.5
8 658.783 71.9297 -4.14676 0.5
8 624.96 18.5025 -11.8007 0.5
8 656.94 96.6794 -6.4836 0.5
8 624.132 31.0872 -14.2248 0.5
8 633.651 43.8583 14.9637 0.5
8 635.347 37.0577 12.2233 0.5
8 627.776 18.1482 -3.87505 0.5
8 618.057 3.72524 8.89097 0.5
8 615.23 -0.133437 10.1516 0.5
8 626.305 17.6381 -8.3601 0.5
8 620.785 10.9335 11.5287 0.5
8 625.255 40.7468 8.33092 0.5
8 643.552 69.754 -11.3643 0.5
8 653.751 91.177 6.4408 0.5
8 612.116 9.7414 14.3925 0.5
8 637.261 55.2264 13.6773 0.5
8 651.699 62.2271 -9.1987 0.5
8 633.941 54.2238 -10.2989 0.5
8 652.896 68.8665 -13.1135 0.5
8 612.181 -8.53061 4.95522 0.5
8 633.598 32.3799 10.8635 0.5
8 630.343 47.2217 11.0578 0.5
8 631.616 53.9989 -2.94456 0.5
8 620.886 8.22408 -8.31894 0.5
8 652.004 60.1349 -3.95573 0.5
8 615.417 14.0908 14.7253 0.5
8 635.839 39.8652 13.4005 0.5
8 643.401 54.3673 -14.0189 0.5
8 640.189 69.1224 -0.722824 0.5
8 660.662 75.3132 -4.56897 0.5
8 628.316 40.0683 13.5215 0.5
8 640.312 63.8804 11.5851 0.5
8 654.3 93.4858 1.68315 0.5
8 633.554 33.7577 12.0825 0.5
8 626.817 43.3163 -8.53201 0.5
8 656.418 79.0066 -14.6454 0.5
8 658.19 95.2695 11.2241 0.5
8 663.493 94.5716 -14.9998 0.5
8 650.697 58.477 5.72767 0.5
8 649.257 66.6273 14.6506 0.5
8 622.585 38.1943 3.65941 0.5
8 614.717 16.3112 13.6173 0.5
8 639.361 65.5881 -7.68374 0.5
8 646.142 66.9992 -14.7818 0.5
8 612.31 18.2199 8.48746 0.5
8 623.11 37.1863 8.09513 0.5
8 627.118 44.1782 -8.01619 0.5
8 664.951 111.983 1.17282 0.5
8 643.587 66.8902 -13.337 0.5
8 655.991 91.9386 -10.7804 0.5
8 634.35 52.257 -12.5395 0.5
8 655.525 94.4101 6.08905 0.5
8 627.198 31.2547 -14.9951 0.5
8 650.384 56.8832 1.59823 0.5
8 626.427 25.7542 14.2935 0.5
8 638.093 64.6535 4.99471 0.5
8 648.204 69.2953 -14.9458 0.5
8 630.39 39.2308 14.8574 0.5
8 654.523 74.2617 14.2429 0.5
8 660.213 75.6839 -7.23941 0.5
8 664.334 107.63 9.4229 0.5
8 624.081 41.2355 -0.312569 0.5
8 662.259 106.92 3.62906 0.5
8 636.245 55.9971 -12.2268 0.5
8 641.73 53.413 -14.6106 0.5
8 613.578 -6.34308 4.23003 0.5
8 629.354 31.2004 -14.4079 0.5
8 660.796 102.607 7.85952 0.5
8 620.333 13.9656 -13.8409 0.5
8 637.79 64.6863 2.97397 0.5
8 664.077 94.9225 14.9883 0.5
8 649.656 56.3846 4.97161 0.5
8 626.977 41.5065 -10.9505 0.5
8 643.955 72.3562 9.39528 0.5
8 619.379 3.26104 -2.22069 0.5
8 662.303 104.342 -9.13126 0.5
8 630.312 44.839 -12.8078 0.5
8 641.832 70.1884 -7.11877 0.5
8 638.239 65.6096 -2.13115 0.5
8 639.895 53.1402 14.992 0.5
8 629.747 21.708 4.38374 0.5
8 620.703 32.9271 8.23429 0.5
8 620.265 8.42907 9.97627 0.5
8 633.579 50.4158 -12.8573 0.5
8 666.661 85.0291 1.09019 0.5
8 656.456 82.5718 -14.9978 0.5
8 646.401 52.1733 -7.942 0.5
8 634.434 29.5094 3.16604 0.5
8 665.339 109.082 9.77046 0.5
8 666.39 114.16 3.27105 0.5
8 655.6 81.7602 -14.9712 0.5
8 631.257 52.5124 5.7752 0.5
8 646.28 60.9509 -14.5269 0.5
8 647.11 79.6611 -6.46692 0.5
8 640.291 51.7129 -14.7722 0.5
8 622.206 30.2631 13.1201 0.5
8 626.744 45.8305 -0.814318 0.5
8 653.095 81.6714 14.078 0.5
8 614.065 14.1859 -14.0346 0.5
8 624.095 21.3632 -14.1772 0.5
8 614.485 24.105 -3.88946 0.5
8 639.899 55.0319 -14.9351 0.5
8 625.701 33.9421 14.1785 0.5
8 648.77 81.7366 7.9257 0.5
8 627.872 47.4636 3.18253 0.5
8 639.494 39.5651 6.8 0.5
8 632.825 26.8495 -3.70719 0.5
8 666.124 84.9857 -5.18914 0.5
8 663.078 108.783 -0.171961 0.5
8 637.825 35.046 -0.123948 0.5
8 636.034 33.5102 -6.67693 0.5
8 664.517 111.275 0.182668 0.5
8 633.075 53.6481 -9.22262 0.5
8 638.491 60.2742 -11.9428 0.5
8 641.468 42.4377 -5.59456 0.5
8 634.964 30.3184 2.60655 0.5
8 621.997 8.9689 -6.19653 0.5
8 662.307 98.6118 -13.6755 0.5
8 652.155 86.3586 9.63861 0.5
8 658.487 75.6254 -10.9922 0.5
8 651.065 71.172 14.8909 0.5
8 630.995 26.5846 -9.47269 0.5
8 624.267 39.4459 7.68095 0.5
8 657.553 92.6066 12.4327 0.5
8 618.024 20.9379 -14.0735 0.5
8 613.551 11.0038 14.6964 0.5
8 621.143 35.8794 -2.83992 0.5
8 660.103 103.593 -1.08319 0.5
8 643.03 73.9982 1.36444 0.5
8 628.995 32.6899 -14.8578 0.5
8 663.234 79.0563 0.269275 0.5
8 650.014 58.8666 -8.59967 0.5
8 632.532 35.7325 -14.09 0.5
8 651.541 62.4085 9.75612 0.5
8 641.08 65.0976 -11.6776 0.5
8 623.865 40.0798 -4.7911 0.5
8 640.949 66.0364 -10.6324 0.5
8 619.859 9.4289 -11.6093 0.5
8 641.473 68.4042 -8.94419 0.5
8 629.938 35.2474 -14.9568 0.5
8 662.568 103.17 -10.934 0.5
8 620.808 35.0255 4.00704 0.5
8 631.551 51.1338 9.05933 0.5
8 616.189 27.4827 1.62425 0.5
8 665.616 85.8452 8.53623 0.5
8 626.959 34.7419 14.5816 0.5
8 624.408 40.3823 -6.37643 0.5
8 634.238 29.3217 -3.80097 0.5
8 660.51 76.998 8.53005 0.5
8 664.042 103.721 -12.5158 0.5
8 666.176 107.392 12.5331 0.5
8 622.021 36.147 -6.58771 0.5
8 620.739 15.7753 -14.2526 0.5
8 613.541 -4.03566 -8.97453 0.5
8 627.43 21.2027 -10.3704 0.5
8 640.703 66.7539 9.35549 0.5
8 663.458 109.001 -3.60995 0.5
8 644.907 47.4295 1.87371 0.5
8 639.769 42.1153 9.86791 0.5
8 637.846 36.4227 6.20066 0.5
8 625.18 41.5428 6.74085 0.5
8 621.564 36.4147 3.70581 0.5
8 653.986 92.7699 2.81189 0.5
8 663.388 107.841 6.4957 0.5
8 660.334 79.1642 -11.2971 0.5
9 878.822 85.1878 2.36636 0.5
9 868.861 113.295 6.94653 0.5
9 681.238 86.7759 7.07973 0.5
9 806.58 99.3272 -14.9849 0.5
9 970.958 89.6281 -10.8362 0.5
9 690.105 114.27 4.6238 0.5
9 958.718 114.872 -1.95358 0.5
9 735.256 85.1563 2.15968 0.5
9 981.417 108.223 -12.5452 0.5
9 977.358 95.7279 14.3788 0.5
9 943.218 91.9311 -12.6448 0.5
9 679.59 96.3943 -14.5602 0.5
9 994.992 114.551 -3.64331 0.5
9 937.243 103.503 14.5853 0.5
9 719.505 113.33 -6.87889 0.5
9 739.351 98.2249 14.8946 0.5
9 920.824 112.755 -7.89318 0.5
9 775.338 112.471 -8.33531 0.5
9 784.185 112.545 8.22317 0.5
9 744.278 114.558 3.61305 0.5
9 735.6 87.2106 7.83779 0.5
9 906.724 96.8188 14.6588 0.5
9 945.793 113.619 -6.28587 0.5
9 763.663 103.182 14.6586 0.5
9 702.52 102.282 -14.8255 0.5
9 831.925 100.987 -14.9675 0.5
9 780.969 108.725 12.2012 0.5
9 825.203 110.976 -10.2237 0.5
9 809.621 110.823 10.3853 0.5
9 865.632 114.941 -1.32805 0.5
9 719.37 109.586 -11.5372 0.5
9 748.283 91.9384 -12.6495 0.5
9 836.602 102.657 -14.7628 0.5
9 670.103 104.196 14.4011 0.5
9 935.442 99.4806 14.991 0.5
9 797.752 114.916 1.58834 0.5
9 911.234 114.138 5.01152 0.5
9 972.801 110.359 10.8486 0.5
9 962.997 109.772 11.3805 0.5
9 961.55 91.2535 -12.186 0.5
9 754.259 114.069 -5.20109 0.5
9 864.916 92.4821 12.98 0.5
9 859.146 112.512 8.27325 0.5
9 989.906 89.6687 10.8749 0.5
9 743.029 85.2109 -2.50678 0.5
9 895.778 87.2814 7.95216 0.5
9 986.703 90.2743 -11.4198 0.5
9 857.712 107.704 12.8707 0.5
9 969.951 114.715 -2.9098 0.5
9 883.093 113.412 6.71695 0.5
9 803.154 114.967 -0.99261 0.5
9 743.454 87.1457 -7.73098 0.5
9 920.059 104.696 14.2461 0.5
9 705.359 105.433 -13.9814 0.5
9 769.191 111.735 -9.34229 0.5
9 942.28 91.0489 12.0365 0.5
9 669.41 87.712 -8.6026 0.5
9 896.546 114.543 -3.67294 0.5
9 858.648 85.3272 -3.11587 0.5
9 893.195 111.415 -9.73092 0.5
9 800.87 103.881 -14.4892 0.5
9 731.916 103.45 14.598 0.5
9 824.722 85.0764 1.51168 0.5
9 883.056 85.741 -4.65634 0.5
9 666.902 107.363 -13.0686 0.5
9 703.901 111.065 10.1273 0.5
9 699.585 114.494 -3.86457 0.5
9 895.886 102.545 14.7826 0.5
9 733.476 96.6444 14.6198 0.5
9 745.002 103.614 14.5581 0.5
9 787.966 86.4317 6.39537 0.5
9 693.367 85.7481 4.67811 0.5
9 723.961 96.7865 -14.6517 0.5
9 683.693 109.801 11.3555 0.5
9 888.406 103.699 -14.5368 0.5
9 769.25 85.9573 -5.27294 0.5
9 689.82 92.2172 -12.823 0.5
9 726.976 89.227 10.4376 0.5
9 776.164 115 0.0584497 0.5
9 821.65 85.5478 4.01653 0.5
9 995.947 108.723 12.2026 0.5
9 776.982 85.7988 4.82969 0.5
9 993.622 88.325 -9.41774 0.5
9 818.495 100.165 14.9991 0.5
9 809.384 101.24 14.9487 0.5
9 753.708 114.741 2.77609 0.5
9 684.935 95.9416 14.4406 0.5
9 814.397 85.0762 1.51017 0.5
9 938.727 114.987 0.627853 0.5
9 969.083 100.591 14.9884 0.5
9 890.981 85.0047 0.373882 0.5
9 935.07 114.83 2.25098 0.5
9 978.822 95.4513 14.2937 0.5
9 766.094 94.0035 -13.7493 0.5
9 870.097 112.287 8.60446 0.5
9 849.99 85.3483 3.21347 0.5
9 848.092 113.901 5.6365 0.5
9 917.67 92.5551 -13.022 0.5
9 758.812 85.2365 2.65314 0.5
9 963.548 99.4389 14.9895 0.5
9 983.419 86.9997 -7.48282 0.5
9 887.909 94.9535 14.1256 0.5
9 760.827 85.0311 0.965316 0.5
9 681.184 88.8365 -10.0188 0.5
9 717.647 105.487 -13.9605 0.5
9 890.167 95.2035 -14.2125 0.5
9 824.337 108.609 12.2838 0.5
9 850.162 114.612 3.38797 0.5
9 815.829 113.482 -6.57616 0.5
9 998.913 85.0773 -1.52121 0.5
9 965.507 85.1168 -1.86831 0.5
9 889.314 85.378 3.34603 0.5
9 901.352 109.228 -11.8258 0.5
9 862.314 103.649 14.5494 0.5
9 989.484 86.8269 -7.17416 0.5
9 972.219 105.618 -13.9083 0.5
9 737.487 109.129 11.9018 0.5
9 954.498 96.9505 14.6868 0.5
9 853.1 110.733 10.4787 0.5
9 713.181 110.327 10.8791 0.5
9 862.704 101.791 14.8927 0.5
9 946.723 85.1821 -2.33027 0.5
9 688.336 104.63 -14.2675 0.5
9 740.266 99.0131 -14.9675 0.5
9 962.852 114.148 4.98233 0.5
9 698.541 88.4495 9.5701 0.5
9 914.56 88.9628 -10.1578 0.5
9 763.987 115 0.00112516 0.5
9 818.47 102.551 -14.7815 0.5
9 945.231 113.52 6.49618 0.5
9 686.697 104.39 -14.3433 0.5
9 844.266 114.914 -1.60712 0.5
9 739.982 89.7455 -10.9474 0.5
9 833.626 88.2616 -9.33862 0.5
9 792.619 107.219 -13.1488 0.5
9 784.308 102.851 14.7265 0.5
9 712.923 95.7857 14.3958 0.5
9 713.466 111.374 9.77902 0.5
9 761.23 110.439 10.7719 0.5
9 948.677 112.564 -8.19462 0.5
9 844.058 107.589 -12.9383 0.5
9 772.048 107.614 -12.924 0.5
9 793.491 87.9536 -8.93786 0.5
9 815.567 90.834 11.8737 0.5
9 893.126 108.285 12.5041 0.5
9 863.925 108.844 12.1153 0.5
9 889.625 99.4797 -14.991 0.5
9 830.938 92.6448 13.0729 0.5
9 673.575 108.94 12.0449 0.5
9 784.211 85.9443 5.23816 0.5
9 940.906 110.65 10.5628 0.5
9 807.819 85.0371 -1.05439 0.5
9 873.591 110.691 10.5213 0.5
9 909.293 102.904 14.7162 0.5
9 941.764 112.544 8.22546 0.5
9 940.598 103.981 14.4622 0.5
9 936.553 95.2319 14.222 0.5
9 896.057 88.0761 -9.1006 0.5
9 763.292 90.563 -11.6595 0.5
9 887.062 109.754 11.3956 0.5
9 806.974 104.674 -14.2531 0.5
9 710.844 111.433 9.71 0.5
9 822.499 89.6444 10.8518 0.5
9 951.537 97.0018 -14.6973 0.5
9 673.431 94.9504 14.1245 0.5
9 910.724 90.8305 -11.871 0.5
9 879.467 88.4056 -9.51688 0.5
9 680.487 88.0154 -9.02056 0.5
9 847.82 100.866 -14.975 0.5
9 856.46 95.6364 14.3513 0.5
9 735.737 104.418 -14.3347 0.5
9 964.205 105.368 14.0067 0.5
9 743.494 111.83 9.22275 0.5
9 957.269 87.4299 -8.18483 0.5
9 792.967 112.493 8.3025 0.5
9 963.924 112.316 8.56223 0.5
9 866.359 113.185 -7.15266 0.5
9 802.205 85.0311 -0.965736 0.5
9 802.629 113.826 5.81791 0.5
9 867.392 101.276 14.9456 0.5
9 769.92 110.541 10.6722 0.5
9 678.157 110.91 10.2942 0.5
9 853.39 85.3772 3.34278 0.5
9 913.757 109.969 -11.2083 0.5
9 782.372 91.2879 -12.2106 0.5
9 715.466 114.992 0.492825 0.5
9 698.158 94.3732 -13.9046 0.5
9 674.602 111.937 -9.08297 0.5
9 690.063 111.768 9.30171 0.5
9 800.772 112.842 7.75184 0.5
9 742.992 107.644 -12.9059 0.5
9 827.001 104.15 14.4145 0.5
9 980.716 110.514 -10.6984 0.5
9 924.405 86.9518 -7.39893 0.5
9 929.844 111.3 -9.86415 0.5
9 971.558 100.66 -14.9855 0.5
9 848.433 109.305 11.7654 0.5
9 865.287 87.8108 -8.74202 0.5
9 964.711 114.795 -2.46997 0.5
9 974.01 88.0033 -9.00443 0.5
9 690.755 102.735 -14.7485 0.5
9 887.232 92.3442 12.8992 0.5
9 921.039 100.501 -14.9916 0.5
9 878.425 93.5141 -13.5253 0.5
9 865.838 114.998 -0.23047 0.5
9 747.391 89.6037 -10.8128 0.5
9 700.646 114.686 -3.05215 0.5
9 875.415 111.003 -10.1943 0.5
9 848.241 98.5298 14.9278 0.5
9 953.213 90.4854 -11.5962 0.5
9 794.764 114.311 -4.49508 0.5
9 992.346 85.3421 -3.18531 0.5
9 807.638 109.673 11.4648 0.5
9 957.272 112.456 -8.35682 0.5
9 867.976 87.7943 8.71893 0.5
9 874.933 86.7009 -6.93789 0.5
9 993.562 113.76 -5.97099 0.5
9 921.88 105.654 -13.8938 0.5
9 986.172 111.031 -10.1648 0.5
9 670.886 111.834 -9.21749 0.5
9 768.699 91.9894 12.6819 0.5
9 963.037 98.4319 14.9178 0.5
9 928.01 109.234 -11.8208 0.5
9 829.31 89.9326 11.1197 0.5
9 725.587 111.64 9.46159 0.5
9 752.882 89.3262 -10.539 0.5
9 799.125 89.8121 11.0094 0.5
9 766.9 90.4846 11.5956 0.5
9 884.913 114.974 -0.87459 0.5
9 841.346 112.73 7.93426 0.5
