0 276.218 112.918 99.1621 0.5
0 116.495 114.291 -98.9736 0.5
0 266.392 43.7075 82.6508 0.5
0 139.507 177.66 -62.9989 0.5
0 128.659 30.8536 72.2411 0.5
0 101.518 102.248 99.9747 0.5
0 58.4826 28.6225 70.0375 0.5
0 162.929 51.2398 -87.3066 0.5
0 9.52095 199.454 10.4353 0.5
0 11.1956 24.5665 65.649 0.5
0 43.9363 53.5196 88.5414 0.5
0 26.8064 0.54714 10.4465 0.5
0 49.3652 97.5256 99.9694 0.5
0 183.639 87.4872 -99.2141 0.5
0 201.551 2.88088 23.8302 0.5
0 18.327 172.267 -69.1189 0.5
0 299.337 113.123 -99.1352 0.5
0 60.1275 165.732 -75.3608 0.5
0 125.178 199.63 8.59979 0.5
0 102.044 6.80571 36.2605 0.5
0 230.176 199.261 -12.1389 0.5
0 140.644 74.135 96.5971 0.5
0 190.845 144.052 89.7745 0.5
0 36.5348 151.881 85.4888 0.5
0 233.797 0.277532 -7.44509 0.5
0 275.366 150.1 -86.5449 0.5
0 115.054 176.866 63.9654 0.5
0 197.906 15.6608 -53.7299 0.5
0 191.221 147.936 -87.762 0.5
0 46.8049 157.922 -81.5168 0.5
0 8.9684 185.956 51.1032 0.5
0 182.393 176.56 64.332 0.5
0 266.514 134.126 -93.997 0.5
0 148.296 140.921 91.2442 0.5
0 322.792 130.089 95.3659 0.5
0 310.819 199.764 -6.87124 0.5
0 250.257 137.588 92.667 0.5
0 309.787 55.0799 -89.3431 0.5
0 36.0018 182.942 55.8629 0.5
0 16.5523 14.8819 52.4872 0.5
0 174.401 30.6863 -72.0806 0.5
0 145.242 1.1814 -15.326 0.5
0 294.478 63.4451 93.0792 0.5
0 100.466 108.713 -99.6197 0.5
0 313.29 151.489 -85.7259 0.5
0 91.8605 6.94895 36.6265 0.5
0 109.052 157.188 82.0339 0.5
0 84.8739 34.1444 -75.2531 0.5
0 58.571 194.177 33.6262 0.5
0 83.6645 160.664 79.4979 0.5
0 168.33 181.114 -58.4857 0.5
0 50.854 57.4975 -90.5181 0.5
0 44.4997 183.912 -54.395 0.5
0 212.385 25.2376 66.4122 0.5
0 148.325 173.687 -67.603 0.5
0 267.244 61.3925 92.2468 0.5
0 301.509 1.5391 17.4772 0.5
0 165.967 170.618 70.8036 0.5
0 24.5016 192.821 37.2044 0.5
0 316.265 180.004 59.9951 0.5
0 321.112 117.897 -98.3854 0.5
0 165.924 195.423 29.9064 0.5
0 267.251 195.974 28.0873 0.5
0 131.625 199.673 -8.08336 0.5
0 131.837 197.108 -23.874 0.5
0 292.062 154.559 -83.8052 0.5
0 171.982 137.138 92.8482 0.5
0 208.373 162.738 77.8714 0.5
0 76.8492 92.7037 99.7335 0.5
0 285.426 0.00112433 0.4742 0.5
0 39.0727 115.447 -98.7998 0.5
0 320.737 106.918 99.7604 0.5
0 231.816 123.031 97.3117 0.5
0 327.034 30.7123 -72.1056 0.5
0 199.309 199.878 -4.94319 0.5
0 300.235 199.253 -12.1968 0.5
0 120.603 1.51966 -17.3673 0.5
0 117.583 64.1259 93.3437 0.5
0 78.6955 162.932 -77.7145 0.5
0 104.87 199.987 -1.5813 0.5
0 313.179 197.842 -20.6612 0.5
0 84.5763 192.777 -37.315 0.5
0 196.517 174.788 -66.3829 0.5
0 210.658 36.5387 77.283 0.5
0 291.221 46.7544 84.6458 0.5
0 282.931 173.349 -67.9695 0.5
0 30.4288 21.6153 -62.0954 0.5
0 302.088 1.27437 -15.9138 0.5
0 92.0347 12.568 -48.535 0.5
0 243.85 2.03444 20.0686 0.5
0 125.095 181.791 57.5341 0.5
0 273.985 55.511 89.5585 0.5
0 123.437 124.737 -96.8921 0.5
0 325.48 193.48 35.5181 0.5
0 318.127 165.875 -75.2358 0.5
0 59.1129 172.389 -68.9918 0.5
0 230.92 110.88 -99.4063 0.5
0 188.983 170.033 71.3821 0.5
0 314.025 18.1313 57.424 0.5
0 97.3463 81.915 -98.3511 0.5
0 34.3265 199.974 -2.29779 0.5
0 48.2075 19.8208 -59.7603 0.5
0 287.521 5.38248 32.3655 0.5
0 261.445 158.159 81.3483 0.5
0 40.5432 92.052 99.6836 0.5
0 5.41838 181.9 -57.3799 0.5
0 287.454 147.266 88.1246 0.5
0 39.2916 200 0.266007 0.5
0 138.686 46.4094 -84.4278 0.5
0 169.592 127.941 -96.0172 0.5
0 195.037 63.8205 93.2258 0.5
0 184.394 141.565 90.9523 0.5
0 35.2443 145.942 88.8217 0.5
0 301.045 82.5908 -98.4729 0.5
0 250.183 189.497 44.6121 0.5
0 69.224 166.749 74.4623 0.5
0 141.989 185.873 51.2423 0.5
0 294.523 0.0535 -3.27065 0.5
0 9.0603 28.7831 -70.2008 0.5
0 193.698 174.374 66.8467 0.5
0 100.737 68.3357 -94.8545 0.5
0 303.538 116.161 -98.6855 0.5
0 149.366 4.04677 -28.1598 0.5
0 128.117 13.4258 -50.0491 0.5
0 153.216 8.07194 -39.3603 0.5
0 167.902 196.113 -27.609 0.5
0 6.61467 53.8273 88.7022 0.5
0 283.192 0.132757 -5.1511 0.5
0 228.579 106.468 -99.7906 0.5
0 299.038 118.472 -98.2791 0.5
0 279.46 24.9444 66.0807 0.5
0 120.793 195.485 29.71 0.5
0 203.601 104.155 -99.9136 0.5
0 271.619 21.4354 -61.8676 0.5
0 232.7 52.5398 -88.02 0.5
0 136.211 16.3731 54.8319 0.5
0 80.0564 199.905 4.3633 0.5
0 236.228 121.836 97.5869 0.5
0 192.541 2.75737 23.321 0.5
0 310.759 116.738 -98.5892 0.5
0 241.632 69.825 -95.3387 0.5
0 59.6975 6.8172 36.29 0.5
0 86.7697 7.57355 -38.1753 0.5
0 86.7852 36.4536 -77.213 0.5
0 258.762 11.3826 -46.3352 0.5
0 156.746 111.214 99.3693 0.5
0 122.798 92.9094 99.7483 0.5
0 148.886 94.3107 -99.838 0.5
0 276 37.5927 78.1366 0.5
0 318.625 86.9013 99.1384 0.5
0 88.4959 151.292 85.8439 0.5
0 11.338 108.44 -99.6432 0.5
0 212.31 8.00791 -39.2104 0.5
0 257.772 12.6369 -48.659 0.5
0 20.0687 198.746 -15.7869 0.5
0 34.9769 199.676 -8.03927 0.5
0 177.668 197.092 -23.9414 0.5
0 85.2724 175.026 -66.1143 0.5
0 71.8882 172.696 -68.6677 0.5
0 55.7222 197.955 20.1194 0.5
0 223.369 13.7685 50.6373 0.5
0 217.909 15.5926 53.6227 0.5
0 155.79 63.1549 92.9647 0.5
0 280.731 190.476 42.5925 0.5
0 140.303 169.231 -72.1602 0.5
0 288.217 4.04611 -28.1576 0.5
0 13.9298 139.48 -91.8768 0.5
0 75.1983 131.142 -95.0272 0.5
0 108.966 50.2223 86.7305 0.5
0 111.648 194.11 33.8117 0.5
0 165.205 111.88 -99.2918 0.5
0 9.50312 4.1452 28.4931 0.5
0 250.283 15.3809 53.2879 0.5
0 3.79443 167.988 73.3327 0.5
0 160.222 6.75481 36.1294 0.5
0 252.691 193.277 36.0479 0.5
0 83.9699 126.083 -96.5386 0.5
0 83.4193 26.0486 67.3141 0.5
0 63.1332 174.018 -67.2414 0.5
0 295.869 17.1915 56.0603 0.5
0 275.384 156.32 -82.6321 0.5
0 201.791 82.7014 98.4924 0.5
0 164.864 49.3443 86.2206 0.5
0 252.299 44.6844 83.3077 0.5
0 261.31 122.7 -97.3894 0.5
0 149.197 61.2452 -92.1849 0.5
0 289.568 116.65 98.6041 0.5
0 232.421 34.3734 75.4529 0.5
0 260.04 185.776 -51.4057 0.5
0 224.915 123.024 -97.3133 0.5
0 319.064 84.0315 -98.7168 0.5
0 11.6524 138.29 -92.3789 0.5
0 281.901 195.154 30.7524 0.5
0 113.871 62.0103 92.5029 0.5
0 330.813 127.008 96.2837 0.5
0 227.937 195.33 -30.2015 0.5
0 181.472 33.6952 -74.8577 0.5
0 317.946 174.838 66.3268 0.5
0 323.168 123.756 -97.1372 0.5
0 8.69013 95.7698 -99.9105 0.5
0 68.3059 5.71545 33.323 0.5
0 67.2296 120.11 97.957 0.5
0 200.557 45.1878 83.6399 0.5
0 253.531 15.9706 54.213 0.5
0 324.151 21.0908 -61.4275 0.5
0 290.472 3.43252 -25.9754 0.5
0 117.586 199.527 -9.71246 0.5
0 280.713 109.191 -99.5767 0.5
0 139.577 148.36 87.5289 0.5
0 30.1488 141.009 91.2045 0.5
0 210.891 4.35585 29.1924 0.5
0 210.486 185.658 51.6021 0.5
0 110.155 55.2888 89.4478 0.5
0 36.3509 0.283516 7.52481 0.5
0 79.8303 178.467 61.9911 0.5
0 303.481 162.113 -78.371 0.5
0 194.047 185.93 51.1479 0.5
0 27.9568 183.086 55.6478 0.5
0 29.8726 29.7217 71.1404 0.5
0 180.532 164.488 76.4282 0.5
0 21.4326 11.7823 -47.0919 0.5
0 279.451 178.504 61.9442 0.5
0 328.291 197.497 22.2329 0.5
0 141.735 143.488 90.049 0.5
0 283.282 183.393 55.1873 0.5
0 192.263 179.455 60.7193 0.5
0 194.07 153.814 84.2857 0.5
0 156.223 196.479 -26.3016 0.5
0 24.2163 199.847 -5.53415 0.5
0 51.872 113.78 -99.046 0.5
0 279.176 6.21494 -34.7039 0.5
0 240.61 23.3246 -64.1941 0.5
0 52.8227 177.986 62.5948 0.5
0 178.279 35.6588 -76.552 0.5
0 240.779 38.6796 78.9925 0.5
0 132.303 72.1556 -96.0453 0.5
0 60.4308 194.59 32.445 0.5
0 173.214 195.274 -30.3796 0.5
0 29.0433 138.845 -92.1469 0.5
0 11.4363 141.145 91.1432 0.5
0 59.1377 173.243 -68.0841 0.5
0 225.816 158.518 -81.0904 0.5
0 201.966 0.356545 8.43694 0.5
0 89.7586 0.000318275 0.252299 0.5
0 259.11 192.39 38.2637 0.5
0 116.253 80.8495 98.1492 0.5
0 194.851 25.4887 66.6938 0.5
0 112.916 29.8833 -71.2997 0.5
0 239.868 39.5153 -79.6342 0.5
0 294.509 0.311601 -7.88816 0.5
0 21.3695 58.0012 90.753 0.5
0 313.875 196.182 -27.3672 0.5
0 220.331 106.078 -99.8151 0.5
0 223.927 0.708375 -11.8816 0.5
0 283.27 13.8701 50.8099 0.5
0 66.0207 199.933 -3.6698 0.5
0 270.411 193.93 -34.3086 0.5
0 21.6485 173.941 -67.3253 0.5
0 114.58 198.846 -15.1478 0.5
0 136.352 197.064 24.0533 0.5
0 114.758 62.0736 -92.5288 0.5
1 454.797 -44.9807 75.6485 0.5
1 453.168 -16.0478 40.3183 0.5
1 482.861 -124.994 -94.0441 0.5
1 355.03 149.863 -48.5158 0.5
1 354.741 70.9762 99.675 0.5
1 484.606 -260.292 -18.4647 0.5
1 394.656 -28.1823 97.5572 0.5
1 347.669 67.1751 99.6798 0.5
1 360.411 150.097 24.3234 0.5
1 336.244 92.3951 -99.9671 0.5
1 454.46 -112.552 -99.962 0.5
1 407.306 -88.3046 79.8647 0.5
1 356.813 138.04 61.6851 0.5
1 408.874 68.8778 -7.51072 0.5
1 345.176 -18.9999 -17.3213 0.5
1 368.815 105.892 -73.9204 0.5
1 398.241 19.1836 -94.8739 0.5
1 418.616 -130.238 -56.4769 0.5
1 391.551 96.1827 24.2363 0.5
1 375.82 69.3581 90.3078 0.5
1 419.121 -7.64445 91.234 0.5
1 419.106 -130.82 56.8665 0.5
1 379.947 114.268 31.2099 0.5
1 469.973 -230.263 35.2082 0.5
1 420.813 -40.0771 99.3433 0.5
1 420.87 -122.48 70.5588 0.5
1 494.993 -98.238 -57.5724 0.5
1 388.57 -95.1242 10.4509 0.5
1 477.388 -227.83 -62.178 0.5
1 385.223 108.185 -19.6009 0.5
1 471.002 -234.222 28.7662 0.5
1 426.985 -160.35 -19.1997 0.5
1 469.154 -146.615 -99.352 0.5
1 391.783 41.597 90.3614 0.5
1 396.192 -58.7906 -86.6509 0.5
1 411.829 -19.1805 98.5824 0.5
1 487.082 -74.2468 39.0637 0.5
1 432.439 -171.584 3.80449 0.5
1 417.38 -27.3499 -98.3257 0.5
1 339.762 125.972 -92.8608 0.5
1 381.119 113.404 -27.4046 0.5
1 429.101 29.6764 29.4952 0.5
1 430.695 23.3951 -39.1185 0.5
1 498.532 -195.806 99.531 0.5
1 461.189 -164.453 90.2825 0.5
1 383.547 74.2271 79.0859 0.5
1 430.362 -164.094 -27.8785 0.5
1 358.855 155.77 2.2747 0.5
1 366.095 100.743 -81.8238 0.5
1 477.988 -159.297 99.6167 0.5
1 467.388 -35.8193 -26.6963 0.5
1 336.767 139.987 -88.8261 0.5
1 495.608 -199.164 98.3491 0.5
1 376.871 -60.0414 -53.2674 0.5
1 372.492 -5.97733 -92.4355 0.5
1 396.064 76.9911 51.6264 0.5
1 409.586 3.85983 93.321 0.5
1 479.812 -251.828 -19.301 0.5
1 358.619 -19.3956 65.4577 0.5
1 363.882 101.354 83.995 0.5
1 491.082 -221.482 -87.588 0.5
1 461.6 -76.794 -89.1154 0.5
1 333.771 44.8967 83.9438 0.5
1 345.663 136.846 -81.3175 0.5
1 335.17 184.423 -48.2241 0.5
1 369.178 107.107 -72.198 0.5
1 455.686 -19.5363 38.2766 0.5
1 409.673 -104.032 -69.5962 0.5
1 437.402 18.77 13.9487 0.5
1 420.626 -116.021 -76.1419 0.5
1 441.828 -65.0583 97.3521 0.5
1 435.895 -11.3014 -74.8266 0.5
1 337.728 41.1159 85.8557 0.5
1 393.356 -88.1773 -53.9239 0.5
1 334.55 46.6888 85.8966 0.5
1 447.327 -196.885 10.5467 0.5
1 417.701 -118.954 -68.5323 0.5
1 381.653 -55.8722 69.2104 0.5
1 350.459 77.6508 -99.7322 0.5
1 356.393 -29.7169 -44.0461 0.5
1 364.827 139.347 34.4034 0.5
1 499.741 -262.181 67.3115 0.5
1 482.936 -249.847 -42.0529 0.5
1 470.2 -149.111 99.2713 0.5
1 376.217 -60.1896 -51.1758 0.5
1 333.526 198.82 12.9837 0.5
1 380.554 42.4077 -97.0288 0.5
1 389.711 78.84 64.4167 0.5
1 344.075 163.749 -56.7259 0.5
1 414.915 58.4999 -6.2598 0.5
1 389.943 -35.952 92.5392 0.5
1 489.699 -175.402 99.8956 0.5
1 463.061 -174.281 -86.8404 0.5
1 449.719 -48.2881 84.6126 0.5
1 484.833 -70.5641 39.562 0.5
1 432.84 27.4 -7.05931 0.5
1 446.366 -41.6021 84.0528 0.5
1 457.818 -66.8903 87.3271 0.5
1 379.53 -79.6052 -9.03995 0.5
1 435.414 -137.415 79.5416 0.5
1 390.449 81.4837 -59.4472 0.5
1 399.465 -108.489 34.2663 0.5
1 453.79 -151.304 90.4409 0.5
1 493.049 -77.9758 16.3179 0.5
1 484.739 -177.819 98.7792 0.5
1 428.291 -140.911 -64.475 0.5
1 342.736 171.979 -47.0036 0.5
1 473.217 -55.5245 49.7248 0.5
1 446.073 -71.0775 97.0294 0.5
1 475.503 -112.206 94.0284 0.5
1 427.492 20.3038 55.1886 0.5
1 344.263 50.8412 95.3221 0.5
1 484.308 -73.1985 -46.942 0.5
1 334.464 195.581 -22.0495 0.5
1 462.379 -125.413 99.982 0.5
1 375.289 112.272 52.7746 0.5
1 458.301 -214.634 -18.9722 0.5
1 379.278 79.5681 80.6333 0.5
1 433.897 -16.0591 81.3745 0.5
1 420.008 -142.283 38.8205 0.5
1 482.878 -59.0528 -2.60604 0.5
1 486.851 -256.34 -42.6688 0.5
1 457.274 -15.5067 -12.8959 0.5
1 495.537 -263.128 -56.9723 0.5
1 357.237 103.765 89.2177 0.5
1 454.103 -65.5208 89.9661 0.5
1 441.6 -147.511 -80.0092 0.5
1 343.432 152.555 -71.3684 0.5
1 467.065 -197.428 -75.3033 0.5
1 400.639 67.3228 54.4148 0.5
1 406.342 -125.823 11.2192 0.5
1 420.846 -151.054 -10.2177 0.5
1 424.257 -155.692 -18.8477 0.5
1 339.263 174.432 53.1548 0.5
1 495.326 -145.049 93.4749 0.5
1 412.245 -132.385 -28.9894 0.5
1 379.784 -30.4298 -86.6169 0.5
1 482.934 -61.8033 -23.0272 0.5
1 474.955 -241.488 -27.3288 0.5
1 441.118 -169.462 56.1114 0.5
1 349.758 124.786 -84.6529 0.5
1 487.365 -106.799 80.0071 0.5
1 466.584 -150.739 97.9913 0.5
1 414.223 59.7466 -5.44651 0.5
1 483.98 -98.5294 78.1435 0.5
1 485.428 -69.2888 33.7119 0.5
1 448.222 -89.9445 -99.5898 0.5
1 337.321 32.6041 -79.6304 0.5
1 428.99 -165.392 7.61554 0.5
1 449.937 -117.624 -98.7661 0.5
1 444.734 -31.404 78.8158 0.5
1 482.349 -257.948 5.55643 0.5
1 394.117 -5.88226 99.9982 0.5
1 476.505 -51.6057 26.6789 0.5
1 381.159 -22.0297 91.9994 0.5
1 460.722 -194.075 -67.8816 0.5
1 425.167 -132.185 68.2112 0.5
1 380.033 -17.124 -93.2033 0.5
1 455.361 -32.3471 -61.2968 0.5
1 439.134 16.7177 -2.44076 0.5
1 447.731 -73.3036 96.866 0.5
1 495.574 -155.821 96.776 0.5
1 405.662 -55.9508 95.1793 0.5
1 375.452 6.76526 -97.9215 0.5
1 339.046 186.229 27.5716 0.5
1 359.303 125.27 -71.1668 0.5
1 389.711 -79.9071 -56.8658 0.5
1 487.585 -158.073 -99.5853 0.5
1 434.971 -142.631 74.6045 0.5
1 471.767 -77.3502 78.1229 0.5
1 424.508 -85.3673 -96.1592 0.5
1 459.002 -31.7691 -51.2065 0.5
1 386.293 33.5683 96.7472 0.5
1 429.82 -148.346 -58.3296 0.5
1 406.274 55.4306 57.5684 0.5
1 432.997 -55.3492 98.4969 0.5
1 472.249 -71.744 -72.5093 0.5
1 343.527 109.425 -96.2629 0.5
1 436.23 -173.247 -31.1493 0.5
1 416.965 -78.4098 -94.2019 0.5
1 394.373 -92.8956 -49.0001 0.5
1 484.238 -237.255 -65.1308 0.5
1 375.083 -32.1695 -80.1068 0.5
1 477.827 -112.982 -92.7877 0.5
1 417.714 -125.549 -60.7949 0.5
1 340.854 -2.76485 44.1244 0.5
1 358.921 52.3492 -99.9445 0.5
1 418.563 51.2881 14.7237 0.5
1 367.437 137.259 26.8512 0.5
1 376.953 -54.4319 61.4642 0.5
1 474.287 -147.644 -99.9386 0.5
1 489.483 -133.842 93.0545 0.5
1 410.131 -26.0122 99.7544 0.5
1 402.864 79.5299 -2.81364 0.5
1 482.024 -142.172 98.812 0.5
1 441.651 -120.935 94.2847 0.5
1 341.283 2.25579 54.2979 0.5
1 421.217 -143.079 -41.7643 0.5
1 472.706 -44.6731 25.3703 0.5
1 423.664 -154.607 -19.1475 0.5
1 422.223 -109.238 -83.3331 0.5
1 436.887 20.4255 6.5528 0.5
1 480.541 -205.722 86.1649 0.5
1 463.563 -102.757 -97.3644 0.5
1 436.691 -120.675 -90.9121 0.5
1 486.322 -264.072 -13.4817 0.5
1 421.036 -55.3254 -99.9415 0.5
1 401.011 80.1208 -22.9009 0.5
1 366.555 68.3016 96.603 0.5
1 398.946 40.0138 84.3851 0.5
1 368.593 -59.0556 -19.9812 0.5
1 460.356 -202.21 -56.9476 0.5
1 338.456 49.3099 -90.8367 0.5
1 372.118 3.28761 95.5389 0.5
1 444.42 -153.434 79.2193 0.5
1 375.849 63.7509 -92.7467 0.5
1 471.994 -42.5808 21.841 0.5
1 468.862 -35.6476 -13.4252 0.5
1 365.451 -44.0432 -46.7216 0.5
1 418.07 -0.898534 -88.8594 0.5
1 375.762 -68.6574 -30.7092 0.5
1 398.967 -88.5793 66.2595 0.5
1 334.417 11.596 50.1317 0.5
1 432.627 -95.9222 97.0921 0.5
1 463.427 -26.4664 15.0445 0.5
1 349.324 156.518 -53.925 0.5
1 497.185 -182.164 99.9866 0.5
1 387.181 19.4296 99.1907 0.5
1 441.487 5.99284 -35.9352 0.5
1 448.908 -188.317 47.2453 0.5
1 380.251 81.7116 -77.6788 0.5
1 454.956 -12.167 17.3107 0.5
1 344.644 72.4677 99.6841 0.5
1 438.677 -127.313 89.3766 0.5
1 381.681 116.146 4.7487 0.5
1 350.742 155.741 51.2088 0.5
1 375.539 122.769 -28.4381 0.5
1 469.065 -141.52 -99.7933 0.5
1 347.908 -24.5088 -12.1017 0.5
1 455.512 -193.794 -56.9857 0.5
1 380.073 16.7318 99.9733 0.5
1 408.607 -127.532 -23.6883 0.5
1 467.276 -33.7292 18.5386 0.5
1 423.532 -1.92363 -83.9702 0.5
1 431.959 -169.682 -15.0766 0.5
1 494.16 -167.439 -99.3796 0.5
1 418.993 -145.089 -25.3979 0.5
1 392.991 -53.5724 -86.462 0.5
1 456.325 -135.191 97.5131 0.5
1 356.48 74.13 -98.9837 0.5
1 379.727 113.007 -35.8218 0.5
1 386.813 -73.6332 58.638 0.5
1 445.248 1.54152 30.0343 0.5
1 363.856 3.21727 -89.841 0.5
1 427.275 -145.854 -55.565 0.5
1 469.794 -44.2875 -39.0274 0.5
1 498.293 -265.222 60.6557 0.5
1 485.985 -249.203 52.9946 0.5
1 402.279 70.0461 44.6791 0.5
1 415.509 -10.3679 94.7535 0.5
1 464.47 -211.828 -53.1695 0.5
1 336.479 38.9079 83.0892 0.5
1 482.067 -181.484 97.1095 0.5
1 420.923 -18.8572 94.4497 0.5
1 454.006 -56.4017 -85.0423 0.5
1 379.733 -36.9597 82.4447 0.5
1 397.043 76.5787 49.4322 0.5
1 490.608 -145.962 96.44 0.5
1 377.716 120.542 22.5883 0.5
1 341.522 -14.1263 -3.37197 0.5
1 350.282 106.455 -93.3684 0.5
1 387.446 -93.6357 -4.25031 0.5
1 410.205 66.5717 7.50626 0.5
1 342.138 118.689 -94.0644 0.5
1 418.994 17.0286 -75.6514 0.5
2 573.715 37.6356 16.4763 0.5
2 562.444 -21.5908 80.7927 0.5
2 568.874 10.8774 -59.6526 0.5
2 540.887 -142.264 -96.9754 0.5
2 640.08 23.8826 95.3723 0.5
2 575.135 -69.4568 99.4022 0.5
2 614.447 56.2483 -88.4283 0.5
2 643.008 -40.6671 -7.87136 0.5
2 649.171 -29.691 11.0573 0.5
2 506.834 -174.93 99.9818 0.5
2 592.361 62.2475 41.5723 0.5
2 507.171 -173.229 -99.9542 0.5
2 648.7 80.6903 99.3002 0.5
2 567.647 -170.835 -11.5796 0.5
2 607.626 10.5381 -99.1775 0.5
2 633.01 137.611 -28.3225 0.5
2 647.511 116.644 86.7044 0.5
2 636.013 -49.3662 -27.0505 0.5
2 627.213 40.6575 -99.5949 0.5
2 529.025 -236.219 -20.7828 0.5
2 616.534 -10.4223 -97.1778 0.5
2 528.69 -207.96 -72.402 0.5
2 567.246 -75.3194 99.9514 0.5
2 593.088 60.1334 -48.2772 0.5
2 632.338 90.6686 86.5283 0.5
2 615.683 -85.1896 24.7714 0.5
2 624.506 -12.205 92.0045 0.5
2 642.232 8.43841 87.0373 0.5
2 611.949 -94.7101 -3.57926 0.5
2 657.862 89.258 -99.8984 0.5
2 545.176 -40.4462 -71.4323 0.5
2 629.547 -41.5712 63.4676 0.5
2 584.237 -63.4501 97.8387 0.5
2 584.281 -123.734 -58.5902 0.5
2 663.131 13.5698 -59.5903 0.5
2 658.141 61.5304 97.1502 0.5
2 574.128 -152.932 37.6279 0.5
2 540.667 -148.11 -95.4341 0.5
2 602.988 -38.3108 -95.9955 0.5
2 657.63 156.437 69.3061 0.5
2 627.181 48.164 98.6202 0.5
2 537.9 -218.941 -28.3058 0.5
2 519.776 -215.936 78.8414 0.5
2 641.579 65.462 99.6018 0.5
2 507.375 -122.527 84.565 0.5
2 502.398 -235.869 85.8104 0.5
2 586.52 -127.271 -46.6463 0.5
2 532.087 -33.2154 -4.81759 0.5
2 594.929 -92.3626 73.2202 0.5
2 594.071 -16.8407 -99.6033 0.5
2 552.176 -198.086 6.604 0.5
2 577.497 -59.9224 -99.85 0.5
2 587.226 -123.89 50.5284 0.5
2 618.941 -70.192 48.3598 0.5
2 623.438 120.864 -28.8842 0.5
2 526.468 -223.626 58.9265 0.5
2 633.999 49.5953 -99.809 0.5
2 611.632 101.79 23.8578 0.5
2 548.186 -202.357 -23.7348 0.5
2 549.623 -56.3452 88.5937 0.5
2 619.485 -72.6173 -41.6874 0.5
2 571.926 9.51722 -67.6841 0.5
2 556.556 4.85378 -29.4308 0.5
2 500.117 -247.706 -80.5688 0.5
2 609.144 66.3843 75.112 0.5
2 566.046 -173.818 -9.59673 0.5
2 521.704 -114.173 92.9389 0.5
2 522.319 -236.055 -50.965 0.5
2 580.522 -22.1491 96.2698 0.5
2 635.136 74.0145 -95.815 0.5
2 589.182 -91.7482 81.7866 0.5
2 561.888 13.3505 -31.7291 0.5
2 555.692 -131.474 91.9712 0.5
2 584.933 46.3365 -47.6746 0.5
2 530.583 -214.647 61.3843 0.5
2 658.347 152.189 -74.597 0.5
2 501.365 -237.475 -85.9199 0.5
2 643.732 112.038 -85.5615 0.5
2 533.572 -72.0141 81.0944 0.5
2 555.116 -169.859 -64.2289 0.5
2 533.698 -225.339 -31.129 0.5
2 541.385 -212.82 28.5889 0.5
2 629.868 -60.0256 26.9904 0.5
2 507.822 -77.6246 22.2091 0.5
2 658.494 180.771 -31.4455 0.5
2 553.526 -170.487 -66.6812 0.5
2 509.428 -196.053 97.1491 0.5
2 510.007 -77.5 -34.5505 0.5
2 602.765 -81.6889 -70.412 0.5
2 522.181 -187.426 -92.8355 0.5
2 534.321 -172.454 -90.1761 0.5
2 564.871 22.2314 16.9907 0.5
2 516.748 -236.881 63.545 0.5
2 568.801 -150.923 58.0654 0.5
2 608.472 -73.1262 -69.053 0.5
2 569.473 -168.205 5.28284 0.5
2 521.629 -102.1 -87.1092 0.5
2 621.16 -68.973 43.2723 0.5
2 530.586 -82.7278 -84.818 0.5
2 662.841 -2.81956 -27.3314 0.5
2 505.134 -195.416 98.7704 0.5
2 658.826 167.491 58.5437 0.5
2 531.417 -213.064 61.5624 0.5
2 505.203 -91.9993 48.1141 0.5
2 633.147 -46.246 47.1466 0.5
2 619.862 108.453 44.565 0.5
2 553.57 -53.0936 90.3801 0.5
2 650.814 133.009 79.6473 0.5
2 557.91 -143.879 -83.1811 0.5
2 588.436 -86.9381 -85.756 0.5
2 503.803 -202.674 -97.8581 0.5
2 550.528 -98.8399 -99.9731 0.5
2 623.539 97.5081 -69.1808 0.5
2 619.414 40.9932 -97.3576 0.5
2 500.603 -198.456 -99.4123 0.5
2 530.621 -179.251 -89.988 0.5
2 625.186 -44.6083 -68.5991 0.5
2 518.556 -70.4768 -50.9299 0.5
2 631.062 29.0472 99.5681 0.5
2 599.953 -16.8099 99.9921 0.5
2 582.041 -65.0674 -98.2753 0.5
2 650.792 4.63578 -73.4427 0.5
2 546.627 -203.528 -29.2924 0.5
2 606.066 76.8837 57.4558 0.5
2 514.811 -263.012 -1.41195 0.5
2 570.164 -162.091 -31.3938 0.5
2 620.322 115.778 27.8267 0.5
2 563.021 -33.2854 88.6698 0.5
2 606.22 -64.8247 79.9034 0.5
2 507.451 -238.355 -77.995 0.5
2 646.172 -35.3964 4.50383 0.5
2 535.889 -172.848 -88.6183 0.5
2 638.687 44.5738 99.7573 0.5
2 505.93 -270.938 37.9133 0.5
2 505.801 -263.806 -52.3893 0.5
2 571.642 7.87675 -68.9133 0.5
2 555.859 -185.588 35.0315 0.5
2 501.703 -235.348 86.8191 0.5
2 534.95 -227.866 -7.39348 0.5
2 532.653 -179.299 -88.1703 0.5
2 631.07 6.12577 94.6675 0.5
2 601.39 -66.2185 -84.7017 0.5
2 512.896 -194.334 -96.0015 0.5
2 665.875 -1.33293 2.74029 0.5
2 599.62 -112.134 -27.9819 0.5
2 641.884 139.81 56.1688 0.5
2 626.73 27.9584 -99.9588 0.5
2 514.243 -215.953 85.4483 0.5
2 662.118 165.484 -67.9565 0.5
2 538.887 -93.0418 -95.9181 0.5
2 611.441 42.1375 -92.5839 0.5
2 643.516 -25.5784 -51.8958 0.5
2 606.373 90.0545 32.7472 0.5
2 509.151 -208.615 93.3764 0.5
2 648.56 65.2988 -99.9442 0.5
2 585.075 58.6769 -0.770111 0.5
2 552.122 -192.042 35.0797 0.5
2 652.006 82.1969 99.7116 0.5
2 534.74 -125.687 -99.9603 0.5
2 585.267 -94.3805 -84.5532 0.5
2 641.025 108.32 -84.9668 0.5
2 597.782 -119.275 2.70272 0.5
2 608.722 -4.88939 -99.8975 0.5
2 500.263 -283.141 -31.4649 0.5
2 527.211 -100.766 91.3078 0.5
2 645.059 -23.7032 -50.5594 0.5
2 533.508 -42.9158 48.0101 0.5
2 554.193 -76.7125 -98.3487 0.5
2 583.002 -62.1059 -98.5105 0.5
2 636.482 44.9081 -99.9605 0.5
2 583.459 -133.765 -44.315 0.5
2 503.258 -83.282 -7.06013 0.5
2 605.244 87.1724 35.308 0.5
2 509.943 -127.555 -89.8499 0.5
2 512.349 -179.377 99.2663 0.5
2 541.505 -185.436 72.7127 0.5
2 640.689 147.047 39.0953 0.5
2 554.559 -185.04 41.7586 0.5
2 516.733 -104.514 -83.3988 0.5
2 547.541 -127.214 97.7953 0.5
2 553.468 -177.154 -58.5215 0.5
2 665.047 32.9081 76.5974 0.5
2 537.975 -175.498 85.0498 0.5
2 546.095 -112.355 99.9381 0.5
2 525.287 -112.256 -94.5301 0.5
2 647.26 95.9271 95.5375 0.5
2 650.493 -2.98748 -66.1737 0.5
2 511.729 -268.353 1.23299 0.5
2 623.219 45.8975 -97.7377 0.5
2 500.629 -125.291 -78.2257 0.5
2 566.171 21.2924 -30.1202 0.5
2 545.878 -190.484 58.2668 0.5
2 567.888 7.21892 62.1921 0.5
2 570.534 -69.5953 99.9523 0.5
2 556.171 -22.406 72.4019 0.5
2 607.26 -89.1741 -50.5567 0.5
2 534.977 -218.716 -42.2779 0.5
2 549.387 -162.558 80.4297 0.5
2 519.286 -191.085 -93.367 0.5
2 512.602 -257.918 -41.3061 0.5
2 504.587 -82.4038 18.2142 0.5
2 576.725 41.4206 23.4792 0.5
2 512.704 -263.964 -23.1118 0.5
2 519.682 -87.5997 74.2491 0.5
2 508.718 -242.512 -72.4412 0.5
2 635.327 9.09961 -93.0544 0.5
2 660.122 36.8254 -85.5142 0.5
2 594.16 10.4369 93.2866 0.5
2 605.88 -16.7006 99.3463 0.5
2 598.814 -62.6284 89.2504 0.5
2 505.697 -277.91 13.3696 0.5
2 547.078 -7.28461 5.50113 0.5
2 601.595 73.8072 50.1511 0.5
2 629.725 130.444 32.9103 0.5
2 551.307 -178.94 -61.1415 0.5
2 564.214 -107.842 95.2707 0.5
2 563.807 -8.41272 -71.6625 0.5
2 638.724 50.6843 99.9958 0.5
2 509.443 -86.914 52.0195 0.5
2 568.829 -41.0817 95.889 0.5
2 601.082 -107.717 -33.7822 0.5
2 565.272 20.4494 27.7564 0.5
2 541.34 -163.946 -88.3339 0.5
2 504.783 -80.645 7.12898 0.5
2 605.196 76.6682 -55.5695 0.5
2 534.06 -109.194 97.8788 0.5
2 554.47 -96.6347 -99.9735 0.5
2 640.092 -8.0162 78.4696 0.5
2 502.517 -275.155 41.8126 0.5
2 576.08 -148.336 40.4925 0.5
2 634.537 141.3 -24.5085 0.5
2 531.754 -78.6915 83.5271 0.5
2 503.645 -263.158 -58.9244 0.5
2 559.579 -172.44 49.3765 0.5
2 511.743 -233.592 -75.7737 0.5
2 640.499 62.9946 99.6535 0.5
2 523.467 -132.263 -98.7493 0.5
2 593.045 -114.417 -49.4795 0.5
2 652.496 -5.7647 58.3382 0.5
2 623.985 -71.4498 -22.1229 0.5
2 638.387 147.516 26.237 0.5
2 509.859 -257.469 51.2484 0.5
2 521.579 -247.316 27.9403 0.5
2 655.818 124.351 90.2155 0.5
2 625.42 126.023 -22.3752 0.5
2 625.586 69.3358 91.4361 0.5
2 584.701 -27.2396 98.9092 0.5
2 636.056 1.27787 -88.9456 0.5
2 518.405 -92.9078 -76.9298 0.5
2 560.747 -8.22434 -65.8782 0.5
2 581.599 51.43 15.629 0.5
2 519.887 -248.027 34.671 0.5
2 533.721 -185.18 83.5747 0.5
2 593.872 -119.814 -34.8512 0.5
3 732.898 2.09561 -20.3649 0.5
3 705.324 14.296 51.5251 0.5
3 893.12 178.943 -61.3846 0.5
3 701.817 138.84 -92.1493 0.5
3 762.001 102.566 -99.9671 0.5
3 743.116 77.0948 -97.3414 0.5
3 983.19 116.83 -98.5736 0.5
3 889.177 67.3111 94.5063 0.5
3 859.919 12.4857 48.3863 0.5
3 956.728 198.801 15.436 0.5
3 717.415 175.428 65.6559 0.5
3 768.65 194.164 -33.6616 0.5
3 962.134 69.871 -95.3533 0.5
3 825.51 81.4617 98.2666 0.5
3 959.108 61.9419 -92.4748 0.5
3 716.367 199.887 -4.75013 0.5
3 737.89 34.6786 75.7173 0.5
3 697.271 68.6111 -94.946 0.5
3 790.694 70.8675 95.6624 0.5
3 994.521 177.532 -63.1571 0.5
3 689.122 196.702 -25.4699 0.5
3 759.722 149.805 86.7151 0.5
3 668.725 84.3918 -98.7744 0.5
3 893.35 27.5773 -68.9561 0.5
3 897.135 35.6933 -76.581 0.5
3 959.24 68.8293 -95.0178 0.5
3 960.384 194.329 33.1963 0.5
3 706.755 134.124 93.9977 0.5
3 980.128 123.879 97.1071 0.5
3 781.865 194.815 31.7834 0.5
3 681.192 125.378 -96.7263 0.5
3 950.578 189.968 -43.6556 0.5
3 728.876 70.7534 95.6276 0.5
3 973.618 0.0102119 -1.42908 0.5
3 822.103 55.9305 -89.7657 0.5
3 982.4 19.2208 58.9468 0.5
3 820.712 39.4248 -79.5654 0.5
3 820.84 131.727 -94.8337 0.5
3 926.963 86.2815 99.0545 0.5
3 777.201 169.918 71.4941 0.5
3 733.13 15.5919 -53.6215 0.5
3 737.841 62.3816 -92.6545 0.5
3 746.867 163.428 -77.31 0.5
3 690.88 5.64782 -33.131 0.5
3 766.178 189.101 -45.3977 0.5
3 863.258 198.374 -17.9577 0.5
3 853.565 85.1113 -98.8854 0.5
3 773.508 102.293 99.9737 0.5
3 849.524 184.501 -53.4752 0.5
3 693.288 163.303 77.4127 0.5
3 780.691 46.0606 84.2054 0.5
3 714.849 46.8816 -84.7256 0.5
3 807.466 16.4559 -54.9581 0.5
3 863.184 149.669 86.7928 0.5
3 890.201 183.049 -55.703 0.5
3 747.896 0.0647127 3.59699 0.5
3 795.983 0.0170259 1.84523 0.5
3 899.758 0.861055 13.0946 0.5
3 824.936 107.989 99.6804 0.5
3 765.638 105.37 -99.8557 0.5
3 869.329 172.682 -68.6825 0.5
3 672.378 197.869 -20.5337 0.5
3 941.264 176.536 -64.3598 0.5
3 893.473 146.004 -88.7897 0.5
3 875.852 90.7855 99.5746 0.5
3 684.176 25.2729 66.452 0.5
3 727.893 151.13 -85.9402 0.5
3 952.942 10.396 -44.3973 0.5
3 846.681 92.8795 99.7462 0.5
3 798.735 75.2128 -96.8793 0.5
3 824.059 199.894 -4.59426 0.5
3 996.751 28.0604 69.4601 0.5
3 725.44 109.535 -99.5444 0.5
3 679.963 195.219 -30.551 0.5
3 959.163 175.567 -65.4951 0.5
3 675.903 91.8737 99.6693 0.5
3 774.952 66.513 94.2265 0.5
3 971.819 169.426 71.9728 0.5
3 931.932 197.878 -20.4923 0.5
3 958.409 135.638 93.4342 0.5
3 757.672 164.456 76.4553 0.5
3 826.528 199.927 -3.80882 0.5
3 802.601 0.681006 -11.6506 0.5
3 991.765 63.0195 -92.9109 0.5
3 761.631 189.612 44.382 0.5
3 885.584 16.6836 55.3027 0.5
3 689.401 115.826 98.7398 0.5
3 789.431 51.8386 87.6383 0.5
3 720.739 199.586 9.0854 0.5
3 905.563 36.2701 -77.0617 0.5
3 885.851 9.15685 41.8034 0.5
3 882.948 153.33 84.5924 0.5
3 761.329 4.83432 -30.7163 0.5
3 996.429 73.6577 -96.468 0.5
3 986.326 20.1734 60.2305 0.5
3 784.56 1.42567 -16.8256 0.5
3 734.427 162.238 -78.2712 0.5
3 762.023 64.5054 -93.4887 0.5
3 810.928 195.503 29.6495 0.5
3 974.879 191.167 41.0927 0.5
3 682.529 164.465 -76.4476 0.5
3 743.804 22.187 62.8103 0.5
3 678.726 70.6329 -95.5907 0.5
3 691.453 2.81799 -23.5724 0.5
3 780.222 199.999 0.416584 0.5
3 728.564 63.3927 -93.0586 0.5
3 675.049 58.7402 -91.0913 0.5
3 775.981 38.3513 -78.7365 0.5
3 915.295 40.3738 80.279 0.5
3 995.606 185.513 -51.8414 0.5
3 851.285 199.642 -8.45688 0.5
3 913.101 56.11 -89.8536 0.5
3 751.435 135.966 93.3083 0.5
3 819.078 192.495 -38.0088 0.5
3 910.757 3.278 -25.394 0.5
3 769.938 166.45 -74.7289 0.5
3 668.459 11.102 -45.7947 0.5
3 766.394 16.6926 55.3162 0.5
3 805.982 181.486 57.9659 0.5
3 799.564 0.00105358 0.459038 0.5
3 895.655 119.707 -98.0389 0.5
3 892.127 101.636 -99.9866 0.5
3 676.733 164.88 76.0955 0.5
3 752.406 192.721 37.4544 0.5
3 738.809 148.075 87.6856 0.5
3 851.468 40.3524 80.2631 0.5
3 792.839 196.764 -25.2323 0.5
3 892.563 105.444 -99.8517 0.5
3 819.284 4.5309 -29.7599 0.5
3 773.402 19.4745 -59.2928 0.5
3 999.691 199.998 -0.641813 0.5
3 970.639 157.703 81.6723 0.5
3 721.846 193.815 -34.622 0.5
3 820.405 59.7654 -91.5488 0.5
3 912.421 50.6995 -87.0026 0.5
3 919.917 163.145 -77.5421 0.5
3 690.385 48.6647 -85.8178 0.5
3 947.825 172.287 -69.098 0.5
3 760.765 84.9115 98.8551 0.5
3 837.731 70.378 95.512 0.5
3 802.986 198.616 -16.5791 0.5
3 681.505 90.6829 99.565 0.5
3 856.315 89.8634 99.4849 0.5
3 784.607 142.791 -90.3821 0.5
3 697.579 1.57599 -17.6838 0.5
3 929.912 160.581 79.5611 0.5
3 672.748 1.94277 19.6158 0.5
3 696.132 5.49414 32.6901 0.5
3 758.335 136.233 93.205 0.5
3 983.462 4.27521 -28.9269 0.5
3 747.901 169.031 72.3512 0.5
3 818.886 186.183 50.7205 0.5
3 790.226 194 -34.1178 0.5
3 817.101 190.569 -42.394 0.5
3 857.33 3.32611 25.5765 0.5
3 865 109.915 99.5073 0.5
3 942.601 29.1571 -70.5783 0.5
3 956.906 0.384476 8.76056 0.5
3 897.327 36.5888 -77.3241 0.5
3 757.278 199.206 -12.5744 0.5
3 933.453 162.967 77.6863 0.5
3 939.96 6.31022 -34.9603 0.5
3 696.493 39.8747 79.9059 0.5
3 693.569 156.729 -82.3521 0.5
3 712.845 169.205 -72.1852 0.5
3 963.381 83.0947 98.5607 0.5
3 717.2 100.305 99.9995 0.5
3 699.17 131.074 95.0495 0.5
3 720.657 48.9104 -85.9643 0.5
3 954.25 29.3366 70.7579 0.5
3 889.642 5.21715 -31.8781 0.5
3 939.163 41.7492 -81.2825 0.5
3 874.035 138.67 92.2205 0.5
3 690.891 182.671 56.2631 0.5
3 908.063 191.609 -40.098 0.5
3 727.964 167.23 -74.0277 0.5
3 850.202 26.0767 -67.345 0.5
3 781.732 196.246 27.1417 0.5
3 813.272 14.9182 -52.5461 0.5
3 919.039 55.2848 -89.4458 0.5
3 848.225 79.6783 -97.9134 0.5
3 754.882 192.234 -38.6369 0.5
3 801.981 0.159091 -5.63852 0.5
3 685.61 47.7564 -85.2679 0.5
3 682.833 27.7543 69.1416 0.5
3 980.829 197.629 21.6485 0.5
3 937.42 24.3881 65.4434 0.5
3 691.943 163.165 -77.525 0.5
3 760.069 175.249 65.8602 0.5
3 949.67 174.686 66.4984 0.5
3 828.376 194.865 31.6328 0.5
3 851.492 146.127 -88.726 0.5
3 695.307 62.5912 -92.7393 0.5
3 919.968 87.6329 -99.2323 0.5
3 779.704 180.173 59.7683 0.5
3 896.6 194.355 33.1229 0.5
3 900.997 118.306 -98.3101 0.5
3 784.722 70.1914 95.4539 0.5
3 759.813 163.952 -76.8772 0.5
3 953.705 199.329 11.5622 0.5
3 978.273 192.46 -38.0951 0.5
3 901.307 26.1471 67.4221 0.5
3 929.465 87.3829 -99.2008 0.5
3 847.9 35.8291 76.6948 0.5
3 965.46 187.153 -49.0345 0.5
3 905.894 26.0516 67.3174 0.5
3 761.688 179.425 60.7591 0.5
3 849.126 181.324 -58.1935 0.5
3 923.449 3.80492 27.3223 0.5
3 962.135 191.739 39.7985 0.5
3 777.841 199.905 -4.35918 0.5
3 744.198 128.727 -95.7849 0.5
3 954.799 47.0915 84.8569 0.5
3 802.272 191.547 40.2383 0.5
3 692.801 155.719 83.0386 0.5
3 881.178 157.119 -82.0819 0.5
3 722.169 187.924 47.6384 0.5
3 962.028 152.744 -84.959 0.5
3 735.338 57.4289 90.4859 0.5
3 704.33 69.7275 -95.3078 0.5
3 980.25 65.6159 -93.9028 0.5
3 853.181 35.9661 76.8093 0.5
3 856.289 148.917 -87.2188 0.5
3 986.182 196.993 24.3403 0.5
3 938.576 185.994 51.0397 0.5
3 920.814 47.9982 -85.4155 0.5
3 849.593 187.695 48.0575 0.5
3 783.804 185.265 -52.2483 0.5
3 804.116 130.839 95.1261 0.5
3 682.974 138.68 92.2165 0.5
3 732.822 169.529 71.8727 0.5
3 891.449 72.5401 96.1559 0.5
3 880.338 6.23889 34.7686 0.5
3 685.94 166.468 74.7127 0.5
3 945.471 164.556 -76.3713 0.5
3 766.991 137.295 92.7852 0.5
3 729.777 34.7705 -75.7965 0.5
3 965.871 193.992 34.1401 0.5
3 844.305 137.976 92.5086 0.5
3 776.963 14.9809 52.6474 0.5
3 842.403 0.484596 9.83282 0.5
3 704.449 161.082 79.1773 0.5
3 855.592 199.942 3.41046 0.5
3 933.038 181.3 58.2267 0.5
3 965.409 42.266 81.6504 0.5
3 820.537 157.025 82.147 0.5
3 676.64 101.625 99.9868 0.5
3 819.747 197.417 -22.5798 0.5
3 788.331 100.418 -99.9991 0.5
3 981.664 2.08165 -20.2977 0.5
