0 39.4876 92.0481 12.7187 0.5
0 307.903 114.599 -3.44365 0.5
0 7.84628 87.969 -8.95849 0.5
0 332.877 90.9696 11.9771 0.5
0 169.217 107.002 -13.2652 0.5
0 331.074 107.492 -12.9949 0.5
0 321.147 113.782 -5.92093 0.5
0 197.141 104.736 14.2326 0.5
0 3.51565 113.394 -6.75211 0.5
0 168.227 92.0822 12.74 0.5
0 40.8025 85.0457 1.16988 0.5
0 314.02 103.393 14.6112 0.5
0 199.873 85.8893 -5.08799 0.5
0 244.56 100.268 14.9976 0.5
0 229.295 114.96 -1.08818 0.5
0 58.3922 109.444 11.6541 0.5
0 144.135 89.307 10.5195 0.5
0 224.839 114.999 0.144049 0.5
0 318.077 86.2434 -5.97969 0.5
0 62.0853 94.8899 -14.1027 0.5
0 74.8237 114.415 -4.14833 0.5
0 114.149 113.895 -5.65131 0.5
0 283.812 110.681 10.5321 0.5
0 158.345 98.6863 14.9424 0.5
0 115.2 85.0042 0.353795 0.5
0 140.047 107.14 -13.1917 0.5
0 227.881 106.829 -13.3555 0.5
0 207.048 90.9164 11.9368 0.5
0 36.0437 96.2662 14.5279 0.5
0 280.524 114.999 0.170297 0.5
0 231.649 108.749 12.1841 0.5
0 3.80467 96.1485 -14.4971 0.5
0 73.0906 86.0222 5.44241 0.5
0 208.297 96.9254 14.6815 0.5
0 24.4455 91.0473 12.0353 0.5
0 111.039 114.531 -3.7217 0.5
0 125.507 110.969 -10.2314 0.5
0 116.319 110.739 10.4722 0.5
0 244.917 98.2407 -14.8965 0.5
0 207.278 104.29 14.3734 0.5
0 240.897 91.2698 12.1977 0.5
0 134.781 114.958 1.11991 0.5
0 136.365 112.95 -7.56955 0.5
0 132.114 97.1807 14.7327 0.5
0 195.775 87.6067 -8.45023 0.5
0 91.8218 107.805 12.8097 0.5
0 222.934 95.3262 -14.2533 0.5
0 270.259 112.543 -8.22666 0.5
0 298.552 101.86 -14.8843 0.5
0 248.735 110.167 11.0291 0.5
0 220.162 114.543 -3.67528 0.5
0 61.3126 114.621 3.34973 0.5
0 272.449 109.95 -11.2251 0.5
0 131.933 113.672 6.17057 0.5
0 46.9398 96.6296 -14.6164 0.5
0 63.9097 89.0887 -10.2929 0.5
0 143.408 112.632 8.08855 0.5
0 233.251 85.7248 4.60623 0.5
0 214.961 86.9736 7.43731 0.5
0 99.4795 87.5206 -8.32253 0.5
0 17.9187 112.608 -8.12633 0.5
0 81.9057 111.671 -9.42281 0.5
0 320.622 92.0588 12.7254 0.5
0 164.032 110.507 -10.705 0.5
0 318.562 105.872 13.8028 0.5
0 47.8042 103.238 14.6463 0.5
0 132.754 85.0001 -0.046985 0.5
0 164.08 85.5762 4.11748 0.5
0 101.575 91.0515 12.0384 0.5
0 222.057 100.748 14.9813 0.5
0 161.492 91.1227 12.0911 0.5
0 95.1744 96.689 14.63 0.5
0 0.168398 108.566 -12.3133 0.5
0 167.721 105.419 13.987 0.5
0 184.688 112.755 -7.89403 0.5
0 214.15 114.947 -1.2577 0.5
0 332.945 113.626 -6.27125 0.5
0 265.35 93.9295 13.7167 0.5
0 84.0138 112.311 8.56898 0.5
0 104.667 112.079 8.89321 0.5
0 42.9133 108.996 12.0026 0.5
0 300.356 91.0276 -12.0207 0.5
0 315.288 102.72 -14.7512 0.5
0 253.886 108.698 12.2205 0.5
0 326.681 92.5319 13.0088 0.5
0 82.8114 88.195 -9.25435 0.5
0 317.711 94.5023 13.9562 0.5
0 211.475 87.7478 8.65352 0.5
0 300.058 94.7462 -14.0498 0.5
0 317.037 90.7761 11.8287 0.5
0 130.336 111.859 -9.18447 0.5
0 87.4732 85.1429 -2.06578 0.5
0 163.036 102.816 14.7334 0.5
0 322.474 85.2909 -2.93994 0.5
0 246.397 87.7814 8.70087 0.5
0 267.19 85.0134 -0.634428 0.5
0 82.0332 99.3573 -14.9862 0.5
0 151.029 107.415 13.0391 0.5
0 114.777 85.8324 -4.92747 0.5
0 265.231 85.0462 -1.17578 0.5
0 84.2918 104.536 14.2978 0.5
0 32.8147 104.487 -14.3131 0.5
0 200.544 112.936 7.59424 0.5
0 309.977 87.8025 8.73044 0.5
0 199.993 112.186 8.7464 0.5
0 66.5322 86.0578 -5.53301 0.5
0 214.793 100.91 14.9724 0.5
0 185.831 112.509 8.27847 0.5
0 152.918 113.269 -6.99608 0.5
0 95.2834 94.1243 -13.8013 0.5
0 14.136 111.81 9.24773 0.5
0 21.9087 107.127 -13.1987 0.5
0 192.692 112.544 -8.22555 0.5
0 317.566 89.3145 10.5271 0.5
0 67.4833 114.895 1.77013 0.5
0 49.2416 113.798 -5.88412 0.5
0 31.9373 114.816 -2.34136 0.5
0 285.665 86.3339 -6.18377 0.5
0 9.88275 114.717 -2.89872 0.5
0 74.6146 113.937 -5.54712 0.5
0 101.691 102.904 -14.7162 0.5
0 18.6806 114.941 1.33345 0.5
0 207.924 109.855 -11.3084 0.5
0 137.004 97.3359 -14.7615 0.5
0 307.997 85.2473 2.71274 0.5
0 284.181 104.599 14.2777 0.5
0 284.248 101.537 -14.9211 0.5
0 33.7043 109.595 11.5298 0.5
0 301.975 111.092 -10.0977 0.5
0 297.665 105.054 14.123 0.5
0 148.477 108.576 -12.3067 0.5
0 56.4029 85.1569 2.16411 0.5
0 182.415 107.066 13.2316 0.5
0 287.831 108.109 12.6192 0.5
0 230.815 93.6909 13.6086 0.5
0 117.44 90.602 -11.6909 0.5
0 319.389 96.6128 14.6126 0.5
0 311.859 97.6945 14.8218 0.5
0 233.81 86.0333 -5.47091 0.5
0 47.1874 114.845 -2.15092 0.5
0 107.039 104.217 14.3952 0.5
0 148.319 90.6515 -11.7305 0.5
0 261.02 93.2363 13.3885 0.5
0 70.2561 88.7328 -9.90207 0.5
0 202.473 102.347 -14.8152 0.5
0 57.2864 92.6194 13.0586 0.5
0 98.1411 113.967 5.46913 0.5
0 285.674 96.3026 -14.5372 0.5
0 94.8555 101.771 -14.8951 0.5
0 202.013 113.28 6.97434 0.5
0 328.565 85.165 2.21897 0.5
0 99.7171 88.7682 -9.94215 0.5
0 4.91492 108.124 12.6098 0.5
0 48.9845 113.167 7.18631 0.5
0 285.6 85.5994 4.1978 0.5
0 32.0657 85.2967 -2.96861 0.5
0 122.359 114.999 0.188202 0.5
0 17.6297 86.4172 6.36453 0.5
0 296.164 85.8638 -5.01667 0.5
0 44.6035 112.889 -7.6721 0.5
0 243.532 114.694 3.0126 0.5
0 325.321 114.996 -0.328592 0.5
0 211.844 92.2512 -12.8435 0.5
0 233.45 107.909 12.7458 0.5
0 111.117 111.936 -9.08524 0.5
0 175.906 93.03 13.2823 0.5
0 249.941 86.6475 -6.83452 0.5
0 217.046 87.389 8.12181 0.5
0 320.613 113.258 7.01566 0.5
0 278.076 101.646 14.9094 0.5
0 36.4678 95.1074 14.1797 0.5
0 88.9133 92.0575 -12.7246 0.5
0 168.811 89.1539 -10.3616 0.5
0 181.353 85.0441 1.14983 0.5
0 27.2846 112.718 -7.95296 0.5
0 242.504 101.202 -14.9518 0.5
0 30.9112 86.9277 -7.35629 0.5
0 174.353 106.185 -13.6655 0.5
0 254.626 108.801 -12.1465 0.5
0 152.593 85.179 -2.31017 0.5
0 290.065 112.498 8.29453 0.5
0 104.154 106.269 -13.6271 0.5
0 269.586 100.135 -14.9994 0.5
0 278.086 85.1585 -2.17487 0.5
0 258.029 87.303 7.98661 0.5
0 97.2714 113.07 -7.36077 0.5
0 190.088 112.076 8.89768 0.5
0 241.379 96.7485 14.6433 0.5
0 186.24 99.2027 14.9788 0.5
0 123.554 109.868 11.2972 0.5
0 191.36 99.5476 -14.9932 0.5
0 30.8262 106.79 -13.3753 0.5
0 229.558 104.972 -14.1521 0.5
0 74.5539 90.3534 -11.4866 0.5
0 245.085 89.9251 -11.1129 0.5
0 108.514 100.677 14.9847 0.5
0 258.423 85.3087 -3.02749 0.5
0 286.436 109.688 -11.452 0.5
0 97.176 110.478 10.7341 0.5
0 82.2449 91.7283 -12.5131 0.5
0 223.98 97.5797 -14.8035 0.5
0 208.483 91.8626 12.6009 0.5
0 228.459 114.481 -3.91226 0.5
0 167.454 85.308 -3.02417 0.5
0 83.7119 108.359 12.4548 0.5
0 69.2175 89.3627 10.5758 0.5
0 281.452 90.5269 11.6302 0.5
0 241.445 112.271 -8.62656 0.5
0 246.979 108.619 12.2765 0.5
0 215.452 105.749 13.8547 0.5
0 155.477 90.3121 11.4518 0.5
0 117.661 92.0052 -12.6918 0.5
0 292.266 104.12 14.4232 0.5
0 222.773 110.411 -10.7984 0.5
0 227.514 93.904 -13.7054 0.5
0 194.631 93.44 -13.4895 0.5
0 221.795 95.5711 14.3313 0.5
0 207.184 114.616 -3.37195 0.5
0 187.213 114.99 -0.534226 0.5
0 132.372 113.047 -7.40185 0.5
0 305.837 107.366 13.0667 0.5
0 315.528 112.207 -8.71703 0.5
0 11.4144 87.5122 -8.30996 0.5
0 62.3312 113.722 -6.05892 0.5
0 19.8323 97.2406 14.744 0.5
0 74.671 85.3689 -3.30608 0.5
0 89.9481 85.4683 -3.71883 0.5
0 285.332 113.682 -6.14888 0.5
0 303.557 89.511 -10.7229 0.5
0 162.687 93.4274 13.4834 0.5
0 8.57518 114.946 1.27025 0.5
0 221.054 98.3897 14.9133 0.5
0 55.4814 101.56 -14.9186 0.5
0 103.174 114.956 1.14547 0.5
0 16.5916 108.495 -12.3627 0.5
0 87.7394 112.062 8.91737 0.5
0 249.199 106.919 13.3087 0.5
0 327.163 87.0214 -7.52036 0.5
0 294.473 86.0153 5.42474 0.5
0 329.705 111.363 9.79225 0.5
0 283.028 85.2202 -2.56054 0.5
0 101.388 86.5777 -6.69631 0.5
0 30.7628 91.7266 12.512 0.5
0 76.4671 95.8521 -14.4151 0.5
0 167.149 111.866 9.17659 0.5
0 332.189 113.268 -6.99658 0.5
0 320.372 102.153 14.8447 0.5
0 9.93265 85.5746 -4.11193 0.5
0 289.049 98.8802 -14.9581 0.5
0 314.963 87.3957 -8.13209 0.5
0 319.197 101.245 -14.9483 0.5
0 40.3278 98.8282 -14.9542 0.5
0 157.737 85.9455 5.24136 0.5
0 314.157 99.1029 -14.9732 0.5
0 144.095 85.753 4.69283 0.5
0 237.783 114.22 -4.77315 0.5
0 198.045 113.567 6.39806 0.5
0 74.5743 94.4401 -13.9315 0.5
0 296.453 110.893 10.312 0.5
0 24.0737 112.357 8.50301 0.5
0 77.1291 88.1431 -9.18769 0.5
0 173.062 103.225 14.6491 0.5
0 102.594 87.9137 -8.88374 0.5
0 44.272 108.6 -12.2901 0.5
0 176.793 113.413 6.71451 0.5
0 297.258 85.7843 -4.78681 0.5
0 144.813 101.077 14.9613 0.5
0 120.89 113.513 -6.51158 0.5
0 79.1677 106.794 -13.3732 0.5
0 274.045 113.275 6.98417 0.5
0 10.1588 85.0296 0.942153 0.5
0 179.695 103.228 14.6486 0.5
0 280.657 108.592 -12.2957 0.5
0 294.489 100.525 14.9908 0.5
0 318.931 112.184 -8.74925 0.5
0 188.339 90.8081 -11.8536 0.5
0 240.023 102.36 14.8132 0.5
0 249.904 85.1122 -1.83124 0.5
0 252.69 86.8536 7.22304 0.5
0 295.256 110.612 -10.6011 0.5
0 321.337 89.7686 10.969 0.5
0 231.384 107.041 13.245 0.5
0 141.738 105.918 13.7834 0.5
0 247.362 91.6997 12.4942 0.5
0 70.0307 114.997 -0.292015 0.5
0 110.625 103.074 14.6816 0.5
0 1.88968 103.115 14.6731 0.5
0 223.237 105.767 -13.8471 0.5
0 67.7482 114.704 -2.96595 0.5
0 120.829 93.5583 13.5464 0.5
0 77.4225 91.5538 12.3961 0.5
0 58.2662 113.858 5.73958 0.5
0 326.823 112.782 7.85042 0.5
0 170.155 89.9314 11.1186 0.5
0 165.752 105.191 -14.0732 0.5
0 9.46329 95.8301 14.4087 0.5
0 187.967 97.5151 14.7927 0.5
0 51.7529 91.8875 -12.6169 0.5
0 192.21 113.982 -5.4329 0.5
0 242.639 112.157 8.78727 0.5
0 66.0246 113.998 5.38949 0.5
0 92.3601 87.3652 8.08469 0.5
0 112.274 103.194 14.656 0.5
0 139.581 85.3858 -3.37994 0.5
0 116.829 103.336 -14.6244 0.5
0 223.519 114.838 -2.20041 0.5
0 144.543 101.358 -14.9384 0.5
0 64.8184 98.32 14.9056 0.5
0 290.405 94.3122 -13.8798 0.5
0 120.405 110.237 10.9639 0.5
0 318.042 96.0051 -14.4582 0.5
0 292.167 94.4184 13.9228 0.5
0 148.386 111.688 -9.40178 0.5
0 238.274 100.071 -14.9998 0.5
0 229.561 96.5327 14.5937 0.5
0 33.6421 106.265 -13.629 0.5
0 110.914 85.7482 4.67815 0.5
0 283.655 88.5934 -9.74111 0.5
0 11.5373 111.085 -10.1052 0.5
0 209.299 86.186 -5.84574 0.5
0 306.406 114.964 1.0457 0.5
0 234.879 107.354 13.0734 0.5
0 193.157 85.1299 1.96988 0.5
0 304.396 114.999 0.154214 0.5
0 298.801 87.9735 8.9645 0.5
0 253.59 87.082 7.62398 0.5
0 199.381 85.2281 2.60589 0.5
0 157.116 111.647 9.4518 0.5
0 298.254 90.6345 -11.717 0.5
0 248.081 93.2664 13.4037 0.5
0 45.5773 109.546 11.5706 0.5
0 204.01 104.489 -14.3125 0.5
0 137.597 104.72 -14.2381 0.5
0 298.579 110.992 -10.2063 0.5
0 44.8666 101.88 -14.8817 0.5
0 138.433 95.7035 14.3715 0.5
0 40.7532 88.5504 -9.69051 0.5
0 221.389 114.996 -0.326617 0.5
0 197.549 95.5068 14.3112 0.5
0 134.741 85.2153 -2.53207 0.5
0 7.46645 109.559 -11.5599 0.5
0 301.018 111.614 9.493 0.5
0 68.9976 86.4222 6.37521 0.5
0 114.205 106.653 13.4441 0.5
0 119.757 98.1569 -14.8863 0.5
0 34.9957 110.154 -11.0404 0.5
0 48.6673 97.389 14.771 0.5
0 66.5868 85.0001 -0.0508601 0.5
0 80.1971 98.375 14.9117 0.5
0 238.709 85.0095 0.534305 0.5
0 39.8461 85.617 4.25801 0.5
0 236.203 97.7062 -14.8236 0.5
0 108.739 85.8963 5.10733 0.5
0 201.848 111.715 -9.36765 0.5
0 4.64564 109.09 -11.9316 0.5
0 308.469 85.5656 4.08025 0.5
0 148.481 85.0199 -0.771476 0.5
0 10.026 111.453 -9.68658 0.5
0 185.14 85.4508 3.64985 0.5
0 245.841 86.6566 6.85237 0.5
0 137.238 88.8876 -10.0754 0.5
0 332.079 89.4509 -10.6638 0.5
0 137.75 106.306 -13.6102 0.5
0 13.2739 105.688 -13.8798 0.5
0 18.8187 114.456 -4.00411 0.5
0 61.9238 94.9674 14.1306 0.5
0 12.1908 101.73 14.8999 0.5
0 280.565 93.7222 13.6231 0.5
0 119.986 86.475 6.48657 0.5
0 121.246 92.7397 -13.1259 0.5
0 126.314 114.97 0.950252 0.5
0 92.9788 95.2556 14.2299 0.5
0 71.8861 114.494 -3.8643 0.5
0 238.448 114.834 2.22284 0.5
0 142.907 100.084 14.9998 0.5
0 59.7938 108.287 12.503 0.5
0 292.222 114.783 2.54275 0.5
0 328.741 109.16 11.8785 0.5
0 69.3567 114.783 2.54173 0.5
0 138.977 106.341 13.5938 0.5
0 331.38 110.077 -11.1112 0.5
0 35.7734 114.999 0.207007 0.5
0 138.066 112.936 7.59268 0.5
0 99.1717 98.1055 14.8799 0.5
0 284.809 114.378 4.27342 0.5
0 317.262 109.954 -11.2215 0.5
0 203.505 106.766 13.3873 0.5
0 21.2654 88.7813 9.9569 0.5
0 262.757 85.0111 0.577217 0.5
0 87.7686 89.5194 10.7312 0.5
0 305.824 85.4146 -3.50233 0.5
0 97.1787 103.703 14.5358 0.5
0 3.2853 114.287 -4.57025 0.5
0 111.458 113.064 -7.37124 0.5
0 203.737 114.23 -4.74368 0.5
0 39.092 97.754 14.8309 0.5
0 50.2596 85.1121 -1.8301 0.5
0 233.521 112.755 -7.89291 0.5
0 27.4161 114.913 -1.61644 0.5
0 165.574 86.0648 5.55063 0.5
0 129.317 85.072 1.46812 0.5
0 43.7732 107.19 13.1643 0.5
0 61.7209 85.1912 2.38749 0.5
0 157.386 95.5299 -14.3185 0.5
0 237.894 109.223 -11.8293 0.5
0 296.819 105.635 -13.9015 0.5
0 301.358 87.1395 -7.72059 0.5
0 111.194 93.3766 -13.4585 0.5
0 178.624 100.019 15 0.5
0 108.828 114.65 -3.22343 0.5
0 307.717 108.954 12.0344 0.5
0 166.289 101.162 -14.9549 0.5
0 203.144 89.5326 10.744 0.5
0 208.897 88.38 9.48557 0.5
0 195.42 113.42 -6.70073 0.5
0 278.874 113.01 -7.46523 0.5
0 81.2511 92.4729 12.9747 0.5
0 322.326 112.608 8.12583 0.5
0 306.255 98.628 -14.9371 0.5
0 329.524 110.042 11.1427 0.5
0 284.156 95.7574 14.3875 0.5
0 81.8952 103.902 -14.4837 0.5
0 84.265 114.227 4.75353 0.5
0 147.284 87.8813 8.83956 0.5
0 331.319 87.0063 7.4942 0.5
0 258.169 109.445 11.6533 0.5
0 330.784 94.7679 -14.0579 0.5
0 281.859 104.471 -14.3183 0.5
0 219.424 114.226 -4.75524 0.5
0 309.58 115 -0.0249753 0.5
0 3.76431 97.6011 14.8069 0.5
0 114.6 95.8546 14.4158 0.5
0 39.0656 112.003 -8.99653 0.5
0 158.97 89.9042 -11.094 0.5
0 150.402 85.1909 -2.38573 0.5
0 312.85 110.236 10.9644 0.5
0 212.929 85.2168 2.5411 0.5
0 316.219 88.7251 -9.89326 0.5
0 88.5849 108.995 12.0034 0.5
0 198.027 110.453 -10.7579 0.5
0 304.987 87.6339 -8.4899 0.5
0 232.969 114.973 0.907199 0.5
0 122.874 114.823 2.29465 0.5
0 327.394 85.5519 4.03149 0.5
0 243.01 112.787 7.84159 0.5
0 204.027 85.0141 0.649314 0.5
0 38.6873 104.754 -14.2268 0.5
0 316.246 100.008 -15 0.5
0 85.9084 96.5543 -14.5989 0.5
0 284.802 93.3657 -13.4531 0.5
0 71.704 114.328 4.43888 0.5
0 147.544 86.0428 -5.4951 0.5
0 9.32252 85.7666 4.73389 0.5
0 283.736 88.2576 9.33365 0.5
0 42.9381 112.207 8.71771 0.5
0 44.7886 102.485 14.7927 0.5
0 58.2417 90.3831 -11.5115 0.5
0 63.8252 108.233 -12.5387 0.5
0 236.926 87.2535 7.90736 0.5
0 57.2651 85.427 -3.55352 0.5
0 312.069 95.1558 -14.1962 0.5
0 89.5103 113.188 -7.14726 0.5
0 210.012 114.366 4.31521 0.5
0 203.493 85.4409 -3.61012 0.5
0 70.4987 85.0341 1.01156 0.5
0 299.598 113.837 5.79055 0.5
0 139.648 100.223 14.9983 0.5
0 238.078 109.227 11.8267 0.5
0 109.816 105.552 -13.9345 0.5
0 56.1479 110.437 10.7731 0.5
0 284.978 97.4144 -14.7755 0.5
0 245.529 89.1781 -10.3868 0.5
0 85.491 112.835 -7.76299 0.5
0 197.936 103.311 -14.63 0.5
0 101.868 114.284 4.5786 0.5
0 286.783 85.6767 4.45468 0.5
0 183.7 92.925 13.2266 0.5
0 74.703 112.061 8.91761 0.5
0 224.067 100.915 14.9721 0.5
0 4.60879 113.895 -5.65047 0.5
0 38.02 114.642 -3.25915 0.5
0 273.608 91.9943 12.685 0.5
0 29.4411 105.465 -13.9689 0.5
0 162.109 86.406 6.34052 0.5
0 321.939 100.63 14.9868 0.5
0 27.6987 85.4837 3.77854 0.5
0 189.329 112.838 -7.75737 0.5
0 20.1175 98.4889 14.9237 0.5
0 133.22 85.7444 4.66653 0.5
0 302.418 112.56 -8.20102 0.5
0 163.652 113.377 -6.78636 0.5
0 210.089 96.1182 14.489 0.5
0 81.1051 95.7676 14.3905 0.5
0 102.687 97.4104 -14.7748 0.5
0 219.632 88.8902 -10.0783 0.5
0 203.942 106.786 -13.3772 0.5
0 165.021 114.873 -1.95055 0.5
0 255.318 97.0335 14.7037 0.5
0 328.133 104.178 14.4065 0.5
0 225.968 111.745 9.33081 0.5
0 278.976 85.4558 3.66957 0.5
0 112.038 87.8026 -8.73067 0.5
0 43.4677 110.62 -10.5932 0.5
0 67.5728 114.956 -1.15397 0.5
0 80.2959 91.9965 12.6864 0.5
0 245.419 105.606 13.9129 0.5
0 29.5971 85.4286 3.56017 0.5
0 212.01 114.506 3.8161 0.5
0 34.5545 92.1891 12.8058 0.5
0 306.438 102.642 -14.7655 0.5
0 223.261 90.241 -11.3913 0.5
0 288.806 114.655 -3.19966 0.5
0 263.021 89.7778 -10.9776 0.5
0 23.2341 91.9869 -12.6803 0.5
0 244.187 102.807 -14.735 0.5
0 68.0266 95.2992 -14.2444 0.5
0 303.598 102.716 14.752 0.5
0 213.666 94.381 -13.9078 0.5
0 326.049 106.135 -13.688 0.5
0 220.001 98.9025 14.9598 0.5
0 40.8512 97.1728 14.7312 0.5
0 293.572 105.223 14.0613 0.5
0 15.9815 89.2615 10.4731 0.5
0 250.786 85.6067 -4.22293 0.5
0 95.1383 112.09 8.87811 0.5
0 145.437 97.5827 14.8039 0.5
0 71.4495 91.4012 -12.2907 0.5
0 272.476 86.9636 -7.41976 0.5
0 241.281 114.775 2.59115 0.5
0 172.471 87.4082 8.15152 0.5
0 219.466 95.6934 14.3685 0.5
0 318.679 104.884 14.1827 0.5
0 215.846 112.024 -8.96801 0.5
0 34.7613 114.857 2.06761 0.5
0 16.5232 110.593 -10.6207 0.5
0 18.7469 113.545 6.44435 0.5
0 181.261 93.8447 -13.6789 0.5
0 220.449 91.2007 12.148 0.5
0 303.57 92.8911 -13.2084 0.5
0 136.777 110.332 -10.8745 0.5
0 171.948 97.2853 14.7523 0.5
0 291.905 93.6033 -13.5677 0.5
0 126.067 86.4871 -6.51165 0.5
0 251.283 111.863 -9.17986 0.5
0 109.818 106.685 13.4277 0.5
0 277.102 105.552 13.9346 0.5
0 211.213 85.0811 -1.55807 0.5
0 239.397 113.561 -6.40996 0.5
0 54.7598 88.7387 9.90872 0.5
0 227.171 92.9193 -13.2236 0.5
0 269.322 112.604 8.13222 0.5
0 229.504 114.899 1.73785 0.5
0 138.612 104.023 14.4506 0.5
0 135.152 114.123 -5.05482 0.5
0 141.301 112.892 -7.6681 0.5
0 296.525 90.6992 11.7684 0.5
0 76.8032 90.2251 11.3776 0.5
0 210.012 94.9369 14.1197 0.5
0 187.627 100.787 -14.9793 0.5
0 148.493 85.2952 -2.961 0.5
0 68.9484 112.685 8.0064 0.5
0 62.0077 85.1857 -2.35307 0.5
0 321.244 86.8062 7.13616 0.5
0 74.5542 107.507 -12.9865 0.5
0 49.6785 98.8293 14.9542 0.5
0 73.1535 108.244 -12.5314 0.5
0 280.861 113.678 6.15712 0.5
0 98.4308 86.2436 -5.9802 0.5
0 288 96.2998 -14.5365 0.5
0 231.42 114.836 2.21527 0.5
0 276.675 113.686 -6.14016 0.5
0 242.486 87.5496 -8.36589 0.5
0 313.927 113.894 -5.65423 0.5
0 250.799 108.715 -12.2087 0.5
0 131.469 92.1002 12.7512 0.5
0 309.547 108.27 -12.5143 0.5
0 187.955 112.557 -8.20439 0.5
0 119.462 100.407 -14.9945 0.5
0 291.182 113.607 6.31309 0.5
0 124.915 91.1168 12.0867 0.5
0 21.9747 89.5691 -10.7794 0.5
0 332.988 103.791 -14.513 0.5
0 234.508 107.602 -12.9307 0.5
0 146.261 87.002 -7.48677 0.5
0 320.984 90.5605 -11.6574 0.5
0 185.428 98.595 14.9341 0.5
0 7.80439 94.1016 13.7916 0.5
0 311.542 113.987 5.41865 0.5
0 162.351 94.5111 -13.9596 0.5
0 94.0154 89.1407 10.3478 0.5
0 129.399 114.993 0.441886 0.5
0 76.4551 114.341 -4.39677 0.5
0 211.993 88.3969 9.50625 0.5
0 300.356 94.7296 14.0436 0.5
0 269.837 114.94 -1.34086 0.5
0 76.8313 86.6631 6.86496 0.5
0 28.2205 104.547 14.2944 0.5
0 217.062 91.999 -12.688 0.5
0 295.412 86.172 -5.81263 0.5
0 100.99 95.2755 14.2366 0.5
0 290.389 111.098 10.0913 0.5
0 278.604 111.276 -9.89239 0.5
0 98.9236 94.1731 -13.822 0.5
0 25.5387 109.152 11.8847 0.5
0 239.501 95.9084 14.4312 0.5
0 167.216 114.637 -3.28156 0.5
0 274.06 86.8969 -7.30135 0.5
0 286.619 114.844 -2.16005 0.5
0 279.469 94.0936 13.7882 0.5
0 253.879 110.011 -11.1703 0.5
0 88.3099 98.81 -14.9527 0.5
0 325.094 112.65 8.06094 0.5
0 292.244 113.258 7.01582 0.5
0 250.638 88.7961 -9.97359 0.5
0 6.49415 100.198 14.9987 0.5
0 147.331 110.869 10.337 0.5
0 317.293 86.2196 5.92455 0.5
0 97.4449 114.827 2.26873 0.5
0 158.937 93.3264 13.4336 0.5
0 314.705 112.772 -7.866 0.5
0 266.898 92.1185 -12.7625 0.5
0 332.763 113.587 6.35648 0.5
0 148.769 113.681 6.15024 0.5
0 25.9167 111.895 9.13831 0.5
0 284.006 85.0203 0.780513 0.5
0 207.112 92.2106 -12.8189 0.5
0 31.9264 85.2371 2.65628 0.5
0 242.238 88.7481 -9.91942 0.5
0 21.8769 98.4848 14.9233 0.5
0 256.048 92.3914 12.9271 0.5
0 304.067 88.6791 9.84064 0.5
0 232.142 104.467 14.3194 0.5
0 248.246 104.488 14.3127 0.5
0 40.9134 86.7377 7.00799 0.5
0 131.381 99.3339 14.9852 0.5
0 320.08 114.909 1.64587 0.5
0 292.184 105.183 14.0761 0.5
0 271.88 114.386 4.24935 0.5
0 118.509 114.793 2.48597 0.5
0 61.3044 108.102 -12.624 0.5
0 241.338 85.3841 -3.37288 0.5
0 257.154 98.5533 14.9301 0.5
0 150.01 108.574 -12.3082 0.5
0 115.791 88.4883 -9.61674 0.5
0 271.451 87.7676 -8.68155 0.5
0 272.283 91.4409 -12.3183 0.5
0 199.219 109.734 -11.413 0.5
0 170.502 104.235 -14.3897 0.5
0 212.266 105.406 13.992 0.5
0 69.0167 114.992 -0.491448 0.5
0 80.0395 94.2663 13.8609 0.5
0 114.162 114.649 3.22561 0.5
0 309.381 86.7483 7.02789 0.5
0 127.177 99.8167 14.9989 0.5
0 89.1849 90.9723 -11.9792 0.5
0 278.729 91.3322 -12.2421 0.5
0 105.587 114.739 2.7872 0.5
0 168.681 114.96 -1.09162 0.5
0 12.6832 111.011 -10.1859 0.5
0 177.614 114.84 2.18487 0.5
0 267.878 114.989 -0.562198 0.5
0 273.139 113.751 5.99231 0.5
0 75.3594 111.484 9.64993 0.5
0 108.029 96.434 14.57 0.5
0 220.221 107.596 -12.9347 0.5
0 125.225 104.892 14.18 0.5
0 152.731 114.975 0.867425 0.5
0 321.497 110.638 -10.5754 0.5
1 362.76 39.1755 -11.3082 0.5
1 359.089 68.3006 7.63497 0.5
1 348.952 84.7909 -9.20444 0.5
1 353.342 80.3261 0.732077 0.5
1 467.652 -119.166 -6.57651 0.5
1 391.822 11.1382 8.37593 0.5
1 412.819 -51.1355 6.61448 0.5
1 492.956 -161.66 -2.34641 0.5
1 413.113 -23.6945 3.88318 0.5
1 353.824 50.4372 5.19289 0.5
1 379.31 12.6109 12.8398 0.5
1 336.353 109.547 -2.57151 0.5
1 460.233 -110.998 -12.1489 0.5
1 346.298 89.7983 8.65127 0.5
1 353.667 73.641 -12.1032 0.5
1 386.17 15.2018 -13.4116 0.5
1 378.934 6.52275 3.86036 0.5
1 351.081 83.9819 -2.87733 0.5
1 365.931 53.4903 11.2245 0.5
1 491.816 -187.888 -6.76402 0.5
1 371.361 27.6292 13.5161 0.5
1 485.34 -177.9 -3.3689 0.5
1 468.728 -127.826 13.4279 0.5
1 355.159 55.687 -13.5136 0.5
1 428.717 -52.9096 8.58483 0.5
1 461.12 -116.111 -14.0617 0.5
1 442.595 -96.9345 12.8803 0.5
1 475.928 -138.71 12.5132 0.5
1 441.68 -90.1105 14.7989 0.5
1 363.75 60.3746 7.38118 0.5
1 431.196 -55.4335 5.19957 0.5
1 386.758 5.56283 -14.8789 0.5
1 435.018 -66.3438 11.3735 0.5
1 385.782 -5.81701 0.890185 0.5
1 499.167 -196.757 11.589 0.5
1 384.872 -1.2613 9.00777 0.5
1 491.338 -181.02 -13.0767 0.5
1 412.996 -23.0285 1.21678 0.5
1 354.806 49.4544 6.83233 0.5
1 373.228 26.8015 14.4289 0.5
1 470.925 -124.427 5.66756 0.5
1 466.036 -143.284 -6.66973 0.5
1 440.353 -79.1211 -13.6392 0.5
1 442.93 -75.2128 3.37887 0.5
1 365.72 50.1977 13.6159 0.5
1 484.115 -174.454 6.94924 0.5
1 430.692 -80.7573 8.82869 0.5
1 382.21 7.43435 -12.7454 0.5
1 430.135 -74.4996 -13.3524 0.5
1 402.337 -31.4068 -9.14647 0.5
1 386.165 -0.868089 -11.7209 0.5
1 433.727 -73.3928 -14.9918 0.5
1 422.303 -67.9434 -5.77728 0.5
1 368.791 53.5852 0.0152365 0.5
1 453.007 -93.9315 -6.83943 0.5
1 335.107 107.225 10.9072 0.5
1 421.927 -40.5672 -7.68516 0.5
1 479.456 -167.24 -4.98358 0.5
1 435.156 -68.2355 12.6074 0.5
1 394.701 -12.913 13.4599 0.5
1 436.104 -90.1908 -8.7459 0.5
1 351.019 65.2101 -14.4122 0.5
1 459.029 -128.001 -10.9137 0.5
1 476.619 -154.082 13.7891 0.5
1 343.845 95.583 -5.90361 0.5
1 472.962 -156.572 2.84767 0.5
1 371.136 24.7254 11.3568 0.5
1 374.77 24.8791 -14.6209 0.5
1 365.382 40.8656 -14.5555 0.5
1 337.799 85.1446 -13.2023 0.5
1 429.839 -53.7887 -6.81245 0.5
1 391.824 11.2822 -8.15263 0.5
1 380.197 33.5257 3.00387 0.5
1 457.901 -127.16 9.74587 0.5
1 419.769 -35.8408 -5.71165 0.5
1 469.704 -123.861 8.52797 0.5
1 413.545 -41.2706 14.8163 0.5
1 420.928 -43.5104 12.5546 0.5
1 471.218 -151.977 -7.20995 0.5
1 397.693 1.88664 6.81684 0.5
1 414.363 -53.0245 8.01778 0.5
1 350.605 57.015 -7.3602 0.5
1 398.124 -22.4106 11.0075 0.5
1 480.571 -169.131 -5.09326 0.5
1 392.018 -12.658 -10.1839 0.5
1 409.577 -46.9654 -1.6663 0.5
1 405.787 -14.8077 10.5276 0.5
1 435.087 -79.5495 -14.631 0.5
1 494.891 -165.035 2.49431 0.5
1 341.712 88.4838 -14.6978 0.5
1 377.694 23.2123 14.9999 0.5
1 497.169 -181.162 -14.7713 0.5
1 397.926 -16.2975 -14.334 0.5
1 388.846 0.268936 14.5665 0.5
1 447.552 -108.678 10.3615 0.5
1 427.49 -73.3383 -10.9472 0.5
1 338.252 100.464 12.0117 0.5
1 396.765 -0.382137 11.6201 0.5
1 386.837 4.2483 14.6802 0.5
1 457.129 -123.073 12.2537 0.5
1 425.778 -71.8897 -9.29882 0.5
1 466.966 -139.648 -12.5669 0.5
1 497.384 -169.145 -0.153501 0.5
1 355.718 61.44 14.9985 0.5
1 453.242 -94.6113 7.34842 0.5
1 361.808 38.3205 -8.4981 0.5
1 355.274 64.6655 -14.7608 0.5
1 466.602 -135.131 -14.3695 0.5
1 391.841 1.5058 -14.7279 0.5
1 483.046 -164.292 14.1487 0.5
1 416.322 -29.1403 -3.43882 0.5
1 409.621 -29.986 -14.8454 0.5
1 340.755 72.1487 -0.277931 0.5
1 414.993 -42.0052 -14.9893 0.5
1 470.923 -136.185 -14.8482 0.5
1 374.389 42.0945 7.11515 0.5
1 402.143 -32.6988 6.50201 0.5
1 438.953 -68.032 1.67862 0.5
1 498.283 -174.102 -9.511 0.5
1 447.357 -103.162 -13.8885 0.5
1 346.342 90.773 6.92734 0.5
1 427.314 -77.6565 1.92117 0.5
1 474.543 -129.698 -1.85167 0.5
1 488.295 -177.337 12.0479 0.5
1 416.087 -31.4342 9.13263 0.5
1 494.031 -174.444 -14.4863 0.5
1 477.285 -134.555 2.57998 0.5
1 455.358 -98.3575 -7.49072 0.5
1 451.879 -93.1921 8.81801 0.5
1 398.771 -24.4476 10.0826 0.5
1 360.578 62.9393 11.0646 0.5
1 430.965 -60.0056 -11.9268 0.5
1 359.36 60.927 -13.7449 0.5
1 450.294 -89.1814 -6.74056 0.5
1 452.971 -96.7458 -10.7385 0.5
1 390.664 15.4231 2.86644 0.5
1 433.882 -88.1879 5.29907 0.5
1 360.711 37.6298 -1.21409 0.5
1 401.702 -29.1887 -10.4408 0.5
1 451.317 -107.437 -14.6794 0.5
1 343.55 68.1237 4.88794 0.5
1 489.699 -162.801 12.6687 0.5
1 462.048 -133.044 11.0866 0.5
1 446.556 -93.5073 -14.7729 0.5
1 457.846 -106.724 12.0457 0.5
1 364.962 56.183 -10.2346 0.5
1 463.528 -113.121 -8.46729 0.5
1 379.592 34.7899 1.61288 0.5
1 453.588 -100.151 -12.6013 0.5
1 414.181 -54.7384 2.95569 0.5
1 370.326 21.2027 2.8645 0.5
1 465.379 -125.918 14.7379 0.5
1 449.021 -110.739 10.8458 0.5
1 377.496 9.79549 6.07878 0.5
1 435.005 -68.3867 -12.8649 0.5
1 472.957 -128.91 -7.61078 0.5
1 380.318 30.9579 8.53212 0.5
1 384.253 26.4971 -3.02423 0.5
1 426.373 -52.6061 -12.3298 0.5
1 460.655 -108.342 -8.74606 0.5
1 408.541 -27.3693 -14.7181 0.5
1 364.703 33.14 8.25154 0.5
1 337.986 83.3767 12.3147 0.5
1 377.198 9.42475 3.44404 0.5
1 445.02 -107.852 -4.17954 0.5
1 393.542 7.82634 -8.85021 0.5
1 437.895 -86.51 -13.9925 0.5
1 460.901 -116.986 14.4657 0.5
1 413.087 -46.3459 -12.5543 0.5
1 415.795 -41.2861 -14.9206 0.5
1 382.093 24.4256 -12.0898 0.5
1 489.626 -178.633 -12.7355 0.5
1 398.492 -27.3487 -3.87391 0.5
1 479.834 -151.831 14.8771 0.5
1 346.301 84.5785 -13.2462 0.5
1 455.854 -97.3853 -2.27888 0.5
1 375.539 41.717 2.32617 0.5
1 355.155 67.1903 14.1466 0.5
1 477.339 -139.319 -11.0845 0.5
1 337.696 101.354 12.066 0.5
1 336.4 93.1021 -14.916 0.5
1 462.949 -121.333 14.6616 0.5
1 445.126 -107.213 -6.36589 0.5
1 410.922 -36.4264 14.8607 0.5
1 385.253 24.021 5.51762 0.5
1 452.445 -91.3777 1.45739 0.5
1 405.854 -34.3871 12.1631 0.5
1 476.084 -132.575 -3.09766 0.5
1 392.643 10.692 -6.70077 0.5
1 343.821 94.8935 7.37993 0.5
1 384.155 4.20731 -12.8329 0.5
1 461.974 -126.071 14.6416 0.5
1 454.186 -121.896 -8.1802 0.5
1 433.05 -59.9407 7.8623 0.5
1 420.798 -41.0812 -10.7979 0.5
1 399.095 -12.8169 -14.9607 0.5
1 403.15 -6.55997 -4.3165 0.5
1 443.461 -78.8381 -9.12066 0.5
1 383.684 -0.675742 -6.60804 0.5
1 434.724 -61.0303 -3.51005 0.5
1 396.807 -24.7238 2.53545 0.5
1 439.46 -98.2037 -4.24394 0.5
1 471.276 -152.32 6.74905 0.5
1 458.693 -114.907 -14.8344 0.5
1 484.385 -176.073 -4.04456 0.5
1 467.719 -126.606 13.6781 0.5
1 441.544 -73.9828 -6.65237 0.5
1 337.435 78.9337 -5.48483 0.5
1 469.198 -150.255 1.44433 0.5
1 472.96 -137.059 14.2176 0.5
1 455.083 -124.921 5.26931 0.5
1 488.439 -179.269 -10.5947 0.5
1 336.298 81.4627 -6.73771 0.5
1 411.102 -21.4728 7.07416 0.5
1 335.48 106.257 11.2028 0.5
1 362.658 60.781 -9.54205 0.5
1 390.882 9.94164 11.5092 0.5
1 338.611 81.5701 11.7777 0.5
1 421.448 -43.5232 -11.928 0.5
1 462.888 -131.045 13.4455 0.5
1 387.049 -7.84321 -2.41234 0.5
1 493.384 -173.502 14.533 0.5
1 487.013 -160.645 13.9408 0.5
1 422.6 -45.9065 -12.2138 0.5
1 467.365 -146.821 3.12063 0.5
1 348.124 81.7271 -13.0783 0.5
1 370.112 21.3785 -1.56023 0.5
1 499.807 -201.747 6.72962 0.5
1 350.279 82.4521 -9.2571 0.5
1 349.798 81.6545 -11.024 0.5
1 488.364 -167.782 14.9818 0.5
1 403.967 -32.3506 11.1726 0.5
1 499.404 -193.285 -13.8987 0.5
1 385.476 -1.44975 10.05 0.5
1 428.904 -66.5896 14.9627 0.5
1 369.029 31.4598 13.4137 0.5
1 451.475 -110.163 13.9411 0.5
1 451.041 -95.014 -12.1022 0.5
1 475.928 -154.974 -12.6934 0.5
1 385.629 20.8408 -9.72503 0.5
1 475.883 -138.501 -12.4256 0.5
1 347.328 70.5447 14.0638 0.5
1 345.087 76.5041 -14.6681 0.5
1 487.439 -180.359 6.65816 0.5
1 371.411 41.4752 -13.0323 0.5
1 375.898 29.6564 -14.6143 0.5
1 423.429 -41.0831 1.00319 0.5
1 453.147 -94.8487 -8.02292 0.5
1 353.475 74.7294 -11.5132 0.5
1 340.174 98.9067 -10.4551 0.5
1 378.573 19.9293 14.9017 0.5
1 401.021 -11.8393 13.9947 0.5
1 431.908 -84.1532 6.70787 0.5
1 347.789 78.4411 14.5911 0.5
1 425.109 -69.9601 10.1984 0.5
1 396.684 -11.4928 14.8956 0.5
1 371.374 28.7601 14.0127 0.5
1 451.125 -110.487 -13.5352 0.5
1 439.843 -96.5695 -8.87933 0.5
1 481.639 -171.575 2.97323 0.5
1 488.079 -161.409 -13.4606 0.5
1 357.835 71.7333 4.91812 0.5
1 393.868 0.723833 -13.9264 0.5
1 429.273 -58.165 -12.684 0.5
1 490.662 -169.697 -14.7355 0.5
1 494.438 -188.126 -11.9364 0.5
1 438.749 -94.9468 -8.4972 0.5
1 487.452 -181.252 4.49714 0.5
1 496.372 -180.87 14.9226 0.5
1 496.353 -184.851 -14.7915 0.5
1 368.954 51.0668 -7.88042 0.5
1 374.521 23.8817 14.2185 0.5
1 493.386 -176.098 -14.958 0.5
1 414.833 -52.6146 9.68657 0.5
1 427.286 -50.5745 -8.78875 0.5
1 445.323 -79.0072 1.03569 0.5
1 386.232 3.42571 -14.1595 0.5
1 482.942 -167.993 12.1011 0.5
1 458.086 -129.488 6.72034 0.5
1 384.745 4.03082 13.308 0.5
1 362.085 50.6566 14.9931 0.5
1 382.384 14.8052 -14.9981 0.5
1 370.917 37.8518 -14.7073 0.5
1 340.912 76.128 -10.4656 0.5
1 379.753 19.9382 14.9962 0.5
1 376.821 16.9341 12.8468 0.5
1 390.982 -12.4899 8.07613 0.5
1 432.62 -74.3982 -14.8021 0.5
1 400.486 -8.93275 -13.0598 0.5
1 415.715 -28.0098 -3.08816 0.5
1 341.872 70.3443 1.99833 0.5
1 473.053 -151.267 -11.7962 0.5
1 351.342 80.2338 9.71915 0.5
1 427.026 -60.982 -14.9437 0.5
1 434.551 -71.1992 14.4248 0.5
1 468.945 -120.184 2.97178 0.5
1 396.104 -13.9848 -14.0466 0.5
1 482.488 -168.67 10.8794 0.5
1 347.754 67.2361 -12.8203 0.5
1 436.62 -93.0911 4.85527 0.5
1 412.33 -29.9756 -13.3444 0.5
1 393.672 -0.0781869 14.3305 0.5
1 425.712 -74.6725 -3.13462 0.5
1 400.431 -2.74041 6.5883 0.5
1 409.41 -27.2812 14.3131 0.5
1 385.826 -4.73918 5.83176 0.5
1 400.094 -26.5572 10.2792 0.5
1 469.68 -130.257 13.7898 0.5
1 453.855 -108.445 -14.9969 0.5
1 406.739 -38.3434 -9.9776 0.5
1 345.983 72.4604 13.9036 0.5
1 399.87 -24.4872 -11.8146 0.5
1 461.393 -107.017 2.50749 0.5
1 342.974 68.3269 0.853525 0.5
1 496.693 -175.072 -12.7668 0.5
1 477.817 -136.918 -6.87012 0.5
1 343.59 79.9697 -14.828 0.5
1 346.361 77.6475 -14.9985 0.5
1 399.323 -25.9695 9.42054 0.5
1 487.979 -182.403 -3.6555 0.5
1 432.85 -85.9188 6.43128 0.5
1 421.589 -67.2819 4.13647 0.5
1 367.945 27.8898 -8.78227 0.5
1 358.965 55.958 -14.9958 0.5
1 460.198 -134.727 -0.503571 0.5
1 385.802 16.3661 -13.1343 0.5
1 427.274 -48.0446 -3.14979 0.5
1 480.948 -143.825 9.19567 0.5
1 462.041 -115.414 -12.9817 0.5
1 451.083 -97.303 13.4477 0.5
1 349.388 83.0523 10.3477 0.5
1 485.711 -176.23 8.58061 0.5
1 338.341 106.265 1.36395 0.5
1 336.397 107.909 -7.09651 0.5
1 368.153 53.9411 -4.68124 0.5
1 407.549 -43.4403 -1.77456 0.5
1 464.858 -119.22 -12.2989 0.5
1 410.508 -27.4371 13.6434 0.5
1 451.808 -118.442 -7.05375 0.5
1 397.167 -16.6384 13.7145 0.5
1 387.498 19.6535 -6.60174 0.5
1 358.514 41.6959 3.03644 0.5
1 415.113 -26.8536 2.48804 0.5
1 347.177 87.0798 -10.1361 0.5
1 423.846 -59.4798 -14.7536 0.5
1 407.338 -25.2103 14.7031 0.5
1 469.997 -122.098 -3.39593 0.5
1 378.965 6.03064 -1.40928 0.5
1 472.076 -133.711 -13.4711 0.5
1 361.508 64.3844 -7.1522 0.5
1 368.874 30.0629 12.4413 0.5
1 491.359 -160.507 7.12275 0.5
1 395.795 -22.6993 -3.79521 0.5
1 421.537 -66.2286 -6.6307 0.5
1 483.335 -147.614 8.73216 0.5
1 495.599 -168.165 -7.67584 0.5
1 339.365 99.9433 -10.8178 0.5
1 379.572 8.42241 9.64258 0.5
1 405.277 -39.5496 -1.34073 0.5
1 419.123 -61.8145 7.08268 0.5
1 364.127 38.3961 12.5156 0.5
1 355.705 48.6435 8.12563 0.5
1 360.169 62.2888 -12.1696 0.5
1 457.567 -112.61 -14.7783 0.5
1 398.602 -28.0284 0.783792 0.5
1 435.745 -63.8387 -6.44793 0.5
1 336.619 81.9765 -8.53972 0.5
1 413.144 -38.4717 14.9982 0.5
1 397.23 -1.81078 -12.1022 0.5
1 422.04 -67.7839 5.00988 0.5
1 474.356 -159.099 2.17511 0.5
1 420.334 -47.3707 14.6283 0.5
1 391.705 -7.79473 13.4242 0.5
1 443.958 -96.4833 -14.1852 0.5
1 418.834 -43.9774 14.4246 0.5
1 485.605 -148.754 -0.586827 0.5
1 356.332 49.2244 -10.2618 0.5
1 362.223 50.0496 -14.9997 0.5
1 358.72 65.3425 -11.7584 0.5
1 435.478 -84.9379 -12.6773 0.5
1 441.416 -85.8059 14.9347 0.5
1 467.238 -146.906 0.83536 0.5
1 380.254 31.8478 7.27798 0.5
1 335.753 109.883 5.19172 0.5
1 364.736 45.179 14.9938 0.5
1 414.459 -42.3716 14.8845 0.5
1 410.94 -22.0135 8.43299 0.5
1 465.165 -135.377 13.2466 0.5
1 466.836 -146.166 -1.4111 0.5
1 472.368 -150.436 11.5079 0.5
1 406.591 -15.989 -10.3087 0.5
1 495.88 -172.643 12.0772 0.5
1 424.227 -72.0166 3.50707 0.5
1 363.279 62.7553 3.34315 0.5
1 472.891 -129.161 8.20024 0.5
1 482.187 -143.294 -3.73042 0.5
1 396.469 -19.6448 10.9133 0.5
1 431.926 -85.477 2.9343 0.5
1 489.139 -169.452 14.9944 0.5
1 372.601 23.1565 12.126 0.5
1 478.9 -141.87 -10.9425 0.5
1 415.179 -28.5694 7.14112 0.5
1 485.945 -177.049 -7.9538 0.5
1 493.348 -189.975 -7.78547 0.5
1 395.239 -19.0329 -9.24864 0.5
1 371.651 48.4796 2.13122 0.5
1 374.673 41.9159 -6.50142 0.5
1 416.197 -36.5448 -13.277 0.5
1 399.533 -27.583 7.61782 0.5
1 452.672 -114.027 13.0891 0.5
1 398.446 -21.544 -12.1721 0.5
1 400.01 -20.3852 -14.1777 0.5
1 460.686 -124.671 14.4316 0.5
1 453.604 -107.973 14.9961 0.5
1 448.569 -112.603 7.46737 0.5
1 362.943 58.3595 -11.4874 0.5
1 360.208 46.4432 -13.2622 0.5
1 421.907 -52.3114 -14.9594 0.5
1 341.65 100.55 1.16512 0.5
1 384.124 8.01444 -14.4529 0.5
1 350.356 66.3012 14.3957 0.5
1 487.374 -152.276 3.72548 0.5
1 390.627 13.1569 8.45201 0.5
1 417.959 -61.573 0.307074 0.5
1 460.386 -109.784 10.9249 0.5
1 407.869 -43.5544 4.00996 0.5
1 365.86 42.1266 -14.9213 0.5
1 373.593 23.3654 13.317 0.5
1 389.934 16.8959 1.43573 0.5
1 492.644 -174.108 14.8883 0.5
1 390.388 -11.8064 7.50848 0.5
1 492.592 -168.6 -13.1351 0.5
1 391.202 2.58528 -14.733 0.5
1 372.925 35.6878 14.3813 0.5
1 360.542 40.7117 -8.77981 0.5
1 361.481 53.8814 -14.7669 0.5
1 403.276 -30.0633 12.0609 0.5
1 372.938 45.8606 -3.99467 0.5
1 495.372 -188.011 13.0748 0.5
1 416.413 -39.6501 14.3861 0.5
1 385.133 -4.70575 -0.659259 0.5
1 469.421 -148.09 8.47008 0.5
1 442.658 -74.4978 -2.05777 0.5
1 382.078 27.6704 -8.86695 0.5
1 391.037 -1.7525 14.8907 0.5
1 356.111 52.6541 -12.7547 0.5
1 376.502 27.9422 14.7528 0.5
1 375.054 36.5521 -12.1365 0.5
1 441.385 -95.992 -12.1181 0.5
1 353.883 76.7822 8.47571 0.5
1 351.67 59.4722 12.1709 0.5
1 488.799 -182.924 -6.21739 0.5
1 375.454 17.5773 -11.6352 0.5
1 464.908 -142.895 0.0563652 0.5
1 412.936 -37.6422 -14.9982 0.5
1 459.413 -103.435 -1.32204 0.5
1 363.599 39.1844 -12.431 0.5
1 387.177 21.6744 -1.40671 0.5
1 333.899 113.886 2.00068 0.5
1 358.846 66.9084 10.0922 0.5
1 342.61 96.771 -7.7582 0.5
1 375.204 23.0056 14.318 0.5
1 435.452 -69.9235 13.2919 0.5
1 359.116 70.1731 2.24907 0.5
1 427.554 -76.9611 -5.95678 0.5
1 474.046 -134.066 11.4792 0.5
1 394.235 6.74415 -8.68661 0.5
1 470.492 -128.777 -12.1553 0.5
1 487.453 -177.079 11.0576 0.5
1 407.154 -13.0574 -2.41682 0.5
1 469.46 -140.456 -14.2521 0.5
1 459.937 -111.286 12.69 0.5
1 369.864 41.3397 -14.2734 0.5
1 344.484 95.1484 -3.98167 0.5
1 336.951 108.6 -2.00431 0.5
1 382.453 1.96441 -7.55611 0.5
1 433.454 -80.1107 -13.4225 0.5
1 494.059 -186.576 12.5662 0.5
1 498.842 -186.325 -14.996 0.5
1 468.029 -142.232 -12.0501 0.5
1 343.933 67.2432 -4.20565 0.5
1 480.696 -144.675 10.6496 0.5
1 487.551 -166.413 14.9837 0.5
1 482.689 -144.114 3.53585 0.5
1 340.635 83.092 14.3822 0.5
1 387.887 8.91204 -14.6093 0.5
1 497.846 -186.488 -14.9203 0.5
1 497.837 -182.679 -14.8304 0.5
1 341.437 99.856 5.65874 0.5
1 499.262 -173.643 -5.98556 0.5
1 459.123 -106.91 -10.236 0.5
1 371.772 47.0093 6.35402 0.5
1 437.38 -69.2585 10.2463 0.5
1 453.77 -119.641 10.1558 0.5
1 384.874 25.7066 -0.831782 0.5
1 451.269 -112.963 12.2247 0.5
1 387.097 -2.54688 11.6685 0.5
1 435.153 -82.0786 13.8657 0.5
1 373.472 24.618 -13.8077 0.5
1 381.802 29.5557 -6.52491 0.5
1 434.836 -88.656 7.74175 0.5
1 480.247 -153.728 14.982 0.5
1 499.252 -198.586 9.97112 0.5
1 434.681 -65.024 -10.6979 0.5
1 442.503 -86.2841 14.7356 0.5
1 375.35 18.7756 12.3944 0.5
1 338.751 87.868 14.746 0.5
1 428.515 -73.0244 12.583 0.5
1 476.16 -132.957 -4.10749 0.5
1 377.971 34.7331 -8.93519 0.5
1 353.145 67.6179 -14.8749 0.5
1 344.525 93.8924 6.97899 0.5
1 393.877 -7.93981 14.6813 0.5
1 483.868 -150.291 -10.768 0.5
1 469.063 -135.106 -15 0.5
1 464.666 -126.945 14.9906 0.5
1 355.671 62.6101 -14.9436 0.5
1 491.287 -177.296 -14.5334 0.5
1 473.446 -157.661 0.780757 0.5
1 495.412 -165.808 -1.52956 0.5
1 425.514 -46.0315 -6.26125 0.5
1 374.191 41.5429 -8.57149 0.5
1 428.156 -62.3062 14.8752 0.5
1 475.923 -158.5 -9.59807 0.5
1 454.614 -120.486 -10.7874 0.5
1 474.398 -130.123 -4.80842 0.5
1 362.369 55.3668 -13.8916 0.5
1 379.366 29.6175 -11.7308 0.5
1 418.269 -59.0647 -9.06478 0.5
1 493.356 -171.431 -13.8602 0.5
1 415.917 -56.3129 6.98772 0.5
1 386.183 -3.26198 9.35738 0.5
1 372.679 36.7852 14.1651 0.5
1 455.149 -99.3468 -9.45611 0.5
1 498.624 -193.826 -12.9707 0.5
1 415.76 -45.8091 14.6883 0.5
1 377.289 35.3546 -9.64431 0.5
1 431.845 -76.2779 13.8948 0.5
1 499.733 -200.899 8.00383 0.5
1 409.095 -45.8462 3.3417 0.5
1 480.313 -146.688 12.7586 0.5
1 337.588 94.2954 14.9073 0.5
1 340.773 89.0307 14.877 0.5
1 351.339 77.0267 -12.552 0.5
1 446.015 -104.734 -11.5564 0.5
1 443.89 -77.2469 -4.70547 0.5
1 373.345 16.3897 4.50143 0.5
1 419.929 -37.3001 8.00022 0.5
1 342.287 96.5335 -8.94409 0.5
1 471.79 -133.479 13.5968 0.5
1 374.971 37.9233 11.1431 0.5
1 499.364 -181.956 13.9084 0.5
1 351.575 82.9222 3.77526 0.5
1 351.733 83.0001 -1.98067 0.5
1 451.214 -118.437 4.65001 0.5
1 487.898 -168.906 -14.9525 0.5
1 470.346 -148.592 9.88888 0.5
1 338.364 103.13 -9.2054 0.5
1 400.905 -5.52228 9.61216 0.5
1 489.082 -156.156 -6.30883 0.5
1 398.041 -26.7767 -2.98391 0.5
1 353.466 79.5796 -4.02373 0.5
1 429.523 -79.38 -7.86056 0.5
1 345.775 65.8194 8.09194 0.5
1 438.537 -89.5958 -13.0605 0.5
1 406.117 -14.2088 -9.18787 0.5
1 488.105 -180.081 -8.98783 0.5
1 391.833 -5.49386 -14.4089 0.5
1 376.712 37.4937 8.09504 0.5
1 414.679 -49.3626 12.3818 0.5
1 429.926 -82.0514 2.73806 0.5
1 385.419 11.9389 14.8447 0.5
1 403.49 -16.7683 14.2294 0.5
1 410.126 -37.1396 -14.42 0.5
1 383.921 6.30869 13.7163 0.5
1 394.199 8.44666 -5.71412 0.5
1 417.922 -54.1604 -12.9039 0.5
1 486.324 -179.443 -4.00196 0.5
1 342.756 76.9785 13.4199 0.5
1 333.903 101.462 -14.799 0.5
1 484.442 -174.632 -7.64665 0.5
1 358.513 42.3934 5.40007 0.5
1 349.95 62.4223 12.1501 0.5
1 373.422 39.464 12.0751 0.5
1 461.545 -127.177 14.1039 0.5
1 429.799 -71.6374 -14.2923 0.5
1 370.821 21.058 5.35426 0.5
1 386.525 22.6874 -2.3343 0.5
1 440.278 -70.2334 -0.0978939 0.5
1 499.327 -183.095 14.3357 0.5
1 481.667 -154.063 -14.7251 0.5
1 406.421 -11.7322 -2.05338 0.5
1 491.905 -171.254 14.6094 0.5
1 426.58 -48.0426 -6.61096 0.5
1 457.882 -108.756 -13.2829 0.5
1 445.47 -109.179 -1.20329 0.5
1 478.112 -135.983 2.54943 0.5
1 492.575 -183.816 -12.6881 0.5
1 349.497 74.293 14.8242 0.5
1 384.941 -2.46813 7.34011 0.5
1 455.393 -117.566 -13.6803 0.5
1 483.317 -145.162 3.36558 0.5
1 340.302 101.113 7.15629 0.5
1 353.574 78.4682 -6.48349 0.5
1 432.785 -69.2128 -14.6884 0.5
1 392.068 9.09881 10.3782 0.5
1 411.302 -29.5839 -13.9702 0.5
1 465.463 -127.921 14.9709 0.5
1 402.261 -27.9234 12.3337 0.5
1 448.813 -85.1217 -1.76889 0.5
1 396.055 -14.4735 13.8177 0.5
1 425.969 -73.8518 6.73661 0.5
1 441.945 -73.5299 -3.47917 0.5
2 541.499 -101.815 -0.733973 0.5
2 551.441 -112.411 7.76454 0.5
2 519.5 -144.119 -10.4294 0.5
2 546.632 -105.868 -14.8608 0.5
2 590.632 -37.3666 -13.887 0.5
2 608.789 -2.25994 -14.8643 0.5
2 661.252 83.9587 13.4387 0.5
2 574.274 -75.0263 -0.251897 0.5
2 606.265 7.93759 -8.20669 0.5
2 525.814 -129.121 2.16454 0.5
2 600.47 -29.5733 1.57991 0.5
2 574.687 -46.2683 7.40433 0.5
2 614.899 25.2047 -1.97469 0.5
2 581.178 -55.6064 12.9696 0.5
2 639.129 63.4069 10.0845 0.5
2 501.465 -171.352 2.5316 0.5
2 596.695 -36.1826 0.601235 0.5
2 517.859 -169.089 9.81039 0.5
2 629.209 38.0016 -14.7209 0.5
2 598.993 -17.0952 14.9995 0.5
2 646.649 65.8145 -14.9921 0.5
2 597.429 -34.8899 -1.00321 0.5
2 632.772 47.2877 -13.75 0.5
2 664.39 90.0693 13.7533 0.5
2 641.774 45.17 9.36765 0.5
2 604.035 -23.2431 -2.6658 0.5
2 551.792 -86.1817 7.84202 0.5
2 591.897 -16.1271 6.78513 0.5
2 516.813 -144.618 -1.38555 0.5
2 585.67 -51.5372 -9.92456 0.5
2 658.555 87.2796 14.9409 0.5
2 524.547 -161.15 0.467727 0.5
2 503.412 -172.711 11.1319 0.5
2 607.904 1.57986 -14.619 0.5
2 627.408 17.5017 -3.8364 0.5
2 625.444 39.0239 -10.7862 0.5
2 540.748 -128.387 10.9155 0.5
2 583.02 -30.1946 3.0578 0.5
2 659.171 77.1967 11.3382 0.5
2 626.217 20.4418 11.6098 0.5
2 569.761 -52.9868 -2.05382 0.5
2 558.797 -72.3796 -4.00253 0.5
2 661.569 87.2546 -14.48 0.5
2 550.016 -113.424 -9.77256 0.5
2 616.742 16.1754 -14.7645 0.5
2 580.005 -58.3257 12.5454 0.5
2 599.887 -11.763 -14.4833 0.5
2 618.378 24.75 -12.4346 0.5
2 610.437 13.6748 10.1245 0.5
2 530.322 -136.335 14.9989 0.5
2 558.801 -71.8633 -1.02733 0.5
2 599.027 -23.9379 13.3791 0.5
2 581.372 -32.9195 -2.35006 0.5
2 574.762 -44.928 -4.66474 0.5
2 567.098 -84.1016 9.45587 0.5
2 520.664 -145.376 12.9855 0.5
2 595.074 -22.1523 -14.8855 0.5
2 603.325 -17.0914 -13.0591 0.5
2 601.771 -13.7754 -14.9371 0.5
2 550.207 -91.5152 11 0.5
2 518.371 -153.524 -14.6254 0.5
2 566.983 -69.7864 14.7226 0.5
2 631.124 33.9115 -14.3005 0.5
2 626.105 40.3084 10.6493 0.5
2 541.762 -123.098 -13.3918 0.5
2 525.909 -131.817 -9.02321 0.5
2 629.067 30.1702 14.2431 0.5
2 657.724 99.466 1.15147 0.5
2 636.486 38.3524 11.7109 0.5
2 556.025 -105.09 6.63368 0.5
2 663.448 83.7307 -10.5189 0.5
2 596.508 -6.64075 -1.90831 0.5
2 563.771 -68.698 -11.5898 0.5
2 596.77 -25.7471 -14.2504 0.5
2 661.392 75.9794 -1.85694 0.5
2 648.888 68.729 -14.9924 0.5
2 529.231 -126.393 -9.44601 0.5
2 563.253 -77.264 14.885 0.5
2 610.384 -4.54309 13.2352 0.5
2 605.516 0.134955 -13.7252 0.5
2 511.227 -162.674 13.4913 0.5
2 636.238 47.1609 -14.9994 0.5
2 597.074 -6.11023 4.10228 0.5
2 503.749 -197.179 -0.251562 0.5
2 576.634 -41.5144 -4.10806 0.5
2 510.915 -170.659 14.9736 0.5
2 508.598 -182.115 12.4729 0.5
2 580.731 -38.1784 -10.5456 0.5
2 542.635 -113.317 -14.9237 0.5
2 532.506 -127.678 -14.2461 0.5
2 521.883 -152.852 14.8553 0.5
2 570.554 -69.2523 14.74 0.5
2 502.567 -190.724 13.5214 0.5
2 583.331 -46.7416 14.8069 0.5
2 537.584 -116.656 -13.3078 0.5
2 651.564 75.2478 14.9339 0.5
2 647.757 56.9475 10.9042 0.5
2 635.397 31.2391 3.43849 0.5
2 600.557 -25.3419 10.3719 0.5
2 538.542 -135.579 6.19626 0.5
2 541.425 -131.642 -2.89509 0.5
2 576.001 -68.2388 -9.9763 0.5
2 547.9 -118.721 -7.46452 0.5
2 553.516 -81.6167 4.31611 0.5
2 659.789 101.564 6.58777 0.5
2 502.799 -196.32 8.30059 0.5
2 625.689 37.6514 -12.2706 0.5
2 606.276 -5.0581 14.993 0.5
2 661.515 76.3412 2.80448 0.5
2 636.496 34.3997 -6.85118 0.5
2 584.154 -57.4717 -3.62721 0.5
2 504.823 -191.616 -9.87167 0.5
2 519.302 -161.7 13.5394 0.5
2 547.096 -92.3921 2.93595 0.5
2 543.032 -99.35 -2.49222 0.5
2 655.651 93.9077 -7.50522 0.5
2 614.072 10.6519 14.8978 0.5
2 584.379 -51.566 -11.9698 0.5
2 509.521 -170.674 -14.9238 0.5
2 529.701 -123.183 5.25913 0.5
2 659.107 81.4461 -13.9708 0.5
2 654.85 66.0587 -6.5898 0.5
2 577.443 -68.0607 -6.49689 0.5
2 613.044 -4.43128 9.56613 0.5
2 657.715 97.1692 -8.02352 0.5
2 574.811 -44.1025 0.321333 0.5
2 661.588 100.082 -12.0904 0.5
2 562.367 -73.6507 13.2661 0.5
2 611.248 -5.74905 11.3898 0.5
2 659.811 87.4452 -14.9845 0.5
2 629.517 36.0775 -14.994 0.5
2 523.241 -162.22 -5.88117 0.5
2 661.89 104.667 -7.58628 0.5
2 524.092 -158.239 9.87281 0.5
2 561.581 -95.8244 5.85181 0.5
2 664.708 88.2756 -12.4727 0.5
2 598.215 -20.4164 -14.8849 0.5
2 603.891 -18.0087 -11.787 0.5
2 573.02 -65.0329 -14.7301 0.5
2 651.011 65.4811 -13.0465 0.5
2 650.196 56.586 -1.83954 0.5
2 580.249 -49.9053 14.9983 0.5
2 655.528 65.8389 1.98321 0.5
2 635.63 60.9485 -2.95971 0.5
2 521.874 -165.39 -3.43126 0.5
2 523.473 -141.513 13.5155 0.5
2 536.684 -139.757 3.35511 0.5
2 513.622 -163.717 14.9379 0.5
2 566.906 -79.2474 13.5388 0.5
2 633.865 29.9099 6.98198 0.5
2 584.884 -55.4113 5.97403 0.5
2 516.483 -175.033 1.66766 0.5
2 640.501 64.9692 10.9151 0.5
2 550.831 -115.466 2.23227 0.5
2 569.202 -83.5036 3.03651 0.5
2 607.022 -16.3005 -7.49527 0.5
2 581.376 -56.9197 -11.853 0.5
2 523.476 -154.677 -13.4383 0.5
2 624.415 15.8712 10.2543 0.5
2 543.758 -127.173 -4.56217 0.5
2 608.327 -6.95074 13.7894 0.5
2 533.954 -127.856 -14.865 0.5
2 520.814 -156.095 -14.5927 0.5
2 582.469 -32.5948 -7.05021 0.5
2 600.212 -8.09071 13.2604 0.5
2 505.557 -166.143 7.64423 0.5
2 656.438 68.0708 4.79441 0.5
2 545.174 -109.86 -14.9891 0.5
2 541.519 -129.17 -8.42877 0.5
2 564.62 -61.7511 -0.213603 0.5
2 501.82 -188.345 14.7321 0.5
2 526.793 -154.751 8.31687 0.5
2 601.564 -2.14891 10.6009 0.5
2 649.734 56.8551 5.84036 0.5
2 555.873 -102.52 -10.5932 0.5
2 573.83 -66.3561 -13.9323 0.5
2 616.179 11.17 -14.936 0.5
2 614.524 -5.27479 -1.08187 0.5
2 633.06 55.444 -6.21349 0.5
2 566.258 -58.9872 1.49569 0.5
2 505.312 -172.582 -13.323 0.5
2 647.965 56.1661 9.69937 0.5
2 665.781 113.386 -1.5556 0.5
2 542.401 -110.829 -14.3385 0.5
2 578.777 -65.0185 -7.83899 0.5
2 517.852 -162.615 -14.1906 0.5
2 521.962 -165.463 2.27158 0.5
2 631.808 37.1129 14.7886 0.5
2 552.879 -111.383 4.53725 0.5
2 571.495 -79.2356 -4.22454 0.5
2 575.286 -69.9265 -9.44752 0.5
2 619.581 10.3519 -12.6289 0.5
2 591.587 -39.8165 11.3773 0.5
2 520.383 -148.977 -14.342 0.5
2 533.655 -145.067 -3.06655 0.5
2 648.494 57.5594 10.2355 0.5
2 563.584 -63.7249 2.31494 0.5
2 546.988 -92.3398 1.21888 0.5
2 528.425 -151.232 9.27252 0.5
2 627.915 46.8943 5.34822 0.5
2 641.911 61.2309 14.4265 0.5
2 612.901 18.7621 -9.14911 0.5
2 572.983 -65.2778 14.6943 0.5
2 504.294 -177.495 -14.5254 0.5
2 578.291 -41.5687 9.6286 0.5
2 527.144 -143.929 14.8275 0.5
2 538.711 -130.464 12.1201 0.5
2 639.91 38.7843 1.95801 0.5
2 533.549 -135.518 -14.1589 0.5
2 508.811 -165.908 12.9868 0.5
2 619.247 26.8372 12.0219 0.5
2 619.887 16.8672 -14.8512 0.5
2 510.881 -156.087 6.01219 0.5
2 575.863 -45.0183 -8.64393 0.5
2 512.131 -171.113 14.5982 0.5
2 626.942 30.5524 -14.9862 0.5
2 540.833 -107.491 -10.7512 0.5
2 605.289 7.73933 5.25831 0.5
2 652.483 87.6807 8.65993 0.5
2 562.832 -64.8465 0.0705546 0.5
2 649.46 62.6105 12.9402 0.5
2 598.197 -30.5046 9.11603 0.5
2 649.813 83.7323 -7.61424 0.5
2 663.542 90.2827 -14.3689 0.5
2 625.154 40.4525 -8.50699 0.5
2 552.697 -102.107 -14.2428 0.5
2 547.479 -114.527 12.6322 0.5
2 565.976 -61.6157 7.8439 0.5
2 516.842 -160.632 -14.9575 0.5
2 613.089 7.87113 14.985 0.5
2 664.574 111.373 -0.268791 0.5
2 654.805 79.4139 -14.9999 0.5
2 646.477 50.0298 -0.0347568 0.5
2 510.827 -184.107 -4.87803 0.5
2 663.416 105.239 10.3374 0.5
2 540.185 -124.346 -14.0423 0.5
2 644.411 62.4679 14.9656 0.5
2 583.839 -34.0191 11.655 0.5
2 634.435 36.9656 -13.1551 0.5
2 627.658 44.8667 8.39483 0.5
2 649.417 56.5518 -6.38963 0.5
2 604.749 7.66464 -1.64823 0.5
2 615.162 -3.6806 -3.94686 0.5
2 526.925 -151.697 -11.4779 0.5
2 636.469 57.4259 -11.4159 0.5
2 548.011 -96.3872 -11.9008 0.5
2 633.675 57.5681 -2.93104 0.5
2 502.079 -196.81 9.34264 0.5
2 579.39 -66.1209 -1.18686 0.5
2 585.052 -38.0922 -14.6394 0.5
2 623.345 32.1327 13.1763 0.5
2 581.477 -55.9459 -12.4324 0.5
2 615.172 13.8407 -14.6904 0.5
2 558.69 -79.9394 13.2228 0.5
2 546.465 -93.6821 3.78799 0.5
2 584.654 -46.8918 -14.1971 0.5
2 603.651 -3.90291 14.0537 0.5
2 558.699 -100.473 -6.6053 0.5
2 623.147 39.4311 2.38361 0.5
2 552.503 -99.8421 14.8516 0.5
2 506.679 -175.501 -14.9138 0.5
2 518.935 -170.153 -4.6081 0.5
2 543.294 -127.545 5.74277 0.5
2 531.361 -130.729 -14.5548 0.5
2 540.101 -104.473 2.74802 0.5
2 621.048 27.0215 13.732 0.5
2 553.845 -81.8781 -6.46665 0.5
2 525.962 -128.707 -0.0260661 0.5
2 533.853 -121.702 -12.4688 0.5
2 637.581 43.0056 -13.4621 0.5
2 586.679 -34.5349 14.4547 0.5
2 616.82 -0.6872 -4.36639 0.5
2 632.403 42.5518 -14.8793 0.5
2 624.844 41.8524 -4.55373 0.5
2 617.764 22.2366 13.2987 0.5
2 643.115 61.2901 -14.8546 0.5
2 638.677 38.9575 -8.19692 0.5
2 500.612 -202.563 1.24839 0.5
2 561.609 -94.9229 -7.55636 0.5
2 588.504 -32.0097 -14.616 0.5
2 511.816 -181.07 -7.72075 0.5
2 639.255 42.3595 11.0334 0.5
2 531.528 -148.411 4.38625 0.5
2 590.077 -20.2384 8.41255 0.5
2 560.929 -87.4853 -14.3575 0.5
2 519.567 -162.693 12.7457 0.5
2 505.336 -176.462 -14.703 0.5
2 661.88 99.5795 12.7698 0.5
2 643.264 74.4441 0.807774 0.5
2 649.076 73.8809 14.3556 0.5
2 514.507 -169.102 -13.9337 0.5
2 599.714 -1.45273 3.7941 0.5
2 613.459 22.6523 -2.38032 0.5
2 548.723 -96.1437 12.599 0.5
2 633.447 54.7799 8.56049 0.5
2 623.725 17.9038 -12.8612 0.5
2 500.127 -195.261 -13.3674 0.5
2 580.433 -64.1745 2.36396 0.5
2 603.487 -16.0766 -13.4469 0.5
2 612.135 13.0383 -12.9965 0.5
2 587.324 -52.097 3.12308 0.5
2 616.047 3.45463 -12.0966 0.5
2 597.78 -17.0104 14.8218 0.5
2 539.266 -135.545 1.89238 0.5
2 600.933 -18.5521 -14.2452 0.5
2 658.685 75.1161 -10.1329 0.5
2 505.934 -190.205 -9.2498 0.5
2 600.556 -12.5494 -14.8717 0.5
2 536.024 -133.013 13.4041 0.5
2 619.925 4.47851 -3.59347 0.5
2 658.742 94.9515 -12.2352 0.5
2 633.271 45.6689 14.5831 0.5
2 580.458 -35.2438 -5.18649 0.5
2 514.869 -162.073 -14.976 0.5
2 534.001 -136.248 13.5355 0.5
2 530.337 -130.81 14.0247 0.5
2 620.896 32.5149 -9.27028 0.5
2 622.849 38.4858 4.26747 0.5
2 586.276 -53.9642 -2.87021 0.5
2 549.461 -95.1953 12.8056 0.5
2 650.724 72.5645 14.9989 0.5
2 519.371 -169.436 4.49033 0.5
2 511.467 -154.416 -4.20526 0.5
2 532.802 -144.372 -8.27418 0.5
2 576.685 -70.8375 0.69497 0.5
2 513.613 -171.787 -13.4257 0.5
2 618.275 29.6674 6.57089 0.5
2 620.482 33.1014 7.31326 0.5
2 639.208 52.7314 -14.9972 0.5
2 626.289 33.004 -14.709 0.5
2 580.461 -52.8739 14.5711 0.5
2 644.392 71.6159 11.0005 0.5
2 554.199 -109.57 2.61163 0.5
2 574.963 -55.441 14.6107 0.5
2 602.481 -0.94889 -10.9756 0.5
2 515.86 -155.789 13.9882 0.5
2 561.321 -84.6698 -14.837 0.5
2 500.062 -175.262 -6.92692 0.5
2 571.015 -55.7416 11.2412 0.5
2 543.889 -108.471 14.4041 0.5
2 656.371 69.6021 -8.19256 0.5
2 624.778 13.4193 -5.31203 0.5
2 659.047 79.5172 13.1122 0.5
2 647.995 61.798 13.8076 0.5
2 514.732 -164.254 -14.9599 0.5
2 593.411 -25.9621 14.9717 0.5
2 590.35 -23.1235 -11.9541 0.5
2 588.221 -30.9385 14.1656 0.5
2 565.57 -80.3869 14.0388 0.5
2 506.625 -164.818 8.46692 0.5
2 525.092 -154.166 12.0367 0.5
2 635.938 55.5453 -12.1701 0.5
2 654.002 63.2187 2.15007 0.5
2 527.859 -155.054 -3.30186 0.5
2 568.334 -64.2111 13.7012 0.5
2 583.189 -54.625 11.1473 0.5
2 569.048 -54.5678 3.79068 0.5
2 589.685 -48.0951 -2.67811 0.5
2 605.061 -4.79499 14.878 0.5
2 574.215 -74.8586 -2.84856 0.5
2 588.238 -26.2194 11.507 0.5
2 567.577 -57.4999 -5.03971 0.5
2 581.122 -34.2986 -5.71366 0.5
2 585.526 -55.2265 3.05263 0.5
2 535.497 -134.318 -13.1994 0.5
2 501.095 -172.895 5.67788 0.5
2 590.926 -27.1577 14.4487 0.5
2 528.728 -147.806 12.0825 0.5
2 661.299 103.68 7.52279 0.5
2 613.757 -6.36656 -2.85845 0.5
2 665.024 93.5742 14.5664 0.5
2 521.736 -140.275 10.4589 0.5
2 578.064 -38.7738 3.02937 0.5
2 574.703 -64.419 14.0946 0.5
2 625.59 14.1617 -3.02695 0.5
2 659.29 100.292 -7.36239 0.5
2 629.407 50.347 1.87061 0.5
2 607.535 -6.24198 14.5048 0.5
2 586.871 -53.1215 1.63585 0.5
2 644.98 61.3121 14.9577 0.5
2 500.254 -173.627 3.40907 0.5
2 598.959 -6.90586 -10.8402 0.5
2 592.922 -24.0555 14.5433 0.5
2 513.506 -180.164 -1.87883 0.5
2 649.839 85.8529 0.0449062 0.5
2 543.039 -126.932 7.8165 0.5
2 616.41 7.75879 -14.0719 0.5
2 612.182 8.97122 -14.6231 0.5
2 630.228 47.684 10.412 0.5
2 598.607 -2.99541 1.83516 0.5
2 581.188 -61.0644 -7.46519 0.5
2 597.522 -7.23982 8.25819 0.5
2 537.737 -136.208 7.66261 0.5
2 547.792 -105.804 14.9997 0.5
2 644.661 55.5714 13.6068 0.5
2 509.729 -176.019 -14.4017 0.5
2 577.8 -61.3086 -13.0548 0.5
2 616.282 12.3774 14.9958 0.5
2 599.499 -28.3476 8.98699 0.5
2 514.6 -172.452 -11.9513 0.5
2 626.067 43.0272 -6.84381 0.5
2 634.074 52.5797 11.9759 0.5
2 554.125 -83.0724 -9.18868 0.5
2 553.111 -110.238 6.42643 0.5
2 560.063 -96.893 -8.65627 0.5
2 514.63 -161.253 14.8547 0.5
2 624.21 11.4984 1.04061 0.5
2 524.826 -155.75 11.114 0.5
2 561.384 -97.2127 2.05707 0.5
2 510.331 -182.093 9.85111 0.5
2 521.025 -140.377 -9.15615 0.5
2 607.398 9.66814 8.55104 0.5
2 552.576 -90.5311 -13.2236 0.5
2 604.018 -16.02 12.9846 0.5
2 588.816 -32.3875 14.7979 0.5
2 638.511 56.121 -14.1815 0.5
2 529.589 -131.41 13.7406 0.5
2 550.746 -96.5368 -14.3874 0.5
2 550.038 -105.196 -14.6572 0.5
2 520.375 -152.357 -14.9648 0.5
2 582.824 -33.4433 -9.28975 0.5
2 578.785 -41.5488 -10.5453 0.5
2 592.318 -19.7877 -12.0094 0.5
2 588.883 -28.6621 13.7197 0.5
2 520.273 -138.692 1.98413 0.5
2 539.891 -133.571 5.41117 0.5
2 598.678 -21.6469 14.4878 0.5
2 629.162 29.6906 -14.0137 0.5
2 548.653 -99.2586 14.0893 0.5
2 642.34 43.0741 -2.49229 0.5
2 591.388 -44.9383 -3.64184 0.5
2 574.755 -49.8232 11.7112 0.5
2 662.343 99.4155 -13.3169 0.5
2 613.683 5.13435 14.6771 0.5
2 533.385 -145.613 2.65484 0.5
2 525.176 -158.851 -5.91817 0.5
2 641.334 70.7635 3.26133 0.5
2 573.599 -47.9501 -7.03527 0.5
2 544.325 -113.114 -14.951 0.5
2 576.798 -70.3765 -2.88816 0.5
2 550.32 -90.5365 -10.2185 0.5
2 518.039 -151.526 -13.7889 0.5
2 646.236 59.3615 -14.0505 0.5
2 506.531 -162.366 0.321423 0.5
2 640.302 68.1302 -5.89141 0.5
2 560.726 -74.9973 12.361 0.5
2 556.151 -106.192 2.59499 0.5
2 551.857 -94.9377 -14.4791 0.5
2 557.079 -101.284 -9.66286 0.5
2 552.507 -100.92 14.6569 0.5
2 611.105 -6.85424 -10.5949 0.5
2 650.345 78.8525 -13.2009 0.5
2 648.393 53.5083 2.17736 0.5
2 597.384 -21.1869 -14.953 0.5
2 563.83 -65.3055 -7.79934 0.5
2 566.374 -88.3918 -3.08433 0.5
2 607.557 -15.477 7.31321 0.5
2 603.438 -4.8727 -14.2634 0.5
2 551.999 -84.6984 -5.61099 0.5
2 535.554 -123.093 -14.4569 0.5
2 566.168 -75.1364 14.962 0.5
2 575.541 -49.7835 -12.6566 0.5
2 575.983 -70.1219 7.39029 0.5
2 519.156 -140.907 -3.48506 0.5
2 618.007 29.9943 4.6037 0.5
2 535.379 -122.699 14.2453 0.5
2 562.4 -93.8309 7.05899 0.5
2 544.284 -105.688 -13.6202 0.5
2 664.143 110.61 -0.753586 0.5
2 604.78 -21.0408 -5.75819 0.5
2 658.538 100.246 -4.44496 0.5
2 541.964 -106.951 11.9688 0.5
2 633.539 53.4547 -10.3755 0.5
2 584.985 -53.4786 8.99689 0.5
2 570.475 -73.9778 -13.0651 0.5
2 605.923 -13.5648 -12.4589 0.5
2 509.369 -170.2 14.8306 0.5
2 596.692 -23.6105 -14.8049 0.5
2 653.91 90.8277 -7.61422 0.5
2 508.423 -180.811 13.4081 0.5
2 611.55 19.2878 -2.71283 0.5
2 659.4 98.558 10.0412 0.5
2 559.33 -91.7807 -13.8048 0.5
2 545.603 -121.051 -9.79271 0.5
2 517.517 -171.427 -7.31916 0.5
2 500.985 -201.811 2.17117 0.5
2 631.804 53.7061 5.14496 0.5
2 507.217 -170.998 -14.0783 0.5
2 519.817 -147.193 -13.1818 0.5
2 609.521 7.58194 -13.4892 0.5
2 522.478 -162.154 8.42407 0.5
2 657.835 97.9713 -6.99678 0.5
2 625.679 15.3654 -6.23612 0.5
2 624.299 39.7939 7.16699 0.5
2 611.749 11.0084 -13.691 0.5
2 598.733 -28.2764 -10.6011 0.5
2 559.19 -90.8574 -14.2439 0.5
2 550.598 -107.582 -13.4967 0.5
2 546.911 -108.044 14.9871 0.5
2 605.288 -19.9999 -6.13125 0.5
2 580.633 -45.0855 -14.4761 0.5
2 602.379 -16.2165 14.1883 0.5
2 617.206 25.6163 -9.88115 0.5
2 501.035 -201.878 -0.318024 0.5
2 517.946 -170.097 -8.28366 0.5
2 664.38 88.0302 12.6828 0.5
2 537.035 -132.913 12.4375 0.5
2 550.819 -103.905 -14.6432 0.5
2 564.031 -92.1651 4.21658 0.5
2 543.576 -107.326 13.8022 0.5
2 634.422 32.9145 9.93646 0.5
2 536.627 -122.15 -14.6793 0.5
2 568.98 -72.7057 -14.5843 0.5
2 634.291 52.6341 -12.2117 0.5
2 524.202 -150.28 14.5802 0.5
2 640.248 40.5886 -6.21132 0.5
2 568.039 -66.0079 14.2043 0.5
2 628.613 27.4046 13.4281 0.5
2 553.885 -85.4849 -11.305 0.5
2 650.891 69.9258 14.7458 0.5
2 664.933 97.6434 14.9861 0.5
2 585.12 -27.8399 -6.73556 0.5
2 541.239 -125.855 -12.2844 0.5
2 532.893 -146.694 0.529866 0.5
2 597.568 -8.01512 9.42778 0.5
2 601.013 -27.316 -6.32498 0.5
2 635.149 31.159 -4.68299 0.5
2 532.731 -132.419 -14.9937 0.5
2 525.103 -137.146 -12.657 0.5
2 558.06 -78.8946 11.833 0.5
2 650.858 86.8155 -4.84361 0.5
2 531.452 -122.003 -8.73223 0.5
2 535.108 -140.203 8.53183 0.5
2 552.876 -109.712 8.10633 0.5
2 557.034 -90.9216 14.9644 0.5
2 536.205 -140.889 -1.52659 0.5
2 642.301 66.4252 -12.2708 0.5
2 553.123 -109.943 -6.97387 0.5
2 575.686 -60.7534 14.6612 0.5
2 626.655 36.0292 14.0204 0.5
2 550.539 -115.854 -2.90978 0.5
2 526.877 -127.192 -1.4414 0.5
2 597.718 -31.392 -9.04043 0.5
2 554.36 -83.0883 9.71162 0.5
2 570.561 -63.5615 -14.7174 0.5
2 646.044 54.0238 -10.9453 0.5
2 515.162 -165.673 -14.6415 0.5
2 645.14 51.3503 -9.79127 0.5
2 644.207 52.0299 -11.9476 0.5
2 650.324 84.3665 8.02514 0.5
2 603.369 -3.75736 -13.8003 0.5
2 541.829 -129.845 6.286 0.5
2 636.237 33.3673 -5.5712 0.5
2 615.302 25.1346 -5.11549 0.5
2 549.866 -107.167 14.1899 0.5
2 611.106 -1.83684 -13.914 0.5
2 576.086 -57.7273 -14.9766 0.5
2 630.122 21.8363 -1.99481 0.5
2 651.934 84.1817 -11.4416 0.5
2 587.803 -49.6433 7.3993 0.5
2 519.744 -152.491 14.8678 0.5
2 585.191 -54.8616 -6.01481 0.5
2 602.206 -21.7751 -11.0663 0.5
2 660.824 96.5527 13.4346 0.5
2 618.321 6.60017 11.4732 0.5
2 627.933 37.4503 -14.297 0.5
2 507.298 -163.55 8.31487 0.5
2 664.466 110.761 3.5504 0.5
2 659.429 73.0613 4.19103 0.5
2 651.057 62.1019 -10.3454 0.5
2 621.718 24.0951 14.873 0.5
2 562.53 -90.9548 10.6277 0.5
2 501.212 -171.699 -1.92379 0.5
2 574.524 -70.5367 10.2613 0.5
2 578.856 -64.3535 8.64139 0.5
2 603.137 -19.5491 -11.5978 0.5
2 611.091 7.66276 14.478 0.5
2 523.092 -140.953 -12.8578 0.5
2 664.29 81.1273 2.6892 0.5
2 650.541 58.4461 -6.27578 0.5
2 643.056 55.8519 -14.6429 0.5
2 503.813 -167.64 4.09029 0.5
2 540.545 -133.26 2.37401 0.5
2 641.786 42.1195 2.52924 0.5
2 599.352 -30.2059 6.30007 0.5
2 651.739 81.435 13.109 0.5
2 659.876 73.2427 0.389181 0.5
2 548.411 -119.46 3.28379 0.5
2 638.575 36.6279 2.90387 0.5
2 612.63 7.10921 -14.9835 0.5
2 632.484 36.2974 -14.31 0.5
2 517.641 -154.485 14.5532 0.5
2 589.648 -44.3648 10.2354 0.5
2 573.152 -75.1697 7.13006 0.5
2 644.962 75.6441 -7.05536 0.5
2 589.474 -41.2334 12.9716 0.5
2 526.683 -128.173 -4.57373 0.5
2 633.451 57.4506 0.753789 0.5
2 591.032 -38.4367 -13.0282 0.5
2 569.879 -55.9782 9.43361 0.5
2 605.007 -2.03044 14.2226 0.5
2 653.729 75.4099 14.8404 0.5
2 595.292 -8.6472 0.813242 0.5
2 614.216 23.3134 4.94956 0.5
2 593.885 -29.9691 -14.4821 0.5
2 590.865 -43.8105 8.26341 0.5
2 505.154 -194.184 4.07526 0.5
2 541.245 -131.949 2.92408 0.5
2 619.193 4.18895 -6.36256 0.5
2 555.874 -83.2797 12.2768 0.5
2 602.096 -25.6931 5.75041 0.5
2 536.993 -139.383 -2.54823 0.5
2 515.876 -149.61 9.54984 0.5
2 535.456 -129.502 -14.8321 0.5
2 522.975 -157.119 -12.5354 0.5
2 622.128 31.3472 12.3657 0.5
2 565.045 -86.2972 -10.9204 0.5
2 563.01 -93.439 -5.63552 0.5
2 535.845 -138.906 -8.56254 0.5
2 588.357 -23.4325 -8.72041 0.5
2 511.077 -169.568 14.9998 0.5
2 585.293 -55.0593 5.07439 0.5
2 555.759 -88.3584 -14.5265 0.5
2 544.694 -102.159 -11.9219 0.5
2 650.215 81.4866 11.1966 0.5
3 893.534 114.264 4.64223 0.5
3 788.645 89.8819 11.0736 0.5
3 896.21 88.1067 -9.14059 0.5
3 723.85 85.6317 4.30714 0.5
3 834.514 94.1686 -13.8201 0.5
3 904.224 99.2794 -14.9827 0.5
3 842.293 85.8751 5.04838 0.5
3 898.371 114.987 -0.633249 0.5
3 869.077 100.398 -14.9947 0.5
3 731.326 110.775 10.4355 0.5
3 726.428 109.099 11.925 0.5
3 900.677 113.888 5.66809 0.5
3 839.853 111.016 -10.1805 0.5
3 753.351 112.529 -8.2473 0.5
3 928.532 113.803 5.87213 0.5
3 980.396 109.002 11.9986 0.5
3 893.304 105.888 13.7961 0.5
3 927.224 105.259 14.048 0.5
3 982.844 110.158 11.0366 0.5
3 684.847 93.6109 13.5713 0.5
3 690.656 103.325 14.6268 0.5
3 756.005 101.349 14.9393 0.5
3 731.128 87.7246 -8.62064 0.5
3 931.672 110.632 -10.581 0.5
3 868.226 90.374 -11.504 0.5
3 814.947 112.662 8.04151 0.5
3 837.152 112.518 -8.26422 0.5
3 685.067 109.468 -11.6343 0.5
3 993.554 114.765 2.64304 0.5
3 835.402 114.138 -5.01228 0.5
3 784.112 96.9984 14.6966 0.5
3 728.744 86.6737 6.88556 0.5
3 690.674 96.8494 -14.6654 0.5
3 832.51 95.9115 14.4321 0.5
3 878.226 86.1946 -5.86616 0.5
3 673.468 108.075 -12.6411 0.5
3 972.037 97.7734 14.8338 0.5
3 988.419 87.4403 8.20079 0.5
3 797.218 85.9403 -5.22729 0.5
3 880.182 100.171 -14.999 0.5
3 888.797 114.68 -3.08175 0.5
3 772.408 92.4149 12.9409 0.5
3 900.932 90.7407 11.8011 0.5
3 865.9 114.793 2.48076 0.5
3 681.199 110.415 -10.795 0.5
3 879.183 94.8523 -14.089 0.5
3 899.211 93.5788 -13.5561 0.5
3 823.357 114.954 1.17561 0.5
3 826.663 95.1536 -14.1955 0.5
3 847.631 112.29 8.59975 0.5
3 740.679 91.7485 12.5265 0.5
3 925.52 97.8837 -14.85 0.5
3 997.334 114.865 2.01104 0.5
3 815.705 102.282 14.8254 0.5
3 883.568 86.2372 -5.96531 0.5
3 761.007 89.8184 11.0153 0.5
3 887.041 87.3825 -8.11162 0.5
3 824.925 97.1086 14.7187 0.5
3 778.836 101.238 14.9488 0.5
3 917.626 114.787 2.5162 0.5
3 885.121 92.8355 -13.1784 0.5
3 999.183 104.53 14.2995 0.5
3 985.227 96.7624 -14.6464 0.5
3 899.05 96.859 14.6675 0.5
3 930.198 106.972 13.2812 0.5
3 990.76 93.5915 13.5621 0.5
3 685.526 98.0375 -14.8711 0.5
3 823.892 88.8963 10.085 0.5
3 938.17 114.933 1.41432 0.5
3 977.764 109.876 11.2904 0.5
3 728.23 114.226 4.75588 0.5
3 685.059 91.8364 12.5839 0.5
3 969.712 85.2967 -2.96889 0.5
3 678.774 109.756 -11.3935 0.5
3 977.267 91.1163 -12.0863 0.5
3 864.157 103.238 -14.6464 0.5
3 945.365 114.964 -1.04002 0.5
3 803.104 109.452 -11.6474 0.5
3 758.641 86.8144 7.15123 0.5
3 771.11 88.1095 -9.14424 0.5
3 675.096 102.27 -14.8272 0.5
3 780.573 92.779 -13.1475 0.5
3 830.78 109.046 11.965 0.5
3 911.607 90.6782 -11.7517 0.5
3 702.88 111.3 -9.86459 0.5
3 939.987 91.0013 -12.001 0.5
3 759.614 112.985 -7.50945 0.5
3 953.275 114.09 5.14554 0.5
3 756.549 85.0655 -1.40078 0.5
3 689.019 111.628 -9.47526 0.5
3 669.286 111.874 -9.1658 0.5
3 939.138 102.965 14.7041 0.5
3 939.165 113.912 5.60909 0.5
3 791.692 87.638 -8.49594 0.5
3 937.302 114.273 4.61165 0.5
3 880.52 85.9783 5.32842 0.5
3 909.847 88.77 -9.94417 0.5
3 816.066 109.939 11.2349 0.5
3 813.957 85.4155 -3.50611 0.5
3 816.119 114.927 -1.47743 0.5
3 879.657 92.2806 12.8612 0.5
3 844.877 102.295 -14.8234 0.5
3 668.82 88.3147 -9.40498 0.5
3 953.101 114.683 -3.06704 0.5
3 728.913 85.0715 -1.46258 0.5
3 793.543 103.033 14.6901 0.5
3 756.003 85.1438 2.07178 0.5
3 689.828 99.0854 -14.9721 0.5
3 738.897 114.174 4.90848 0.5
3 841.477 95.6222 14.3469 0.5
3 862.971 113.592 6.34565 0.5
3 949.212 114.958 -1.1151 0.5
3 692.426 91.0058 12.0043 0.5
3 782.371 112.846 7.74472 0.5
3 909.375 85.4216 -3.53115 0.5
3 765.878 107.602 -12.9311 0.5
3 724.582 98.2724 14.9002 0.5
3 792.834 85.1491 -2.10981 0.5
3 770.851 93.1532 -13.3462 0.5
3 792.508 101.223 14.9501 0.5
3 738.832 106.439 13.5476 0.5
3 766.076 112.644 8.07017 0.5
3 828.274 85 -0.029927 0.5
3 855.708 105.427 -13.9838 0.5
3 817.568 113.623 -6.27838 0.5
3 954.965 91.9329 12.646 0.5
3 792.008 106.869 -13.3347 0.5
3 780.054 89.4247 10.6378 0.5
3 729.685 114.681 -3.07551 0.5
3 809.135 87.5893 -8.42465 0.5
3 831.048 85.3872 -3.38626 0.5
3 722.585 85.3372 -3.16268 0.5
3 742.138 110.785 -10.4255 0.5
3 727.264 113.942 5.53358 0.5
3 721.843 110.912 -10.292 0.5
3 856.071 85.2433 2.69093 0.5
3 858.594 108.269 12.5147 0.5
3 953.208 92.2461 -12.8405 0.5
3 995.035 110.757 -10.4541 0.5
3 917.907 104.742 14.2309 0.5
3 957.977 110.815 -10.3945 0.5
3 761.725 114.593 -3.47255 0.5
3 982.414 114.982 -0.725593 0.5
3 799.854 90.9563 -11.9671 0.5
3 718.827 111.744 -9.33126 0.5
3 847.374 91.5375 -12.3849 0.5
3 904.603 108.254 12.5247 0.5
3 911.751 111.379 -9.77387 0.5
3 887.875 98.3372 14.9076 0.5
3 969.883 114.996 0.339762 0.5
3 971.15 94.561 -13.9792 0.5
3 872.809 90.5192 -11.6239 0.5
3 921.487 91.1827 12.1348 0.5
3 818.677 101.919 -14.8768 0.5
3 997.006 95.2882 -14.2407 0.5
3 901.378 91.8493 12.5923 0.5
3 879.572 110.454 -10.7567 0.5
3 796.84 85.9481 5.24815 0.5
3 756.228 96.6641 -14.6244 0.5
3 815.402 112.426 -8.40185 0.5
3 667.65 109.522 -11.5904 0.5
3 967.41 89.8888 11.0798 0.5
3 851.327 114.13 5.03413 0.5
3 849.145 113.477 -6.58578 0.5
3 912.215 113.218 7.09063 0.5
3 813.563 85.3064 3.01607 0.5
3 884.271 90.2444 11.3942 0.5
3 983.168 95.11 14.1805 0.5
3 723.198 113.351 6.83668 0.5
3 673.253 106.267 13.6279 0.5
3 834.687 99.5918 14.9944 0.5
3 855.374 103.095 -14.6773 0.5
3 804.925 110.741 10.4704 0.5
3 704.775 114.821 -2.30988 0.5
3 972.011 85.413 -3.49562 0.5
3 999.793 91.2888 12.2113 0.5
3 676.434 108.29 12.5011 0.5
3 899.612 113.164 -7.19004 0.5
3 773.677 92.5284 13.0067 0.5
3 736.37 87.4712 -8.24801 0.5
3 869.459 112.692 7.99406 0.5
3 988.72 93.8384 13.6761 0.5
3 706.32 87.7676 -8.68149 0.5
3 866.99 86.0874 5.60714 0.5
3 695.557 85.0635 1.37827 0.5
3 856.102 96.7424 14.642 0.5
3 669.216 114.646 -3.23883 0.5
3 750.26 103.5 14.586 0.5
3 856.368 87.5489 -8.36484 0.5
3 717.711 97.9176 14.8548 0.5
3 696.102 88.6106 9.76124 0.5
3 838.34 89.2663 -10.478 0.5
3 846.728 85.0224 0.819381 0.5
3 786.545 104.096 14.4299 0.5
3 671.759 114.719 2.88962 0.5
3 720.362 93.8895 13.699 0.5
3 846.567 114.802 -2.42699 0.5
3 697.905 98.8863 14.9586 0.5
3 873.202 86.916 7.33541 0.5
3 760.118 86.196 -5.86946 0.5
3 704.255 85.2229 -2.57638 0.5
3 733.211 99.7304 -14.9976 0.5
3 753.534 111.458 -9.68095 0.5
3 854.271 112.496 -8.29751 0.5
3 843.255 89.6317 10.8396 0.5
3 845.54 111.451 -9.6886 0.5
3 925.614 100.495 14.9918 0.5
3 831.399 114.998 0.243745 0.5
3 795.255 106.973 -13.2807 0.5
3 900.668 86.722 6.97811 0.5
3 955.807 112.903 -7.64939 0.5
3 933.553 101.292 14.9443 0.5
3 987.683 85.927 -5.19149 0.5
3 954.596 96.9307 14.6826 0.5
3 907.345 95.4712 -14.3 0.5
3 783.772 111.504 9.62619 0.5
3 899.592 108.167 -12.5817 0.5
3 914.155 85.098 -1.71189 0.5
3 720.03 90.2543 -11.4027 0.5
3 953.254 111.996 -9.00496 0.5
3 678.166 85.9622 5.28578 0.5
3 694.124 86.6998 -6.93574 0.5
3 806.579 88.1646 -9.21535 0.5
3 878.743 101.61 -14.9133 0.5
3 726.745 92.7868 -13.1518 0.5
3 996.378 86.7449 7.02158 0.5
3 813.99 90.8428 11.8805 0.5
3 777.006 93.4826 13.5101 0.5
3 879.701 85.3276 3.1179 0.5
3 683.506 99.0335 14.9688 0.5
3 961.977 100.244 -14.998 0.5
3 801.515 105.512 -13.9504 0.5
3 861.172 113.015 7.45745 0.5
3 749.685 90.7706 -11.8244 0.5
3 938.693 87.5211 -8.32327 0.5
3 707.401 99.7908 14.9985 0.5
3 671.6 104.512 -14.3054 0.5
3 713.063 111.676 -9.41628 0.5
3 846.142 101.888 -14.8807 0.5
3 864.4 89.9838 11.1658 0.5
3 813.548 110.313 -10.8922 0.5
3 686.352 87.5411 -8.35324 0.5
3 977.512 114.587 3.49679 0.5
3 754.565 103.892 -14.4864 0.5
3 843.304 105.796 13.8349 0.5
3 907.164 114.561 -3.60078 0.5
3 845.543 85.0079 0.486241 0.5
3 872.794 85.3256 -3.10851 0.5
3 711.744 112.296 -8.59055 0.5
3 684.391 85.7375 4.64553 0.5
3 743.685 98.8459 14.9555 0.5
3 684.034 114.899 1.73474 0.5
3 680.829 90.2394 11.3899 0.5
3 734.599 85.0003 0.101693 0.5
3 802.349 95.0253 14.151 0.5
3 898.488 85.641 -4.33825 0.5
3 753.983 100.693 -14.984 0.5
3 837.27 104.879 14.1843 0.5
3 847.961 85.5059 3.86275 0.5
3 873.043 85.0899 -1.64021 0.5
3 753.438 89.1563 -10.3641 0.5
3 964.977 103.781 14.5157 0.5
3 708.305 100.552 -14.9898 0.5
3 936.519 104.808 -14.2084 0.5
3 995.381 103.001 -14.6967 0.5
3 929.287 112.396 -8.44636 0.5
3 863.583 109.963 -11.2134 0.5
3 819.059 103.413 14.6065 0.5
3 851.853 106.993 -13.2702 0.5
3 899.681 113.019 7.44962 0.5
3 710.42 89.9542 -11.1392 0.5
3 835.56 88.2809 9.36285 0.5
3 792.817 85.979 5.33035 0.5
3 999.221 114.62 3.35417 0.5
3 954.247 111.235 -9.93845 0.5
3 755.586 114.473 -3.94084 0.5
3 736.551 95.5342 14.3198 0.5
3 971.942 113.671 -6.17313 0.5
3 705.12 104.634 14.2662 0.5
3 979.129 85.135 -2.00819 0.5
3 884.364 106.691 -13.425 0.5
3 681.484 88.3979 -9.5074 0.5
3 764.859 114.992 0.476368 0.5
3 893.422 94.6978 -14.0316 0.5
3 699.055 87.4168 8.1647 0.5
3 762.395 113.48 -6.57881 0.5
3 966.158 106.689 13.4262 0.5
3 813.593 85.7625 -4.72154 0.5
3 975.009 95.1129 14.1815 0.5
3 853.309 86.1263 -5.70264 0.5
3 707.421 89.6222 10.8306 0.5
3 708.77 114.427 -4.10618 0.5
3 930.192 88.5805 -9.72599 0.5
3 784.609 114.781 -2.55347 0.5
3 979.851 105.497 13.9564 0.5
3 713.174 106.825 -13.3573 0.5
3 799.566 113.894 5.65219 0.5
3 979.59 92.3495 12.9023 0.5
3 698.518 91.7335 12.5166 0.5
3 679.011 113.166 -7.18669 0.5
3 917.168 95.8246 14.4072 0.5
3 895.416 85.6871 -4.48785 0.5
3 787.133 113.947 -5.52198 0.5
3 919.429 94.0329 -13.762 0.5
3 953.646 114.165 -4.93527 0.5
3 715.572 86.5586 -6.65797 0.5
3 835.028 92.3005 12.8731 0.5
3 877.44 104.556 14.2915 0.5
3 905.768 96.5177 14.5902 0.5
3 809.761 109.594 -11.5306 0.5
3 709.693 111.579 9.53613 0.5
3 842.195 94.6203 14.0021 0.5
3 676.296 99.9472 -14.9999 0.5
3 838.638 91.6303 -12.4478 0.5
3 872.918 92.5698 -13.0304 0.5
3 923.631 95.0998 -14.177 0.5
3 768.101 86.8303 -7.18054 0.5
3 852.98 86.5085 6.55581 0.5
3 757.848 107.94 -12.7264 0.5
3 890.368 110.832 -10.376 0.5
3 977.837 90.0438 11.2193 0.5
3 916.103 100.127 -14.9995 0.5
3 693.689 114.83 2.25214 0.5
3 978.24 96.9769 14.6922 0.5
3 924.825 87.483 -8.26582 0.5
3 792.939 92.105 12.7542 0.5
3 975.696 85.1251 -1.93325 0.5
3 800.689 99.5531 -14.9933 0.5
3 692.009 112.663 -8.04094 0.5
3 830.809 85.0266 0.893547 0.5
3 986.706 113.413 -6.71589 0.5
3 707.897 104.446 -14.326 0.5
3 745.92 105.367 -14.0069 0.5
3 840.949 87.0215 7.52055 0.5
3 818.313 106.191 -13.6629 0.5
3 944.407 112.653 -8.05567 0.5
3 916.668 105.016 14.1365 0.5
3 809.598 85.459 3.68211 0.5
3 994.882 114.363 -4.32365 0.5
3 970.113 91.1756 12.1297 0.5
3 738.243 88.1108 -9.14586 0.5
3 868.966 98.7274 14.9459 0.5
3 759.396 108.08 -12.6377 0.5
3 681.906 85.2623 2.7928 0.5
3 751.049 105.942 13.7729 0.5
3 855.928 85.0558 1.29249 0.5
3 847.471 110.425 10.7851 0.5
3 903.855 114.328 -4.43993 0.5
3 812.408 102.023 14.863 0.5
3 944.75 85.3697 3.30955 0.5
3 707.206 93.9587 13.7296 0.5
3 968.471 114.558 -3.61476 0.5
3 983.709 105.043 -14.1268 0.5
3 839.783 91.9641 12.6659 0.5
3 903.136 85.0943 -1.67913 0.5
3 694.754 97.3485 -14.7638 0.5
3 713.163 113.893 -5.6544 0.5
3 839.185 100.457 14.993 0.5
3 921.643 111.323 -9.83789 0.5
3 667.043 113.962 -5.48178 0.5
3 804.911 109.354 11.7261 0.5
3 968.235 86.3205 6.15401 0.5
3 804.299 112.848 -7.74078 0.5
3 985.052 100.603 14.9879 0.5
3 706.722 114.901 1.7178 0.5
3 769.225 90.6338 11.7164 0.5
3 804.294 85.1377 -2.02782 0.5
3 833.575 114.283 -4.5821 0.5
3 810.571 97.4675 -14.7847 0.5
3 784.907 89.9128 -11.1018 0.5
3 707.575 113.46 -6.62024 0.5
3 710.156 95.8342 14.4099 0.5
3 712.398 88.3054 9.39347 0.5
3 697.399 90.5623 -11.6589 0.5
3 974.848 85.6145 4.24952 0.5
3 891.628 85.0539 1.26999 0.5
3 699.941 85.066 1.40507 0.5
3 897.803 92.2691 -12.8543 0.5
3 685.534 97.5187 14.7933 0.5
3 974.619 102.795 14.7373 0.5
3 885.177 101.862 -14.884 0.5
3 733.413 106.17 -13.6721 0.5
3 905.283 87.9988 -8.99838 0.5
3 882.514 85.0522 -1.25052 0.5
3 897.435 112.757 7.89077 0.5
3 812.665 107.552 12.9602 0.5
3 864.79 102.382 -14.8097 0.5
3 682.595 86.6113 -6.76341 0.5
3 688.923 93.6624 13.5954 0.5
3 707.823 94.8087 -14.073 0.5
3 737.862 102.754 -14.745 0.5
3 711.468 108.529 12.339 0.5
3 854.612 113.683 -6.14545 0.5
3 731.96 100.295 -14.9971 0.5
3 831.703 103.148 14.666 0.5
3 888.738 97.3913 14.7714 0.5
3 730.819 85.4562 -3.6711 0.5
3 871.485 85.634 -4.31479 0.5
3 911.152 99.0662 14.9709 0.5
3 712.67 113.806 5.86532 0.5
3 948.843 96.0993 -14.4839 0.5
3 727.859 90.6622 11.7391 0.5
3 817.379 89.5604 -10.771 0.5
3 815.967 107.587 -12.9397 0.5
3 817.682 99.9224 14.9998 0.5
3 950.222 85.6427 4.34363 0.5
3 702.798 107.29 13.1093 0.5
3 888.52 103.952 14.47 0.5
3 873.903 107.07 13.2294 0.5
3 858.651 94.8761 14.0977 0.5
3 830.251 95.0276 14.1519 0.5
3 872.126 101.993 -14.867 0.5
3 899.263 90.0196 -11.1979 0.5
3 930.315 88.1254 9.16475 0.5
3 886.64 106.526 13.506 0.5
3 695.812 92.9249 -13.2266 0.5
3 869.732 100.476 14.9925 0.5
3 788.932 93.4854 -13.5115 0.5
3 967.738 87.2574 -7.91368 0.5
3 739.001 85.0042 0.353461 0.5
3 963.856 94.3341 -13.8888 0.5
3 920.133 98.0063 -14.8669 0.5
3 850.972 88.7512 9.92298 0.5
3 772.557 91.43 12.3107 0.5
3 894.71 98.694 -14.943 0.5
3 957.623 99.6558 -14.996 0.5
3 677.98 107.808 12.8077 0.5
3 681.528 114.784 -2.53697 0.5
3 963.878 98.4123 14.9157 0.5
3 825.29 114.977 0.829805 0.5
3 871.063 88.9387 10.1316 0.5
3 756.44 104.038 -14.4462 0.5
3 827.153 102.4 -14.8068 0.5
3 700.999 112.556 8.20721 0.5
3 980.065 114.88 1.89664 0.5
3 866.06 96.7065 14.634 0.5
3 833.29 112.657 8.04928 0.5
3 708.219 85.0078 0.483502 0.5
3 751.097 86.7683 7.06558 0.5
3 880.227 106.909 13.3141 0.5
3 953.979 98.6728 -14.9412 0.5
3 877.569 85.7051 4.54474 0.5
3 776.232 96.7187 -14.6367 0.5
3 913.17 109.672 -11.4649 0.5
3 673.788 113.647 -6.22521 0.5
3 813.619 95.5048 -14.3106 0.5
3 795.571 86.9 -7.30679 0.5
3 749.292 100.045 -14.9999 0.5
3 786.776 102.796 14.7371 0.5
3 764.179 94.9417 -14.1214 0.5
3 937.487 103.867 -14.4929 0.5
3 938.436 89.7734 10.9735 0.5
3 801.626 85.5005 -3.84247 0.5
3 929.627 114.692 -3.02419 0.5
3 928.753 109.475 -11.6286 0.5
3 866.56 107.204 -13.1568 0.5
3 807.214 97.899 -14.8521 0.5
3 796.552 108.337 12.4696 0.5
3 868.535 93.4705 13.5043 0.5
3 935.039 87.163 7.75964 0.5
3 900.593 108.273 -12.5122 0.5
3 950.76 110.564 10.6489 0.5
3 824.376 98.8136 -14.953 0.5
3 792.958 85.009 -0.52035 0.5
3 906.915 88.3934 -9.50195 0.5
3 924.244 97.5008 -14.7903 0.5
3 695.469 114.394 -4.22149 0.5
3 764.579 106.407 13.563 0.5
3 734.999 100.246 14.998 0.5
3 716.854 87.3383 8.04255 0.5
3 819.977 85.4658 3.7091 0.5
3 770.635 114.816 -2.33986 0.5
3 890.413 107.127 13.1988 0.5
3 765.278 92.6463 13.0738 0.5
3 987.344 113.971 5.46085 0.5
3 945.18 89.2797 10.4917 0.5
3 749.192 93.0288 13.2816 0.5
3 752.982 85.0008 0.153937 0.5
3 980.984 110.391 10.8182 0.5
3 679.422 114.128 -5.03857 0.5
3 921.105 113.644 6.23284 0.5
3 869.615 114.051 -5.25199 0.5
3 949.663 110.602 10.6108 0.5
3 712.065 114.287 -4.57089 0.5
3 774.183 85.0048 0.379315 0.5
3 920.069 114.97 0.950266 0.5
3 793.348 97.6067 -14.8078 0.5
3 789.282 101.075 -14.9614 0.5
3 959.988 94.7635 14.0563 0.5
3 802.386 108.016 -12.6788 0.5
3 761.376 100.525 14.9908 0.5
3 939.408 112.261 8.64097 0.5
3 963.878 114.942 -1.31245 0.5
3 821.833 94.7898 14.0661 0.5
3 821.005 95.1994 -14.2111 0.5
3 996.876 114.448 -4.03033 0.5
3 722.114 88.8859 10.0736 0.5
3 947.623 93.2083 -13.3743 0.5
3 737.885 95.3964 14.2761 0.5
3 724.081 104.31 14.3674 0.5
3 689.437 97.1001 14.717 0.5
3 922.169 87.0899 -7.6374 0.5
3 830.152 103.879 14.4898 0.5
3 863.063 92.8342 -13.1777 0.5
3 907.57 93.0261 -13.2802 0.5
3 981.403 114.38 -4.26905 0.5
3 692.022 108.574 12.3078 0.5
3 952.078 105.363 -14.0085 0.5
3 899.608 114.143 -4.99715 0.5
3 846.448 109.56 -11.5591 0.5
3 891.253 100.215 14.9985 0.5
3 902.25 114.969 -0.961857 0.5
3 765.681 91.6455 -12.458 0.5
3 685.055 104.99 -14.1456 0.5
3 827.499 95.8545 -14.4158 0.5
3 715.047 97.5852 -14.8043 0.5
3 697.125 111.196 9.98293 0.5
3 816.995 86.5063 6.55138 0.5
3 996.74 96.0867 14.4805 0.5
3 926.6 88.1786 -9.23339 0.5
3 825.209 93.7099 13.6174 0.5
3 842.81 92.4448 -12.9583 0.5
3 948.371 107.6 12.9323 0.5
3 969.713 108.741 12.19 0.5
3 712.716 103.179 -14.6593 0.5
3 970.482 90.5066 -11.6136 0.5
3 824.236 92.2289 -12.83 0.5
3 709.227 103.311 -14.63 0.5
3 941.694 91.5234 -12.3753 0.5
3 962.198 113.814 -5.84625 0.5
3 703.77 102.667 14.7609 0.5
3 803.079 88.1798 9.23482 0.5
3 772.001 114.891 1.80644 0.5
3 718.326 109.94 -11.2337 0.5
3 847.243 114.955 -1.1546 0.5
3 823.385 88.6966 -9.86074 0.5
3 683.574 109.993 -11.1862 0.5
3 920.416 101.245 -14.9482 0.5
3 891.487 113.981 -5.43324 0.5
3 773.637 98.3446 -14.9084 0.5
3 840.873 114.846 -2.14192 0.5
3 960.797 114.796 2.4673 0.5
3 767.839 93.7888 -13.6536 0.5
3 676.71 110.534 -10.679 0.5
3 854.739 106.728 -13.4065 0.5
3 853.273 94.6178 14.0012 0.5
3 945.375 107.83 -12.7945 0.5
3 865.231 113.491 6.55591 0.5
3 671.046 106.321 -13.6032 0.5
3 801.341 105.053 14.1233 0.5
3 833.156 85.0129 -0.621092 0.5
3 812.474 114.672 3.11742 0.5
3 954.639 110.7 10.5125 0.5
3 715.006 99.4986 14.9916 0.5
3 890.348 85.1622 -2.19993 0.5
3 894.638 88.0327 -9.04347 0.5
3 710.131 106.062 13.7207 0.5
3 857.243 85.4508 3.64982 0.5
3 961.682 114.373 -4.29241 0.5
3 723.29 112.534 8.23939 0.5
3 808.474 85.0077 -0.481377 0.5
3 783.096 97.5219 14.7939 0.5
3 668.301 114.993 -0.465758 0.5
3 864.094 106.002 -13.7471 0.5
3 779.649 114.506 3.81949 0.5
3 893.429 93.127 13.3327 0.5
3 781.22 86.5648 6.67057 0.5
3 984.145 89.6305 -10.8385 0.5
3 862.644 111.628 9.47612 0.5
3 909.196 100.489 -14.992 0.5
3 680.737 88.4098 9.52193 0.5
3 995.838 101.243 14.9484 0.5
3 766.164 111.608 9.49969 0.5
3 758.664 102.203 -14.8374 0.5
3 812.513 96.8622 -14.6681 0.5
3 995.826 92.8232 13.1717 0.5
3 785.927 85.6488 -4.36397 0.5
3 821.856 93.4472 -13.493 0.5
3 827.206 85.0015 -0.212027 0.5
3 905.492 114.938 1.35701 0.5
3 714.09 85.0005 -0.12252 0.5
3 845.187 99.5251 -14.9925 0.5
3 720.167 109.129 -11.9018 0.5
3 918.188 85.0809 1.5558 0.5
3 941.581 99.0006 -14.9667 0.5
3 737.03 92.8341 -13.1776 0.5
3 805.911 92.4004 12.9324 0.5
3 936.103 105.549 13.9358 0.5
3 980.236 98.0332 -14.8705 0.5
3 997.015 104.051 -14.4427 0.5
3 829.038 100.96 14.9692 0.5
3 954.471 85.7446 4.66731 0.5
3 778.232 114.661 3.17072 0.5
3 675.735 114.978 0.811504 0.5
3 875.848 114.068 5.20596 0.5
3 703.67 111.685 9.40571 0.5
3 736.017 113.183 -7.1558 0.5
3 902.322 108.565 12.3142 0.5
3 821.859 85.1346 2.00504 0.5
3 856.045 85.0732 -1.48046 0.5
3 832.177 113.634 -6.25447 0.5
3 726.06 113.046 7.40289 0.5
3 740.379 102.159 -14.8438 0.5
3 699.047 106.038 13.7311 0.5
3 740.992 114.791 -2.49791 0.5
3 853.281 91.3921 12.2843 0.5
3 748.774 113.036 -7.42129 0.5
3 882.236 92.7628 13.1386 0.5
3 932.649 114.993 0.445178 0.5
3 725.597 90.4816 -11.5931 0.5
3 871.422 87.021 -7.5197 0.5
3 745.103 91.6367 -12.4521 0.5
3 832.996 105.125 14.0972 0.5
3 991.473 85.8921 5.0958 0.5
3 811.949 85.0159 -0.69042 0.5
3 758.302 96.4326 14.5696 0.5
3 787.119 114.994 -0.414717 0.5
3 955.283 111.589 -9.52323 0.5
3 800.228 112.665 8.03707 0.5
3 902.037 101.896 -14.8796 0.5
3 790.214 87.7344 -8.63448 0.5
3 668.033 114.41 -4.16698 0.5
3 881.885 102.594 14.7739 0.5
3 687.921 94.4065 13.9181 0.5
3 959.705 103.199 -14.6549 0.5
3 946.789 86.2008 -5.88075 0.5
3 844.051 106.811 13.3646 0.5
3 737.107 88.5651 -9.70788 0.5
3 836.451 98.0414 14.8716 0.5
3 945.304 114.613 3.38605 0.5
3 760.968 87.6162 -8.46417 0.5
3 881.689 112.008 -8.98981 0.5
3 939.747 105.977 -13.7578 0.5
3 895.176 92.3082 -12.8778 0.5
3 884.143 114.382 -4.26076 0.5
3 799.854 97.0412 14.7053 0.5
3 731.259 112.793 7.83202 0.5
3 824.982 103.688 -14.5395 0.5
3 934.788 88.7905 -9.96732 0.5
3 847.408 85.0001 0.060144 0.5
3 856.386 102.876 14.7216 0.5
3 950.432 94.5086 13.9587 0.5
3 751.957 95.6059 14.342 0.5
3 777.556 111.124 10.0629 0.5
