0 92.02 87.2963 7.97593 0.5
0 320.84 100.2 -14.9987 0.5
0 180.622 89.9761 -11.1589 0.5
0 264.283 114.866 2.00271 0.5
0 117.086 97.9854 -14.8641 0.5
0 76.4767 113.149 7.21904 0.5
0 66.4946 89.6422 10.8497 0.5
0 45.6924 87.7398 -8.64226 0.5
0 144.431 111.389 -9.76149 0.5
0 266.992 85.0545 -1.27746 0.5
0 186.752 85.3281 3.1202 0.5
0 196.196 114.271 -4.62081 0.5
0 80.7602 87.422 -8.17269 0.5
0 32.9324 88.5685 -9.71187 0.5
0 28.3042 100.88 -14.9742 0.5
0 98.9875 96.27 -14.5288 0.5
0 205.788 86.0243 -5.44786 0.5
0 244.876 112.246 -8.66228 0.5
0 170.348 86.9633 7.41911 0.5
0 283.964 113.146 -7.22317 0.5
0 164.071 104.88 -14.184 0.5
0 35.0609 85.3452 3.19973 0.5
0 158.564 112.2 8.72706 0.5
0 98.5862 86.0794 5.58711 0.5
0 131.029 85.0026 0.281628 0.5
0 30.7001 85.2287 2.60926 0.5
0 37.6466 99.4287 14.9891 0.5
0 259.637 108.824 12.1299 0.5
0 42.0036 101.801 -14.8915 0.5
0 166.481 109.813 11.3451 0.5
0 291.338 99.3615 14.9864 0.5
0 311.432 114.911 1.62902 0.5
0 210.67 113.345 6.85 0.5
0 148.234 89.7358 -10.9383 0.5
0 208.351 85.3603 3.26768 0.5
0 15.9855 113.292 -6.95195 0.5
0 191.891 94.3351 -13.8892 0.5
0 147.126 113.142 7.23092 0.5
0 242.627 106.363 -13.5837 0.5
0 271.857 94.7367 -14.0463 0.5
0 196.265 96.3964 -14.5607 0.5
0 21.2694 86.5205 -6.58049 0.5
0 87.8313 114.933 1.41193 0.5
0 158.742 105.713 13.8696 0.5
0 12.892 107.672 12.8895 0.5
0 1.43715 85.0119 0.598097 0.5
0 35.1498 96.8366 -14.6626 0.5
0 146.499 112.155 8.78907 0.5
0 140.696 114.854 -2.08533 0.5
0 124.606 103.519 14.5814 0.5
0 135.113 86.5885 -6.71799 0.5
0 222.618 114.56 -3.60742 0.5
0 284.45 87.8728 8.82781 0.5
0 228.632 110.431 -10.7791 0.5
0 308.026 90.8287 11.8696 0.5
0 185.444 94.9312 -14.1176 0.5
0 116.601 96.4854 14.5824 0.5
0 246.914 105.649 -13.8954 0.5
0 50.5007 105.604 13.914 0.5
0 56.5928 110.144 -11.0497 0.5
0 116.921 93.887 13.6979 0.5
0 124.021 86.6361 6.81214 0.5
0 150.826 113.732 -6.03583 0.5
0 105.665 87.5093 8.30554 0.5
0 124.762 92.0232 -12.7032 0.5
0 56.7904 113.385 6.77153 0.5
0 188.845 102.926 -14.7118 0.5
0 68.173 114.998 0.253017 0.5
0 214.614 96.4107 -14.5642 0.5
0 177.888 85.2363 2.65225 0.5
0 210.862 95.534 14.3197 0.5
0 162.206 109.668 -11.4687 0.5
0 110.407 97.1253 14.722 0.5
0 209.962 92.0129 12.6967 0.5
0 27.0177 114.6 -3.43937 0.5
0 111.708 114.471 3.94788 0.5
0 13.9552 86.1478 -5.75468 0.5
0 261.102 111.445 9.6961 0.5
0 167.641 94.3215 13.8836 0.5
0 253.804 85.9929 5.36666 0.5
0 200.239 103.845 -14.4988 0.5
0 190.865 114.706 2.95609 0.5
0 202.595 93.3452 -13.443 0.5
0 12.2098 111.808 -9.25011 0.5
0 132.539 96.0644 -14.4745 0.5
0 240.023 103.216 -14.6513 0.5
0 282.184 112.446 8.37169 0.5
0 206.974 95.0019 -14.1428 0.5
0 290.884 85.0654 -1.39866 0.5
0 115.696 85.8943 -5.10181 0.5
0 46.122 114.997 0.318843 0.5
0 127.201 109.822 -11.3372 0.5
0 257.935 86.6681 6.87466 0.5
0 188.269 114.855 -2.08217 0.5
0 66.7535 113.389 -6.76208 0.5
0 205.664 114.958 1.12072 0.5
0 287.134 112.425 8.40291 0.5
0 141.822 91.2028 -12.1495 0.5
0 205.968 96.956 -14.6879 0.5
0 260.87 114.728 2.84164 0.5
0 175.239 96.9423 -14.685 0.5
0 150.871 113.672 6.16959 0.5
0 322.159 114.247 -4.69169 0.5
0 197.846 98.9175 -14.9609 0.5
0 236.465 114.475 3.93455 0.5
0 332.275 108.938 12.046 0.5
0 142.32 114.993 -0.453429 0.5
0 210.111 114.643 3.25524 0.5
0 285.779 88.9251 10.1166 0.5
0 331.199 91.5492 12.3929 0.5
0 63.29 97.9912 14.8649 0.5
0 305.15 95.3848 -14.2724 0.5
0 171.048 86.3854 6.29626 0.5
0 275.654 86.0945 -5.62457 0.5
0 170.278 107.078 -13.2249 0.5
0 267.429 109.34 -11.7373 0.5
0 83.9933 101.524 14.9224 0.5
0 17.1877 100.008 15 0.5
0 212.263 112.035 -8.9531 0.5
0 52.0918 100.534 14.9905 0.5
0 165.462 92.6793 13.0923 0.5
0 279.718 98.5292 14.9277 0.5
0 114.989 99.0751 -14.9715 0.5
0 219.89 90.1688 11.329 0.5
0 83.9868 114.823 -2.29904 0.5
0 151.717 85.1621 -2.19927 0.5
0 40.1512 108.67 -12.2404 0.5
0 196.979 85.6493 -4.36562 0.5
0 280.055 111.03 -10.1657 0.5
0 110.222 113.757 5.97956 0.5
0 269.224 95.0921 -14.1744 0.5
0 211.734 95.8286 -14.4083 0.5
0 29.0436 103.44 -14.6002 0.5
0 198.439 90.3712 11.5016 0.5
0 74.982 85.0236 0.840987 0.5
0 63.9545 85.296 -2.96519 0.5
0 241.147 91.4341 -12.3136 0.5
0 273.875 108.987 -12.01 0.5
0 167.959 87.1486 -7.73576 0.5
0 230.592 110.335 -10.8718 0.5
0 296.102 106.458 -13.5385 0.5
0 319.676 85.7177 4.58433 0.5
0 227.648 104.317 -14.3653 0.5
0 208.944 114.554 -3.63153 0.5
0 239.494 108.948 -12.0385 0.5
0 233.299 113.935 5.55188 0.5
0 156.147 94.1322 13.8047 0.5
0 218.494 109.065 11.9512 0.5
0 309.91 112.296 8.59086 0.5
0 312.742 87.4483 -8.21302 0.5
0 237.847 85.5823 4.13877 0.5
0 37.6215 99.8477 -14.9992 0.5
0 224.509 98.1732 14.8883 0.5
0 211.104 85.102 -1.74653 0.5
0 71.4394 91.1167 12.0867 0.5
0 121.543 102.664 -14.7615 0.5
0 243.68 94.9348 14.1189 0.5
0 135.369 85.2655 2.80969 0.5
0 33.4371 96.9658 -14.6899 0.5
0 307.035 87.2728 7.93834 0.5
0 328.628 113.826 5.81631 0.5
0 144.052 86.5576 -6.65602 0.5
0 30.4382 108.592 12.2954 0.5
0 141.673 98.8307 -14.9544 0.5
0 100.535 114.866 -2.00004 0.5
0 326.021 87.4674 -8.24222 0.5
0 316.188 95.7217 14.3769 0.5
0 193.391 85.0451 1.16222 0.5
0 254.03 102.317 14.82 0.5
0 10.8389 114.828 2.26407 0.5
0 191.118 112.519 8.2631 0.5
0 74.8588 112.526 -8.2528 0.5
0 292.776 108.927 12.0547 0.5
0 196.749 99.0329 14.9688 0.5
0 219.23 87.9376 -8.91624 0.5
0 240.914 109.355 11.7251 0.5
0 94.6729 106.78 13.3801 0.5
0 59.1662 86.2409 -5.97379 0.5
0 289.878 104.531 14.2992 0.5
0 276.139 113.956 5.49866 0.5
0 297.36 110.925 10.2788 0.5
0 48.5284 85.0638 1.38224 0.5
0 92.3053 90.1007 -11.2696 0.5
0 313.722 114.997 0.274789 0.5
0 317.917 105.258 14.0484 0.5
0 123.979 92.7041 13.1061 0.5
0 291.634 97.5922 -14.8055 0.5
0 292.833 92.568 -13.0294 0.5
0 329.339 96.7626 14.6465 0.5
0 319.127 111.127 10.0589 0.5
0 105.888 112.585 8.16274 0.5
0 164.343 91.6098 -12.434 0.5
0 140.611 86.6515 6.84233 0.5
0 179.957 109.408 -11.6831 0.5
0 2.49675 107.337 -13.0834 0.5
0 214.802 107.812 12.8049 0.5
0 328.431 111.231 9.94303 0.5
0 31.0592 97.3501 -14.7641 0.5
0 264.289 85.3697 3.30974 0.5
0 255.187 85.4941 -3.81819 0.5
0 289.05 85.1213 1.90375 0.5
0 197.64 101.641 -14.9099 0.5
0 289.305 99.7028 14.9971 0.5
0 134.169 112.957 7.55761 0.5
0 22.2489 85.0482 -1.20201 0.5
0 277.061 100.296 -14.9971 0.5
0 26.4189 112.003 -8.99646 0.5
0 301.772 89.119 10.3249 0.5
0 311.987 89.7968 -10.9952 0.5
0 233.486 90.2994 11.4411 0.5
0 261.953 86.3331 -6.18187 0.5
0 2.18008 114.787 -2.52092 0.5
0 162.668 108.542 -12.3302 0.5
0 301.252 114.105 -5.10244 0.5
0 109.168 103.784 14.5148 0.5
0 87.2108 114.19 -4.86197 0.5
0 188.21 111.472 9.66378 0.5
0 121.616 114.362 -4.32801 0.5
0 183.003 90.3193 -11.458 0.5
0 70.0481 85.1894 -2.3764 0.5
0 118.278 113.359 -6.82245 0.5
0 159.649 92.444 -12.9579 0.5
0 252.212 85.0462 1.17598 0.5
0 204.973 109.352 -11.7279 0.5
0 164.608 96.9624 14.6892 0.5
0 218.435 86.6832 6.90389 0.5
0 313.403 106.878 13.3302 0.5
0 319.918 85.1117 1.82718 0.5
0 211.879 109.593 11.5311 0.5
0 256.228 93.207 13.3737 0.5
0 256.915 114.983 0.718056 0.5
0 61.4355 88.3382 9.4341 0.5
0 300.015 88.7542 9.92627 0.5
0 102.785 107.617 12.9223 0.5
0 290.102 86.794 -7.11355 0.5
0 262.203 87.7977 -8.7238 0.5
0 275.219 96.9432 14.6852 0.5
0 44.7559 114.505 3.82287 0.5
0 278.805 113.067 -7.36555 0.5
0 236.609 114.021 -5.33134 0.5
0 242.033 91.8846 -12.6151 0.5
0 138.607 113.313 -6.91203 0.5
0 154.201 87.5587 -8.37945 0.5
0 160.08 86.1975 -5.87293 0.5
0 9.56102 91.8991 12.6244 0.5
0 198.984 113.591 6.34614 0.5
0 26.693 114.909 1.65359 0.5
0 34.5646 111.675 9.41778 0.5
0 35.2573 114.842 2.17016 0.5
0 191.736 85.0227 0.825247 0.5
0 185.383 89.2758 10.4877 0.5
0 99.32 89.4852 10.6976 0.5
0 33.5532 107.203 -13.1576 0.5
0 1.30533 100.972 14.9685 0.5
0 325.168 85.3525 -3.23272 0.5
0 76.6218 103.242 -14.6455 0.5
0 136.806 100.24 14.9981 0.5
0 23.6595 85.0372 -1.05605 0.5
0 247.039 98.1747 14.8885 0.5
0 169.468 113.259 -7.0133 0.5
0 304.815 112.307 8.57534 0.5
0 234.697 108.36 -12.4544 0.5
0 137.965 85.0194 0.76348 0.5
0 133.217 87.7991 8.72574 0.5
0 295.522 94.2806 13.8668 0.5
0 1.2484 89.8815 11.0732 0.5
0 223.436 88.778 9.95324 0.5
0 10.8477 114.985 -0.659499 0.5
1 498.128 -171.928 -6.53006 0.5
1 470.393 -134.916 14.7937 0.5
1 349.175 87.3873 2.28054 0.5
1 401.833 -20.5342 14.8804 0.5
1 372.286 22.0731 10.7527 0.5
1 484.364 -154.786 -13.3667 0.5
1 446.552 -93.5727 14.7853 0.5
1 417.93 -43.9904 14.7843 0.5
1 352.426 54.0456 7.68107 0.5
1 472.678 -128.271 -7.33986 0.5
1 422.684 -68.9548 -4.8479 0.5
1 424.442 -72.7795 0.869752 0.5
1 466.9 -116.411 1.41542 0.5
1 438.406 -96.7363 2.75332 0.5
1 409.728 -41.5189 11.8473 0.5
1 459.789 -127.087 12.6503 0.5
1 369.317 34.165 -14.5839 0.5
1 350.009 79.6094 -12.3647 0.5
1 352.697 71.5712 14.1026 0.5
1 442.727 -99.3807 11.265 0.5
1 423.386 -41.0763 1.72642 0.5
1 464.883 -122.206 -13.8972 0.5
1 360.276 48.2822 14.1238 0.5
1 425.015 -70.3229 9.60075 0.5
1 346.642 63.6115 -6.86299 0.5
1 448.698 -89.2488 -10.6445 0.5
1 414.275 -25.8832 -4.49008 0.5
1 354.997 47.6333 -2.16251 0.5
1 493.579 -188.029 -10.7364 0.5
1 365.978 32.8957 10.6515 0.5
1 354.162 54.2555 -11.4689 0.5
1 438.021 -85.9745 14.2611 0.5
1 462.102 -112.031 10.1955 0.5
1 405.628 -10.9112 4.50546 0.5
1 436.059 -87.2698 11.7347 0.5
1 452.642 -112.331 -13.8817 0.5
1 402.267 -34.0503 3.20561 0.5
1 385.66 24.3197 1.20201 0.5
1 479.719 -154.095 14.99 0.5
1 399.063 -23.8305 11.1956 0.5
1 391.816 -10.8692 -11.5466 0.5
1 448.88 -88.5568 -9.53926 0.5
1 362.983 55.1894 -13.4971 0.5
1 485.864 -150.018 4.91209 0.5
1 383.428 14.8757 14.9098 0.5
1 356.514 44.9624 -1.83125 0.5
1 337.192 87.4698 -13.8133 0.5
1 408.511 -42.685 -8.33237 0.5
1 348.633 87.6655 -4.9319 0.5
1 348.7 69.8456 14.5766 0.5
1 365.328 29.5844 -0.127834 0.5
1 374.588 20.1104 12.4037 0.5
1 432.248 -84.5036 7.16466 0.5
1 363.329 46.8207 14.9499 0.5
1 395.135 -7.33907 -14.9971 0.5
1 380.668 9.26024 -12.1811 0.5
1 472.228 -130.162 10.7987 0.5
1 379.96 33.991 2.72005 0.5
1 408.162 -20.0208 11.5366 0.5
1 351.245 79.7167 10.4711 0.5
1 338.455 80.3752 -10.4578 0.5
1 415.308 -55.0079 -7.44111 0.5
1 499.481 -172.837 1.34754 0.5
1 428.718 -74.3464 11.8971 0.5
1 468.514 -145.958 -9.23667 0.5
1 447.355 -83.6859 5.86634 0.5
1 371.577 30.803 14.7058 0.5
1 480.436 -139.905 1.8506 0.5
1 496.725 -171.043 -9.05352 0.5
1 398.316 -27.4281 1.93359 0.5
1 366.551 41.1742 -14.9443 0.5
1 378.541 29.3251 12.9165 0.5
1 489.203 -183.533 -6.41496 0.5
1 386.672 15.0577 13.0235 0.5
1 484.695 -147.499 3.14077 0.5
1 412.029 -49.6602 6.82825 0.5
1 407.247 -42.8154 -2.47878 0.5
1 340.709 84.707 14.7872 0.5
1 479.881 -143.973 -11.308 0.5
1 421.964 -65.7889 -8.61957 0.5
1 411.793 -44.7671 12.0958 0.5
1 359.55 58.6191 14.4491 0.5
1 401.839 -14.9257 -14.5289 0.5
1 435.477 -62.4993 -4.13575 0.5
1 401.986 -13.2963 13.9102 0.5
1 385.445 8.41812 -14.9416 0.5
1 445.093 -101.064 -12.9958 0.5
1 404.709 -12.4731 -10.0297 0.5
1 346.305 75.6857 14.886 0.5
1 354.034 53.2852 10.3474 0.5
1 381.737 1.55513 3.40913 0.5
1 380.243 13.392 -14.0102 0.5
1 464.791 -138.359 -10.5447 0.5
1 467.534 -134.43 -14.8677 0.5
1 360.138 38.6053 -0.973318 0.5
1 487.537 -157.521 -11.5525 0.5
1 487.167 -179.58 -7.24811 0.5
1 463.64 -120.511 -14.0745 0.5
1 495.872 -196.525 -0.178979 0.5
1 423.256 -67.5561 9.25417 0.5
1 404.129 -10.8699 9.32227 0.5
1 374.778 38.5611 -10.8622 0.5
1 350.009 77.24 13.693 0.5
1 474.653 -156.112 9.82045 0.5
1 341.516 94.5677 -12.1898 0.5
1 452.183 -120.731 1.91013 0.5
1 418.289 -42.1598 -14.1463 0.5
1 438.491 -96.6351 3.85117 0.5
1 475.771 -145.844 -14.975 0.5
1 358.134 68.0177 10.2265 0.5
1 492.531 -187.699 9.05177 0.5
1 368.824 51.1308 -8.13541 0.5
1 417.591 -60.4071 3.95688 0.5
1 336.574 96.8668 14.7937 0.5
1 398.912 -24.6717 -10.1053 0.5
1 345.362 64.2164 -1.23413 0.5
1 459.309 -131.335 -7.23616 0.5
1 455.029 -122.825 8.94311 0.5
1 368.645 23.8398 -0.216475 0.5
1 463.873 -137.194 10.0969 0.5
1 395.771 -1.79494 13.5895 0.5
1 427.6 -64.1723 -14.9731 0.5
1 362.722 47.6499 14.93 0.5
1 379.947 20.2527 -14.9673 0.5
1 434.186 -68.527 -13.6792 0.5
1 436.939 -71.026 12.4111 0.5
1 469.885 -141.059 14.2947 0.5
1 451.93 -105.283 -14.9994 0.5
1 426.17 -73.6918 7.66389 0.5
1 457.06 -100.221 -5.1729 0.5
1 374.989 29.2115 14.9381 0.5
1 438.654 -89.0645 -13.4488 0.5
1 400.716 -21.8106 14.1064 0.5
1 498.252 -186.362 14.983 0.5
1 398.282 -19.9662 -13.0064 0.5
1 491.543 -174.966 -14.9706 0.5
1 487.589 -153.827 -6.83449 0.5
1 385.034 4.02798 -13.5549 0.5
1 345.598 64.605 -4.97399 0.5
1 452.867 -118.974 -9.0846 0.5
1 491.071 -185.188 9.02885 0.5
1 403.023 -29.9416 -11.8198 0.5
1 440.072 -74.0898 10.4234 0.5
1 380.878 3.18571 -3.97284 0.5
1 479.005 -154.898 -14.7753 0.5
1 348.308 59.1514 1.62259 0.5
1 446.641 -110.874 -3.358 0.5
1 430.049 -60.8833 13.4537 0.5
1 377.216 28.4769 14.3142 0.5
1 410.629 -21.5483 8.53958 0.5
1 357.475 65.9704 -12.8221 0.5
1 460.194 -133.783 -5.24568 0.5
1 412.793 -51.4221 -5.89281 0.5
1 440.066 -73.6741 -9.98591 0.5
1 430.023 -57.9734 -11.6096 0.5
1 372.417 22.6721 -11.4979 0.5
1 436.184 -63.4526 3.02991 0.5
1 360.372 60.7411 -12.9472 0.5
1 474.179 -150.25 13.6135 0.5
1 433.836 -63.7254 -10.8566 0.5
1 446.167 -99.181 14.5246 0.5
1 433.1 -74.362 14.9185 0.5
1 372.178 24.0952 -12.273 0.5
1 370.559 41.8542 13.5988 0.5
1 493.925 -166.957 9.98336 0.5
1 359.785 69.1514 -0.984481 0.5
1 488.676 -180.947 9.15089 0.5
1 457.358 -106.595 -12.5456 0.5
1 448.822 -102.793 -14.7437 0.5
1 386.897 22.2149 -0.556102 0.5
1 472.502 -149.19 -12.5972 0.5
1 486.818 -174.671 -12.1274 0.5
1 426.398 -72.2296 10.1583 0.5
1 496.788 -188.197 -14.1119 0.5
1 393.766 10.3155 -0.589305 0.5
1 454.874 -96.4837 5.30545 0.5
1 475.781 -153.127 -13.5659 0.5
1 477.726 -142.093 12.6869 0.5
1 397.951 -9.49948 -14.8033 0.5
1 471.883 -142.219 -14.8312 0.5
1 441.207 -77.343 11.6078 0.5
1 412.032 -33.7608 -14.7818 0.5
1 391.384 11.9924 8.23103 0.5
1 484.353 -152.955 12.2769 0.5
1 356.156 74.6817 -4.79924 0.5
1 499.275 -202.23 2.37294 0.5
1 374.367 43.7948 1.98946 0.5
1 486.857 -166.427 -14.9911 0.5
1 364.067 45.192 -14.917 0.5
1 334.905 87.9975 11.7852 0.5
1 379.049 15.8936 14.1687 0.5
1 370.887 49.933 -0.821539 0.5
1 493.046 -189.777 -7.22277 0.5
1 379.113 31.4191 -10.5003 0.5
1 396.055 -9.9413 14.9432 0.5
1 492.795 -179.514 14.6283 0.5
1 479.192 -141.968 -10.546 0.5
1 481.658 -169.535 -8.0916 0.5
1 482.586 -160.929 -14.8042 0.5
1 474.35 -146.204 14.8719 0.5
1 418.478 -33.7773 6.11331 0.5
1 402.689 -8.05532 8.90341 0.5
1 491.347 -158.69 0.300544 0.5
1 407.058 -12.7543 1.32821 0.5
1 412.412 -29.9389 -13.2511 0.5
1 452.307 -118.532 -8.34723 0.5
1 456.788 -101.692 -8.81389 0.5
1 349.672 74.255 14.7808 0.5
1 394.039 -13.3535 -12.555 0.5
1 384.847 -2.37153 -7.2216 0.5
1 376.64 23.9357 -14.9628 0.5
1 380.891 31.3128 -6.14292 0.5
1 447.205 -108.827 -9.51664 0.5
1 385.314 19.639 -11.4653 0.5
1 372.654 31.7107 14.9989 0.5
1 381.633 11.2604 -14.1129 0.5
1 358.904 60.8678 -14.0855 0.5
1 347.611 89.7388 3.95956 0.5
1 389.532 -4.87986 12.9669 0.5
1 439.974 -82.7248 -14.8685 0.5
1 353.143 75.3202 -11.4992 0.5
1 460.797 -135.309 -3.70013 0.5
1 403.005 -16.7362 14.4738 0.5
1 469.765 -146.468 -11.0334 0.5
1 447.976 -113.558 0.518023 0.5
1 356.352 74.4165 4.57312 0.5
1 379.706 25.218 13.9405 0.5
1 338.164 79.8643 -9.30058 0.5
1 428.851 -51.5969 5.77497 0.5
1 426.464 -46.4969 2.38327 0.5
1 468.352 -128.097 -13.849 0.5
1 356.242 46.8322 6.5619 0.5
1 352.373 60.2845 13.4013 0.5
1 426.451 -59.7027 -14.9164 0.5
1 485.581 -163.613 14.9997 0.5
1 379.161 15.9562 -14.2551 0.5
1 459.664 -110.762 -12.6572 0.5
1 338.718 89.0385 14.9107 0.5
1 363.304 48.5961 -14.9914 0.5
1 376.034 37.3837 9.8139 0.5
1 366.994 50.3312 -12.266 0.5
1 447.321 -112.053 3.35086 0.5
1 421.352 -65.8186 6.80745 0.5
1 447.155 -83.6984 -6.64765 0.5
1 467.938 -129.932 14.6525 0.5
1 344.717 65.33 1.18219 0.5
1 449.662 -105.193 14.535 0.5
1 370.898 22.9094 8.96447 0.5
1 467.355 -117.133 0.219549 0.5
1 407.384 -24.4269 14.5021 0.5
1 419.755 -59.0075 11.7528 0.5
1 353.002 80.5682 3.28509 0.5
1 347.113 90.2357 5.11214 0.5
1 390.249 8.74582 13.0886 0.5
1 410.982 -23.7878 -10.5091 0.5
1 459.284 -122.176 -14.4502 0.5
2 609.536 -6.5117 -12.956 0.5
2 546.795 -92.7545 -1.97838 0.5
2 534.581 -140.122 9.81466 0.5
2 642.648 55.6927 14.754 0.5
2 543.82 -100.965 -9.24653 0.5
2 509.951 -157.831 -6.30905 0.5
2 607.108 -17.8068 3.22984 0.5
2 556.288 -102.56 -9.7731 0.5
2 608.385 -15.3247 4.27616 0.5
2 538.481 -108.489 -6.46371 0.5
2 622.568 37.7022 -5.162 0.5
2 539.674 -132.626 -8.03081 0.5
2 602.09 -2.08615 11.3873 0.5
2 563.339 -65.576 6.75385 0.5
2 546.025 -115.043 13.7098 0.5
2 564.992 -77.4679 14.938 0.5
2 540.028 -106.941 8.4345 0.5
2 599.699 -15.262 -14.9822 0.5
2 578.657 -67.3896 -1.19362 0.5
2 626.04 41.0312 -9.75026 0.5
2 652.926 86.5512 10.8569 0.5
2 600.245 -12.2793 14.7427 0.5
2 518.487 -146.723 11.2404 0.5
2 597.401 -12.1078 -12.7738 0.5
2 590.604 -20.9992 -10.4665 0.5
2 633.719 57.9329 -0.159559 0.5
2 605.261 -0.329856 -13.7357 0.5
2 590.494 -30.9531 14.9679 0.5
2 506.98 -162.685 5.63744 0.5
2 546.155 -112.689 -14.4685 0.5
2 537.802 -122.744 14.9931 0.5
2 567.067 -70.8982 14.913 0.5
2 555.376 -104.344 -9.52946 0.5
2 655.53 82.0579 14.9393 0.5
2 572.437 -48.2134 0.267224 0.5
2 624.599 34.5541 -13.0373 0.5
2 513.965 -178.411 5.57939 0.5
2 574.069 -49.6053 -10.4322 0.5
2 511.938 -179.932 -9.087 0.5
2 511.952 -182.673 -2.98742 0.5
2 540.542 -119.322 14.9749 0.5
2 658.852 82.2404 -14.3927 0.5
2 570.695 -81.1371 1.64527 0.5
2 660.304 97.4764 -12.3615 0.5
2 524.394 -131.761 -3.16462 0.5
2 581.157 -39.8656 -12.5332 0.5
2 538.832 -132.998 9.53135 0.5
2 622.817 24.1873 14.9994 0.5
2 515.371 -176.089 5.28746 0.5
2 630.536 52.08 -3.17733 0.5
2 579.963 -64.6564 3.91047 0.5
2 594.927 -28.2573 14.4567 0.5
2 647.246 78.0305 9.42705 0.5
2 660.447 94.018 14.2144 0.5
2 546.779 -116.425 12.1674 0.5
2 649.971 62.6069 -12.3757 0.5
2 565.971 -61.6156 -7.8302 0.5
2 506.106 -193.08 0.738325 0.5
2 666.015 89.1389 11.4138 0.5
2 641.667 59.9354 -14.6469 0.5
2 588.68 -50.045 0.987222 0.5
2 531.544 -119.186 2.0935 0.5
2 514 -178.957 3.72789 0.5
2 500.395 -174.081 5.61463 0.5
2 609.314 15.1019 4.06159 0.5
2 635.311 54.9286 11.8181 0.5
2 628.904 49.2106 3.36659 0.5
2 534.805 -117.281 -10.0774 0.5
2 659.758 81.6837 -13.5894 0.5
2 649.195 54.7658 -0.917822 0.5
2 639.999 47.5545 13.6329 0.5
2 578.903 -48.7136 14.6329 0.5
2 555.795 -102.235 10.9985 0.5
2 589.464 -39.8271 13.7003 0.5
2 537.894 -108.519 3.7569 0.5
2 516.082 -148.636 -8.74965 0.5
2 524.234 -160.259 6.41491 0.5
2 548.304 -99.149 13.8073 0.5
2 657.805 87.1424 -14.7917 0.5
2 578.009 -48.1824 -14.003 0.5
2 521.801 -153.651 14.7482 0.5
2 532.694 -117.791 -4.66442 0.5
2 651.876 87.1135 -7.92997 0.5
2 638.639 65.7289 4.60876 0.5
2 545.927 -121.943 -7.79402 0.5
2 642.031 71.7124 4.25872 0.5
2 537.594 -138.02 3.9909 0.5
2 618.917 6.38865 -10.2973 0.5
2 520.362 -168.35 1.31511 0.5
2 520.379 -153.447 14.9998 0.5
2 542.047 -128.757 7.63855 0.5
2 506.247 -167.731 -11.0684 0.5
2 661.684 94.6771 -14.6308 0.5
2 501.488 -191.722 -13.9059 0.5
2 602.276 2.99774 -3.74107 0.5
2 633.871 41.2461 -14.8727 0.5
2 623.594 40.3967 -0.0233523 0.5
2 613.421 -4.6636 8.3811 0.5
2 548.726 -109.798 -13.9483 0.5
2 505.236 -174.72 -14.1817 0.5
2 561.132 -68.2084 -3.51461 0.5
2 570.571 -57.4458 12.0027 0.5
2 650.156 58.9242 -8.32266 0.5
2 560.791 -68.4191 -1.05545 0.5
2 635.822 32.702 5.70228 0.5
2 531.005 -122.094 7.69044 0.5
2 589.51 -45.3878 -9.326 0.5
2 643.437 61.8101 14.8598 0.5
2 645.128 47.8478 2.13905 0.5
2 599.504 -29.6765 6.84304 0.5
2 582.871 -32.911 8.68755 0.5
2 583.445 -41.5897 -14.7809 0.5
2 587.607 -23.4541 6.57856 0.5
2 637.464 35.6141 5.86675 0.5
2 508.348 -185.301 -10.1051 0.5
2 597.311 -19.3078 14.9776 0.5
2 653.888 72.6309 14.0565 0.5
2 508.824 -158.737 -3.19667 0.5
2 666.375 112.849 -6.83195 0.5
2 536.659 -122.835 14.8157 0.5
2 579.855 -62.339 9.03124 0.5
2 562.358 -89.8222 -11.8823 0.5
2 655.224 92.0864 9.12524 0.5
2 614.986 15.8044 -14.0257 0.5
2 527.229 -127.586 5.5713 0.5
2 568.063 -65.3126 13.9658 0.5
2 646.147 66.3781 -14.8766 0.5
2 582.091 -33.6667 -7.78417 0.5
2 538.737 -125.03 14.5981 0.5
2 583.457 -29.5596 3.59032 0.5
2 503.677 -167.315 0.530018 0.5
2 502.733 -196.014 8.90287 0.5
2 593.432 -41.8044 1.1244 0.5
2 526.654 -148.282 13.8444 0.5
2 622.427 9.09901 4.60542 0.5
2 574.321 -49.2201 10.4851 0.5
2 517.789 -171.11 -7.03878 0.5
2 573.148 -76.7327 2.70359 0.5
2 637.851 53.1417 14.6862 0.5
2 616.52 7.05908 13.7104 0.5
2 542.769 -104.689 -11.262 0.5
2 520.314 -146.468 13.2544 0.5
2 513.668 -150.208 2.48445 0.5
2 607.806 -16.3969 -4.03423 0.5
2 594.838 -39.3692 -1.11092 0.5
2 616.194 2.36512 10.9857 0.5
2 631.425 48.4996 -11.5747 0.5
2 601.774 0.928734 6.88502 0.5
2 545.001 -124.031 -6.9373 0.5
2 512.575 -181.052 -4.95606 0.5
2 513.217 -175.812 -11.1546 0.5
2 514.949 -150.302 -8.32158 0.5
2 528.049 -147.304 13.1528 0.5
2 600.274 -29.0694 5.18785 0.5
2 577.277 -45.4406 -11.6993 0.5
2 517.055 -160.126 -14.9673 0.5
2 511.374 -175.077 13.7023 0.5
2 572.973 -55.3928 13.3238 0.5
2 585.818 -32.8578 -13.172 0.5
2 616.302 10.6798 14.8542 0.5
2 662.523 107.466 -3.2545 0.5
2 558.131 -101.221 7.06471 0.5
2 627.802 17.8812 -2.42367 0.5
2 661.337 105.225 4.00262 0.5
2 543.388 -119.753 13.6462 0.5
2 575.369 -53.1044 -14.1322 0.5
2 611.893 11.5602 -13.5514 0.5
2 643.371 47.0891 -8.19811 0.5
2 530.451 -150.28 4.37426 0.5
2 541.662 -127.227 -10.4989 0.5
2 512.124 -171.115 14.6006 0.5
2 523.126 -150.317 -14.9038 0.5
2 559.275 -84.8993 14.9589 0.5
2 504.409 -193.058 8.97467 0.5
2 511.273 -154.64 3.80238 0.5
2 504.672 -166.134 -4.03008 0.5
2 614.573 2.09628 12.8883 0.5
2 589.976 -18.6649 4.93069 0.5
2 646.43 51.6177 -6.87627 0.5
2 649.326 66.4892 -14.5919 0.5
2 605.41 -0.407566 13.8783 0.5
2 555.584 -98.7085 -13.6092 0.5
2 632.722 44.4409 14.6471 0.5
2 585.734 -39.6336 -14.9901 0.5
2 509.804 -163.063 -12.2681 0.5
2 630.029 25.3715 10.012 0.5
2 643.636 59.4294 -14.9846 0.5
2 652.755 67.7981 -12.6213 0.5
2 527.836 -132.634 12.7956 0.5
2 536.508 -113.463 9.02881 0.5
2 518.244 -171.824 -2.7373 0.5
2 615.12 25.6613 -1.31508 0.5
2 638.666 61.1215 -11.5091 0.5
2 620.144 8.10783 9.85003 0.5
2 539.278 -119.448 -14.9523 0.5
2 542.522 -112.434 -14.7746 0.5
2 555.083 -104.756 9.64534 0.5
2 654.036 93.0564 -1.4178 0.5
2 590.362 -46.2986 -5.01916 0.5
2 625.752 36.3136 13.17 0.5
2 617.857 0.543928 -1.59954 0.5
2 604.474 -17.4613 11.4067 0.5
2 562.524 -91.0309 -10.5617 0.5
2 525.601 -143.492 14.9764 0.5
2 642.659 45.115 -6.93156 0.5
2 659.675 89.5983 14.9024 0.5
2 609.248 -5.10765 13.8932 0.5
2 520.177 -143.968 -11.3909 0.5
2 605.476 -4.33871 14.9093 0.5
2 639.51 63.2106 -10.9537 0.5
2 608.184 -16.0818 -2.51748 0.5
2 611.33 13.9183 11.3875 0.5
2 665.122 92.6008 14.2367 0.5
2 501.569 -171.414 3.67094 0.5
2 635.696 61.3578 -0.0967943 0.5
2 663.968 92.6096 14.752 0.5
2 622.099 27.3929 -14.2816 0.5
2 588.002 -48.3882 8.81347 0.5
2 614.73 1.31852 12.2019 0.5
2 617.778 1.38256 5.54105 0.5
2 517.279 -169.2 -10.7575 0.5
2 608.641 11.7565 -8.64273 0.5
2 598.381 -33.0647 -2.49667 0.5
2 621.382 10.7096 -10.3521 0.5
2 659.455 102.001 -3.87263 0.5
2 541.655 -131.514 0.592996 0.5
2 574.335 -45.3575 3.58149 0.5
2 619.654 4.13729 4.07922 0.5
2 645.771 78.2816 3.93826 0.5
2 643.21 66.0381 13.4371 0.5
2 590.371 -47.0673 1.55209 0.5
2 649.655 72.0778 14.9204 0.5
2 556.217 -76.7174 3.4925 0.5
2 636.625 40.5898 13.0606 0.5
2 584.364 -57.5122 -1.09339 0.5
2 532.104 -135.986 -14.7139 0.5
2 641.707 71.7174 -1.23876 0.5
2 640.303 53.9648 -14.9954 0.5
2 616.039 22.1066 -11.359 0.5
2 655.007 94.0041 4.83708 0.5
2 552.412 -84.4328 6.61668 0.5
2 655.148 73.6571 13.5696 0.5
2 534.686 -118.209 -10.8205 0.5
2 636.715 48.5218 14.9947 0.5
2 608.655 7.1807 -12.8971 0.5
2 571.859 -78.8076 -3.45824 0.5
2 639.262 52.934 14.9947 0.5
2 533.607 -115.575 1.80845 0.5
2 630.815 42.5867 -14.25 0.5
2 558.253 -100.169 8.45413 0.5
2 560.836 -98.2045 1.72728 0.5
2 619.825 20.5581 -14.9045 0.5
2 553.04 -107.279 10.7394 0.5
2 598.311 -3.39525 0.125505 0.5
2 572.047 -49.8553 5.30348 0.5
2 633.989 35.2624 -12.6002 0.5
2 618.557 24.2058 -12.9705 0.5
2 536.664 -139.631 -3.9921 0.5
2 510.664 -172.849 -14.7651 0.5
2 649.015 62.9151 -13.5133 0.5
2 575.143 -49.701 12.1307 0.5
2 626.326 39.0834 -12.0327 0.5
2 652.083 88.1922 6.63702 0.5
2 573.181 -65.6797 -14.5217 0.5
2 619.535 31.8678 -6.53375 0.5
2 604.979 2.66464 11.5993 0.5
2 649.367 83.6439 -6.31277 0.5
2 586.852 -23.3312 1.62878 0.5
2 566.485 -79.0147 -13.9576 0.5
2 612.966 11.7696 14.2173 0.5
2 604.976 7.71119 3.59625 0.5
2 635.646 35.9862 10.9189 0.5
2 628.392 30.1817 -14.5799 0.5
2 567.794 -56.9032 4.3714 0.5
2 539.587 -134.417 -4.50111 0.5
2 568.627 -66.9782 14.7302 0.5
3 835.235 112.536 -8.23703 0.5
3 810.578 85.086 1.60379 0.5
3 765.549 113.585 -6.35924 0.5
3 866.786 113.549 -6.4369 0.5
3 769.479 110.981 10.2189 0.5
3 832.982 112.462 8.34813 0.5
3 890.63 85.0183 -0.739882 0.5
3 868.081 114.911 -1.6356 0.5
3 757.119 89.7815 -10.981 0.5
3 971.034 114.095 5.13037 0.5
3 843.726 95.4897 -14.3058 0.5
3 727.451 86.1503 5.76069 0.5
3 746.914 114.13 5.0344 0.5
3 718.355 91.6775 12.4794 0.5
3 935.019 93.5155 -13.5259 0.5
3 833.595 107.057 -13.2361 0.5
3 975.31 96.8973 -14.6756 0.5
3 763.831 109.063 -11.9527 0.5
3 869.103 94.8492 14.0879 0.5
3 698.774 111.424 9.72089 0.5
3 705.216 92.5593 13.0244 0.5
3 918.253 99.2471 14.9811 0.5
3 864.447 103.783 -14.5152 0.5
3 752.33 93.1141 13.3261 0.5
3 812.298 86.8412 7.20039 0.5
3 948.285 104.933 -14.1658 0.5
3 920.699 94.3791 13.907 0.5
3 993.158 111.418 -9.72803 0.5
3 742.826 88.0478 -9.06338 0.5
3 724.746 113.934 -5.55249 0.5
3 935.921 96.6418 14.6193 0.5
3 996.936 106.805 13.3677 0.5
3 790.074 112.185 -8.74826 0.5
3 955.406 95.9045 -14.4301 0.5
3 833.245 89.8051 -11.0029 0.5
3 805.105 109.984 11.1946 0.5
3 674.544 114.239 4.71593 0.5
3 911.788 86.8645 -7.24284 0.5
3 691.894 106.54 -13.4994 0.5
3 705.34 113.053 -7.39072 0.5
3 884.424 114.539 -3.69078 0.5
3 684.492 91.1323 12.0981 0.5
3 981.21 86.6202 -6.78086 0.5
3 798.011 91.3761 -12.2731 0.5
3 667.899 100.886 14.9738 0.5
3 887.829 87.1301 -7.70498 0.5
3 957.986 95.8695 14.4201 0.5
3 968.886 112.715 7.9582 0.5
3 825.9 111.642 -9.45893 0.5
3 765.491 107.766 12.8331 0.5
3 687.65 89.569 10.7794 0.5
3 882.102 114.998 -0.270909 0.5
3 797.521 85.5363 -3.97499 0.5
3 928.114 87.3788 -8.10594 0.5
3 971.599 114.825 -2.28775 0.5
3 975.685 85.028 0.915339 0.5
3 931.817 101.972 -14.8698 0.5
3 830.935 106.533 13.5024 0.5
3 761.577 100.552 -14.9898 0.5
3 740.039 91.5635 12.4026 0.5
3 943.914 114.183 -4.88227 0.5
3 911.623 106.232 -13.6442 0.5
3 757.528 91.561 12.4009 0.5
3 774.443 88.0997 9.13144 0.5
3 777.044 114.272 -4.61554 0.5
3 841.943 85.782 -4.78 0.5
3 980.468 101.601 -14.9143 0.5
3 826.141 86.844 7.20552 0.5
3 907.635 111.09 10.1006 0.5
3 811.681 102.745 -14.7467 0.5
3 887.283 86.1603 -5.78479 0.5
3 673.076 113.028 7.43363 0.5
3 756.14 99.1114 -14.9737 0.5
3 842.848 85.2863 2.91667 0.5
3 706.046 97.195 -14.7354 0.5
3 819.123 114.742 2.77073 0.5
3 843.768 114.94 -1.33516 0.5
3 700.519 110.015 -11.1666 0.5
3 680.993 104.007 14.4549 0.5
3 750.895 86.3541 6.22803 0.5
3 954.491 88.919 -10.1099 0.5
3 751.171 90.1241 11.2901 0.5
3 762.193 91.1684 -12.1245 0.5
3 903.513 86.7692 7.06731 0.5
3 943.467 93.1229 13.3306 0.5
3 745.06 101.838 14.8869 0.5
3 899.27 93.9456 -13.7239 0.5
3 779.67 97.0433 -14.7057 0.5
3 912.731 92.7056 13.1069 0.5
3 678.264 86.6084 -6.75768 0.5
3 973.107 88.8294 10.0109 0.5
3 942.142 100.963 -14.9691 0.5
3 804.799 91.2143 12.1577 0.5
3 770.409 106.551 -13.4936 0.5
3 669.26 85.6232 -4.2787 0.5
3 721.24 87.7409 8.64375 0.5
3 922.386 112.682 -8.01043 0.5
3 801.266 88.7918 9.96879 0.5
3 982.445 99.3854 -14.9874 0.5
3 963.183 100.244 14.998 0.5
3 983.048 103.777 -14.5167 0.5
3 725.117 89.7777 10.9774 0.5
3 913.01 85.5619 4.06705 0.5
3 817.874 87.5871 8.42137 0.5
3 966.755 102.734 14.7488 0.5
3 996.941 103.444 -14.5993 0.5
3 963.8 101.304 -14.9432 0.5
3 791.205 114.882 -1.87695 0.5
3 838.13 86.3736 6.27062 0.5
3 982.268 112.355 -8.50643 0.5
3 797.436 88.0411 9.05451 0.5
3 707.774 104.274 -14.3782 0.5
3 798.982 111.962 9.05092 0.5
3 670.892 88.203 9.26446 0.5
3 726.06 85.3855 -3.37877 0.5
3 914.52 112.583 -8.16466 0.5
3 706.386 113.442 6.65607 0.5
3 728.757 111.331 9.82853 0.5
3 701.452 113.274 6.9859 0.5
3 804.018 109.802 11.3541 0.5
3 830.337 112.604 8.13205 0.5
3 779.69 109.47 -11.6329 0.5
3 718.125 85.4802 3.76494 0.5
3 878.403 112.478 -8.32389 0.5
3 735.316 109.697 11.4438 0.5
3 796.521 87.3658 8.0856 0.5
3 682.978 85.4656 3.70827 0.5
3 964.568 99.057 14.9703 0.5
3 680.131 100.414 14.9943 0.5
3 922.888 101.576 -14.917 0.5
3 732.601 99.4438 14.9897 0.5
3 798.718 105.046 -14.1257 0.5
3 873.706 111.855 9.1908 0.5
3 734.102 89.0246 -10.2246 0.5
3 881.665 110.034 -11.1501 0.5
3 946.899 93.5651 13.5496 0.5
3 962.397 101.429 14.9318 0.5
3 895.305 103.554 -14.573 0.5
3 971.7 109.588 -11.5353 0.5
3 820.289 85.5926 4.17461 0.5
3 951.592 112.437 -8.38584 0.5
3 699.642 104.716 14.2395 0.5
3 751.199 114.535 -3.7067 0.5
3 993.759 91.6488 12.4602 0.5
3 952.967 85.6954 4.51437 0.5
3 791.242 113.514 6.50946 0.5
3 679.548 114.909 -1.65404 0.5
3 795.193 112.709 -7.96766 0.5
3 812.676 86.2411 -5.97432 0.5
3 791.15 98.4968 14.9245 0.5
3 915.063 96.737 -14.6408 0.5
3 736.343 112.988 7.50375 0.5
3 818.941 87.0917 7.64042 0.5
3 674.392 112.922 -7.61643 0.5
3 822.832 88.39 -9.49782 0.5
3 893.64 113.827 5.81459 0.5
3 748.052 109.341 -11.7366 0.5
3 701.26 103.457 14.5962 0.5
3 810.514 110.116 -11.0753 0.5
3 913.524 95.5539 14.3259 0.5
3 895.294 111.691 -9.39778 0.5
3 758.986 97.9318 14.8567 0.5
3 831.173 85.8144 4.87545 0.5
3 773.819 108.748 -12.1848 0.5
3 952.751 108.549 12.3257 0.5
3 790.7 114.88 1.89287 0.5
3 919.949 107.785 12.8218 0.5
3 798.842 109.787 11.3672 0.5
3 842.441 112.223 8.69404 0.5
3 771.599 109.399 11.6903 0.5
3 769.599 109.63 -11.5008 0.5
3 766.157 114.243 -4.70465 0.5
3 952.404 114.979 0.795434 0.5
3 861.827 88.1405 -9.1843 0.5
3 695.828 104.536 -14.2978 0.5
3 909.393 95.0193 14.1489 0.5
3 959.311 108.368 -12.4492 0.5
3 768.122 97.5983 14.8065 0.5
3 874.224 114.179 -4.89497 0.5
3 927.377 87.4468 8.21074 0.5
3 681.498 113.57 6.39267 0.5
3 835.376 106.934 13.3012 0.5
3 912.267 105.292 -14.0355 0.5
3 731.324 89.316 10.5287 0.5
3 907.69 100.028 15 0.5
3 766.95 85.1282 1.95673 0.5
3 674.97 107.373 -13.0631 0.5
3 798.627 94.2564 -13.8568 0.5
3 823.823 85.7403 -4.6541 0.5
3 965.867 93.3507 -13.4457 0.5
3 751.253 114.915 1.59005 0.5
3 800.002 108.445 12.3971 0.5
3 861.625 94.3226 13.8841 0.5
3 706.106 107.716 -12.8635 0.5
3 996.985 93.8157 -13.6658 0.5
3 683.184 100.838 14.9766 0.5
3 971.366 88.3912 -9.49928 0.5
3 847.364 104.149 14.4148 0.5
3 857.053 114.987 -0.618476 0.5
3 925.642 100.679 14.9846 0.5
3 733.031 105.977 -13.7576 0.5
3 806.993 85.6764 -4.45371 0.5
3 677.643 97.9923 -14.865 0.5
3 833.528 98.8567 -14.9564 0.5
3 830.854 90.1005 11.2694 0.5
3 730.159 86.3531 6.226 0.5
3 682.312 85.008 -0.489494 0.5
3 975.417 106.062 -13.7205 0.5
3 828.554 90.1893 -11.3468 0.5
3 734.76 114.686 -3.05498 0.5
3 746.912 91.8072 -12.565 0.5
3 907.513 114.843 2.16366 0.5
3 813.891 113.131 -7.25145 0.5
3 982.798 98.9764 14.965 0.5
3 761.904 109.629 11.5014 0.5
3 701.172 86.2124 -5.90776 0.5
3 679.892 108.922 -12.0584 0.5
3 884.949 92.9696 13.2504 0.5
3 986.335 98.6783 -14.9417 0.5
3 966.403 86.3245 -6.16286 0.5
3 727.808 113.258 7.01666 0.5
3 741.392 98.8576 -14.9564 0.5
3 880.574 86.977 7.44313 0.5
3 857.645 113.693 -6.12439 0.5
3 996.018 102.709 -14.7533 0.5
3 849.854 87.0354 7.54456 0.5
3 940.027 90.2252 11.3778 0.5
3 685.44 113.146 7.22327 0.5
3 986.926 104.808 -14.2084 0.5
3 858.959 111.92 -9.10541 0.5
3 802.656 112.23 -8.68493 0.5
3 696.902 107.812 -12.8049 0.5
3 790.625 104.256 14.3835 0.5
3 887.182 88.7517 -9.92345 0.5
3 999.528 115 0.0316414 0.5
3 808.878 88.0974 -9.12842 0.5
3 963.711 113.851 -5.757 0.5
3 881.868 97.4963 -14.7896 0.5
3 927.52 108.547 12.3266 0.5
3 931.957 106.151 13.6807 0.5
3 673.032 85.2289 -2.61044 0.5
3 762.616 85.0317 0.975378 0.5
3 853.784 111.006 -10.192 0.5
3 686.48 91.1846 12.1362 0.5
3 746.128 101.306 14.943 0.5
3 988.074 99.5051 14.9918 0.5
3 931.552 85.1774 -2.30032 0.5
3 712.502 95.0063 14.1444 0.5
3 968.004 97.6758 14.8188 0.5
3 887.614 100.04 14.9999 0.5
3 991.816 88.9896 -10.1868 0.5
3 956.767 113.09 7.32477 0.5
3 762.709 93.027 -13.2807 0.5
3 902.313 97.2463 14.7451 0.5
3 680.451 101.978 -14.8691 0.5
3 711.903 106.593 -13.4735 0.5
3 765.511 114.524 3.74767 0.5
3 753.926 109.004 11.9967 0.5
3 772.083 91.9633 12.6654 0.5
3 689.665 95.7696 -14.3911 0.5
3 843.524 97.0052 14.698 0.5
3 867.277 105.685 -13.881 0.5
3 829.659 90.5544 11.6525 0.5
3 757.026 110.14 -11.0539 0.5
3 758.682 107.315 -13.0955 0.5
3 809.332 114.546 -3.66206 0.5
3 973.934 114.592 -3.47352 0.5
3 832.63 108.101 12.6246 0.5
3 750.933 87.2214 7.85544 0.5
3 894.765 108.417 12.4158 0.5
3 767.499 102.882 14.7205 0.5
3 719.984 114.941 -1.3273 0.5
3 745.104 105.747 13.8555 0.5
3 968.815 88.1802 -9.23542 0.5
3 739.141 112.707 7.97004 0.5
3 946.079 103.121 14.6717 0.5
3 804.209 85.1684 -2.24133 0.5
3 891.916 110.504 -10.7082 0.5
3 896.543 114.949 1.23878 0.5
3 742.72 113.416 6.70805 0.5
3 936.188 94.184 -13.8266 0.5
3 919.676 106.745 13.3981 0.5
3 802.084 95.9827 -14.452 0.5
3 992.55 106.767 -13.387 0.5
3 863.087 105.425 13.9847 0.5
3 838.315 102.876 -14.7216 0.5
3 715.773 85.0187 0.748138 0.5
3 776.041 113.056 7.38558 0.5
3 871.346 111.527 -9.59785 0.5
3 987.024 94.6943 -14.0303 0.5
3 697.868 103.32 14.628 0.5
3 831.495 97.5742 14.8026 0.5
3 882.477 107.34 -13.0814 0.5
3 852.758 85.7805 -4.77558 0.5
3 953.771 86.7404 -7.0131 0.5
3 904.383 88.2574 -9.33337 0.5
3 937.145 114.405 4.1843 0.5
3 889.178 100.365 14.9955 0.5
3 801.485 114.261 -4.6487 0.5
3 733.14 114.186 4.87526 0.5
