0 55.2629 112.458 8.35467 0.5
0 188.322 111.514 -9.61386 0.5
0 127.401 85.0067 -0.449395 0.5
0 18.5386 101.761 14.8962 0.5
0 102.642 105.026 -14.133 0.5
0 31.1128 96.6402 14.6189 0.5
0 65.9142 88.797 9.97464 0.5
0 316.486 88.091 -9.12013 0.5
0 278.203 113.803 5.87155 0.5
0 1.69617 95.917 14.4336 0.5
0 329.12 114.96 1.09017 0.5
0 277.233 85.6082 -4.22814 0.5
0 331.338 108.448 -12.3946 0.5
0 160.058 87.9702 -8.96014 0.5
0 25.0996 91.3181 -12.2321 0.5
0 14.3397 93.3754 -13.4579 0.5
0 128.41 106.174 -13.6705 0.5
0 169.254 111.555 -9.56483 0.5
0 44.3186 114.987 -0.619953 0.5
0 60.0331 86.2531 -6.00196 0.5
0 14.2049 96.5629 14.6009 0.5
0 282.488 107.133 13.1953 0.5
0 16.8069 85.7011 -4.53229 0.5
0 52.2944 85.5794 4.1286 0.5
0 211.467 114.927 1.47727 0.5
0 113.445 92.825 13.1727 0.5
0 0.336781 99.9066 -14.9997 0.5
0 209.299 91.0178 12.0134 0.5
0 168.495 93.5827 13.5579 0.5
0 303.311 92.789 -13.153 0.5
0 308.057 113.125 7.26135 0.5
0 273.405 88.8531 10.0372 0.5
0 239.124 97.1082 14.7186 0.5
0 206.753 107.842 -12.7868 0.5
0 162.561 113.557 -6.42024 0.5
0 210.263 101.298 14.9438 0.5
0 20.2529 111.41 9.73735 0.5
0 72.8198 86.1182 5.68287 0.5
0 87.6764 102.317 -14.82 0.5
0 9.73291 106.84 -13.3495 0.5
0 217.231 91.0604 -12.045 0.5
0 65.9541 108.416 -12.4169 0.5
0 220.39 114.682 3.07115 0.5
0 40.813 112.699 7.98338 0.5
0 30.4527 97.7776 14.8345 0.5
0 268.235 95.5245 -14.3168 0.5
0 152.862 86.7735 7.07527 0.5
0 109.833 114.448 4.03065 0.5
0 294.215 85.0285 0.924236 0.5
0 41.0834 85.6529 4.3772 0.5
0 240.735 85.0562 -1.29756 0.5
0 69.6391 103.837 -14.5009 0.5
0 127.853 115 0.116261 0.5
0 216.62 97.5981 -14.8064 0.5
0 131.717 99.1171 14.974 0.5
0 11.6363 87.0275 7.5309 0.5
0 124.601 114.996 0.361296 0.5
0 176.399 114.972 -0.90946 0.5
0 93.1107 102.583 14.776 0.5
0 16.5206 93.2194 -13.38 0.5
0 301.493 113.811 5.85179 0.5
0 287.81 103.236 -14.6467 0.5
0 327.494 85.1854 -2.35099 0.5
0 271.404 87.8762 -8.83257 0.5
0 191.595 96.2815 14.5318 0.5
0 318.932 91.3675 12.267 0.5
0 125.511 89.9587 11.1433 0.5
0 180.067 114.184 4.87929 0.5
0 120.445 112.47 -8.33616 0.5
0 228.29 114.004 5.37407 0.5
0 117.245 93.6648 13.5965 0.5
0 106.256 114.904 -1.69176 0.5
0 320.649 114.32 4.46554 0.5
0 150.087 113.664 -6.18795 0.5
0 52.3492 85.0399 1.09268 0.5
0 185.733 114.891 -1.80506 0.5
0 123.525 108.996 12.003 0.5
0 282.874 85.1943 2.40679 0.5
0 234.938 113.79 5.90185 0.5
0 219.482 85.2988 -2.97884 0.5
0 208.264 85.4194 -3.52235 0.5
0 40.5344 114.463 3.97747 0.5
0 188.697 89.6264 -10.8346 0.5
0 332.853 113.233 -7.06345 0.5
0 24.0476 110.517 10.6957 0.5
0 275.819 87.9703 -8.96033 0.5
0 24.8979 114.947 -1.26042 0.5
0 237.12 114.289 -4.56463 0.5
0 110.218 113.707 -6.09282 0.5
0 216.606 85.7212 4.59525 0.5
0 285.964 86.4541 6.44269 0.5
0 321.906 104.459 -14.3218 0.5
0 322.608 85.0732 -1.48025 0.5
0 264.233 93.9861 13.7416 0.5
0 143.666 85.9286 -5.19565 0.5
0 30.3103 111.89 -9.14518 0.5
0 90.1134 92.1531 -12.7838 0.5
0 191.538 88.4441 -9.56358 0.5
0 20.8042 87.2902 7.9662 0.5
0 174.231 114.805 2.40834 0.5
0 258.855 85.2491 -2.72209 0.5
0 92.1553 86.2894 -6.08432 0.5
0 184.009 87.3603 8.07707 0.5
0 230.738 85.3054 3.01152 0.5
0 293.668 100.169 14.999 0.5
0 107.587 86.1726 -5.81402 0.5
0 154.157 85.4406 -3.6088 0.5
0 254.793 96.4312 -14.5693 0.5
0 307.362 109.076 -11.9424 0.5
0 139.653 110.08 -11.1082 0.5
0 251.884 87.0997 -7.65387 0.5
0 4.60304 114.975 -0.857437 0.5
0 294.628 93.3014 13.4212 0.5
0 261.452 88.6194 9.77146 0.5
0 249.423 90.3589 -11.4913 0.5
0 312.773 114.366 -4.31514 0.5
0 47.5144 85.257 2.76493 0.5
0 89.3666 92.8055 13.162 0.5
0 293.624 96.0778 -14.4781 0.5
0 100.108 85.0019 -0.23761 0.5
0 94.6212 92.5792 -13.0358 0.5
0 49.5962 88.6777 9.83902 0.5
0 45.4642 88.3196 -9.41112 0.5
0 117.55 101.542 14.9205 0.5
0 22.1075 89.1678 10.3761 0.5
0 227.183 87.7159 8.60816 0.5
0 192.161 106.902 -13.3179 0.5
0 40.9687 109.925 11.247 0.5
0 292.568 111.176 10.0051 0.5
0 107.574 114.971 0.927341 0.5
0 150.363 93.8951 -13.7015 0.5
0 126.526 114.362 -4.32756 0.5
0 19.4678 86.9749 -7.43947 0.5
0 7.13743 112.048 8.93594 0.5
0 321.687 87.7163 -8.60873 0.5
0 11.334 95.1262 14.1861 0.5
0 203.673 111.396 -9.75357 0.5
0 233.181 104.029 -14.4487 0.5
0 91.5051 92.6879 13.0971 0.5
0 268.723 111.599 9.51164 0.5
0 62.9069 85.0018 -0.235192 0.5
0 154.51 107.346 -13.0781 0.5
0 77.6043 114.918 1.56884 0.5
0 77.2618 109.219 -11.8327 0.5
0 256.39 114.984 -0.696825 0.5
0 69.558 90.1987 -11.3549 0.5
0 138.92 87.3969 8.13397 0.5
0 234.325 102.765 -14.743 0.5
0 190.64 85.662 -4.40686 0.5
0 291.946 93.1318 -13.3352 0.5
0 234.532 87.3763 8.10193 0.5
0 181.477 85.7019 4.53493 0.5
0 309.155 91.684 -12.4837 0.5
0 79.3206 113.493 -6.55193 0.5
0 47.0772 99.9817 15 0.5
0 155.698 86.7611 -7.05197 0.5
0 299.442 86.0355 -5.47668 0.5
0 312.506 95.1774 -14.2036 0.5
0 130.412 87.4229 -8.17418 0.5
0 288.348 85.7478 4.67709 0.5
0 9.67857 112.774 7.86247 0.5
0 20.3089 114.994 0.434661 0.5
0 11.6195 112.765 7.87767 0.5
0 123.564 110.616 10.5973 0.5
0 114.028 92.1134 12.7593 0.5
0 278.296 95.716 -14.3752 0.5
0 20.0366 85.9967 -5.37654 0.5
0 308.758 114.843 -2.16392 0.5
0 265.004 104.75 14.2279 0.5
0 38.6756 98.8981 14.9595 0.5
0 176.906 85.1147 -1.85173 0.5
0 36.704 85.1066 -1.78523 0.5
0 215.597 109.027 11.9797 0.5
0 238.352 109.293 -11.7748 0.5
0 68.0515 107.438 13.026 0.5
0 245.767 113.289 -6.95701 0.5
0 8.02242 93.8101 13.6633 0.5
0 226.126 95.6602 14.3585 0.5
0 181.813 114.935 1.39396 0.5
0 277.647 91.5745 12.4101 0.5
0 218.745 85.0401 -1.09578 0.5
0 131.622 110.544 -10.6692 0.5
0 120.654 108.396 12.4301 0.5
0 304.274 114.916 1.58705 0.5
0 133.549 93.7593 13.6401 0.5
0 187.27 88.838 10.0204 0.5
0 221.39 111.393 9.75674 0.5
0 183.417 86.9971 -7.47821 0.5
0 229.373 93.3783 -13.4593 0.5
0 220.959 114.6 -3.44274 0.5
0 6.23042 85.1458 2.0863 0.5
0 264.507 86.625 6.79045 0.5
0 124.447 98.305 -14.9039 0.5
0 30.5606 91.842 12.5876 0.5
0 169.553 91.3321 -12.242 0.5
0 120.177 100.268 14.9976 0.5
0 89.8972 97.6232 14.8105 0.5
0 93.2166 101.954 -14.8722 0.5
0 253.006 85.5357 3.97308 0.5
0 2.88995 85.247 -2.71085 0.5
0 38.1452 105.145 -14.0899 0.5
0 209.027 110.962 -10.2384 0.5
0 53.9978 110.277 -10.926 0.5
0 209.501 85.225 2.58834 0.5
0 66.4212 109.801 11.3554 0.5
0 4.84225 86.384 6.29332 0.5
0 322.638 102.084 14.8545 0.5
0 306.186 89.5939 -10.8034 0.5
0 310.007 89.2366 10.4474 0.5
0 60.2071 112.271 8.62682 0.5
0 261.094 85.0211 -0.794874 0.5
0 318.496 97.6473 -14.8143 0.5
0 110.253 105.207 14.0672 0.5
0 217.885 113.966 -5.4722 0.5
0 16.8337 106.513 13.5125 0.5
0 109.925 114.136 -5.01706 0.5
0 253.104 106.887 13.3257 0.5
0 161.102 93.0626 13.2994 0.5
0 32.4921 114.633 3.2986 0.5
0 211.009 95.0353 14.1546 0.5
0 6.47233 91.7461 -12.5249 0.5
0 47.591 93.074 13.3053 0.5
0 240.809 92.0155 -12.6983 0.5
0 305.968 109.894 -11.2746 0.5
0 198.489 85.3118 3.04241 0.5
0 137.223 104.925 -14.1684 0.5
0 161.884 103.876 -14.4907 0.5
0 94.6081 86.6219 -6.7843 0.5
0 139.197 105.382 -14.0014 0.5
0 151.932 94.3831 -13.9086 0.5
0 65.6295 111.068 10.1242 0.5
0 108.153 92.811 13.165 0.5
0 9.15311 85.0002 -0.0675274 0.5
0 69.2652 114.853 2.09696 0.5
0 195.91 91.7076 -12.4995 0.5
0 244.754 112.686 -8.00448 0.5
0 104.076 85.3335 3.14541 0.5
0 148.048 96.7137 -14.6356 0.5
0 328.16 103.981 14.4622 0.5
0 91.3504 86.9814 7.45083 0.5
0 129.11 107.145 -13.189 0.5
0 228.955 114.559 -3.60851 0.5
0 187.512 114.959 -1.10726 0.5
0 287.194 92.6821 13.0938 0.5
0 131.792 85.0426 -1.12925 0.5
0 264.832 114.539 3.68974 0.5
0 173.851 110.735 10.4769 0.5
0 2.48613 101.255 14.9474 0.5
0 82.1266 103.63 14.554 0.5
0 177.769 88.667 9.82665 0.5
0 293.798 110.781 10.4295 0.5
0 88.323 114.951 1.20773 0.5
0 73.2649 108.752 -12.1818 0.5
0 318.052 85.0726 1.47441 0.5
0 80.2345 106.498 -13.5194 0.5
0 273.916 95.0498 14.1596 0.5
0 92.5507 106.721 -13.4102 0.5
0 94.1703 106.634 -13.4534 0.5
0 55.3303 87.6617 -8.53035 0.5
0 230.659 97.9833 14.8638 0.5
0 285.04 108.498 12.3606 0.5
0 250.408 105.052 -14.1237 0.5
0 85.3953 96.3267 -14.5433 0.5
0 90.5558 91.3952 12.2865 0.5
1 386.73 11.9306 14.3351 0.5
1 342.951 98.3361 -0.388342 0.5
1 376.228 24.3658 -14.9401 0.5
1 385.148 5.92187 -14.3605 0.5
1 346.249 62.784 -2.14942 0.5
1 378.683 35.0167 6.40256 0.5
1 372.463 36.9783 -14.2273 0.5
1 351.495 55.1373 6.72958 0.5
1 372.038 47.9265 1.02726 0.5
1 339.876 87.2725 14.9349 0.5
1 344.482 92.2373 -9.57358 0.5
1 340.024 79.1745 -11.8186 0.5
1 364.883 57.9742 -8.10936 0.5
1 347.713 60.2633 2.24847 0.5
1 336.375 93.0253 -14.9027 0.5
1 339.207 75.282 3.66997 0.5
1 369.21 35.6183 14.8316 0.5
1 365.584 40.6469 14.5877 0.5
1 383.721 7.6257 14.1066 0.5
1 385.269 -4.42118 3.96933 0.5
1 352.196 52.3306 0.162774 0.5
1 341.198 83.5087 -14.7229 0.5
1 361.882 62.6761 8.83135 0.5
1 352.392 54.0543 7.59617 0.5
1 347.184 90.7593 -2.73268 0.5
1 367.91 36.133 -14.4629 0.5
1 342.441 99.2144 -0.558815 0.5
1 344.034 84.33 14.724 0.5
1 377.686 23.2296 14.9999 0.5
1 387.7 -1.2915 -13.1992 0.5
1 344.476 94.942 4.70846 0.5
1 382.416 23.2419 -12.5241 0.5
1 337.5 91.9809 -14.9786 0.5
1 338.915 79.5042 10.3798 0.5
1 386.753 11.9335 -14.3218 0.5
1 350.211 69.3201 14.9301 0.5
1 334.253 110.016 -9.49978 0.5
1 381.954 14.0306 14.897 0.5
1 347.163 66.3419 11.4373 0.5
1 345.827 92.7026 4.3939 0.5
1 384.021 -2.00527 -4.79634 0.5
1 386.755 -1.60397 11.944 0.5
1 363.285 37.5137 -10.6051 0.5
1 339.363 84.4873 14.1176 0.5
1 375.399 17.6874 -11.6468 0.5
1 361.457 57.0017 13.8692 0.5
1 371.239 49.023 -3.09175 0.5
1 363.232 48.8282 14.9874 0.5
1 378.885 34.3609 -7.01635 0.5
1 333.783 84.6657 -3.62125 0.5
1 386.302 18.2796 11.1585 0.5
1 333.595 114.018 -3.94554 0.5
1 345.302 65.7626 -6.5222 0.5
1 375.241 30.612 14.655 0.5
1 376.835 10.3073 -4.38419 0.5
1 367.657 25.55 0.0512265 0.5
1 338.784 79.9879 -10.6415 0.5
1 373.808 35.4586 -13.9307 0.5
1 334.64 93.6063 14.4199 0.5
1 371.104 25.4174 11.8772 0.5
1 360.492 47.4273 13.9426 0.5
1 355.171 47.7857 4.23054 0.5
1 342.948 85.2012 -14.885 0.5
1 343.098 87.9295 -14.1969 0.5
1 344.927 94.1362 -4.78528 0.5
1 335.785 86.0845 11.4682 0.5
1 344.886 79.6401 -14.9959 0.5
1 381.205 2.22312 -2.03498 0.5
1 362.82 35.709 -7.08916 0.5
1 342.295 86.0554 14.9169 0.5
1 351.422 57.4369 -9.94042 0.5
1 336.327 87.2548 12.9557 0.5
1 348.67 58.9325 3.82777 0.5
1 358.327 50.2865 -13.5554 0.5
1 372.685 16.8456 -0.407372 0.5
1 379.369 34.2017 5.54623 0.5
1 333.362 92.0024 -12.7208 0.5
1 384.345 3.68322 -12.7121 0.5
1 361.218 36.7028 0.0861678 0.5
1 375.063 15.337 8.46335 0.5
1 336.188 101.2 13.684 0.5
1 360.89 38.9481 6.89296 0.5
1 345.795 89.1029 -10.5248 0.5
1 347.234 71.758 14.4101 0.5
1 356.127 75.4975 0.830063 0.5
1 347.066 89.6916 6.58669 0.5
1 333.911 113.996 0.313897 0.5
1 342.772 95.8488 8.73024 0.5
1 364.397 33.4612 -7.92486 0.5
1 378.719 23.8944 14.7894 0.5
1 367.717 26.0756 4.30215 0.5
1 350.709 79.7596 11.3076 0.5
1 363.738 33.1453 -4.85795 0.5
1 339.204 75.3023 -3.72813 0.5
1 372.34 25.447 -13.2711 0.5
1 334.765 86.9428 10.6357 0.5
1 356.055 54.1507 13.5217 0.5
1 336.819 79.2933 -3.13184 0.5
1 334.905 110.38 7.30305 0.5
1 346.748 85.2319 12.3814 0.5
1 351.438 69.3935 14.9811 0.5
1 374.558 43.1828 -3.49713 0.5
1 348.904 75.7377 -14.7538 0.5
1 356.782 73.7914 4.1823 0.5
1 351.281 76.8607 -12.7223 0.5
1 346.706 91.2869 -4.02597 0.5
1 357.058 45.8838 -7.44218 0.5
1 349.207 58.3184 4.87011 0.5
1 356.269 51.6202 12.2518 0.5
1 363.884 37.381 11.4384 0.5
1 339.77 102.286 6.67217 0.5
1 349.755 56.9584 -3.44808 0.5
1 348.445 65.1482 -12.2346 0.5
1 368.872 28.8636 11.5404 0.5
1 350.201 60.8359 11.2256 0.5
1 357.361 71.209 7.77679 0.5
1 361.346 66.2222 2.77626 0.5
1 371.291 34.663 14.9945 0.5
1 339.72 89.5488 14.9875 0.5
1 383.791 16.0192 -14.6062 0.5
1 351.756 71.2478 -14.664 0.5
1 353.299 50.7093 2.9377 0.5
1 366.707 53.4288 9.93939 0.5
1 368.909 51.7185 -6.86295 0.5
1 376.094 38.2048 -8.63017 0.5
1 371.296 29.8525 -14.3417 0.5
1 346.453 82.6001 -14.0231 0.5
1 371.886 48.0717 -2.13697 0.5
1 372.514 29.8283 14.8211 0.5
1 370.011 39.6411 -14.6616 0.5
1 361.358 63.5796 8.83902 0.5
1 372.421 40.4948 12.5627 0.5
1 358.272 63.4662 -13.4398 0.5
1 373.81 15.8244 -5.20441 0.5
1 338.656 101.955 -10.0074 0.5
1 355.896 65.6686 14.2288 0.5
1 354.734 50.5579 -8.47604 0.5
1 336.842 100.967 -13.2428 0.5
1 338.602 77.8149 7.38042 0.5
1 352.365 55.9268 10.0781 0.5
1 358.028 59.6777 14.7984 0.5
1 341.995 72.9653 -8.9574 0.5
1 379.607 6.03335 -5.83431 0.5
1 346.592 79.1806 14.8457 0.5
1 341.201 90.1892 14.5063 0.5
1 388.817 18.6584 -2.67962 0.5
1 358.03 42.2693 -1.15691 0.5
1 377.365 16.0399 12.8754 0.5
1 383.61 19.1467 -13.6455 0.5
1 372.456 46.824 3.50004 0.5
1 363.313 33.3356 -2.79152 0.5
1 336.13 104.356 -11.8473 0.5
1 354.875 59.0359 14.5484 0.5
1 383.067 23.4058 11.5689 0.5
1 381.984 27.9418 8.71798 0.5
1 373.859 27.9494 14.8845 0.5
1 368.54 45.8713 13.344 0.5
1 361.216 61.3938 -11.4525 0.5
1 349.591 68.0956 14.5248 0.5
1 367.169 26.9289 -3.96495 0.5
1 348.076 61.9743 -8.30558 0.5
1 359.89 43.4798 10.6901 0.5
1 365.184 50.8133 -13.7563 0.5
1 346.538 79.8966 -14.7426 0.5
1 340.532 95.9136 12.4397 0.5
1 338.608 104.625 5.96814 0.5
1 375.87 12.4086 5.599 0.5
1 379.884 4.95107 -4.12521 0.5
1 367.707 25.5702 -1.79545 0.5
1 362.879 62.9231 5.12155 0.5
1 352.012 82.5963 1.23307 0.5
1 386.81 18.4021 -10.1693 0.5
1 370.85 20.1898 -2.25885 0.5
1 355.152 50.7618 -9.6925 0.5
1 373.212 37.978 13.2397 0.5
1 345.085 70.9634 12.2326 0.5
1 366.245 43.8932 -14.9731 0.5
1 387.696 0.3273 -13.9497 0.5
1 356.382 75.0462 -0.996623 0.5
1 357.335 49.823 12.286 0.5
1 348.461 68.3917 -13.992 0.5
1 374.714 35.2877 13.2867 0.5
1 353.105 63.8561 14.8795 0.5
1 383.26 -0.981836 3.81612 0.5
1 376.812 10.3894 4.51963 0.5
1 339.244 74.776 -0.6275 0.5
1 358.537 42.6836 -6.19272 0.5
1 384.784 -3.04262 -5.56843 0.5
1 340.547 75.7432 -9.30836 0.5
1 366.843 56.8383 -1.89819 0.5
1 357.496 43.4095 2.78443 0.5
1 348.507 58.9456 2.60434 0.5
1 381.294 25.1331 -12.5585 0.5
1 345.267 93.5231 4.85634 0.5
1 365.633 46.5153 -14.7969 0.5
1 340.974 100.7 -5.55448 0.5
1 354.555 58.6408 -14.2767 0.5
1 370.852 43.7717 -12.1799 0.5
1 369.598 23.4693 6.06662 0.5
1 342.377 87.4568 14.6719 0.5
1 341.255 79.5426 -13.4018 0.5
1 336.358 82.1691 -8.15087 0.5
1 341.865 77.9736 13.1319 0.5
1 335.726 88.1231 12.853 0.5
1 388.184 -9.91537 -1.63016 0.5
1 333.462 104.416 -14.2645 0.5
1 363.073 40.0913 -12.4291 0.5
1 371.25 31.9627 14.8126 0.5
1 366.323 30.7772 8.88775 0.5
1 361.055 51.854 -14.9994 0.5
1 384.18 -2.96772 -1.74312 0.5
1 365.449 44.9028 -14.9907 0.5
1 349.237 73.3429 -14.9736 0.5
1 373.899 43.7301 5.40717 0.5
1 378.945 5.99943 0.194821 0.5
1 369.244 44.8173 -13.2578 0.5
1 368.382 34.5064 14.2155 0.5
1 367.341 55.7604 3.15681 0.5
1 383.096 23.1294 -11.7523 0.5
1 369.769 22.7546 -5.01636 0.5
1 338.092 82.5374 11.8319 0.5
1 367.839 31.5188 12.2077 0.5
1 357.133 55.8056 -14.7026 0.5
1 351.874 62.4055 13.9629 0.5
1 341.781 100.138 -2.61196 0.5
1 377.133 9.56 -3.54126 0.5
1 355.104 73.9216 9.47376 0.5
1 372.014 35.3153 -14.8207 0.5
1 352.537 68.5703 -14.8878 0.5
1 377.165 21.0727 -14.6952 0.5
1 388.754 13.9823 11.2031 0.5
1 381.724 18.5197 14.8171 0.5
1 346.051 74.0792 14.486 0.5
1 374.512 17.3531 -9.83695 0.5
1 378.671 30.6627 11.8554 0.5
1 383.873 0.449348 -8.98305 0.5
1 341.744 80.325 14.1035 0.5
1 337.67 88.9897 14.5862 0.5
1 338.276 91.2023 14.9981 0.5
1 349.14 57.6229 -0.0740747 0.5
1 349.329 76.5878 -14.3723 0.5
1 349.803 70.2818 14.9526 0.5
1 349.182 66.5938 -13.7671 0.5
1 344.1 95.7978 -4.04009 0.5
1 371.525 20.2166 -6.25686 0.5
1 337.7 105.665 -7.07338 0.5
1 336.749 96.5388 -14.7978 0.5
1 338.758 103.916 6.91347 0.5
1 360.986 66.4911 -4.24423 0.5
1 363.131 36.3296 8.92059 0.5
1 341.643 72.7437 7.71458 0.5
1 351.778 53.2266 -2.27252 0.5
1 350.912 74.6438 14.1098 0.5
1 369.826 50.0206 -7.07166 0.5
1 368.484 49.1956 -11.1097 0.5
1 350.579 82.1694 8.9471 0.5
1 377.114 9.44722 2.87303 0.5
1 344.705 92.6596 -8.50389 0.5
1 384.664 24.2674 -7.17214 0.5
1 376.712 9.99929 -1.99623 0.5
1 339.431 76.2595 -7.16228 0.5
1 357.887 69.6182 8.80109 0.5
1 365.545 49.6319 13.985 0.5
1 375.455 26.975 -14.9998 0.5
1 335.219 109.521 -7.84192 0.5
1 385.602 14.8258 14.0105 0.5
1 333.672 97.5427 -14.8829 0.5
1 372.374 19.1539 -7.07795 0.5
1 386.345 13.0607 14.1843 0.5
1 381.038 31.9981 -3.33516 0.5
1 388.414 -10.2763 1.93683 0.5
2 364.023 -41.0823 -14.893 0.5
2 359.392 -60.8355 -6.49574 0.5
2 373.654 -25.6763 -14.6839 0.5
2 381.164 0.491208 11.0933 0.5
2 354.226 -67.2215 -10.2422 0.5
2 384.208 -13.1068 12.1655 0.5
2 359.482 -32.8685 -4.55908 0.5
2 381.878 -9.05297 14.9844 0.5
2 365.853 -30.717 13.9912 0.5
2 354.368 -69.8738 -5.74535 0.5
2 333.658 -106.155 -4.6295 0.5
2 380.229 -26.1503 1.49658 0.5
2 355.343 -63.2936 -12.0263 0.5
2 336.947 -101.184 -0.47587 0.5
2 357.94 -41.3234 -12.3541 0.5
2 355.407 -39.7155 3.83095 0.5
2 358.206 -59.2059 -11.3248 0.5
2 335.852 -95.6636 -12.9459 0.5
2 348.053 -74.5688 12.9236 0.5
2 339.386 -69.2484 7.95173 0.5
2 347.452 -60.5626 13.0288 0.5
2 377.16 -29.4459 -7.64395 0.5
2 385.497 12.5596 -3.17416 0.5
2 335.019 -79.5303 11.18 0.5
2 350.82 -77.1182 1.14518 0.5
2 359.778 -47.7711 14.9577 0.5
2 370.762 -13.311 -4.49412 0.5
2 342.609 -74.6957 14.9046 0.5
2 364.583 -53.3075 -0.722586 0.5
2 342.715 -77.7996 -14.9145 0.5
2 386.553 -0.9332 14.9854 0.5
2 359.988 -33.7769 8.28138 0.5
2 361.803 -43.3101 14.999 0.5
2 382.451 5.258 8.08696 0.5
2 364.132 -42.3158 -14.6524 0.5
2 358.552 -63.0351 4.63689 0.5
2 387.845 -6.95183 -12.06 0.5
2 356.027 -38.2432 -1.73036 0.5
2 373.23 -8.52488 2.30459 0.5
2 357.404 -42.241 12.3469 0.5
2 342.727 -61.4278 -2.71816 0.5
2 369.811 -14.7716 -3.84778 0.5
2 371.161 -41.9302 0.0967764 0.5
2 370.335 -13.5748 -2.52501 0.5
2 365.694 -40.6839 -14.3749 0.5
2 338.277 -71.2866 8.13847 0.5
2 350.498 -58.4762 14.3871 0.5
2 344.314 -83.0792 11.486 0.5
2 345.032 -60.5584 -9.47355 0.5
2 384.933 11.1471 4.76294 0.5
2 381.321 -23.5738 4.71244 0.5
2 341.385 -63.7735 2.83097 0.5
2 384.54 -18.5604 -2.42866 0.5
2 364.857 -31.4007 13.5433 0.5
2 370.779 -18.1991 11.6954 0.5
2 371.752 -34.5545 12.2568 0.5
2 355.502 -62.6758 12.2741 0.5
2 349.264 -67.8345 14.7017 0.5
2 365.937 -29.4653 13.5116 0.5
2 374.553 -34.4264 6.79907 0.5
2 349.103 -79.2945 4.95644 0.5
2 354.096 -44.6856 -9.25787 0.5
2 342.013 -92.4081 0.519276 0.5
2 372.065 -40.2224 2.06768 0.5
2 379.516 -27.0391 3.525 0.5
2 361.557 -46.2002 -14.7667 0.5
2 341.564 -79.8669 -14.9063 0.5
2 343.948 -87.5228 -6.6247 0.5
2 363.742 -34.1498 13.903 0.5
2 337.478 -73.04 -8.6818 0.5
2 352.605 -44.1197 1.22374 0.5
2 351.312 -74.794 -6.57296 0.5
2 379.175 -17.9214 14.1868 0.5
2 370.415 -41.1639 -7.58352 0.5
2 387.57 -13.1388 3.31631 0.5
2 352.26 -74.591 1.52695 0.5
2 352.308 -48.3671 9.95785 0.5
2 350.517 -55.5499 13.1932 0.5
2 338.394 -68.6947 -0.569303 0.5
2 349.862 -60.2126 14.5594 0.5
2 340.258 -95.1886 -2.8171 0.5
2 338.173 -87.7591 14.5389 0.5
2 360.624 -47.8954 -14.7523 0.5
2 360.333 -60.5525 1.99453 0.5
2 373.229 -36.1884 -7.75386 0.5
2 365.909 -21.5755 4.01861 0.5
2 368.92 -45.5533 -2.77746 0.5
2 368.143 -38.9586 13.3697 0.5
2 360.185 -54.4043 -12.3843 0.5
2 376.249 -13.0581 14.121 0.5
2 341.743 -67.2473 10.5761 0.5
2 366.37 -44.1501 -12.0591 0.5
2 348.469 -54.9111 9.83708 0.5
2 381.782 4.91304 -6.64557 0.5
2 388.112 -11.5941 -5.32388 0.5
2 351.636 -49.6881 10.1317 0.5
2 358.487 -61.5742 -7.99557 0.5
2 377.928 -29.929 -2.88809 0.5
2 377.066 -8.45338 12.528 0.5
2 372.346 -35.262 10.8246 0.5
2 339.078 -72.8312 11.4686 0.5
2 374.107 -34.0438 -8.70529 0.5
2 367.723 -37.8382 14.1587 0.5
2 363.015 -27.1601 5.68859 0.5
2 355.762 -52.4843 -14.9583 0.5
2 354.143 -46.6713 11.4113 0.5
2 359.637 -52.7634 -13.8025 0.5
2 379.866 -6.49478 14.0101 0.5
2 335.06 -99.3933 -11.2385 0.5
2 339.317 -74.7979 -13.1101 0.5
2 364.638 -48.925 -10.5154 0.5
2 358.356 -38.4668 -10.5707 0.5
2 381.664 -4.23601 14.3083 0.5
2 386.465 11.274 9.38968 0.5
2 358.477 -48.0184 -14.9741 0.5
2 382.032 5.9949 -5.1257 0.5
2 345.128 -78.3604 13.5946 0.5
2 384.846 -15.9053 -8.01748 0.5
2 385.222 -8.73265 13.6783 0.5
2 358.192 -59.3021 11.2614 0.5
2 357.144 -66.1077 -1.74562 0.5
2 343.623 -87.4163 7.83993 0.5
2 333.443 -82.9829 11.7864 0.5
2 365.603 -49.3544 7.82555 0.5
2 336.107 -80.4093 -13.1393 0.5
2 362.43 -32.8082 11.8123 0.5
2 335.579 -75.9225 8.08013 0.5
2 360.515 -31.3784 5.40535 0.5
2 383.107 8.75514 -0.415537 0.5
2 346.497 -82.7556 7.29698 0.5
2 335.401 -97.9802 11.9153 0.5
2 371.242 -28.0924 -14.9434 0.5
2 357.361 -62.2215 -9.76271 0.5
2 340.831 -94.4611 -0.319717 0.5
2 359.567 -56.6298 -11.5111 0.5
2 339.679 -81.353 14.9996 0.5
2 346.413 -69.0245 -14.9802 0.5
2 387.44 4.26521 14.6969 0.5
2 377.351 -23.1307 13.3077 0.5
2 377.165 -2.01301 -3.76765 0.5
2 375.085 -9.61462 -10.6938 0.5
2 358.951 -42.9251 14.0871 0.5
2 374.928 -6.95389 6.6365 0.5
2 369.768 -22.4173 13.3053 0.5
2 351.094 -64.9882 14.6324 0.5
2 388.668 15.2466 9.19221 0.5
2 340.923 -64.3691 1.39097 0.5
2 362.18 -54.408 -9.10395 0.5
2 334.085 -80.7206 10.7834 0.5
2 363.419 -30.4332 11.2628 0.5
2 339.947 -69.0579 9.08351 0.5
2 358.346 -64.0953 -0.9674 0.5
2 364.298 -27.0482 -9.29864 0.5
2 362.979 -27.1178 -5.42538 0.5
2 363.962 -44.2046 14.2093 0.5
2 340.279 -66.5529 5.71727 0.5
2 339.622 -66.5807 -0.819057 0.5
2 385.98 -10.3449 11.9382 0.5
2 368.826 -16.0731 1.70543 0.5
2 381.964 -14.1995 13.7566 0.5
2 361.757 -36.0398 13.1704 0.5
2 363.578 -29.0252 -10.1558 0.5
2 338.688 -69.2463 -5.56377 0.5
2 339.122 -68.2028 -4.77177 0.5
2 371.912 -15.9719 11.4771 0.5
2 383.255 -15.0505 11.9495 0.5
2 358.535 -35.8761 -7.61483 0.5
2 361.988 -29.5295 6.9575 0.5
2 368.017 -33.1645 -14.9793 0.5
2 357.116 -64.2052 -7.57201 0.5
2 367.716 -18.398 -3.84166 0.5
2 363.737 -31.1103 12.2346 0.5
2 373.696 -18.6439 -14.485 0.5
2 382.838 4.18807 10.312 0.5
2 374.48 -10.4006 -10.428 0.5
2 366.381 -20.6225 3.49535 0.5
2 335.671 -101.07 8.03226 0.5
2 357.783 -35.6006 -3.83368 0.5
2 348.988 -76.2189 10.3219 0.5
2 370.884 -12.858 3.63441 0.5
2 350.154 -55.26 -12.6526 0.5
2 382.289 4.23377 9.14511 0.5
2 352.758 -66.712 12.7475 0.5
2 358.876 -49.7532 -14.9203 0.5
2 342.576 -61.4587 0.709178 0.5
2 373.589 -11.2014 -9.60216 0.5
2 379.005 1.63949 -0.67619 0.5
2 359.052 -33.6414 4.64559 0.5
2 365.634 -24.025 -8.32458 0.5
2 382.272 -17.5824 -11.272 0.5
2 348.497 -68.0477 -14.884 0.5
2 342.918 -65.6959 -11.0421 0.5
2 364.17 -53.6979 3.17878 0.5
2 355.006 -57.3902 -14.7939 0.5
2 365.495 -23.6065 -7.23846 0.5
2 370.648 -12.8211 -0.269978 0.5
2 369.573 -14.737 1.2983 0.5
2 366.28 -48.7331 6.84264 0.5
2 343.892 -71.8189 14.8159 0.5
2 371.722 -30.5989 14.2641 0.5
2 375.616 -25.4158 13.6581 0.5
2 381.977 -17.4261 11.8239 0.5
2 364.212 -44.6697 -13.8736 0.5
2 387.441 3.77848 -14.7881 0.5
2 360.516 -38.8809 -13.5249 0.5
2 338.973 -94.1981 9.61035 0.5
2 384.75 10.9856 -4.27159 0.5
2 336.457 -87.2486 14.9985 0.5
2 349.594 -74.8617 -10.6364 0.5
2 370.086 -34.0708 -14.0409 0.5
2 384.743 -17.9593 3.6361 0.5
2 385.27 -1.47089 -14.9651 0.5
2 337.828 -69.6675 0.218846 0.5
2 336.444 -76.8972 11.0309 0.5
2 384.176 -14.2062 11.3405 0.5
2 365.029 -52.4143 -2.02599 0.5
2 379.726 -18.9407 -13.347 0.5
2 344.661 -58.7184 -5.08766 0.5
2 384.174 7.92995 -8.55558 0.5
2 349.597 -77.0641 7.84626 0.5
2 369.475 -16.7067 -7.22609 0.5
2 385.426 -12.4282 10.9925 0.5
2 374.357 -6.73292 3.16439 0.5
2 358.096 -56.8267 -13.122 0.5
2 381.476 -22.6646 -6.32605 0.5
2 343.106 -89.5926 -5.19982 0.5
2 342.34 -91.7421 1.79056 0.5
2 360.846 -53.0217 12.5435 0.5
2 368.921 -35.7227 -14.1729 0.5
2 343.668 -60.1433 -4.17937 0.5
2 355.092 -69.762 0.132968 0.5
2 345.796 -81.294 -10.7811 0.5
2 354.578 -70.2054 3.63927 0.5
2 373.349 -28.4328 -14.0357 0.5
2 375.242 -7.21503 8.06662 0.5
2 375.237 -17.325 -14.7824 0.5
2 357.609 -36.0348 4.30847 0.5
2 339.038 -67.569 -0.0813939 0.5
2 378.348 -7.19479 -13.1106 0.5
2 384.134 -10.9162 -13.5402 0.5
2 334.764 -92.7998 -14.7312 0.5
2 376.405 -5.80719 -8.94626 0.5
2 348.662 -60.633 -14.0451 0.5
2 337.012 -91.7413 13.8901 0.5
2 387.062 -10.7827 9.75751 0.5
2 341.248 -74.6963 -14.4442 0.5
2 359.645 -44.0418 -14.7297 0.5
2 357.599 -63.8159 -6.75032 0.5
2 340.512 -89.0669 11.962 0.5
2 379.386 -3.64143 -11.9672 0.5
2 347.568 -76.5093 -12.2086 0.5
2 380.798 -4.33239 -13.7884 0.5
2 376.71 -32.3057 -0.641633 0.5
2 358.215 -62.4353 7.34054 0.5
2 358.55 -36.3426 8.39537 0.5
2 349.604 -58.2029 13.7187 0.5
2 351.462 -47.6873 6.81361 0.5
2 363.726 -27.5551 -8.65294 0.5
2 347.654 -78.3238 -10.5356 0.5
2 360.994 -41.9785 -14.7795 0.5
2 349.538 -74.374 11.1887 0.5
2 371.299 -41.1949 3.82712 0.5
2 379.335 -25.8319 -7.38113 0.5
2 367.96 -45.1065 8.09061 0.5
2 364.814 -50.17 -8.66251 0.5
2 342.449 -67.2615 -11.6896 0.5
2 367.111 -31.0905 14.7256 0.5
2 373.712 -28.9932 13.5272 0.5
2 364.874 -51.103 -6.96863 0.5
2 339.724 -66.552 -2.25959 0.5
2 357.627 -36.1352 -4.72522 0.5
2 360.072 -37.4019 -12.1944 0.5
2 380.246 -0.773714 10.7891 0.5
2 344.233 -76.7041 14.6691 0.5
2 381.768 -7.25734 14.9434 0.5
2 367.403 -47.902 -3.9789 0.5
2 388.558 16.1634 -7.55049 0.5
2 368.644 -43.509 -8.70042 0.5
2 386.088 11.3977 -8.33026 0.5
2 339.779 -68.3068 7.5196 0.5
2 370.044 -24.0525 14.2068 0.5
3 393.548 -89.7686 14.7584 0.5
3 333.838 -106.446 5.39528 0.5
3 408.52 -89.1774 -14.6386 0.5
3 430.771 -80.287 8.77839 0.5
3 438.511 -98.9028 13.5411 0.5
3 377.963 -107.353 -1.70191 0.5
3 350.108 -103.709 -9.91178 0.5
3 397.554 -98.5211 -13.7165 0.5
3 421.322 -107.204 -2.7052 0.5
3 368.188 -106.345 -5.64988 0.5
3 391.836 -86.4042 -13.7276 0.5
3 416.812 -81.5382 -10.2923 0.5
3 354.179 -105.395 -7.57743 0.5
3 402.951 -100.603 -12.591 0.5
3 371.641 -96.0295 -14.5667 0.5
3 371.086 -106.633 4.88205 0.5
3 430.869 -88.5724 14.4901 0.5
3 372.144 -78.5394 5.61174 0.5
3 426.71 -93.8224 -14.9371 0.5
3 334.601 -101.564 -11.9134 0.5
3 433.998 -80.1271 8.55243 0.5
3 343.738 -78.744 -6.09459 0.5
3 364.853 -96.3794 14.4762 0.5
3 350.359 -107.437 0.630921 0.5
3 335.724 -88.8025 -14.5497 0.5
3 377.278 -77.5168 1.41292 0.5
3 374.138 -85.6481 13.3691 0.5
3 396.516 -107.05 -3.44204 0.5
3 380.913 -107 3.64621 0.5
3 391.486 -77.6046 2.1472 0.5
3 386.362 -90.1175 14.8175 0.5
3 425.417 -107.207 2.68819 0.5
3 408.137 -91.6083 14.9764 0.5
3 432.676 -106.795 4.38389 0.5
3 394.614 -78.2424 -4.81054 0.5
3 338.83 -102.19 11.4077 0.5
3 369.882 -80.4926 -9.05646 0.5
3 383.08 -84.4301 -12.6759 0.5
3 426.501 -80.3958 -8.92712 0.5
3 353.661 -82.2118 10.9625 0.5
3 384.145 -90.1464 14.822 0.5
3 354.147 -79.3191 -7.25095 0.5
3 353.853 -78.601 -5.76214 0.5
3 354.449 -103.404 -10.2471 0.5
3 399.303 -78.2038 4.69498 0.5
3 420.789 -77.7901 3.17573 0.5
3 430.467 -80.6297 -9.23464 0.5
3 396.597 -83.9961 12.3907 0.5
3 357.088 -77.4882 1.06798 0.5
3 434.339 -90.4816 -14.8703 0.5
3 388.792 -89.4181 14.6904 0.5
3 442.732 -85.974 -13.53 0.5
3 347.99 -79.0687 6.77782 0.5
3 403.594 -77.4653 0.674996 0.5
3 345.745 -91.0605 14.9355 0.5
3 399.139 -99.2658 -13.3621 0.5
3 426.19 -78.0125 -4.06897 0.5
3 350.024 -80.9339 9.61128 0.5
3 388.74 -107.423 0.899228 0.5
3 424.904 -94.1152 -14.9073 0.5
3 383.412 -83.1351 11.7571 0.5
3 399.705 -77.7006 -2.72988 0.5
3 433.856 -81.6835 10.4442 0.5
3 389.987 -86.2734 -13.6692 0.5
3 359.849 -95.2943 14.7279 0.5
3 367.52 -81.1617 -9.87784 0.5
3 333.638 -88.277 -14.4078 0.5
3 371.972 -105.39 7.58701 0.5
3 404.405 -78.8659 -6.36161 0.5
3 422.743 -85.7278 -13.4094 0.5
3 336.991 -81.2106 -9.93349 0.5
3 347.135 -96.6247 -14.4074 0.5
3 406.379 -97.5315 -14.1131 0.5
3 428.846 -102.74 10.9142 0.5
3 368.211 -79.911 -8.23235 0.5
3 429.601 -102.56 -11.081 0.5
3 366.214 -78.613 5.79105 0.5
3 379.978 -91.3965 -14.963 0.5
3 377.948 -82.1868 -10.9391 0.5
3 378.194 -104.284 -9.21757 0.5
3 399.492 -104.25 -9.26039 0.5
3 385.811 -88.9563 14.5874 0.5
3 339.933 -80.6388 9.24621 0.5
3 385.089 -101.096 12.2576 0.5
3 356.373 -106.308 5.74131 0.5
3 413.231 -78.3558 5.13334 0.5
3 440.874 -88.5647 -14.4881 0.5
3 434.087 -78.3289 -5.05898 0.5
3 419.126 -83.0215 11.6662 0.5
3 437.788 -78.2584 4.85748 0.5
3 414.008 -87.4114 14.1284 0.5
3 385.311 -90.4167 -14.8615 0.5
3 360.402 -81.1652 9.88185 0.5
3 409.043 -79.6712 7.85491 0.5
3 395.567 -79.9376 8.27265 0.5
3 412.502 -82.5988 -11.3116 0.5
3 399.349 -78.7756 6.16501 0.5
3 338.905 -89.5027 14.7076 0.5
3 360.508 -91.4844 14.9689 0.5
3 356.367 -100.66 -12.5539 0.5
3 396.661 -100.026 12.9463 0.5
3 416.081 -96.3845 -14.4748 0.5
3 441.102 -96.8041 14.3542 0.5
3 432.746 -101.544 11.9288 0.5
3 431.319 -77.541 -1.64872 0.5
3 382.829 -81.1076 -9.81565 0.5
3 359.724 -82.414 11.1479 0.5
3 354.83 -95.3696 14.7131 0.5
3 423.118 -77.5327 1.57215 0.5
3 428.231 -79.5488 7.65227 0.5
3 376.418 -99.25 13.3701 0.5
3 364.745 -83.5994 -12.1105 0.5
3 419.545 -93.1024 -14.9858 0.5
3 334.177 -81.8084 -10.5714 0.5
3 421.67 -85.0596 13.053 0.5
3 380.171 -106.526 5.18233 0.5
3 357.771 -105.496 -7.4031 0.5
3 346.209 -77.5212 1.45843 0.5
3 410.64 -81.8918 -10.6547 0.5
3 409.454 -95.5595 14.6742 0.5
3 355.785 -85.1817 -13.1214 0.5
3 437.688 -80.823 -9.47689 0.5
3 352.753 -77.481 0.962976 0.5
3 371.067 -106.298 -5.76506 0.5
3 432.114 -102.346 -11.2722 0.5
3 395.838 -85.8867 -13.4878 0.5
3 394.223 -77.9153 3.70662 0.5
3 372.137 -93.3159 -14.975 0.5
3 370.969 -89.7228 -14.75 0.5
3 401.107 -103.044 -10.6188 0.5
3 415.011 -105.043 8.14971 0.5
3 376.243 -95.3661 14.7138 0.5
3 443.025 -82.191 -10.9431 0.5
3 335.869 -107.45 0.0935062 0.5
3 358.108 -101.831 11.7046 0.5
3 442.377 -101.99 -11.5757 0.5
3 341.622 -99.6254 -13.1725 0.5
3 345.045 -77.5015 -1.24095 0.5
3 371.033 -104.139 -9.40093 0.5
3 358.742 -78.2584 -4.85763 0.5
3 353.299 -82.9608 -11.6169 0.5
3 406.05 -80.8181 -9.47082 0.5
3 416.689 -107.45 0.118346 0.5
3 388.2 -81.7606 10.5231 0.5
3 436.518 -91.6298 -14.9776 0.5
3 369.336 -83.9625 -12.3677 0.5
3 368.604 -82.0514 10.8105 0.5
3 439.102 -106.576 -5.04614 0.5
3 418.794 -106.634 4.87934 0.5
3 374.085 -82.0318 -10.7916 0.5
3 383.344 -77.6787 -2.60881 0.5
3 391.496 -82.0175 -10.7778 0.5
3 381.993 -103.396 10.2561 0.5
3 385.332 -102.112 -11.4737 0.5
3 429.594 -81.7731 10.5357 0.5
3 412.719 -103.237 10.423 0.5
3 368.444 -102.394 -11.2305 0.5
3 348.538 -106.906 4.00384 0.5
3 335.325 -103.358 -10.2969 0.5
3 416.705 -101.375 12.0558 0.5
3 383.161 -89.5576 -14.7185 0.5
3 441.552 -107.44 -0.545069 0.5
3 412.707 -107.107 3.18866 0.5
3 383.163 -100.726 12.5103 0.5
3 337.297 -97.2778 14.2019 0.5
3 426.155 -90.7399 14.9022 0.5
3 443.961 -81.1739 -9.89177 0.5
3 443.594 -105.451 -7.48237 0.5
3 380.468 -79.7187 7.93174 0.5
3 400.379 -80.4398 8.9862 0.5
3 341.502 -97.064 14.2728 0.5
3 444.194 -91.1016 -14.9393 0.5
3 378.837 -102.678 10.9722 0.5
3 404.059 -92.3996 -14.9999 0.5
3 409.991 -107.194 2.75767 0.5
3 426.121 -106.562 -5.08373 0.5
3 380.937 -78.5947 5.74691 0.5
3 364.584 -84.953 -12.9921 0.5
3 444.088 -88.3829 -14.4381 0.5
3 348.957 -107.071 -3.35309 0.5
3 380.968 -105.779 -6.88022 0.5
3 395.289 -103.679 -9.94508 0.5
3 401.601 -97.776 -14.0226 0.5
3 352.124 -105.697 7.03698 0.5
3 375.036 -79.9835 -8.34167 0.5
3 440.674 -106.355 -5.62617 0.5
3 391.786 -82.1852 10.9377 0.5
3 403.826 -107.299 -2.12208 0.5
3 443.495 -97.3882 -14.1639 0.5
3 340.168 -94.1395 -14.9046 0.5
3 334.232 -78.7663 -6.1444 0.5
3 340.674 -89.2395 -14.6524 0.5
3 385.24 -80.6529 9.26419 0.5
3 394.063 -77.6906 -2.67543 0.5
3 355.787 -85.7758 13.4333 0.5
3 421.246 -107.425 0.874692 0.5
3 354.72 -90.1384 -14.8208 0.5
3 396.172 -87.0538 -13.9957 0.5
3 394.047 -104.799 8.51531 0.5
3 392.09 -80.5472 9.12806 0.5
3 334.841 -87.1691 14.0396 0.5
3 419.773 -88.7617 14.5395 0.5
3 340.284 -103.025 -10.6379 0.5
3 335.88 -103.341 10.3148 0.5
3 335.936 -103.904 -9.68574 0.5
3 411.19 -91.796 14.9857 0.5
3 416.218 -106.917 -3.96393 0.5
3 335.032 -107.321 1.96622 0.5
3 392.174 -98.9026 13.5412 0.5
3 333.517 -107.003 3.63309 0.5
3 440.388 -95.5241 14.6816 0.5
3 427.534 -77.4514 0.196737 0.5
3 365.438 -98.4878 13.7312 0.5
3 349.686 -107.051 3.43882 0.5
3 353.541 -100.644 -12.5642 0.5
3 422.29 -78.1809 -4.62508 0.5
3 420.838 -95.4541 14.6961 0.5
3 387.864 -105.29 -7.75504 0.5
3 359.758 -77.4642 0.649796 0.5
3 371.499 -99.0153 -13.487 0.5
3 342.967 -100.991 12.3311 0.5
3 439.012 -82.803 11.4862 0.5
3 403.205 -99.3879 13.2992 0.5
3 350.689 -99.8843 -13.0282 0.5
3 380.321 -107.413 1.05041 0.5
3 395.93 -77.6248 -2.28303 0.5
3 339.894 -97.4866 -14.1292 0.5
3 374.299 -79.3102 7.23479 0.5
3 378.591 -85.1813 13.1212 0.5
3 335.766 -90.0623 -14.8087 0.5
3 390.506 -79.1015 -6.84221 0.5
3 352.096 -78.2674 -4.88379 0.5
3 356.863 -93.2301 -14.9797 0.5
3 430.695 -77.8783 3.55858 0.5
3 389.903 -107.297 2.13588 0.5
3 416.216 -90.4031 -14.8597 0.5
3 388.359 -93.4243 -14.9683 0.5
3 336.672 -80.2378 -8.70973 0.5
3 351.097 -93.0118 -14.9895 0.5
3 397.662 -102.89 -10.771 0.5
3 343.711 -106.087 6.2471 0.5
3 380.652 -77.8847 3.5847 0.5
3 435.905 -81.8567 10.6198 0.5
3 348.295 -85.8012 -13.4459 0.5
3 393.389 -107.381 -1.44194 0.5
3 400.209 -83.1712 -11.7857 0.5
3 435.27 -100.474 12.6732 0.5
3 402.161 -83.4205 11.9777 0.5
3 350.132 -86.8522 13.9163 0.5
4 484.953 -175.108 -8.2992 0.5
4 485.935 -161.163 14.6654 0.5
4 458.701 -123.031 13.7966 0.5
4 470.418 -145.534 12.6268 0.5
4 476.878 -136.232 8.44879 0.5
4 496.9 -168.943 4.32188 0.5
4 489.687 -171.844 -14.9645 0.5
4 459.015 -103.189 -3.8467 0.5
4 451.315 -91.1453 7.11522 0.5
4 488.263 -181.34 -7.49509 0.5
4 498.328 -180.209 13.9274 0.5
4 475.001 -141.246 14.4205 0.5
4 468.304 -142.822 -11.9652 0.5
4 458.187 -125.104 -12.1099 0.5
4 453.77 -96.3917 -8.71107 0.5
4 475.776 -147.993 14.9457 0.5
4 493.266 -174.742 14.8273 0.5
4 454.237 -101.518 12.7548 0.5
4 472.514 -142.22 14.9557 0.5
4 457.407 -101.568 6.87201 0.5
4 461.603 -137.17 -0.0642698 0.5
4 454.148 -101.959 -13.1047 0.5
4 482.102 -167.527 -11.3113 0.5
4 486.277 -175.018 11.0802 0.5
4 495.915 -183.148 -14.9199 0.5
4 472.338 -150.938 -11.0215 0.5
4 476.212 -133.827 -6.22948 0.5
4 448.819 -102.465 -14.8006 0.5
4 465.849 -114.719 2.41287 0.5
4 449.51 -86.2291 -0.413932 0.5
4 448.565 -113.482 5.65013 0.5
4 497.845 -196.923 -9.02435 0.5
4 496.346 -197.206 2.04164 0.5
4 452.114 -112.458 13.4082 0.5
4 490.408 -178.522 13.5374 0.5
4 485.734 -173.113 11.8887 0.5
4 482.041 -151.686 -13.7977 0.5
4 487.79 -155.705 9.23248 0.5
4 457.383 -106.171 12.2265 0.5
4 493.484 -162.478 -1.63561 0.5
4 476.871 -156.376 12.8356 0.5
4 477.501 -136.124 6.36749 0.5
4 468.019 -147.489 4.81616 0.5
4 480.905 -169.47 5.71444 0.5
4 448.26 -111.63 8.18365 0.5
4 496.81 -192.093 -12.042 0.5
4 455.416 -97.5011 -5.50692 0.5
4 491.215 -161.996 9.67611 0.5
4 490.679 -158.307 -4.76266 0.5
4 471.65 -134.915 -14.259 0.5
4 467.964 -118.222 1.03893 0.5
4 494.199 -169.99 -12.2633 0.5
4 469.023 -135.044 15 0.5
4 490.35 -162.882 11.9404 0.5
4 480.303 -150.051 14.3068 0.5
4 457.43 -104.768 11.0233 0.5
4 489.673 -185.602 -2.35073 0.5
4 456.525 -127.813 -4.06765 0.5
4 465.974 -123.606 13.6888 0.5
4 491.614 -183.694 -11.5726 0.5
4 470.877 -143.887 13.8933 0.5
4 488.227 -183.189 -1.67702 0.5
4 461.468 -135.499 6.40844 0.5
4 489.124 -181.285 -9.69222 0.5
4 493.042 -164.362 8.63978 0.5
4 471.723 -126.514 7.15233 0.5
4 481.05 -156.197 -14.996 0.5
4 450.407 -87.7956 0.743295 0.5
4 494.75 -188.193 -12.282 0.5
4 470.843 -123.629 -3.663 0.5
4 470.99 -140.936 -14.7889 0.5
4 493.694 -181.592 14.5005 0.5
4 467.157 -131.641 -14.9993 0.5
4 482.279 -170.488 -8.2812 0.5
4 477.121 -147.329 14.9012 0.5
4 464.575 -142.316 -0.0812464 0.5
4 450.221 -113.399 -10.2597 0.5
4 487.064 -151.314 1.15054 0.5
4 497.146 -193.896 -11.0312 0.5
4 468.565 -125.879 12.4623 0.5
4 493.504 -170.038 -13.0555 0.5
4 481.045 -143.842 -8.99749 0.5
4 488.891 -184.424 -0.548355 0.5
4 496.98 -168.563 -1.8874 0.5
4 462.223 -108.252 -0.508258 0.5
4 461.192 -126.419 -14.1557 0.5
4 487.136 -152.907 -6.56517 0.5
4 468.49 -144.162 11.123 0.5
4 494.477 -179.162 14.9999 0.5
4 466.127 -118.45 9.56386 0.5
4 487.596 -155.422 -9.30004 0.5
4 480.316 -139.609 0.897983 0.5
4 445.219 -103.435 -11.4886 0.5
4 463.05 -139.673 -0.302035 0.5
4 467.094 -134.535 14.7257 0.5
4 498.804 -200.636 -5.29975 0.5
4 494.709 -165.228 4.58437 0.5
4 489.808 -159.328 -9.39297 0.5
4 459.798 -104.071 0.924919 0.5
4 451.358 -113.609 11.8595 0.5
4 463.494 -136.453 10.1903 0.5
4 453.603 -111.962 14.5493 0.5
4 451.263 -90.3017 -5.49374 0.5
4 488.662 -168.378 14.9855 0.5
4 445.892 -96.8695 14.8776 0.5
4 484.098 -174.704 6.38758 0.5
4 472.005 -140.109 14.9998 0.5
4 463.153 -110.452 -4.19303 0.5
4 476.378 -141.919 -13.8153 0.5
4 483.828 -148.204 8.34989 0.5
4 462.195 -135 9.25411 0.5
4 465.419 -143.764 -0.673741 0.5
4 467.892 -129.225 14.5009 0.5
4 462.733 -111.824 8.58051 0.5
4 469.2 -149 6.1728 0.5
4 453.15 -116.951 11.6717 0.5
4 451.784 -112.788 -12.9171 0.5
4 493.113 -175.741 14.9662 0.5
4 494.476 -193.545 -4.06809 0.5
4 450.074 -90.5235 -9.4146 0.5
4 495.928 -181.112 14.9913 0.5
4 499.109 -178.469 12.2453 0.5
4 450.791 -94.9066 -12.3342 0.5
4 456.917 -105.31 -12.1879 0.5
4 482.307 -144.306 6.05306 0.5
4 486.107 -167.619 -14.6954 0.5
4 491.465 -168.615 14.0414 0.5
4 476.605 -137.157 10.2024 0.5
4 474.11 -156.336 8.28454 0.5
4 446.652 -83.2785 -7.49221 0.5
4 482.988 -145 -4.80645 0.5
4 454.729 -113.433 -14.6614 0.5
4 445.708 -87.7236 13.3112 0.5
4 458.099 -103.239 7.71913 0.5
4 447.88 -99.9727 14.9174 0.5
4 479.368 -154.385 -14.9302 0.5
4 478.956 -159.668 -13.0234 0.5
4 487.321 -171.393 -14.2513 0.5
4 446.664 -92.0577 14.3893 0.5
4 461.354 -117.546 -14.4023 0.5
4 496.466 -178.102 14.3239 0.5
4 470.096 -143.244 -13.5832 0.5
4 471.619 -154.49 -0.895725 0.5
4 489.808 -174.237 -14.6516 0.5
4 489.965 -157.626 -6.17974 0.5
4 485.63 -148.859 -1.47454 0.5
4 459.2 -104.44 6.39837 0.5
4 483.985 -163.319 -14.8095 0.5
4 461.033 -109.928 9.91725 0.5
4 486.987 -156.065 11.1163 0.5
4 465.409 -117.523 -9.93471 0.5
4 460.414 -133.855 -6.00435 0.5
4 481.415 -142.477 5.36262 0.5
4 465.112 -124.461 -14.5143 0.5
4 497.545 -169.66 2.65066 0.5
4 444.566 -83.8524 12.1416 0.5
4 498.669 -191.99 -13.9073 0.5
4 486.447 -170.984 -13.8402 0.5
4 492.089 -177.871 14.7172 0.5
4 468.49 -133.962 -14.9994 0.5
4 464.771 -127.615 14.9999 0.5
4 455.817 -112.121 -15 0.5
4 484.538 -176.688 -2.47911 0.5
4 495.984 -179.642 -14.8556 0.5
4 474.582 -155.96 -9.85254 0.5
4 488.997 -168.446 -14.9542 0.5
4 465.916 -144.492 -2.09989 0.5
4 449.674 -108.845 -13.0829 0.5
4 479.14 -158.159 -13.9096 0.5
4 479.182 -144.119 -12.3605 0.5
4 479.624 -162.501 11.9099 0.5
4 447.393 -85.4486 8.85246 0.5
4 483.805 -172.882 -8.64586 0.5
4 466.594 -128.16 -14.7634 0.5
4 471.47 -152.799 6.45615 0.5
4 496.528 -176.235 -13.5532 0.5
4 490.64 -178.911 -13.5437 0.5
4 477.367 -152.008 -14.7843 0.5
4 489.266 -178.477 12.4317 0.5
4 485.434 -148.464 0.737928 0.5
4 481.129 -156.44 14.9932 0.5
4 494.304 -165.709 7.30719 0.5
4 487.568 -181.048 -5.62587 0.5
4 497.949 -170.398 -2.8561 0.5
4 447.755 -90.3638 -12.7996 0.5
4 450.019 -88.3651 -6.01485 0.5
4 477.964 -157.631 -13.2009 0.5
4 459.376 -111.946 -13.5823 0.5
4 462.877 -136.742 8.48992 0.5
4 477.133 -147.14 -14.8754 0.5
4 459.626 -132.296 -6.43184 0.5
4 455.96 -98.4643 -5.55908 0.5
4 445.716 -102.695 -12.6616 0.5
4 446.569 -88.9966 13.1954 0.5
4 468.401 -138.94 14.1434 0.5
4 479.912 -163.798 11.254 0.5
4 464.814 -142.364 3.2978 0.5
4 477.572 -160.787 -10.2434 0.5
4 458.001 -111.597 14.3607 0.5
4 461.034 -106.2 -0.700475 0.5
4 453.992 -95.7251 7.0103 0.5
4 477.18 -134.982 -4.92671 0.5
4 472.917 -144.033 -14.8278 0.5
4 472.393 -134.566 13.6163 0.5
4 482.175 -147.143 -10.5552 0.5
4 472.321 -126.112 3.35138 0.5
4 449.964 -114.662 8.05668 0.5
4 449.59 -96.6649 -14.2452 0.5
4 464.85 -128.35 -14.9897 0.5
4 444.536 -107.343 -2.81397 0.5
4 450.901 -111.484 -12.7819 0.5
4 490.418 -172.201 14.9995 0.5
4 486.89 -180.858 -1.81438 0.5
4 467.813 -117.955 -0.928262 0.5
4 455.694 -107.348 14.2817 0.5
4 474.516 -157.098 -8.19841 0.5
4 453.054 -106.518 14.9762 0.5
4 467.246 -117.224 -2.88527 0.5
4 490.105 -157.161 4.2829 0.5
4 492.342 -190.275 -2.02389 0.5
4 450.806 -116.809 -6.86006 0.5
4 466.27 -144.196 -5.52967 0.5
4 453.203 -95.9467 9.41918 0.5
4 471.929 -128.21 -9.20269 0.5
4 482.788 -151.526 -13.0831 0.5
4 484.493 -147.787 -5.30859 0.5
4 452.716 -96.6253 -11.0428 0.5
4 457.933 -130.455 3.25806 0.5
4 488.421 -180.786 -8.77368 0.5
4 497.365 -192.219 12.6204 0.5
4 462.166 -119.237 -14.4822 0.5
4 482.322 -143.519 3.69662 0.5
4 461.745 -129.07 -13.4432 0.5
4 465.138 -126.302 14.8672 0.5
4 454.382 -96.469 -7.13693 0.5
4 494.234 -165.894 -7.82891 0.5
4 487.197 -162.066 -14.3298 0.5
4 445.69 -109.249 3.26138 0.5
4 473.24 -127.672 -3.20738 0.5
4 478.048 -137.16 6.55282 0.5
4 459.629 -105.363 -6.76648 0.5
4 472.919 -156.475 2.95821 0.5
5 534.598 -120.011 12.1922 0.5
5 526.309 -155.572 -8.3425 0.5
5 504.291 -167.826 6.7088 0.5
5 518.611 -165.924 -11.6206 0.5
5 547.287 -100.53 13.6399 0.5
5 519.199 -141.889 6.46995 0.5
5 530.791 -138.984 14.5516 0.5
5 512.79 -156.492 11.1528 0.5
5 543.53 -125.519 -8.66971 0.5
5 533.553 -122.523 12.6656 0.5
5 505.092 -190.311 10.7559 0.5
5 553.742 -103.117 -12.9758 0.5
5 515.79 -165.886 14.2901 0.5
5 534.886 -137.717 11.6351 0.5
5 508.681 -172.739 14.9729 0.5
5 515.231 -174.411 8.84347 0.5
5 537.358 -110.824 7.22441 0.5
5 531.407 -145.077 10.4088 0.5
5 514.289 -171.374 13.0209 0.5
5 531.342 -142.659 -12.5139 0.5
5 503.815 -167.209 -2.05651 0.5
5 523.026 -153.449 14.2589 0.5
5 536.453 -140.387 2.12009 0.5
5 522.543 -136.552 7.34727 0.5
5 550.096 -109.274 -13.0655 0.5
5 537.232 -139.08 1.78548 0.5
5 530.364 -134.485 14.9146 0.5
5 511.074 -164.209 14.0378 0.5
5 544.194 -104.502 12.9164 0.5
5 517.028 -157.568 14.9129 0.5
5 514.771 -148.225 2.00765 0.5
5 501.359 -197.751 -9.71438 0.5
5 515.828 -174.587 -6.88468 0.5
5 506.533 -170.326 -13.2488 0.5
5 536.484 -125.81 -14.9964 0.5
5 543.196 -121.797 12.7263 0.5
5 528.578 -135.555 14.5564 0.5
5 555.553 -92.7286 -14.9975 0.5
5 552.434 -82.9338 1.51768 0.5
5 554.04 -81.0496 -5.31886 0.5
5 527.508 -146.47 -13.9787 0.5
5 523.048 -135.943 -7.80174 0.5
5 553.825 -103.347 12.751 0.5
5 518.626 -152.274 -14.4173 0.5
5 546.039 -102.638 13.615 0.5
5 515.964 -146.331 -3.01616 0.5
5 515.266 -167.124 14.1804 0.5
5 534.073 -140.442 -10.4282 0.5
5 535.946 -133.283 -13.3352 0.5
5 546.645 -106.972 14.9722 0.5
5 514.05 -158.024 13.6051 0.5
5 553.505 -88.8323 13.1758 0.5
5 517.72 -171.876 5.65739 0.5
5 534.393 -114.732 4.29239 0.5
5 516.576 -165.204 -14.0553 0.5
5 528.072 -142.525 -14.795 0.5
5 510.598 -178.527 -12.5554 0.5
5 524.48 -151.299 -14.1333 0.5
5 518.163 -170.957 6.01607 0.5
5 501.012 -190.443 14.5811 0.5
5 503.362 -186.308 -14.5966 0.5
5 530.852 -120.61 -3.32419 0.5
5 533.988 -137.684 -12.7642 0.5
5 547.771 -118.068 8.81718 0.5
5 503.038 -181.483 14.8752 0.5
5 517.995 -161.842 -14.3597 0.5
5 519.564 -159.466 14.2527 0.5
5 512.398 -154.354 7.74139 0.5
5 524.016 -145.515 14.9182 0.5
5 539.381 -119.816 14.9859 0.5
5 550.713 -91.4782 -11.7212 0.5
5 513.178 -171.12 14.0435 0.5
5 553.769 -89.5699 -13.759 0.5
5 502.436 -170.32 -5.01683 0.5
5 547.476 -102.374 14.4372 0.5
5 513.451 -155.176 -10.9971 0.5
5 533.198 -118.478 7.98689 0.5
5 526.201 -154.983 9.40058 0.5
5 510.17 -178.116 13.2363 0.5
5 529.128 -123.231 0.470695 0.5
5 529.185 -130.975 13.1862 0.5
5 506.709 -162.298 -2.69231 0.5
5 537.976 -129.986 -13.2202 0.5
5 523.698 -150.135 14.7893 0.5
5 507.953 -168.376 13.5064 0.5
5 516.457 -151.66 12.352 0.5
5 533.669 -115.866 3.86606 0.5
5 537.638 -108.498 -0.629016 0.5
5 551.375 -89.3246 10.8409 0.5
5 512.538 -170.687 -14.5291 0.5
5 550.066 -88.1449 -5.84692 0.5
5 536.168 -129.534 -14.585 0.5
5 533.3 -144.582 -6.36147 0.5
5 508.635 -180.335 13.462 0.5
5 531.644 -146.661 -7.82892 0.5
5 510.775 -184.788 2.58933 0.5
5 546.147 -116.453 12.8688 0.5
5 517.457 -148.383 11.1294 0.5
5 531.632 -124.513 -11.7112 0.5
5 506.075 -167.961 -11.0058 0.5
5 524.816 -139.208 -13.5261 0.5
5 533.38 -133.412 14.7811 0.5
5 540.508 -109.017 11.6122 0.5
5 516.944 -173.574 4.6919 0.5
5 535.769 -127.742 -14.9652 0.5
5 516.313 -156.903 -14.5817 0.5
5 534.056 -127.978 14.9022 0.5
5 527.507 -130.57 10.749 0.5
5 543.657 -100.528 8.24465 0.5
5 544.678 -123.477 8.74574 0.5
5 513.308 -173.309 -12.8822 0.5
5 538.858 -127.248 -13.8009 0.5
5 534.883 -143.249 -0.436234 0.5
5 505.558 -167.543 9.62409 0.5
5 534.137 -142.422 7.69819 0.5
5 511.112 -165.717 -14.5336 0.5
5 532.343 -144.768 -8.84695 0.5
5 517.866 -148.418 -11.7594 0.5
5 516.863 -145.455 5.35142 0.5
5 550.27 -112.289 10.5277 0.5
5 544.717 -105.544 -13.8836 0.5
5 508.707 -165.963 12.9145 0.5
5 520.654 -167.9 -0.238745 0.5
5 539.316 -106.803 5.93703 0.5
5 533.736 -135.136 14.1796 0.5
5 504.106 -194.246 8.00985 0.5
5 511.575 -166.593 14.8615 0.5
5 515.214 -148.915 -6.72376 0.5
5 514.729 -165.962 -14.7365 0.5
5 533.188 -122.091 -11.9232 0.5
5 526.321 -137.747 -14.018 0.5
5 520.083 -165.598 9.37741 0.5
5 545.508 -123.082 7.0715 0.5
5 530.426 -147.283 9.85677 0.5
5 537.393 -138.338 4.09887 0.5
5 519.409 -168.796 -6.02307 0.5
5 514.988 -175.51 -7.82772 0.5
5 546.806 -97.8764 -11.4176 0.5
5 539.091 -105.981 -0.647577 0.5
5 520.313 -168.266 -2.58891 0.5
5 554.194 -82.6765 -8.82084 0.5
5 543.094 -128.448 4.14894 0.5
5 523.561 -136.142 -9.35586 0.5
5 550.909 -93.296 13.158 0.5
5 518.355 -144.381 -8.28784 0.5
5 522.687 -145.774 14.5601 0.5
5 538.317 -128.137 13.821 0.5
5 541.009 -103.604 -5.27891 0.5
5 515.592 -146.769 -1.73557 0.5
5 541.016 -110.38 -13.13 0.5
5 502.957 -198.193 3.27252 0.5
5 510.009 -177.006 -13.8886 0.5
5 535.108 -126.328 14.9209 0.5
5 500.489 -200.658 -7.77136 0.5
5 527.289 -148.955 12.9642 0.5
5 542.1 -129.645 5.66293 0.5
5 531.007 -122.435 8.24054 0.5
5 547.876 -93.0482 -7.97769 0.5
5 517.204 -159.501 -14.987 0.5
5 541.821 -112.739 14.586 0.5
5 510.423 -159.842 -10.4314 0.5
5 507.707 -182.355 13.2509 0.5
5 541.356 -102.059 -0.65596 0.5
5 532.437 -145.796 -6.92984 0.5
5 508.376 -168.788 -14.0021 0.5
5 527.265 -136.265 -14.0752 0.5
5 537.106 -123.646 -14.9808 0.5
5 502.227 -170.416 4.19481 0.5
5 549.767 -107.078 -14.2766 0.5
5 504.253 -176.204 -14.1047 0.5
5 512.694 -151.695 -0.443301 0.5
5 502.676 -170.168 5.70685 0.5
5 503.676 -180.447 14.8842 0.5
5 501.781 -198.038 -8.36914 0.5
5 542.889 -115.597 14.9513 0.5
5 552.071 -97.362 -14.9579 0.5
5 508.453 -171.377 -14.7627 0.5
5 533.507 -133.869 -14.6483 0.5
5 547.665 -114.974 -12.1058 0.5
5 517.815 -142.836 -0.706466 0.5
5 510.419 -182.842 -8.70848 0.5
5 541.092 -128.95 9.69091 0.5
5 547.685 -111.171 -14.1104 0.5
5 508.11 -188.283 6.20931 0.5
5 517.184 -146.431 -8.31889 0.5
5 529.379 -127.741 -11.1365 0.5
5 546.137 -100.109 -12.2513 0.5
5 544.657 -124.903 -6.38027 0.5
5 540.445 -131.705 -7.33621 0.5
5 503.846 -169.378 8.08267 0.5
5 509.319 -179.639 -13.2105 0.5
5 551.896 -94.1932 14.2789 0.5
5 535.247 -123.921 14.5352 0.5
5 508.517 -158.986 -1.36357 0.5
5 517.788 -143.44 4.11321 0.5
5 546.788 -112.234 -14.2777 0.5
5 528.88 -153.468 2.35028 0.5
5 535.092 -117.164 10.4814 0.5
5 553.383 -83.861 -8.51126 0.5
5 527.301 -136.809 14.2838 0.5
5 555.12 -92.5678 14.9865 0.5
5 554.057 -92.6048 -14.8 0.5
5 513.465 -152.119 7.06163 0.5
5 536.114 -112.448 6.16116 0.5
5 552.468 -83.4335 -4.32118 0.5
5 502.529 -194.14 -11.3164 0.5
5 503.638 -170.839 -9.58767 0.5
5 543.868 -97.8411 2.09952 0.5
5 513.293 -162.961 -14.757 0.5
5 546.338 -121.668 7.02735 0.5
5 511.308 -161.875 -13.151 0.5
5 538.576 -111.912 -11.2278 0.5
5 518.471 -159.808 14.6708 0.5
5 550.608 -107.424 -13.564 0.5
5 544.167 -99.6979 -8.3251 0.5
5 538.307 -107.449 1.91908 0.5
5 530.315 -121.275 -1.7972 0.5
5 503.269 -184.329 -14.9422 0.5
5 520.714 -151.29 14.924 0.5
5 536.706 -126.331 14.9493 0.5
5 546.873 -99.379 -12.619 0.5
5 542.19 -128.382 7.84898 0.5
5 537.289 -135.835 -9.32753 0.5
5 540.421 -130.887 -8.69384 0.5
5 546.947 -122.305 -1.29338 0.5
5 511.376 -154.087 1.85448 0.5
5 521.362 -157.88 -13.6565 0.5
5 505.767 -171.681 -13.2634 0.5
5 502.112 -194.213 11.8502 0.5
5 507.59 -186.886 9.79878 0.5
5 512.655 -154.018 -7.92136 0.5
6 560.033 -93.8671 -14.9329 0.5
6 571.532 -101.264 12.1373 0.5
6 653.426 -104.171 -9.36003 0.5
6 636.661 -80.775 9.41769 0.5
6 646.917 -106.127 6.16038 0.5
6 588.512 -77.8038 3.23819 0.5
6 630.143 -96.7478 -14.3712 0.5
6 574.917 -83.9698 -12.3728 0.5
6 658.381 -85.2348 13.1506 0.5
6 568.174 -78.5758 5.70131 0.5
6 571.456 -90.2959 14.8445 0.5
6 589.792 -104.053 9.50649 0.5
6 627.667 -104 9.57019 0.5
6 559.234 -78.8235 6.27023 0.5
6 595.621 -95.7169 14.6399 0.5
6 624.49 -78.4237 -5.31598 0.5
6 589.248 -96.6579 14.3977 0.5
6 656.477 -77.774 3.10047 0.5
6 598.14 -84.4253 -12.6729 0.5
6 602.022 -79.3201 7.25276 0.5
6 574.96 -103.922 -9.66359 0.5
6 625.001 -80.4888 9.05144 0.5
6 642.386 -95.8085 14.6192 0.5
6 627.352 -93.306 -14.9756 0.5
6 608.149 -99.4914 13.2446 0.5
6 620.687 -106.671 -4.77211 0.5
6 606.838 -93.7006 14.9478 0.5
6 590.883 -99.4074 -13.2889 0.5
6 561.702 -90.7435 14.9026 0.5
6 647.314 -107.269 -2.3222 0.5
6 562.21 -106.535 5.15788 0.5
6 647.227 -90.2141 -14.8324 0.5
6 653.747 -87.2555 14.0718 0.5
6 641.281 -106.056 6.31508 0.5
6 644.302 -78.8774 -6.38611 0.5
6 580.262 -87.2431 -14.0672 0.5
6 600.856 -86.1179 -13.5979 0.5
6 587.108 -78.8044 6.22847 0.5
6 658.106 -86.1825 13.6278 0.5
6 585.667 -97.1659 -14.2394 0.5
6 561.526 -104.25 -9.26018 0.5
6 624.554 -78.6994 5.99325 0.5
6 594.108 -103.202 10.4592 0.5
6 563.312 -85.8836 -13.4863 0.5
6 658.218 -102.912 -10.7495 0.5
6 597.662 -77.5717 -1.9061 0.5
6 556.824 -100.59 12.5991 0.5
6 628.799 -95.8145 14.6178 0.5
6 621.083 -107.112 -3.16479 0.5
6 571.034 -95.081 -14.7675 0.5
6 655.899 -92.8383 14.995 0.5
6 576.532 -107.191 -2.77818 0.5
6 626.13 -104.185 9.34247 0.5
6 626.971 -101.31 12.1039 0.5
6 574.167 -100.687 -12.5363 0.5
6 582.195 -81.686 10.4467 0.5
6 610.753 -77.4791 -0.932567 0.5
6 623.432 -78.1086 -4.39568 0.5
6 566.317 -91.4893 -14.9692 0.5
6 659.667 -101.908 11.6422 0.5
6 643.401 -102.444 -11.1857 0.5
6 589.478 -98.6095 13.677 0.5
6 657.903 -95.3481 14.7174 0.5
6 577.973 -107.421 0.939747 0.5
6 593.166 -100.652 12.5593 0.5
6 622.26 -107.056 3.41609 0.5
6 558.199 -82.686 -11.387 0.5
6 643.459 -96.7468 14.3714 0.5
6 629.708 -107.42 -0.945017 0.5
6 569.677 -102.375 -11.2469 0.5
6 624.283 -83.7969 12.2525 0.5
6 600.041 -102.702 10.9499 0.5
6 612 -104.905 -8.35934 0.5
6 566.643 -89.2666 -14.6583 0.5
6 648.435 -107.398 -1.2439 0.5
6 576.84 -104.768 8.56008 0.5
6 659.425 -100.778 -12.4758 0.5
6 573.941 -85.1153 -13.0844 0.5
6 598.799 -102.763 -10.8924 0.5
6 610.235 -91.4606 -14.9673 0.5
6 619.517 -104.185 -9.34358 0.5
6 645.8 -77.7127 -2.79426 0.5
6 640.239 -106.574 -5.05071 0.5
6 639.291 -94.0707 14.9122 0.5
6 666.211 -77.5137 -1.37957 0.5
6 580.148 -107.201 -2.72377 0.5
6 614.636 -77.5297 -1.54346 0.5
6 561.31 -105.483 -7.42661 0.5
6 613.732 -100.824 12.4451 0.5
6 615.627 -84.2079 12.5326 0.5
6 614.312 -99.1651 13.413 0.5
6 643.084 -102.789 10.8675 0.5
6 583.774 -86.5342 13.7841 0.5
6 596.125 -101.958 11.6016 0.5
6 615.297 -91.3045 -14.9562 0.5
6 613.379 -88.7578 -14.5385 0.5
6 602.899 -107.232 -2.54935 0.5
6 648.081 -96.6 -14.4145 0.5
6 608.099 -106.023 -6.38586 0.5
6 662.772 -90.9549 -14.9253 0.5
6 640.349 -106.734 4.57814 0.5
6 592.036 -80.7562 -9.39428 0.5
6 651.86 -106.584 -5.02362 0.5
6 630.159 -96.0643 14.5581 0.5
6 625.072 -103.007 -10.6557 0.5
6 597.167 -87.6613 -14.215 0.5
6 644.038 -82.4749 11.2025 0.5
6 626.333 -80.7839 -9.42869 0.5
6 562.965 -81.803 -10.566 0.5
6 582.399 -104.086 -9.46654 0.5
6 602.353 -81.844 -10.6071 0.5
6 583.787 -107.438 -0.612899 0.5
6 621.699 -96.8757 -14.3323 0.5
6 607.383 -97.4456 -14.1437 0.5
6 561.016 -81.6433 -10.4026 0.5
6 635.848 -86.1171 -13.5976 0.5
6 632.27 -78.2492 4.83048 0.5
6 579.26 -98.7879 -13.5953 0.5
6 655.599 -98.4724 13.738 0.5
6 622.289 -90.3252 14.8487 0.5
6 593.405 -79.6587 -7.83449 0.5
6 595.479 -96.8647 14.3357 0.5
6 661.615 -103.538 -10.1021 0.5
6 660.548 -92.2063 14.998 0.5
6 611.401 -79.2633 7.14896 0.5
6 654.023 -100.294 -12.7855 0.5
6 653.031 -77.9807 -3.95448 0.5
6 561.752 -90.2161 -14.8327 0.5
6 603.022 -98.5814 -13.6897 0.5
6 617.88 -99.9706 12.9785 0.5
6 637.001 -102.339 -11.2787 0.5
6 617.417 -102.774 -10.8822 0.5
6 623.47 -77.4585 -0.503329 0.5
6 620.965 -77.4541 -0.344915 0.5
6 563.396 -98.2109 13.8497 0.5
6 596.348 -106.42 -5.46188 0.5
6 603.984 -104.686 8.67646 0.5
6 600.261 -81.3362 10.0738 0.5
6 586.436 -95.0074 -14.7804 0.5
6 564.434 -97.3319 14.1834 0.5
6 559.058 -80.5027 -9.06978 0.5
6 589.322 -87.1868 -14.0463 0.5
6 646.058 -77.4937 1.14298 0.5
6 618.489 -104.631 -8.75383 0.5
6 660.634 -84.9414 12.9853 0.5
6 584.079 -81.8714 10.6345 0.5
6 565.829 -101.572 11.9076 0.5
6 641.795 -104.031 9.53364 0.5
6 645.135 -104.823 8.48076 0.5
6 628.345 -106.659 4.80751 0.5
6 563.764 -77.4731 0.831133 0.5
6 632.123 -84.9684 13.001 0.5
6 655.667 -87.9866 14.3205 0.5
6 571.616 -102.055 11.5215 0.5
6 639.86 -106.213 -5.96536 0.5
6 578.864 -105.565 7.27957 0.5
6 567.338 -77.5263 -1.51062 0.5
6 625.476 -77.5263 -1.51019 0.5
6 561.341 -81.0861 9.79075 0.5
6 645.195 -80.1517 8.58769 0.5
6 631.072 -86.9526 13.9563 0.5
6 573.654 -107.431 -0.758217 0.5
6 660.632 -106.892 -4.05328 0.5
6 639.066 -89.4445 -14.6958 0.5
6 563.496 -77.7241 -2.85419 0.5
6 630.859 -100.71 12.5207 0.5
6 630.754 -85.6919 13.3913 0.5
6 665.196 -90.9476 -14.9246 0.5
6 574.95 -77.6059 -2.15665 0.5
6 628.636 -77.9741 3.93026 0.5
6 598.623 -85.4058 -13.243 0.5
6 579.027 -79.1076 6.85411 0.5
6 613.388 -107.108 3.18294 0.5
6 616.744 -79.475 -7.5264 0.5
6 615.359 -90.111 -14.8165 0.5
6 620.854 -107.337 -1.84025 0.5
6 587.801 -87.0162 -13.9812 0.5
6 558.938 -107.159 -2.94248 0.5
6 592.987 -78.0542 4.21412 0.5
6 655.029 -80.5436 -9.12337 0.5
6 574.37 -78.6092 -5.78183 0.5
6 604.244 -85.5013 -13.2934 0.5
6 620.745 -86.3301 13.6947 0.5
6 614.613 -103.788 -9.82106 0.5
6 611.956 -80.8609 9.52312 0.5
6 558.07 -107.294 2.15559 0.5
6 560.536 -82.9339 11.5949 0.5
6 634.933 -106.708 4.65922 0.5
6 655.41 -77.459 0.515941 0.5
6 585.138 -100.427 12.7031 0.5
6 637.825 -88.5813 -14.4925 0.5
6 622.963 -77.9803 3.95279 0.5
6 565.239 -91.578 -14.9746 0.5
6 565.853 -103.636 9.99356 0.5
6 591.272 -81.555 10.31 0.5
6 556.286 -79.0159 -6.67255 0.5
6 586.703 -85.2377 -13.1522 0.5
6 570.591 -106.487 5.28737 0.5
6 638.341 -101.885 -11.6609 0.5
6 587.589 -82.8826 11.5526 0.5
6 644.909 -95.3106 14.7247 0.5
6 562.193 -80.2419 8.71555 0.5
6 664.287 -106.003 -6.4282 0.5
6 651.785 -107.343 -1.79024 0.5
6 623.926 -106.485 -5.29267 0.5
6 591.763 -94.5732 -14.849 0.5
6 579.834 -77.6453 -2.41202 0.5
6 630.292 -89.7213 -14.7497 0.5
6 647.759 -92.6812 14.9982 0.5
6 622.93 -103.571 10.066 0.5
6 618.27 -81.125 9.83582 0.5
6 585.481 -106.995 3.66823 0.5
6 564.464 -103.249 10.4107 0.5
6 645.231 -77.7125 2.79335 0.5
6 589.767 -78.8458 -6.31846 0.5
6 591.515 -92.4083 -14.9999 0.5
6 615.101 -91.9606 14.992 0.5
6 560.426 -77.4707 0.785395 0.5
6 664.578 -93.9922 -14.9205 0.5
6 619.806 -78.6747 -5.93624 0.5
6 602.494 -95.9626 -14.5829 0.5
6 610.231 -89.1455 14.6315 0.5
6 625.556 -105.135 8.00504 0.5
6 569.279 -97.8282 -14.0027 0.5
6 600.844 -89.8273 -14.7689 0.5
6 580.956 -77.924 -3.74057 0.5
6 559.719 -104.873 8.40626 0.5
6 558.901 -84.646 12.81 0.5
6 594.568 -79.7055 -7.91045 0.5
6 664.169 -98.6749 13.6474 0.5
6 562.519 -107.056 -3.41605 0.5
6 657.473 -77.7716 -3.089 0.5
6 594.417 -92.1326 14.9966 0.5
6 566.983 -80.9984 9.68802 0.5
6 639.387 -82.1489 -10.9035 0.5
6 564.018 -107.4 -1.22239 0.5
6 636.207 -78.5411 -5.61604 0.5
6 649.845 -98.2189 13.8463 0.5
6 618.003 -102.876 10.7838 0.5
6 649.161 -86.878 -13.9267 0.5
6 657.705 -78.2233 -4.75366 0.5
6 559.452 -105.775 -6.88889 0.5
6 633.813 -89.9139 14.784 0.5
6 621.557 -87.5657 14.1825 0.5
6 624.819 -100.367 -12.7405 0.5
6 634.333 -80.1269 8.55221 0.5
6 622.357 -86.3893 13.7211 0.5
6 557.514 -107.128 -3.09362 0.5
6 649.024 -78.4629 -5.41838 0.5
6 642.709 -92.5139 -14.9999 0.5
6 567.109 -95.7845 -14.6247 0.5
6 606.085 -106.235 5.91502 0.5
6 658.442 -94.8102 -14.8132 0.5
6 644.392 -104.326 -9.16249 0.5
7 655.129 -85.3231 -7.72788 0.5
7 611.419 -9.53212 7.86397 0.5
7 642.385 -55.1457 -14.2274 0.5
7 638.347 -53.4541 -11.1301 0.5
7 616.96 -0.310571 -13.7278 0.5
7 615.22 -7.2681 -14.4768 0.5
7 614.593 -6.88913 14.2663 0.5
7 612.865 11.075 -10.8695 0.5
7 661.98 -88.2936 -14.4673 0.5
7 616.486 -16.3324 10.4128 0.5
7 645.872 -46.7199 -11.4304 0.5
7 612.416 16.5137 0.145142 0.5
7 624.034 -10.344 12.5177 0.5
7 637.055 -50.8919 11.416 0.5
7 651.541 -52.7559 -6.54624 0.5
7 653.943 -80.8477 10.7753 0.5
7 626.125 -11.7867 -10.7674 0.5
7 611.657 -11.4279 -4.65967 0.5
7 632.228 -41.7263 -12.0551 0.5
7 642.617 -51.8838 14.9604 0.5
7 658.149 -79.6372 -14.8739 0.5
7 611.516 17.7123 -3.27514 0.5
7 639.863 -32.7409 -6.96781 0.5
7 647.829 -56.9226 14.7172 0.5
7 637.342 -26.9415 -2.89891 0.5
7 626.686 -14.5763 12.2726 0.5
7 615.192 6.65769 11.2239 0.5
7 634.054 -50.9616 -0.274282 0.5
7 624.604 -33.4173 5.82871 0.5
7 662.423 -97.6711 8.18345 0.5
7 633.737 -40.8999 13.9608 0.5
7 654.467 -61.4839 -11.3244 0.5
7 648.892 -76.4707 2.39525 0.5
7 613.358 13.6109 -6.04529 0.5
7 638.234 -33.9348 11.7938 0.5
7 648.289 -72.1103 -9.6421 0.5
7 649.609 -48.7944 -5.08781 0.5
7 658.476 -92.7621 3.847 0.5
7 655.962 -88.825 -1.59183 0.5
7 664.505 -99.703 -10.2018 0.5
7 657.097 -82.0918 -13.651 0.5
7 663.339 -83.9266 14.7438 0.5
7 647.056 -44.5154 -5.46552 0.5
7 657.501 -67.997 12.3051 0.5
7 652.429 -53.7373 -5.24592 0.5
7 618.397 -16.2278 -13.0572 0.5
7 623.854 -23.4082 14.102 0.5
7 666.502 -81.0277 -10.0485 0.5
7 660.126 -94.9043 -5.91884 0.5
7 652.763 -63.4303 -14.1637 0.5
7 651.617 -67.0826 -14.9837 0.5
7 627.548 -15.5065 11.8568 0.5
7 661.222 -89.5562 13.5007 0.5
7 620.218 1.77999 5.92912 0.5
7 630.056 -39.1987 -11.0356 0.5
7 666.393 -78.6902 -6.96169 0.5
7 651.945 -53.8069 7.22708 0.5
7 616.799 -0.858138 14.0629 0.5
7 618.713 -22.8088 6.70713 0.5
7 633.626 -25.3003 -11.2492 0.5
7 611.456 3.52803 -14.9959 0.5
7 612.522 15.4942 4.93997 0.5
7 640.44 -48.9559 14.8752 0.5
7 658.734 -74.0816 14.2682 0.5
7 656.535 -72.9792 -14.8764 0.5
7 632.759 -40.4497 -13.4058 0.5
7 627.579 -19.861 14.1812 0.5
7 619.423 -19.0685 -12.3961 0.5
7 625.445 -23.5649 -14.7879 0.5
7 626.109 -17.7841 14.3345 0.5
7 611.385 -3.19776 13.5196 0.5
7 614.469 12.5841 3.33282 0.5
7 658.333 -74.0641 -14.4701 0.5
7 637.047 -30.095 10.1415 0.5
7 615.108 -8.12186 14.1514 0.5
7 631.854 -27.8649 -14.3738 0.5
7 630.415 -44.1293 3.9551 0.5
7 624.68 -30.0227 10.9087 0.5
7 633.651 -21.7799 -6.56744 0.5
7 614.95 -11.4145 -12.3318 0.5
7 628.033 -39.6838 4.97831 0.5
7 618.079 -7.20767 -14.9606 0.5
7 637.532 -56.9715 -0.682326 0.5
7 651.747 -77.8252 -9.95977 0.5
7 626.403 -8.13561 -3.54409 0.5
7 663.385 -100.952 4.87337 0.5
7 643.418 -38.2485 -5.55554 0.5
7 623.742 -27.004 -12.0736 0.5
7 633.53 -24.2804 -10.436 0.5
7 657.41 -78.8281 14.8049 0.5
7 613.697 4.47753 -14.0765 0.5
7 619.362 -23.9778 -6.61607 0.5
7 663.24 -91.7892 -14.0421 0.5
7 654.665 -63.9625 -12.8728 0.5
7 647.829 -72.2019 -8.46957 0.5
7 646.509 -72.2217 -3.05681 0.5
7 664.63 -86.2192 14.7543 0.5
7 642.959 -36.6256 -2.6667 0.5
7 631.666 -22.1046 11.4218 0.5
7 628.993 -14.0975 7.30592 0.5
7 627.318 -35.5983 -9.86281 0.5
7 625.926 -32.0855 -10.9972 0.5
7 634.727 -48.7612 9.47086 0.5
7 618.667 0.8112 11.0693 0.5
7 615.265 -9.0486 -13.9042 0.5
7 612.129 -10.7335 -7.90778 0.5
7 619.261 -6.89741 14.5995 0.5
7 612.951 15.5791 -0.522919 0.5
7 636.427 -36.314 14.5214 0.5
7 633.365 -19.7816 -0.605993 0.5
7 629.984 -28.8256 14.9997 0.5
7 622.979 -8.17224 12.2839 0.5
7 638.791 -57.7367 -6.39444 0.5
7 642.323 -47.6336 14.7636 0.5
7 614.426 -15.1164 7.21715 0.5
7 653.059 -82.3764 6.54934 0.5
7 620.756 -25.0293 -8.86761 0.5
7 660.292 -96.1885 -2.55747 0.5
7 660.307 -66.4419 0.46198 0.5
7 635.998 -30.4285 -12.0733 0.5
7 627.546 -22.5574 14.8474 0.5
7 624.346 -6.13781 7.46567 0.5
7 619.984 -22.6404 10.1475 0.5
7 624.741 -26.4491 -13.4621 0.5
7 641.31 -42.9687 -13.9307 0.5
7 649.317 -75.3604 7.54985 0.5
7 646.467 -61.7567 -14.3725 0.5
7 643.485 -50.3997 14.8794 0.5
7 643.023 -66.1546 -3.18996 0.5
7 666.044 -104.3 -7.60711 0.5
7 645.122 -62.0923 -13.2884 0.5
7 613.825 13.5912 -3.7753 0.5
7 622.008 -20.0496 14.1597 0.5
7 625.08 -5.81325 3.41025 0.5
7 618.608 -4.32217 -14.1813 0.5
7 622.411 -30.5903 -2.47749 0.5
7 661.265 -73.8269 -11.7955 0.5
7 639.682 -58.033 -8.55418 0.5
7 646.059 -58.2699 14.9235 0.5
7 639.85 -32.8147 7.1488 0.5
7 647.024 -59.8197 -14.9353 0.5
7 615.137 8.00371 9.9757 0.5
7 646.808 -72.1033 5.25423 0.5
7 627.476 -12.877 -9.39638 0.5
7 659.527 -67.1923 7.66739 0.5
7 658.461 -71.7954 -13.546 0.5
7 623.77 -28.0429 -11.2756 0.5
7 648.274 -67.2859 -13.424 0.5
7 625.548 -35.7416 3.79561 0.5
7 634.753 -50.3582 -7.15274 0.5
7 661.664 -92.1413 -12.4572 0.5
7 625.181 -14.6951 -13.791 0.5
7 642.544 -36.8527 -5.84127 0.5
7 611.635 8.5487 -13.8824 0.5
7 615.012 -6.05671 14.6813 0.5
7 628.171 -11.9598 -5.84813 0.5
7 629.732 -13.6814 -2.4616 0.5
7 654.948 -84.1719 -8.97439 0.5
7 655.123 -61.4416 -10.1827 0.5
7 620.75 -20.5514 -12.9138 0.5
7 662.902 -75.5135 -10.7936 0.5
7 611.307 -11.4291 -2.01565 0.5
7 665.078 -75.0474 3.22035 0.5
7 613.076 -14.5587 1.44905 0.5
7 638.034 -52.102 11.8117 0.5
7 614.662 -8.18698 -13.8283 0.5
7 653.123 -76.6416 -12.9028 0.5
7 643.988 -63.5964 10.7827 0.5
7 620.606 -16.0262 -14.6199 0.5
7 625.2 -19.8577 -14.9802 0.5
7 629.503 -27.1261 -14.9696 0.5
7 618.64 -23.8098 -3.66703 0.5
7 635.592 -25.1417 6.56893 0.5
7 621.582 -0.543625 -5.83876 0.5
7 625.939 -14.3006 -12.9282 0.5
7 635.987 -28.6604 -10.5613 0.5
7 630.605 -39.6129 11.5055 0.5
7 637.11 -28.1315 -7.26308 0.5
7 635.814 -41.1728 14.8435 0.5
7 663.38 -92.8923 13.6879 0.5
7 628.337 -21.5971 14.3203 0.5
7 664.669 -74.4708 -3.76458 0.5
7 665.109 -79.6704 -11.1068 0.5
7 617.904 -6.56832 14.9324 0.5
7 632.16 -18.3119 4.29955 0.5
7 645.235 -41.7213 6.31116 0.5
7 627.697 -9.9542 0.225116 0.5
7 613.445 -3.30746 14.6889 0.5
7 629.965 -41.7733 7.6677 0.5
7 643.659 -45.7955 -13.3682 0.5
7 633.541 -43.7698 -12.223 0.5
7 657.33 -66.5327 -11.4027 0.5
7 642.577 -62.6486 9.10222 0.5
7 651.207 -78.7332 -7.37859 0.5
7 612.438 -3.3866 -14.1899 0.5
7 619.783 -3.17962 12.6471 0.5
7 633.912 -50.5557 -2.19446 0.5
7 648.141 -66.8399 13.5296 0.5
7 623.397 -31.9521 4.03646 0.5
7 642.812 -45.4567 -13.8844 0.5
7 617.909 6.34907 4.3755 0.5
7 651.915 -59.2735 12.917 0.5
7 658.536 -92.9681 -3.43978 0.5
7 626.336 -29.7772 13.169 0.5
7 645.192 -54.4267 -14.9771 0.5
7 646.664 -42.871 1.41235 0.5
7 654.723 -74.8728 14.674 0.5
7 626.598 -19.026 -14.4503 0.5
7 655.9 -67.556 13.6376 0.5
7 641.132 -63.1807 -1.11065 0.5
7 626.112 -36.5145 -4.50574 0.5
7 646.884 -65.275 13.2192 0.5
7 664.915 -74.623 -2.48405 0.5
7 652.29 -73.3258 -13.8427 0.5
7 613.983 2.55237 14.5232 0.5
7 660.792 -76.3493 13.7797 0.5
7 632.111 -17.8064 -2.49378 0.5
7 635.028 -25.247 -8.43469 0.5
7 652.112 -52.8541 4.2482 0.5
7 657.229 -61.7759 4.44074 0.5
7 620.741 -26.2827 6.78453 0.5
7 652.933 -81.335 8.02678 0.5
7 617.908 6.90408 1.71831 0.5
7 660.961 -70.0867 -8.31985 0.5
7 626.686 -9.58788 -6.29742 0.5
7 660.751 -84.2746 -14.8563 0.5
7 663.109 -87.9165 14.9114 0.5
7 655.996 -58.983 0.658091 0.5
7 638.438 -50.6645 13.2095 0.5
7 634.548 -21.885 -1.40557 0.5
7 645.816 -44.7451 -9.52088 0.5
7 659.055 -64.2665 -0.0491901 0.5
7 659.103 -88.5064 -11.8809 0.5
7 642.21 -46.6216 14.5934 0.5
7 641.027 -58.1185 -11.1103 0.5
7 666.197 -79.2971 -8.52759 0.5
7 616.785 5.74089 9.26821 0.5
7 627.755 -38.1292 7.35037 0.5
7 650.707 -50.4091 4.20485 0.5
7 665.535 -77.2897 -7.12491 0.5
7 624.045 -20.7103 -14.8547 0.5
7 612.441 -9.02623 -10.7145 0.5
7 665.86 -76.1035 -1.22293 0.5
7 628.349 -34.0903 -12.6838 0.5
7 644.006 -46.8613 13.5947 0.5
7 636.343 -40.2182 -14.9972 0.5
7 625.716 -10.1945 9.83416 0.5
7 648.377 -51.3772 -11.6943 0.5
7 639.946 -47.38 -14.951 0.5
7 634.123 -21.1495 1.41294 0.5
7 615.189 -18.1391 -2.10571 0.5
7 662.399 -71.0094 -5.25717 0.5
7 645.997 -42.996 -6.21252 0.5
7 638.186 -32.4632 -10.5556 0.5
7 615.912 -8.88609 14.3568 0.5
7 666.616 -97.6631 14.032 0.5
7 613.752 -15.645 2.14998 0.5
7 617.629 -3.11727 14.3409 0.5
7 617.929 -1.38943 13.4479 0.5
7 634.575 -22.24 3.32795 0.5
7 660.26 -87.6286 13.6246 0.5
8 647.817 58.7113 12.2617 0.5
8 658.152 70.3937 -2.05511 0.5
8 640.536 56.2986 14.9189 0.5
8 612.254 8.41877 -14.7614 0.5
8 648.597 73.2482 14.2946 0.5
8 617.995 6.56048 -11.8957 0.5
8 651.893 60.6603 -5.99418 0.5
8 613.127 18.8982 -9.4711 0.5
8 615.705 -0.350639 8.88988 0.5
8 659.896 102.974 2.97747 0.5
8 630.792 45.8325 -12.7077 0.5
8 644.99 69.7928 -13.0829 0.5
8 644.598 75.9494 4.91209 0.5
8 658.652 95.4891 11.7127 0.5
8 643.48 50.204 -11.4966 0.5
8 618.593 24.3172 12.9416 0.5
8 654.635 92.588 -6.68656 0.5
8 637.241 34.2267 -2.3963 0.5
8 665.353 108.321 -10.6159 0.5
8 651.215 82.5284 -11.7752 0.5
8 626.883 46.0883 0.336808 0.5
8 642.006 47.625 11.4737 0.5
8 657.315 96.1626 -8.49915 0.5
8 651.358 78.381 -14.1785 0.5
8 624.728 32.6197 14.0474 0.5
8 634.047 46.7467 14.6447 0.5
8 624.123 11.3172 0.369001 0.5
8 616.051 13.9848 14.9086 0.5
8 663.218 91.6392 14.8088 0.5
8 630.374 29.1895 -12.7206 0.5
8 646.508 77.5081 -8.40574 0.5
8 638.201 38.2236 8.33235 0.5
8 637.885 48.24 14.8781 0.5
8 649.543 59.7352 10.6079 0.5
8 623.945 12.4711 -6.47057 0.5
8 641.505 41.5197 1.73597 0.5
8 656.082 91.4308 11.3871 0.5
8 666.161 92.4819 -13.4495 0.5
8 633.89 57.1565 5.57046 0.5
8 619.952 33.6588 -3.5654 0.5
8 627.073 43.2884 9.17488 0.5
8 660.3 103.926 1.18835 0.5
8 639.032 66.4473 -4.48881 0.5
8 646.765 66.5765 14.9634 0.5
8 629.336 32.1994 -14.6674 0.5
8 624.846 12.6403 1.49748 0.5
8 618.62 19.4081 14.768 0.5
8 614.845 -4.42019 3.16826 0.5
8 633.863 57.6775 -3.86015 0.5
8 614.363 11.0453 14.9103 0.5
8 626.317 36.3842 -13.626 0.5
8 657.027 74.8245 12.373 0.5
8 652.63 75.1914 14.9918 0.5
8 659.226 98.7929 9.41014 0.5
8 635.718 36.3619 11.1502 0.5
8 615.564 15.447 -14.4682 0.5
8 624.165 33.3193 -13.301 0.5
8 659.956 86.131 -14.8309 0.5
8 622.299 9.07704 5.18153 0.5
8 644.246 71.4279 10.9399 0.5
8 636.608 35.1666 7.86993 0.5
8 644.332 69.0116 12.8749 0.5
8 615 22.3226 -9.24568 0.5
8 629.839 37.1769 -14.9689 0.5
8 666.544 85.1635 3.33539 0.5
8 636.212 41.8727 -14.0023 0.5
8 650.748 70.2893 14.8467 0.5
8 617.202 26.6524 -8.54632 0.5
8 618.607 18.9803 -14.8345 0.5
8 621.209 14.2756 -13.2719 0.5
8 642.462 63.2562 -14.0773 0.5
8 641.701 54.3516 -14.8057 0.5
8 643.224 51.933 13.0114 0.5
8 653.965 63.191 -2.38657 0.5
8 634.566 58.0685 6.17724 0.5
8 640.949 70.2424 -2.52437 0.5
8 664.705 101.728 -14.0974 0.5
8 621.558 28.8282 -13.2886 0.5
8 615.504 -1.37088 -7.89341 0.5
8 647.163 53.0352 7.15628 0.5
8 665.487 83.0251 -1.43693 0.5
8 661.277 96.5968 -13.7775 0.5
8 627.144 40.6341 11.9319 0.5
8 663.27 79.8061 -4.49456 0.5
8 635.003 58.8183 -6.1946 0.5
8 644.872 76.532 -4.58943 0.5
8 614.438 20.914 9.77522 0.5
8 621.277 9.62567 -9.31446 0.5
8 663.577 82.0178 8.09184 0.5
8 612.158 19.8904 4.52083 0.5
8 638.104 63.4869 7.55303 0.5
8 649.651 58.319 8.71532 0.5
8 634.531 42.8979 -14.9306 0.5
8 619.22 23.8109 -13.7516 0.5
8 621.972 8.80445 -5.91973 0.5
8 622.221 28.106 14.1107 0.5
8 620.947 8.04178 7.86923 0.5
8 640.279 44.3508 11.2304 0.5
8 637.231 47.0417 -14.8695 0.5
8 647.865 64.6956 14.7477 0.5
8 621.827 21.9721 -14.9956 0.5
8 613.195 -0.912905 -12.4966 0.5
8 615.59 26.4781 -1.2779 0.5
8 612.298 -6.42486 8.64902 0.5
8 655.839 66.5352 -2.9345 0.5
8 624.776 13.6154 5.81329 0.5
8 662.182 104.555 -8.55439 0.5
8 627.265 45.5358 5.9201 0.5
8 627.389 22.4177 11.5659 0.5
8 639.542 52.4237 14.9882 0.5
8 654.797 93.9855 -3.66579 0.5
8 615.197 17.5391 13.4271 0.5
8 645.853 50.3607 6.34945 0.5
8 665.196 88.2525 -11.8477 0.5
8 617.295 29.0889 -3.42844 0.5
8 628.202 18.8938 3.89942 0.5
8 641.779 45.646 9.9241 0.5
8 633.534 29.6061 -7.4719 0.5
8 612.311 -0.991146 -13.3479 0.5
8 619.337 21.1982 -14.6599 0.5
8 640.34 63.7103 11.7623 0.5
8 615.597 26.5438 0.115431 0.5
8 664.941 93.4231 14.5646 0.5
8 623.253 17.6446 -13.1803 0.5
8 613.758 -2.00486 10.8433 0.5
8 634.633 34.6983 -11.3406 0.5
8 618.555 1.7984 1.96689 0.5
8 633.68 52.9244 -11.1273 0.5
8 663.776 80.0178 0.847176 0.5
8 632.624 56.0187 -0.726525 0.5
8 647.816 53.1078 4.70702 0.5
8 646.836 53.4573 8.73455 0.5
8 641.898 53.2035 14.4853 0.5
8 637.779 63.7896 5.82081 0.5
8 658.631 101.007 -1.50018 0.5
8 616.063 -0.111996 -8.3449 0.5
8 629.66 25.1242 -10.4317 0.5
8 662.966 79.9561 6.25401 0.5
8 655.62 93.8546 -7.50375 0.5
8 649.162 84.4567 2.58501 0.5
8 639.59 56.6723 14.569 0.5
8 620.729 30.1358 -11.4393 0.5
8 648.804 81.7201 8.04566 0.5
8 617.815 13.7417 -14.9096 0.5
8 642.283 44.0572 -6.08628 0.5
8 657.357 98.4304 3.62404 0.5
8 634.282 58.729 2.31227 0.5
8 621.034 7.2086 -5.98532 0.5
8 621.672 8.70475 6.81506 0.5
8 639.295 67.5815 0.553011 0.5
8 637.273 36.0255 7.3714 0.5
8 652.148 61.7093 7.22881 0.5
8 646.26 72.0377 13.0573 0.5
8 634.341 30.1756 -5.79817 0.5
8 619.016 32.2843 -2.3336 0.5
8 644.071 67.5374 13.4333 0.5
8 652.57 79.5968 14.4534 0.5
8 635.388 34.4153 -9.73956 0.5
8 648.562 54.029 3.38817 0.5
8 665.573 86.4172 -9.40159 0.5
8 631.67 38.4371 -14.97 0.5
8 645.193 71.5032 -12.222 0.5
8 624.951 27.8209 -14.9998 0.5
8 627.876 46.7225 5.61539 0.5
8 651.124 81.0996 -12.6758 0.5
8 656.041 72.4349 11.8782 0.5
8 612.757 14.1853 12.9561 0.5
8 627.364 26.6957 -14.059 0.5
8 614.405 23.447 5.46876 0.5
8 628.036 19.9222 -7.18434 0.5
8 662.984 92.5019 -14.9582 0.5
8 645.021 62.0991 14.9944 0.5
8 657.22 68.6422 0.340818 0.5
8 614.928 25.1744 -2.51125 0.5
8 647.619 75.3036 -12.4971 0.5
8 644.195 62.9102 -14.8877 0.5
8 620.581 16.3828 -14.5121 0.5
8 644.438 72.4516 -10.2495 0.5
8 648.548 53.7727 2.14869 0.5
8 640.076 67.1813 7.05351 0.5
8 653.007 61.4729 1.98862 0.5
8 647.435 54.2843 -8.43314 0.5
8 623.849 26.3401 -14.9916 0.5
8 658.373 86.9967 -14.938 0.5
8 653.092 89.2664 -7.85556 0.5
8 636.249 59.6714 -8.50311 0.5
8 622.244 34.7567 9.38791 0.5
8 651.969 66.1905 12.459 0.5
8 619.242 28.2399 -10.8261 0.5
8 617.996 29.0324 -6.8734 0.5
8 638.571 50.5037 14.9768 0.5
8 632.048 28.2779 -9.31127 0.5
8 661.543 92.4386 14.9424 0.5
8 654.486 69.5324 11.7129 0.5
8 620.799 20.8712 14.9967 0.5
8 665.419 103.023 -14.0753 0.5
8 662.188 85.0472 -13.1613 0.5
8 660.679 81.9424 12.8812 0.5
8 627.551 41.8719 -11.5078 0.5
8 644.847 50.1281 8.89449 0.5
8 640.312 51.2473 -14.6749 0.5
8 630.951 49.1686 10.166 0.5
8 636.969 37.978 -10.6286 0.5
8 644.408 76.017 3.56686 0.5
8 628.221 34.9191 14.9239 0.5
8 620.517 5.17234 1.77692 0.5
8 622.792 37.1971 -7.14279 0.5
8 651.033 87.2413 4.46471 0.5
8 632.042 36.1111 14.4795 0.5
8 632.028 41.0073 14.9665 0.5
8 663.86 84.9921 11.0479 0.5
8 612.48 5.33659 -14.9781 0.5
8 635.026 45.0597 14.9994 0.5
8 623.459 28.7633 -14.5612 0.5
8 645.453 77.2443 5.41939 0.5
8 649.661 63.0765 -13.0084 0.5
8 659.26 89.3082 -14.847 0.5
8 619.93 6.9592 -8.87818 0.5
8 633.837 41.8264 -14.9426 0.5
8 634.617 40.8727 14.5579 0.5
8 652.471 65.1313 -10.9225 0.5
8 613.373 -3.13985 -10.3763 0.5
8 655.67 95.5376 -3.50499 0.5
8 644.984 58.8051 14.5517 0.5
8 665.188 82.7335 -2.95864 0.5
8 615.508 21.7074 -10.8888 0.5
8 639.736 60.9124 -12.9568 0.5
8 648.14 80.9853 7.35253 0.5
8 633.147 54.9482 7.47407 0.5
8 650.807 64.8674 -12.8949 0.5
8 654.766 94.3768 -0.567076 0.5
8 617.8 20.9568 -13.9168 0.5
8 626.628 35.0875 -14.329 0.5
8 630.137 23.3015 -6.68632 0.5
8 619.157 15.9137 -14.892 0.5
8 665.116 89.8426 -13.0069 0.5
8 622.611 15.0064 12.2291 0.5
8 625.033 38.8736 10.2141 0.5
8 645.427 77.9359 -2.86625 0.5
8 634.499 31.0096 6.98565 0.5
8 650.993 58.8346 5.33925 0.5
8 666.005 103.827 14.1515 0.5
8 645.327 48.3679 3.12644 0.5
8 666.154 95.6404 -14.5928 0.5
8 613.923 -3.95236 -8.14276 0.5
8 613.315 7.75913 -14.9991 0.5
8 658.573 75.4956 10.7262 0.5
8 617.609 25.5427 10.6991 0.5
8 657.079 93.9671 -10.6401 0.5
8 628.274 48.1634 -3.165 0.5
8 626.339 15.1591 0.513242 0.5
8 614.587 23.9545 -4.95323 0.5
9 844.59 97.4307 14.7783 0.5
9 996.356 114.282 4.58473 0.5
9 780.67 108.832 12.124 0.5
9 854.815 100.866 14.975 0.5
9 982.213 88.4699 9.59457 0.5
9 801.925 86.1113 5.66604 0.5
9 857.118 111.776 9.29146 0.5
9 873.522 114.988 0.608176 0.5
9 883.313 112.916 7.62723 0.5
9 888.408 106.818 13.3608 0.5
9 749.332 86.1387 -5.73275 0.5
9 973.44 85.6829 4.47445 0.5
9 810.079 88.9853 10.1822 0.5
9 760.855 89.031 10.2313 0.5
9 903.398 85.522 -3.9228 0.5
9 928.511 109.375 11.7092 0.5
9 881.795 99.0581 14.9704 0.5
9 926.184 111.343 9.81456 0.5
9 943.068 113.534 -6.46712 0.5
9 755.175 111.432 -9.71097 0.5
9 846.708 85.0854 -1.5979 0.5
9 876.347 94.0233 13.7579 0.5
9 745.708 97.0214 -14.7013 0.5
9 891.644 90.2839 -11.4279 0.5
9 674.379 88.7259 -9.8942 0.5
9 917.798 90.6343 -11.7168 0.5
9 707.893 94.0591 13.7733 0.5
9 720.155 114.951 -1.20549 0.5
9 959.959 93.679 13.6031 0.5
9 766.769 85.0107 0.566383 0.5
9 882.771 87.7071 -8.59563 0.5
9 920.694 113.812 -5.85135 0.5
9 769 110.318 -10.8877 0.5
9 913.111 104.719 -14.2382 0.5
9 680.173 112.301 8.5846 0.5
9 670.762 114.31 4.49769 0.5
9 982.793 86.917 7.33718 0.5
9 956.257 85.0021 -0.249392 0.5
9 916.861 87.6945 -8.57756 0.5
9 858.066 110.044 11.1412 0.5
9 909.696 87.7229 8.61811 0.5
9 794.062 95.0124 -14.1465 0.5
9 875.595 113.183 7.15652 0.5
9 726.261 112.611 8.12211 0.5
9 868.516 102.174 -14.8416 0.5
9 915.979 95.1385 14.1903 0.5
9 753.07 111.205 9.97218 0.5
9 871.905 99.008 -14.9672 0.5
9 963.329 110.161 11.0342 0.5
9 784.139 114.515 3.78293 0.5
9 820.125 90.2485 -11.3977 0.5
9 988.972 87.6306 -8.48515 0.5
9 738.678 112.113 8.84744 0.5
9 806.078 89.9381 -11.1247 0.5
9 952.478 93.2111 13.3758 0.5
9 749.179 88.6379 9.79294 0.5
9 948.148 105.884 13.7976 0.5
9 758.43 91.8126 12.5685 0.5
9 734.034 106.863 -13.3379 0.5
9 756.219 107.019 13.2564 0.5
9 835.351 103.419 -14.6051 0.5
9 995.633 113.361 -6.81744 0.5
9 675.933 87.4139 -8.16022 0.5
9 974.825 96.0294 14.4649 0.5
9 775.417 114.8 -2.44026 0.5
9 679.268 89.9656 11.1495 0.5
9 986.62 100.33 14.9964 0.5
9 842.646 113.812 -5.84979 0.5
9 762.403 88.6473 -9.80394 0.5
9 719.363 108.127 12.6076 0.5
9 670.238 114.327 -4.44404 0.5
9 697.321 85.0522 1.25071 0.5
9 925.309 90.4528 -11.5694 0.5
9 937.111 112.502 8.28902 0.5
9 682.88 114.988 -0.609888 0.5
9 926.383 92.8525 13.1876 0.5
9 885.304 86.0666 5.55516 0.5
9 838.63 105.248 14.0521 0.5
9 972.007 106.756 13.3926 0.5
9 985.577 89.72 -10.9235 0.5
9 705.535 114.857 2.06618 0.5
9 792.279 114.599 -3.44351 0.5
9 845.81 103.528 14.5793 0.5
9 969.683 104.39 14.3433 0.5
9 743.204 95.3048 14.2462 0.5
9 790.104 85.0468 -1.18439 0.5
9 843.212 113.036 -7.42006 0.5
9 732.412 97.4789 14.7866 0.5
9 820.671 112.883 -7.6831 0.5
9 757.142 89.7192 10.9227 0.5
9 880.947 111.087 10.1033 0.5
9 981.187 112.894 7.66506 0.5
9 837.378 110.636 -10.5767 0.5
9 954.46 101.123 14.9579 0.5
9 999.387 112.849 7.73955 0.5
9 888.619 87.0312 7.53732 0.5
9 800.102 114.369 4.3046 0.5
9 726.428 85.9961 5.37491 0.5
9 958.784 103.504 14.585 0.5
9 799.846 89.0909 10.2953 0.5
9 801.408 108.301 -12.4937 0.5
9 992.987 85.9894 -5.35761 0.5
9 917.506 93.7949 13.6564 0.5
9 944.849 89.8219 -11.0184 0.5
9 812.085 114.64 3.26591 0.5
9 880.591 97.8011 14.8379 0.5
9 997.552 87.0755 -7.61299 0.5
9 836.206 111.235 9.93868 0.5
9 800.904 112.882 7.68458 0.5
9 947.922 108.463 12.3843 0.5
9 967.385 106.576 -13.4817 0.5
9 667.44 95.0538 -14.161 0.5
9 902.25 106.445 13.5448 0.5
9 735.771 114.231 -4.74074 0.5
9 696.288 89.5838 10.7936 0.5
9 936.374 99.4559 -14.9901 0.5
9 882.642 92.7225 13.1163 0.5
9 715.952 114.786 -2.52385 0.5
9 931.113 104.02 -14.4513 0.5
9 954.828 114.962 1.06526 0.5
9 690.46 85.5824 4.13903 0.5
9 873.15 97.0698 -14.711 0.5
9 993.785 108.701 12.2184 0.5
9 722.002 114.132 5.02827 0.5
9 956.173 113.265 -7.00314 0.5
9 691.502 108.348 -12.4624 0.5
9 942.433 114.998 -0.24308 0.5
9 812.988 105.755 -13.8521 0.5
9 980.385 105.719 -13.8668 0.5
9 698.617 111.993 9.00955 0.5
9 755.804 90.9329 11.9494 0.5
9 805.37 102.072 -14.8562 0.5
9 900.568 90.7019 -11.7705 0.5
9 809.483 86.5575 -6.65569 0.5
9 976.289 87.4715 8.24844 0.5
9 982.016 105.767 -13.8469 0.5
9 735.334 109.78 -11.3737 0.5
9 793.555 105.844 13.8148 0.5
9 887.817 105.745 -13.8563 0.5
9 910.89 85.1237 1.92248 0.5
9 926.865 85.286 -2.91492 0.5
9 762.112 107.069 13.2301 0.5
9 719.474 86.878 7.26718 0.5
9 779.858 91.1269 -12.0941 0.5
9 728.219 111.178 -10.0021 0.5
9 962.516 85.0002 0.0712853 0.5
9 834.978 96.3888 -14.5588 0.5
9 747.237 114.98 -0.768408 0.5
9 932.975 114.999 0.205441 0.5
9 778.579 88.0474 -9.06279 0.5
9 746.261 89.8924 11.0832 0.5
9 882.733 86.1486 5.75657 0.5
9 894.861 86.1001 5.63857 0.5
9 923.962 101.646 14.9094 0.5
9 830.388 102.178 14.841 0.5
9 907.596 101.567 -14.9179 0.5
9 687.247 110.719 -10.4934 0.5
9 942.792 102.028 -14.8623 0.5
9 949.885 114.931 -1.44152 0.5
9 829.658 91.5887 -12.4198 0.5
9 877.746 113.062 7.3742 0.5
9 693.462 85.0037 -0.334827 0.5
9 912.849 102.18 -14.8407 0.5
9 932.124 86.9827 7.45325 0.5
9 838.849 108.864 12.1005 0.5
9 878.209 96.1231 -14.4903 0.5
9 933.425 91.0486 12.0363 0.5
9 739.282 112.559 -8.20119 0.5
9 761.533 90.9948 11.9961 0.5
9 906.989 85.7196 4.59015 0.5
9 734.174 85.0975 1.70712 0.5
9 681.889 85.5119 3.88508 0.5
9 925.268 91.7504 -12.5277 0.5
9 721.029 113.177 -7.16733 0.5
9 874.56 90.0297 -11.2069 0.5
9 783.472 87.3617 8.07917 0.5
9 797.904 105.14 -14.092 0.5
9 816.083 96.6198 -14.6142 0.5
9 952.279 86.7702 7.06914 0.5
9 677.868 114.995 -0.385216 0.5
9 868.301 85.455 3.66644 0.5
9 939.545 86.7732 -7.07467 0.5
9 948.591 98.3453 -14.9084 0.5
9 855.287 95.4403 -14.2902 0.5
9 685.305 112.916 -7.62745 0.5
9 838.534 96.6369 14.6181 0.5
9 727.467 86.2587 -6.01464 0.5
9 821.736 85.0453 1.16538 0.5
9 833.742 114.537 3.69806 0.5
9 853.664 99.251 -14.9813 0.5
9 871.198 111.754 -9.31904 0.5
9 732.999 85.0035 -0.324247 0.5
9 788.666 108.622 -12.2743 0.5
9 914.45 107.009 -13.2615 0.5
9 926.48 98.1261 -14.8825 0.5
9 971.057 85.079 1.53716 0.5
9 804.138 114.344 -4.38595 0.5
9 830.997 85.0796 1.54305 0.5
9 822.317 110.514 10.6988 0.5
9 997.119 111.719 -9.36241 0.5
9 812.867 111.787 9.27757 0.5
9 963.283 100.564 -14.9894 0.5
9 694.631 114.958 1.12388 0.5
9 950.885 107.057 13.2362 0.5
9 843.375 100.331 14.9963 0.5
9 694.07 102.696 14.7557 0.5
9 986.128 113.515 -6.50713 0.5
9 994.765 85.073 1.47816 0.5
9 786.932 93.0196 -13.2768 0.5
9 714.211 89.2657 -10.4774 0.5
9 838.483 114.547 -3.65729 0.5
9 825.539 102.486 14.7926 0.5
9 772.94 95.2507 14.2283 0.5
9 740.901 94.1175 13.7984 0.5
9 725.167 87.1788 7.78561 0.5
9 892.207 85.532 -3.95939 0.5
9 873.411 99.9525 14.9999 0.5
9 998.56 85.2229 2.57612 0.5
9 706.151 109.535 11.5795 0.5
9 939.708 101.448 14.93 0.5
9 725.354 91.2513 -12.1844 0.5
9 873.629 102.544 14.7826 0.5
9 898.722 85.7162 -4.57971 0.5
9 882.811 98.3787 -14.9121 0.5
9 725.271 111.22 9.95534 0.5
9 759.802 85.1103 -1.81565 0.5
9 902.156 110.128 -11.0642 0.5
9 713.278 110.25 -10.9519 0.5
9 857.176 111.24 -9.93294 0.5
9 864.693 100.148 -14.9993 0.5
9 869.14 102.951 14.7069 0.5
9 753.481 94.0491 -13.769 0.5
9 693.545 87.8209 -8.75608 0.5
9 890.711 109.615 -11.513 0.5
9 819.227 98.4814 -14.9229 0.5
9 684.257 107.16 -13.1806 0.5
9 907.461 112.269 -8.62983 0.5
9 716.489 110.086 -11.1024 0.5
9 921.085 114.49 3.87938 0.5
9 966.229 103.785 -14.5146 0.5
9 937.055 114.631 3.30842 0.5
9 857.537 85.4392 -3.60327 0.5
9 734.206 90.8544 -11.8894 0.5
9 859.068 106.923 -13.3069 0.5
9 855.412 107.721 12.8605 0.5
9 994.752 99.3199 -14.9846 0.5
9 919.074 113.883 5.68067 0.5
9 692.583 85.6133 -4.24518 0.5
9 809.99 85.1931 2.39926 0.5
9 788.17 96.703 14.6332 0.5
9 819.53 113.524 6.48816 0.5
9 739.075 114.972 -0.922932 0.5
9 804.286 95.4049 14.2788 0.5
9 847.127 92.6898 -13.0981 0.5
9 736.968 111.501 9.62998 0.5
9 785.135 99.8928 -14.9996 0.5
9 672.752 85.0839 1.58437 0.5
9 988.987 100.56 -14.9895 0.5
9 973.594 111.011 -10.1863 0.5
9 719.13 95.3372 -14.2569 0.5
9 770.099 107.399 -13.0484 0.5
9 911.029 85.0217 0.805847 0.5
9 959.186 85.0824 -1.57049 0.5
9 959.662 112.793 -7.83204 0.5
9 828.35 111.185 9.99511 0.5
9 683.596 112.797 -7.82607 0.5
9 810.668 98.6937 14.943 0.5
9 667.644 103.114 -14.6731 0.5
9 953.67 112.477 8.32557 0.5
9 936.16 94.8139 14.075 0.5
9 785.802 112.945 7.57761 0.5
9 777.408 113.316 6.90604 0.5
9 694.58 114.894 -1.77711 0.5
9 867.651 114.856 2.07438 0.5
9 864.134 86.0575 -5.53239 0.5
