0 305.847 85.4862 -3.78825 0.5
0 112.012 89.0384 10.2393 0.5
0 208.145 107.788 12.8197 0.5
0 126.593 85.0715 -1.46294 0.5
0 167.679 93.247 -13.3939 0.5
0 164.723 99.8467 14.9992 0.5
0 291.489 105.229 14.0591 0.5
0 74.2821 98.5923 14.9338 0.5
0 120.849 101.153 -14.9556 0.5
0 54.2483 111.266 9.90321 0.5
0 174.058 104.315 14.366 0.5
0 285.316 112.954 7.56285 0.5
0 204.658 101.764 -14.8959 0.5
0 184.012 113.183 -7.15627 0.5
0 15.4591 114.893 1.78695 0.5
0 42.212 105.865 -13.8058 0.5
0 20.5824 111.218 -9.95763 0.5
0 117.164 86.4339 6.40003 0.5
0 261.868 110.879 10.3268 0.5
0 93.0935 90.5257 -11.6292 0.5
0 230.477 88.7851 9.96125 0.5
0 280.848 94.7111 14.0366 0.5
0 99.7793 95.365 -14.2659 0.5
0 39.8329 93.6087 13.5702 0.5
0 74.4139 87.3412 8.04711 0.5
0 115.245 94.4453 13.9336 0.5
0 249.154 114.987 0.633359 0.5
0 236.163 108.387 12.4364 0.5
0 74.763 85.1177 1.87542 0.5
0 220.196 90.4196 11.5419 0.5
0 235.724 98.1935 -14.8908 0.5
0 60.6193 108.874 -12.0932 0.5
0 128.297 114.976 0.850909 0.5
0 67.0188 90.4339 11.5537 0.5
0 108.383 106.03 -13.7344 0.5
0 164.273 107.507 -12.9863 0.5
0 220.749 85.2461 2.70607 0.5
0 211.958 90.519 -11.6237 0.5
0 39.1688 86.8418 -7.20144 0.5
0 24.1839 89.9526 -11.1378 0.5
0 3.79584 89.472 -10.6846 0.5
0 267.384 85.0713 1.46098 0.5
0 113.291 106.361 13.5844 0.5
0 156.244 101.642 14.9099 0.5
0 251.102 105.88 -13.7996 0.5
0 83.5516 113.446 -6.64811 0.5
0 293.538 91.8593 12.5987 0.5
0 141.74 86.7479 -7.0273 0.5
0 235.053 85.4581 -3.67884 0.5
0 66.0997 114.907 -1.6689 0.5
0 56.6084 86.0243 5.44786 0.5
0 267.892 103.439 14.6005 0.5
0 283.008 114.189 4.86541 0.5
0 32.8613 113.892 5.65839 0.5
0 213.875 114.864 2.01165 0.5
0 46.5522 114.97 -0.947568 0.5
0 207.587 114.826 2.27902 0.5
0 290.82 104.245 -14.3868 0.5
0 248.633 97.5343 -14.7959 0.5
0 291.047 109.898 11.2709 0.5
0 203.941 114.23 4.74466 0.5
0 306.295 99.9872 -15 0.5
0 168.977 114.928 1.47024 0.5
0 17.9015 110.36 -10.8473 0.5
0 140.673 98.9833 -14.9655 0.5
0 53.6683 96.11 -14.4868 0.5
0 322.728 85.4823 3.77293 0.5
0 222.523 85.0034 -0.32155 0.5
0 137.071 94.8873 -14.1018 0.5
0 72.4311 90.7689 11.8231 0.5
0 313.229 85.1438 2.07189 0.5
0 175.406 86.7712 -7.07103 0.5
0 241.377 110.049 11.136 0.5
0 278.131 87.7097 -8.59939 0.5
0 247.982 111.733 -9.3452 0.5
0 101.458 108.345 -12.4645 0.5
0 270.825 110.543 -10.6699 0.5
0 77.9825 89.1365 -10.3434 0.5
0 28.9624 85.0395 -1.08841 0.5
0 127.555 88.4264 9.54206 0.5
0 11.3743 88.1633 -9.21374 0.5
0 151.709 111.929 -9.09447 0.5
0 234.126 109.153 11.8839 0.5
0 327.424 109.847 11.3155 0.5
0 211.919 114.788 2.51338 0.5
0 164.519 105.109 14.103 0.5
0 208.557 90.5271 -11.6303 0.5
0 189.284 108.795 12.1511 0.5
0 283.545 96.1325 14.4928 0.5
0 137.898 88.5601 9.70199 0.5
0 238.861 96.2971 14.5358 0.5
0 270.091 114.997 0.283824 0.5
0 187.727 94.4825 -13.9484 0.5
0 85.1296 97.4068 14.7742 0.5
0 60.9083 85.0328 0.990773 0.5
0 330.713 85.0505 -1.23023 0.5
0 200.659 108.234 12.5379 0.5
0 302.934 110.602 10.6116 0.5
0 17.3451 87.1213 7.69016 0.5
0 93.9939 87.8791 8.83656 0.5
0 195.914 88.9793 10.1757 0.5
0 65.2774 97.8643 -14.8472 0.5
0 265.157 111.18 -9.99997 0.5
0 234.178 89.4172 10.6303 0.5
0 259.773 114.896 -1.75995 0.5
0 89.9882 86.9766 7.44245 0.5
0 309.993 88.3736 9.47766 0.5
1 349.862 60.9337 10.7725 0.5
1 375.673 35.0578 12.4327 0.5
1 338.035 79.7727 -8.88782 0.5
1 365.959 37.0295 -13.5374 0.5
1 387.976 -1.02426 13.5754 0.5
1 380.882 17.4091 -14.9982 0.5
1 347.476 70.0228 13.9628 0.5
1 381.821 17.9532 -14.8745 0.5
1 376.781 12.2591 8.31105 0.5
1 341.429 85.3378 14.9863 0.5
1 357.095 55.1083 14.5274 0.5
1 362.976 37.9888 10.5445 0.5
1 348.923 64.7232 -12.5109 0.5
1 348.796 64.8079 12.4205 0.5
1 338.046 76.8656 -0.930473 0.5
1 349.584 75.2258 14.6158 0.5
1 337.679 77.6526 2.31662 0.5
1 378.106 8.12003 4.4261 0.5
1 357.516 64.7562 -13.4496 0.5
1 373.591 16.2383 -5.29962 0.5
1 352.204 77.4276 -11.0791 0.5
1 379.5 8.37691 -9.43582 0.5
1 339.473 77.1539 8.71016 0.5
1 335.319 82.4178 -4.99712 0.5
1 359.279 69.9242 2.02181 0.5
1 359.581 64.4775 11.2344 0.5
1 350.718 59.4932 -10.813 0.5
1 341.303 73.6421 -8.21062 0.5
1 336.829 98.7204 14.2194 0.5
1 341.935 95.1014 -11.1801 0.5
1 355.857 68.4803 12.9948 0.5
1 363.454 54.0517 -13.6487 0.5
1 363.107 62.3785 -5.51858 0.5
1 376.975 29.669 -14.0478 0.5
1 340.532 93.4708 13.7739 0.5
1 365.173 59.7165 2.0102 0.5
1 341.491 77.4091 12.3855 0.5
1 340.822 82.4345 -14.2787 0.5
1 359.898 51.2165 14.7417 0.5
1 339.543 89.486 14.9981 0.5
1 364.398 38.331 12.7735 0.5
1 371.729 42.9368 11.6565 0.5
1 364.253 48.985 14.7835 0.5
1 334.364 85.037 -7.16525 0.5
1 363.391 62.5607 -3.34237 0.5
1 377.766 29.5736 13.5023 0.5
1 344.463 90.212 11.6171 0.5
1 350.532 57.3899 7.78486 0.5
1 383.318 -1.57288 0.263913 0.5
1 377.372 16.9175 -13.3672 0.5
1 386.59 -5.78602 6.44787 0.5
1 333.939 84.2137 2.79099 0.5
1 365.489 36.6067 12.874 0.5
1 374.421 28.3348 14.9917 0.5
1 382.257 27.0035 -9.33505 0.5
1 346.55 86.0216 12.0638 0.5
1 345.166 83.9198 -14.3356 0.5
1 361.651 36.0003 1.19876 0.5
1 345.189 71.685 -12.824 0.5
1 349.197 86.5251 5.38102 0.5
1 380.528 32.4623 -4.81417 0.5
1 376.675 11.3057 -6.27558 0.5
1 371.118 37.8709 14.629 0.5
1 368.259 53.435 -5.56945 0.5
1 358.309 41.8261 -1.59949 0.5
1 343.087 92.3765 11.7923 0.5
1 366.235 52.6178 -11.5217 0.5
1 369.012 23.9897 -4.79478 0.5
1 388.031 -9.53452 -2.47114 0.5
1 372.453 45.781 6.45818 0.5
1 337.868 106.669 3.75134 0.5
1 384.983 3.51831 13.2553 0.5
1 333.335 85.4571 -3.68559 0.5
1 356.103 73.0448 -8.31587 0.5
1 351.931 76.5106 -12.2029 0.5
1 344.375 69.0196 -9.1891 0.5
1 364.606 57.8663 -8.95668 0.5
1 347.734 66.0701 12.0099 0.5
1 362.004 39.6594 10.5307 0.5
1 353.161 70.9161 -14.0478 0.5
1 379.168 10.8392 11.3799 0.5
1 372.538 36.3427 -14.3863 0.5
1 388.404 -9.69925 4.48487 0.5
2 335.453 -90.7781 -14.8661 0.5
2 359.792 -33.5473 7.35246 0.5
2 350.746 -67.9264 -13.9008 0.5
2 365.26 -48.6867 -9.58904 0.5
2 382.405 -22.2781 2.30081 0.5
2 384.282 -11.4244 13.1477 0.5
2 363.458 -55.2215 -1.24539 0.5
2 379.635 -4.24437 12.6834 0.5
2 388.616 -1.08401 -14.3442 0.5
2 344.225 -71.5713 -14.8641 0.5
2 364.504 -24.0789 -4.26244 0.5
2 372.335 -39.8656 -0.973428 0.5
2 373.419 -9.43037 -6.34904 0.5
2 346.21 -84.3753 4.74823 0.5
2 380.362 3.74002 -2.80834 0.5
2 337.172 -95.8089 11.1728 0.5
2 388.39 8.48024 13.9278 0.5
2 339.225 -96.9783 -2.82047 0.5
2 366.847 -28.8959 -13.9524 0.5
2 369.588 -44.6461 -0.521669 0.5
2 356.749 -40.1588 -9.34489 0.5
2 382.248 -20.3869 -8.04571 0.5
2 354.481 -70.0487 -4.7526 0.5
2 342.875 -68.8688 -13.2378 0.5
2 371.914 -11.3558 4.61802 0.5
2 341.987 -90.3176 -7.72805 0.5
2 359.123 -61.0258 -7.04148 0.5
2 337.488 -94.706 11.6473 0.5
2 346.462 -54.964 -2.74525 0.5
2 358.125 -64.4217 1.61653 0.5
2 370.159 -20.1563 -12.352 0.5
2 358.072 -64.3341 2.8167 0.5
2 375.437 -12.611 -13.3115 0.5
2 352.502 -74.1573 -1.65035 0.5
2 340.035 -88.9976 12.589 0.5
2 347.925 -63.8927 14.636 0.5
2 369.133 -23.8865 13.491 0.5
2 377.814 -16.6179 14.9511 0.5
2 380.546 2.8471 -6.49008 0.5
2 376.51 -32.0389 4.29043 0.5
2 386.692 4.56227 14.2794 0.5
2 342.478 -62.6458 5.47323 0.5
2 354.637 -68.4213 7.7049 0.5
2 336.077 -100.444 -7.90908 0.5
2 376.064 -3.70949 2.84246 0.5
2 385.021 0.52719 -14.5973 0.5
2 344.628 -70.5403 14.8152 0.5
2 355.694 -38.7288 -0.516395 0.5
2 337.605 -72.0448 7.47274 0.5
2 371.896 -30.2942 -14.2655 0.5
2 373.487 -9.17029 6.03585 0.5
2 347.989 -67.7879 14.9826 0.5
2 363.914 -35.4207 -14.4394 0.5
2 339.903 -95.3945 4.45179 0.5
2 381.919 -6.54218 14.897 0.5
2 375.944 -17.1844 -14.9286 0.5
2 368.015 -46.8103 4.09112 0.5
2 354.994 -62.4994 12.9521 0.5
2 386.506 -14.7746 -4.12075 0.5
2 362.172 -27.7087 2.49651 0.5
2 383.846 9.12155 -5.16962 0.5
2 362.869 -43.3564 -14.8573 0.5
2 365.578 -48.5373 9.08441 0.5
2 350.628 -48.3283 4.93199 0.5
2 354.22 -71.1058 2.23806 0.5
2 383.945 5.17667 -11.2119 0.5
2 370.22 -43.5583 0.201004 0.5
2 360.892 -58.1004 -6.77569 0.5
2 351.147 -50.8395 -10.455 0.5
2 339.623 -80.9722 14.9886 0.5
2 353.798 -59.3522 -14.815 0.5
2 361.432 -35.0756 -12.2144 0.5
2 386.951 14.912 -3.86238 0.5
2 340.959 -90.6438 -9.74654 0.5
2 357.33 -61.7622 -10.3306 0.5
2 336.891 -82.3228 -14.4665 0.5
2 359.272 -35.4893 -8.95483 0.5
2 375.101 -25.4019 -14.0338 0.5
2 350.167 -61.2151 14.8553 0.5
2 344.706 -65.0009 -12.8424 0.5
2 387.419 -11.8885 7.27403 0.5
2 354.702 -69.0653 -6.27094 0.5
2 373.899 -36.7382 3.64557 0.5
2 366.256 -49.7044 4.59674 0.5
2 345.722 -74.8371 -14.4989 0.5
2 382.414 6.61115 5.25187 0.5
2 337.27 -98.9688 -6.86504 0.5
2 337.354 -100.255 2.62527 0.5
2 336.719 -79.9401 13.4473 0.5
2 347.408 -74.2322 -13.6768 0.5
2 380.084 -0.620624 10.3525 0.5
2 351.355 -51.1447 11.0988 0.5
2 347.586 -55.5829 8.75384 0.5
2 372.389 -32.727 12.7366 0.5
2 380.502 -3.55507 -13.1613 0.5
2 349.275 -74.3445 11.6036 0.5
2 375.687 -32.3969 -6.92608 0.5
2 374.684 -22.1105 14.9451 0.5
2 343.198 -64.206 -10.0256 0.5
2 334.395 -96.1721 13.9311 0.5
2 367.365 -26.4229 -13.2225 0.5
2 338.425 -97.325 -6.12069 0.5
2 376.229 -10.97 -13.1683 0.5
2 367.385 -20.7346 7.92434 0.5
2 370.782 -42.5438 1.14473 0.5
2 353.141 -49.9165 12.543 0.5
2 364.094 -46.2742 -13.2117 0.5
2 356.387 -45.1453 -13.0621 0.5
3 340.664 -97.5519 14.1057 0.5
3 436.651 -105.625 7.17174 0.5
3 442.598 -86.1723 -13.6231 0.5
3 406.878 -105.089 8.07806 0.5
3 423.537 -92.0646 14.995 0.5
3 416.016 -79.6213 -7.77324 0.5
3 354.877 -82.328 -11.07 0.5
3 370.279 -89.5347 -14.714 0.5
3 409.37 -82.3915 11.1276 0.5
3 348.878 -107.197 2.74608 0.5
3 389.665 -89.3968 14.686 0.5
3 406.95 -94.689 14.832 0.5
3 341.076 -105.655 -7.11469 0.5
3 356.961 -77.8284 -3.34775 0.5
3 392.99 -103.115 10.548 0.5
3 341.867 -80.6298 -9.2347 0.5
3 380.157 -78.8775 6.38632 0.5
3 380.823 -79.7398 7.96547 0.5
3 402.231 -77.5639 -1.84401 0.5
3 372.884 -107.364 -1.60353 0.5
3 387.705 -78.2011 4.68689 0.5
3 417.957 -107.217 2.63145 0.5
3 427.135 -82.1434 -10.8982 0.5
3 340.869 -102.097 11.4863 0.5
3 403.691 -93.7019 14.9477 0.5
3 397.739 -107.268 -2.32898 0.5
3 365.234 -90.2078 14.8315 0.5
3 419.554 -107.394 1.29134 0.5
3 343.106 -77.9517 -3.84679 0.5
3 402.622 -104.244 -9.2687 0.5
3 355.042 -94.4668 14.8638 0.5
3 373.618 -99.2235 13.3836 0.5
3 365.196 -87.8516 14.2777 0.5
3 396.421 -100.058 12.9273 0.5
3 340.86 -78.3994 5.2516 0.5
3 346.87 -84.7087 -12.848 0.5
3 425.086 -78.1931 4.66234 0.5
3 353.543 -77.5118 1.35969 0.5
3 360.842 -101.863 11.6787 0.5
3 341.683 -97.1588 14.2418 0.5
3 390.622 -107.006 -3.623 0.5
3 374.648 -103.72 9.8989 0.5
3 337.164 -106.336 -5.67378 0.5
3 400.283 -87.2925 -14.0854 0.5
3 371.674 -85.4999 -13.2927 0.5
3 428.411 -89.3849 -14.6835 0.5
3 335.163 -91.8603 14.9884 0.5
3 444.242 -102.708 -10.9443 0.5
3 423.558 -92.5154 -14.9999 0.5
3 388.562 -84.2735 -12.5755 0.5
3 422.803 -79.6384 -7.80133 0.5
3 347.603 -77.8033 -3.23609 0.5
3 366.444 -100.77 -12.4814 0.5
3 360.758 -77.4661 -0.692471 0.5
3 364.677 -82.3573 -11.0966 0.5
3 336.56 -91.6365 14.9779 0.5
3 372.672 -106.033 6.36497 0.5
3 338.706 -90.6827 -14.8955 0.5
3 374.69 -91.0694 -14.9363 0.5
3 344.019 -99.7098 -13.1262 0.5
3 333.55 -90.2979 -14.8448 0.5
3 394.715 -90.4087 -14.8604 0.5
3 369.169 -107.257 -2.39979 0.5
3 382.749 -106.783 -4.42397 0.5
3 443.426 -100.412 -12.7123 0.5
3 353.641 -97.7242 14.0422 0.5
3 336.022 -78.7293 6.06144 0.5
3 422.067 -80.9783 9.66425 0.5
3 437.361 -91.3869 -14.9623 0.5
3 383.983 -107.449 -0.218236 0.5
3 368.043 -92.9201 -14.9926 0.5
3 344.662 -103.324 -10.3324 0.5
3 350.761 -78.4871 5.4805 0.5
3 344.47 -106.987 3.69678 0.5
3 392.567 -104.192 -9.3339 0.5
3 440.509 -107.2 -2.7303 0.5
3 356.237 -86.5937 13.8095 0.5
3 363.021 -95.9694 -14.5813 0.5
3 436.024 -84.0544 -12.4303 0.5
3 395.216 -104.261 9.24721 0.5
3 412.065 -106.657 4.81153 0.5
3 403.112 -82.6345 -11.3426 0.5
3 365.022 -107.407 -1.1362 0.5
3 333.727 -87.4534 -14.1433 0.5
3 430.656 -90.3236 14.8485 0.5
3 372.966 -78.1469 4.51862 0.5
3 443.831 -106.124 -6.16732 0.5
3 444.131 -101.429 12.0157 0.5
3 367.344 -93.5587 14.959 0.5
3 441.886 -77.6963 -2.70686 0.5
3 347.859 -103.314 10.3434 0.5
3 398.339 -80.3079 8.8072 0.5
3 359.441 -101.466 -11.988 0.5
3 425.303 -100.253 12.8109 0.5
3 423.493 -94.8842 -14.8012 0.5
3 337.956 -99.4763 13.2526 0.5
3 372.328 -94.0506 -14.9144 0.5
3 410.918 -79.1304 6.89819 0.5
3 341.463 -106.07 -6.28399 0.5
3 375.284 -78.5398 5.61281 0.5
3 399.314 -106.691 -4.71027 0.5
4 461.622 -107.229 -0.908258 0.5
4 455.764 -97.1303 -1.49168 0.5
4 475.817 -156.564 11.3779 0.5
4 479.328 -164.716 9.20219 0.5
4 474.73 -156.774 -9.17239 0.5
4 445.506 -98.9386 -14.2612 0.5
4 451.355 -114.93 10.7017 0.5
4 467.008 -133.829 14.823 0.5
4 448.838 -113.6 6.45431 0.5
4 474.811 -152.589 12.9655 0.5
4 460.613 -121.698 -14.9484 0.5
4 490.437 -186.731 3.3585 0.5
4 489.464 -158.153 8.62384 0.5
4 491.679 -161.63 8.08747 0.5
4 490.697 -162.715 -11.3146 0.5
4 466.097 -122.545 -13.0424 0.5
4 487.568 -152.513 -3.31591 0.5
4 464.543 -131.325 14.4393 0.5
4 465.495 -135.157 13.6374 0.5
4 467.068 -139.986 -12.4601 0.5
4 497.125 -195.263 9.54935 0.5
4 481.14 -141.122 -1.83718 0.5
4 472.544 -146.979 13.8082 0.5
4 451.793 -117.042 -9.1777 0.5
4 464.22 -113.398 -6.92735 0.5
4 479.464 -138.455 3.2143 0.5
4 467.829 -142.455 -11.606 0.5
4 489.999 -186.311 1.1268 0.5
4 463.402 -110.479 2.40879 0.5
4 497.863 -177.223 12.8425 0.5
4 495.109 -173.335 13.3344 0.5
4 474.468 -129.453 -0.179749 0.5
4 474.419 -130.362 -5.37146 0.5
4 461.044 -113.302 12.7514 0.5
4 481.496 -143.813 -7.80226 0.5
4 447.861 -98.7272 14.9957 0.5
4 480.802 -140.662 -2.66648 0.5
4 471.646 -124.744 2.31915 0.5
4 497.345 -181.921 -14.8442 0.5
4 463.874 -111.914 -4.86437 0.5
4 451.54 -113.125 -12.4373 0.5
4 453.131 -92.5093 -0.620098 0.5
4 484.148 -147.402 5.8409 0.5
4 487.854 -163.745 14.4863 0.5
4 455.413 -114.348 -14.7171 0.5
4 468.209 -148.535 1.51143 0.5
4 485.587 -148.732 0.804159 0.5
4 460.354 -115.826 -14.4059 0.5
4 449.238 -90.4298 -10.8822 0.5
4 458.553 -101.965 -1.5341 0.5
4 464.561 -121.76 -13.9421 0.5
4 460.142 -133.454 -5.84406 0.5
4 464.927 -142.819 -1.79271 0.5
4 446.07 -100.646 -14.0019 0.5
4 496.63 -193.684 10.3616 0.5
4 448.553 -114.549 -0.730344 0.5
4 494.155 -179.428 14.9744 0.5
4 486.342 -161.029 14.4595 0.5
4 459.41 -133.36 -0.581149 0.5
4 491.557 -178.963 -14.1732 0.5
4 464.495 -129.833 -14.7631 0.5
4 490.935 -186.714 -6.01658 0.5
4 495.759 -187.272 -13.7729 0.5
4 464.867 -125.754 -14.8567 0.5
4 479.399 -141.736 -9.91315 0.5
4 484.335 -148.361 7.15749 0.5
4 454.992 -119.167 -12.3949 0.5
4 473.642 -130.314 7.97029 0.5
4 483.154 -148.134 9.79174 0.5
4 449.583 -90.0818 9.90137 0.5
4 498.941 -180.626 13.6521 0.5
4 464.95 -141.677 -6.08659 0.5
4 488.123 -153.598 3.82186 0.5
4 462.371 -138.132 3.29972 0.5
4 464.836 -116.991 10.433 0.5
4 451.798 -100.609 -14.2843 0.5
4 480.695 -145.455 -11.3711 0.5
4 494.524 -170.473 12.2063 0.5
4 486.926 -180.551 3.76128 0.5
4 496.208 -193.45 -9.81616 0.5
4 469.541 -145.324 -11.685 0.5
4 487.733 -158.348 -11.939 0.5
4 481.69 -158.507 -14.9202 0.5
4 446.308 -110.076 -4.20685 0.5
4 454.649 -105.288 -14.1991 0.5
4 450.995 -113.49 -11.4475 0.5
4 446.76 -85.089 -9.78179 0.5
4 446.534 -93.0292 14.6885 0.5
4 465.184 -126.811 -14.9186 0.5
4 497.819 -182.951 14.8731 0.5
4 491.682 -188.843 -3.54224 0.5
4 478.609 -137.641 -5.42963 0.5
4 479.262 -145.514 -13.1358 0.5
4 460.845 -107.156 6.10646 0.5
4 482.349 -163.932 13.8205 0.5
4 474.276 -132.207 -9.1145 0.5
5 554.616 -83.7385 10.8685 0.5
5 544.705 -96.247 0.3029 0.5
5 540.842 -110.463 13.0066 0.5
5 507.701 -174.209 -14.9576 0.5
5 521.468 -136.922 3.56605 0.5
5 531.138 -148.005 7.00759 0.5
5 535.298 -141.026 -6.56119 0.5
5 537.17 -117.891 13.5641 0.5
5 527.36 -130.793 -10.718 0.5
5 542.065 -108.805 13.2606 0.5
5 515.551 -175.605 5.72397 0.5
5 535.514 -138.611 -9.69221 0.5
5 511.045 -166.591 -14.7064 0.5
5 528.378 -153.154 -6.26214 0.5
5 508.029 -168.907 -13.8077 0.5
5 540.047 -124.645 -14.0201 0.5
5 507.087 -169.733 13.4372 0.5
5 549.229 -88.7566 3.21189 0.5
5 500.91 -174.14 7.55291 0.5
5 513.505 -180.235 -1.20624 0.5
5 516.519 -173.832 5.95237 0.5
5 538.308 -120.108 -14.8355 0.5
5 524.499 -132.233 -5.36294 0.5
5 548.988 -98.1764 13.8959 0.5
5 553.913 -99.7346 -14.3282 0.5
5 524.177 -153.393 -13.4729 0.5
5 520.935 -151.756 -14.9855 0.5
5 506.281 -164.37 6.69017 0.5
5 507.925 -167.661 -13.1106 0.5
5 548.923 -118.936 0.250701 0.5
5 545.691 -101.813 -12.8588 0.5
5 500.572 -201.568 5.6776 0.5
5 519.955 -150.694 -14.6052 0.5
5 521.878 -165.01 4.74859 0.5
5 525.193 -158.964 -5.57867 0.5
5 514.156 -177.182 -7.43947 0.5
5 552.039 -111.793 7.02528 0.5
5 552.338 -99.359 14.9403 0.5
5 515.434 -149.775 -8.77255 0.5
5 547.742 -95.4757 10.7037 0.5
5 515.75 -146.584 2.37035 0.5
5 511.716 -163.55 -14.2004 0.5
5 502.066 -199.735 3.27242 0.5
5 511.95 -162.385 -13.919 0.5
5 507.403 -167.951 12.7502 0.5
5 529.189 -139.97 -14.8854 0.5
5 510.529 -161.434 11.9961 0.5
5 531.327 -122.931 -9.64997 0.5
5 545.43 -113.5 -14.583 0.5
5 546.668 -106.759 -14.9608 0.5
5 545.943 -114.55 13.975 0.5
5 549.84 -117.343 -0.446153 0.5
5 500.895 -182.681 -14.3267 0.5
5 514.56 -157.05 -13.563 0.5
5 525.777 -158.844 -2.34447 0.5
5 543.959 -112.45 -14.9998 0.5
5 524.071 -153.738 13.3928 0.5
5 540.444 -108.256 10.8398 0.5
5 545.782 -123.22 -5.78251 0.5
5 546.11 -99.063 -11.4009 0.5
5 514.944 -148.148 3.2498 0.5
5 503.688 -192.494 -10.9913 0.5
5 511.677 -182.869 4.13157 0.5
5 501.474 -191.657 13.9416 0.5
5 509.708 -184.777 -7.62535 0.5
5 504.507 -191.843 -10.2259 0.5
5 523.964 -132.208 -1.09489 0.5
5 535.986 -122.559 14.5142 0.5
5 549.108 -91.2416 -8.47488 0.5
5 521.383 -163.637 -9.0021 0.5
5 534.539 -141.418 8.19131 0.5
5 533.55 -128.89 -14.9062 0.5
5 513.146 -176.789 -10.3219 0.5
5 547.566 -119.758 6.60242 0.5
5 517.558 -173.102 2.19688 0.5
5 509.373 -159.411 7.43253 0.5
5 542.551 -101.65 -6.89056 0.5
5 531.917 -119.35 5.27002 0.5
5 552.426 -97.044 -14.9772 0.5
5 551.138 -114.958 2.07661 0.5
5 535.699 -134.628 12.8211 0.5
5 547.578 -120.39 -5.05389 0.5
5 537.113 -109.529 -2.01359 0.5
5 510.76 -174.469 14.3306 0.5
5 507.753 -170.154 14.1091 0.5
5 522.748 -137.171 8.86053 0.5
5 535.886 -128.195 -14.906 0.5
5 506.547 -176.697 -14.9864 0.5
5 530.024 -121.754 -1.56099 0.5
5 506.92 -164.748 9.07666 0.5
5 523.991 -157.762 10.5723 0.5
5 511.132 -182.746 -6.8351 0.5
6 600.815 -101.232 -12.1605 0.5
6 586.876 -105.976 -6.48464 0.5
6 598.323 -89.3952 -14.6856 0.5
6 661.129 -106.264 -5.84624 0.5
6 611.979 -106.253 -5.87245 0.5
6 598.433 -77.8341 3.37254 0.5
6 623.304 -106.419 5.46453 0.5
6 649.264 -86.3563 -13.7064 0.5
6 566.378 -77.471 -0.791294 0.5
6 558.245 -100.855 12.4239 0.5
6 646.615 -78.4657 5.42558 0.5
6 565.334 -84.2738 12.5757 0.5
6 569.325 -78.7607 6.13193 0.5
6 653.233 -96.1229 -14.5434 0.5
6 605.862 -77.7715 3.08859 0.5
6 618.047 -85.5656 -13.3268 0.5
6 559.038 -104.071 9.48448 0.5
6 574.218 -100.65 12.5603 0.5
6 648.627 -104.508 -8.92193 0.5
6 609.296 -77.9584 -3.87165 0.5
6 642.912 -104.523 8.90146 0.5
6 653.279 -106.21 -5.97205 0.5
6 584.747 -104.835 -8.4628 0.5
6 619.382 -102.378 11.244 0.5
6 666.051 -78.9341 -6.50529 0.5
6 663.737 -101.928 -11.6258 0.5
6 589.715 -96.2394 14.5135 0.5
6 630.205 -102.455 -11.1761 0.5
6 632.413 -99.5672 13.204 0.5
6 593.56 -94.8107 -14.8131 0.5
6 628.095 -99.7504 13.1036 0.5
6 582.774 -78.1627 -4.5684 0.5
6 569.824 -78.7267 -6.05544 0.5
6 584.925 -103.728 -9.89021 0.5
6 634.963 -96.3386 14.4872 0.5
6 618.088 -102.93 -10.732 0.5
6 654.047 -99.4286 -13.2778 0.5
6 585.558 -80.7212 9.35057 0.5
6 652.114 -80.5146 -9.08539 0.5
6 559.968 -86.8963 13.9339 0.5
6 620.446 -98.2803 13.8206 0.5
6 623.668 -106.006 6.42261 0.5
6 583.064 -99.5246 -13.2269 0.5
6 597.883 -107.231 2.55301 0.5
6 657.178 -89.5034 14.7077 0.5
6 588.86 -94.8459 -14.8074 0.5
6 556.934 -77.5063 1.2977 0.5
6 611.978 -77.5183 -1.42915 0.5
6 559.307 -78.9099 -6.45481 0.5
6 640.73 -80.9857 -9.67303 0.5
6 578.298 -104.91 8.35233 0.5
6 564.056 -105.877 -6.68628 0.5
6 583.914 -81.7686 10.5312 0.5
6 660.642 -103.018 10.6447 0.5
6 658.612 -95.9617 -14.5832 0.5
6 652.984 -97.1535 14.2435 0.5
6 641.661 -103.812 9.7935 0.5
6 561.899 -88.8523 -14.5621 0.5
6 635.282 -95.337 14.7196 0.5
6 642.04 -80.3678 -8.88918 0.5
6 556.464 -106.406 5.49938 0.5
6 640.18 -107.401 1.21599 0.5
6 657.112 -87.9885 14.3211 0.5
6 588.243 -107.448 0.237814 0.5
6 581.974 -95.2185 -14.7423 0.5
6 628.041 -104.582 -8.82153 0.5
6 568.487 -105.417 7.54105 0.5
6 569.326 -107.398 1.25056 0.5
6 646.857 -105.662 7.10202 0.5
6 571.592 -79.5705 7.68875 0.5
6 613.366 -78.657 -5.89507 0.5
6 589.089 -83.8064 -12.2591 0.5
6 664.736 -90.1768 14.8267 0.5
6 578.088 -97.6505 -14.0697 0.5
6 609.1 -101.509 11.9558 0.5
6 656.217 -88.9033 -14.5746 0.5
6 596.849 -79.4828 -7.53984 0.5
6 573.138 -103.435 10.2141 0.5
6 646.663 -80.0804 -8.48479 0.5
6 582.347 -105.626 7.16859 0.5
6 623.615 -102.492 -11.1427 0.5
6 614.197 -107.26 -2.38143 0.5
6 597.762 -78.3358 5.07805 0.5
6 623.315 -89.8033 14.7646 0.5
6 611.853 -94.6915 -14.8316 0.5
6 622.929 -85.1663 -13.1128 0.5
6 563.307 -81.7643 -10.5268 0.5
6 660.566 -90.81 14.9101 0.5
6 644.156 -79.3841 7.36754 0.5
6 593.875 -94.4127 14.8711 0.5
6 655.28 -105.227 -7.85781 0.5
6 598.672 -104.84 8.45503 0.5
6 557.015 -96.3678 14.4794 0.5
6 646.548 -89.0065 -14.5994 0.5
6 606.751 -78.1747 4.60577 0.5
6 573.722 -88.7071 -14.5255 0.5
6 566.949 -106.551 5.11497 0.5
6 629.427 -97.9196 13.9672 0.5
6 656.378 -101.529 -11.9406 0.5
7 633.622 -39.1191 -14.483 0.5
7 623.275 -18.9153 14.9121 0.5
7 646.257 -47.0798 11.1624 0.5
7 647.612 -66.5486 -13.2121 0.5
7 638.194 -44.8285 -14.9039 0.5
7 644.428 -68.4548 -3.75437 0.5
7 618.714 -6.25801 14.6686 0.5
7 658.922 -87.3451 12.488 0.5
7 639.91 -58.1241 -8.97687 0.5
7 636.186 -50.2367 -10.6327 0.5
7 621.906 -26.4185 9.63613 0.5
7 642.641 -58.1177 13.1146 0.5
7 618.744 -0.0182162 -11.6666 0.5
7 632.147 -26.3036 13.5869 0.5
7 663.716 -100.941 6.32579 0.5
7 629.687 -35.0119 13.4641 0.5
7 627.362 -31.6099 -13.1386 0.5
7 663.925 -77.4152 10.9174 0.5
7 633.664 -38.8468 14.5715 0.5
7 664.319 -102.722 -4.4098 0.5
7 618.288 4.59368 7.03287 0.5
7 614.114 -9.12628 -12.8728 0.5
7 653.6 -83.7165 -5.64388 0.5
7 654.15 -66.8197 -14.4702 0.5
7 647.115 -52.3526 13.6433 0.5
7 640.568 -60.0593 7.79873 0.5
7 627.354 -35.0942 10.4753 0.5
7 654.835 -57.155 -2.42933 0.5
7 622.971 -24.2814 -12.982 0.5
7 651.412 -53.2173 7.80146 0.5
7 665.015 -86.8155 -14.7414 0.5
7 627.904 -15.3935 11.2532 0.5
7 648.902 -75.7587 5.17723 0.5
7 650.231 -78.3963 -4.15336 0.5
7 649.087 -60.7443 14.9472 0.5
7 633.216 -33.202 -14.9427 0.5
7 631.649 -16.9964 2.4342 0.5
7 638.621 -29.2108 3.16649 0.5
7 639.059 -53.9409 -11.7615 0.5
7 652.74 -79.6757 -9.81023 0.5
7 636.123 -26.7963 7.90119 0.5
7 611.695 -7.0902 -11.3092 0.5
7 646.584 -45.825 -9.20834 0.5
7 648.607 -48.3922 -7.85577 0.5
7 613.639 0.390538 -14.967 0.5
7 615.814 6.7479 10.0689 0.5
7 639.017 -50.2847 -13.8645 0.5
7 612.272 11.4141 -11.4839 0.5
7 618.362 -21.8944 -7.2876 0.5
7 652.925 -61.6599 13.2721 0.5
7 643.058 -40.3898 10.012 0.5
7 611.944 -12.2629 3.45792 0.5
7 664.141 -76.6042 9.66449 0.5
7 635.143 -42.7501 14.1766 0.5
7 663.955 -97.3274 11.5465 0.5
7 659.031 -86.774 -12.9614 0.5
7 614.832 8.71741 -9.76377 0.5
7 647.079 -67.8639 -11.7367 0.5
7 630.967 -27.3295 14.6353 0.5
7 644.888 -56.8552 -14.8485 0.5
7 639.707 -59.0368 -6.97007 0.5
7 625.334 -10.3819 -10.7338 0.5
7 622.459 -9.01908 13.3393 0.5
7 612.814 -8.82246 11.4861 0.5
7 655.047 -87.1006 -2.57672 0.5
7 645.378 -40.8905 3.04738 0.5
7 628.134 -23.0978 14.7709 0.5
7 629.523 -29.8893 14.8948 0.5
7 631.86 -42.7202 -10.6554 0.5
7 631.776 -21.9971 11.1616 0.5
7 659.688 -95.1061 2.76562 0.5
7 665.719 -85.1932 -13.9093 0.5
7 613.93 13.5989 -2.95239 0.5
7 624.916 -5.31046 -2.27846 0.5
7 655.287 -87.7153 0.856678 0.5
7 623.218 -30.82 6.27171 0.5
8 645.214 77.7818 1.35554 0.5
8 642.619 71.0885 -7.91648 0.5
8 643.821 52.7342 -12.8749 0.5
8 640.332 41.6928 -7.9902 0.5
8 623.19 17.8978 -13.3711 0.5
8 632.568 53.3418 8.43625 0.5
8 624.485 14.1071 7.76876 0.5
8 613.08 10.3381 -14.6649 0.5
8 662.681 96.9743 14.4902 0.5
8 614.986 24.7122 -4.75584 0.5
8 654.111 86.0146 -12.8363 0.5
8 659.66 102.031 4.92896 0.5
8 664.367 100.691 -14.2533 0.5
8 635.056 52.9595 -12.8666 0.5
8 618.721 10.6124 13.5924 0.5
8 615.874 4.27516 12.8434 0.5
8 663.698 90.3128 14.2947 0.5
8 661.128 102.322 -9.11224 0.5
8 655.87 89.5921 12.4998 0.5
8 623.048 14.8329 -11.5115 0.5
8 643.206 63.6216 14.3836 0.5
8 619.545 25.0928 13.4155 0.5
8 615.064 -0.13565 -10.4531 0.5
8 626.143 20.665 11.8895 0.5
8 663.09 105.831 8.96466 0.5
8 611.646 18.0919 6.75924 0.5
8 647.047 61.9732 -14.4444 0.5
8 612.759 17.8931 -9.90666 0.5
8 650.138 86.2919 1.54739 0.5
8 633.111 47.9489 13.7175 0.5
8 616.702 26.9721 6.51073 0.5
8 629.991 51.3094 -2.22318 0.5
8 660.849 104.894 -0.928321 0.5
8 616.67 27.9195 -3.77536 0.5
8 635.16 58.9176 -6.56308 0.5
8 613.814 20.6092 8.79368 0.5
8 665.519 88.8199 -11.8538 0.5
8 632.925 55.9852 4.10425 0.5
8 614.552 -5.24226 -0.831973 0.5
8 650.368 56.7717 0.18535 0.5
8 626.68 34.8267 14.433 0.5
8 615.21 19.9846 11.917 0.5
8 634.694 59.2871 3.15329 0.5
8 623.92 14.1898 -9.29805 0.5
8 655.479 80.1371 -14.9921 0.5
8 653.992 81.5656 14.5814 0.5
8 636.903 36.9632 -9.64938 0.5
8 614.659 -4.64165 3.60039 0.5
8 617.014 3.47577 -10.6884 0.5
8 655.546 88.3548 12.9225 0.5
8 660.95 95.3165 -14.0634 0.5
8 644.586 58.4347 -14.6277 0.5
8 643.328 57.9229 14.9085 0.5
8 614.159 5.40688 14.55 0.5
8 655.087 83.4269 -14.5899 0.5
8 642.878 58.9746 14.999 0.5
8 624.859 34.9146 -13.088 0.5
8 617.481 5.36869 -11.6583 0.5
8 624.196 15.9354 10.7094 0.5
8 655.753 66.3786 -2.89047 0.5
8 637.453 36.5301 -7.70476 0.5
8 638.932 59.3068 -13.0793 0.5
8 630.515 35.4904 14.8801 0.5
8 654.355 64.4407 -4.72891 0.5
8 644.995 59.801 -14.7617 0.5
8 660.87 80.8432 -11.9117 0.5
8 622.658 38.3374 3.59811 0.5
8 621.709 16.2452 -13.7973 0.5
8 654.11 90.5151 8.63678 0.5
8 612.112 5.52942 -15 0.5
8 613.109 21.3669 -5.02913 0.5
8 649.864 75.3188 -14.3333 0.5
8 652.625 68.2511 13.0319 0.5
8 639.845 66.3196 7.86034 0.5
8 639.619 64.6466 -9.637 0.5
8 664.437 102.423 13.6199 0.5
8 642.543 57.0681 -14.9559 0.5
8 625.802 43.306 -5.15827 0.5
8 656.855 88.3107 -14.0306 0.5
8 643.037 54.4591 -14.2728 0.5
8 629.451 34.386 14.9556 0.5
8 633.417 37.6754 14.2331 0.5
8 624.658 31.5845 14.3567 0.5
8 638.304 58.8815 12.6839 0.5
8 613.271 19.0701 9.56538 0.5
8 630.833 45.124 -13.1643 0.5
8 632.466 55.7265 1.05022 0.5
8 634.594 29.8545 -3.46535 0.5
8 628.401 19.1154 3.41338 0.5
8 620.774 29.2765 -12.1731 0.5
8 652.221 62.5534 8.40314 0.5
8 647.966 53.7855 5.82345 0.5
8 612.868 0.265271 -13.493 0.5
9 956.867 112.449 8.36769 0.5
9 668.424 102.39 14.8084 0.5
9 743.491 107.212 -13.1526 0.5
9 865.189 104.215 -14.3957 0.5
9 752.344 96.3658 -14.5531 0.5
9 694.779 114.065 -5.21366 0.5
9 691.618 89.9441 11.1301 0.5
9 702.199 103.023 -14.6922 0.5
9 901.243 88.8314 -10.0131 0.5
9 891.913 113.274 -6.98514 0.5
9 996.968 100.589 -14.9884 0.5
9 855.346 89.1377 -10.3445 0.5
9 987.721 114.167 -4.92779 0.5
9 818.725 109.333 11.743 0.5
9 790.666 114.667 -3.14192 0.5
9 929.754 88.3441 9.44137 0.5
9 986.856 114.785 2.5282 0.5
9 863.431 101.639 14.9102 0.5
9 761.66 85.3471 3.20828 0.5
9 689.057 85.1633 2.20747 0.5
9 951.154 112.354 8.50812 0.5
9 667.872 114.564 3.59223 0.5
9 684.895 89.6709 -10.877 0.5
9 999.36 92.7065 -13.1074 0.5
9 708.636 88.2692 -9.34812 0.5
9 795.007 114.174 4.90965 0.5
9 806.004 91.9226 12.6394 0.5
9 704.054 101.539 -14.9208 0.5
9 998.925 114.375 4.28542 0.5
9 718.751 90.4455 -11.5634 0.5
9 756.67 85.6633 -4.41124 0.5
9 762.471 92.3323 -12.8921 0.5
9 855.497 93.5461 -13.5406 0.5
9 762.218 107.317 13.0941 0.5
9 858.622 110.281 10.9229 0.5
9 836.928 90.6741 -11.7485 0.5
9 998.506 110.253 -10.9493 0.5
9 759.978 102.065 -14.8571 0.5
9 752.094 100.777 14.9799 0.5
9 809.378 114.336 -4.41505 0.5
9 959.785 105.452 13.974 0.5
9 688.685 95.0368 14.1551 0.5
9 715.011 103.425 -14.6038 0.5
9 921.6 109.834 -11.327 0.5
9 978.834 97.5531 14.7991 0.5
9 897.434 91.6814 12.482 0.5
9 965.104 109.181 11.8622 0.5
9 949.646 87.2053 7.82919 0.5
9 820.107 85.0023 -0.265279 0.5
9 704.599 85.0127 0.618307 0.5
9 757.585 113.32 6.8968 0.5
9 893.844 108.115 12.6152 0.5
9 678.162 103.01 14.6948 0.5
9 982.901 95.711 14.3737 0.5
9 832.975 87.127 7.69971 0.5
9 830.795 109.637 -11.4946 0.5
9 876.068 89.1695 10.3778 0.5
9 929.853 102.257 -14.8292 0.5
9 723.035 90.8189 -11.862 0.5
9 780.364 94.8671 14.0944 0.5
9 925.38 102.303 14.8222 0.5
9 676.696 100.243 -14.998 0.5
9 840.295 85.4751 3.74544 0.5
9 945.558 98.3814 -14.9124 0.5
9 963.546 88.4825 9.60974 0.5
9 971.833 98.9746 -14.9649 0.5
9 777.974 98.2669 14.8995 0.5
9 824.003 101.218 -14.9504 0.5
9 867.484 92.8367 -13.179 0.5
9 976.569 89.3738 10.5869 0.5
9 997.319 93.1984 -13.3693 0.5
9 799.085 87.4428 -8.20471 0.5
9 802.11 114.69 -3.03305 0.5
9 863.726 97.7864 -14.8358 0.5
9 890.657 96.796 14.6538 0.5
9 971.723 113.809 -5.8574 0.5
9 956.353 108.737 -12.193 0.5
9 723.095 94.2739 -13.864 0.5
9 916.673 98.2598 14.8987 0.5
9 875.849 112.621 8.10629 0.5
9 757.295 98.6914 -14.9428 0.5
9 710.503 105.786 -13.8391 0.5
9 767.662 88.5853 -9.73165 0.5
9 666.901 111.915 9.11196 0.5
9 739.066 89.137 -10.3438 0.5
