0 81.529 98.2489 14.8974 0.5
0 56.8104 114.98 0.771337 0.5
0 56.9565 108.653 12.2529 0.5
0 95.0832 89.1044 10.3095 0.5
0 5.47953 92.1952 12.8095 0.5
0 46.6403 91.4104 -12.2971 0.5
0 15.1994 114.88 1.89591 0.5
0 85.9351 92.729 13.12 0.5
0 103.755 106.641 -13.4496 0.5
0 39.63 87.6905 -8.57179 0.5
0 100.08 98.0893 -14.8778 0.5
0 24.4066 104.893 14.1794 0.5
0 86.8464 109.112 -11.9155 0.5
0 43.4378 114.501 3.83587 0.5
0 66.6891 85.4053 -3.4633 0.5
0 77.7483 90.8508 -11.8866 0.5
0 27.8607 112.065 -8.91323 0.5
0 13.267 114.019 5.33441 0.5
0 40.8914 97.6641 -14.817 0.5
0 73.2155 105.79 -13.8377 0.5
0 109.22 114.77 2.61806 0.5
0 20.3935 113.963 5.48044 0.5
0 26.4743 92.1491 12.7814 0.5
0 10.5612 90.1073 11.2754 0.5
0 21.683 109.083 11.9371 0.5
0 3.66111 85.8142 -4.87462 0.5
0 23.2663 113.653 -6.21361 0.5
0 9.17621 105.471 -13.9666 0.5
0 100.189 114.869 -1.97667 0.5
0 43.6649 105.868 13.8044 0.5
0 36.4468 85.0213 -0.798506 0.5
0 87.7953 85.75 -4.68389 0.5
0 31.9459 88.8712 -10.0573 0.5
0 44.4726 95.83 -14.4087 0.5
0 72.8128 90.3613 -11.4933 0.5
0 95.2554 114.865 -2.00928 0.5
0 28.6176 85.0842 1.58735 0.5
0 1.1114 105.392 -13.9973 0.5
0 108.651 113.775 -5.9365 0.5
0 88.4688 94.5821 13.9874 0.5
0 32.3896 110.938 -10.2643 0.5
0 39.6755 85.831 4.92348 0.5
1 130.757 80.8615 1.82037 0.5
1 158.67 4.24066 6.77112 0.5
1 161.042 4.63402 -12.0868 0.5
1 148.41 20.6744 2.87815 0.5
1 123.258 93.2565 -4.54313 0.5
1 162.849 -2.52695 7.6314 0.5
1 114.346 98.4349 -14.4462 0.5
1 159.291 7.57645 -12.0202 0.5
1 116.481 105.471 2.60877 0.5
1 151.417 45.0296 2.18002 0.5
1 117.081 83.4232 13.6422 0.5
1 118.982 100.975 -3.41229 0.5
1 164.344 -6.44223 4.71382 0.5
1 145.915 52.5668 7.73896 0.5
1 143.373 47.7026 14.5659 0.5
1 127.423 77.5267 -13.8418 0.5
1 158.692 16.5359 14.9631 0.5
1 133.032 59.5956 14.8007 0.5
1 149.128 40.9808 -13.3561 0.5
1 158.169 16.2023 -14.8241 0.5
1 164.582 -6.29762 -6.14644 0.5
1 161.153 0.658489 -8.03487 0.5
1 133.965 70.4946 -11.1095 0.5
1 126.762 71.2061 14.905 0.5
1 131.666 71.4734 13.2262 0.5
1 148.131 48.1404 -8.64112 0.5
1 130.621 77.6029 9.7539 0.5
1 117.443 102.126 7.3203 0.5
1 137.444 65.5714 -9.99864 0.5
1 152.563 19.0208 11.8615 0.5
1 119.283 84.0424 14.8911 0.5
1 160.089 12.11 -14.6852 0.5
1 123.422 89.3442 -10.5463 0.5
1 160.397 29.2631 3.31516 0.5
1 154.144 11.5205 -5.52547 0.5
1 142.401 32.0955 -6.08712 0.5
1 157.644 10.3393 11.9529 0.5
1 143.943 30.7387 -8.44855 0.5
1 129.745 82.265 3.68549 0.5
1 132.69 48.2967 -4.44111 0.5
2 167.535 5.50316 14.9983 0.5
2 219.925 107.663 -9.459 0.5
2 167.96 -3.50756 11.5893 0.5
2 216.092 98.9747 -11.5316 0.5
2 174.968 33.0918 -1.34823 0.5
2 209.205 77.4674 -15 0.5
2 187.015 48.9566 -11.2359 0.5
2 189.864 45.1324 14.9536 0.5
2 216.962 96.1564 -14.0446 0.5
2 198.305 71.0414 8.34008 0.5
2 216.8 82.7776 12.7934 0.5
2 169.841 24.1503 1.90832 0.5
2 175.354 21.9256 -14.6756 0.5
2 211.184 68.3299 -8.2124 0.5
2 187.378 43.2918 -14.5508 0.5
2 178 20.337 14.6828 0.5
2 178.377 23.2763 14.9796 0.5
2 198.081 72.6821 -3.85398 0.5
2 207.101 88.7797 -0.95211 0.5
2 184.804 41.2303 13.7299 0.5
2 193.896 51.811 14.9745 0.5
2 169.344 -4.97035 6.77512 0.5
2 204.364 54.0796 0.568402 0.5
2 218.398 104.974 -9.51238 0.5
2 190.942 40.3025 -13.9478 0.5
2 175.474 17.2705 -14.8964 0.5
2 201.395 55.562 -12.4515 0.5
2 193.829 46.7906 -14.448 0.5
2 186.197 27.4679 11.059 0.5
2 184.038 48.8622 0.0827212 0.5
2 198.23 44.8345 6.30831 0.5
2 200.448 73.0301 -10.4678 0.5
2 219.181 104.783 -11.135 0.5
2 167.161 -2.06792 -13.421 0.5
2 173.948 1.4545 -1.42084 0.5
2 185.018 21.8014 5.97414 0.5
2 203.36 61.4457 13.7975 0.5
2 194.663 41.7162 -10.6634 0.5
2 184.282 43.6841 -11.6901 0.5
2 172.126 25.4007 -8.76803 0.5
2 170.246 21.9326 9.0555 0.5
2 196.075 42.3753 -8.53266 0.5
2 192.912 58.2791 -11.966 0.5
2 215.939 101.021 -9.12819 0.5
2 212.516 69.7754 -6.71459 0.5
2 215.575 74.1661 -4.46577 0.5
2 218.208 99.2518 13.6564 0.5
3 326.829 85.6567 -4.38975 0.5
3 253.164 93.5571 -13.5458 0.5
3 309.026 107.995 -12.6915 0.5
3 268.808 86.4122 6.35387 0.5
3 310.407 98.9213 14.9612 0.5
3 238.971 92.6968 -13.102 0.5
3 254.273 105.659 13.8914 0.5
3 313.857 106.615 13.4625 0.5
3 224.222 114.826 -2.27627 0.5
3 327.927 91.8744 -12.6085 0.5
3 308.558 110.282 -10.9213 0.5
3 273.828 98.4615 14.9209 0.5
3 248.605 111.311 9.85216 0.5
3 327.226 114.054 5.24375 0.5
3 256.774 88.8331 10.015 0.5
3 307.342 114.509 3.80666 0.5
3 266.969 113.18 7.16136 0.5
3 305.41 111.444 -9.69688 0.5
3 246.285 85.0358 -1.03639 0.5
3 237.343 87.2389 -7.88376 0.5
3 250.95 109.74 11.4072 0.5
3 232.424 105.555 13.9336 0.5
3 330.443 89.9772 11.1599 0.5
3 225.904 112.554 8.21005 0.5
3 324.563 112.644 8.06971 0.5
3 252.953 99.5815 -14.9942 0.5
3 241.029 107.152 -13.1854 0.5
3 292.84 90.7485 11.8072 0.5
3 299.186 88.9762 -10.1723 0.5
3 245.65 108.324 -12.4783 0.5
3 282.683 99.0362 14.969 0.5
3 249.384 110.872 10.3342 0.5
3 268.334 89.7354 -10.9379 0.5
3 229.832 85.4164 -3.50987 0.5
3 316.906 85.0788 -1.53571 0.5
3 252.746 112.098 -8.8678 0.5
3 321.423 101.328 -14.9411 0.5
3 302.863 112.408 -8.42903 0.5
3 236.205 109.332 -11.7433 0.5
3 302.537 85.0014 0.201687 0.5
3 238.514 114.734 -2.81344 0.5
3 242.634 90.4047 11.5296 0.5
3 255.394 107.422 -13.0349 0.5
3 303.272 86.7462 -7.02394 0.5
3 263.447 114.574 -3.55072 0.5
3 316.773 114.978 0.819627 0.5
3 322.77 86.6811 -6.89977 0.5
3 328.862 95.7824 -14.3948 0.5
3 301.388 85.0855 1.59894 0.5
3 286.996 111.304 -9.86054 0.5
3 256.189 89.1372 -10.3441 0.5
3 234.741 99.2579 -14.9816 0.5
4 364.553 31.0597 -1.99822 0.5
4 344.234 72.7828 12.4696 0.5
4 337.235 106.6 -6.82365 0.5
4 345.196 74.8238 -14.2676 0.5
4 361.251 55.1325 14.589 0.5
4 336.751 79.3328 2.74033 0.5
4 351.078 67.17 14.8528 0.5
4 367.057 26.6465 -1.30747 0.5
4 388.583 15.1402 10.3732 0.5
4 349.004 64.5627 12.4974 0.5
4 388.26 -8.60686 6.59609 0.5
4 358.873 42.4339 6.87824 0.5
4 348.229 82.0444 -12.7856 0.5
4 379.624 33.1154 -6.94801 0.5
4 377.573 37.8524 -3.92636 0.5
4 367.575 55.6454 -1.18336 0.5
4 365.415 51.4464 -13.259 0.5
4 346.692 91.7065 -2.15851 0.5
4 345.939 63.185 0.757603 0.5
4 345.019 68.5739 9.99317 0.5
4 386.56 -5.08533 7.66334 0.5
4 349.548 60.7508 -10.0178 0.5
4 348.519 83.2536 -11.5626 0.5
4 357.252 58.8231 -14.9979 0.5
4 376.194 13.8247 -9.08239 0.5
4 351.991 52.7122 -0.909215 0.5
4 371.178 30.6521 14.5108 0.5
4 338.116 94.0014 -14.8249 0.5
4 373.011 16.6891 3.49549 0.5
4 362.989 54.6298 13.75 0.5
4 353.781 49.6189 -1.03413 0.5
4 338.678 90.2747 -14.9927 0.5
4 364.366 40.0482 13.658 0.5
4 385.04 25.3227 -1.87907 0.5
4 367.482 52 -10.0366 0.5
4 348.856 75.8146 -14.7548 0.5
4 384.885 3.96002 13.3951 0.5
4 359.829 53.3954 -14.9831 0.5
4 387.943 20.1925 -2.56746 0.5
4 337.081 78.6346 -1.94297 0.5
4 376.365 28.0217 14.7807 0.5
4 342.807 97.7451 4.9668 0.5
4 335.37 90.2443 13.6455 0.5
4 374.605 21.3989 -13.2044 0.5
4 388.495 13.6137 11.8805 0.5
4 382.995 4.85496 -11.9026 0.5
4 336.252 109.438 -3.86415 0.5
4 361.958 50.4195 15 0.5
4 350.733 80.3984 10.6773 0.5
4 382.718 28.9317 3.95535 0.5
5 335.382 -103.793 1.80543 0.5
5 374.995 -17.3734 14.7139 0.5
5 357.175 -37.4179 -6.02323 0.5
5 337.364 -96.1062 -10.5756 0.5
5 365.317 -36.5618 14.9919 0.5
5 377.351 -11.4594 -14.228 0.5
5 333.849 -93.7569 14.8379 0.5
5 361.862 -55.3324 -8.59192 0.5
5 354.556 -65.4804 11.3662 0.5
5 333.686 -100.206 -12.4498 0.5
5 374.104 -32.6996 10.341 0.5
5 335.75 -74.5667 -6.1119 0.5
5 380.204 3.71733 0.67628 0.5
5 383.9 5.29745 11.0315 0.5
5 382.259 -3.00809 14.2448 0.5
5 380.122 2.59952 -5.36004 0.5
5 364.076 -50.1527 10.2509 0.5
5 380.857 -24.3929 4.66289 0.5
5 380.869 -24.6076 -3.86962 0.5
5 370.318 -31.8039 -14.6066 0.5
5 378.995 -10.7303 14.7673 0.5
5 368.446 -42.2082 -10.6372 0.5
5 384.869 -16.7279 -6.45342 0.5
5 343.03 -85.2194 -11.5545 0.5
5 357.14 -65.8939 -3.09134 0.5
5 364.669 -52.9992 2.29294 0.5
5 367.426 -30.5182 14.7206 0.5
5 343.038 -80.841 -14.0699 0.5
5 363.239 -53.9242 -6.98896 0.5
5 369.543 -42.76 7.43588 0.5
5 358.059 -57.4309 -12.8083 0.5
5 375.52 -4.56602 2.35371 0.5
5 386.127 -15.9676 -1.11219 0.5
5 360.223 -33.3591 8.26733 0.5
5 351.624 -74.9088 5.00831 0.5
5 365.633 -33.9007 -14.7722 0.5
5 346.984 -53.8551 -1.20563 0.5
5 385.635 -16.5596 -2.99024 0.5
5 368.741 -45.1171 -5.39839 0.5
5 357.4 -42.3356 -12.4077 0.5
5 350.452 -76.8267 -5.31668 0.5
5 353.531 -70.5105 7.40539 0.5
5 368.798 -16.3018 -2.87856 0.5
5 367.042 -27.7396 -13.601 0.5
5 340.061 -88.971 12.5777 0.5
5 366.37 -46.8605 9.47122 0.5
6 393.466 -105.441 7.49992 0.5
6 360.7 -107.235 2.52938 0.5
6 415.575 -83.0795 -11.7129 0.5
6 398.218 -106.543 -5.13749 0.5
6 402.467 -105.205 -7.89424 0.5
6 384.226 -99.0272 -13.4812 0.5
6 384.009 -86.1405 13.6084 0.5
6 365.773 -89.6057 14.7278 0.5
6 393.535 -79.1192 6.87651 0.5
6 345.528 -107.276 2.27927 0.5
6 435.173 -77.4799 0.945662 0.5
6 441.851 -77.78 -3.12843 0.5
6 438.841 -95.7089 -14.6417 0.5
6 351.025 -96.1305 -14.5415 0.5
6 393.625 -94.3167 -14.8834 0.5
6 386.906 -88.3209 14.4205 0.5
6 421.289 -91.7746 14.9848 0.5
6 413.462 -86.1182 13.5981 0.5
6 360.047 -106.19 -6.0172 0.5
6 419.592 -78.8636 6.35658 0.5
6 372.048 -105.197 -7.90648 0.5
6 433.284 -81.069 9.77089 0.5
6 444.27 -87.1835 -14.045 0.5
6 346.36 -88.8129 -14.5524 0.5
6 393.006 -104.697 8.66149 0.5
6 412.041 -103.455 -10.193 0.5
6 344.042 -86.7778 -13.8862 0.5
6 352.728 -104.056 9.50243 0.5
6 391.938 -80.3375 -8.84796 0.5
6 406.357 -87.828 14.2701 0.5
6 423.8 -95.7789 -14.626 0.5
6 374.168 -101.903 11.6469 0.5
6 387.329 -96.3247 -14.491 0.5
6 351.552 -100.624 12.577 0.5
6 420.254 -80.4904 -9.05351 0.5
6 374.987 -94.0269 14.9169 0.5
6 404.603 -78.879 -6.38954 0.5
6 417.141 -95.3101 -14.7248 0.5
6 349.853 -96.0605 -14.559 0.5
6 393.151 -79.3687 -7.34007 0.5
6 394.02 -105.81 -6.82023 0.5
6 393.986 -78.6753 -5.93765 0.5
6 421.891 -86.6131 -13.8177 0.5
6 375.441 -82.9381 11.5984 0.5
6 412.095 -100.415 -12.7109 0.5
6 416.133 -88.4969 14.4697 0.5
6 384.597 -88.5436 -14.4824 0.5
6 368.343 -86.2568 -13.6617 0.5
6 391.777 -86.4866 -13.7636 0.5
7 499.734 -173.219 0.379089 0.5
7 474.157 -131.048 -7.71099 0.5
7 469.022 -147.024 8.99524 0.5
7 496.853 -195.88 8.05298 0.5
7 447.395 -104.927 13.0671 0.5
7 486.651 -158.096 13.0144 0.5
7 456.913 -120.602 13.4914 0.5
7 481.428 -160.945 -14.3284 0.5
7 472.324 -148.939 -12.561 0.5
7 464.508 -118.895 12.4902 0.5
7 448.527 -86.6989 7.78488 0.5
7 493.791 -162.922 0.169538 0.5
7 487.4 -181.096 4.69914 0.5
7 482.476 -165.656 -13.0859 0.5
7 482.966 -145.893 6.97894 0.5
7 481.817 -142.357 -2.28847 0.5
7 465.63 -125.51 -14.5531 0.5
7 460.106 -130.628 10.1419 0.5
7 484.479 -176.204 -4.15744 0.5
7 451.263 -91.6202 -8.07686 0.5
7 460.26 -113.29 13.4929 0.5
7 448.918 -102.384 -14.84 0.5
7 499.245 -200.466 7.30799 0.5
7 464.702 -130.333 -14.737 0.5
7 459.994 -127.114 -12.8543 0.5
7 454.091 -94.7331 -4.11073 0.5
7 450.241 -108.486 -13.7494 0.5
7 493.95 -166.047 -8.79627 0.5
7 477.004 -160.437 -9.51985 0.5
7 479.552 -168.239 -0.770162 0.5
7 488.706 -154.228 -1.85819 0.5
7 479.892 -146.496 13.0757 0.5
8 505.29 -188.796 -11.782 0.5
8 545.466 -122.51 -8.16291 0.5
8 506.661 -189.215 8.89602 0.5
8 532.982 -117.696 5.75489 0.5
8 552.725 -110.84 6.56588 0.5
8 546.11 -111.301 14.7918 0.5
8 542.597 -124.598 11.439 0.5
8 541.479 -119.507 -14.7593 0.5
8 533.136 -130.943 14.9962 0.5
8 502.427 -184.511 -14.9999 0.5
8 523.209 -142.453 13.7376 0.5
8 505.302 -169.697 -11.3611 0.5
8 527.074 -133.107 -12.2364 0.5
8 554.106 -86.5914 12.4478 0.5
8 552.472 -89.4953 -12.4969 0.5
8 501.869 -170.526 1.63439 0.5
8 524.5 -136.997 -11.8138 0.5
8 547.049 -92.491 -3.01598 0.5
8 528.825 -126.655 8.87307 0.5
8 541.276 -114.158 -14.6919 0.5
8 525.143 -153.616 12.3663 0.5
8 502.715 -194.15 11.0196 0.5
8 515.401 -175.437 -6.66777 0.5
8 515.294 -168.832 13.4475 0.5
8 533.995 -136.365 13.4843 0.5
8 506.935 -165.204 9.67776 0.5
8 546.308 -93.615 2.09812 0.5
8 517.585 -157.891 14.9965 0.5
8 546.866 -119.067 9.55167 0.5
8 554.186 -80.6223 4.83567 0.5
8 545.741 -107.995 14.9293 0.5
8 533.2 -120.76 10.7979 0.5
8 533.816 -125.46 14.2629 0.5
9 595.196 -97.5844 -14.0939 0.5
9 594.747 -91.0614 -14.9356 0.5
9 558.22 -77.9196 -3.72358 0.5
9 658.052 -106.453 5.37785 0.5
9 592.272 -90.5736 -14.8822 0.5
9 623.748 -101.369 -12.0604 0.5
9 581.173 -106.974 -3.74885 0.5
9 581.065 -88.1635 -14.3745 0.5
9 652.574 -79.7094 -7.91671 0.5
9 592.756 -107.363 -1.6184 0.5
9 557.557 -103.761 9.85188 0.5
9 659.476 -103.743 -9.87215 0.5
9 625.212 -80.2031 8.66086 0.5
9 658.482 -96.8971 -14.3256 0.5
9 630.709 -105.799 6.84236 0.5
9 651.797 -96.6855 -14.3896 0.5
9 571.731 -77.4502 -0.0611764 0.5
9 656.563 -107.049 3.44422 0.5
9 572.644 -101.888 11.6587 0.5
9 574.668 -79.3321 7.27445 0.5
9 608.064 -106.356 -5.62393 0.5
9 614.762 -79.4869 -7.54685 0.5
9 603.118 -88.9879 14.595 0.5
9 614.372 -103.733 9.88365 0.5
9 584.698 -90.322 -14.8483 0.5
9 646.177 -78.2641 4.87423 0.5
9 619.587 -86.9308 13.9477 0.5
9 567.23 -81.2226 9.94709 0.5
9 575.11 -78.2955 -4.96454 0.5
9 613.293 -79.9082 8.22804 0.5
9 609.462 -105.032 -8.16742 0.5
9 555.814 -93.9557 -14.9242 0.5
9 561.778 -107.325 1.92989 0.5
9 651.265 -91.352 -14.9598 0.5
9 588.484 -101.459 -11.9932 0.5
9 603.774 -83.5131 12.047 0.5
9 655.594 -91.8643 -14.9886 0.5
9 568.33 -84.3007 -12.5931 0.5
9 589.781 -88.5281 -14.4782 0.5
9 636.475 -102.643 11.0047 0.5
9 598.159 -106.338 5.6691 0.5
9 556.052 -77.7514 -2.99124 0.5
9 590.457 -102.407 -11.2188 0.5
9 610.168 -106.481 5.30379 0.5
9 607.88 -84.9443 -12.987 0.5
9 589.93 -80.4663 9.02152 0.5
9 561.509 -77.7447 2.95849 0.5
9 615.338 -106.019 6.39506 0.5
9 602.373 -106.105 -6.20769 0.5
10 629.358 -16.0594 9.29948 0.5
10 611.582 -10.8428 5.87244 0.5
10 657.041 -89.5845 5.86342 0.5
10 624.295 -25.904 -13.3474 0.5
10 658.208 -66.3174 -9.6514 0.5
10 642.973 -65.596 4.87908 0.5
10 634.513 -24.1268 8.08956 0.5
10 630.966 -16.2734 4.39718 0.5
10 632.64 -36.8198 -14.6312 0.5
10 627.773 -29.9916 14.1745 0.5
10 613.64 -5.93977 -14.0193 0.5
10 640.319 -61.0628 4.6912 0.5
10 632.455 -47.9996 -2.40764 0.5
10 636.609 -25.4448 1.30278 0.5
10 643.739 -40.3662 8.48225 0.5
10 651.631 -51.5752 2.23406 0.5
10 637.786 -27.4275 -0.129505 0.5
10 616.676 5.44514 -9.85353 0.5
10 618.035 5.87208 5.14569 0.5
10 663.44 -96.3468 -11.6199 0.5
10 647.196 -48.5746 -11.0433 0.5
10 614.109 -11.9305 10.6991 0.5
10 624.478 -5.73368 -6.23497 0.5
10 618.641 0.282462 -11.5676 0.5
10 643.041 -61.0708 11.5744 0.5
10 638.679 -57.5901 6.29259 0.5
10 650.858 -61.3742 -14.5379 0.5
10 644.323 -42.2155 9.58953 0.5
10 621.132 1.40243 -0.703212 0.5
10 623.606 -4.73047 -7.24215 0.5
10 659.958 -66.0599 -2.61851 0.5
10 666.353 -105.964 5.23178 0.5
10 642.273 -37.6918 8.28008 0.5
10 618.118 0.878294 11.8167 0.5
10 644.233 -68.316 -2.87467 0.5
10 643.685 -65.1106 8.34216 0.5
10 637.151 -26.3306 0.302537 0.5
10 633.073 -36.6421 14.8103 0.5
10 655.727 -59.6215 5.6858 0.5
10 664.804 -100.821 -9.5144 0.5
10 634.677 -52.0425 -0.0410105 0.5
10 661.039 -86.1087 -14.6081 0.5
10 636.77 -26.4098 -4.6591 0.5
10 617.457 1.58485 12.1469 0.5
10 643.992 -62.9459 -11.3828 0.5
10 611.647 2.45413 14.9948 0.5
11 650.25 80.9419 -11.7087 0.5
11 660.951 100.039 -11.2344 0.5
11 658.996 87.4174 -14.9835 0.5
11 646.226 60.054 -14.2959 0.5
11 651.151 63.1134 -11.1683 0.5
11 652.653 80.1118 -14.345 0.5
11 644.786 67.3771 -14.0415 0.5
11 628.921 46.2944 9.42168 0.5
11 627.054 44.8133 6.6929 0.5
11 665.031 111.331 -4.93556 0.5
11 651.766 86.7917 -8.13877 0.5
11 651.99 62.0548 -8.25495 0.5
11 639.262 37.548 -0.646919 0.5
11 661.251 75.7922 -2.26707 0.5
11 627.23 46.3628 3.12929 0.5
11 656.024 72.7502 12.1357 0.5
11 664.022 80.9776 -4.05139 0.5
11 662.604 107.45 3.8884 0.5
11 612.488 -4.07834 10.9619 0.5
11 644.663 54.4692 13.0362 0.5
11 663.873 80.4741 -3.04673 0.5
11 627.873 47.6351 2.26211 0.5
11 666.109 95.5144 -14.5814 0.5
11 655.713 66.401 -3.32591 0.5
11 648.331 54.4178 5.82225 0.5
11 647.961 52.9684 3.29842 0.5
11 628.976 30.4725 14.3865 0.5
11 650.275 74.2795 -14.7604 0.5
11 635.066 47.6527 14.8089 0.5
11 620.231 33.914 -4.39122 0.5
11 645.833 58.4603 -13.9729 0.5
11 658.145 99.794 3.63146 0.5
11 619.008 31.7851 -4.42288 0.5
11 630.885 51.0459 7.44606 0.5
11 653.029 75.814 14.9894 0.5
11 645.211 65.1311 -14.8236 0.5
11 638.132 50.7091 -14.9994 0.5
11 638.567 54.8201 14.5884 0.5
11 617.743 8.03831 -13.1457 0.5
11 649.004 76.4298 -13.2542 0.5
11 641.737 49.1809 12.9092 0.5
11 643.478 72.8508 -7.45678 0.5
11 624.155 25.6598 -14.9833 0.5
11 632.151 39.1687 -14.9633 0.5
11 617.109 9.31494 -14.1947 0.5
11 644 58.8081 14.8751 0.5
11 659.238 97.9763 10.3646 0.5
11 651.676 73.708 -14.9964 0.5
12 676.31 85.1745 2.28122 0.5
12 672.855 97.5529 14.799 0.5
12 720.733 102.338 -14.8167 0.5
12 694.283 114.752 -2.71567 0.5
12 731.289 105.777 -13.8428 0.5
12 697.425 88.0065 9.00867 0.5
12 716.076 114.211 4.8018 0.5
12 669.62 102.225 -14.8341 0.5
12 774.714 86.1263 -5.70256 0.5
12 772.881 113.629 -6.26466 0.5
12 760.83 92.6381 13.0691 0.5
12 669.227 88.7904 9.96714 0.5
12 696.738 91.7651 -12.5374 0.5
12 669.187 86.3608 6.24269 0.5
12 727.544 102.795 -14.7373 0.5
12 727.529 112.28 -8.61375 0.5
12 713.607 96.6073 14.6113 0.5
12 707.245 107.235 13.1399 0.5
12 777.532 113.62 -6.28381 0.5
12 722.31 108.841 12.1176 0.5
12 755.702 85.3521 -3.23079 0.5
12 722.611 110.972 -10.2287 0.5
12 727.611 99.9829 -15 0.5
12 757.797 114.057 -5.23577 0.5
12 761.466 85.8786 5.05835 0.5
12 693.559 107.502 12.9891 0.5
12 712.922 85.5623 -4.06857 0.5
12 752.845 94.2714 -13.863 0.5
12 742.472 85.0005 0.126804 0.5
12 714.955 95.0674 -14.1658 0.5
12 685.211 86.7471 7.02575 0.5
12 756.909 107.718 -12.8618 0.5
12 717.223 95.2802 -14.2381 0.5
12 690.859 85.0013 -0.200678 0.5
12 731.749 104.846 -14.1957 0.5
12 714.07 103.732 -14.5283 0.5
12 679 102.436 14.801 0.5
12 707.229 100.857 14.9755 0.5
12 738.293 108.084 12.6355 0.5
12 765.556 95.3766 -14.2697 0.5
12 747.048 104.166 -14.4099 0.5
13 808.417 61.7889 2.06687 0.5
13 787.709 85.8824 -14.6795 0.5
13 817.975 15.8349 3.68036 0.5
13 796.009 64.9744 14.5983 0.5
13 823.759 23.1653 14.7349 0.5
13 830.803 6.91956 -14.9488 0.5
13 800.42 65.6296 -14.1953 0.5
13 830.261 -0.718537 -11.3426 0.5
13 816.984 18.4308 -6.19234 0.5
13 805.634 36.8409 -1.63312 0.5
13 792.46 87.2505 8.01153 0.5
13 827.842 10.8001 -14.7925 0.5
13 808.563 53.5692 13.3234 0.5
13 825.849 31.4946 2.68792 0.5
13 790.754 92.4981 0.890782 0.5
13 790.245 77.8332 -14.9891 0.5
13 812.532 43.5976 -14.5124 0.5
13 786.489 88.2914 14.6144 0.5
13 812.33 34.2503 -13.7898 0.5
13 813.706 26.4004 9.78376 0.5
13 826.753 2.20457 7.54013 0.5
13 824.166 34.1604 -3.81679 0.5
13 828.638 17.3942 -13.9606 0.5
13 797.614 63.2605 -14.8095 0.5
13 780.852 105.654 10.221 0.5
13 811.949 26.1739 3.2697 0.5
13 816.6 27.1225 -13.9011 0.5
13 815.643 36.2772 -14.884 0.5
13 789.812 65.6101 6.4437 0.5
13 798.11 61.3033 14.5908 0.5
13 829.211 16.7542 13.8171 0.5
13 784.037 74.7197 4.06172 0.5
13 816.388 26.2167 -13.3146 0.5
13 807.121 54.1795 -14.1409 0.5
13 816.269 21.824 -9.62222 0.5
13 783.243 96.8611 -13.6002 0.5
13 806.194 35.7908 -0.501017 0.5
13 784.747 86.9381 14.9672 0.5
13 783.466 97.8285 12.884 0.5
13 796.625 59.5376 -12.801 0.5
13 815.536 26.234 -12.4495 0.5
13 830.818 -6.04366 -4.9038 0.5
13 811.486 42.3516 14.9819 0.5
13 818.693 14.4869 -3.24045 0.5
13 828.003 -1.90926 -1.58715 0.5
13 798.051 70.8313 13.771 0.5
13 789.796 93.7107 -3.73928 0.5
13 789.351 72.1116 -12.7864 0.5
13 828.305 25.6961 7.10182 0.5
13 812.62 38.5537 14.9597 0.5
14 874.523 81.822 -13.4185 0.5
14 862.331 64.0228 -11.1596 0.5
14 841.581 30.8594 7.82343 0.5
14 864.302 64.4334 -13.256 0.5
14 866.086 69.5906 -11.9352 0.5
14 843.029 13.0839 -12.999 0.5
14 863.617 43.8419 8.46201 0.5
14 857.4 43.0515 14.8054 0.5
14 879.293 93.5542 11.0214 0.5
14 864.463 52.3044 -13.9989 0.5
14 862.094 68.5415 -1.20063 0.5
14 851.231 19.9341 2.17601 0.5
14 865.16 45.292 6.31129 0.5
14 888.625 108.876 -11.7427 0.5
14 877.562 66.36 5.33156 0.5
14 855.599 56.4135 5.19043 0.5
14 839.966 27.7287 8.34226 0.5
14 860.189 59.5894 -11.77 0.5
14 845.191 38.4238 -5.08739 0.5
14 843.52 35.5963 -4.89644 0.5
14 841.536 23.1013 -14.0997 0.5
14 848.675 20.869 -11.6255 0.5
14 838.748 26.133 7.51834 0.5
14 876.876 92.4739 -6.97278 0.5
14 845.674 39.1931 5.27161 0.5
14 871.241 72.7367 -14.6317 0.5
14 887.434 83.3072 -4.91222 0.5
14 848.01 43.8372 3.25641 0.5
14 879.698 69.0916 -0.557724 0.5
14 837.489 5.75253 -14.0622 0.5
14 848.252 25.4559 14.4119 0.5
14 881.551 99.9267 -8.08186 0.5
14 864.071 58.9981 -14.8683 0.5
14 880.808 98.3449 -8.52652 0.5
14 847.413 41.1011 -7.58667 0.5
14 853.022 36.5376 -14.9401 0.5
14 852.9 33.9672 -14.5368 0.5
14 855.293 54.8486 -7.41736 0.5
14 874.507 66.0299 11.9549 0.5
14 837.304 1.84472 12.1425 0.5
14 849.53 17.2542 -3.55038 0.5
14 850.484 31.6136 14.8833 0.5
14 843.432 23.0213 14.8971 0.5
14 855.85 27.9028 1.95913 0.5
14 853.18 50.1446 9.00783 0.5
14 853.661 30.1515 -12.1238 0.5
14 873.089 86.6987 -5.21568 0.5
14 857.784 50.4543 14.3615 0.5
14 849.18 16.3234 -1.74347 0.5
14 853.872 48.8872 -11.5763 0.5
14 876.837 94.1109 -0.648977 0.5
14 866.438 46.424 -3.0346 0.5
14 846.064 24.9107 -14.9721 0.5
14 880.905 90.9232 -14.2274 0.5
15 896.886 90.5769 -11.6707 0.5
15 907.184 93.8924 13.7003 0.5
15 913.898 96.6199 14.6142 0.5
15 922.888 88.1152 -9.15155 0.5
15 978.898 95.9001 -14.4288 0.5
15 928.44 88.6722 9.83263 0.5
15 989.727 100.114 -14.9996 0.5
15 967.555 114.48 -3.9136 0.5
15 899.396 112.11 8.85209 0.5
15 925.429 113.788 -5.90676 0.5
15 924.828 90.8705 11.9018 0.5
15 940.619 93.3195 -13.4302 0.5
15 951.931 103.18 14.659 0.5
15 993.097 102.165 -14.843 0.5
15 909.572 113.107 7.29476 0.5
15 932.84 88.9186 10.1096 0.5
15 960.578 85.0007 0.146139 0.5
15 945.803 85.616 -4.25447 0.5
15 925.097 114.59 3.48127 0.5
15 977.083 86.87 7.25279 0.5
15 988.808 111.673 -9.41979 0.5
15 975.054 97.401 -14.7731 0.5
15 968.353 94.5702 -13.9828 0.5
15 928.702 101.445 -14.9303 0.5
15 982.596 87.2543 -7.90871 0.5
15 978.485 86.098 5.63333 0.5
15 912.942 90.6724 11.7471 0.5
15 944.58 89.7049 -10.9092 0.5
15 953.496 93.5738 -13.5538 0.5
15 990.317 114.902 -1.71458 0.5
15 916.723 106.589 -13.4754 0.5
