0 298.411 103.05 14.6866 0.5
0 98.1845 92.5749 13.0333 0.5
0 175.825 114.949 1.23071 0.5
0 283.451 97.2915 14.7534 0.5
0 207.193 102.435 -14.8011 0.5
0 197.743 86.4673 -6.47048 0.5
0 122.106 100.195 -14.9987 0.5
0 174.021 103.37 14.6166 0.5
0 118.171 91.9975 -12.687 0.5
0 79.1355 85.1895 -2.37694 0.5
0 143.124 85.8107 4.86455 0.5
0 230.334 96.6802 -14.628 0.5
0 63.3283 114.985 -0.669227 0.5
0 187.438 113.558 -6.41734 0.5
0 239.792 102.324 14.8189 0.5
0 94.8545 106.294 13.6155 0.5
0 168.441 86.3662 6.25464 0.5
0 94.4324 90.2163 -11.3701 0.5
0 27.5759 96.1822 -14.506 0.5
0 158.63 91.3526 12.2565 0.5
0 268.805 108.165 -12.5828 0.5
0 186.532 110.881 10.3251 0.5
0 195.626 114.439 -4.06226 0.5
0 69.3224 85.1447 2.07836 0.5
0 231.148 104 14.4569 0.5
0 88.6553 88.8387 10.0212 0.5
0 19.5138 86.3076 6.12518 0.5
0 256.322 89.1869 -10.396 0.5
0 227.66 114.933 1.41789 0.5
0 134.893 86.5581 -6.65691 0.5
0 6.26215 112.781 7.85216 0.5
0 235.629 113.261 7.00954 0.5
0 43.0498 112.567 8.18899 0.5
0 111.052 85.1028 1.75278 0.5
0 101.457 113.655 -6.20919 0.5
0 123.24 97.4626 -14.7838 0.5
0 62.3656 103.862 14.4942 0.5
0 42.8648 107.594 12.9355 0.5
0 101.423 91.4943 12.3553 0.5
0 73.5348 92.4266 -12.9477 0.5
0 173.232 113.055 7.38765 0.5
0 88.6068 89.459 -10.6718 0.5
0 156.399 85.0407 1.10422 0.5
0 241.382 114.99 -0.555612 0.5
0 2.69285 113.311 -6.91408 0.5
0 281.119 105.217 14.0634 0.5
0 207.364 114.604 3.42242 0.5
0 199.573 103.533 -14.578 0.5
0 131.187 114.886 1.84712 0.5
0 46.3549 92.2075 12.817 0.5
0 242.578 113.547 6.44003 0.5
0 164.83 100.723 -14.9825 0.5
0 114.432 104.709 14.2418 0.5
0 110.31 94.41 13.9195 0.5
0 104.222 112.845 7.74713 0.5
0 266.256 99.4188 -14.9887 0.5
0 330.124 100.39 -14.9949 0.5
0 298.239 111.408 -9.7395 0.5
0 46.7867 114.938 -1.36197 0.5
0 89.9059 87.8325 -8.7722 0.5
0 317.911 94.6899 14.0286 0.5
0 121.11 112.4 -8.44057 0.5
0 287.769 101 14.9666 0.5
0 208.268 114.981 -0.752267 0.5
0 225.666 102.802 14.736 0.5
0 208.992 96.4301 14.569 0.5
0 234.582 85.0241 0.84923 0.5
0 233.608 100.143 14.9993 0.5
0 83.5589 91.2858 12.2091 0.5
0 230.533 86.8084 7.14008 0.5
0 71.9177 96.0547 -14.4719 0.5
0 282.343 93.282 13.4115 0.5
0 214.607 90.0066 11.1862 0.5
0 35.9765 98.7149 -14.9448 0.5
0 65.2484 85.2756 -2.86195 0.5
0 160.18 85.7431 -4.66261 0.5
0 3.33292 87.5495 -8.36577 0.5
0 100.972 85.4619 -3.69364 0.5
0 281.837 86.6614 -6.86169 0.5
0 134.23 113.645 -6.22927 0.5
0 285.885 113.576 6.37878 0.5
0 19.0089 114.942 -1.31327 0.5
0 67.8662 106.626 -13.4573 0.5
0 257.207 113.994 5.39956 0.5
0 1.04231 114.99 0.554544 0.5
0 203.272 112.08 8.89266 0.5
0 243.9 106.469 -13.5332 0.5
0 310.321 92.7955 13.1566 0.5
0 326.102 101.34 -14.94 0.5
0 131.287 85.0522 1.24979 0.5
0 194.567 104.765 14.223 0.5
0 261.161 113.323 6.89132 0.5
0 205.715 91.3771 12.2738 0.5
0 274.878 111.923 -9.10122 0.5
0 130.108 85.4236 -3.53976 0.5
0 78.2433 85.9799 5.33273 0.5
0 93.5465 89.6016 10.8108 0.5
0 153.078 112.216 8.70447 0.5
0 1.66486 107.385 13.0563 0.5
0 299.67 112.097 8.86987 0.5
0 180.285 85.9642 5.2911 0.5
0 307.1 85.0624 1.36659 0.5
0 302.163 107.74 -12.8488 0.5
0 296.845 115 0.062203 0.5
0 72.8536 85.0023 -0.265056 0.5
0 99.2571 114.778 2.56953 0.5
0 109.625 89.004 10.2024 0.5
0 32.5057 93.8487 13.6807 0.5
0 78.9268 85.5704 4.0972 0.5
0 142.775 112.247 -8.66127 0.5
0 321.341 114.971 -0.928889 0.5
0 289.709 97.9164 14.8546 0.5
0 165.098 96.7732 14.6488 0.5
0 71.894 85.0393 1.08499 0.5
0 295.931 85.5808 4.13363 0.5
0 105.724 114.008 -5.36472 0.5
0 309.363 86.2532 6.00202 0.5
0 249.07 85.4812 -3.76895 0.5
0 316.354 95.0007 14.1424 0.5
0 117.54 111.215 -9.96149 0.5
0 330.027 85.8244 -4.90426 0.5
0 232.749 102.927 14.7117 0.5
0 33.6725 114.928 1.46604 0.5
0 48.3763 90.4557 11.5718 0.5
0 64.7545 114.841 2.17823 0.5
0 322.193 86.1811 5.83416 0.5
0 139.046 88.2725 9.35235 0.5
0 64.0436 111.581 -9.53363 0.5
0 304.783 103.266 -14.6401 0.5
0 280.063 86.1044 5.64909 0.5
0 38.136 108.651 -12.2539 0.5
0 81.3779 108.177 -12.5756 0.5
0 45.0623 86.0114 5.41474 0.5
0 310.532 114.995 -0.388908 0.5
0 35.3824 104.476 -14.3165 0.5
0 100.509 108.735 -12.1941 0.5
0 121.97 88.5846 9.73084 0.5
0 291.346 98.9334 14.962 0.5
0 332.913 93.055 13.2954 0.5
0 196.116 111.254 9.91743 0.5
0 141.587 104.954 -14.1583 0.5
0 88.8641 96.8463 14.6647 0.5
0 54.9526 110.195 11.0031 0.5
0 90.1724 105.858 -13.8087 0.5
0 12.5607 96.0904 14.4815 0.5
0 175.592 88.5385 -9.67649 0.5
0 157.969 93.9527 -13.727 0.5
0 49.4098 111.979 -9.02751 0.5
0 95.6757 114.449 -4.02822 0.5
0 248.419 107.67 -12.8909 0.5
0 24.1711 114.844 -2.15784 0.5
0 217.708 103.606 14.5602 0.5
0 64.7823 115 -0.00616032 0.5
0 255.658 114.988 -0.593025 0.5
0 37.8302 114.616 -3.37248 0.5
0 46.0467 89.2697 10.4815 0.5
0 293.448 110.185 -11.0124 0.5
0 254.155 95.8477 -14.4138 0.5
0 94.2158 92.9502 -13.2401 0.5
0 184.83 95.1597 -14.1976 0.5
0 4.58809 108.409 12.4212 0.5
0 96.9115 85.5771 -4.12054 0.5
0 258.519 98.8911 14.959 0.5
0 251.591 85.3744 3.33034 0.5
0 204.286 106.512 13.5125 0.5
0 27.9498 104.114 14.4248 0.5
0 177.164 86.1341 -5.72161 0.5
0 237.135 94.963 14.129 0.5
0 75.6783 110.083 11.1058 0.5
0 16.7897 85.0383 1.07061 0.5
0 44.7808 85.1047 1.76888 0.5
0 151.539 86.7633 -7.0562 0.5
0 187.131 98.3189 -14.9055 0.5
0 234.352 96.4959 -14.585 0.5
0 201.338 114.034 -5.29651 0.5
0 90.528 87.901 8.86645 0.5
0 317.385 98.4596 14.9207 0.5
0 131.639 90.6004 11.6896 0.5
0 58.2352 103.681 -14.5412 0.5
0 187.795 88.6035 9.75293 0.5
0 82.0339 113.888 -5.66892 0.5
0 170.442 112.545 -8.22396 0.5
0 320.063 106.502 13.5176 0.5
0 268.274 86.077 5.58122 0.5
0 134.358 108.343 12.466 0.5
0 318.534 88.0568 -9.07527 0.5
0 110.726 100.282 14.9974 0.5
0 216.867 98.4957 14.9244 0.5
0 81.1131 92.5757 13.0338 0.5
0 245.326 93.178 -13.3589 0.5
0 203.882 85.3285 -3.12209 0.5
0 62.384 110.473 10.7385 0.5
0 124.392 92.8617 -13.1926 0.5
0 75.704 93.8167 13.6663 0.5
0 269.849 85.0003 0.0898376 0.5
0 328.418 85.0003 -0.101806 0.5
0 165.689 112.366 8.4899 0.5
0 198.779 114.979 0.793063 0.5
0 87.5467 96.0678 -14.4754 0.5
0 18.3825 85.8277 -4.91376 0.5
0 161.659 87.7051 -8.59269 0.5
0 6.3216 112.797 -7.8259 0.5
0 290.438 114.931 -1.43485 0.5
0 176.36 86.0675 5.55744 0.5
0 128.745 85.5162 3.90111 0.5
0 273.903 110.144 -11.0495 0.5
0 290.524 85.8904 5.09103 0.5
0 40.3677 113.359 -6.82273 0.5
0 252.896 104.677 -14.2521 0.5
0 111.782 89.4915 -10.7038 0.5
0 251.833 95.8627 -14.4181 0.5
0 85.1177 104.915 -14.1719 0.5
0 238.613 85.2697 -2.83167 0.5
0 23.513 110.301 -10.9041 0.5
0 245.156 87.3219 -8.01663 0.5
0 248.019 95.4156 14.2823 0.5
0 68.0019 95.9559 14.4446 0.5
0 23.3818 86.8047 7.13322 0.5
0 165.912 96.3701 -14.5542 0.5
0 49.8351 99.3036 -14.9838 0.5
0 92.0241 85.149 2.10886 0.5
0 89.0637 114.586 -3.50149 0.5
0 239.231 87.5847 -8.41789 0.5
0 247.37 89.1161 -10.3218 0.5
0 330.055 96.9463 -14.6859 0.5
0 70.6146 93.775 13.6473 0.5
0 174.84 87.0661 -7.59691 0.5
0 206.013 110.463 10.7487 0.5
0 318.527 86.5634 6.66757 0.5
0 268.336 85.2268 2.59869 0.5
0 95.4673 87.0166 -7.51204 0.5
0 263.764 86.7129 6.96084 0.5
0 220.693 104.994 -14.1442 0.5
0 188.982 93.7149 -13.6197 0.5
0 74.1711 90.159 11.3205 0.5
0 259.174 114.417 4.14289 0.5
0 132.597 108.107 12.6206 0.5
0 42.1775 100.804 14.9785 0.5
0 91.6359 114.701 -2.98034 0.5
0 297.465 94.7929 -14.0672 0.5
0 37.3785 111.985 -9.02036 0.5
0 40.3513 107.22 -13.1479 0.5
0 42.9685 109.669 -11.4681 0.5
0 216.049 108.821 12.1323 0.5
0 291.07 108.454 12.3905 0.5
0 245.481 88.2483 -9.32188 0.5
0 292.607 85.4862 -3.78802 0.5
0 102.827 114.486 -3.89296 0.5
0 328.992 86.5991 -6.73906 0.5
0 22.313 88.7458 -9.91677 0.5
0 65.7852 114.501 -3.83826 0.5
0 78.2153 114.424 4.11749 0.5
0 21.5366 86.2508 5.99673 0.5
0 156.659 95.2423 -14.2255 0.5
0 88.3503 111.984 -9.02101 0.5
0 310.78 105.71 -13.8707 0.5
0 55.5924 91.0434 -12.0325 0.5
0 120.411 114.878 -1.91054 0.5
0 61.2711 112.76 -7.88585 0.5
0 168.823 101.046 14.9635 0.5
0 251.986 114.159 4.95318 0.5
0 276.073 85.0012 -0.188177 0.5
0 47.7823 106.232 13.644 0.5
0 229.001 113.12 -7.27118 0.5
0 33.8053 86.0119 -5.41604 0.5
0 332.701 109.195 -11.8511 0.5
0 297.874 86.2905 6.08689 0.5
0 21.3447 109.503 11.6055 0.5
0 256.594 108.705 -12.216 0.5
0 194.14 111.991 -9.01206 0.5
0 5.15875 88.4406 -9.55929 0.5
0 141.681 101.576 14.917 0.5
0 273.818 89.0432 10.2444 0.5
0 78.4233 113.507 -6.5236 0.5
0 191.194 85.4593 -3.68355 0.5
0 246.67 90.9571 -11.9677 0.5
0 111.467 94.5883 13.9898 0.5
0 277.963 102.324 14.8189 0.5
0 99.2268 96.9869 14.6943 0.5
0 12.9493 111.15 -10.0343 0.5
0 259.984 91.1425 12.1056 0.5
0 157.723 95.8148 14.4043 0.5
0 319.609 96.8787 -14.6716 0.5
0 179.115 95.3702 -14.2676 0.5
0 111.944 112.395 -8.44701 0.5
0 58.2282 99.3363 14.9853 0.5
0 169.26 92.3134 -12.8808 0.5
0 332.61 111.099 -10.0898 0.5
0 83.4733 113.946 -5.52416 0.5
0 283.465 113.567 6.39866 0.5
0 321.487 87.7463 -8.65146 0.5
0 193.024 95.5247 -14.3168 0.5
0 76.6595 101.351 14.939 0.5
0 123.597 90.553 -11.6514 0.5
0 291.861 102.831 14.7305 0.5
0 324.912 90.4648 -11.5793 0.5
0 152.874 93.3367 -13.4387 0.5
0 246.473 114.586 3.50167 0.5
0 106.308 88.3996 -9.50945 0.5
0 161.288 85.3868 3.38464 0.5
0 35.7125 92.5523 -13.0204 0.5
0 108.077 102.867 -14.7235 0.5
0 180.68 112.472 -8.33317 0.5
0 277.407 86.7612 -7.05222 0.5
0 73.6108 110.253 10.9484 0.5
0 317.029 85.35 3.22158 0.5
0 185.174 92.5413 13.0141 0.5
0 4.72974 85.3449 3.19808 0.5
0 87.1019 85.0083 -0.498647 0.5
0 63.8264 101.712 14.9019 0.5
0 105.417 86.7508 7.03275 0.5
0 130.226 111.85 -9.19693 0.5
0 27.4047 88.5234 -9.65859 0.5
0 265.505 108.861 -12.1032 0.5
0 165.658 105.353 14.0124 0.5
0 93.7193 96.1949 -14.5093 0.5
0 330.74 90.4694 11.5831 0.5
0 42.9373 114.749 -2.7318 0.5
0 209.636 111.829 9.22404 0.5
0 304.558 104.334 14.3603 0.5
0 113.166 92.8595 -13.1914 0.5
0 260.483 85.1138 -1.84453 0.5
0 165.812 114.646 3.23812 0.5
0 158.642 114.206 4.81548 0.5
0 257.169 86.5879 -6.71684 0.5
0 69.4151 88.0906 9.1196 0.5
0 146.471 90.6598 11.7371 0.5
0 97.4597 89.131 -10.3375 0.5
0 72.8986 86.1122 5.66837 0.5
0 137.73 114.961 1.08148 0.5
0 266.246 96.7717 14.6485 0.5
0 138.242 89.21 10.4199 0.5
0 330.244 85.1139 1.84481 0.5
0 161.604 101.824 14.8887 0.5
0 310.418 85.3607 3.26978 0.5
0 230.35 113.917 5.5964 0.5
0 264.816 88.4066 -9.51804 0.5
0 151.402 107.283 -13.1133 0.5
0 227.724 97.7338 14.8278 0.5
0 292.558 100.423 14.994 0.5
0 51.9162 85.7639 4.72579 0.5
0 78.3758 102.093 14.8532 0.5
0 105.29 98.1689 -14.8878 0.5
0 70.6337 85.731 -4.62565 0.5
0 158.637 114.486 -3.89171 0.5
0 34.681 91.1407 12.1043 0.5
0 69.6575 110.641 -10.5718 0.5
0 255.89 99.7754 -14.9983 0.5
0 281.598 109.795 -11.3603 0.5
0 96.2258 103.602 14.561 0.5
0 148.734 93.5612 -13.5477 0.5
0 235.763 113.443 -6.65415 0.5
0 209.875 110.363 10.845 0.5
0 227.365 94.3129 13.8801 0.5
0 204.817 114.945 -1.28096 0.5
0 282.017 89.2629 10.4745 0.5
0 148.974 97.486 -14.7878 0.5
0 47.8659 103.844 -14.499 0.5
0 295.439 102.297 -14.823 0.5
0 310.654 91.7657 -12.5378 0.5
0 33.009 86.2519 -5.99921 0.5
0 238.177 109.94 -11.2335 0.5
0 221.753 114.39 4.23382 0.5
0 206.503 90.3507 -11.4843 0.5
0 108.214 89.8989 11.0891 0.5
0 223.158 85.0245 0.856733 0.5
0 29.1705 93.9448 -13.7235 0.5
0 141.582 98.6473 -14.9389 0.5
0 25.187 114.48 3.91554 0.5
0 281.129 114.596 -3.45965 0.5
0 248.436 112.697 7.987 0.5
0 10.7605 111.39 9.76039 0.5
0 264.743 85.3963 3.42533 0.5
0 1.87569 113.844 -5.77428 0.5
0 325.501 85.9935 5.36823 0.5
0 202.854 98.5024 -14.925 0.5
0 170.662 114.941 -1.32699 0.5
0 77.0715 112.904 7.64749 0.5
0 107.943 108.812 -12.1386 0.5
0 18.8916 96.606 14.611 0.5
0 110.219 85.037 -1.0525 0.5
0 154.809 96.9183 -14.68 0.5
0 157.254 85.7279 -4.61608 0.5
0 273.808 103.705 14.5353 0.5
0 206.857 113.1 -7.30675 0.5
0 169.643 105.548 13.9362 0.5
0 265.866 86.8555 -7.22645 0.5
0 232.82 101.202 14.9517 0.5
0 268.69 104.511 14.3055 0.5
0 21.305 89.0535 10.2555 0.5
0 204.009 86.2587 -6.01477 0.5
0 254.374 89.3979 -10.6111 0.5
0 260.553 88.5935 -9.74121 0.5
0 74.0122 107.432 13.0294 0.5
0 77.2462 97.2426 14.7444 0.5
0 18.613 91.7483 -12.5264 0.5
0 94.0752 114.882 1.87442 0.5
0 23.5838 112.023 -8.96969 0.5
0 54.3086 114.882 1.87434 0.5
0 32.3785 110.773 -10.4372 0.5
0 175.987 114.299 -4.53259 0.5
0 7.29131 86.444 6.42136 0.5
0 98.5993 107.819 -12.801 0.5
0 186.625 104.924 -14.1687 0.5
0 258.952 86.6664 -6.87124 0.5
0 13.8759 92.278 -12.8596 0.5
0 140.723 105.925 -13.7804 0.5
1 400.737 -2.70204 5.26806 0.5
1 467.097 -116.688 -0.311917 0.5
1 361.383 66.197 2.5532 0.5
1 462.437 -115.955 12.8976 0.5
1 498.303 -200.674 1.35955 0.5
1 363.373 46.0024 14.8705 0.5
1 370.952 42.7616 -12.7391 0.5
1 337.653 80.0626 8.35823 0.5
1 337.716 80.3363 -8.90154 0.5
1 439.143 -95.2203 -9.06201 0.5
1 342.672 80.2547 -14.5687 0.5
1 408.446 -15.1824 -1.5754 0.5
1 465.858 -139.956 10.7935 0.5
1 498.775 -173.081 -6.59666 0.5
1 350.513 84.5197 4.60303 0.5
1 419.234 -62.7635 5.43757 0.5
1 474.189 -148.333 14.3511 0.5
1 407.919 -22.4811 -13.4182 0.5
1 356.802 74.3297 -0.802802 0.5
1 380.701 16.6627 14.9441 0.5
1 401.861 -29.8266 10.0531 0.5
1 339.389 104.057 3.66373 0.5
1 408.496 -20.1377 11.1371 0.5
1 464.564 -112.727 -3.56029 0.5
1 400.248 -20.8324 14.1656 0.5
1 492.327 -164.646 10.472 0.5
1 400.147 -1.00103 2.86738 0.5
1 444.139 -85.5445 -13.5775 0.5
1 387.754 -9.24143 0.718966 0.5
1 441.005 -94.4926 -12.6889 0.5
1 405.447 -20.3016 14.2761 0.5
1 499.538 -198.012 11.0569 0.5
1 347.146 86.153 -11.1115 0.5
1 475.938 -146.016 -14.9678 0.5
1 421.24 -48.3358 14.4777 0.5
1 358.454 61.4496 14.1563 0.5
1 345.985 81.6988 -14.5587 0.5
1 454.19 -102.283 -13.2414 0.5
1 492.242 -162.352 7.67911 0.5
1 376.118 10.8968 -0.243654 0.5
1 435.09 -65.0143 -9.94128 0.5
1 495.931 -185.966 -14.3591 0.5
1 350.475 64.3407 13.7609 0.5
1 381.3 20.9843 14.4389 0.5
1 471.285 -124.082 2.06944 0.5
1 347.19 70.8912 -14.1033 0.5
1 373.196 37.9927 -13.2469 0.5
1 357.242 49.1494 -11.6576 0.5
1 349.622 69.6567 -14.8481 0.5
1 498.445 -187.557 14.9169 0.5
1 386.031 4.71189 -14.4532 0.5
1 488.077 -161.801 13.6484 0.5
1 380.897 32.5361 1.55239 0.5
1 336.296 90.4916 -14.3473 0.5
1 409.057 -21.9336 -11.8283 0.5
1 362.969 42.8605 13.8296 0.5
1 474.166 -140.501 -14.6031 0.5
1 401.449 -17.5174 -14.9928 0.5
1 431.195 -55.6447 -5.74465 0.5
1 342.573 98.1447 4.98413 0.5
1 339.165 99.7372 -11.3229 0.5
1 492.948 -161.463 -0.304162 0.5
1 490.75 -157.724 1.44274 0.5
1 405.562 -15.1992 11.2643 0.5
1 483.68 -163.023 -14.7705 0.5
1 363.967 55.3424 12.4264 0.5
1 454.314 -122.734 7.14214 0.5
1 425.104 -45.6341 6.90386 0.5
1 391.014 -12.3967 -8.30429 0.5
1 361.228 42.0965 -11.5348 0.5
1 453.577 -118.534 -10.9372 0.5
1 388.668 -3.42787 12.941 0.5
1 448.917 -87.7329 8.34582 0.5
1 359.98 66.9025 7.38464 0.5
1 419.18 -54.8991 -13.6551 0.5
1 467.332 -145.468 -6.78719 0.5
1 450.006 -89.8659 -8.70227 0.5
1 478.787 -144.594 -13.0815 0.5
1 408.251 -15.0205 2.77918 0.5
1 390.91 -6.68518 -13.2882 0.5
1 386.287 12.6908 -14.3373 0.5
1 387.845 20.167 -3.50905 0.5
1 447.952 -84.1681 4.34469 0.5
1 404.256 -36.0259 7.15343 0.5
1 477.804 -136.715 -6.50468 0.5
1 421.718 -62.6328 -11.5699 0.5
1 403.146 -9.18825 9.3485 0.5
1 349.525 60.6856 -9.89888 0.5
1 438.043 -83.1567 14.8922 0.5
1 434.393 -80.6806 -13.8991 0.5
1 413.707 -53.5451 -4.42252 0.5
1 333.966 87.7213 -9.99696 0.5
1 334.845 89.701 12.8843 0.5
1 363.842 40.0864 -13.2289 0.5
1 474.969 -151.706 -13.5728 0.5
1 410.925 -25.0227 -11.7133 0.5
1 368.141 51.4658 9.31915 0.5
1 411.012 -22.0799 8.34519 0.5
1 456.567 -108.233 14.0645 0.5
1 348.818 58.243 1.38225 0.5
1 452.636 -114.087 -13.0198 0.5
1 417.586 -52.5778 -13.4461 0.5
1 433.501 -86.4316 -7.59239 0.5
1 467.928 -140.978 12.7799 0.5
1 339.678 99.7303 10.4932 0.5
1 416.824 -57.8008 7.14167 0.5
1 423.979 -69.1911 -8.74225 0.5
1 389.089 12.0461 -12.2777 0.5
1 490.63 -157.598 -2.12852 0.5
1 447.804 -100.763 -14.7913 0.5
1 420.842 -50.8989 14.985 0.5
1 382.162 4.25396 10.0083 0.5
1 497.975 -199.523 4.34757 0.5
1 409.768 -45.7834 6.75197 0.5
1 424.441 -43.0299 -2.59483 0.5
1 393.514 10.7648 0.000349105 0.5
1 477.093 -156.198 13.1601 0.5
1 400.792 -3.81916 7.44349 0.5
1 432.142 -84.5148 6.7957 0.5
1 423.452 -51.2469 -14.1968 0.5
1 473.045 -142.319 -14.9963 0.5
1 415.375 -35.2179 -13.328 0.5
1 485.679 -164.408 -14.9904 0.5
1 463.772 -139.926 -5.38651 0.5
1 343.712 80.7567 14.9463 0.5
1 366.119 32.8069 -10.8036 0.5
1 343.89 95.8753 4.94881 0.5
1 459.841 -113.748 -14.0058 0.5
1 403.732 -21.1717 14.9806 0.5
1 358.589 68.4821 8.69031 0.5
1 423.944 -70.3113 -6.80336 0.5
1 405.532 -13.3705 -9.40966 0.5
1 437.206 -81.4488 14.9212 0.5
1 482.861 -157.062 14.8757 0.5
1 342.167 91.9767 13.1165 0.5
1 440.257 -74.8699 10.8785 0.5
1 401.879 -3.72979 -0.417706 0.5
1 363.157 33.3582 0.664029 0.5
1 383.686 15.417 14.7677 0.5
1 348.659 85.5024 8.93771 0.5
1 345.021 66.1975 6.41591 0.5
1 497.007 -189.544 13.7249 0.5
1 338.425 99.8753 12.2233 0.5
1 439.466 -97.3072 6.57885 0.5
1 491.251 -168.323 14.0706 0.5
1 351.772 58.1127 -11.2242 0.5
1 423.615 -64.5924 -12.547 0.5
1 421.132 -65.9691 -5.645 0.5
1 467.409 -128.583 14.5509 0.5
1 459.353 -132.824 -3.63794 0.5
1 479.516 -168.004 2.38996 0.5
1 393.462 -18.3683 4.7649 0.5
1 363.663 37.8181 -11.4843 0.5
1 410.375 -45.8148 8.47695 0.5
1 388.22 0.0570301 -14.1855 0.5
1 420.465 -65.1085 4.85648 0.5
1 450.534 -93.2361 11.3888 0.5
1 414.074 -24.9947 2.09461 0.5
1 446.832 -110.382 5.88617 0.5
1 365.011 51.7477 13.4623 0.5
1 352.607 55.8472 10.4402 0.5
1 397.99 -8.19741 14.5132 0.5
1 349.384 76.0779 14.49 0.5
1 470.608 -136.548 14.9503 0.5
1 353.912 72.1088 12.8418 0.5
1 341.112 100.78 4.67404 0.5
1 368.203 35.9623 14.5511 0.5
1 435.759 -63.4278 5.44006 0.5
1 472.701 -132.931 12.3862 0.5
1 469.214 -130.806 14.2944 0.5
1 482.251 -155.621 -14.8208 0.5
1 394.757 -2.98556 -14.609 0.5
1 408.437 -40.6214 -10.675 0.5
1 433.566 -63.2669 -10.8658 0.5
1 476.71 -137.57 -10.4455 0.5
1 491.591 -159.167 1.29705 0.5
1 362.826 37.1806 -9.33998 0.5
1 452.515 -97.0273 11.6879 0.5
1 378.543 13.1465 12.3255 0.5
1 359.783 56.3326 -14.8459 0.5
1 431.111 -55.145 4.80355 0.5
1 336.01 100.618 14.0496 0.5
1 358.84 62.7095 -13.3248 0.5
1 335.131 104.385 -12.9915 0.5
1 390.652 4.48234 14.5206 0.5
1 450.507 -116.758 -5.86348 0.5
1 430.698 -53.6593 -0.762644 0.5
1 382.429 17.3833 14.8035 0.5
1 377.752 14.1275 12.0465 0.5
1 475.434 -156.663 10.6755 0.5
1 397.892 -7.03853 -14.218 0.5
1 335.093 84.9729 9.02642 0.5
1 490.183 -164.409 13.124 0.5
1 346.402 84.5045 13.1914 0.5
1 482.122 -153.377 14.3605 0.5
1 462.71 -128.871 14.2167 0.5
1 493.513 -189.364 9.09935 0.5
1 422.348 -52.1156 -14.8576 0.5
1 406.609 -12.8322 -5.16085 0.5
1 383.841 17.5275 -14.1386 0.5
1 485.809 -175.951 9.18929 0.5
1 404.753 -13.1593 -10.6695 0.5
1 425.408 -74.4077 1.44999 0.5
1 426.853 -47.1181 -2.02454 0.5
1 452.829 -113.505 13.5026 0.5
1 453.6 -94.1127 -4.84898 0.5
1 455.908 -98.2515 -5.2437 0.5
1 438.395 -80.3242 14.9093 0.5
1 467.397 -136.561 14.3533 0.5
1 423.833 -62.1329 -14.001 0.5
1 361.058 65.3027 6.89056 0.5
1 490.989 -158.706 4.32631 0.5
1 406.852 -42.161 -2.29424 0.5
1 373.348 40.3657 -11.4638 0.5
1 449.564 -86.9615 4.35089 0.5
1 352.884 61.2484 14.1811 0.5
1 457.451 -120.19 -14.0656 0.5
1 472.882 -154.095 8.45619 0.5
1 335.451 103.081 13.3956 0.5
1 435.666 -86.963 11.4265 0.5
1 382.59 -0.284643 0.945618 0.5
1 416.389 -43.7796 14.9998 0.5
1 354.127 78.9308 -1.26437 0.5
1 427.513 -65.84 -14.752 0.5
1 497.351 -175.966 -12.6114 0.5
1 471.79 -125.891 -5.58378 0.5
1 442.34 -103.065 4.65475 0.5
1 457.436 -128.446 -6.54914 0.5
1 468.468 -126.628 13.0291 0.5
1 457.763 -122.684 -13.1782 0.5
1 388.319 9.09892 14.3593 0.5
1 440.72 -97.6514 9.44654 0.5
1 482.722 -162.869 14.4227 0.5
1 400.069 -10.3093 -14.0398 0.5
1 486.213 -172.59 12.8162 0.5
1 370.083 35.1155 14.9493 0.5
1 488.031 -166.32 14.9119 0.5
1 420.928 -57.5772 13.8088 0.5
1 383.752 4.84676 -12.7969 0.5
1 465.586 -114.072 0.348931 0.5
1 380.804 14.7678 14.6949 0.5
1 460.474 -111.248 -12.0258 0.5
1 351.615 82.5724 4.72061 0.5
1 410.807 -20.235 -5.50613 0.5
1 367.973 41.6923 14.9045 0.5
1 430.444 -83.002 2.43658 0.5
1 375.617 38.2807 9.60874 0.5
1 480.995 -159.126 -14.6167 0.5
1 408.43 -44.2558 4.87579 0.5
1 464.499 -130.483 14.633 0.5
1 427.511 -49.8803 7.04838 0.5
1 498.394 -178.086 12.8078 0.5
1 420.459 -64.5323 6.26973 0.5
1 438.182 -73.8794 12.8586 0.5
1 439.281 -68.9103 3.45878 0.5
1 422.839 -67.1217 8.87394 0.5
1 352.273 54.2288 -7.54185 0.5
1 376.624 39.0697 5.25188 0.5
1 452.674 -118.897 8.73758 0.5
1 417.304 -30.7067 2.80724 0.5
1 336.984 100.047 13.58 0.5
1 375.472 41.5921 -3.53303 0.5
1 388.501 6.34236 -14.8798 0.5
1 374.748 18.6603 -11.5192 0.5
1 433.992 -65.3405 11.9964 0.5
1 361.368 63.5093 8.9099 0.5
1 346.691 87.2219 -10.8487 0.5
1 425.062 -71.4052 -8.25143 0.5
1 427.093 -52.8228 11.5478 0.5
1 358.738 41.346 3.21702 0.5
1 440.558 -94.076 12.4558 0.5
1 371.462 25.2408 -12.2056 0.5
1 405.617 -23.9498 14.9479 0.5
1 369.269 31.0357 -13.4095 0.5
1 486.446 -175.916 -10.4942 0.5
1 463.353 -139.878 3.09382 0.5
1 392.458 -11.3093 -12.072 0.5
1 386.981 4.33115 -14.746 0.5
1 334.984 109.928 -7.8401 0.5
1 378.764 6.75797 3.63443 0.5
1 346.681 88.3435 -9.67468 0.5
1 350.508 70.5358 14.9973 0.5
1 374.913 14.0771 5.62826 0.5
1 399.585 0.107325 -2.05519 0.5
1 468.278 -137.995 14.3813 0.5
1 408.944 -17.0075 -5.50277 0.5
1 390.463 -6.18502 13.1405 0.5
1 333.773 110.54 9.86235 0.5
1 449.368 -86.2935 -3.0601 0.5
1 467.378 -132.305 -14.9994 0.5
1 384.344 0.271538 9.77744 0.5
1 377.264 37.1537 -7.0418 0.5
1 451.746 -106.678 14.9163 0.5
1 347.666 60.1906 0.689319 0.5
1 478.286 -166.012 1.26578 0.5
1 456.427 -127.356 -4.97332 0.5
1 481.193 -167.873 -9.29635 0.5
1 347.558 63.1373 -8.69307 0.5
1 341.864 93.703 12.374 0.5
1 409.786 -17.8966 -3.75399 0.5
1 457.276 -126.565 -9.14422 0.5
1 470.837 -152.095 -5.5593 0.5
1 486.96 -151.106 -0.726284 0.5
1 456.372 -98.1597 1.22173 0.5
1 381.315 29.6797 7.84235 0.5
1 439.891 -96.6194 8.92579 0.5
1 445.738 -108.373 6.14574 0.5
1 435.459 -82.2923 -13.9923 0.5
1 457.428 -114.399 -14.9903 0.5
1 391.265 6.18479 13.5063 0.5
1 447.429 -111.703 -5.1603 0.5
1 487.425 -164.349 14.7823 0.5
1 480.818 -170.393 -1.30988 0.5
1 334.303 83.6954 -3.33608 0.5
1 387.991 17.9022 -8.1806 0.5
1 389.235 -7.91697 -10.0977 0.5
1 377.825 13.4511 -11.6193 0.5
1 383.334 10.5301 -14.7238 0.5
1 475.713 -134.355 8.65253 0.5
1 391.482 2.77659 14.5878 0.5
1 385.007 -3.4602 -5.49198 0.5
1 497.295 -175.697 12.499 0.5
1 447.824 -83.5242 -2.56036 0.5
1 436.691 -93.8944 -1.94381 0.5
1 414.617 -54.6245 5.79135 0.5
1 349.559 64.4731 13.0342 0.5
1 383.122 21.9211 -12.5879 0.5
1 435.709 -92.288 -0.971279 0.5
1 388.356 17.511 7.79928 0.5
1 461.336 -111.073 10.5783 0.5
1 353.129 54.9221 10.4186 0.5
1 427.549 -74.9426 -9.31563 0.5
1 436.778 -86.52 13.0766 0.5
1 462.474 -137.049 6.79727 0.5
1 359.339 45.1203 -11.3244 0.5
1 391.109 -13.1784 -7.29142 0.5
1 469.895 -136.594 -14.9999 0.5
1 408.839 -34.5035 14.5305 0.5
1 408.625 -39.9631 -11.5634 0.5
1 376.766 11.1653 6.31225 0.5
1 490.492 -183.068 -10.3451 0.5
1 430.499 -53.6619 -3.29 0.5
1 444.985 -88.5743 14.2069 0.5
1 361.212 59.7039 -12.6937 0.5
1 359.047 69.7636 -4.52429 0.5
1 344.276 77.2165 14.5026 0.5
1 496.264 -180.546 14.908 0.5
1 475.598 -149.958 14.5743 0.5
1 355.069 77.2876 1.388 0.5
1 391.987 -9.76268 12.5784 0.5
1 488.34 -181.435 7.55954 0.5
1 472.703 -137.709 14.5403 0.5
1 403.692 -13.6666 -12.5614 0.5
1 488.541 -183.575 2.73607 0.5
1 419.935 -53.8413 -14.4996 0.5
1 459.718 -129.626 -10.4903 0.5
1 441.279 -101.361 -4.22387 0.5
1 418.828 -33.3919 -3.03911 0.5
1 472.023 -141.741 -14.9225 0.5
1 422.268 -67.2351 -7.13099 0.5
1 405.22 -38.637 -5.04513 0.5
1 385.351 3.09798 13.3681 0.5
1 350.555 85.1465 -0.866426 0.5
1 394.157 -0.15991 -14.0738 0.5
1 366.608 30.4176 9.06836 0.5
1 415.737 -37.893 -14.1996 0.5
1 393.253 -15.9116 -8.82686 0.5
2 592.157 -25.0415 14.4533 0.5
2 516.526 -145.071 0.759417 0.5
2 571.847 -69.9037 13.8864 0.5
2 633.061 51.792 11.1814 0.5
2 539.347 -121.511 -14.9675 0.5
2 514.4 -148.984 2.73359 0.5
2 557.502 -79.3986 11.4581 0.5
2 527.959 -148.652 12.4257 0.5
2 653.598 89.7618 -8.44309 0.5
2 631.6 35.5999 -14.5458 0.5
2 550.32 -111.797 10.9245 0.5
2 648.099 59.7822 -12.6522 0.5
2 660.819 77.5203 -8.51081 0.5
2 504.798 -187.599 -13.1398 0.5
2 614.214 15.4826 13.5976 0.5
2 597.449 -34.5287 -3.26359 0.5
2 525.439 -129.997 -3.37206 0.5
2 502.683 -181.85 -14.8411 0.5
2 660.978 92.1586 -14.8645 0.5
2 658.007 78.5122 -13.5236 0.5
2 640.543 40.7822 5.46209 0.5
2 552.713 -83.4706 -5.63076 0.5
2 557.152 -104.664 -0.7927 0.5
2 629.96 48.83 -8.42841 0.5
2 632.727 26.2403 0.871188 0.5
2 505.301 -188.746 11.8059 0.5
2 629.856 50.6502 4.17228 0.5
2 577.117 -56.9514 -14.8858 0.5
2 534.877 -143.231 1.03719 0.5
2 622.412 32.1959 -12.1129 0.5
2 503.352 -189.317 -13.5437 0.5
2 500.692 -190.823 -14.622 0.5
2 568.79 -55.0903 -4.06987 0.5
2 588.363 -50.2229 3.45692 0.5
2 600.93 1.13931 0.183395 0.5
2 526.713 -152.959 10.6605 0.5
2 534.774 -114.155 -4.56047 0.5
2 576.35 -71.3809 1.24038 0.5
2 531.375 -121.83 8.28849 0.5
2 574.076 -71.79 9.72767 0.5
2 574.681 -47.3427 -9.02543 0.5
2 567.662 -79.1164 12.9111 0.5
2 632.151 42.8451 14.7681 0.5
2 642.323 60.799 -14.7044 0.5
2 580.737 -63.8028 -0.974849 0.5
2 584.942 -31.1139 -10.7734 0.5
2 632.046 34.1542 13.7987 0.5
2 591.938 -33.5952 -14.4113 0.5
2 638.226 65.7123 -0.910512 0.5
2 635.007 34.4334 10.4817 0.5
2 608.657 -13.1584 -8.00808 0.5
2 514.702 -159.128 -14.4338 0.5
2 587.837 -40.3346 -14.5113 0.5
2 521.675 -166.015 1.87029 0.5
2 507.347 -163.83 8.83831 0.5
2 517.665 -172.185 5.09961 0.5
2 523.65 -132.938 -2.5934 0.5
2 586.087 -33.2933 13.6249 0.5
2 634.746 43.8488 14.9751 0.5
2 617.3 4.59666 11.2705 0.5
2 653.655 85.6567 -12.5643 0.5
2 613.599 21.0864 7.47889 0.5
2 515.405 -174.883 7.67115 0.5
2 521.056 -165.978 -5.94301 0.5
2 548.548 -90.2858 4.52328 0.5
2 649.365 79.3325 11.7692 0.5
2 556.799 -100.949 -10.5598 0.5
2 523.864 -138.882 12.3873 0.5
2 512.713 -171.201 14.2949 0.5
2 543.458 -99.2071 4.84309 0.5
2 639.016 45.8286 13.6228 0.5
2 544.054 -98.4493 5.58174 0.5
2 611.514 12.1767 12.87 0.5
2 660.678 100.725 10.0923 0.5
2 585.074 -54.919 -6.33561 0.5
2 626.161 43.0527 -7.10545 0.5
2 596.982 -27.0179 13.6031 0.5
2 604.944 -20.7939 5.66983 0.5
2 589.556 -39.8247 13.6291 0.5
2 618.57 4.57975 -8.84662 0.5
2 578.125 -62.6083 11.809 0.5
2 613.917 11.6005 -14.7039 0.5
2 543.717 -98.0647 -1.80688 0.5
2 623.557 24.7372 -14.9882 0.5
2 534.814 -125.954 -14.8032 0.5
2 659.234 98.8355 9.37436 0.5
2 576.834 -41.0772 3.77137 0.5
2 579.867 -64.3527 5.35624 0.5
2 522.607 -164.208 3.03163 0.5
2 618.538 20.2116 14.5681 0.5
2 617.083 -0.880036 -0.246531 0.5
2 633.123 54.8661 -7.5429 0.5
2 529.24 -150.408 8.47277 0.5
2 503.875 -178.4 -14.5707 0.5
2 655.059 85.8316 -13.7755 0.5
2 515.342 -176.73 3.318 0.5
2 517.042 -162.838 -14.5416 0.5
2 518.916 -168.82 -7.6385 0.5
2 666.546 97.0855 14.754 0.5
2 570.874 -66.0092 -14.9997 0.5
2 645.597 53.8881 11.5112 0.5
2 592.472 -38.7053 -11.0013 0.5
2 521.882 -144.17 13.4673 0.5
2 562.693 -94.1892 5.11555 0.5
2 598.853 -8.10531 -11.728 0.5
2 556.007 -102.675 10.1899 0.5
2 527.683 -151.52 -10.417 0.5
2 650.949 82.1366 -11.7212 0.5
2 621.482 34.7697 -7.42733 0.5
2 560.47 -97.1212 7.15724 0.5
2 582.287 -37.4446 12.2158 0.5
2 579.694 -37.5243 7.27512 0.5
2 592.228 -15.2527 6.156 0.5
2 658.256 93.448 12.6782 0.5
2 581.785 -36.447 10.6402 0.5
2 505.334 -164.534 -1.71099 0.5
2 631.9 54.7806 -0.256498 0.5
2 525.705 -158.121 -5.46586 0.5
2 650.621 58.0098 4.83649 0.5
2 569.968 -80.855 -6.80532 0.5
2 641.605 70.9635 4.29414 0.5
2 652.299 71.7027 14.6067 0.5
2 519.75 -166.126 9.4394 0.5
2 532.011 -133.689 -14.993 0.5
2 502.922 -196.927 -6.91139 0.5
2 656.431 97.2409 -0.962186 0.5
2 521.446 -149.369 14.8435 0.5
2 629.322 35.1703 14.9993 0.5
2 570.616 -58.8789 12.9982 0.5
2 641.511 48.3873 -12.6626 0.5
2 524.024 -132.18 1.86395 0.5
2 604.072 -22.7765 -4.33488 0.5
2 525.512 -134.58 11.2632 0.5
2 584.772 -30.1182 9.35201 0.5
2 531.701 -148.764 -0.366832 0.5
2 590.139 -47.3003 2.7221 0.5
2 514.007 -166.76 -14.8155 0.5
2 515.801 -147.714 6.34089 0.5
2 607.49 -17.4719 -0.867659 0.5
2 589.568 -35.6524 14.8504 0.5
2 651.053 87.5961 -3.26797 0.5
2 639.538 49.0037 14.4545 0.5
2 508.659 -175.102 -14.9322 0.5
2 645.493 64.5663 -14.9487 0.5
2 640.929 63.666 -12.5313 0.5
2 652.651 62.631 -7.32042 0.5
2 648.158 54.3685 6.38271 0.5
2 638.911 58.104 13.6683 0.5
2 625.42 32.2985 -14.5262 0.5
2 663.001 106.473 -7.78611 0.5
2 589.484 -30.1407 -14.5752 0.5
2 545.72 -122.108 -8.10417 0.5
2 517.102 -148.496 10.6552 0.5
2 659.987 101.464 -7.4242 0.5
2 582.959 -59.9855 0.0704806 0.5
2 586.748 -24.5729 -5.76092 0.5
2 552.3 -108.06 -11.2063 0.5
2 533.852 -144.449 4.17567 0.5
2 621.271 6.70582 -3.14303 0.5
2 649.328 84.9612 -0.450417 0.5
2 558.529 -100.515 7.09768 0.5
2 662.804 82.4439 -10.3405 0.5
2 531.807 -126.962 13.4598 0.5
2 611.802 5.85248 -14.9741 0.5
2 512.74 -155.279 9.83098 0.5
2 658.612 84.1381 -14.8778 0.5
2 521.995 -165.575 0.311234 0.5
2 557.126 -78.18 9.57061 0.5
2 630.526 22.5315 1.96889 0.5
2 603.747 5.94178 -1.52719 0.5
2 520.632 -142.397 10.6705 0.5
2 543.509 -110.236 -14.6805 0.5
2 644.555 76.696 -0.380008 0.5
2 593.383 -28.9361 14.8655 0.5
2 513.229 -165.573 14.9988 0.5
2 589.362 -24.1839 -11.4319 0.5
2 502.746 -175.853 -12.6461 0.5
2 617.915 9.80388 13.8518 0.5
2 608.236 12.8682 -5.19307 0.5
2 611.903 14.8122 -11.4706 0.5
2 530.41 -143.959 12.7159 0.5
2 574.939 -73.7614 -1.86059 0.5
2 630.866 45.0707 -13.2244 0.5
2 585.81 -47.3934 -13.0783 0.5
2 559.039 -94.8781 12.3852 0.5
2 592.416 -35.2989 -13.4238 0.5
2 505.742 -193.261 3.7227 0.5
2 623.754 21.4606 14.3961 0.5
2 580.611 -34.0677 0.684096 0.5
2 649.563 80.6417 10.9365 0.5
2 516.24 -169.633 11.9343 0.5
2 626.696 21.2454 11.5885 0.5
2 572.871 -76.211 5.99169 0.5
2 645.148 47.7288 -0.0157633 0.5
2 569.96 -66.9228 -14.9888 0.5
2 520.955 -166.668 -4.56899 0.5
2 542.568 -125.806 -10.3462 0.5
2 628.619 22.6636 9.70583 0.5
2 529.73 -123.97 -7.10282 0.5
2 523.064 -142.768 -13.7656 0.5
2 558.896 -75.1024 9.55622 0.5
2 620.779 17.8175 14.7545 0.5
2 622.475 11.4095 8.93469 0.5
2 612.345 18.5029 -8.1522 0.5
2 648.849 71.6815 14.7831 0.5
2 606.06 -10.6785 13.8728 0.5
2 563.738 -77.1953 14.9609 0.5
2 575.806 -63.5297 13.6794 0.5
2 505.434 -179.736 -14.9926 0.5
2 611.285 -10.4607 3.6958 0.5
2 576.338 -56.5837 14.9994 0.5
2 530.039 -122.809 5.7889 0.5
2 512.38 -161.424 13.8298 0.5
2 666.352 114.449 0.421316 0.5
2 601.799 -22.9697 10.5968 0.5
2 607.947 5.57057 -13.1169 0.5
2 610.978 -10.398 -5.53303 0.5
2 567.165 -87.2691 -1.47339 0.5
2 619.573 33.4171 0.65022 0.5
2 519.932 -143.834 -10.8881 0.5
2 506.403 -167.951 11.4965 0.5
2 581.323 -49.1042 -14.9449 0.5
2 504.202 -180.463 -14.9708 0.5
2 529.55 -147.498 11.1757 0.5
2 620.779 9.14366 -9.77693 0.5
2 565.696 -77.6927 14.7352 0.5
2 557.129 -77.8458 -9.15869 0.5
2 586.452 -51.9261 7.49987 0.5
2 552.438 -110.294 8.37618 0.5
2 637.337 39.9619 11.8184 0.5
2 649.847 57.3882 6.58104 0.5
2 556.094 -85.3589 -13.6773 0.5
2 658.267 92.8844 -13.029 0.5
2 523.816 -132.428 0.281243 0.5
2 613.696 9.26312 14.9658 0.5
2 536.486 -112.143 -6.86576 0.5
2 547.102 -115.805 12.2099 0.5
2 558.531 -97.7042 -10.802 0.5
2 528.489 -154.304 0.909478 0.5
2 620.966 35.8425 0.249371 0.5
2 661.459 84.971 -13.7435 0.5
2 600.642 -6.33444 12.6734 0.5
2 559.005 -98.0465 9.54608 0.5
2 537.039 -123.499 -14.9651 0.5
2 661.174 98.9871 12.3592 0.5
2 629.09 27.4388 13.0041 0.5
2 627.265 32.2215 14.9927 0.5
2 601.452 1.7321 3.04645 0.5
2 560.922 -95.8564 7.98036 0.5
2 586.651 -45.0085 -13.5583 0.5
2 619.971 9.60381 -11.5946 0.5
2 642.72 69.209 -10.526 0.5
2 508.836 -166.116 13.1292 0.5
2 640.888 56.7222 -14.9372 0.5
2 608.117 -9.217 12.8093 0.5
2 533.415 -125.734 -14.1189 0.5
2 502.907 -171.283 -8.50198 0.5
2 636.719 62.0414 5.60625 0.5
2 545.424 -112.974 14.7019 0.5
2 572.504 -53.1141 -11.1982 0.5
2 587.175 -48.8077 -10.0632 0.5
2 560.303 -88.459 14.3905 0.5
2 656.076 66.6704 0.645444 0.5
2 645.841 64.3631 14.9937 0.5
2 507.165 -179.206 -14.7089 0.5
2 629.295 24.6777 10.6209 0.5
2 640.956 60.6806 14.0653 0.5
2 547.825 -112.645 -13.3674 0.5
2 582.839 -35.0045 -11.0074 0.5
2 637.677 34.7964 -0.504365 0.5
2 569.159 -72.7135 -14.5039 0.5
2 547.701 -119.135 -7.34263 0.5
2 548.257 -101.796 -14.6336 0.5
2 605.993 5.0532 11.0512 0.5
2 509.647 -177.112 14.0898 0.5
2 604.571 -22.4278 1.93705 0.5
2 513.865 -149.662 0.229741 0.5
2 563.317 -93.3619 4.35148 0.5
2 516.849 -145.657 5.79814 0.5
2 618.653 22.6578 -13.8246 0.5
2 557.325 -74.4646 -1.53669 0.5
2 582.13 -55.6966 11.7896 0.5
2 567.065 -62.5965 11.2527 0.5
2 645.637 60.0223 -14.573 0.5
2 569.534 -78.6096 10.838 0.5
2 565.367 -60.4574 0.196102 0.5
2 542.39 -120.215 14.1556 0.5
2 534.125 -144.466 1.75938 0.5
2 598.605 -27.7079 -11.3375 0.5
2 620.643 22.6739 -14.8085 0.5
2 540.019 -134.227 1.99291 0.5
2 662.488 91.585 -14.9538 0.5
2 529.585 -142.22 14.2156 0.5
2 583.849 -47.5806 14.4182 0.5
2 500.723 -175.25 -8.76493 0.5
2 537.367 -123.183 14.9802 0.5
2 609.008 11.0276 10.3103 0.5
2 515.199 -154.179 -12.5799 0.5
2 656.445 68.4727 5.82475 0.5
2 523.017 -134.371 -4.06656 0.5
2 533.121 -142.153 -10.3636 0.5
2 655.349 81.9404 14.9204 0.5
2 598.617 -25.2524 -13.0548 0.5
2 539.521 -105.701 -3.76163 0.5
2 543.008 -113.793 -14.9949 0.5
2 656.891 81.9361 14.9572 0.5
2 628.644 37.3323 -14.6571 0.5
2 608.82 -4.16288 14.4653 0.5
2 582.731 -35.9211 -11.6415 0.5
2 571.418 -79.5527 3.53318 0.5
2 581.715 -42.2899 14.1941 0.5
2 546.278 -115.407 -13.3245 0.5
2 593.275 -19.9948 -13.2006 0.5
2 594.461 -23.5708 14.9256 0.5
2 658.054 87.1215 -14.8608 0.5
2 638.595 65.7928 -4.14775 0.5
2 572.377 -72.0473 -12.1963 0.5
2 638.707 45.6819 -13.795 0.5
2 562.049 -74.2961 13.3152 0.5
2 588.375 -50.5946 0.55661 0.5
2 576.453 -70.7697 -3.78069 0.5
2 570.861 -77.4435 9.62754 0.5
2 637.69 60.5076 10.515 0.5
2 643.426 72.3242 8.17227 0.5
2 575.552 -44.554 -7.00897 0.5
2 627.288 25.6573 -13.6873 0.5
2 556.788 -104.205 5.66466 0.5
2 519.568 -166.808 -8.96662 0.5
2 501.076 -201.027 -4.78524 0.5
2 565.313 -73.5492 -14.8661 0.5
2 505.545 -183.517 -14.326 0.5
2 542.404 -101.422 -5.85933 0.5
2 580.272 -46.6047 14.6898 0.5
2 527.241 -127.484 5.36251 0.5
2 660.638 76.5752 7.51303 0.5
2 521.436 -147.484 14.4392 0.5
2 650.759 72.9637 14.9911 0.5
2 505.934 -192.068 -6.17283 0.5
2 531.926 -121.436 9.07761 0.5
2 579.331 -39.1023 8.77265 0.5
2 548.312 -106.779 14.8937 0.5
2 623.367 34.5171 -11.596 0.5
2 559.435 -91.8646 -13.6887 0.5
2 641.315 68.6305 8.22861 0.5
2 522.385 -145.717 -14.4041 0.5
2 600.901 0.94528 2.08143 0.5
2 523.087 -144.596 14.4312 0.5
2 596.184 -34.5856 -8.28339 0.5
2 539.35 -133.382 -7.71631 0.5
2 516.045 -165.638 -14.2267 0.5
2 657.175 91.6981 -12.6008 0.5
2 505.872 -187.147 -12.2606 0.5
2 546.017 -95.3003 6.17165 0.5
2 652.219 66.6486 -12.4758 0.5
2 523.146 -157.507 12.0576 0.5
2 654.859 70.8341 -12.2085 0.5
2 541.928 -129.357 -6.92997 0.5
2 533.618 -144.256 -5.85852 0.5
2 593.202 -38.877 -9.46965 0.5
2 571.359 -70.6703 -13.9183 0.5
2 606.086 10.0183 1.25752 0.5
2 516.396 -174.788 3.79394 0.5
2 569.518 -69.877 -14.9132 0.5
2 587.52 -44.964 12.7643 0.5
2 569.798 -57.1945 -10.626 0.5
2 558.205 -78.5958 11.7962 0.5
2 621.676 7.07575 0.273995 0.5
3 882.813 94.7641 14.0565 0.5
3 872.046 85.0711 -1.4588 0.5
3 674.614 107.892 12.7558 0.5
3 732.446 113.668 -6.17853 0.5
3 860.68 113.075 7.35198 0.5
3 683.382 108.004 -12.6862 0.5
3 982.908 114.583 -3.51039 0.5
3 926.536 110.523 -10.69 0.5
3 714.909 113.044 -7.4066 0.5
3 835.584 87.9399 8.91937 0.5
3 885.054 90.045 -11.2204 0.5
3 891.987 85.7194 -4.5896 0.5
3 714.954 86.6951 -6.92669 0.5
3 730.992 101.868 -14.8833 0.5
3 853.607 90.1476 -11.3106 0.5
3 857.637 114.029 -5.31028 0.5
3 977.919 95.5813 14.3344 0.5
3 892.769 85.6326 4.31003 0.5
3 765.701 112.418 -8.41322 0.5
3 899.22 86.9783 -7.44553 0.5
3 773.366 102.911 14.7149 0.5
3 935.618 85.0292 0.935251 0.5
3 800.102 113.98 5.43604 0.5
3 728.88 85.7902 4.80448 0.5
3 710.283 100.54 -14.9903 0.5
3 755.151 111.439 9.70287 0.5
3 771.372 110.393 -10.8161 0.5
3 742.345 89.5877 10.7974 0.5
3 780.178 109.812 -11.3458 0.5
3 949.825 90.0894 11.2597 0.5
3 771.4 106.141 13.6854 0.5
3 785.066 92.5904 -13.0421 0.5
3 937.051 109.35 -11.7292 0.5
3 891.001 113.837 5.79194 0.5
3 692.409 112.235 -8.67755 0.5
3 762.147 113.256 -7.02016 0.5
3 832.67 106.661 13.4397 0.5
3 721.553 114.91 -1.63971 0.5
3 855.734 111.81 -9.24755 0.5
3 747.543 114.872 -1.95663 0.5
3 925.832 112.876 -7.6945 0.5
3 888.07 91.2962 -12.2165 0.5
3 927.41 104.267 -14.3803 0.5
3 699.498 91.0733 12.0546 0.5
3 727.237 86.1217 5.69159 0.5
3 946.077 114.493 3.86791 0.5
3 702.528 112.085 8.8849 0.5
3 762.781 96.1961 14.5097 0.5
3 958.554 114.399 4.20412 0.5
3 941.483 114.924 -1.5104 0.5
3 831.72 85.739 -4.65012 0.5
3 917.078 93.3351 13.438 0.5
3 683.769 92.4301 -12.9498 0.5
3 945.136 87.075 7.61209 0.5
3 938.387 87.3889 8.12154 0.5
3 693.429 107.27 -13.1207 0.5
3 897.503 112.42 8.41105 0.5
3 795.058 87.1611 7.75642 0.5
3 854.694 103.135 14.6687 0.5
3 747.188 105.701 13.8744 0.5
3 718.725 114.701 2.98097 0.5
3 670.147 112.795 -7.82876 0.5
3 858.841 109.677 -11.4614 0.5
3 962.987 90.2673 11.4138 0.5
3 851.762 114.963 1.04588 0.5
3 772.814 107.478 13.0033 0.5
3 764.579 85.7996 -4.83202 0.5
3 795.945 89.6673 10.8736 0.5
3 844.32 85.1261 -1.94103 0.5
3 967.57 85.7967 -4.82361 0.5
3 899.287 108.226 12.5431 0.5
3 770.711 85.2213 -2.56714 0.5
3 979.858 103.439 14.6004 0.5
3 913.263 102.214 14.8357 0.5
3 961.432 85.3873 3.38667 0.5
3 915.577 112.755 -7.89304 0.5
3 946.631 113.954 5.50425 0.5
3 809.371 110.945 -10.2568 0.5
3 819.217 112.52 8.26148 0.5
3 780.11 112.312 -8.5684 0.5
3 895.798 92.0444 -12.7165 0.5
3 765.988 85.1192 1.88724 0.5
3 720.107 114.823 2.29624 0.5
3 780.471 89.4335 -10.6466 0.5
3 735.352 100.549 -14.9899 0.5
3 967.417 94.5385 -13.9704 0.5
3 980.607 85.9344 -5.21136 0.5
3 717.459 85.5253 3.93469 0.5
3 709.048 94.3251 -13.8851 0.5
3 980.283 108.979 12.016 0.5
3 721.777 110.867 10.3397 0.5
3 792.311 111.843 -9.20568 0.5
3 934.863 103.231 -14.6479 0.5
3 751.783 101.233 -14.9492 0.5
3 910.759 114.933 1.4145 0.5
3 880.949 85.4636 3.70038 0.5
3 854.402 96.1135 14.4878 0.5
3 762.615 103.063 14.684 0.5
3 816.162 91.9391 12.65 0.5
3 747.348 114.967 0.991048 0.5
3 730.682 93.8708 13.6906 0.5
3 981.178 114.746 2.75042 0.5
3 855.21 113.893 5.65521 0.5
3 914.822 115 0.0413132 0.5
3 722.095 90.3743 11.5041 0.5
3 840.378 94.687 -14.0275 0.5
3 838.158 97.9187 14.8549 0.5
3 850.462 87.7659 -8.67909 0.5
3 705.572 85.4953 3.82292 0.5
3 775.804 94.1964 13.8318 0.5
3 811.142 85.0045 -0.366043 0.5
3 853.233 100.753 -14.9811 0.5
3 790.308 107.26 -13.1261 0.5
3 984.652 100.439 -14.9936 0.5
3 968.287 101.262 -14.9468 0.5
3 936.971 104.421 -14.3335 0.5
3 831.134 90.7116 -11.7782 0.5
3 835.472 103.648 14.5496 0.5
3 880.345 98.9764 14.965 0.5
3 948.043 112.185 8.74782 0.5
3 694.008 99.9437 -14.9999 0.5
3 999.303 108.861 -12.1032 0.5
3 778.648 99.6695 14.9964 0.5
3 833.405 85.0011 0.177531 0.5
3 809.475 114.42 -4.13083 0.5
3 980.494 89.6424 -10.8499 0.5
3 731.198 110.779 -10.4309 0.5
3 798.36 106.088 -13.7089 0.5
3 786.716 114.764 2.64826 0.5
3 756.841 102.188 -14.8396 0.5
3 982.906 113.072 7.35675 0.5
3 907.723 94.1375 -13.8069 0.5
3 991.508 102.581 -14.7762 0.5
3 991.92 85.6481 -4.36153 0.5
3 970.561 95.0127 -14.1466 0.5
3 909.342 103.452 14.5974 0.5
3 761.327 111.235 -9.93828 0.5
3 805.132 85.5262 -3.93817 0.5
3 676.471 85.0037 0.334256 0.5
3 920.514 89.7841 10.9835 0.5
3 745.338 111.516 -9.61173 0.5
3 835.222 85.1223 1.91189 0.5
3 721.525 88.5825 -9.72835 0.5
3 696.632 109.777 11.3762 0.5
3 671.599 112.061 8.91876 0.5
3 986.752 85.1451 -2.08105 0.5
3 877.289 85.0012 -0.186862 0.5
3 821.175 86.1729 -5.8148 0.5
3 835.049 85.681 4.46833 0.5
3 985.733 95.854 14.4156 0.5
3 780.644 89.0483 10.2499 0.5
3 705.833 95.4944 14.3073 0.5
3 811.076 110.88 -10.3264 0.5
3 707.086 85.2586 2.77335 0.5
3 824.329 109.523 -11.5894 0.5
3 698.547 110.098 -11.0923 0.5
3 861.678 85.2059 -2.47702 0.5
3 674.247 111.147 -10.0369 0.5
3 995.169 85.3056 3.01254 0.5
3 800.649 110.128 11.0648 0.5
3 888.139 113.468 -6.60436 0.5
3 732.279 99.056 -14.9703 0.5
3 816.123 85.7912 4.80732 0.5
3 937.685 98.4715 14.9219 0.5
3 831.416 85.1587 -2.17614 0.5
3 800.015 102.492 14.7915 0.5
3 714.993 102.519 14.787 0.5
3 967.414 101.873 14.8826 0.5
3 798.853 89.5104 -10.7223 0.5
3 936.683 113.224 -7.07968 0.5
3 952.148 86.4659 6.4674 0.5
3 720.06 85.3852 3.37735 0.5
3 707.661 85.2476 -2.71406 0.5
3 980.93 103.608 14.5596 0.5
3 917.03 85.0005 0.118617 0.5
3 680.493 87.3228 8.01805 0.5
3 872.199 93.4329 -13.486 0.5
3 818.57 103.002 -14.6965 0.5
3 987.99 107.357 -13.0718 0.5
3 700.219 89.8032 11.0012 0.5
3 816.85 90.5148 11.6202 0.5
3 773.516 86.479 6.49488 0.5
3 805.112 87.763 8.67499 0.5
3 958.917 85.3145 -3.05558 0.5
3 959.258 95.0985 -14.1766 0.5
3 729.748 100.972 14.9684 0.5
3 784.3 110.934 -10.2687 0.5
3 996.409 111.92 9.10631 0.5
3 772.812 86.2415 -5.97518 0.5
3 962.596 105.355 -14.0117 0.5
3 705.555 107.909 12.7456 0.5
3 783.592 99.5314 14.9927 0.5
3 805.804 85.3439 -3.19353 0.5
3 942.453 110.098 -11.0922 0.5
3 747.056 99.8913 -14.9996 0.5
3 672.739 93.9308 13.7173 0.5
3 948.053 100.898 14.9731 0.5
3 993.526 104.719 14.2384 0.5
3 746.915 101.393 14.9352 0.5
3 764.753 90.5426 11.643 0.5
3 898.169 87.9572 8.94259 0.5
3 937.076 88.8847 10.0723 0.5
3 958.234 85.1061 -1.78097 0.5
3 841.817 109.675 11.4628 0.5
3 715.224 109.598 11.5274 0.5
3 774.697 92.2839 12.8632 0.5
3 671.778 108.681 12.233 0.5
3 969.682 85.2088 -2.49435 0.5
3 940.278 87.7082 8.5972 0.5
3 733.941 114.98 0.78304 0.5
3 829.376 107.049 13.2407 0.5
3 801.437 96.2038 -14.5117 0.5
3 706.962 85.1213 -1.90382 0.5
3 895.181 112.295 8.5927 0.5
3 901.362 86.5478 6.63622 0.5
3 966.461 103.47 -14.5932 0.5
3 951.406 98.5977 14.9343 0.5
3 839.042 103.507 -14.5844 0.5
3 943.684 93.2803 13.4107 0.5
3 900.875 113.402 -6.73611 0.5
3 689.313 95.1933 14.209 0.5
3 716.481 111.797 9.26387 0.5
3 891.536 87.5479 8.36338 0.5
3 730.475 109.712 -11.4318 0.5
3 970.199 114.346 -4.38165 0.5
3 769.422 93.7178 -13.6211 0.5
3 756.509 98.494 14.9242 0.5
3 938.812 108.308 -12.489 0.5
3 887.214 107.852 12.7807 0.5
3 888.194 95.879 14.4228 0.5
3 963.823 85.062 -1.36262 0.5
3 682.746 88.8946 10.0832 0.5
3 730.766 98.1417 -14.8844 0.5
3 734.483 95.365 -14.2659 0.5
3 809.483 101.838 -14.887 0.5
3 924.445 86.0209 5.43909 0.5
3 691.403 109.768 -11.3839 0.5
3 713.863 89.8619 11.0553 0.5
3 984.173 105.98 -13.7562 0.5
3 806.954 106.155 -13.679 0.5
3 995.487 87.6565 -8.52276 0.5
3 671.428 89.49 -10.7024 0.5
3 711.962 85.2581 2.77055 0.5
3 684.136 85.1775 2.30064 0.5
3 717.523 114.997 -0.277748 0.5
3 957.223 94.025 13.7586 0.5
3 692.022 85.6747 -4.44803 0.5
3 676.928 89.2588 10.4703 0.5
3 897.112 85.1781 -2.3046 0.5
3 763.173 103.359 -14.6191 0.5
3 787.28 113.53 6.47562 0.5
3 997.612 112.257 8.64718 0.5
3 858.109 114.988 -0.609798 0.5
3 874.672 85.0638 1.38148 0.5
3 688.762 114.45 4.0259 0.5
3 707.139 106.5 -13.5185 0.5
3 680.908 111.072 -10.12 0.5
3 897.122 114.341 4.39836 0.5
3 808.584 95.5938 14.3382 0.5
3 798.283 112.404 -8.43454 0.5
3 806.21 92.8279 -13.1743 0.5
3 847.315 103.616 -14.5576 0.5
3 734.136 113.957 5.49653 0.5
3 780.703 85.0958 -1.69273 0.5
3 803.694 108.006 -12.685 0.5
3 975.748 85.4566 -3.67297 0.5
3 684.118 110.018 -11.1643 0.5
3 973.521 91.2223 12.1636 0.5
3 759.923 92.1059 -12.7547 0.5
3 896.103 85.1789 2.30964 0.5
3 822.545 99.1036 -14.9732 0.5
3 935.419 114.518 -3.77261 0.5
3 909.495 91.8238 12.5758 0.5
3 821.568 85.961 5.28271 0.5
3 728.644 86.3223 -6.15791 0.5
3 987.45 100.459 -14.993 0.5
3 723.531 85.1727 -2.26977 0.5
3 780.459 99.1222 -14.9743 0.5
3 992.903 108.386 12.4367 0.5
3 965.383 112.935 7.59501 0.5
3 684.353 93.2293 13.385 0.5
3 818.643 108.582 12.3027 0.5
3 767.057 86.9263 -7.35387 0.5
3 734.072 99.1144 -14.9738 0.5
3 866.072 113.272 6.9899 0.5
3 826.562 94.3859 13.9098 0.5
3 819.129 96.9081 -14.6779 0.5
3 716.64 114.69 -3.03553 0.5
3 931.754 109.551 -11.5664 0.5
3 699.819 85.0033 0.316843 0.5
3 848.792 103.481 -14.5905 0.5
3 745.791 107.191 13.164 0.5
3 857.116 102.182 14.8405 0.5
3 852.056 105.114 -14.1014 0.5
3 882.709 85.1884 2.36984 0.5
3 751.011 94.4973 13.9542 0.5
3 791.412 85.1303 -1.97274 0.5
3 908.511 99.3791 14.9871 0.5
3 863.842 109.184 11.8595 0.5
3 805.258 109.803 -11.3534 0.5
3 699.091 89.3867 -10.5999 0.5
3 941.696 106.983 13.2754 0.5
3 680.604 96.742 14.6419 0.5
3 717.3 86.0623 -5.54445 0.5
3 783.123 100.909 14.9725 0.5
3 754.054 89.7647 -10.9653 0.5
3 998.271 87.0112 7.50266 0.5
3 863.526 90.7988 -11.8465 0.5
3 834.663 90.2559 -11.4041 0.5
3 793.835 102.705 -14.754 0.5
3 708.913 92.2034 12.8145 0.5
3 996.549 91.8295 12.5795 0.5
3 925.88 89.3783 10.5915 0.5
3 847.224 114.478 -3.92394 0.5
3 822.221 98.2219 14.8942 0.5
3 848.36 94.1457 13.8104 0.5
3 767.296 111.844 9.20371 0.5
3 720.461 86.0284 5.45831 0.5
3 858.484 114.086 5.15471 0.5
3 939.18 112.654 -8.05497 0.5
3 815.067 85.0011 -0.185484 0.5
3 771.156 89.4326 10.6457 0.5
3 745.207 104.766 -14.2227 0.5
3 869.958 85.0177 -0.728458 0.5
3 842.605 94.4425 13.9325 0.5
3 699.433 114.488 3.88425 0.5
3 921.169 91.1715 12.1267 0.5
3 804.704 86.1648 -5.79534 0.5
3 847.198 110.432 -10.7782 0.5
3 774.824 101.498 14.925 0.5
3 854.002 104.725 14.2364 0.5
3 840.905 113.242 -7.04685 0.5
3 772.279 96.6703 14.6258 0.5
3 683.519 92.5553 13.0222 0.5
3 982.966 86.0792 -5.58682 0.5
3 863.896 112.272 -8.62594 0.5
3 676.672 107.946 12.7226 0.5
3 936.451 111.665 9.42983 0.5
3 960.049 110.734 10.4775 0.5
3 666.751 108.745 -12.1871 0.5
3 870.595 102.225 -14.8341 0.5
3 714.129 108.23 -12.5405 0.5
3 706.963 90.956 -11.9669 0.5
3 841.447 114.918 1.5677 0.5
3 684.38 97.3015 14.7553 0.5
3 890.213 113.571 6.38869 0.5
3 813.119 85.0799 1.54577 0.5
3 895.424 103.531 -14.5784 0.5
3 844.298 114.721 -2.87933 0.5
3 884.69 108.528 -12.34 0.5
3 795.401 112.412 8.42255 0.5
3 771.551 86.8492 -7.21506 0.5
3 884.625 114.775 -2.58845 0.5
3 675.498 86.2394 5.97051 0.5
3 885.838 86.3954 -6.31786 0.5
3 670.131 88.8429 -10.026 0.5
3 820.663 94.3786 -13.9068 0.5
3 813.805 86.6971 6.93063 0.5
3 997.327 89.6567 10.8635 0.5
3 771.131 109.348 11.7311 0.5
3 868.891 105.677 13.8842 0.5
3 745.826 85.3232 -3.09717 0.5
3 999.804 86.0896 -5.61246 0.5
3 814.306 114.983 -0.723266 0.5
3 937.926 86.0066 -5.40226 0.5
3 702.683 90.1837 -11.342 0.5
3 905.766 86.1371 -5.72889 0.5
3 812.303 90.7497 -11.8081 0.5
3 753.831 114.741 -2.77287 0.5
3 847.117 91.4805 -12.3458 0.5
3 941.06 114.353 -4.35814 0.5
3 921.927 105.554 13.9339 0.5
3 777.518 104.726 -14.2362 0.5
3 805.487 85.0044 -0.363231 0.5
3 888.802 89.3176 -10.5302 0.5
3 691.157 113.89 5.6629 0.5
3 826.91 102.412 14.8048 0.5
3 674.236 93.3966 13.4683 0.5
3 681.047 88.0359 -9.04766 0.5
3 737.287 85.9666 -5.29758 0.5
3 971.105 114.553 3.63646 0.5
3 850.765 108.841 12.1177 0.5
3 843.351 114.858 2.0599 0.5
3 797.523 105.576 -13.9251 0.5
3 761.569 85.0246 -0.858709 0.5
3 907.504 113.862 -5.73217 0.5
3 761.221 114.265 4.63804 0.5
3 769.606 96.6553 14.6223 0.5
3 693.501 85.2771 2.87004 0.5
3 754.117 93.3924 13.4662 0.5
3 940.877 112.067 8.90992 0.5
3 857.563 85.0054 0.402706 0.5
3 846.149 85.5229 -3.92602 0.5
3 811.845 85.5652 4.07866 0.5
3 841.034 112.553 8.21105 0.5
3 707.119 86.1672 5.80112 0.5
3 940.282 102.243 -14.8313 0.5
3 919.399 114.997 0.285978 0.5
3 917.613 110.794 10.4156 0.5
