0 84.2737 108.195 -99.6637 0.5
0 62.4403 74.1674 96.6058 0.5
0 76.0555 175.765 65.2662 0.5
0 110.594 196.559 26.0069 0.5
0 64.3085 180.05 59.9332 0.5
0 23.143 151.008 86.0129 0.5
0 71.2241 122.068 -97.5346 0.5
0 85.617 152.54 85.0855 0.5
0 110.853 56.6842 90.1318 0.5
0 109.385 195.599 29.3397 0.5
0 95.3243 180.151 -59.7977 0.5
0 28.029 195.411 -29.9464 0.5
0 40.0567 71.1213 -95.7393 0.5
0 66.345 15.4648 53.4209 0.5
0 102.183 167.689 -73.6081 0.5
0 105.948 126.537 96.4148 0.5
0 74.5314 26.6496 -67.9685 0.5
0 77.4226 197.737 21.1516 0.5
0 89.5195 10.8249 -45.2527 0.5
0 108.171 36.5475 -77.2902 0.5
0 66.3758 9.91056 -43.4038 0.5
0 110.18 186.227 50.6448 0.5
0 94.2715 183.238 -55.4212 0.5
0 37.0492 69.8229 -95.338 0.5
0 31.5632 94.7333 -99.8612 0.5
0 98.246 157.926 -81.5141 0.5
0 3.37895 166.076 75.0598 0.5
0 88.254 140.554 -91.4076 0.5
0 106.129 99.0337 99.9953 0.5
0 58.5009 2.65174 22.8761 0.5
0 33.3877 10.4166 -44.4389 0.5
0 5.23282 175.308 -65.7931 0.5
0 14.3889 152.002 85.4155 0.5
0 94.0152 9.50007 -42.5413 0.5
0 27.2335 113.206 -99.1241 0.5
0 54.5174 19.2506 58.9875 0.5
0 6.0065 91.3881 -99.6285 0.5
0 60.8434 174.747 -66.4293 0.5
0 90.5924 196.074 -27.7463 0.5
0 13.374 60.4709 91.8556 0.5
0 35.4012 1.50937 17.3088 0.5
0 7.2908 127.499 96.1447 0.5
0 11.8175 8.64253 40.6671 0.5
0 63.1435 188.317 46.9048 0.5
0 85.4901 0.287177 -7.57318 0.5
0 8.09284 177.24 -63.5133 0.5
0 9.09661 4.6917 30.2709 0.5
0 75.5402 153.337 84.5885 0.5
0 13.8301 36.9086 77.5853 0.5
0 101.437 13.9752 -50.9876 0.5
0 20.152 43.2341 -82.3264 0.5
0 104.351 198.064 19.5827 0.5
0 25.4669 194.161 -33.6702 0.5
0 67.2125 28.9409 -70.3606 0.5
0 27.7455 35.5847 -76.4896 0.5
0 74.7907 12.9363 -49.1926 0.5
0 80.7171 200 0.0925896 0.5
0 19.3186 37.9447 78.4165 0.5
0 41.4101 118.217 -98.3267 0.5
0 6.20305 160.909 79.3101 0.5
0 41.5119 169.832 71.5784 0.5
0 48.5614 199.873 -5.03293 0.5
0 37.3555 180.658 -59.1122 0.5
0 60.6018 195.467 29.7657 0.5
0 5.61116 77.6103 -97.4613 0.5
0 46.3392 115.012 -98.8667 0.5
0 42.0884 92.2689 99.7007 0.5
0 52.7331 2.37936 -21.6843 0.5
0 91.7612 54.6934 -89.1477 0.5
0 3.48594 180.055 -59.9259 0.5
0 0.704954 0.0629922 -3.54887 0.5
0 60.7559 64.5781 93.5162 0.5
0 37.7178 33.9605 75.0918 0.5
0 17.6971 174.756 -66.419 0.5
0 98.2524 45.4292 -83.7976 0.5
0 60.6271 52.7672 -88.1423 0.5
0 41.3848 198.601 16.6682 0.5
0 52.1184 3.79986 27.3045 0.5
0 37.425 35.6344 76.5315 0.5
0 68.9141 185.227 52.3101 0.5
0 71.1179 85.7657 -98.9817 0.5
0 7.95138 171.204 -70.2138 0.5
0 101.587 55.5376 89.5717 0.5
0 44.5959 157.887 81.5418 0.5
0 10.4378 196.487 -26.2723 0.5
0 17.0058 1.02316 -14.2683 0.5
0 10.5404 193.891 -34.4165 0.5
0 14.4436 22.173 62.793 0.5
0 106.323 128.32 95.906 0.5
0 94.3458 153.99 84.173 0.5
0 109.068 5.27514 -32.05 0.5
0 65.3408 175.71 -65.3304 0.5
0 10.6752 55.8067 89.7048 0.5
0 80.185 35.278 76.2303 0.5
0 22.7041 26.3056 -67.5954 0.5
0 79.1007 37.3612 77.9511 0.5
0 9.25913 126.12 -96.5285 0.5
0 12.4527 155.508 -83.18 0.5
0 97.3291 15.6991 53.7899 0.5
0 56.9036 134.303 93.9324 0.5
0 103.181 21.4396 61.8729 0.5
0 61.6083 195.657 -29.1503 0.5
0 109.163 172.297 69.0879 0.5
0 62.1815 199.696 7.79244 0.5
0 107.078 87.9343 99.2694 0.5
0 8.02548 80.3178 98.0439 0.5
0 82.506 1.57406 -17.673 0.5
0 65.7325 185.154 52.4293 0.5
0 57.9133 158.307 81.2424 0.5
0 109.764 198.646 -16.3977 0.5
0 60.6301 0.105383 4.58972 0.5
0 78.1944 177.811 -62.8125 0.5
0 21.1742 58.514 -90.9885 0.5
0 7.3402 133.806 -94.1124 0.5
0 15.3809 3.19137 25.0617 0.5
0 97.9773 197.725 -21.2075 0.5
0 49.1715 7.2949 -37.4935 0.5
0 105.576 44.1282 -82.9357 0.5
0 61.3364 14.3016 51.5343 0.5
0 36.6072 0.12557 5.00981 0.5
0 36.1223 33.6409 74.8096 0.5
0 95.1127 2.02641 20.0293 0.5
0 107.155 198.457 -17.497 0.5
0 87.7837 199.388 -11.0447 0.5
0 101.047 178.31 62.1893 0.5
0 46.569 197.653 -21.5392 0.5
0 90.8122 1.52015 -17.37 0.5
0 20.8971 160.803 79.391 0.5
0 92.0437 118.396 -98.2934 0.5
0 91.2035 34.0219 75.1458 0.5
0 83.1849 24.1848 65.2078 0.5
0 14.0945 1.47831 -17.1312 0.5
0 11.7214 194.325 -33.2097 0.5
0 23.7682 198.667 16.2707 0.5
0 102.55 106.576 99.7835 0.5
0 104.57 8.9245 41.2947 0.5
0 62.5622 57.9522 -90.7303 0.5
0 20.099 8.33178 -39.9617 0.5
0 31.8481 14.6212 52.0621 0.5
0 77.8666 0.00212961 -0.652623 0.5
0 39.1299 0.548298 10.4575 0.5
0 32.5417 24.3299 -65.3761 0.5
0 76.6719 32.5152 -73.7957 0.5
0 58.6069 0.366792 8.55709 0.5
0 77.7681 70.1915 95.4539 0.5
0 106.864 169.737 -71.6714 0.5
0 62.9699 121.147 -97.7385 0.5
0 69.4952 67.4918 94.5686 0.5
0 28.0313 99.2997 99.9975 0.5
0 85.3955 193.91 -34.3654 0.5
0 92.22 175.542 -65.5246 0.5
0 48.8657 199.924 -3.89386 0.5
0 70.7854 194.383 33.0436 0.5
0 93.7852 192.837 -37.1654 0.5
0 73.3924 199.925 3.87168 0.5
0 75.6358 142.462 -90.5372 0.5
0 100.156 21.3116 61.7101 0.5
0 87.6771 183.179 55.5093 0.5
0 61.0742 140.899 91.254 0.5
0 10.2968 2.16943 20.7167 0.5
0 87.2334 188.903 -45.785 0.5
0 22.6201 30.3578 -71.7632 0.5
0 72.9148 147.327 88.0917 0.5
0 105.265 141.683 90.8984 0.5
0 7.05233 0.125725 -5.01291 0.5
0 11.9979 3.86563 -27.5351 0.5
0 30.8483 33.4065 -74.601 0.5
0 53.0951 8.96173 41.3767 0.5
1 133.547 156.753 29.2949 0.5
1 166.596 52.2679 -87.5229 0.5
1 122.282 62.8115 -98.3957 0.5
1 138.294 -28.9087 -57.483 0.5
1 114.28 178.612 -54.103 0.5
1 139.903 -26.7627 -63.9316 0.5
1 133.167 161.72 3.96649 0.5
1 125.862 50.1631 97.0058 0.5
1 141.466 117.357 -71.4806 0.5
1 137.147 42.7684 -99.2608 0.5
1 123.499 168.451 -43.7792 0.5
1 143.84 91.447 -87.6525 0.5
1 163.73 -25.8527 93.7812 0.5
1 140.836 -28.9761 63.2061 0.5
1 131.23 78.5632 99.0967 0.5
1 161.174 -38.0517 -85.8148 0.5
1 134.669 82.8742 -97.1566 0.5
1 151.428 130.152 1.81867 0.5
1 164.267 107.929 -0.746846 0.5
1 159.676 98.1833 -56.8034 0.5
1 146.98 -4.768 90.4526 0.5
1 125.252 19.3755 82.7595 0.5
1 126.508 152.755 -60.7608 0.5
1 162.234 110.781 -11.5659 0.5
1 153.941 -66.4678 38.5176 0.5
1 130.184 38.4127 -95.8372 0.5
1 149.607 -66.6713 1.01924 0.5
1 134.123 150.67 -42.4828 0.5
1 146.952 129.326 -40.5606 0.5
1 144.992 -37.7488 -61.2273 0.5
1 166.438 -61.9788 74.9941 0.5
1 115.177 82.6966 99.4722 0.5
1 115.89 79.3299 -99.2292 0.5
1 123.002 179.195 6.45832 0.5
1 136.46 -25.8921 -57.2559 0.5
1 125.33 -2.04027 -63.3039 0.5
1 145.57 -58.1752 -17.3121 0.5
1 119.178 8.86735 -63.6113 0.5
1 142.341 -52.6774 -16.7599 0.5
1 145.071 0.973644 91.5616 0.5
1 117.597 -11.0091 -6.6985 0.5
1 126.064 -25.5881 -7.89261 0.5
1 143.412 -55.9142 2.55837 0.5
1 114.364 157.886 77.2348 0.5
1 164.066 107.209 -14.5957 0.5
1 144.142 133.941 -41.1245 0.5
1 123.351 -8.43332 48.8925 0.5
1 164.49 58.1807 -86.2325 0.5
1 118.619 119.243 94.6577 0.5
1 150.129 -16.4818 -87.2279 0.5
1 130.352 13.1288 -84.4562 0.5
1 141.641 133.671 50.0905 0.5
1 130.388 156.677 43.4526 0.5
1 136.892 85.9556 95.2 0.5
1 139.555 -48.4292 -12.9057 0.5
1 118.019 -10.53 16.8769 0.5
1 146.942 -40.2818 62.3015 0.5
1 111.758 165.648 -74.4442 0.5
1 155.59 -6.00618 95.7131 0.5
1 123.177 98.4081 -98.1184 0.5
1 157.631 -68.4157 47.7909 0.5
1 136.975 144.068 45.8583 0.5
1 149.903 -7.04375 -91.7153 0.5
1 166.569 -54.578 81.0876 0.5
1 155.15 -50.1041 -67.4515 0.5
1 150.989 125.087 33.6819 0.5
1 136.963 90.0595 93.7357 0.5
1 137.683 102.115 87.6506 0.5
1 118.366 -12.1205 9.43453 0.5
1 114.131 24.8663 71.5088 0.5
1 141.402 51.2851 99.9296 0.5
1 159.364 -81.0959 -22.134 0.5
1 142.513 -0.0125298 88.9862 0.5
1 133.799 65.9881 -99.8603 0.5
1 146.52 138.45 -6.62597 0.5
1 127.029 166.729 -33.2795 0.5
1 113.828 119.199 -97.1009 0.5
1 123.233 69.8555 99.5807 0.5
1 113.158 74.8744 -97.6437 0.5
1 122.012 97.8554 -98.5895 0.5
1 154.114 61.3242 -93.3695 0.5
1 123.682 176.674 -17.5582 0.5
1 159.344 -57.2283 67.6039 0.5
1 113.529 17.4515 -62.1265 0.5
1 118.591 162.814 -65.2614 0.5
1 162.29 28.9741 -98.4356 0.5
1 128.238 -15.459 51.3749 0.5
1 159.387 115.951 9.30186 0.5
1 118.203 143.693 -82.8655 0.5
1 157.714 51.9444 94.5152 0.5
1 119.853 64.6115 -97.9288 0.5
1 121.537 17.4291 76.4075 0.5
1 152.56 -50.4028 61.8091 0.5
1 158.563 6.02621 99.3032 0.5
1 124.128 74.0578 -99.9423 0.5
1 133.21 -24.5002 50.649 0.5
1 116.436 61.6558 -95.666 0.5
1 147.296 -48.9 50.6474 0.5
1 150.895 123.203 -38.9303 0.5
1 130.439 55.2186 99.359 0.5
1 158.413 109.296 -40.9626 0.5
1 119.181 -13.697 -7.48483 0.5
1 162.154 20.421 99.6094 0.5
1 152.501 -71.4377 -7.09065 0.5
1 116.993 99.0266 99.5745 0.5
1 164.675 56.305 87.1269 0.5
1 113.801 -1.20981 -26.0406 0.5
1 160.116 99.8843 53.0575 0.5
1 111.907 163.796 75.8433 0.5
1 111.783 176.621 -62.8453 0.5
1 127.832 33.4661 92.6731 0.5
1 138.605 -31.351 54.6754 0.5
1 139.897 63.6058 -99.0895 0.5
1 118.68 62.7923 97.0529 0.5
1 132.234 158.35 -31.4195 0.5
1 159.86 -15.2673 95.1285 0.5
1 137.985 153.269 -6.0642 0.5
1 144.907 63.111 -97.6288 0.5
1 142.57 -36.6037 -57.0713 0.5
1 129.91 167.432 -1.14148 0.5
1 153.558 107.82 58.1701 0.5
1 116.04 16.722 -66.4355 0.5
1 151.466 52.6456 -97.4261 0.5
1 113.753 192.138 25.4268 0.5
1 165.415 90.3344 -53.6478 0.5
1 160.099 -84.6856 5.71424 0.5
1 120.065 167.797 55.3194 0.5
1 140.609 123.031 -67.1256 0.5
1 147.917 98.1772 -78.5176 0.5
1 137.442 153.906 9.86635 0.5
1 122.78 -7.39642 48.9776 0.5
1 126.392 172.818 -11.9376 0.5
1 151.839 37.4646 -99.6788 0.5
1 129.741 102.716 -93.6813 0.5
1 145.774 101.997 -78.4326 0.5
1 158.661 104.7 49.2011 0.5
1 166.07 85.8676 -58.56 0.5
1 166.058 6.69985 99.9825 0.5
1 136.956 -23.7599 61.3161 0.5
1 147.555 21.2263 -98.7676 0.5
1 159.03 -81.9478 -14.4493 0.5
1 126.455 43.393 -95.384 0.5
1 138.476 134.237 57.7549 0.5
1 122.166 177.507 -25.6531 0.5
1 133.772 112.88 -85.3373 0.5
1 118.03 -0.37995 46.7548 0.5
1 149.675 130.55 -22.8934 0.5
1 117.032 -7.47331 -23.4214 0.5
1 130.744 165.689 7.8068 0.5
1 135.1 -23.2571 -57.653 0.5
1 137.78 87.107 -94.2932 0.5
1 134.14 58.3902 99.9852 0.5
1 140.144 44.8292 -99.8807 0.5
1 152.94 -33.4535 -79.237 0.5
1 155.323 120.575 -23.6916 0.5
1 126.666 107.288 -93.9592 0.5
1 148.426 133.989 16.5576 0.5
1 126.756 62.9125 99.4998 0.5
1 117.184 107.967 -98.2766 0.5
1 120.705 99.9996 -98.6097 0.5
1 111.753 23.1394 -65.2846 0.5
1 111.901 163.508 -76.0996 0.5
1 147.42 -57.8269 31.4118 0.5
1 139.1 130.522 -61.3098 0.5
1 132.214 -27.1059 42.4245 0.5
1 118.812 123.843 -92.8307 0.5
1 135.419 28.8455 95.687 0.5
1 165.514 73.7799 -73.3137 0.5
1 130.495 -22.6085 -45.5281 0.5
1 113.998 102.899 99.6876 0.5
1 142.428 140.37 -32.382 0.5
1 152.014 126.479 22.9726 0.5
1 144.275 0.336648 90.6493 0.5
1 163.182 109.799 1.48412 0.5
1 120.863 2.31349 58.9243 0.5
1 130.292 -33.1974 2.24805 0.5
1 142.385 -43.9 -44.1383 0.5
1 146.295 96.7133 -81.7071 0.5
1 134.784 -20.5646 60.5786 0.5
1 158.063 118.345 -8.14559 0.5
1 148.342 135.479 -2.64922 0.5
1 112.574 85.0998 -99.2323 0.5
2 196.711 -14.2358 -71.3659 0.5
2 202.365 50.5108 98.8541 0.5
2 215.403 -4.05718 -38.6095 0.5
2 183.225 -1.27939 94.1385 0.5
2 181.506 -24.4507 -84.2131 0.5
2 173.406 -35.0895 -86.2904 0.5
2 171.617 61.4494 87.1159 0.5
2 188.505 141.598 0.443625 0.5
2 173.138 -73.569 -46.4574 0.5
2 204.671 139.123 -71.8785 0.5
2 216.849 24.7238 -75.1537 0.5
2 208.681 -20.6047 -23.7049 0.5
2 205.477 120.966 86.62 0.5
2 191.894 8.94892 -92.2826 0.5
2 206.167 122.213 86.5908 0.5
2 193.525 100.769 86.3276 0.5
2 196.651 -42.5444 -18.6109 0.5
2 181.499 85.8551 -82.585 0.5
2 182.637 31.2511 -99.9998 0.5
2 179.709 -62.8796 45.1167 0.5
2 169.88 -23.6011 94.4184 0.5
2 196.493 -42.3737 -20.817 0.5
2 216.972 24.5222 74.7879 0.5
2 183.211 -29.5641 78.4647 0.5
2 203.033 42.4098 96.9892 0.5
2 182.735 -15.5938 -88.1602 0.5
2 206.709 134.538 78.9237 0.5
2 167.651 100.795 30.2502 0.5
2 171.811 -76.0684 -46.0722 0.5
2 189.498 87.2727 -89.8227 0.5
2 214.058 44.9181 91.2352 0.5
2 206.678 162.198 -45.3594 0.5
2 196.901 -32.5001 -46.2888 0.5
2 186.182 9.04719 -95.8442 0.5
2 193.804 19.9089 95.1161 0.5
2 182.926 120.852 45.7609 0.5
2 204.763 169.571 -6.1383 0.5
2 198.639 -32.8971 39.0735 0.5
2 182.638 -37.6351 72.311 0.5
2 189.179 119.156 64.5361 0.5
2 212.951 127.888 89.8258 0.5
2 167.978 16.3199 99.4709 0.5
2 213.021 113.537 -95.5578 0.5
2 192.788 -50.9799 -0.658441 0.5
2 199.82 81.1152 97.9967 0.5
2 177.375 104.743 56.6281 0.5
2 211.887 35.7802 -88.6257 0.5
2 191.878 -31.9954 60.7431 0.5
2 208.446 154.909 -61.6063 0.5
2 193.863 106.47 -83.1255 0.5
2 202.42 165.074 -11.1803 0.5
2 167.103 42.183 92.6407 0.5
2 198.017 -17.39 65.6122 0.5
2 180.667 -32.5529 -79.564 0.5
2 177.662 -1.18984 -97.0748 0.5
2 186.306 86.8951 87.114 0.5
2 207.353 81.477 99.7382 0.5
2 180.544 -64.0992 -39.4016 0.5
2 201.295 72.0925 -99.6516 0.5
2 217.126 6.16357 52.6623 0.5
2 189.426 133.269 -43.4363 0.5
2 174.823 -52.0521 71.4594 0.5
2 216.334 185.748 -28.1858 0.5
2 167.674 65.6015 79.9392 0.5
2 193.177 147.913 -18.7831 0.5
2 220.14 165.825 -71.9676 0.5
2 205.506 -1.44758 -68.8801 0.5
2 184.82 33.4792 99.9849 0.5
2 185.56 24.6468 99.2952 0.5
2 174.365 71.8305 -83.6985 0.5
2 194.233 148.629 23.8791 0.5
2 221.867 133.866 -93.8674 0.5
2 188.668 15.1243 96.3537 0.5
2 217.29 191.457 -0.291746 0.5
2 167.425 47.1619 -90.7186 0.5
2 180.196 -72.259 10.3052 0.5
2 212.165 182.576 -0.926543 0.5
2 176.004 72.0685 -85.3429 0.5
2 211.973 20.7259 78.8352 0.5
2 220.848 191.808 -33.5929 0.5
2 170.05 -68.9939 61.785 0.5
2 204.431 168.371 -12.7277 0.5
2 192.594 25.9661 97.3858 0.5
2 171.967 -86.939 -4.58751 0.5
2 179.675 126.244 -3.51568 0.5
2 176.722 116.415 30.5349 0.5
2 214.771 167.005 -60.118 0.5
2 196.3 19.2434 -93.3496 0.5
2 181.672 59.5424 -95.4638 0.5
2 219.424 101.835 99.7765 0.5
2 184.696 133.423 -17.7093 0.5
2 207.078 38.9331 -93.7357 0.5
2 191.195 -53.7368 0.825047 0.5
2 192.462 147.076 -16.5395 0.5
2 202.283 20.0908 89.1134 0.5
2 200.305 -21.6581 -54.7269 0.5
2 212.25 -11.1021 34.5814 0.5
2 212.238 78.813 -99.9242 0.5
2 185.551 -62.7424 -12.4229 0.5
2 206.526 157.876 52.577 0.5
2 170.967 13.8896 -99.9645 0.5
2 184.134 42.4779 99.6424 0.5
2 197.6 49.7505 -99.7106 0.5
2 180.234 -72.7262 0.191333 0.5
2 178.175 34.0008 -99.4689 0.5
2 188.884 131.076 45.9466 0.5
2 206.584 30.2232 -90.4293 0.5
2 217.915 84.5705 -99.6819 0.5
2 204.35 -12.6415 -57.6828 0.5
2 206.772 141.276 73.2877 0.5
2 176.03 116.326 -26.8341 0.5
2 196.603 122.057 74.7466 0.5
2 180.427 104.488 -63.9491 0.5
2 188.183 0.1557 91.259 0.5
2 206.758 -25.6168 15.2381 0.5
2 182.67 82.6341 -85.9337 0.5
2 192.403 -28.4579 64.034 0.5
2 219.147 128.574 94.0787 0.5
2 193.948 -47.5155 17.0042 0.5
2 198.87 159.331 6.65658 0.5
2 213.481 93.7612 -99.6031 0.5
2 187.144 43.1717 99.9228 0.5
2 173.47 -83.7146 -12.0362 0.5
2 209.978 22.1504 82.4118 0.5
2 175.645 90.5541 -70.1885 0.5
2 186.991 -38.679 63.0032 0.5
2 209.568 13.9115 -76.6953 0.5
2 201.371 120.59 -82.3682 0.5
2 173.379 42.5888 96.2334 0.5
2 202.602 -33.0141 -13.886 0.5
2 166.704 -94.896 -15.8571 0.5
2 201.5 78.4627 98.9643 0.5
2 215.437 8.57304 -60.4303 0.5
2 167.213 66.8552 78.3543 0.5
2 202.028 150.142 -52.4848 0.5
2 211.964 -4.24895 50.21 0.5
2 183.291 6.75848 96.6117 0.5
2 203.132 164.682 21.1084 0.5
2 221.258 1.95712 -26.6911 0.5
2 184.152 63.8779 -95.4513 0.5
2 208.939 8.9062 73.2407 0.5
2 198.104 79.7575 -97.6543 0.5
2 175.054 109.373 -41.3044 0.5
2 215.619 186.264 21.3193 0.5
2 215.197 31.5593 -82.6638 0.5
2 168.794 -43.2114 -86.2114 0.5
2 171.508 57.5018 -89.1299 0.5
2 207.604 30.4773 -89.6997 0.5
2 188.837 -57.7851 -2.83287 0.5
2 217.261 190.955 -9.49691 0.5
2 195.375 5.63547 -87.8011 0.5
2 191.983 104.474 82.2678 0.5
2 207.06 58.4883 -98.8304 0.5
2 175.629 -1.24935 -97.8662 0.5
2 177.838 122.72 -8.98643 0.5
2 211.348 68.2839 99.1668 0.5
2 185.937 -59.8564 24.2774 0.5
2 218.8 121.212 96.2468 0.5
2 194.984 -32.8259 51.6184 0.5
2 195.826 50.4439 99.9264 0.5
2 188.142 46.3924 -99.8529 0.5
2 180.747 122.701 -32.5963 0.5
3 276.242 0.260938 7.21938 0.5
3 261.843 41.3328 80.9825 0.5
3 270.136 198.575 -16.8202 0.5
3 294.5 22.8547 63.6286 0.5
3 278.859 158.847 -80.8516 0.5
3 253.578 150.757 -86.1608 0.5
3 302.03 176.011 64.9793 0.5
3 310.78 171.322 70.0943 0.5
3 292.673 100.51 99.9987 0.5
3 327.06 154.549 83.8114 0.5
3 241.587 129.413 -95.5766 0.5
3 265.43 29.0723 -70.493 0.5
3 332.656 0.124784 4.99413 0.5
3 298.701 93.9476 -99.8167 0.5
3 302.347 128.718 95.7876 0.5
3 234.152 98.1065 -99.9821 0.5
3 262.322 196.414 26.5396 0.5
3 284.832 72.1377 -96.0401 0.5
3 243.573 70.1876 -95.4527 0.5
3 271.899 1.95468 19.6752 0.5
3 302.379 83.5965 -98.6454 0.5
3 316.959 199.954 3.02889 0.5
3 250.934 142.447 90.5442 0.5
3 245.364 14.2618 51.4681 0.5
3 261.068 35.6402 76.5364 0.5
3 292.321 14.9792 -52.6447 0.5
3 223.319 87.5356 99.2201 0.5
3 304.675 182.827 56.0331 0.5
3 302.404 29.4398 -70.8609 0.5
3 283.495 108.248 99.6593 0.5
3 324.876 8.94443 -41.3386 0.5
3 302.357 161.362 -78.9599 0.5
3 274.185 177.867 62.744 0.5
3 297.304 172.323 69.0607 0.5
3 228.953 187.19 -48.9684 0.5
3 310.386 31.6698 -73.0136 0.5
3 244.471 35.4473 76.3738 0.5
3 268.119 17.7064 56.8134 0.5
3 243.422 83.1762 98.5746 0.5
3 293.474 194.35 -33.1377 0.5
3 288.072 71.1068 -95.735 0.5
3 283.774 176.997 63.8081 0.5
3 278.479 173.93 -67.3375 0.5
3 328.329 1.60821 -17.8621 0.5
3 223.828 13.0655 49.4206 0.5
3 296.209 197.928 -20.2501 0.5
3 234.489 193.591 -35.2239 0.5
3 248.026 64.2456 93.3896 0.5
3 259.466 177.04 63.7556 0.5
3 238.166 173.226 68.1026 0.5
3 315.238 17.5959 -56.653 0.5
3 271.836 189.515 -44.5771 0.5
3 237.443 96.695 -99.9454 0.5
3 249.174 80.8195 98.1433 0.5
3 277.344 194.044 -33.9971 0.5
3 291.346 179.569 -60.57 0.5
3 237.844 149.641 86.8088 0.5
3 319.142 61.179 -92.1571 0.5
3 271.515 89.0727 -99.4012 0.5
3 289.612 179.295 60.9283 0.5
3 331.112 197.098 -23.9176 0.5
3 316.121 1.52653 17.4062 0.5
3 304.82 161.656 -78.7309 0.5
3 285.388 55.087 89.3466 0.5
3 231.121 1.26408 -15.8498 0.5
3 304.376 167.322 73.9441 0.5
3 255.191 13.8278 -50.7381 0.5
3 224.725 49.1611 -86.1127 0.5
3 308.246 74.1154 96.5919 0.5
3 241.68 193.204 -36.236 0.5
3 238.813 174.187 -67.0545 0.5
3 319.718 198.275 18.4941 0.5
3 260.193 148.536 87.4316 0.5
3 275.402 192.145 -38.8495 0.5
3 282.742 140.313 91.5143 0.5
3 327.528 90.936 -99.5884 0.5
3 300.487 186.101 50.8585 0.5
3 316.361 103.363 99.9434 0.5
3 285.424 181.854 57.4443 0.5
3 273.435 107.371 99.728 0.5
3 225.758 23.5642 -64.4792 0.5
3 225.712 0.0359756 -2.68213 0.5
3 284.06 69.4563 95.2212 0.5
3 251.449 13.8643 50.8 0.5
3 263.65 195.198 30.6175 0.5
3 287.106 194.537 -32.5987 0.5
3 293.24 0.141848 5.32442 0.5
3 327.205 60.9453 92.0583 0.5
3 304.58 171.608 69.8022 0.5
3 303.341 199.908 -4.2819 0.5
3 280.764 171.058 70.3614 0.5
3 252.296 198.524 -17.1191 0.5
3 332.442 197.83 20.719 0.5
3 299.692 95.249 -99.8871 0.5
3 297.372 118.583 -98.2583 0.5
3 271.085 32.5857 -73.8601 0.5
3 332.201 0.0842616 -4.10429 0.5
3 228.879 191.688 -39.9163 0.5
3 275.857 90.6543 -99.5623 0.5
3 289.115 32.8041 74.0589 0.5
3 287.895 3.3826 -25.7891 0.5
3 254.266 67.5313 -94.5821 0.5
3 235.703 11.656 46.8545 0.5
3 235.5 198.944 14.4963 0.5
3 300.806 150.701 86.1937 0.5
3 311.335 40.7146 -80.531 0.5
3 287.634 51.5155 87.46 0.5
3 234.707 136.118 93.2497 0.5
3 300.6 99.7558 99.9997 0.5
3 274.39 129.558 95.5318 0.5
3 264.915 1.5711 -17.6565 0.5
3 320.415 43.2514 -82.3383 0.5
3 269.727 167.676 -73.6207 0.5
3 315.557 35.5248 76.4392 0.5
3 310.495 127.851 96.0433 0.5
3 294.336 197.999 19.903 0.5
3 259.652 174.399 -66.8191 0.5
3 325.418 139.621 91.8158 0.5
3 252.137 181.949 -57.3089 0.5
3 272.287 41.6561 81.2157 0.5
3 322.054 0.508183 10.0687 0.5
3 279.761 199.496 10.031 0.5
3 241.558 28.8129 -70.231 0.5
3 293.254 164.738 76.2165 0.5
3 235.692 90.3172 -99.5301 0.5
3 321.799 47.927 -85.3722 0.5
3 329.771 130.445 -95.253 0.5
3 262.515 91.2564 99.617 0.5
3 286.879 147.535 87.9796 0.5
3 258.518 191.635 40.0382 0.5
3 268.413 150.866 86.0967 0.5
3 320.189 183.212 55.4591 0.5
3 277.976 52.3037 -87.8924 0.5
3 307.192 0.476193 9.7474 0.5
3 331.177 193.806 -34.6464 0.5
3 258.762 183.041 55.7151 0.5
3 277.143 194.922 -31.4607 0.5
3 246.347 0.024751 2.22476 0.5
3 222.41 62.0183 -92.5062 0.5
3 307.977 185.614 -51.675 0.5
3 244.378 96.1829 -99.9271 0.5
3 262.385 178.378 -62.1034 0.5
3 278.017 88.059 -99.2845 0.5
3 277.519 184.34 53.7293 0.5
3 277.974 191.674 -39.9485 0.5
3 322.987 0.351264 -8.37433 0.5
3 280.845 66.865 -94.3508 0.5
3 298.006 68.4295 -94.8857 0.5
3 290.089 0.0607381 -3.48481 0.5
3 265.067 188.16 47.1994 0.5
3 223.974 190.312 -42.9378 0.5
3 309.271 132.304 94.6384 0.5
3 225.042 113.164 99.1298 0.5
3 284.043 5.3606 -32.3015 0.5
3 302.484 148.208 -87.6126 0.5
3 321.803 28.3752 -69.7846 0.5
3 246.866 165.303 -75.7333 0.5
3 297.306 28.6952 70.1116 0.5
3 302.456 163.379 -77.3507 0.5
3 232.344 1.66444 18.1691 0.5
3 235.136 199.815 -6.086 0.5
3 235.114 125.174 96.7796 0.5
3 315.861 147.528 87.9836 0.5
3 298.46 89.0618 99.4 0.5
3 245.455 175.4 65.6871 0.5
3 284.835 161.435 78.9037 0.5
3 293.038 77.2782 97.3844 0.5
3 222.875 0.103135 4.54054 0.5
3 282.584 21.7895 -62.3146 0.5
3 288.935 182.142 57.0327 0.5
3 310.552 147.227 88.1455 0.5
3 295.518 0.00625575 1.11853 0.5
3 312.553 152.446 -85.1436 0.5
3 261.47 7.46316 37.9069 0.5
3 224.687 153.786 -84.3031 0.5
3 291.606 190.046 -43.4938 0.5
3 250.593 54.3684 88.9818 0.5
3 311.693 0.0210191 -2.05021 0.5
3 226.142 2.71784 23.1556 0.5
3 270.574 198.948 -14.4636 0.5
3 309.805 47.6391 85.1959 0.5
3 245.082 2.96894 24.1862 0.5
3 308.012 199.766 -6.84431 0.5
3 288.022 173.152 -68.1824 0.5
3 233.293 145.971 88.8067 0.5
3 223.745 76.806 97.273 0.5
3 258.067 178.399 62.0779 0.5
3 294.353 125.337 -96.7371 0.5
3 253.91 38.0139 -78.4712 0.5
4 346.119 156.098 62.2734 0.5
4 357.855 68.2016 -99.4287 0.5
4 335.529 165.263 72.3172 0.5
4 353.418 141.749 64.3599 0.5
4 386.033 58.0999 -86.9587 0.5
4 337.233 -6.75214 0.745531 0.5
4 344.932 -0.43624 59.5359 0.5
4 385.526 88.5602 61.3621 0.5
4 363.596 136.906 -44.9591 0.5
4 370.87 125.386 42.751 0.5
4 379.19 40.1085 -98.0733 0.5
4 368.515 -20.1736 -80.5659 0.5
4 351.594 -29.4166 20.9175 0.5
4 377.204 33.4668 -99.5522 0.5
4 367.369 -44.777 -51.3234 0.5
4 360.815 138.937 50.1129 0.5
4 355.204 122.138 -79.986 0.5
4 357.784 157.414 -6.87328 0.5
4 337.343 25.8743 74.0724 0.5
4 362.856 9.83415 -92.0684 0.5
4 354.249 -32.339 27.6154 0.5
4 352.005 -24.6021 -38.5723 0.5
4 336.562 161.134 -74.4827 0.5
4 337.549 180.452 -47.9501 0.5
4 340.091 173.715 51.9937 0.5
4 375.907 79.3565 84.7396 0.5
4 388.487 84.9108 59.4081 0.5
4 383.875 106.639 -33.6186 0.5
4 349.052 141.078 -73.0377 0.5
4 372.638 111.147 -61.02 0.5
4 362.127 130.211 -59.8897 0.5
4 361.277 -22.2978 67.372 0.5
4 372.694 89.3621 81.7895 0.5
4 387.149 -44.7293 -85.708 0.5
4 352.546 -13.2502 60.0353 0.5
4 347.451 171.078 29.5594 0.5
4 365.677 114.346 71.0528 0.5
4 386.377 49.0362 -91.2485 0.5
4 386.566 -58.6804 74.7028 0.5
4 370.657 81.46 88.7365 0.5
4 351.796 -16.2355 -53.8592 0.5
4 340.7 18.4716 -72.6007 0.5
4 343.475 -12.7796 30.5656 0.5
4 338.498 32.7948 81.2762 0.5
4 364.758 144.909 11.4852 0.5
4 348.83 168.185 -31.1438 0.5
4 334.121 0.893549 -21.1262 0.5
4 374.761 81.2333 84.8077 0.5
4 346.058 174.419 -26.3771 0.5
4 351.204 -30.7176 6.84851 0.5
4 372.101 46.1278 99.115 0.5
4 360.028 49.8521 -99.9235 0.5
4 344.292 179.172 19.1296 0.5
4 383.091 94.7672 -58.7116 0.5
4 359.533 97.5299 -90.3261 0.5
4 381.39 101.3 -53.4201 0.5
4 378.427 121.456 -9.36203 0.5
4 354.324 163.549 4.32955 0.5
4 353.188 -32.5615 -19.0342 0.5
4 365.953 110.322 -74.3978 0.5
4 388.124 -46.1739 85.8547 0.5
4 357.893 157.065 8.8929 0.5
4 370.74 99.3544 76.7171 0.5
4 380.956 96.303 -61.5839 0.5
4 352.191 62.2944 99.8728 0.5
4 364.09 121.869 -65.9827 0.5
4 335.144 25.5959 -70.1481 0.5
4 342.895 -6.85206 42.9836 0.5
4 337.142 8.65812 53.0867 0.5
4 338.157 152.617 79.2625 0.5
4 375.863 -56.5288 -55.9766 0.5
4 348.854 84.5289 99.3468 0.5
4 362.632 -37.1361 -50.3664 0.5
4 336.463 174.27 60.4106 0.5
4 345.658 -8.43657 -49.1467 0.5
4 339.9 9.25375 60.8267 0.5
4 355.191 34.8112 -96.1928 0.5
4 386.862 -79.1058 -50.3653 0.5
4 350.406 134.162 -77.0596 0.5
4 334.92 172.461 -65.9062 0.5
4 343.889 172.317 42.3255 0.5
4 386.729 65.3815 -81.5569 0.5
4 364.324 142.995 25.5834 0.5
4 371.474 -26.7424 79.4851 0.5
4 368.132 70.2569 -95.2254 0.5
4 379.645 116.576 -25.1302 0.5
4 371.052 -8.79639 90.0596 0.5
4 342.726 59.129 96.9264 0.5
4 349.876 -5.63545 63.8262 0.5
4 350.011 56.1227 -98.87 0.5
4 377.424 116.658 -36.6903 0.5
4 380.672 -41.3113 -80.5073 0.5
4 368.369 -60.2788 -8.99344 0.5
4 334.647 192.899 30.69 0.5
4 381.066 81.2653 -76.8876 0.5
4 363.929 -19.641 -74.5531 0.5
4 363.106 -40.9 44.9402 0.5
4 364.309 -6.47861 84.907 0.5
4 385.887 -74.0114 55.7964 0.5
4 347.069 105.873 95.4987 0.5
4 349.712 137.417 75.3144 0.5
4 367.325 140.452 11.5861 0.5
4 385.808 105.714 -25.844 0.5
4 379.711 -80.3283 0.0939785 0.5
4 381.593 -71.447 47.7569 0.5
4 357.834 64.4789 99.7607 0.5
4 370.492 -46.0063 57.7411 0.5
4 341.498 142.275 82.5665 0.5
4 350.066 167.327 -26.9186 0.5
4 338.337 191.221 -4.75303 0.5
4 365.393 86.2771 90.8422 0.5
4 375.982 0.467071 96.6511 0.5
4 355.774 53.3634 99.6978 0.5
4 353.765 -2.06988 -74.5224 0.5
4 361.357 -21.3425 -68.5541 0.5
4 384.674 40.2976 -95.6349 0.5
4 341.388 78.6014 99.7224 0.5
4 350.976 145.086 65.4072 0.5
4 340.104 89.7867 -99.9885 0.5
4 373.274 -68.8038 8.66108 0.5
4 357.005 60.0144 -99.9948 0.5
4 340.558 159.068 69.829 0.5
4 364.474 -26.007 -69.3244 0.5
4 346.926 72.7286 99.9304 0.5
4 337.83 -1.54959 -34.7697 0.5
4 351.482 -27.7442 26.9179 0.5
4 382.589 -72.5928 48.8079 0.5
4 384.075 -81.4342 -35.339 0.5
4 346.84 -21.5269 19.2377 0.5
4 379.167 -17.7385 -92.353 0.5
4 366.814 -40.6248 -56.315 0.5
4 336.419 126.253 -94.8765 0.5
4 386.021 83.1562 66.803 0.5
4 351.926 50.8621 98.5558 0.5
4 363.717 134.71 48.7067 0.5
4 343.264 65.4111 98.4767 0.5
4 342.851 23.7603 80.1833 0.5
4 347.726 174.701 8.60066 0.5
4 334.161 178.887 59.5692 0.5
4 341.592 185.579 -4.81007 0.5
4 337.895 178.691 -50.0162 0.5
4 341.487 -13.4814 -11.3066 0.5
4 367.409 -56.7074 21.3827 0.5
4 347.217 -10.0496 51.024 0.5
4 364.818 60.2478 98.9017 0.5
4 365.212 -42.0635 -49.5728 0.5
4 367.549 29.7568 99.3954 0.5
4 358.935 -17.7259 67.934 0.5
4 334.649 121.915 -97.0291 0.5
4 346.133 143.622 75.3087 0.5
4 373.221 73.4963 -90.48 0.5
4 360.571 3.85169 -87.1882 0.5
4 361.022 -29.7723 -57.5009 0.5
4 338.602 -7.09922 20.0265 0.5
4 370.656 135.059 -7.69375 0.5
4 339.134 34.8016 83.4161 0.5
4 369.444 132.721 -30.4018 0.5
4 356.444 -40.0115 1.83337 0.5
4 340.672 -11.8398 -13.1768 0.5
4 340.239 28.0569 80.0131 0.5
4 365.901 50.3014 -99.7746 0.5
5 382.241 79.3856 49.0843 0.5
5 378.962 -77.1003 77.1017 0.5
5 348.872 -143.577 -62.5265 0.5
5 380.381 -95.2557 53.8 0.5
5 356.41 41.0676 35.3398 0.5
5 388.397 -69.6806 68.7652 0.5
5 367.451 62.2086 -29.4491 0.5
5 357.128 22.2906 67.778 0.5
5 377.188 -116.042 9.47734 0.5
5 354.31 -70.2261 98.9998 0.5
5 388.659 -96.613 1.48177 0.5
5 354.807 4.0699 -80.5009 0.5
5 381.458 -97.1102 47.471 0.5
5 334.738 -132.985 -90.2979 0.5
5 345.389 -11.1518 79.6848 0.5
5 361.647 -137.792 -33.0459 0.5
5 384.816 34.5529 -92.5676 0.5
5 341.811 15.9636 -34.8509 0.5
5 383.37 -84.8222 61.2617 0.5
5 351.746 -111.59 85.9994 0.5
5 338.438 -178.348 32.0053 0.5
5 357.476 39.009 44.3178 0.5
5 374.392 74.3871 -28.9393 0.5
5 333.966 -37.1294 84.0214 0.5
5 340.712 -72.6961 -99.7565 0.5
5 350.094 2.43623 75.2525 0.5
5 383.776 92.1094 -23.5354 0.5
5 370.618 68.6749 26.0522 0.5
5 376.951 -58.4578 -90.9564 0.5
5 335.039 10.4343 -3.74384 0.5
5 349.072 -3.94032 -79.0479 0.5
5 345.268 -117.902 -88.7281 0.5
5 344.399 -21.1013 85.3054 0.5
5 348.884 -34.7639 -95.1541 0.5
5 353.879 -6.72055 86.5198 0.5
5 366.654 -26.3548 99.6481 0.5
5 333.824 -6.8678 53.108 0.5
5 387.877 84.3582 56.7518 0.5
5 334.43 -54.4573 93.2592 0.5
5 380.472 -49.7963 -92.0848 0.5
5 349.819 -162.911 -13.9954 0.5
5 376.854 69.0691 50.7953 0.5
5 361.618 35.2925 -61.628 0.5
5 347.315 -168.13 -4.52965 0.5
5 338.617 -172.52 -45.1591 0.5
5 350.877 -30.3204 94.828 0.5
5 359.762 49.2279 -28.331 0.5
5 337.951 -179.702 30.455 0.5
5 340.478 -70.9323 -99.5812 0.5
5 366.119 -131.172 29.6338 0.5
5 346.327 0.506473 -70.9693 0.5
5 350.603 -107.645 89.2491 0.5
5 336.914 -31.0668 -83.3963 0.5
5 334.026 -27.9533 77.4181 0.5
5 373.116 -15.887 -99.7064 0.5
5 363.941 -117.886 62.0132 0.5
5 379.664 -11.6298 -99.9984 0.5
5 387.753 -64.711 -74.6686 0.5
5 347.247 -1.29725 74.1876 0.5
5 350.434 36.8878 -7.50577 0.5
5 335.972 -125.808 92.5282 0.5
5 333.364 -172.36 60.0499 0.5
5 338.777 -173.903 -41.7211 0.5
5 374.897 -112.12 39.9788 0.5
5 353.759 -150.287 36.2071 0.5
5 364.534 49.3495 -47.9407 0.5
5 378.964 -102.299 -45.823 0.5
5 380.923 7.78603 -98.4014 0.5
5 334.835 -150.916 -79.1889 0.5
5 334.098 -143.588 85.1329 0.5
5 386.042 -81.4703 -59.5783 0.5
5 381.755 -48.9535 -91.4881 0.5
5 352.036 -27.4397 94.5312 0.5
5 341.758 -54.1258 -97.1432 0.5
5 335.92 6.86878 -31.7102 0.5
5 343.712 -171.984 -22.1726 0.5
5 351.897 28.723 45.5581 0.5
5 388.668 46.7223 90.1248 0.5
5 381.357 -68.9816 80.2155 0.5
5 340.308 -81.6679 99.9916 0.5
5 364.745 -119.536 -57.9569 0.5
5 358.419 18.4425 -73.8343 0.5
5 345.834 -170.498 -7.73728 0.5
5 376.889 52.2778 -72.1062 0.5
5 348.599 12.6264 -61.7767 0.5
5 378.445 51.5645 75.2323 0.5
5 350.61 35.5927 19.3083 0.5
5 340.322 -5.86301 66.7264 0.5
5 343.188 22.987 17.9954 0.5
5 362.637 -5.87409 93.3645 0.5
5 353.709 -122.652 75.5682 0.5
5 359.904 49.6299 27.7997 0.5
5 361.479 -140.708 -24.2784 0.5
5 333.643 -24.0865 73.4811 0.5
5 380.934 82.487 38.02 0.5
5 353.656 20.8017 -62.5131 0.5
5 367.798 15.1624 -87.7714 0.5
5 387.499 60.6645 80.5229 0.5
5 340.214 -7.84672 -68.6783 0.5
5 362.947 -110.975 71.5929 0.5
5 386.152 38.5579 -91.8582 0.5
5 377.456 -94.885 -61.4933 0.5
5 382.271 -80.7394 -68.2897 0.5
5 336.04 -149.913 78.3412 0.5
5 349.561 -125.723 -78.9467 0.5
5 369.981 -65.2888 -93.1736 0.5
5 374.817 62.2126 56.056 0.5
5 336.941 -13.221 -68.3653 0.5
5 345.568 -105.318 94.0216 0.5
5 336.496 -5.36141 57.7901 0.5
5 380.438 6.499 98.4813 0.5
5 380.222 -61.7036 86.3308 0.5
5 336.742 -146.92 79.7181 0.5
5 370.804 -73.5233 88.8053 0.5
5 385.025 96.7783 -7.78381 0.5
5 349.185 -92.5978 -96.1145 0.5
5 344.889 -136.624 76.6801 0.5
5 349.974 -94.6375 -95.0707 0.5
5 381.296 71.2984 -59.0894 0.5
5 356.949 -116.43 -76.0927 0.5
5 358.688 -0.585172 87.7542 0.5
5 339.028 -23.9044 -80.972 0.5
5 375.132 -55.0265 93.6849 0.5
5 348.076 -53.7186 99.1255 0.5
5 353.926 -103.385 88.4773 0.5
5 350.49 -70.7008 -99.6821 0.5
5 383.366 -97.9192 38.8885 0.5
5 345.669 -40.2197 95.1178 0.5
5 381.07 -3.77135 -99.8201 0.5
5 385.196 -32.6897 95.3721 0.5
5 341.658 -154.597 -64.3247 0.5
5 377.137 -100.128 -54.9529 0.5
5 376.558 8.95077 -96.4155 0.5
5 343.475 -22.2048 84.9988 0.5
5 341.384 -96.7968 -98.3131 0.5
5 359.738 46.3931 -36.4812 0.5
5 348.84 -12.7939 -84.9253 0.5
5 378.131 13.8394 95.7938 0.5
5 346.639 -147.253 -62.766 0.5
5 373.514 -119.579 -25.3881 0.5
5 364.119 46.3395 -51.9158 0.5
5 354.975 8.11505 -77.5943 0.5
5 367.28 -23.0565 99.437 0.5
5 365.699 63.6073 -0.620779 0.5
5 383.707 38.1474 90.1165 0.5
5 377.905 83.4118 -16.3068 0.5
5 370.322 -117.898 44.5791 0.5
5 381.585 61.6878 -70.8568 0.5
5 342.535 21.7297 -18.6724 0.5
5 374.078 64.5825 50.2436 0.5
5 348.202 -2.86193 76.9747 0.5
5 383.497 -29.682 97.0479 0.5
5 361.297 51.2892 -30.2844 0.5
5 345.195 -17.0831 -83.6331 0.5
5 387.627 -22.379 -97.0849 0.5
5 368.98 -21.7955 99.6021 0.5
5 358.078 -121.237 69.7625 0.5
5 361.358 -107.286 77.3527 0.5
5 388.768 -1.67044 -99.8628 0.5
5 383.007 -73.8151 -73.8708 0.5
5 370.266 -95.6607 74.0734 0.5
5 357.81 -113.755 77.0864 0.5
5 364.634 61.2674 9.95574 0.5
5 364.523 -51.5641 99.1335 0.5
5 380.087 -104.179 -37.4859 0.5
5 374.017 38.9473 79.2931 0.5
5 340.402 -129.412 87.0565 0.5
5 336.157 -185.509 -20.1442 0.5
5 345.081 16.702 45.9762 0.5
5 340.226 -72.3971 99.6703 0.5
6 406.332 4.59739 -24.1203 0.5
6 430.888 -188.773 26.8691 0.5
6 438.78 -135.039 -90.4773 0.5
6 386.18 -50.1594 90.6173 0.5
6 367.143 7.14519 -8.98774 0.5
6 365.733 -192.225 6.70753 0.5
6 410.848 -2.03291 42.7169 0.5
6 387.119 -22.3507 -71.3167 0.5
6 370.151 -102.532 -99.4905 0.5
6 415.34 6.99515 -10.5187 0.5
6 375.655 -176.876 -53.5942 0.5
6 436.678 -115.501 -97.307 0.5
6 367.039 -116.207 -97.137 0.5
6 407.168 5.54059 19.9456 0.5
6 383.348 -96.8284 99.9041 0.5
6 359.7 -190.734 18.4482 0.5
6 388.093 -10.7231 57.6255 0.5
6 431.888 -192.314 -5.22004 0.5
6 371.279 -134.687 90.6424 0.5
6 367.062 -65.1976 96.2149 0.5
6 429.447 6.58612 13.8502 0.5
6 440.667 -95.9605 -99.9384 0.5
6 399.478 -174.516 -57.1412 0.5
6 397.938 -61.9559 -95.2371 0.5
6 435.038 -70.459 97.552 0.5
6 440.611 3.58991 -27.8625 0.5
6 371.864 -113.93 97.6658 0.5
6 369.199 -7.47773 -52.7228 0.5
6 425.867 -188.918 -26.3423 0.5
6 341.415 -155.555 77.5743 0.5
6 346.12 -7.82511 -53.2786 0.5
6 441.092 -84.8746 -99.7126 0.5
6 412.561 -98.7999 99.7982 0.5
6 424.948 -116.63 97.0326 0.5
6 390.327 -26.3166 75.009 0.5
6 421.459 -157.714 -75.7665 0.5
6 360.158 -182.86 42.7317 0.5
6 409.337 -168.072 -65.4319 0.5
6 344.344 -192.169 7.49864 0.5
6 343.712 -69.9589 97.4379 0.5
6 427.164 7.32862 -6.64903 0.5
6 364.766 -101.364 99.6019 0.5
6 396.761 -18.4938 67.3087 0.5
6 365.478 -119.285 96.3321 0.5
6 421.93 -164.277 -69.5767 0.5
6 367.976 -39.1087 -84.5854 0.5
6 420.18 7.36569 -6.0671 0.5
6 421.593 -108.174 98.756 0.5
6 406.873 -68.3162 -97.0441 0.5
6 400.774 -173.338 -58.7981 0.5
6 341.653 -107.771 -98.8194 0.5
6 415.923 -135.383 90.3148 0.5
6 351.372 -45.7829 88.4431 0.5
6 421.311 -23.8281 -72.7394 0.5
6 370.396 6.83113 -11.9682 0.5
6 415.53 -86.0861 99.7973 0.5
6 384.209 -1.65976 -41.918 0.5
6 424.45 -24.7196 73.5702 0.5
6 416.573 -70.7232 -97.6112 0.5
6 349.857 -159.424 74.2593 0.5
6 383.348 -2.58477 43.866 0.5
6 379.392 -18.3811 -67.1847 0.5
6 333.982 5.99045 17.5915 0.5
6 424.568 -65.1235 -96.1938 0.5
6 348.296 -185.728 36.0448 0.5
6 435.783 3.85311 -26.9387 0.5
6 390.434 -169.187 64.1205 0.5
6 336.927 7.5399 -1.41521 0.5
6 414.941 -8.4691 54.2881 0.5
6 441.63 -6.19979 -50.6052 0.5
6 389.93 5.69675 -19.1624 0.5
6 402.489 -0.398155 39.0697 0.5
6 376.007 -136.805 -89.625 0.5
6 411.266 -119.149 96.3699 0.5
6 383.16 -0.904865 -40.2427 0.5
6 382.314 -33.8562 81.0355 0.5
6 405.497 -17.4778 66.1752 0.5
6 377.685 -151.741 80.5269 0.5
6 395.918 -186.224 34.733 0.5
6 388.499 -184.481 39.1199 0.5
6 410.486 -37.1666 83.3291 0.5
6 396.783 -153.048 79.5484 0.5
6 423.103 -10.725 -57.6282 0.5
6 409.751 4.25802 -25.4468 0.5
6 390.645 3.65277 27.6449 0.5
6 385.5 -183.695 40.9195 0.5
6 352.983 -148.565 82.7716 0.5
6 421.936 -162.362 -71.501 0.5
6 339.081 -185.544 36.5184 0.5
6 356.45 2.2962 -31.9866 0.5
6 440.201 -104.645 99.2536 0.5
6 375.393 -3.41647 45.5304 0.5
6 397.258 -119.771 -96.1954 0.5
6 356.561 -184.5 -39.0739 0.5
6 378.954 -53.3327 -92.0317 0.5
6 362.828 -181.401 45.6914 0.5
6 416.306 -190.497 -19.6693 0.5
6 394.392 1.05782 35.4439 0.5
6 351.376 -3.9209 -46.5036 0.5
6 375.601 -73.6472 98.2164 0.5
6 442.853 -48.1639 -89.659 0.5
6 425.028 -191.325 14.957 0.5
6 442.806 -176.384 -54.3615 0.5
6 399.748 -5.29263 -49.0263 0.5
6 419.604 4.26255 25.4296 0.5
6 411.681 -170.962 61.9343 0.5
6 378.265 -171.471 61.2834 0.5
6 361.931 -191.473 -13.9428 0.5
6 440.897 -33.4107 80.7115 0.5
6 436.971 -124.569 -94.7014 0.5
6 400.047 4.54086 -24.3466 0.5
6 417.409 -50.4365 90.7461 0.5
6 440.759 -188.782 26.8342 0.5
6 359.577 -91.1094 99.991 0.5
6 342.632 -140.721 87.5779 0.5
6 347.027 -0.665172 39.6929 0.5
6 376.624 -97.4135 -99.8767 0.5
6 413.766 -162.865 71.0051 0.5
6 359.06 -191.076 -16.5224 0.5
6 438.165 -185.601 -36.3711 0.5
6 340.964 -63.5348 95.7283 0.5
6 427.856 1.49141 -34.2782 0.5
6 429.752 0.950899 -35.7247 0.5
6 382.005 -0.629778 39.611 0.5
6 346.949 -149.356 82.2295 0.5
6 349.932 -89.9084 99.9677 0.5
6 374.422 -43.9201 -87.4348 0.5
6 434.58 7.27317 -7.43442 0.5
6 411.588 -174.736 -56.8245 0.5
6 341.176 -50.5869 -90.8156 0.5
6 429.88 -192.445 1.03195 0.5
6 367.734 -150.744 -81.2518 0.5
6 356.083 -8.60509 -54.4979 0.5
6 357.103 -7.88856 -53.3793 0.5
6 391.365 -186.44 -34.1448 0.5
6 361.04 -130.699 -92.3959 0.5
6 422.579 -26.6052 -75.2625 0.5
6 370.19 -150.25 81.604 0.5
6 407.145 -152.978 79.6016 0.5
6 439.638 -192.071 8.7031 0.5
6 436.193 -183.894 40.4722 0.5
6 359.271 -30.6518 -78.6192 0.5
6 358.201 -129.018 93.074 0.5
6 367.893 -62.1769 95.3076 0.5
6 406.621 -38.6248 84.2784 0.5
6 427.299 -192.405 -3.01259 0.5
6 344.099 -162.57 71.2963 0.5
6 425.383 -137.987 89.0301 0.5
6 404.715 -49.451 -90.2833 0.5
6 422.207 -136.433 89.808 0.5
6 394.284 -1.18003 -40.8629 0.5
6 342.252 -191.408 -14.3981 0.5
6 414.637 -0.261378 -38.7459 0.5
6 414.454 -83.5032 -99.599 0.5
6 334.318 -88.7659 99.9321 0.5
6 354.895 -134.61 -90.6784 0.5
6 370.981 -112.268 98.0165 0.5
6 338.133 -170.537 -62.4691 0.5
7 452.619 -20.7668 -51.2953 0.5
7 482.299 -145.279 -99.1856 0.5
7 470.982 -223.971 51.7707 0.5
7 445.092 -192.83 -12.1477 0.5
7 493.745 -93.1167 -53.1217 0.5
7 494.043 -89.341 -45.5635 0.5
7 471.494 -141.222 -99.9816 0.5
7 478.617 -167.136 -98.792 0.5
7 475.452 -55.2342 41.6297 0.5
7 476.214 -101.06 88.5744 0.5
7 479.71 -180.311 96.3478 0.5
7 446.13 4.44054 -6.15355 0.5
7 467.831 -189.139 -82.7263 0.5
7 481.073 -56.8309 13.6635 0.5
7 447.413 0.0180136 -21.7301 0.5
7 491.068 -268.329 -30.8461 0.5
7 499.599 -162.374 96.6659 0.5
7 465.754 -100.092 95.6212 0.5
7 461.569 -147.1 96.8272 0.5
7 479.78 -106.124 -87.983 0.5
7 444.461 -127.241 -93.7636 0.5
7 464.428 -31.8605 -30.6043 0.5
7 474.532 -66.2571 -62.1938 0.5
7 488.91 -257.66 -47.1362 0.5
7 451.106 -57.1856 -88.3718 0.5
7 494.03 -262.337 -54.2535 0.5
7 492.511 -179.382 99.9323 0.5
7 484.055 -105.188 -82.9369 0.5
7 481.574 -208.43 -85.6167 0.5
7 467.646 -56.5841 64.9306 0.5
7 490.532 -73.0597 12.4974 0.5
7 473.346 -198.644 82.7575 0.5
7 494.413 -186.109 -99.7469 0.5
7 452.759 -145.756 -92.1219 0.5
7 445.003 -125.108 -94.846 0.5
7 458.743 -163.056 88.8749 0.5
7 496.681 -98.0508 -52.8772 0.5
7 465.68 -186.025 82.3069 0.5
7 471.522 -148.318 99.597 0.5
7 452.441 -147.792 -90.9865 0.5
7 450.737 -55.6395 -87.885 0.5
7 471.297 -225.957 49.3103 0.5
7 491.303 -83.5158 43.3897 0.5
7 450.086 -53.1321 87.122 0.5
7 487.929 -136.005 94.8218 0.5
7 484.395 -260.896 -12.2287 0.5
7 449.493 -184.966 -54.6104 0.5
7 469.168 -36.335 14.5426 0.5
7 497.182 -273.429 -44.3346 0.5
7 494.331 -79.0644 6.46317 0.5
7 470.481 -141.187 -99.9337 0.5
7 464.036 -64.7162 78.7221 0.5
7 467.728 -57.1354 -65.407 0.5
7 490.587 -99.5312 68.5153 0.5
7 471.887 -44.7226 -30.4251 0.5
7 477.079 -80.2724 -72.664 0.5
7 485.053 -81.9386 58.852 0.5
7 484.437 -103.091 -81.0106 0.5
7 455.787 -64.7073 -88.0585 0.5
7 486.879 -214.395 87.4811 0.5
7 476.468 -185.935 -92.4912 0.5
7 495.069 -248.762 72.7349 0.5
7 474.148 -243.192 -11.8618 0.5
7 476.446 -56.1597 39.8439 0.5
7 488.252 -215.467 88.1921 0.5
7 494.012 -78.9247 11.1305 0.5
7 446.107 -62.4886 94.4537 0.5
7 498.772 -95.5304 41.4223 0.5
7 477.101 -154.576 -99.8452 0.5
7 446.598 -43.7279 -85.1392 0.5
7 497.973 -282.158 -24.3364 0.5
7 490.327 -261.01 -45.4209 0.5
7 446.468 -150.192 84.0139 0.5
7 459.18 -76.685 91.079 0.5
7 483.442 -248.045 47.4086 0.5
7 492.595 -242.203 74.8143 0.5
7 455.959 -32.8826 60.6463 0.5
7 474.637 -207.104 -78.1762 0.5
7 454.985 -166.683 -82.8659 0.5
7 463.687 -109.372 98.6449 0.5
7 471.93 -51.7026 46.8363 0.5
7 493.289 -208.199 95.0253 0.5
7 449.221 -22.8494 -62.7345 0.5
7 494.571 -140.122 -92.0177 0.5
7 499.678 -134.289 84.2759 0.5
7 450.854 -24.1011 -60.7253 0.5
7 456.716 -167.383 -84.3726 0.5
7 481.35 -99.6467 82.3541 0.5
7 452.685 -190.195 -55.0671 0.5
7 489.363 -77.1097 -36.394 0.5
7 497.611 -126.277 -81.2761 0.5
7 456.174 -14.059 -16.0303 0.5
7 470.766 -116.153 97.5755 0.5
7 445.848 -114.507 98.0555 0.5
7 470.668 -136.572 99.9916 0.5
7 491.131 -221.953 -87.3745 0.5
7 478.509 -199.567 -87.6634 0.5
7 488.902 -168.168 -99.9918 0.5
7 464.875 -31.6248 -27.2614 0.5
7 490.555 -269.558 -23.3224 0.5
7 497.872 -111.875 68.2234 0.5
7 451.47 -119.03 98.956 0.5
7 476.281 -216.354 72.6085 0.5
7 494.625 -250.635 -70.1465 0.5
7 489.338 -201.972 94.8212 0.5
7 476.313 -56.035 -40.0866 0.5
7 496.303 -280.205 20.221 0.5
7 473.082 -240.398 18.1066 0.5
7 464.692 -218.567 41.3561 0.5
7 459.994 -184.413 75.9671 0.5
7 486.817 -143.121 97.3846 0.5
7 484.066 -260.176 -13.3893 0.5
7 498.768 -86.7073 -5.77457 0.5
7 465.084 -227.308 -13.3183 0.5
7 447.081 -121.361 -96.9917 0.5
7 499.391 -163.095 -96.9459 0.5
7 471.781 -237.723 20.2652 0.5
7 462.532 -123.435 99.9994 0.5
7 476.889 -116.443 94.6733 0.5
7 498.748 -286.467 2.85623 0.5
7 462.426 -88.2873 -93.5594 0.5
7 475.13 -196.756 -85.9245 0.5
7 460.178 -19.9144 6.51116 0.5
7 495.66 -84.8998 27.0966 0.5
7 461.02 -128.617 -99.7215 0.5
7 457.286 -174.646 80.0345 0.5
7 497.081 -240.102 82.5214 0.5
7 487.407 -259.277 -38.2047 0.5
7 474.058 -68.8514 -66.2669 0.5
7 485.01 -93.3997 72.0819 0.5
7 447.976 -129.31 95.1569 0.5
7 487.433 -195.63 95.7867 0.5
7 445.665 -22.6792 69.5172 0.5
7 474.537 -143.04 99.9882 0.5
7 498.665 -150.577 -93.3777 0.5
7 498.303 -86.049 7.9187 0.5
7 460.652 -102.185 -98.3044 0.5
7 447.275 -195.04 -21.3827 0.5
7 461.26 -221.567 -1.2948 0.5
7 480.394 -221.88 -74.0892 0.5
7 488.276 -261.937 35.2842 0.5
7 454.719 -132.947 -97.3895 0.5
7 451.165 -8.61483 29.7382 0.5
7 492.351 -254.114 -61.7111 0.5
7 445.414 -181.455 48.7249 0.5
7 475.37 -243.012 24.3236 0.5
7 495.59 -102.312 61.6636 0.5
7 454.807 -159.853 86.9156 0.5
7 454.186 -61.5387 87.8445 0.5
7 489.649 -136.711 94.0299 0.5
7 462.579 -220.32 26.3714 0.5
7 467.097 -163.689 94.7402 0.5
7 492.057 -273.912 14.1498 0.5
7 447.673 -27.6229 -71.0013 0.5
7 452.71 -15.0938 39.9528 0.5
7 460.517 -131.814 -99.3335 0.5
7 445.636 -158.118 77.1659 0.5
7 468.668 -221.049 49.9302 0.5
7 499.577 -128.023 -80.06 0.5
7 490.452 -192.127 -97.9817 0.5
7 498.023 -158.803 -96.4392 0.5
7 448.813 -133.246 -94.3176 0.5
7 492.536 -227.314 85.6786 0.5
7 475.803 -233.29 -50.133 0.5
8 543.406 -92.2966 -97.7274 0.5
8 509.632 -195.937 97.0908 0.5
8 517.951 -212.264 -83.7257 0.5
8 540.88 -191.767 -67.3732 0.5
8 502.401 -208.627 -97.05 0.5
8 547.062 -170.657 -77.2544 0.5
8 524.516 -233.803 -48.2496 0.5
8 533.346 -32.5751 18.1313 0.5
8 504.904 -210.647 -95.2462 0.5
8 545.25 -119.055 99.616 0.5
8 528.164 -93.5258 88.6001 0.5
8 544.115 -80.2551 -94.738 0.5
8 542.063 -185.618 -71.6119 0.5
8 523.815 -232.182 53.069 0.5
8 502.694 -172.212 99.3018 0.5
8 522.883 -241.063 -39.139 0.5
8 511.03 -69.6103 2.80177 0.5
8 543.246 -163.569 86.7189 0.5
8 553.733 -40.5362 -83.4695 0.5
8 502.612 -195.77 99.3227 0.5
8 545.613 -186.695 -63.7762 0.5
8 537.424 -35.6571 -47.1306 0.5
8 519.85 -74.2922 59.9966 0.5
8 528.751 -231.925 36.6347 0.5
8 545.219 -151.857 -90.9802 0.5
8 541.527 -166.859 86.5387 0.5
8 534.975 -40.4229 48.0959 0.5
8 506.597 -190.773 99.0811 0.5
8 549.425 -21.1131 57.3009 0.5
8 528.177 -117.57 -97.4817 0.5
8 529.355 -190.012 -85.306 0.5
8 500.755 -242.169 83.6467 0.5
8 522.466 -106.502 -90.1582 0.5
8 533.521 -62.9101 -73.5938 0.5
8 545.858 -27.0783 56.9952 0.5
8 540.225 -207.962 -45.6756 0.5
8 534.733 -130.792 -99.9741 0.5
8 535.59 -227.015 1.76924 0.5
8 534.893 -224.367 -27.5542 0.5
8 546.886 -206.377 -14.7227 0.5
8 536.179 -222.616 -25.8359 0.5
8 524.654 -87.0595 -80.8034 0.5
8 527.2 -130.322 -99.3662 0.5
8 508.808 -271.441 19.7928 0.5
8 537.215 -104.296 97.9956 0.5
8 547.516 -166.755 79.714 0.5
8 528.779 -76.9447 78.5522 0.5
8 551.668 0.81494 0.49822 0.5
8 539.418 -131.572 -99.3741 0.5
8 548.759 -20.0276 -53.9568 0.5
8 549.201 -10.1654 -36.0122 0.5
8 534.314 -199.932 -70.7302 0.5
8 544.722 -125.568 98.9643 0.5
8 554.431 -146.683 85.2425 0.5
8 516.545 -208.961 87.2047 0.5
8 536.62 -96.3823 -95.7437 0.5
8 517.3 -58.8334 -4.94914 0.5
8 539.602 -174.339 -84.0016 0.5
8 544.937 -34.985 65.1593 0.5
8 517.95 -99.2059 81.1902 0.5
8 526.441 -241.738 15.0554 0.5
8 545.224 -12.6458 21.3296 0.5
8 503.364 -207.872 -96.8183 0.5
8 509.534 -102.624 -71.864 0.5
8 544.186 -26.5644 51.7337 0.5
8 555.536 -129.05 -93.0751 0.5
8 501.27 -272.544 50.9141 0.5
8 548.39 -34.6621 71.2186 0.5
8 554.681 -119.353 96.7234 0.5
8 523.256 -213.699 -75.7324 0.5
8 538.399 -203.844 57.695 0.5
8 526.256 -215.879 -68.6851 0.5
8 524.936 -77.4553 73.2943 0.5
8 504.666 -146.095 93.8612 0.5
8 552.013 -14.3472 53.8861 0.5
8 506.261 -274.064 -27.187 0.5
8 500.063 -189.124 99.9984 0.5
8 515.528 -187.512 96.6327 0.5
8 530.003 -124.034 -99.1936 0.5
8 528.596 -212.224 -68.2611 0.5
8 506.96 -233.476 -82.264 0.5
8 507.822 -224.178 -87.1436 0.5
8 502.329 -147.662 -92.9115 0.5
8 517.075 -238.513 -60.7742 0.5
8 505.929 -199.04 -97.8479 0.5
8 529.569 -40.2652 23.5227 0.5
8 503.522 -102.369 59.7243 0.5
8 529.531 -44.0092 35.4185 0.5
8 544.636 -100.143 -99.3685 0.5
8 502.51 -261.11 64.0657 0.5
8 538.206 -194.109 -69.8006 0.5
8 509.333 -74.7137 -20.88 0.5
8 505.419 -157.288 -97.5496 0.5
8 522.809 -62.1076 49.197 0.5
8 546.597 -177.582 -71.7889 0.5
8 509.779 -79.5812 -38.8249 0.5
8 526.388 -220.237 63.4807 0.5
8 544.929 -86.7191 97.0434 0.5
8 504.216 -176.907 99.9003 0.5
8 505.754 -272.219 -35.4374 0.5
8 511.841 -259.6 -40.4957 0.5
8 536.025 -172.059 88.9053 0.5
8 504.682 -247.664 -74.1464 0.5
8 539.874 -217.381 -21.0037 0.5
8 552.435 -15.2964 -56.4273 0.5
8 546.733 -121.019 99.1132 0.5
8 502.023 -99.8107 -52.092 0.5
8 547.428 -202.023 29.6727 0.5
8 527.489 -48.9148 38.844 0.5
8 539.671 -38.4893 57.9834 0.5
8 504.519 -104.934 65.0922 0.5
8 525.632 -106.275 -92.4971 0.5
8 516.663 -250.632 -41.8587 0.5
8 506.658 -100.5 64.2325 0.5
8 526.731 -242.374 -0.431913 0.5
8 551.159 -199.23 12.8957 0.5
8 548.089 -113.788 99.6461 0.5
8 505.597 -251.366 -68.9958 0.5
8 547.272 -161.705 83.5779 0.5
8 525.92 -119.741 97.0677 0.5
8 540.631 -19.5783 15.9411 0.5
8 537.26 -172.922 87.2935 0.5
8 505.61 -268.736 44.0444 0.5
8 512.401 -265.557 18.0278 0.5
8 514.376 -186.996 97.2664 0.5
8 546.519 -10.043 19.6042 0.5
8 531.501 -163.938 -95.4489 0.5
8 528.67 -41.5333 -22.2898 0.5
8 554.245 -174.517 60.2707 0.5
8 518.331 -61.8326 30.9443 0.5
8 500.62 -284.46 -24.8713 0.5
8 533.39 -225.698 -31.6608 0.5
8 546.11 -25.8412 55.8226 0.5
8 532.597 -186.966 83.6798 0.5
8 545.151 -91.3537 98.1556 0.5
8 525.64 -112.754 -94.9053 0.5
8 544.365 -181.026 -72.1973 0.5
8 540.891 -217.81 2.8549 0.5
8 551.332 -199.704 3.49197 0.5
8 510.515 -245.182 -66.4599 0.5
8 525.308 -81.0854 -77.0409 0.5
8 512.064 -228.525 -79.4353 0.5
8 537.259 -47.3013 63.998 0.5
8 535.276 -227.343 6.81671 0.5
8 528.976 -237.002 17.1722 0.5
8 513.663 -114.081 -86.0588 0.5
8 509.19 -94.7404 -62.5556 0.5
8 546.393 -52.0501 -82.666 0.5
8 521.603 -162.642 99.3499 0.5
8 519.756 -87.9957 -74.7197 0.5
8 500.63 -221.944 93.9113 0.5
8 513.222 -163.417 99.9722 0.5
8 555.088 -184.72 40.4372 0.5
8 515.78 -244.853 -55.0102 0.5
8 552.998 -50.6665 88.6809 0.5
8 506.434 -260.675 55.5608 0.5
8 550.571 -194.5 -35.6871 0.5
8 515.786 -261.232 -4.4948 0.5
8 547.394 -201.707 30.8532 0.5
8 504.891 -278.753 -16.9706 0.5
8 543.804 -13.8099 -14.1448 0.5
8 536.123 -204.279 -62.3644 0.5
8 539.452 -215.28 -31.415 0.5
8 528.222 -76.6186 -77.5172 0.5
8 511.111 -72.5786 -24.8943 0.5
8 508.486 -269.428 29.8164 0.5
8 505.682 -205.529 96.3709 0.5
8 536.474 -64.3448 79.1198 0.5
8 552.052 -132.775 93.9492 0.5
9 581.452 -182.572 -43.3365 0.5
9 570.928 -35.6738 -82.3192 0.5
9 560.774 -148.205 83.0142 0.5
9 582.065 -122.787 -95.2872 0.5
9 644.582 -38.4069 84.1388 0.5
9 662.153 -183.726 -40.8489 0.5
9 578.289 -115.489 -97.3098 0.5
9 646.911 5.51823 20.0551 0.5
9 618.489 -47.288 -89.221 0.5
9 602.62 -35.98 82.5296 0.5
9 574.138 -45.0975 88.078 0.5
9 639.852 -91.5702 99.9961 0.5
9 634.569 -11.8298 59.1639 0.5
9 634.393 -192.447 -0.742225 0.5
9 601.502 -10.0109 56.6019 0.5
9 557.74 3.36809 28.616 0.5
9 626.658 -148.501 -82.815 0.5
9 655.722 -18.7848 -67.6271 0.5
9 635.093 -150.671 81.3038 0.5
9 619.053 -189.595 23.7236 0.5
9 611.926 -21.6156 -70.5867 0.5
9 556.775 -132.865 -91.4695 0.5
9 608.067 -181.488 45.5223 0.5
9 652.925 -192.221 -6.77114 0.5
9 592.667 -192.092 8.45409 0.5
9 591.82 -33.905 -81.0708 0.5
9 647.382 -172.375 60.0997 0.5
9 563.169 -96.061 -99.9348 0.5
9 654.285 1.85533 33.2639 0.5
9 657.169 -141.148 -87.3414 0.5
9 660.845 -165.424 -68.3726 0.5
9 631.711 -73.3008 98.1494 0.5
9 572.1 -181.444 -45.6071 0.5
9 592.225 -111.818 -98.1065 0.5
9 637.208 -189.565 -23.8462 0.5
9 630.525 -137.851 89.0996 0.5
9 655.444 -143.97 -85.7072 0.5
9 594.905 -132.117 91.7961 0.5
9 651.881 -2.98439 44.6754 0.5
9 587.882 -184.416 -39.2712 0.5
9 651.952 -162.937 -70.934 0.5
9 624.66 -192.212 -6.89796 0.5
9 581.83 -165.275 68.5309 0.5
9 630.965 -6.53187 -51.167 0.5
9 602.949 -10.7771 57.702 0.5
9 591.793 -131.771 -91.9448 0.5
9 665.781 -126.656 -93.9679 0.5
9 593.841 -75.4439 98.5433 0.5
9 657.131 -29.4272 -77.641 0.5
9 625.687 -182.259 -43.9821 0.5
9 581.231 -28.0972 -76.5422 0.5
9 646.88 -151.445 -80.7442 0.5
9 577.016 -18.9647 67.8225 0.5
9 589.397 2.26373 -32.0826 0.5
9 618.076 0.945584 -35.7386 0.5
9 556.537 -21.5325 -70.5032 0.5
9 589.25 -68.6274 97.1209 0.5
9 572.466 -108.638 98.681 0.5
9 648.908 -186.057 35.181 0.5
9 641.48 -83.7818 -99.6236 0.5
9 559.118 -183.422 -41.5234 0.5
9 661.663 -132.959 91.4276 0.5
9 592.5 -128.143 93.413 0.5
9 657.019 -104.714 -99.2451 0.5
9 610.982 -178.123 51.5764 0.5
9 595.896 -57.6697 93.7567 0.5
9 661.714 -123.301 95.1222 0.5
9 588.937 -19.1516 68.0245 0.5
9 596.238 -171.57 61.1556 0.5
9 615.394 -189.675 23.3931 0.5
9 615.364 -118.841 -96.4547 0.5
9 580.972 -128.471 -93.2873 0.5
9 622.53 -45.1961 -88.1309 0.5
9 643.527 -16.0703 64.5455 0.5
9 608.207 -96.2623 -99.9273 0.5
9 561.142 -182.819 42.8183 0.5
9 634.926 -15.4005 63.7445 0.5
9 654.719 -15.237 63.5463 0.5
9 642.837 -189.835 -22.7193 0.5
9 578.191 -185.163 -37.4743 0.5
9 609.768 -124.997 94.5554 0.5
9 630.016 -9.87695 -56.4064 0.5
9 636.399 -163.878 69.9858 0.5
9 610.519 -34.2182 -81.2961 0.5
9 570.758 -10.6428 57.5115 0.5
9 628.824 -33.9121 -81.0759 0.5
9 606.448 -186.529 33.9 0.5
9 594.536 1.67135 33.781 0.5
9 619.409 -121.004 95.8368 0.5
9 561.451 -171.267 -61.5459 0.5
9 574.199 1.04725 -35.4718 0.5
9 666.648 -185.818 35.8099 0.5
9 573.481 -168.718 64.6779 0.5
9 582.299 -188.087 -29.2157 0.5
9 586.959 -96.7581 -99.9072 0.5
9 652.805 -126.793 -93.9177 0.5
9 570.633 -134.502 -90.7283 0.5
9 558.38 -33.7043 80.9254 0.5
9 632.241 -30.1075 78.1883 0.5
9 565.789 2.73901 -30.6437 0.5
9 614.99 -56.071 93.1481 0.5
9 581.048 -138.52 -88.7557 0.5
9 643.332 -13.5658 -61.4595 0.5
9 566.442 -192.441 1.31956 0.5
9 649.124 7.48201 3.68449 0.5
9 635.725 -188.988 -26.0846 0.5
9 560.329 -17.79 -66.5272 0.5
9 573.952 -86.9988 99.8513 0.5
9 587.439 -59.7246 94.4936 0.5
9 596.511 -118.534 96.5383 0.5
9 580.621 -91.6291 -99.9966 0.5
9 652.64 -139.17 -88.4153 0.5
9 589.879 0.556781 36.7386 0.5
9 571.282 -141.16 87.3344 0.5
9 616.827 3.13616 29.3814 0.5
9 601.805 -178.913 50.2408 0.5
9 593.365 -11.4554 58.6503 0.5
9 589.109 -51.1316 91.0647 0.5
9 567.212 -182.426 -43.6388 0.5
9 633.648 -77.833 98.9259 0.5
9 596.866 -110.268 98.3998 0.5
9 655.876 -170.787 62.1554 0.5
9 631.215 -131.4 -92.1026 0.5
9 619.506 -160.879 -72.9206 0.5
9 572.904 -192.316 -5.18469 0.5
9 580.279 -104.292 -99.2964 0.5
9 665.821 -46.3515 -88.7407 0.5
9 662.281 5.43383 -20.4631 0.5
9 598.667 -1.26242 -41.0464 0.5
9 582.914 -75.712 -98.5892 0.5
9 626.904 -118.826 96.4588 0.5
9 586.962 -186.096 35.0785 0.5
9 653.88 -170.187 -62.9049 0.5
9 661.351 -62.0776 -95.276 0.5
9 665.327 3.98788 -26.4522 0.5
9 647.993 -190.517 19.5667 0.5
9 653.689 -191.641 12.6962 0.5
9 611.31 -33.6331 80.8737 0.5
9 583.883 -81.0355 99.3464 0.5
9 571.462 -177.545 52.5253 0.5
9 619.8 -150.985 81.0781 0.5
9 583.654 -187.181 32.0318 0.5
9 580.726 -117.674 96.7665 0.5
9 567.166 -96.9066 99.9006 0.5
9 603.847 -107.415 98.8739 0.5
9 602.69 4.3062 25.263 0.5
9 583.49 -176.933 -53.5029 0.5
9 610.821 -192.059 8.84066 0.5
9 576.529 -28.8259 77.1489 0.5
9 565.448 -152.034 80.3104 0.5
9 614.045 -161.003 72.8042 0.5
9 576.162 -136.083 -89.9789 0.5
9 644.99 -157.177 -76.2261 0.5
9 590.892 -15.92 64.3673 0.5
9 583.06 7.33108 -6.61194 0.5
9 665.97 -9.14013 -55.3123 0.5
9 570.304 -2.3524 -43.3867 0.5
9 594.689 -187.74 -30.3295 0.5
9 637.306 -153.972 -78.8353 0.5
9 636.548 0.0171067 -38.0765 0.5
9 570.674 -42.9909 86.9125 0.5
9 591.233 -186.666 33.518 0.5
9 656.673 -6.2074 50.6182 0.5
9 659.244 -183.019 42.3937 0.5
9 654.406 -31.5768 -79.3376 0.5
9 662.391 -99.9674 -99.717 0.5
9 631.98 -115.336 97.3459 0.5
9 644.365 -152.781 79.7504 0.5
9 617.379 -96.7981 99.9054 0.5
9 564.986 -35.7001 82.3374 0.5
10 611.325 47.5464 89.7297 0.5
10 650.555 -28.7629 -93.3796 0.5
10 653.055 -66.0502 99.9601 0.5
10 663.623 -79.9811 -99.7407 0.5
10 628.454 -63.0199 -92.9997 0.5
10 660.212 -98.8449 -98.4434 0.5
10 650.082 -116.938 84.6662 0.5
10 618.402 86.5717 -29.9008 0.5
10 649.873 -146.543 55.506 0.5
10 614.146 6.55544 -99.6765 0.5
10 635.98 -53.109 -99.0419 0.5
10 652.843 -163.777 -30.3887 0.5
10 650.158 -101.707 -92.5596 0.5
10 620.125 55.2796 74.1309 0.5
10 644.722 -139.301 -52.9051 0.5
10 644.309 4.10205 -81.5838 0.5
10 653.969 -37.5137 -94.4181 0.5
10 645.721 -5.71111 86.3353 0.5
10 624.424 -45.6668 96.4567 0.5
10 639.573 52.6435 19.0633 0.5
10 620.75 68.6113 57.9026 0.5
10 621.627 -60.4414 88.791 0.5
10 653.158 -134.755 75.3865 0.5
10 619.545 -17.4726 -99.7793 0.5
10 635.362 -48.3949 99.482 0.5
10 627.451 -120.592 -27.7739 0.5
10 657.386 -140.867 76.4257 0.5
10 638.082 -46.9637 99.919 0.5
10 637.744 -60.3744 98.363 0.5
10 642.846 -109.891 80.96 0.5
10 613.345 55.4127 83.1804 0.5
10 620.127 16.5803 -95.8763 0.5
10 640.709 12.6781 79.8731 0.5
10 638.985 -143.291 -15.5323 0.5
10 615.983 59.3021 76.8668 0.5
10 613.012 40.6833 91.5638 0.5
10 665.878 -87.9302 99.9503 0.5
10 630.076 -110.311 58.3141 0.5
10 624.638 -89.4299 -71.6343 0.5
10 622.642 -71.3811 -83.3952 0.5
10 614.922 -53.2487 -86.3571 0.5
10 635.913 -80.8226 90.9186 0.5
10 628.98 -97.9072 -70.6897 0.5
10 612.392 -29.5317 -95.0451 0.5
10 658.734 -88.3646 -99.5328 0.5
10 623.205 -59.269 90.7078 0.5
10 648.428 -159.813 14.4238 0.5
10 612.877 -3.27836 -99.9202 0.5
10 657.446 -136.96 -79.6367 0.5
10 660.974 -76.0897 99.7885 0.5
10 618.274 -99.1993 -42.3974 0.5
10 635.508 52.3279 -41.8759 0.5
10 650.268 -142.218 62.3638 0.5
10 662.193 -93.0789 -99.6485 0.5
10 630.6 -107.585 63.0694 0.5
10 613.525 -90.0219 -44.3732 0.5
10 615.776 59.7698 -76.7756 0.5
10 642.504 -70.6716 97.9648 0.5
10 637.053 -141.096 3.52387 0.5
10 613.708 48.3798 87.1145 0.5
10 656.878 -171.885 26.6256 0.5
10 637.647 -47.5479 -99.8562 0.5
10 636.461 -103.49 -77.3683 0.5
10 627.697 58.1944 -55.5557 0.5
10 657.32 -163.6 48.7017 0.5
10 655.682 -24.0608 86.9674 0.5
10 651.544 -17.206 -87.1438 0.5
10 644.34 -11.2492 -90.5055 0.5
10 634.22 40.7563 63.7966 0.5
10 615.732 66.5831 -70.6087 0.5
10 653.03 -138.366 -71.8668 0.5
10 660.703 -178.304 -27.3642 0.5
10 663.17 -186.091 7.78271 0.5
10 635.27 -87.3915 -86.9903 0.5
10 639.391 -100.394 83.3938 0.5
10 631.634 -65.1766 -94.2555 0.5
10 647.058 12.3749 70.5594 0.5
10 631.453 -128.337 24.7913 0.5
10 616.015 -91.1186 50.3506 0.5
10 644.37 -120.638 74.4099 0.5
10 651.701 -140.73 -67.0392 0.5
10 659.483 -177.902 20.4113 0.5
10 613.42 83.5988 54.5327 0.5
10 642.832 47.2007 17.9948 0.5
10 614.296 96.3887 19.2513 0.5
10 626.703 -28.6142 99.855 0.5
10 665.977 -15.9284 65.7705 0.5
10 615.729 47.2365 85.7428 0.5
10 627.455 -117.719 -36.2844 0.5
10 658.246 21.3231 -12.7123 0.5
10 660.286 -161.632 59.6879 0.5
10 633.22 -108.975 -66.7557 0.5
10 661.623 2.75446 -50.2299 0.5
10 638.067 -113.956 -70.377 0.5
10 632.48 54.7284 47.5627 0.5
10 631.81 -28.0614 99.9194 0.5
10 615.298 -75.5073 -69.3667 0.5
10 622.447 -115.113 12.1882 0.5
10 662.531 -30.5611 -83.6962 0.5
10 617.99 31.4609 -91.8251 0.5
10 657.842 -67.7193 99.5529 0.5
10 634.087 -112.03 64.9814 0.5
10 654.474 -57.9559 -99.1014 0.5
10 633.065 -27.0117 99.7376 0.5
10 633.073 -109.939 65.37 0.5
10 635.505 12.0619 86.2898 0.5
10 641.251 -24.7747 97.1621 0.5
10 618.303 -96.1573 -48.4556 0.5
10 622.122 17.5303 94.4584 0.5
10 642.999 8.14233 80.2998 0.5
10 661.991 -28.955 -83.254 0.5
10 649.574 35.4196 -18.5547 0.5
10 612.432 -36.5033 -92.5026 0.5
10 638.232 1.40267 -89.5017 0.5
10 635.66 57.2706 27.9448 0.5
10 662.503 5.8352 41.2977 0.5
10 623.786 81.8206 0.511824 0.5
10 650.159 -129.606 -75.3477 0.5
10 646.31 41.0182 18.8425 0.5
10 635.204 21.0788 -80.7151 0.5
10 624.46 31.7304 -85.9721 0.5
10 637.668 55.4296 -21.5405 0.5
10 638.134 -70.6057 -96.1227 0.5
10 650.351 -157.882 34.9541 0.5
10 654.649 -20.1576 85.7328 0.5
10 635.279 25.0925 77.5145 0.5
10 648.958 23.9988 -51.4051 0.5
10 612.224 99.0045 -23.6757 0.5
10 611.974 -61.4614 77.0514 0.5
10 664.784 -161.868 68.6861 0.5
10 615.617 -101.422 22.6849 0.5
10 634.62 35.8347 68.5806 0.5
10 656.617 -112.336 -92.7858 0.5
10 612.303 -76.3002 -62.5647 0.5
10 665.467 -35.1496 83.37 0.5
10 625.242 57.8955 61.8275 0.5
10 625.14 -118.396 20.5211 0.5
10 613.557 70.949 70.0032 0.5
10 649.344 -44.2464 -98.3299 0.5
10 624.301 -0.178751 -98.1992 0.5
10 660.883 -166.656 53.9123 0.5
10 656.012 -134.781 79.4056 0.5
10 654.911 -4.27801 73.4958 0.5
10 635.125 62.0462 5.20755 0.5
10 628.544 -80.056 84.3992 0.5
10 624.633 -39.3927 -98.031 0.5
10 635.377 53.3072 40.2049 0.5
10 662.909 -182.781 -24.944 0.5
10 637.009 19.2212 -79.7725 0.5
10 612.681 55.9026 -83.6167 0.5
10 615.824 -32.7494 95.8936 0.5
10 645.655 -8.35019 -87.8865 0.5
10 645.343 14.8476 71.0557 0.5
10 635.769 -136.105 -23.6182 0.5
10 660.577 -30.6152 -85.8468 0.5
10 638.413 -143.034 -9.76923 0.5
10 625.781 -120.725 -13.4577 0.5
10 662.593 12.6276 -19.791 0.5
10 650.688 -81.0583 98.6653 0.5
10 653.731 -81.6696 -99.3221 0.5
10 622.278 8.91446 96.9569 0.5
10 635.439 -131.517 -36.3612 0.5
10 662.461 -183.937 15.631 0.5
10 649.839 -128.517 75.8109 0.5
10 656.778 -147.111 -69.6159 0.5
10 636.014 -136.01 -25.6611 0.5
10 634.588 -123.595 -49.8196 0.5
10 618.709 46.5748 82.8768 0.5
10 620.788 44.8282 81.5933 0.5
10 641.899 4.60596 84.0653 0.5
10 614.29 89.2241 41.5594 0.5
10 626.082 68.4148 42.3905 0.5
10 646.691 -10.3928 88.021 0.5
10 652.166 -23.0057 89.6381 0.5
10 626.36 68.9494 40.1497 0.5
10 650.256 23.9253 -47.5874 0.5
10 643.419 -103.23 -85.9898 0.5
10 631.737 -112.002 -59.9316 0.5
10 656.404 -114.582 -91.6922 0.5
11 636.752 27.9421 -97.9296 0.5
11 649.902 145.475 -66.6922 0.5
11 615.418 -68.1646 -60.7919 0.5
11 652.318 60.2385 98.8823 0.5
11 662.065 140.87 -87.2612 0.5
11 644.34 21.983 -91.934 0.5
11 650.6 5.87141 74.8621 0.5
11 615.93 17.2766 -99.8671 0.5
11 615.794 70.7799 -80.8183 0.5
11 612.004 -1.17629 -99.7887 0.5
11 637.548 -13.6243 77.5055 0.5
11 659.583 154.355 74.5733 0.5
11 664.26 3.75507 -39.0137 0.5
11 660.04 -11.0021 -9.74049 0.5
11 634.46 10.8143 -94.2567 0.5
11 645.871 79.9901 -98.7101 0.5
11 614.939 -71.3616 -57.569 0.5
11 622.715 0.0406246 97.1184 0.5
11 644.303 141.847 59.2164 0.5
11 636.261 -30.1883 -63.1668 0.5
11 646.146 98.7831 93.9243 0.5
11 666.095 199 1.3858 0.5
11 611.622 97.2386 -37.8046 0.5
11 612.311 -85.1938 41.3555 0.5
11 640.409 -8.23908 -77.8547 0.5
11 653.088 7.00667 -71.925 0.5
11 644.089 12.5654 -87.5462 0.5
11 612.88 92.5811 51.46 0.5
11 620.914 33.4222 99.1944 0.5
11 666.394 -0.457144 -1.74651 0.5
11 654.868 178.72 12.9725 0.5
11 617.337 -55.4564 71.3989 0.5
11 651.341 38.5427 93.7076 0.5
11 625.335 -21.1 -86.8824 0.5
11 629.724 95.2353 -80.5775 0.5
11 626.929 71.3476 91.5751 0.5
11 657.501 180.493 -26.7035 0.5
11 629.449 -47.5356 -55.6676 0.5
11 665.912 55.6451 90.26 0.5
11 643.118 70.0469 99.4113 0.5
11 648.828 153.411 53.7794 0.5
11 629.995 33.1203 -99.9435 0.5
11 631.24 49.7058 -99.3858 0.5
11 652.755 175.355 -10.4663 0.5
11 640.9 -31.0004 50.3987 0.5
11 659.328 151.055 77.0314 0.5
11 614.571 9.13413 99.998 0.5
11 645.12 -34.4015 23.984 0.5
11 645.662 146.072 56.5813 0.5
11 623.934 0.762132 96.7668 0.5
11 658.409 135.515 86.7074 0.5
11 635.61 126.252 -59.9412 0.5
11 620.213 -79.1619 16.062 0.5
11 626.169 -26.4051 -82.6717 0.5
11 646.611 -1.29302 74.634 0.5
11 636.547 141.505 35.0028 0.5
11 646.989 146.498 59.218 0.5
11 643.204 52.2832 -99.7492 0.5
11 664.421 23.4494 -68.7055 0.5
11 654.748 -20.5954 -3.09869 0.5
11 631.397 104.487 -75.4971 0.5
11 618.306 64.1218 87.7894 0.5
11 634.125 -0.809237 89.5805 0.5
11 611.845 84.2854 -61 0.5
11 625.496 -71.0397 7.35219 0.5
11 611.935 66.4327 79.0616 0.5
11 659.938 57.3404 95.0719 0.5
11 637.247 22.7048 96.4689 0.5
11 665.89 197.985 -11.5479 0.5
11 641.642 -41.8123 17.4334 0.5
11 620.605 -20.8516 -91.1765 0.5
11 638.322 149.323 17.7242 0.5
11 665.53 63.6932 -93.9199 0.5
11 624.872 126.576 14.3474 0.5
11 634.529 93.395 -87.139 0.5
11 659.143 -11.7806 15.7698 0.5
11 658.793 78.9222 -99.7229 0.5
11 619.947 108.423 44.9195 0.5
11 618.754 93.6985 -64.1819 0.5
11 627.916 122.282 -44.8065 0.5
11 623.36 -69.6846 32.1949 0.5
11 654.493 -21.0097 3.90642 0.5
11 633.361 -21.4369 -77.0449 0.5
11 636.907 95.5714 88.2047 0.5
11 621.339 -10.1988 -94.8462 0.5
11 649.802 13.2808 -81.8087 0.5
11 646.342 33.5418 -94.9901 0.5
11 636.738 148.142 2.02477 0.5
11 620.226 106.556 49.316 0.5
11 630.317 133.375 -26.8264 0.5
11 633.785 127.097 -54.1831 0.5
11 645.56 72.8508 -99.5563 0.5
11 616.408 -85.9569 14.7489 0.5
11 622.035 65.1339 -90.5479 0.5
11 651.168 136.542 -77.3441 0.5
11 620.073 -60.7227 -59.9732 0.5
11 641.627 -25.2285 57.4394 0.5
11 635.396 121.989 64.8142 0.5
11 664.634 196.305 -5.90139 0.5
11 645.119 18.6576 -89.7898 0.5
11 643.177 121.979 77.9304 0.5
11 643.539 -19.6144 -60.5868 0.5
11 620.3 -74.5355 33.486 0.5
11 634.316 134.292 -42.9128 0.5
11 648.879 128.492 80.5201 0.5
11 645.017 162.109 -8.85977 0.5
11 624.877 50.0788 97.4449 0.5
11 617.45 -72.1952 49.3935 0.5
11 616.111 103.805 40.6375 0.5
11 647.004 102.974 92.8909 0.5
11 665.034 172.732 -65.5031 0.5
11 626.941 -62.7526 34.2673 0.5
11 629.096 -12.8012 87.8755 0.5
11 642.974 6.42032 -85.0835 0.5
11 631.852 84.5563 89.3749 0.5
11 621.777 -68.0054 -43.0617 0.5
11 660.177 175.254 -50.1885 0.5
11 665.817 197.572 13.794 0.5
11 647.378 166.584 1.21252 0.5
11 634.34 58.8291 98.8957 0.5
11 649.162 119.982 -86.4276 0.5
11 650.601 5.84238 -74.8339 0.5
11 655.825 131.324 86.5429 0.5
11 644.381 121.613 79.8404 0.5
11 627.296 92.1404 -79.749 0.5
11 656.01 118.756 -92.8176 0.5
11 636.671 12.415 -93.437 0.5
11 659.473 169.466 -57.3411 0.5
11 653.731 0.817638 -64.0716 0.5
11 638.855 140.993 45.2727 0.5
11 660.831 132.782 90.3354 0.5
11 617.267 -38.4774 84.8528 0.5
11 614.917 -58.1684 72.8215 0.5
11 650.192 160.341 -45.838 0.5
11 645.042 -27.9105 42.6344 0.5
11 662.512 188.569 -28.7911 0.5
11 655.258 -17.9758 -18.8061 0.5
11 612.14 -83.0845 46.2891 0.5
11 617.192 -59.6182 -67.3417 0.5
11 627.865 -1.5876 93.9039 0.5
11 613.892 -23.4952 94.7124 0.5
11 661.219 -9.39418 -2.8626 0.5
11 627.322 109.472 -63.0505 0.5
11 633.394 30.9171 -99.3419 0.5
11 616.742 -85.1175 16.3994 0.5
11 650.558 90.1634 98.3548 0.5
11 642.582 -5.55236 76.9737 0.5
11 613.476 101.205 35.8985 0.5
11 623.926 73.1565 -88.1679 0.5
11 618.338 -66.2803 -56.4069 0.5
11 652.13 50.3809 96.9674 0.5
11 629.092 110.863 -65.0567 0.5
11 661.432 188.066 -23.7757 0.5
11 626.464 109.809 60.7371 0.5
11 652.594 41.5575 94.0179 0.5
11 631.235 57.041 98.2905 0.5
11 615.306 50.8898 -91.7174 0.5
11 617.589 111.444 26.4128 0.5
11 653.109 17.8773 81.0016 0.5
11 662.193 178.01 -51.435 0.5
12 724.161 178.305 62.1956 0.5
12 723.644 188.361 46.8227 0.5
12 699.579 0.736493 -12.1143 0.5
12 772.312 188.102 -47.3083 0.5
12 706.653 107.174 -99.7423 0.5
12 763.266 3.68412 -26.8933 0.5
12 730.128 4.03733 -28.1277 0.5
12 666.889 109.341 -99.5627 0.5
12 691.734 6.78743 36.2135 0.5
12 753.427 44.4926 83.1801 0.5
12 723.668 8.36507 -40.038 0.5
12 773.032 47.7265 85.2495 0.5
12 700.484 154.657 -83.7411 0.5
12 767.703 2.61809 22.7324 0.5
12 724.409 56.5282 -90.0567 0.5
12 687.73 120.681 97.8381 0.5
12 716.378 0.182862 -6.04475 0.5
12 747.603 0.473954 9.72451 0.5
12 722.581 83.6405 98.6528 0.5
12 686.268 199.996 -0.863366 0.5
12 698.141 199.911 -4.22939 0.5
12 775.968 84.7744 -98.8341 0.5
12 674.661 158.455 81.1358 0.5
12 715.091 31.8729 -73.2031 0.5
12 773.986 53.8231 88.7 0.5
12 774.104 179.709 60.3859 0.5
12 716.817 1.49083 17.203 0.5
12 737.785 40.1803 80.1349 0.5
12 731.259 168.201 -73.1341 0.5
12 759.788 90.0117 99.4999 0.5
12 767.142 10.8715 45.3443 0.5
12 775.945 39.8135 79.8598 0.5
12 700.042 194.728 -32.0422 0.5
12 704.145 4.63725 30.099 0.5
12 750.239 147.688 -87.8966 0.5
12 756.12 1.1014 -14.8009 0.5
12 747.17 35.912 -76.7641 0.5
12 721.043 162.41 78.1347 0.5
12 769.327 140.896 91.2551 0.5
12 701.161 61.3208 92.2167 0.5
12 695.603 189.888 43.8193 0.5
12 775.285 139.916 -91.688 0.5
12 668.786 193.841 34.5516 0.5
12 747.634 176.704 -64.1594 0.5
12 695.311 58.8482 -91.1402 0.5
12 734.169 0.866852 13.1385 0.5
12 709.711 85.2988 -98.9135 0.5
12 743.137 22.6009 -63.3196 0.5
12 680.23 106.294 -99.8018 0.5
12 769.527 7.75577 38.6135 0.5
12 763.558 8.32498 39.9461 0.5
12 697.267 198.741 -15.8154 0.5
12 749.686 31.8784 -73.2082 0.5
12 687.216 37.9107 -78.3896 0.5
12 689.753 148.373 87.5216 0.5
12 766.4 112.301 99.2406 0.5
12 667.111 28.807 70.225 0.5
12 731.167 199.087 -13.4801 0.5
12 731.395 196.163 27.4336 0.5
12 694.31 167.26 -74.0007 0.5
12 773.175 27.1748 -68.5309 0.5
12 744.357 30.8312 -72.2196 0.5
12 702.409 104.386 -99.9038 0.5
12 730.646 109.775 -99.5211 0.5
12 752.436 19.1219 -58.811 0.5
12 752.802 22.6635 -63.3961 0.5
12 694.674 156.534 -82.4855 0.5
12 721.32 102.659 -99.9647 0.5
12 699.398 198.744 -15.8 0.5
12 718.431 117.415 -98.4719 0.5
12 760.551 31.0069 -72.3875 0.5
12 733.872 7.55778 38.1371 0.5
12 763.711 4.3963 -29.3246 0.5
12 736.512 188.266 -47.0016 0.5
12 743.198 41.3833 81.0191 0.5
12 707.407 67.3592 -94.5229 0.5
12 705.962 121.364 97.6912 0.5
12 694.965 25.398 -66.5923 0.5
12 777.378 1.03696 -14.3637 0.5
12 691.787 177.594 63.0806 0.5
12 719.642 0.274482 7.40413 0.5
12 688.565 76.5975 97.2231 0.5
12 766.664 185.401 52.0252 0.5
12 771.627 21.7819 -62.3051 0.5
12 729.494 41.8961 81.3876 0.5
12 743.578 23.3929 64.2756 0.5
12 738.323 197.916 20.3101 0.5
12 755.989 134.559 93.8387 0.5
12 690.71 30.5567 71.9558 0.5
12 725.726 49.0079 -86.0221 0.5
12 696.729 175.596 -65.462 0.5
12 760.122 3.323 -25.5648 0.5
12 699.345 3.42782 25.9579 0.5
12 771.606 0.312488 7.89937 0.5
12 765.697 193.411 35.6973 0.5
12 772.161 31.838 73.1706 0.5
12 773.364 184.288 53.8102 0.5
12 755.803 32.8063 74.0608 0.5
12 705.718 153.708 84.3532 0.5
12 705.419 10.6343 44.875 0.5
12 740.45 93.482 -99.7874 0.5
12 722.687 3.61852 26.6573 0.5
12 705.666 0.308524 -7.84918 0.5
12 753.289 26.9374 -68.2778 0.5
12 773.124 199.743 -7.16402 0.5
12 771.337 140.869 -91.2671 0.5
12 742.236 4.01752 -28.06 0.5
12 745.894 20.2193 -60.2913 0.5
12 712.78 22.2868 62.9338 0.5
12 733.555 5.94315 33.9604 0.5
12 735.82 10.4197 44.4451 0.5
12 699.711 192.082 -38.9978 0.5
12 718.716 70.5181 -95.5553 0.5
12 687.021 45.8241 84.0534 0.5
12 729.144 165.689 -75.3985 0.5
12 765.939 34.921 -75.9258 0.5
12 694.607 153.888 -84.238 0.5
12 680.643 197.488 22.2723 0.5
12 709.002 6.94239 36.6099 0.5
12 691.575 1.19707 -15.4267 0.5
12 706.451 155.67 83.0711 0.5
12 712.722 81.233 -98.2232 0.5
12 687.249 199.908 4.28448 0.5
12 702.108 86.456 99.0786 0.5
12 722.585 1.35559 -16.4098 0.5
12 674.002 0.851548 13.0225 0.5
12 731.107 184.674 -53.201 0.5
12 732.029 0.334283 8.16975 0.5
12 670.151 25.7986 -67.0384 0.5
12 736.873 196.306 -26.9287 0.5
12 735.226 78.5456 97.6714 0.5
12 731.04 134.123 93.9979 0.5
12 753.084 199.985 -1.70719 0.5
12 718.535 62.0379 92.5142 0.5
12 736.923 20.4611 60.6099 0.5
12 713.112 64.5909 -93.5211 0.5
12 757.337 199.895 4.58824 0.5
12 719.314 151.52 -85.7069 0.5
12 699.382 150.409 -86.3651 0.5
12 694.299 77.8671 -97.5199 0.5
12 773.489 43.6935 -82.6413 0.5
12 672.963 187.988 -47.5194 0.5
12 761.734 68.7511 94.9921 0.5
12 773.027 191.607 40.1027 0.5
12 713.936 3.67876 26.8741 0.5
12 680.18 0.991921 14.0499 0.5
12 715.048 29.0056 -70.4259 0.5
12 683.931 98.4916 99.9886 0.5
12 750.824 13.4905 -50.1608 0.5
12 676.492 96.7191 -99.9462 0.5
12 763.352 179.883 60.156 0.5
12 776.433 30.6141 -72.0111 0.5
12 684.594 128.761 95.7747 0.5
12 714.59 199.921 -3.96715 0.5
12 735.137 6.21867 -34.714 0.5
12 682.821 44.389 83.1108 0.5
12 771.931 194.601 32.4151 0.5
12 772.54 184.028 -54.216 0.5
12 776.634 200 -0.0393011 0.5
12 722.025 9.83321 43.2429 0.5
12 759.877 44.7085 83.3238 0.5
12 710.193 2.56101 -22.4865 0.5
12 671.706 83.8986 98.6952 0.5
12 694.219 57.0088 -90.2871 0.5
12 764.415 82.4236 98.4432 0.5
12 769.66 199.723 7.43924 0.5
12 673.997 9.23554 41.9739 0.5
12 707.862 198.98 14.2437 0.5
12 671.854 75.4101 -96.9295 0.5
12 702.079 35.7972 76.6681 0.5
12 723.548 14.7335 52.2458 0.5
12 728.179 99.9141 100 0.5
12 719.829 104.283 99.9082 0.5
13 817.529 77.7376 -88.4844 0.5
13 787.468 26.2152 82.1634 0.5
13 809.367 -30.1952 65.5936 0.5
13 816.278 4.31213 95.7016 0.5
13 815.626 -64.7043 -13.0176 0.5
13 824.839 74.515 82.8307 0.5
13 789.133 127.532 -88.1595 0.5
13 799.724 -37.8497 5.70173 0.5
13 790.637 -4.37008 57.097 0.5
13 796.068 4.09728 76.6515 0.5
13 797.304 -33.1075 -11.9147 0.5
13 817.917 94.6992 76.6516 0.5
13 790.422 168.168 43.4468 0.5
13 807.666 51.6163 99.9427 0.5
13 794.911 18.1985 85.3401 0.5
13 798.889 -34.9967 -17.6408 0.5
13 784.231 2.02443 49.6588 0.5
13 820.163 -64.1719 41.9857 0.5
13 788.579 -17.9438 -12.3459 0.5
13 814.256 -62.162 14.2478 0.5
13 811.107 140.602 18.1989 0.5
13 797.744 138.883 67.8439 0.5
13 782.195 127.812 -93.5009 0.5
13 785.224 76.7156 -99.4591 0.5
13 824.679 85.9778 74.0439 0.5
13 827.799 -64.852 -62.3117 0.5
13 798.043 11.5226 -84.5632 0.5
13 823.3 4.08766 -98.5331 0.5
13 811.842 -39.3735 59.5009 0.5
13 797.005 -16.4635 55.5351 0.5
13 795.227 104.729 93.6932 0.5
13 788.617 170.771 -44.5158 0.5
13 825.99 1.17856 98.8202 0.5
13 799.068 143.447 59.5676 0.5
13 807.177 -18.833 73.4031 0.5
13 815.893 -65.4729 -10.4277 0.5
13 823.682 116.065 29.4238 0.5
13 779.632 83.4871 -99.1113 0.5
13 820.219 125.635 13.0448 0.5
13 824.597 -17.4816 93.1448 0.5
13 826.089 -37.1362 -84.5117 0.5
13 815.174 14.4756 97.8231 0.5
13 805.83 2.74382 87.3576 0.5
13 808.682 88.3285 90.8191 0.5
13 790.783 52.6005 96.857 0.5
13 781.495 109.466 98.7271 0.5
13 792.206 -5.50241 -59.3101 0.5
13 811.204 -57.6488 -7.0217 0.5
13 777.844 193.269 35.7701 0.5
13 786.421 159.164 67.1124 0.5
13 786.989 176.32 38.5417 0.5
13 830.399 -10.2519 98.1572 0.5
13 795.021 -2.54312 -68.6878 0.5
13 786.329 13.0067 69.2083 0.5
13 827.564 111.796 -19.7623 0.5
13 828.881 78.3576 -74.3521 0.5
13 791.37 102.91 -96.438 0.5
13 825.19 67.5896 86.7693 0.5
13 785.356 155.311 72.9134 0.5
13 788.613 177.509 27.032 0.5
13 822.476 -14.1866 92.9956 0.5
13 807.559 -4.25712 85.0019 0.5
13 794.638 -7.7413 61.8997 0.5
13 812.328 132.092 -39.343 0.5
13 780.297 178.563 -55.8851 0.5
13 808.238 -20.5693 -73.4966 0.5
13 817.033 122.383 42.8051 0.5
13 791.737 51.9498 97.1086 0.5
13 827.773 -69.1765 56.3925 0.5
13 831.832 -20.4544 96.3336 0.5
13 810.991 -52.8586 30.1968 0.5
13 809.049 137.632 -39.6679 0.5
13 787.958 181.716 11.3888 0.5
13 785.053 140.623 -84.6586 0.5
13 796.055 -30.8341 12.809 0.5
13 809.6 144.398 9.83385 0.5
13 792.193 -9.28924 -53.7571 0.5
13 811.507 67.8337 96.4921 0.5
13 786.76 89.2298 -99.8853 0.5
13 786.23 -14.5043 5.19581 0.5
13 777.949 96.6683 -99.9539 0.5
13 787.152 177.366 35.1935 0.5
13 798.827 92.8304 95.6146 0.5
13 782.255 126.329 -94.0124 0.5
13 810.029 -5.59555 -86.7548 0.5
13 807.241 108.552 -80.3101 0.5
13 786.751 -7.19747 39.9899 0.5
13 805.243 124.847 68.9614 0.5
13 783.349 -8.8637 -12.513 0.5
13 783.248 6.21808 -53.7802 0.5
13 828.458 -76.2133 46.6871 0.5
13 817.122 74.4736 90.4634 0.5
13 783.591 91.9777 99.9791 0.5
13 817.36 129.48 -19.7125 0.5
13 792.579 35.4982 -92.1385 0.5
13 802.162 0.806416 82.1927 0.5
13 798.022 149.46 53.439 0.5
13 821.928 -76.3866 -4.09972 0.5
13 780.37 -3.79855 -11.7343 0.5
13 819.346 -68.7529 25.2706 0.5
13 823.419 -7.77319 95.787 0.5
13 794.033 171.242 -10.9735 0.5
13 828.181 -86.432 -13.1526 0.5
13 784.599 151.767 77.1833 0.5
13 803.691 19.9712 -93.6207 0.5
13 809.855 -35.8794 -59.5704 0.5
13 791.412 12.6984 -77.0972 0.5
13 790.237 17.1471 -79.0294 0.5
13 824.373 -80.6258 -3.96896 0.5
13 817.213 115.472 -54.6036 0.5
13 780.402 131.326 93.3448 0.5
13 786.217 136.298 -86.0674 0.5
13 793.797 169.429 -23.6013 0.5
13 833.185 79.7038 -65.3743 0.5
13 789.333 146.839 74.3687 0.5
13 797.241 -33.6835 -2.3376 0.5
13 824.183 30.1173 -99.4479 0.5
13 799.393 157.28 -32.0711 0.5
13 797.891 71.549 -99.7959 0.5
13 814.995 -45.6387 -58.3989 0.5
13 795.912 163.729 -30.7994 0.5
13 799.673 -13.247 -65.7744 0.5
13 788.982 179.219 16.5214 0.5
13 822.735 -35.6013 -81.6505 0.5
13 782.492 -5.5135 -22.8764 0.5
13 813.047 136.82 20.3529 0.5
13 808.495 66.7224 -97.9947 0.5
13 815.847 -37.2429 -70.1108 0.5
13 800.786 25.7441 93.8955 0.5
13 789.537 162.579 55.8572 0.5
13 808.983 -44.413 42.8288 0.5
13 829.594 -26.1684 93.1321 0.5
13 777.933 151.424 -85.6027 0.5
13 806.321 -48.0858 16.3938 0.5
13 785.973 35.3018 -86.3096 0.5
13 805.031 132.294 60.6643 0.5
13 814.832 135.82 0.0246928 0.5
13 781.418 60.7282 -94.4099 0.5
13 830.737 -77.8826 -50.7685 0.5
13 799.422 158.559 -27.839 0.5
13 832.561 60.1382 -83.5001 0.5
13 812.098 12.9396 96.1112 0.5
13 827.794 -0.808738 -98.9897 0.5
13 819.228 -18.0621 88.6524 0.5
13 813.772 111.355 67.5903 0.5
13 832.444 12.278 -99.7573 0.5
13 804.762 19.9334 -94.2824 0.5
13 805.3 -46.8776 12.5614 0.5
13 793.542 126.151 -84.5136 0.5
13 832.161 82.4822 64.1927 0.5
13 783.557 -4.67275 32.2303 0.5
13 787.576 149.598 74.6237 0.5
13 822.759 120.804 15.9872 0.5
14 884.41 82.0021 99.4743 0.5
14 844.132 -77.503 -1.8989 0.5
14 852.415 22.842 -99.0175 0.5
14 835.91 29.9706 -97.6098 0.5
14 840.48 27.7571 -99.3244 0.5
14 885.405 -3.76565 -21.1801 0.5
14 877.413 153.15 -68.316 0.5
14 856.73 139.496 -30.6193 0.5
14 837.198 -57.2672 73.565 0.5
14 850.73 48.5616 98.9205 0.5
14 860.222 134.502 -54.0184 0.5
14 887.027 6.07136 -42.1066 0.5
14 863.6 -41.7252 -20.2693 0.5
14 834.091 -83.1889 46.9807 0.5
14 845.386 124.362 -7.58785 0.5
14 881.839 99.6743 -99.2913 0.5
14 854.14 117.804 -62.5895 0.5
14 876.27 -21.742 -4.77236 0.5
14 886.732 176.021 -60.3225 0.5
14 848.736 -17.5266 -87.7376 0.5
14 868.867 129.346 -76.8162 0.5
14 851.781 -63.4576 -12.7372 0.5
14 834.334 41.8841 93.149 0.5
14 879.385 10.1772 -67.9573 0.5
14 869.036 150.938 -52.1507 0.5
14 840.063 53.5944 -92.4316 0.5
14 843.247 -77.4122 -18.0446 0.5
14 850.087 132.79 -0.74391 0.5
14 849.106 -36.3962 73.7902 0.5
14 843.756 -78.1647 1.19047 0.5
14 876.941 -7.80069 49.1167 0.5
14 855.98 101.265 -81.2723 0.5
14 873.19 43.5722 -95.6306 0.5
14 861.66 29.5988 -97.2621 0.5
14 866.844 -1.25277 77.6025 0.5
14 858.383 -49.7905 24.4995 0.5
14 880.166 -2.60251 48.4225 0.5
14 861.632 143.294 42.5335 0.5
14 867.329 161.71 13.7316 0.5
14 879.591 88.9775 -99.8708 0.5
14 887.685 140.802 -90.3368 0.5
14 840.063 -51.2403 -74.5316 0.5
14 856.054 73.0046 95.4325 0.5
14 856.92 -2.41422 -88.2443 0.5
14 885.652 168.606 67.0272 0.5
14 885.299 31.8938 78.5481 0.5
14 872.401 101.361 95.4194 0.5
14 855.345 60.8286 98.1924 0.5
14 843.391 117.125 -28.2445 0.5
14 887.975 -1.55039 -2.53461 0.5
14 883.893 144.295 -84.8327 0.5
14 843.216 108.312 48.5574 0.5
14 862.473 62.8659 99.6279 0.5
14 877.386 -17.6453 -21.2283 0.5
14 848.889 -51.8431 -56.4233 0.5
14 845.674 27.939 -99.9611 0.5
14 855.202 106.934 -75.7513 0.5
14 842.038 -73.1725 -39.1343 0.5
14 885.064 5.15944 47.0949 0.5
14 865.282 109.046 86.6405 0.5
14 883.238 158.659 -72.9051 0.5
14 849.861 81.9445 -86.865 0.5
14 838.854 27.7508 98.9559 0.5
14 881.176 96.6994 -99.4929 0.5
14 875.668 59.4785 -98.4349 0.5
14 865.091 158.368 -9.07828 0.5
14 868.853 62.4583 -99.9597 0.5
14 872.703 149.32 -63.3734 0.5
14 861.794 152.098 13.9102 0.5
14 860.457 110.191 -80.4198 0.5
14 840.835 -83.2162 -1.78383 0.5
14 870.341 18.2945 -86.8438 0.5
14 877.804 -19.152 -3.09871 0.5
14 854.449 -4.04866 -89.6041 0.5
14 861.662 83.2951 95.25 0.5
14 877.021 -20.4576 4.43711 0.5
14 835.742 -88.9754 -24.6167 0.5
14 877.577 175.754 30.1475 0.5
14 866.382 -32.6196 35.1048 0.5
14 880.502 183.458 -19.9721 0.5
14 869.535 154.545 47.3743 0.5
14 833.984 -66.9193 -69.5821 0.5
14 845.738 44.4085 -98.1497 0.5
14 845.271 117.389 36.9132 0.5
14 863.143 136.416 -58.6289 0.5
14 871.75 45.7714 96.9413 0.5
14 862.518 49.3924 99.8783 0.5
14 849.769 130.487 -18.6592 0.5
14 877.672 109.521 -95.7179 0.5
14 871.589 91.2327 -97.7278 0.5
14 862.09 -18.3712 69.4457 0.5
14 848.364 -69.1374 14.4741 0.5
14 836.158 65.6996 82.1426 0.5
14 863.336 123.342 -73.6897 0.5
14 846.158 -62.2951 -46.9699 0.5
14 875.065 58.4766 98.4425 0.5
14 868.763 82.2999 98.5168 0.5
14 847.103 -7.94553 93.4596 0.5
14 882.692 186.132 24.8406 0.5
14 851.599 135.367 -3.03723 0.5
14 841.385 54.8517 92.8513 0.5
14 866.376 -6.31819 -73.9423 0.5
14 879.803 18.2358 75.1024 0.5
14 852.663 40.8782 99.9344 0.5
14 838.72 -84.7021 20.8286 0.5
14 855.182 -56.698 -18.276 0.5
14 837.719 -13.3436 96.8976 0.5
14 860.165 147.387 -23.7474 0.5
14 879.838 6.15601 -62.3694 0.5
14 887.731 197.383 11.04 0.5
14 843.249 120.586 8.5178 0.5
14 867.915 76.4244 -99.1836 0.5
14 868.937 150.235 -53.0116 0.5
14 837.533 -8.69371 98.0319 0.5
14 841.929 111.248 37.7871 0.5
14 864.481 5.12503 -85.0489 0.5
14 865.513 -37.2424 25.272 0.5
14 835.281 10.9673 99.9271 0.5
14 862.953 -3.29869 81.1925 0.5
14 866.045 -34.0127 -32.8643 0.5
14 866.856 -32.5925 32.9087 0.5
14 852.349 126.227 44.5736 0.5
14 842.184 -80.4008 -9.92858 0.5
14 870.906 -31.0059 5.30469 0.5
14 875.847 61.5967 98.7416 0.5
14 859.886 -48.3558 -19.2952 0.5
14 840.386 -20.5097 -93.1007 0.5
14 850.619 -64.2471 20.0844 0.5
14 861.027 93.6505 90.7949 0.5
14 839.695 -32.1998 88.2705 0.5
14 858.898 107.999 -80.0419 0.5
14 862.146 127.152 67.8372 0.5
14 878.086 -16.94 18.739 0.5
14 845.312 114.402 43.8394 0.5
14 858.053 127.662 58.5435 0.5
14 882.752 1.36776 47.4933 0.5
14 867.738 110.063 88.4268 0.5
14 876.549 177.253 16.5198 0.5
14 882.358 40.8184 -87.7982 0.5
14 844.558 -23.9758 -88.1637 0.5
14 876.2 76.9843 -99.9946 0.5
14 866.223 -38.8615 8.8986 0.5
14 880.632 115.268 -95.5285 0.5
14 862.223 -4.35128 81.3436 0.5
14 885.805 7.81164 -49.5743 0.5
14 841.444 -68.4742 50.5263 0.5
14 856.779 144.384 -0.514139 0.5
14 886.031 173.969 -61.4139 0.5
14 854.129 -28.7871 72.7774 0.5
14 836.095 -45.0738 -84.4015 0.5
14 861.906 -23.2347 -64.4034 0.5
14 866.199 50.0702 99.4333 0.5
14 850.634 105.252 -69.9002 0.5
14 874.997 -4.056 -60.0065 0.5
14 833.433 83.7049 -60.3225 0.5
14 861.976 99.7969 -88.5771 0.5
14 861.781 107.992 -83.5534 0.5
14 866.812 41.2026 -97.8639 0.5
14 845.117 -15.3924 91.8347 0.5
14 886.034 126.455 94.9422 0.5
14 834.148 -30.2956 -93.4935 0.5
14 887.128 138.173 91.1079 0.5
14 880.627 -0.869669 50.0738 0.5
14 863.812 142.071 51.8537 0.5
14 837.742 41.9453 -95.224 0.5
14 882.739 -9.44316 -15.5012 0.5
14 872.709 -22.7393 -32.0786 0.5
14 870.462 150.877 -56.0813 0.5
14 872.376 170.226 -15.2766 0.5
14 883.761 31.8143 80.5176 0.5
14 868.577 -13.1621 -62.6016 0.5
14 850.906 30.7257 -99.9392 0.5
14 850.661 71.6203 -92.5671 0.5
14 860.479 32.8611 -98.3791 0.5
14 886.311 171.282 65.2868 0.5
14 872.314 157.714 50.3107 0.5
14 862.752 23.3321 94.9432 0.5
14 857.059 124.484 60.5094 0.5
14 859.166 -51.4807 0.27371 0.5
14 853.816 -29.2088 -72.8917 0.5
14 838.333 29.4914 98.5346 0.5
14 881.135 -13.1914 6.90716 0.5
14 853.353 132.113 35.032 0.5
15 904.172 187.766 47.9284 0.5
15 985.801 50.8274 -87.075 0.5
15 907.766 184.208 -53.9355 0.5
15 902.548 16.6894 55.3113 0.5
15 972.605 199.634 8.54223 0.5
15 978.784 164.139 76.7218 0.5
15 932.742 155.286 -83.3276 0.5
15 918.268 1.38416 -16.5806 0.5
15 930.713 145.199 89.2021 0.5
15 910.83 93.2799 -99.7739 0.5
15 976.105 170.247 -71.171 0.5
15 960.05 195.649 -29.1768 0.5
15 952.567 146.386 -88.5908 0.5
15 955.919 53.4108 -88.4841 0.5
15 919.059 177.159 -63.6115 0.5
15 990.276 23.226 64.0762 0.5
15 950.487 152.848 84.8944 0.5
15 988.476 105.962 -99.8221 0.5
15 912.442 110.776 99.4177 0.5
15 999.736 149.297 87.0046 0.5
15 920.614 125.819 -96.6093 0.5
15 962.714 139.554 91.845 0.5
15 992.311 132.318 -94.6337 0.5
15 921.17 23.5195 64.4262 0.5
15 913.948 95.5495 99.9009 0.5
15 967.149 189.273 -45.0586 0.5
15 991.095 0.773384 -12.4128 0.5
15 972.79 162.171 78.3244 0.5
15 990.106 131.7 94.8426 0.5
15 894.273 199.951 -3.12442 0.5
15 968.568 30.9511 -72.3343 0.5
15 967.203 121.397 -97.684 0.5
15 938.069 86.2122 -99.0449 0.5
15 929.023 101.308 99.9915 0.5
15 909.397 46.5222 -84.4993 0.5
15 925.12 52.6884 -88.1 0.5
15 933.431 173.786 67.4958 0.5
15 928.682 153.064 -84.7599 0.5
15 976.377 198.941 14.5178 0.5
15 904.645 63.5705 93.1283 0.5
15 946.434 65.2037 93.7508 0.5
15 992.446 179.297 -60.9261 0.5
15 994.901 25.1053 66.263 0.5
15 918.637 199.052 -13.7338 0.5
15 992.945 16.4743 54.9859 0.5
15 905.895 37.2025 77.8233 0.5
15 979.386 51.8081 87.6216 0.5
15 946.572 1.13752 15.0403 0.5
15 958.521 7.15133 -37.1366 0.5
15 943.442 182.808 56.0615 0.5
15 951.994 5.97616 34.0517 0.5
15 892.395 16.3416 54.7839 0.5
15 975.026 81.7152 98.3141 0.5
15 909.958 199.879 4.92756 0.5
15 992.956 199.117 13.2631 0.5
15 997.705 49.8446 -86.5126 0.5
15 910.596 174.555 -66.6449 0.5
15 945.499 148.66 87.3624 0.5
15 938.464 134.405 93.895 0.5
15 998.533 111.451 99.3422 0.5
15 994.931 88.8462 -99.376 0.5
15 967.305 199.551 -9.46074 0.5
15 973.396 40.5066 80.3774 0.5
15 997.52 44.3226 -83.0664 0.5
15 935.684 168.207 -73.1282 0.5
15 889.381 193.433 35.6415 0.5
15 974.914 83.5243 98.6334 0.5
15 996.891 152.559 -85.0736 0.5
15 916.603 185.203 52.3488 0.5
15 903.964 10.2789 -44.1602 0.5
15 987.022 32.9853 -74.2228 0.5
15 990.792 0.0540506 -3.28743 0.5
15 952.774 129.227 95.6335 0.5
15 992.559 172.445 68.9324 0.5
15 970.37 30.4445 -71.8473 0.5
15 958.724 2.72943 -23.2042 0.5
15 910.854 70.2538 95.4734 0.5
15 973.994 4.29647 28.9971 0.5
15 897.693 64.8158 -93.6059 0.5
15 957.063 114.321 98.9693 0.5
15 911.234 14.301 51.5332 0.5
15 956.478 152.917 84.8517 0.5
15 999.66 199.997 0.823521 0.5
15 899.796 10.2524 -44.1064 0.5
15 967.195 89.3635 -99.4327 0.5
15 927.566 21.0157 61.3309 0.5
15 949.991 70.1276 -95.4339 0.5
15 889.14 131.883 94.7813 0.5
15 905.485 0.56682 -10.6322 0.5
15 902.285 38.7637 -79.0576 0.5
15 989.679 160.594 -79.5507 0.5
15 972.894 199.919 4.03555 0.5
15 889.134 0.278915 -7.46359 0.5
15 985.978 176.948 63.8677 0.5
15 985.474 59.7616 91.5471 0.5
15 981.511 183.263 55.3829 0.5
15 998.502 198.148 19.155 0.5
15 967.837 151.665 85.6195 0.5
15 987.308 6.02669 -34.1909 0.5
15 924.742 121.675 97.6228 0.5
15 989.65 119.541 98.0721 0.5
15 984.437 18.7098 -58.24 0.5
15 949.288 0.182087 6.03193 0.5
15 903.241 11.1946 45.974 0.5
15 950.378 1.39248 -16.63 0.5
15 894.445 59.4201 91.3963 0.5
15 959.693 53.6179 88.5929 0.5
15 975.772 3.6658 26.8276 0.5
15 955.52 101.958 -99.9808 0.5
15 941.601 112.012 99.2759 0.5
15 971.692 136.464 93.1148 0.5
15 995.274 12.847 -49.0342 0.5
15 935.366 5.22762 31.9092 0.5
15 979.055 2.20639 -20.8904 0.5
15 926.477 80.8071 -98.1409 0.5
15 895.338 164.916 76.0651 0.5
15 982.766 85.2877 98.9118 0.5
15 950.379 142.7 -90.4251 0.5
15 942.398 31.2088 72.5794 0.5
15 985.739 190.575 -42.3809 0.5
15 923.999 111.448 99.3426 0.5
15 934.356 0.195149 -6.24433 0.5
15 947.345 194.693 32.1441 0.5
15 958.599 78.5068 97.6629 0.5
15 974.024 67.1368 94.4458 0.5
15 978.153 163.225 77.4763 0.5
15 987.516 199.574 9.22109 0.5
15 925.234 182.858 -55.9871 0.5
15 982.406 153.343 -84.5845 0.5
15 900.441 159.19 -80.6014 0.5
15 987.114 95.0148 -99.8757 0.5
15 922.792 86.6455 99.1043 0.5
15 967.381 142.203 -90.6582 0.5
15 982.088 12.5792 -48.5552 0.5
15 957.191 43.2317 -82.3247 0.5
15 980.452 199.216 -12.4966 0.5
15 939.359 80.4319 98.0668 0.5
15 915.878 199.882 -4.86472 0.5
15 995.509 76.9791 -97.3141 0.5
15 988.719 46.1285 -84.2488 0.5
15 915.575 195.363 -30.0977 0.5
15 953.381 13.6699 -50.4689 0.5
15 906.946 130.884 -95.1113 0.5
15 899.68 7.78193 -38.6759 0.5
15 997.261 4.23836 28.8046 0.5
15 989.958 158.462 81.1306 0.5
15 913.304 0.312512 7.89966 0.5
15 997.481 82.6969 98.4916 0.5
15 955.569 28.8912 70.3103 0.5
