0 68.9649 91.9579 12.662 0.5
0 221.204 85.1681 -2.23928 0.5
0 304.275 88.8235 10.0043 0.5
0 201.431 114.993 -0.446676 0.5
0 297.111 85.4387 -3.60118 0.5
0 271.319 114.167 -4.92918 0.5
0 293.009 93.0723 13.3044 0.5
0 227.846 105.989 13.7526 0.5
0 37.7139 112.489 -8.30864 0.5
0 78.2367 89.3072 -10.5197 0.5
0 276.401 112.503 -8.28694 0.5
0 290.571 98.553 14.93 0.5
0 251.893 113.654 -6.21112 0.5
0 36.7135 114.321 4.46261 0.5
0 40.1743 85.3984 3.43401 0.5
0 294.589 94.2438 13.8516 0.5
0 93.5046 104.391 -14.3428 0.5
0 58.2611 89.9504 -11.1357 0.5
0 193.312 88.9195 -10.1105 0.5
0 28.4478 88.3937 9.50227 0.5
0 214.942 101.841 -14.8866 0.5
0 167.228 90.4138 -11.5371 0.5
0 260.721 113.742 6.01336 0.5
0 237.925 101.361 14.9381 0.5
0 118.838 98.5647 -14.9312 0.5
0 27.4845 109.598 11.527 0.5
0 19.3613 96.6799 -14.628 0.5
0 6.2002 100.579 -14.9888 0.5
0 331.431 85.0306 -0.957367 0.5
0 184.757 103.617 -14.5574 0.5
0 259.665 90.3357 11.4718 0.5
0 292.796 109.594 -11.5308 0.5
0 151.124 99.974 -15 0.5
0 164.196 85.2855 -2.91243 0.5
0 236.042 105.956 13.7667 0.5
0 89.2185 85.0031 0.304518 0.5
0 102.229 113.782 5.91995 0.5
0 65.1676 90.6148 -11.7012 0.5
0 196.764 107.442 13.0236 0.5
0 222.073 101.354 -14.9388 0.5
0 98.8134 111.532 9.59285 0.5
0 13.0015 108.11 12.6185 0.5
0 21.1054 113.485 -6.56823 0.5
0 307.504 111.332 9.82757 0.5
0 228.911 98.8427 -14.9553 0.5
0 305.188 105.767 -13.847 0.5
0 286.976 85.5365 -3.97577 0.5
0 126.447 94.3644 13.9011 0.5
0 265.462 114.643 -3.25323 0.5
0 42.7759 113.732 -6.03528 0.5
0 189.428 103.565 -14.5702 0.5
0 28.3608 99.0731 -14.9713 0.5
0 229.378 90.0942 11.2639 0.5
0 243.638 86.6242 6.78873 0.5
0 102.788 114.634 3.29336 0.5
0 97.8191 113.759 -5.97473 0.5
0 212.375 114.186 -4.87431 0.5
0 52.2536 103.818 -14.506 0.5
0 15.1289 85.6941 4.51025 0.5
0 278.802 87.0276 7.531 0.5
0 275.777 108.641 -12.261 0.5
0 4.23461 110.082 11.1065 0.5
0 147.46 104.813 14.2068 0.5
0 10.4568 103.472 -14.5926 0.5
0 242.835 93.9371 -13.7201 0.5
0 221.677 90.9004 11.9246 0.5
0 265.453 85.1753 2.28673 0.5
0 83.8276 91.0027 12.002 0.5
0 111.856 110.112 11.0793 0.5
0 312.776 114.997 0.31719 0.5
0 308.949 91.4598 -12.3315 0.5
0 330.16 101.198 14.9521 0.5
0 327.87 102.956 14.7058 0.5
0 33.1716 85.2105 2.50434 0.5
0 143.223 113.704 -6.1001 0.5
0 317.408 86.5502 6.64106 0.5
0 88.1718 112.037 8.94986 0.5
0 288.449 90.5894 11.6807 0.5
0 104.13 94.4547 13.9373 0.5
0 174.666 100.821 -14.9775 0.5
0 233.028 110.607 -10.6066 0.5
0 197.59 85.0048 0.379492 0.5
0 117.132 94.6296 14.0057 0.5
0 305.301 91.0334 12.025 0.5
0 168.59 114.868 1.98807 0.5
0 236.756 98.7077 -14.9442 0.5
0 294.893 95.2991 -14.2444 0.5
0 329.017 100.633 -14.9866 0.5
0 309.356 89.0134 10.2125 0.5
0 267.562 85.0207 0.787226 0.5
0 79.8378 99.0627 14.9707 0.5
0 38.6613 85 -0.0324559 0.5
0 3.5339 96.137 -14.494 0.5
0 79.1408 113.244 -7.04286 0.5
0 216.731 114.826 -2.28057 0.5
0 61.298 85.543 -3.99942 0.5
0 26.8816 108.476 -12.3756 0.5
0 221.779 114.79 -2.5035 0.5
0 113.704 86.7523 -7.03556 0.5
0 222.613 91.4749 -12.3419 0.5
0 184.071 105.918 13.7834 0.5
0 103.291 103.937 14.4741 0.5
0 11.2901 103.912 14.4808 0.5
0 285.274 98.6356 14.9378 0.5
0 197.282 95.2979 -14.2439 0.5
0 113.639 113.882 -5.68155 0.5
0 56.2449 114.497 -3.85151 0.5
0 285.018 110.216 -10.9829 0.5
0 295.078 85.9469 5.24508 0.5
0 260.174 104.9 14.1773 0.5
0 111.407 109.872 -11.2933 0.5
0 1.25202 114.693 -3.0215 0.5
0 264.663 112.472 8.3338 0.5
0 211.514 91.6451 -12.4578 0.5
0 141.754 97.2335 -14.7427 0.5
0 285.522 97.0248 -14.702 0.5
0 86.8726 85.407 3.47032 0.5
0 85.8362 113.579 -6.37321 0.5
1 337.642 98.4678 -13.778 0.5
1 357.08 55.7282 14.6675 0.5
1 334.815 105.755 -12.4801 0.5
1 341.059 90.3613 -14.5256 0.5
1 355.067 67.2532 -14.1779 0.5
1 372.462 45.426 -7.12546 0.5
1 374.422 42.2883 -6.62952 0.5
1 364.583 60.7542 -1.88823 0.5
1 385.98 16.9057 12.6295 0.5
1 342.975 94.9159 9.49068 0.5
1 388.568 -3.74864 12.6386 0.5
1 345.042 67.1712 8.21837 0.5
1 337.234 78.4863 -2.68361 0.5
1 349.163 57.6031 0.806246 0.5
1 355.447 65.5859 14.4876 0.5
1 387.459 8.57324 14.8192 0.5
1 360.301 44.0144 11.7882 0.5
1 374.286 29.5424 14.9925 0.5
1 342.256 99.1371 3.47658 0.5
1 347.29 73.8565 14.8701 0.5
1 386.323 11.2503 14.6905 0.5
1 360.056 43.4957 -10.9803 0.5
1 373.358 16.3774 4.53711 0.5
1 366.047 50.7258 -13.0546 0.5
1 335.92 82.2411 -6.9765 0.5
1 352.536 52.7645 -5.44905 0.5
1 384.457 21.1205 -11.4672 0.5
1 350.038 56.5117 3.62951 0.5
1 369.505 43.6277 -13.6224 0.5
1 350.373 77.9662 -13.0016 0.5
1 384.179 9.01497 14.7135 0.5
1 352.987 51.4665 3.86921 0.5
1 361.146 61.7216 11.2738 0.5
1 379.211 28.2291 12.8782 0.5
1 363.941 41.2181 -13.8467 0.5
1 379.234 5.60041 -1.75418 0.5
1 380.816 26.4967 12.1919 0.5
1 367.23 55.6154 -4.44605 0.5
1 363.936 32.0846 -1.63597 0.5
1 352.419 52.2432 2.98823 0.5
1 367.903 52.1773 8.92765 0.5
1 360.541 58.9243 -13.7261 0.5
1 356.003 50.7903 -11.2292 0.5
1 342.754 72.7275 10.2461 0.5
1 366.158 56.5683 -6.69605 0.5
1 384.523 4.62228 -13.413 0.5
1 342.434 84.2427 -15 0.5
1 371.339 36.1267 14.8722 0.5
1 375.442 41.5221 3.99825 0.5
1 352.294 82.144 -0.684245 0.5
1 359.522 57.8454 14.6534 0.5
1 355.331 57.3388 -14.2902 0.5
1 366.764 29.0215 7.35148 0.5
1 347.846 89.7641 -1.72896 0.5
1 359.172 59.4703 14.3927 0.5
1 383.415 6.01184 -13.1351 0.5
1 382.412 15.7367 14.9816 0.5
1 373.897 30.1404 -14.9947 0.5
1 366.23 57.5339 -3.79233 0.5
1 359.768 48.4861 -13.8635 0.5
1 381.892 29.9521 5.23019 0.5
1 348.236 86.4232 8.67757 0.5
1 370.291 40.6152 -14.2682 0.5
1 338.154 77.04 3.39899 0.5
1 347.703 71.9883 14.6712 0.5
1 339.376 104.188 -3.19984 0.5
1 342.113 89.6145 -14.204 0.5
1 373.488 21.8743 -12.307 0.5
1 333.551 110.487 -10.342 0.5
1 387.927 -9.54354 0.697289 0.5
1 387.06 -6.3521 -6.94458 0.5
1 369.848 50.5593 -5.86752 0.5
1 372.608 29.4216 14.7811 0.5
1 339.444 99.4942 11.1106 0.5
1 385.385 -2.61681 -8.34945 0.5
1 369.179 52.5197 3.41223 0.5
1 337.232 89.4542 -14.5125 0.5
1 346.972 84.4441 -12.6466 0.5
1 346.736 72.8459 -14.4731 0.5
1 359.177 41.4491 -5.90647 0.5
1 376.779 18.6922 -13.7228 0.5
1 357.076 73.8472 0.945819 0.5
1 367.943 37.2 14.7259 0.5
1 380.02 5.83104 6.92443 0.5
1 359.701 67.055 7.94216 0.5
1 349.489 66.6396 -14.0028 0.5
1 361.903 46.2116 -14.3694 0.5
1 361.053 60.389 -12.4272 0.5
1 369.989 35.0615 14.9299 0.5
1 374.682 32.2561 -14.4912 0.5
1 339.651 103.501 -4.0484 0.5
1 347.914 64.5351 10.9878 0.5
1 370.574 22.4371 -7.37886 0.5
1 370.707 27.7433 12.977 0.5
1 339.634 95.6536 13.4867 0.5
1 338.224 79.8827 9.45314 0.5
1 387.017 -0.410313 -13.032 0.5
1 349.686 60.1325 9.57789 0.5
1 335.721 90.7093 14.0864 0.5
1 382.434 19.8773 -14.1694 0.5
1 355.227 75.98 5.638 0.5
1 382.187 3.54457 -9.21135 0.5
1 345.491 92.181 -7.05399 0.5
1 379.619 5.70398 5.04327 0.5
1 341.332 93.0614 13.3112 0.5
1 368.232 29.7472 11.3505 0.5
1 342.347 99.2024 -2.35398 0.5
1 346.227 62.6756 0.497176 0.5
1 372.312 35.7372 -14.6436 0.5
1 354.533 48.7087 -3.55735 0.5
1 385.35 13.9028 14.4573 0.5
1 369.475 25.8744 -9.59919 0.5
1 388.805 -10.5481 3.95695 0.5
1 368.42 43.9895 -14.2242 0.5
1 386.995 2.02878 14.1325 0.5
1 365.106 56.0121 -10.1495 0.5
1 360.987 46.2429 13.8082 0.5
1 356.155 75.3874 1.5923 0.5
1 338.735 101.796 10.0314 0.5
1 367.786 33.043 -13.1129 0.5
1 350.647 63.4558 13.4918 0.5
1 333.909 95.1929 14.5083 0.5
1 356.328 63.5576 -14.6129 0.5
1 386.675 -6.25236 5.73116 0.5
1 334.237 95.0682 -14.6172 0.5
1 335.925 105.152 -11.4913 0.5
1 375.884 18.1991 12.624 0.5
1 365.724 29.294 -3.42534 0.5
1 372.782 43.323 -9.44934 0.5
1 372.516 38.8364 13.4192 0.5
1 385.726 24.2505 0.283995 0.5
1 356.648 72.826 -7.10922 0.5
1 354.386 50.9704 8.19186 0.5
1 347.755 64.721 -10.9054 0.5
1 347.913 79.4852 -14.232 0.5
1 384.373 7.51186 14.4331 0.5
2 345.199 -64.4344 13.0111 0.5
2 383.328 7.47112 6.88171 0.5
2 337.235 -100.653 -1.08264 0.5
2 354.425 -42.3771 6.45261 0.5
2 377.822 -22.8371 13.0228 0.5
2 359.047 -33.0909 2.31018 0.5
2 353.483 -67.1742 -11.5047 0.5
2 378.152 -0.673631 4.98184 0.5
2 359.338 -61.6086 -4.83441 0.5
2 379.531 -1.13208 -9.86407 0.5
2 369.506 -32.2517 14.7977 0.5
2 349.23 -65.1737 -14.9978 0.5
2 344.451 -58.2534 -1.33404 0.5
2 382.177 -7.86177 -15 0.5
2 353.035 -71.1906 7.71244 0.5
2 360.458 -38.3103 -13.1819 0.5
2 346.924 -83.9093 -0.159445 0.5
2 365.838 -34.6508 -14.9248 0.5
2 370.678 -30.7114 14.7083 0.5
2 361.595 -35.6746 12.7972 0.5
2 365.814 -51.064 1.94857 0.5
2 373.899 -13.7313 12.3884 0.5
2 336.104 -73.4266 -4.7612 0.5
2 363.733 -45.1731 -14.0034 0.5
2 366.374 -47.132 -9.11939 0.5
2 334.508 -76.9471 6.60266 0.5
2 372.118 -40.1586 -1.84923 0.5
2 378.58 -29.065 0.678805 0.5
2 369.217 -44.7378 4.0628 0.5
2 336.187 -90.7209 -14.6516 0.5
2 373.232 -10.4796 7.71377 0.5
2 346.578 -54.5152 0.414688 0.5
2 366.486 -28.6984 -13.5992 0.5
2 355.762 -65.6635 -8.91828 0.5
2 363.007 -26.3439 -2.93273 0.5
2 357.263 -65.6388 3.28353 0.5
2 371.945 -10.7085 2.00769 0.5
2 341.574 -80.2302 -14.8588 0.5
2 360.576 -55.501 10.9649 0.5
2 351.025 -68.5953 13.3766 0.5
2 338.756 -68.2424 -2.34381 0.5
2 360.621 -30.4271 -2.67824 0.5
2 344.575 -60.171 -7.80705 0.5
2 362.685 -33.4304 12.5729 0.5
2 348.289 -80.2923 -6.00212 0.5
2 380.802 3.9008 -5.02635 0.5
2 356.729 -66.3482 4.12911 0.5
2 386.183 9.88738 -10.4109 0.5
2 361.224 -49.421 14.0403 0.5
2 343.287 -77.247 14.861 0.5
2 383.629 -0.282712 14.1237 0.5
2 341.649 -88.6777 10.5827 0.5
2 353.784 -42.1671 -2.0287 0.5
2 360.004 -31.3218 1.41822 0.5
2 370.633 -36.8343 12.0085 0.5
2 365.375 -25.4574 -9.63633 0.5
2 360.842 -54.2091 11.6852 0.5
2 349.111 -71.8415 13.411 0.5
2 333.877 -103.115 9.50148 0.5
2 367.154 -41.4413 12.9499 0.5
2 339.597 -79.1116 14.792 0.5
2 371.268 -16.7846 -11.2156 0.5
2 335.914 -74.4676 -6.51392 0.5
2 345.945 -68.9461 14.9079 0.5
2 361.379 -29.356 3.7766 0.5
2 348.075 -66.3512 -14.9893 0.5
2 339.702 -81.3044 14.9996 0.5
2 377.809 -28.714 -6.93955 0.5
2 356.71 -47.7159 14.3869 0.5
2 375.518 -8.24662 10.047 0.5
2 344.56 -73.3668 -14.9956 0.5
2 368.985 -19.5148 9.9953 0.5
2 340.222 -92.1308 9.49578 0.5
2 369.704 -30.6557 -14.9518 0.5
2 387.396 15.6444 4.00323 0.5
2 373.979 -13.9977 -12.6558 0.5
2 372.495 -36.0127 9.75813 0.5
2 338.781 -73.6387 11.7083 0.5
2 365.227 -23.8929 -6.90445 0.5
2 380.079 -18.6456 13.1798 0.5
2 385.998 -15.5868 4.35143 0.5
2 364.841 -51.3892 6.51462 0.5
2 384.542 -18.651 1.76147 0.5
2 365.712 -50.3863 5.33929 0.5
2 333.737 -106.116 4.31602 0.5
2 333.908 -93.2762 14.889 0.5
2 355.938 -49.5316 14.5194 0.5
2 358.365 -35.6712 6.69603 0.5
2 383.822 -7.41633 14.8043 0.5
2 382.63 6.12071 -7.14808 0.5
2 367.552 -47.7575 -3.54094 0.5
2 361.257 -33.2185 10.3397 0.5
2 351.581 -55.9034 -14.163 0.5
2 374.242 -34.0464 8.36355 0.5
2 354.112 -56.3607 14.9997 0.5
2 334.225 -104.847 5.53554 0.5
2 358.733 -63.3331 1.91641 0.5
2 352.688 -73.5727 -3.23749 0.5
2 362.085 -57.6411 -0.558276 0.5
2 357.301 -63.8763 7.58724 0.5
2 352.411 -58.323 -14.9608 0.5
2 345.384 -86.5475 0.949248 0.5
2 351.9 -62.4415 -14.8452 0.5
2 337.053 -80.9559 -14.1239 0.5
2 354.566 -61.2185 -13.9374 0.5
2 348.747 -73.8826 -12.6056 0.5
2 334.435 -90.8751 -14.9963 0.5
2 345.142 -86.5514 3.62909 0.5
2 349.635 -61.6289 -14.7753 0.5
2 377.813 -1.77982 -6.26267 0.5
2 368.693 -17.4236 -5.9203 0.5
2 349.989 -70.0475 13.5445 0.5
2 371.317 -35.6186 -12.0308 0.5
2 342.361 -76.6949 -14.9995 0.5
2 354.413 -67.1148 10.0051 0.5
2 380.582 -9.61703 14.9669 0.5
2 357.243 -59.9444 12.069 0.5
2 361.369 -47.4134 14.5803 0.5
2 350.106 -70.4212 -13.2545 0.5
2 366.159 -23.6526 9.07625 0.5
2 381.682 -2.77215 -13.7759 0.5
2 353.764 -51.3721 13.8781 0.5
2 375.795 -32.1225 -7.08938 0.5
2 341.476 -91.3142 -7.53837 0.5
2 379.378 1.79188 -3.87776 0.5
2 334.761 -91.9122 14.8747 0.5
2 341.243 -64.3918 -4.33809 0.5
2 345.305 -82.4508 -10.4754 0.5
2 386.383 -8.81108 -12.53 0.5
2 380.165 -22.8128 9.65763 0.5
2 335.852 -77.4748 -10.6001 0.5
2 387.057 1.85354 -14.9478 0.5
2 350.575 -49.2321 -6.83128 0.5
2 338.164 -98.171 -5.14966 0.5
2 363.401 -51.4489 10.1139 0.5
2 359.882 -58.875 -8.42874 0.5
2 368.792 -44.3235 -6.95529 0.5
2 383.31 -20.077 4.86683 0.5
2 344.31 -59.8848 6.42887 0.5
2 387.447 -9.74825 -10.1709 0.5
2 371.153 -38.0825 10.0466 0.5
2 380.903 -4.77429 14.0391 0.5
2 364.066 -37.3658 -14.8851 0.5
2 387.457 13.3345 8.9469 0.5
2 361.334 -51.704 -12.8414 0.5
2 346.364 -84.7434 2.02824 0.5
2 383.071 -2.04297 -14.3827 0.5
2 377.821 -3.69874 -9.39047 0.5
2 350.379 -77.9027 -0.849056 0.5
2 372.106 -34.8316 11.5765 0.5
2 367.201 -24.3654 -11.6692 0.5
2 375.921 -6.81137 9.16383 0.5
2 362.267 -50.6566 -12.4802 0.5
2 370.061 -40.8013 -9.04682 0.5
3 390.116 -101.352 12.073 0.5
3 379.677 -106.548 5.12291 0.5
3 349.79 -107.001 3.64233 0.5
3 407.188 -97.886 13.9804 0.5
3 422.404 -77.4528 0.284412 0.5
3 349.666 -97.9934 -13.9381 0.5
3 355.669 -91.6157 -14.9768 0.5
3 378.041 -103.542 -10.0981 0.5
3 383.147 -80.3285 8.8355 0.5
3 397.536 -106.712 -4.64588 0.5
3 418.275 -80.2769 -8.76431 0.5
3 371.761 -94.5017 -14.859 0.5
3 338.418 -107.28 2.25261 0.5
3 436.28 -91.9093 14.9902 0.5
3 439.149 -78.8586 -6.34598 0.5
3 346.685 -85.4825 13.2835 0.5
3 433.558 -107.022 -3.55799 0.5
3 349.893 -87.2018 14.0519 0.5
3 381.945 -102.305 11.3089 0.5
3 393.968 -95.8058 -14.6198 0.5
3 351.365 -78.6124 -5.78939 0.5
3 360.581 -107.447 0.310155 0.5
3 391.276 -107.254 2.41547 0.5
3 372.532 -106.011 6.41027 0.5
3 375.34 -77.7263 2.86535 0.5
3 416.763 -78.0005 4.026 0.5
3 415.02 -78.5372 -5.60629 0.5
3 370.746 -106.619 -4.92269 0.5
3 364.059 -92.6111 14.9991 0.5
3 405.245 -91.035 -14.9331 0.5
3 418.325 -81.1573 -9.87278 0.5
3 439.005 -106.233 5.91926 0.5
3 429.483 -96.0423 14.5635 0.5
3 387.766 -80.6588 -9.27172 0.5
3 421.686 -99.8091 13.0707 0.5
3 376.993 -99.321 -13.3338 0.5
3 427.364 -92.2142 14.9981 0.5
3 336.628 -107.132 3.07149 0.5
3 360.697 -101.037 -12.2991 0.5
3 425.56 -91.2787 14.9542 0.5
3 385.806 -94.4836 -14.8615 0.5
3 422.043 -80.7987 -9.44696 0.5
3 414.703 -105.302 -7.7348 0.5
3 434.14 -96.4164 14.4661 0.5
3 374.023 -82.9667 11.6218 0.5
3 421.898 -96.6296 -14.406 0.5
3 414.947 -101.24 12.1551 0.5
3 369.895 -95.6783 -14.6485 0.5
3 440.597 -104.715 -8.63497 0.5
3 334.653 -97.6584 14.0668 0.5
3 414.296 -78.8932 6.41946 0.5
3 368.631 -84.1792 -12.5137 0.5
3 340.816 -107.446 0.362285 0.5
3 369.664 -89.9617 -14.7922 0.5
3 335.616 -87.0903 14.0097 0.5
3 382.971 -100.153 -12.8709 0.5
3 413.668 -85.8909 -13.4899 0.5
3 420.837 -104.522 8.90369 0.5
3 429.135 -99.058 -13.4661 0.5
3 434.638 -91.6692 14.9797 0.5
3 405.057 -102.384 -11.2388 0.5
3 413.177 -83.7202 -12.1979 0.5
3 416.22 -106.061 6.30462 0.5
3 379.134 -106.872 4.12575 0.5
3 391.764 -105.284 7.76432 0.5
3 411.806 -103.299 10.359 0.5
3 351.045 -81.4314 -10.1778 0.5
3 358.813 -87.2236 -14.06 0.5
3 400.409 -101.425 12.0187 0.5
3 396.171 -86.2259 13.6477 0.5
3 430.071 -78.6188 5.8048 0.5
3 344.507 -80.6747 -9.29196 0.5
3 419.696 -97.1181 14.2552 0.5
3 421.039 -102.168 11.4266 0.5
3 334.225 -77.9004 3.64784 0.5
3 347.34 -95.2684 14.7329 0.5
3 370 -84.8818 -12.9507 0.5
3 410.93 -89.0926 -14.6194 0.5
3 347.137 -82.0802 10.8382 0.5
3 340.437 -106.789 -4.40341 0.5
3 405.334 -78.977 6.59364 0.5
3 342.26 -100.475 -12.6726 0.5
3 401.645 -106.252 5.87434 0.5
3 427.755 -96.722 14.3788 0.5
3 374.924 -81.3111 -10.046 0.5
3 351.491 -106.888 -4.0671 0.5
3 356.612 -99.2167 -13.3871 0.5
3 353.86 -78.6608 5.90387 0.5
3 442.408 -106.767 4.47425 0.5
3 426.85 -79.9832 8.3412 0.5
3 440.635 -99.7846 -13.0845 0.5
3 419.765 -107.311 2.03521 0.5
3 410.652 -86.7157 -13.8606 0.5
3 428.194 -107.288 -2.19909 0.5
3 443.83 -79.8358 8.11658 0.5
3 419.836 -91.246 -14.9516 0.5
3 335.974 -81.874 10.637 0.5
3 334.415 -100.937 -12.3681 0.5
3 356.612 -93.4028 -14.9697 0.5
3 443.174 -97.4924 -14.1271 0.5
3 343.14 -101.97 11.5916 0.5
3 364.405 -82.8243 11.5041 0.5
3 437.104 -97.9383 -13.9599 0.5
3 428.259 -85.6171 13.3533 0.5
3 377.937 -97.9292 -13.9635 0.5
3 418.854 -88.2986 14.4141 0.5
3 429.025 -97.7256 14.0417 0.5
3 349.543 -82.438 11.1696 0.5
3 343.515 -82.5681 -11.2848 0.5
3 380.984 -82.0116 -10.7721 0.5
3 409.82 -92.5137 -14.9999 0.5
3 358.233 -97.9395 -13.9595 0.5
3 422.303 -107.347 -1.75907 0.5
3 347.251 -102.756 10.8993 0.5
3 339.883 -81.7744 10.5371 0.5
3 420.294 -86.145 13.6105 0.5
3 405.998 -77.6763 -2.59499 0.5
3 373.09 -85.0177 13.0292 0.5
3 364.443 -91.5659 -14.9739 0.5
3 340.866 -106.296 5.77018 0.5
3 423.1 -94.9573 14.789 0.5
3 444.292 -90.0843 -14.8123 0.5
3 419.141 -106.505 -5.23962 0.5
3 436.045 -86.0156 13.5498 0.5
3 336.927 -78.3728 -5.17979 0.5
3 336.205 -105.812 6.81591 0.5
3 348.722 -78.1411 -4.50028 0.5
3 411.733 -82.5066 -11.2306 0.5
3 431.989 -77.8927 3.61698 0.5
3 403.774 -94.4891 -14.8608 0.5
3 394.263 -84.5254 -12.7357 0.5
3 443.528 -94.1327 14.9053 0.5
3 337.169 -77.8529 3.45265 0.5
3 395.729 -105.008 -8.20322 0.5
3 387.052 -100.775 12.4778 0.5
3 351.334 -88.3599 -14.4316 0.5
3 373.653 -94.6682 -14.8351 0.5
4 446.401 -85.9762 -11.3011 0.5
4 459.932 -107.053 8.69628 0.5
4 475.91 -135.263 9.40204 0.5
4 499.861 -173.463 0.916794 0.5
4 494.079 -178.577 -14.9992 0.5
4 456.069 -113.888 14.9432 0.5
4 490.043 -185.784 4.35127 0.5
4 485.429 -158.877 -14.2899 0.5
4 446.027 -104.778 -11.5374 0.5
4 454.891 -96.8324 6.08222 0.5
4 467.238 -123.967 12.712 0.5
4 479.61 -146.723 13.4524 0.5
4 488.825 -169.112 -14.9986 0.5
4 460.543 -135.285 1.21239 0.5
4 461.317 -113.652 12.6753 0.5
4 471.756 -125.721 5.2968 0.5
4 475.325 -158.793 7.72854 0.5
4 459.069 -123.778 13.7484 0.5
4 469.114 -129.825 -14.0122 0.5
4 455.641 -126.629 2.52396 0.5
4 466.509 -138.213 12.9633 0.5
4 474.242 -130.051 5.35947 0.5
4 451.283 -112.129 12.7917 0.5
4 490.431 -159.629 -8.33354 0.5
4 466.244 -119 9.96845 0.5
4 474.574 -147.384 -14.7462 0.5
4 473.878 -137.743 -13.88 0.5
4 490.884 -157.937 1.23565 0.5
4 475.358 -144.439 -14.9191 0.5
4 463.99 -134.084 -12.825 0.5
4 481.396 -150.999 13.9737 0.5
4 482.033 -165.345 -12.8191 0.5
4 471.958 -151.995 -9.14544 0.5
4 452.289 -97.9793 12.652 0.5
4 447.422 -110.847 -7.0521 0.5
4 447.394 -83.92 -6.24411 0.5
4 455.212 -114.367 14.6398 0.5
4 466.539 -121.35 11.7146 0.5
4 491.372 -158.871 2.05286 0.5
4 495.997 -167.332 4.16728 0.5
4 460.939 -134.737 6.06757 0.5
4 493.512 -162.528 1.64538 0.5
4 478.27 -165.71 -3.11495 0.5
4 451.001 -113.87 11.1238 0.5
4 465.296 -120.969 12.9337 0.5
4 456.73 -111.515 14.8357 0.5
4 477.026 -134.122 -2.667 0.5
4 489.911 -156.832 4.30453 0.5
4 496.175 -167.067 -0.696586 0.5
4 467.229 -117.227 -3.0433 0.5
4 452.787 -116.931 11.1526 0.5
4 474.391 -132.855 9.67381 0.5
4 448.283 -112.217 7.27368 0.5
4 489.125 -154.841 -0.241551 0.5
4 461.882 -107.984 -3.13143 0.5
4 494.935 -194.686 -2.54086 0.5
4 495.746 -172.686 12.2753 0.5
4 477.821 -139.51 10.4624 0.5
4 455.802 -97.8217 -4.529 0.5
4 445.073 -101.429 12.7564 0.5
4 491.265 -187.97 -4.1175 0.5
4 454.255 -123.495 -5.24805 0.5
4 459.586 -114.822 -14.4965 0.5
4 475.512 -133.305 7.55804 0.5
4 454.489 -124.825 0.809026 0.5
4 464.855 -112.891 1.62531 0.5
4 467.765 -133.717 -14.9745 0.5
4 461.476 -129.184 -13.1402 0.5
4 445.924 -89.4898 -13.9465 0.5
4 458.628 -123.197 -13.6676 0.5
4 446.563 -106.001 11.2848 0.5
4 463.471 -127.643 14.832 0.5
4 479.852 -164.878 10.0892 0.5
4 473.928 -155.99 8.33234 0.5
4 498.924 -192.837 13.7366 0.5
4 471.13 -125.537 7.24532 0.5
4 460.086 -131.221 -9.41232 0.5
4 496.838 -193.876 10.5357 0.5
4 486.12 -156.431 -12.5583 0.5
4 493.813 -171.223 -13.4025 0.5
4 493.808 -163.324 3.32549 0.5
4 473.417 -156.076 -6.65273 0.5
4 456.128 -98.7508 5.54918 0.5
4 476.723 -161.558 -7.12534 0.5
4 449.308 -86.0352 2.19052 0.5
4 492.3 -177.542 -14.8373 0.5
4 473.316 -147.723 14.0456 0.5
4 497.88 -191.718 -13.4136 0.5
4 496.549 -182.348 -14.9959 0.5
4 476.31 -133.733 -5.61476 0.5
4 472.11 -154.288 5.58934 0.5
4 491.339 -181.541 -12.7712 0.5
4 482.947 -156.888 -14.8302 0.5
4 473.756 -131.239 -9.02578 0.5
4 499.106 -201.853 -2.85455 0.5
4 495.639 -184.011 -14.7193 0.5
4 460.361 -118.482 14.9211 0.5
4 446.544 -111.086 -0.0947098 0.5
4 476.765 -133.467 1.05425 0.5
4 463.75 -120.944 14.1619 0.5
4 470.342 -144.294 13.2731 0.5
4 466.575 -118.175 8.1284 0.5
4 475.219 -131.582 4.914 0.5
4 451.897 -103.855 14.9244 0.5
4 478.309 -165.956 -2.10298 0.5
4 471.494 -131.861 -13.0249 0.5
4 474.009 -157.954 -4.54268 0.5
4 497.627 -170.667 5.64396 0.5
4 455.488 -108.16 -14.6054 0.5
4 486.828 -179.43 6.39266 0.5
4 476.965 -143.716 -14.1202 0.5
4 480.771 -164.391 11.9833 0.5
4 454.219 -106.794 -14.7754 0.5
4 488.218 -182.285 -5.33908 0.5
4 466.041 -133.845 14.4601 0.5
4 445.62 -94.2368 -14.9979 0.5
4 463.613 -114.69 10.2398 0.5
4 456.35 -98.5949 3.92909 0.5
4 461.104 -110.012 9.87196 0.5
4 454.282 -105.005 14.3138 0.5
4 489.77 -184.058 -7.3016 0.5
5 515.783 -146.684 3.20654 0.5
5 544.529 -121.54 -11.1877 0.5
5 501.847 -200.459 -0.724847 0.5
5 531.504 -123.924 -11.0122 0.5
5 530.744 -150.395 0.960598 0.5
5 501.358 -187.972 14.909 0.5
5 512.709 -181.206 -3.67007 0.5
5 504.875 -188.157 12.7354 0.5
5 509.703 -186.87 -0.0699543 0.5
5 518.955 -159.515 14.5439 0.5
5 515.887 -155.662 -13.9571 0.5
5 551.24 -92.2506 -12.8881 0.5
5 544.287 -99.2379 -7.93393 0.5
5 552.689 -86.9116 -10.708 0.5
5 525.134 -159.14 5.39066 0.5
5 500.51 -192.751 14.1566 0.5
5 541.072 -122.202 14.2557 0.5
5 530.942 -121.15 5.55663 0.5
5 554.614 -80.4425 -6.24535 0.5
5 547.074 -109.936 14.7373 0.5
5 554.888 -78.6378 -0.983121 0.5
5 508.055 -189.261 3.69377 0.5
5 522.649 -135.273 4.91096 0.5
5 522.453 -152.9 14.673 0.5
5 534.84 -125.504 14.7313 0.5
5 501.395 -192.867 -13.4661 0.5
5 551.426 -114.547 1.28067 0.5
5 506.239 -191.944 -5.18449 0.5
5 501.061 -201.836 -0.137593 0.5
5 520.754 -158.111 -14.001 0.5
5 553.563 -94.1639 -14.8991 0.5
5 503.927 -171.622 10.9503 0.5
5 506.413 -167.109 10.753 0.5
5 520.512 -167.992 2.14491 0.5
5 537.396 -124.924 -14.9652 0.5
5 502.664 -186.745 -14.7578 0.5
5 539.267 -116.284 14.3467 0.5
5 524.21 -133.642 7.30695 0.5
5 519.027 -152.278 -14.5997 0.5
5 525.896 -130.009 5.84719 0.5
5 511.779 -178.689 10.7938 0.5
5 553.8 -80.5455 -1.27465 0.5
5 534.659 -143.585 1.32906 0.5
5 510.78 -178.461 12.3884 0.5
5 514.246 -158.836 14.0827 0.5
5 523.225 -156.671 -12.5454 0.5
5 517.654 -161.179 14.6801 0.5
5 552.981 -85.1988 9.37392 0.5
5 532.282 -117.895 -2.00012 0.5
5 550.333 -95.3641 13.6895 0.5
5 554.117 -109.934 0.494623 0.5
5 507.122 -182.275 13.7758 0.5
5 539.722 -128.309 12.4034 0.5
5 534.994 -113.668 4.2129 0.5
5 509.482 -172.64 -14.995 0.5
5 545.832 -94.6941 -3.45066 0.5
5 505.816 -164.511 -5.14244 0.5
5 537.686 -112.598 10.4065 0.5
5 513.183 -172.082 13.6404 0.5
5 555.291 -79.8884 -7.44902 0.5
5 519.954 -164.768 10.558 0.5
5 533.304 -116.159 -2.23138 0.5
5 520.614 -137.978 -0.474764 0.5
5 534.294 -133.257 14.4623 0.5
5 504.024 -167.317 4.242 0.5
5 549.11 -118.573 -1.10622 0.5
5 537.453 -115.649 -12.5888 0.5
5 529.057 -151.41 -7.37223 0.5
5 509.078 -187.139 -4.8707 0.5
5 513.495 -176.201 -10.3053 0.5
5 545.402 -95.3592 3.09389 0.5
5 540.662 -105.47 7.85895 0.5
5 518.618 -144.285 -8.80652 0.5
5 539.453 -118.125 14.8355 0.5
5 553.971 -107.338 -8.80587 0.5
5 527.479 -148.573 -12.9945 0.5
5 520.706 -153.889 14.9612 0.5
5 506.382 -192.47 2.12889 0.5
5 524.328 -158.41 9.16702 0.5
5 536.93 -139.118 4.17216 0.5
5 525.418 -150.881 13.6443 0.5
5 518.906 -166.149 -10.9795 0.5
5 519.807 -168.748 -4.26994 0.5
5 538.808 -122.984 -14.9221 0.5
5 518.693 -171.248 1.22742 0.5
5 528.898 -144.355 13.8617 0.5
5 551.926 -113.713 0.844707 0.5
5 552.97 -93.2668 -14.546 0.5
5 502.999 -192.732 -11.8077 0.5
5 551.011 -106.076 -13.8525 0.5
5 524.151 -133.152 6.12584 0.5
5 519.91 -163.512 11.7517 0.5
5 502.613 -177.836 -13.6071 0.5
5 545.72 -112.05 -14.7793 0.5
5 519.454 -156.746 14.8956 0.5
5 539.624 -108.425 9.48555 0.5
5 521.347 -154.596 -14.7182 0.5
5 530.71 -131.446 -14.4466 0.5
5 528.432 -136.338 14.678 0.5
5 528.629 -129.937 -11.8859 0.5
5 544.595 -122.232 10.4124 0.5
5 501.208 -172.804 -5.92728 0.5
5 506.36 -171.788 13.8036 0.5
5 532.988 -146.16 -3.34753 0.5
5 548.046 -120.39 1.42345 0.5
5 554.748 -105.939 -8.8793 0.5
5 533.444 -128.835 14.8775 0.5
5 522.227 -138.843 9.82655 0.5
5 504.341 -180.63 -14.9908 0.5
5 520.682 -164.944 -8.87816 0.5
5 509.585 -158.801 -6.9909 0.5
5 509.138 -164.789 12.6511 0.5
5 500.062 -184.53 14.4464 0.5
5 512.835 -181.439 -0.432366 0.5
5 514.554 -151.931 9.58687 0.5
5 504.146 -182.222 -14.9823 0.5
5 516.081 -153.749 -13.2275 0.5
5 515.414 -171.912 11.2377 0.5
5 553.037 -81.8634 1.23377 0.5
5 512.402 -170.525 14.6256 0.5
5 504.2 -169.122 -8.61593 0.5
5 548.799 -112.503 12.4612 0.5
5 530.215 -148.934 -8.14916 0.5
5 544.147 -97.9885 -4.7664 0.5
5 537.024 -127.374 -14.7314 0.5
5 550.063 -88.6828 6.97262 0.5
5 555.451 -100.763 -12.6047 0.5
5 531.794 -148.406 -2.4465 0.5
5 533.281 -131.375 -14.9961 0.5
5 544.133 -102.624 11.5168 0.5
5 507.452 -187.873 8.85746 0.5
5 519.346 -167.127 -9.05269 0.5
5 504.337 -169.77 9.75784 0.5
5 522.066 -135.865 3.47717 0.5
6 649.777 -96.2646 -14.5069 0.5
6 618.186 -79.6583 -7.83392 0.5
6 645.921 -80.7417 -9.3762 0.5
6 569.81 -101.065 -12.2792 0.5
6 625.057 -91.9507 14.9917 0.5
6 666.604 -93.3016 14.9758 0.5
6 631.269 -77.5589 -1.80333 0.5
6 562.83 -84.5884 12.7747 0.5
6 650.572 -81.026 9.72064 0.5
6 642.042 -89.9506 14.7903 0.5
6 636.545 -84.0333 12.416 0.5
6 635.835 -107.018 3.57397 0.5
6 625.035 -99.0168 13.4862 0.5
6 599.198 -101.149 -12.2197 0.5
6 584.82 -88.2973 -14.4137 0.5
6 656.763 -84.93 12.9787 0.5
6 601.824 -88.6657 -14.5148 0.5
6 595.144 -100.714 -12.518 0.5
6 572.344 -100.69 -12.5338 0.5
6 561.969 -80.8694 9.53353 0.5
6 625.177 -78.2949 -4.96298 0.5
6 559.384 -89.2723 -14.6595 0.5
6 616.739 -79.2199 -7.06833 0.5
6 621.791 -94.0414 -14.9153 0.5
6 566.69 -107.345 1.77107 0.5
6 607.601 -99.8891 13.0254 0.5
6 616.813 -87.4892 14.1559 0.5
6 595.332 -78.0161 -4.08149 0.5
6 595.732 -107.234 2.5355 0.5
6 653.422 -105.285 7.76244 0.5
6 590.196 -84.9234 -12.9749 0.5
6 645.311 -83.8197 -12.2685 0.5
6 562.003 -77.9346 3.7817 0.5
6 638.865 -104.352 9.12899 0.5
6 576.736 -102.597 -11.047 0.5
6 636.213 -107.196 -2.7471 0.5
6 557.491 -90.9827 -14.9281 0.5
6 627.451 -105.483 7.42654 0.5
6 615.199 -94.7357 -14.8248 0.5
6 557.461 -105.31 7.72184 0.5
6 642.455 -98.3063 -13.8096 0.5
6 579.01 -87.5853 -14.1892 0.5
6 559 -95.849 -14.6098 0.5
6 631.359 -77.4614 0.581909 0.5
6 651.615 -81.6786 10.4391 0.5
6 636.745 -93.7828 14.9407 0.5
6 660.722 -81.882 10.6449 0.5
6 585.62 -102.982 10.6812 0.5
6 658.244 -107.253 -2.42643 0.5
6 627.797 -101.711 -11.7995 0.5
6 643.25 -95.3397 -14.719 0.5
6 614.191 -107.438 -0.604949 0.5
6 664.203 -82.284 -11.0295 0.5
6 644.879 -82.0964 10.8537 0.5
6 643.946 -107.062 3.38841 0.5
6 598.989 -107.149 -2.99233 0.5
6 570.416 -97.107 14.2588 0.5
6 659.657 -86.0064 -13.5454 0.5
6 580.643 -104.293 9.20555 0.5
6 634.898 -107.45 -0.0955082 0.5
6 623.935 -91.7467 14.9835 0.5
6 643.15 -106.65 -4.83457 0.5
6 600.268 -107.426 0.84479 0.5
6 635.542 -83.5625 12.0835 0.5
6 583.352 -77.4801 0.947779 0.5
6 572.115 -80.5415 -9.12066 0.5
6 663.043 -101.962 11.5985 0.5
6 562.891 -103.413 10.2381 0.5
6 629.569 -81.369 -10.1099 0.5
6 593.994 -107.442 -0.503593 0.5
6 647.781 -94.8419 14.8081 0.5
6 560.068 -95.5964 14.6663 0.5
6 643.781 -89.424 -14.6916 0.5
6 656.127 -104.468 8.9761 0.5
6 605.712 -104.945 -8.29855 0.5
6 608.943 -87.2282 14.0617 0.5
6 644.154 -97.4419 14.145 0.5
6 656.571 -100.378 -12.7337 0.5
6 625.283 -107.445 0.38427 0.5
6 597.991 -100.711 -12.5201 0.5
6 642.324 -86.9519 13.956 0.5
6 656.07 -81.2414 -9.96823 0.5
6 562.377 -106.858 -4.1713 0.5
6 560.807 -77.8118 3.27403 0.5
6 581.421 -104.767 -8.56086 0.5
6 625.747 -106.997 3.65945 0.5
6 565.664 -88.4648 14.4609 0.5
6 627.832 -84.8051 12.9056 0.5
6 660.561 -104.918 -8.33969 0.5
6 645.185 -90.4037 -14.8598 0.5
6 660.813 -103.288 10.3699 0.5
6 630.118 -83.7848 -12.2439 0.5
6 620.598 -106.562 -5.08351 0.5
6 647.014 -89.4713 14.7012 0.5
6 559.455 -78.0513 -4.20415 0.5
6 559.04 -85.1637 -13.1114 0.5
6 607.44 -93.1091 14.9855 0.5
6 579.994 -107.01 3.60781 0.5
6 635.153 -98.5937 13.6841 0.5
6 618.481 -82.2285 -10.9781 0.5
6 603.42 -79.4828 -7.53978 0.5
6 572.464 -77.5152 -1.39636 0.5
6 589.596 -102.827 10.8316 0.5
6 598.973 -94.2123 14.8961 0.5
6 637.259 -103.588 10.0474 0.5
6 636.75 -103.229 -10.4318 0.5
6 665.99 -101.679 11.825 0.5
6 661.582 -78.1201 -4.43299 0.5
7 642.109 -61.0735 10.0239 0.5
7 660.013 -81.963 14.9641 0.5
7 644.797 -61.2125 13.449 0.5
7 662.372 -85.4194 14.9944 0.5
7 622.468 -0.909804 -0.629716 0.5
7 634.144 -45.2947 -11.8663 0.5
7 632.932 -22.7996 9.95467 0.5
7 627.184 -17.8843 -13.668 0.5
7 642.123 -40.4256 -11.5976 0.5
7 635.644 -45.9604 -13.1352 0.5
7 656.128 -78.8393 -14.2634 0.5
7 653.735 -55.9975 -5.24087 0.5
7 618.663 -17.6218 12.484 0.5
7 621.13 0.651065 -4.74753 0.5
7 646.973 -43.5419 2.45807 0.5
7 665.739 -105.543 2.98751 0.5
7 617.286 -11.9751 -14.1228 0.5
7 635.708 -27.752 10.1153 0.5
7 618.518 2.29533 9.8078 0.5
7 661.304 -88.7401 -13.9238 0.5
7 627.653 -13.0836 9.26925 0.5
7 612.305 3.8067 -14.8522 0.5
7 645.867 -48.1787 -12.5301 0.5
7 633.684 -44.1943 -12.0951 0.5
7 650.716 -79.1393 4.47678 0.5
7 639.277 -59.2488 -4.71481 0.5
7 625.527 -6.87167 -4.45492 0.5
7 617.926 -22.872 -2.16194 0.5
7 642.229 -45.3684 -14.2265 0.5
7 627.666 -30.85 -13.7691 0.5
7 641.524 -41.9677 -13.3011 0.5
7 665.141 -102.717 7.63999 0.5
7 642.6 -35.8249 -1.33943 0.5
7 629.766 -43.4624 -1.49282 0.5
7 642.698 -47.412 -14.5802 0.5
7 622.186 -25.3098 11.267 0.5
7 621.489 -17.1007 14.7168 0.5
7 662.077 -98.1177 6.28912 0.5
7 634.675 -51.0989 -5.22493 0.5
7 643.423 -40.1001 8.87747 0.5
7 636.07 -42.4642 14.695 0.5
7 658.497 -66.6373 -9.43322 0.5
7 644.746 -42.5777 9.12549 0.5
7 661.562 -73.329 10.9241 0.5
7 643.175 -63.474 9.37003 0.5
7 648.297 -51.3677 11.7969 0.5
7 614.13 -13.4947 8.94519 0.5
7 627.868 -25.1542 14.9997 0.5
7 619.603 -7.1385 -14.5121 0.5
7 629.333 -23.0573 14.2351 0.5
7 636.945 -27.558 -6.71481 0.5
7 619.729 -2.32292 -12.1265 0.5
7 628.627 -37.3469 -10.4275 0.5
7 660.918 -80.8495 -14.9097 0.5
7 648.835 -47.4086 4.96014 0.5
7 650.212 -55.7286 -12.5469 0.5
7 624.737 -17.8063 -14.8635 0.5
7 654.393 -85.187 5.39627 0.5
7 644.375 -48.1647 13.8849 0.5
7 621.276 -8.60322 -14.0594 0.5
7 631.357 -33.7313 14.8005 0.5
7 652.374 -77.2847 11.5337 0.5
7 659.647 -82.9863 14.7561 0.5
7 652.151 -65.9507 14.9385 0.5
7 664.047 -89.1861 14.9459 0.5
7 645.062 -60.6283 -13.9162 0.5
7 627.421 -28.4691 -14.4585 0.5
7 637.249 -36.8884 14.2745 0.5
7 640.876 -60.2683 8.30744 0.5
7 639.409 -54.6676 -11.6657 0.5
7 658.75 -82.6461 -14.4822 0.5
7 633.637 -34.0224 14.9504 0.5
7 637.317 -30.9116 10.5096 0.5
7 661.84 -71.2289 7.71936 0.5
7 635.264 -28.5089 -11.5666 0.5
7 662.269 -87.0875 14.8296 0.5
7 623.734 -18.6246 14.9904 0.5
7 643.398 -66.9061 -2.68302 0.5
7 636.945 -55.8896 -1.55027 0.5
7 611.383 2.92388 14.9952 0.5
7 640.317 -40.7413 13.7168 0.5
7 611.618 11.11 12.552 0.5
7 644.474 -65.7531 -9.33431 0.5
7 646.805 -72.1831 -5.02135 0.5
7 625.129 -31.1036 10.6139 0.5
7 655.459 -60.8145 -8.69499 0.5
7 663.441 -88.248 14.9359 0.5
7 643.829 -63.9528 10.135 0.5
7 633.873 -20.6519 -0.291517 0.5
7 621.497 -29.178 -1.03325 0.5
7 644.509 -39.778 4.54703 0.5
7 651.353 -54.3172 -9.50006 0.5
7 627.333 -34.7983 -10.736 0.5
7 612.472 -13.5567 -0.864096 0.5
7 647.682 -54.0691 -13.9556 0.5
7 659.858 -85.0328 -14.3478 0.5
7 612.608 13.1618 -9.02662 0.5
7 650.185 -76.6446 7.91645 0.5
7 612.442 -9.735 -9.97305 0.5
7 659.946 -91.2552 -10.7655 0.5
7 623.389 -11.82 -13.8867 0.5
7 655.519 -82.7485 11.5198 0.5
7 662.127 -70.8674 6.06413 0.5
7 648.588 -71.5142 10.8303 0.5
7 637.34 -53.2543 9.51028 0.5
7 649.083 -70.7776 12.1596 0.5
7 623.172 -19.9861 -14.7227 0.5
7 661.865 -98.255 -5.0564 0.5
7 636.173 -39.787 -14.9992 0.5
7 659.105 -75.2823 -14.437 0.5
7 649.962 -51.0838 8.39124 0.5
7 666.061 -106.392 0.490152 0.5
7 637.498 -31.9036 -11.1586 0.5
7 636.194 -54.4589 -2.51028 0.5
7 658.068 -67.888 -11.4684 0.5
7 639.335 -52.207 13.2147 0.5
7 630.429 -16.955 7.93404 0.5
7 627.094 -29.5128 13.9139 0.5
7 652.033 -81.9515 2.13677 0.5
7 622.649 -20.562 14.3544 0.5
7 613.691 -14.5785 5.67374 0.5
7 642.952 -49.5642 14.8902 0.5
7 619.202 -12.2648 14.8626 0.5
7 627.062 -21.6612 -14.839 0.5
7 650.93 -79.0388 -5.76966 0.5
7 626.053 -7.26378 2.18135 0.5
7 637.033 -26.1294 0.413609 0.5
7 663.088 -83.6278 14.7687 0.5
7 654.401 -85.9421 -2.79777 0.5
7 662.701 -75.5167 11.1228 0.5
7 622.613 -23.77 12.9182 0.5
7 640.077 -47.8764 14.9267 0.5
7 650.595 -52.3008 8.56661 0.5
7 629.241 -16.5449 10.1089 0.5
7 665.268 -104.882 -2.08254 0.5
7 656.777 -62.98 -8.52599 0.5
7 648.129 -48.2496 8.87471 0.5
7 625.55 -28.6726 -13.0252 0.5
7 620.212 -4.00183 -12.6976 0.5
7 624.599 -5.74922 -5.78984 0.5
8 664.525 111.051 -2.66381 0.5
8 632.513 41.1079 14.9977 0.5
8 654.97 91.3137 -9.54251 0.5
8 616.522 -1.48518 -3.30322 0.5
8 613.254 3.79202 14.5379 0.5
8 624.231 39.4541 -7.56029 0.5
8 624.322 33.9097 -13.1302 0.5
8 639.537 62.9664 -11.2195 0.5
8 649.948 85.4282 -4.24979 0.5
8 618.955 26.985 11.5056 0.5
8 616.439 16.3144 14.6298 0.5
8 655.79 95.4359 -4.60996 0.5
8 613.252 5.30419 -14.841 0.5
8 619.47 5.59854 -8.05426 0.5
8 612.055 17.461 8.93212 0.5
8 645.783 48.8341 -0.410309 0.5
8 638.49 41.0601 -11.056 0.5
8 618.396 19.6773 14.6358 0.5
8 661.051 104.697 -4.11636 0.5
8 641.06 56.6135 14.9689 0.5
8 629.067 47.0236 -8.79843 0.5
8 645.244 55.8844 -13.2605 0.5
8 631.557 44.7962 13.9126 0.5
8 658.047 71.0285 -5.27463 0.5
8 630.956 52.3941 4.69201 0.5
8 663.653 100.934 -13.6796 0.5
8 626.346 40.95 10.4221 0.5
8 638.914 54.6875 14.7445 0.5
8 634.195 58.4505 -3.01582 0.5
8 643.6 69.4414 11.6936 0.5
8 626.187 30.1491 14.9977 0.5
8 627.851 17.8443 -1.50077 0.5
8 640.574 43.169 -9.46343 0.5
8 666.131 97.0743 14.8663 0.5
8 617.989 10.0374 13.8948 0.5
8 666.405 97.9569 -14.9154 0.5
8 649.233 61.7714 -12.6681 0.5
8 621.731 7.66052 -3.80676 0.5
8 616.842 27.7206 5.33197 0.5
8 621.735 7.30831 1.98109 0.5
8 666.318 105.855 -13.5377 0.5
8 648.771 73.3173 -14.3664 0.5
8 611.517 12.5925 -12.6162 0.5
8 664.636 110.693 4.80506 0.5
8 621.632 15.6335 13.5833 0.5
8 636.159 56.9528 -11.3613 0.5
8 620.951 14.6075 -13.6535 0.5
8 661.568 92.3245 -14.9554 0.5
8 627.455 21.7069 -10.8321 0.5
8 645.49 61.0736 -14.8308 0.5
8 640.333 60.3299 13.7732 0.5
8 625.423 43.5472 -0.710657 0.5
8 652.907 90.9933 2.27602 0.5
8 635.088 31.0363 -4.62703 0.5
8 615.775 26.8481 0.416347 0.5
8 648.727 69.0927 -14.9991 0.5
8 654.442 92.2103 -6.77302 0.5
8 633.841 46.3776 -14.6473 0.5
8 642.704 49.6641 -12.1243 0.5
8 649.868 57.8592 -7.40591 0.5
8 616.079 10.0335 14.8154 0.5
8 632.496 35.7484 14.1183 0.5
8 633.675 43.39 -14.9905 0.5
8 635.498 33.6989 -8.56302 0.5
8 646.362 51.4769 6.83186 0.5
8 665.403 84.5115 -6.93602 0.5
8 621.236 16.7047 -14.2748 0.5
8 647.796 57.2301 -11.1036 0.5
8 647.715 53.6045 -6.39077 0.5
8 653.406 63.8102 7.08457 0.5
8 632.247 55.3835 0.0627073 0.5
8 637.491 57.0738 12.9282 0.5
8 615.023 3.96831 13.4784 0.5
8 659.94 87.6333 -14.9829 0.5
8 658.714 75.5505 -10.5375 0.5
8 630.358 45.7475 12.2649 0.5
8 615.138 19.8514 -11.9229 0.5
8 644.4 74.0704 -8.08119 0.5
8 616.347 20.1757 -13.0859 0.5
8 612.292 8.07588 -14.8293 0.5
8 613.671 -4.42135 -8.09251 0.5
8 629.403 20.47 -0.604261 0.5
8 657.528 71.2568 7.6297 0.5
8 639.533 43.1543 -11.314 0.5
8 662.669 85.0047 12.644 0.5
8 644.752 47.1721 -1.96151 0.5
8 663.26 108.257 -4.95867 0.5
8 615.913 7.38528 -14.2422 0.5
8 611.425 -6.36936 10.5244 0.5
8 628.519 29.6859 14.388 0.5
8 623.022 9.40672 -0.222631 0.5
8 636.761 54.7721 -13.4847 0.5
8 628.143 42.2871 11.9903 0.5
8 631.974 33.2285 -13.4292 0.5
8 633.509 30.6072 9.05119 0.5
8 637.48 34.6086 -2.19437 0.5
8 627.783 38.4881 13.8179 0.5
8 621.486 9.6708 8.90139 0.5
8 644.717 57.85 -14.4195 0.5
8 621.968 16.0901 -13.5234 0.5
8 662.87 78.5718 2.10181 0.5
8 663.818 86.4542 -12.2818 0.5
8 662.695 99.7339 13.4636 0.5
8 611.62 9.92429 14.0443 0.5
8 632.789 56.3162 -0.441335 0.5
8 619.183 3.65959 -5.12751 0.5
8 629.006 19.7722 0.281681 0.5
8 619.414 31.5464 -6.75935 0.5
8 663.541 105.489 -10.3023 0.5
8 659.094 80.2932 13.4747 0.5
8 641.631 43.5261 -7.28591 0.5
8 630.799 31.9103 -13.7631 0.5
8 643.49 47.509 -8.51617 0.5
8 633.058 29.0328 -7.89222 0.5
8 643.092 68.4543 11.7789 0.5
8 629.428 40.9704 -13.967 0.5
8 660.175 90.4847 14.9 0.5
8 659.382 83.4541 14.4763 0.5
8 650.338 65.3243 13.5694 0.5
8 646.44 52.6872 -8.61447 0.5
8 617.629 5.67446 11.6972 0.5
8 659.349 98.7539 9.71498 0.5
8 615.042 25.4615 1.91288 0.5
8 661.088 82.2781 -12.6505 0.5
8 621.134 16.3602 14.2197 0.5
8 659.538 101.244 6.3477 0.5
8 662.162 78.8005 -6.74605 0.5
8 662.772 83.1826 -11.1156 0.5
8 647.752 65.3185 -14.8765 0.5
8 630.284 44.4459 -13.0124 0.5
8 641.772 62.3133 13.982 0.5
8 661.352 76.5331 4.64712 0.5
8 647.639 53.0859 -5.49329 0.5
8 626.014 37.1443 12.9574 0.5
8 663.795 80.1203 -1.67262 0.5
8 642.445 72.1265 -5.17422 0.5
8 638.408 66.0552 0.056644 0.5
8 632.862 26.6403 2.3923 0.5
8 643.27 65.6165 -13.6851 0.5
8 650.688 58.9342 -6.76072 0.5
8 634.779 55.7076 10.2635 0.5
8 660.295 103.264 4.52739 0.5
8 645.973 76.0374 -9.158 0.5
8 661.773 82.397 -11.9033 0.5
8 620.332 15.9249 -14.5053 0.5
8 613.547 -6.44645 -4.06045 0.5
8 657.583 84.1389 14.9995 0.5
8 622.794 36.4153 -8.43284 0.5
8 657.498 93.6972 -11.5439 0.5
9 837.56 99.2325 14.9804 0.5
9 965.187 100.174 -14.999 0.5
9 797.543 85.3951 -3.41998 0.5
9 985.215 102.119 14.8495 0.5
9 922.37 90.3115 -11.4514 0.5
9 779.836 114.74 -2.78189 0.5
9 704.412 93.6456 -13.5875 0.5
9 800.594 113.64 6.24 0.5
9 893.253 92.9666 -13.2488 0.5
9 988.163 90.8575 11.8918 0.5
9 816.144 98.2176 -14.8937 0.5
9 944.893 113.004 7.47652 0.5
9 817.302 111.912 9.11554 0.5
9 721.171 114.798 2.45614 0.5
9 854.301 94.5187 13.9626 0.5
9 688.067 102.884 14.7202 0.5
9 872.504 105.797 -13.8344 0.5
9 749.317 87.752 -8.6595 0.5
9 891.387 85.6885 4.49248 0.5
9 691.918 112.711 7.96432 0.5
9 761.926 85.0801 1.54845 0.5
9 870.952 93.0093 -13.2714 0.5
9 883.585 85.3224 -3.09338 0.5
9 980.265 102.664 -14.7615 0.5
9 807.588 114.344 -4.38756 0.5
9 691.758 102.134 14.8474 0.5
9 931.253 104.217 14.3952 0.5
9 782.701 86.9261 -7.35343 0.5
9 938.951 95.0519 -14.1604 0.5
9 769.304 86.4506 -6.43535 0.5
9 800.356 89.4673 -10.68 0.5
9 810.913 96.1268 -14.4913 0.5
9 729.663 85.1851 -2.3489 0.5
9 824.857 109.617 -11.5114 0.5
9 790.554 107.004 13.2645 0.5
9 861.823 85.7397 -4.65242 0.5
9 675.268 99.2143 14.9794 0.5
9 721.191 96.1977 -14.5101 0.5
9 984.453 87.3535 8.06639 0.5
9 784.932 93.4418 -13.4904 0.5
9 784.008 114.818 2.3283 0.5
9 788.558 114.216 -4.78731 0.5
9 774.448 108.685 -12.2301 0.5
9 740.901 95.196 14.2099 0.5
9 945.263 114.579 3.52956 0.5
9 932.224 97.8842 -14.85 0.5
9 864.107 111.081 -10.1103 0.5
9 726.082 88.2641 9.34178 0.5
9 779.707 85.1798 -2.31527 0.5
9 680.261 101.885 -14.8811 0.5
9 904.743 88.4003 -9.51039 0.5
9 944.338 113.831 5.80446 0.5
9 671.385 109.41 11.6814 0.5
9 941.239 111.866 9.17567 0.5
9 981.539 107.256 13.1281 0.5
9 769.115 85.0001 -0.0488271 0.5
9 865.827 86.004 -5.39566 0.5
9 673.999 114.139 5.00968 0.5
9 764.074 103.754 14.5227 0.5
9 877.32 112.882 -7.68476 0.5
9 809.696 99.4312 14.9892 0.5
9 820.439 112.972 -7.53204 0.5
9 845.174 111.186 9.99341 0.5
9 818.647 102.972 -14.7026 0.5
9 709.752 93.1028 13.3202 0.5
9 845.441 103.019 -14.6931 0.5
9 821.392 90.9841 11.988 0.5
9 675.764 114.446 -4.03822 0.5
9 963.01 86.4045 6.33728 0.5
9 876.099 109.202 -11.8456 0.5
9 932.355 85.0042 -0.356643 0.5
9 973.289 86.4992 6.53664 0.5
9 945.164 90.0001 -11.1804 0.5
9 815.802 85.6357 -4.3205 0.5
9 780.015 86.088 -5.60852 0.5
9 851.372 98.0098 -14.8674 0.5
9 891.752 105.24 -14.0551 0.5
9 968.026 85.3154 3.05959 0.5
9 835.691 113.861 5.73366 0.5
9 959.459 100.508 -14.9914 0.5
9 745.979 85.1434 -2.06917 0.5
9 980.591 110.392 10.8172 0.5
9 835.124 85.1731 -2.27195 0.5
9 776.653 106.828 13.3557 0.5
9 963.527 112.559 8.20138 0.5
9 728.874 93.0494 13.2924 0.5
9 675.106 86.0414 -5.49161 0.5
9 711.208 112.883 7.68363 0.5
9 829.908 101.289 -14.9445 0.5
9 918.737 99.415 14.9886 0.5
9 949.531 89.2648 10.4764 0.5
9 906.504 85.9099 -5.14488 0.5
9 791.42 89.409 10.6222 0.5
9 793.232 96.341 14.5469 0.5
9 792.747 87.4059 8.14795 0.5
9 941.384 95.7073 -14.3726 0.5
9 977.528 95.9211 -14.4348 0.5
9 883.502 95.5358 -14.3203 0.5
9 797.18 114.57 3.56402 0.5
9 946.509 113.042 -7.40997 0.5
9 918.386 85.7976 4.82613 0.5
9 987.253 85.1826 -2.33344 0.5
9 803.665 109.021 11.9838 0.5
9 905.026 85.9352 -5.21358 0.5
9 715.086 85.1313 -1.98052 0.5
9 983.687 85.0529 1.25877 0.5
9 932.192 88.6751 -9.83596 0.5
9 769.356 85.8482 -4.97256 0.5
9 841.408 92.9934 -13.263 0.5
9 883.736 85.011 -0.573721 0.5
9 838.494 112.409 8.42713 0.5
9 910.576 108.741 -12.1903 0.5
9 846.383 86.8558 -7.22712 0.5
9 885.36 96.4824 14.5817 0.5
9 919.346 88.0785 9.10373 0.5
9 897.713 113.44 -6.66052 0.5
9 991.154 110.699 -10.5133 0.5
9 761.614 103.469 14.5933 0.5
9 979.11 114.047 5.26054 0.5
9 870.707 105.328 14.022 0.5
9 833.53 91.4235 -12.3062 0.5
9 909.793 85.4476 3.63707 0.5
9 830.957 111.508 9.62062 0.5
9 947.278 114.913 -1.60862 0.5
9 991.74 86.0434 -5.49671 0.5
9 933.981 113.281 6.97188 0.5
9 810.929 103.857 14.4957 0.5
9 885.705 100.589 -14.9884 0.5
9 858.271 90.5743 11.6686 0.5
9 891.401 85.0304 -0.955095 0.5
9 882.429 114.942 -1.31563 0.5
9 826.451 85.6726 -4.44128 0.5
9 902.227 92.4792 12.9783 0.5
9 989.117 114.835 2.22176 0.5
9 699.916 110.36 -10.8476 0.5
9 697.223 98.0616 -14.8742 0.5
9 926.077 97.7729 -14.8337 0.5
9 930.866 112.829 -7.77332 0.5
9 994.481 93.8969 -13.7023 0.5
9 751.685 98.1349 -14.8836 0.5
9 918.957 96.0549 14.4719 0.5
9 772.562 96.6142 -14.6129 0.5
9 701.922 106.36 13.5847 0.5
9 814.343 109.848 11.314 0.5
9 871.19 90.6204 11.7057 0.5
9 749.063 110.853 -10.3548 0.5
9 860.304 89.7264 10.9295 0.5
9 964.291 103.861 14.4946 0.5
9 906.669 90.8021 11.849 0.5
9 883.59 86.3941 -6.31508 0.5
9 684.457 99.4055 14.9882 0.5
9 681.994 109.385 11.7012 0.5
9 811.968 87.9543 8.93872 0.5
