0 84.7338 128.439 95.8708 0.5
0 130.494 190.691 -42.1324 0.5
0 69.799 33.0603 -74.2905 0.5
0 117.214 7.52725 -38.063 0.5
0 308.642 64.0872 93.3288 0.5
0 70.065 64.175 93.3626 0.5
0 240.497 37.1833 -77.8078 0.5
0 192.57 51.0858 87.2204 0.5
0 91.1448 0.250234 -7.06995 0.5
0 189.049 15.2002 53 0.5
0 323.734 168.566 72.7923 0.5
0 195.326 0.399697 -8.93195 0.5
0 66.478 87.8427 -99.2582 0.5
0 183.131 134.267 93.9456 0.5
0 163.701 14.5834 -52 0.5
0 16.0406 133.599 -94.1866 0.5
0 327.349 183.839 -54.5071 0.5
0 298.823 14.4172 -51.7261 0.5
0 50.4977 189.112 45.3767 0.5
0 25.3691 198.474 17.4028 0.5
0 20.0253 180.722 59.0246 0.5
0 194.499 97.525 -99.9694 0.5
0 318.5 35.8031 -76.6731 0.5
0 193.403 188.908 -45.7755 0.5
0 277.789 72.5114 -96.1477 0.5
0 128.555 198.115 19.324 0.5
0 131.881 181.779 57.5518 0.5
0 303.642 102.204 -99.9757 0.5
0 196.551 3.84441 27.4609 0.5
0 176.64 57.9807 90.7435 0.5
0 145.48 32.4957 73.7779 0.5
0 104.869 26.7214 68.0459 0.5
0 308.441 55.4967 -89.5514 0.5
0 113.989 173.475 67.8339 0.5
0 128.562 5.51149 -32.7402 0.5
0 202.291 142.379 -90.5759 0.5
0 197.072 17.54 -56.5715 0.5
0 78.8052 73.8756 -96.5273 0.5
0 113.597 0.0926771 4.30428 0.5
0 35.5001 56.9817 90.2742 0.5
0 197.031 125.309 -96.7443 0.5
0 98.5257 147.027 -88.2525 0.5
0 229.338 14.5901 52.0111 0.5
0 0.385997 199.219 -12.4744 0.5
0 92.3207 22.0051 62.5843 0.5
0 91.0037 1.40463 16.7019 0.5
0 191.626 50.4933 86.8855 0.5
0 262.761 134.166 93.9823 0.5
0 81.0197 19.5356 -59.3758 0.5
0 221.77 12.0848 -47.6541 0.5
0 52.815 199.568 -9.28177 0.5
0 263.949 34.3173 75.4041 0.5
0 23.7268 97.2328 -99.9617 0.5
0 268.223 115.879 98.7313 0.5
0 261.211 68.9345 95.0523 0.5
0 76.6185 71.0618 95.7214 0.5
0 266.683 199.502 9.96844 0.5
0 254.907 3.24486 25.2674 0.5
0 116.8 18.7495 58.2954 0.5
0 134.572 1.58532 -17.7356 0.5
0 15.687 8.09158 39.4061 0.5
0 66.1251 106.339 99.7989 0.5
0 5.55986 9.20522 41.9083 0.5
0 134.385 28.4708 -69.8826 0.5
0 325.265 193.304 -35.9764 0.5
0 54.1213 28.2503 -69.6562 0.5
0 299.26 26.5519 -67.863 0.5
0 160.829 170.139 -71.2781 0.5
0 316.972 111.254 -99.3648 0.5
0 109.34 184.389 53.6513 0.5
0 156.91 162.947 77.7025 0.5
0 239.38 148.145 87.6473 0.5
0 248.403 162.428 78.1197 0.5
0 106.812 166.565 74.6267 0.5
0 0.0387551 96.3546 -99.9335 0.5
0 268.769 13.461 50.1099 0.5
0 79.2804 134.321 93.926 0.5
0 52.9814 0.308756 -7.85212 0.5
0 74.9315 134.292 93.9365 0.5
0 64.5637 37.9122 -78.3907 0.5
0 295.011 111.587 99.3265 0.5
0 52.0555 25.026 -66.1733 0.5
0 107.548 199.832 -5.79141 0.5
0 206.856 83.9347 98.7011 0.5
0 87.1127 123.779 -97.1317 0.5
0 207.427 34.3905 75.4678 0.5
0 248.367 198.64 16.4375 0.5
0 112.856 1.195 15.4134 0.5
0 266.344 88.5017 99.3367 0.5
0 174.132 16.1221 -54.4472 0.5
0 150.552 97.9585 99.9792 0.5
0 254.194 23.9484 64.9319 0.5
0 159.372 156.26 82.6729 0.5
0 319.235 137.076 92.8727 0.5
0 163.766 0.72328 -12.0055 0.5
0 256.778 155.89 82.9236 0.5
0 247.316 39.9235 79.9426 0.5
0 261.859 120.518 97.8725 0.5
0 330.67 103.131 99.951 0.5
0 234.335 199.042 -13.8087 0.5
0 242.484 192.745 37.3937 0.5
0 161.495 23.7993 -64.7569 0.5
0 5.55367 83.6396 -98.6526 0.5
0 38.1337 54.5881 -89.0941 0.5
0 108.245 199.425 -10.7121 0.5
0 137.667 55.938 89.7694 0.5
0 264.068 0.822139 12.7966 0.5
0 26.608 90.1545 -99.5141 0.5
0 85.2172 10.2499 44.1011 0.5
0 31.19 8.89817 -41.2366 0.5
0 308.348 2.45123 -22.0054 0.5
0 268.137 68.3899 -94.8726 0.5
0 162.119 51.3527 87.3695 0.5
0 283.916 90.214 99.52 0.5
0 21.7113 100.286 -99.9996 0.5
0 74.9302 25.1219 -66.2818 0.5
0 217.27 190.935 41.6035 0.5
0 175.197 30.7525 72.1442 0.5
0 265.438 26.3628 67.6577 0.5
0 113.218 53.2048 88.3754 0.5
0 100.685 117.591 98.4406 0.5
0 103.823 153.698 84.3597 0.5
0 76.6985 163.961 76.8696 0.5
0 41.1959 197.648 -21.5586 0.5
0 58.7211 20.7449 -60.9806 0.5
0 30.0251 2.38653 21.7166 0.5
0 44.6461 32.2468 73.5494 0.5
0 179.848 1.49821 -17.2452 0.5
0 179.964 9.54058 42.6274 0.5
0 179.089 164.37 -76.5279 0.5
0 116.233 115.101 98.8533 0.5
0 323.664 161.217 -79.0729 0.5
0 220.044 16.8704 -55.583 0.5
0 172.748 163.111 77.5697 0.5
0 84.5391 1.40269 16.6904 0.5
0 23.925 197.22 23.4149 0.5
0 109.242 198.215 -18.8101 0.5
0 244.051 4.58769 29.9415 0.5
0 203.605 23.8356 64.7996 0.5
0 130.846 59.4758 91.421 0.5
0 266.138 85.2734 -98.9097 0.5
0 196.572 4.67268 30.211 0.5
0 233.131 140.251 -91.5417 0.5
0 268.298 36.8757 77.5585 0.5
0 184.315 196.625 -25.7617 0.5
0 178.61 173.96 67.3046 0.5
0 217.258 1.60592 17.8495 0.5
0 137.519 74.1151 -96.5918 0.5
0 8.92085 196.782 25.1643 0.5
0 103.214 138.222 -92.4073 0.5
0 79.8519 19.2055 58.9258 0.5
0 58.6673 75.2605 96.8915 0.5
0 37.0899 0.189965 6.16092 0.5
0 79.703 0.998694 -14.0976 0.5
0 279.796 29.2331 70.6544 0.5
0 259.766 35.6838 76.573 0.5
0 318.909 0.0322469 -2.53936 0.5
0 108.075 161.904 78.5357 0.5
0 298.51 146.055 88.7634 0.5
0 79.638 160.252 -79.8101 0.5
0 197.746 60.0268 91.6632 0.5
0 218.775 116.226 98.6748 0.5
0 172.477 198.475 -17.3949 0.5
0 172.469 47.3019 -84.9877 0.5
0 320.681 0.408515 9.02973 0.5
0 317.786 26.5817 67.8951 0.5
0 269.598 41.4426 -81.0619 0.5
0 117.181 52.8534 88.1884 0.5
0 168.786 192.948 36.8875 0.5
0 226.161 187.875 -47.7287 0.5
0 87.0893 11.0222 45.6394 0.5
0 13.4055 2.73308 23.2195 0.5
0 207.427 112.682 -99.1926 0.5
0 142.94 6.20086 34.6658 0.5
0 190.868 148.345 87.5373 0.5
0 164.245 11.0349 45.6641 0.5
0 241.978 4.40849 -29.3643 0.5
0 311.926 10.4107 -44.427 0.5
0 330.183 0.00328188 0.810164 0.5
0 194.645 0.766279 -12.3559 0.5
0 16.7453 153.493 84.4893 0.5
0 242.727 12.8769 49.0874 0.5
0 172.918 130.042 -95.3806 0.5
0 192.601 86.7724 -99.1213 0.5
0 6.53888 168.609 -72.7518 0.5
0 38.029 53.4492 88.5044 0.5
0 23.7616 25.1175 66.2768 0.5
0 320.467 187.737 -47.9811 0.5
0 111.719 148.309 -87.557 0.5
0 119.925 75.1135 96.8538 0.5
0 98.3021 82.3333 98.4271 0.5
0 306.212 74.4654 96.685 0.5
0 296.407 183.312 -55.3094 0.5
0 321.203 192.298 38.484 0.5
0 308.527 195.255 -30.4393 0.5
0 189.888 199.395 10.9813 0.5
0 62.2978 86.703 99.112 0.5
0 126.171 198.428 17.6612 0.5
0 71.8412 33.3593 -74.5588 0.5
0 238.898 52.202 87.8371 0.5
0 214.063 99.4354 -99.9984 0.5
0 20.3544 50.3822 -86.8221 0.5
0 125.522 47.6186 -85.1833 0.5
0 90.1777 163.881 76.9362 0.5
0 202.115 195.459 29.7914 0.5
0 205.007 192.682 -37.5517 0.5
0 47.8156 142.478 -90.5294 0.5
0 299.925 62.0555 92.5214 0.5
0 56.8827 141.044 -91.1889 0.5
0 7.78655 2.7405 -23.2506 0.5
0 277.323 185.575 -51.7388 0.5
0 148.797 38.3554 -78.7398 0.5
0 268.112 21.4178 -61.8453 0.5
0 39.1191 49.7613 -86.4643 0.5
0 209.593 32.9775 -74.2158 0.5
0 51.0527 37.6174 -78.1563 0.5
0 53.2738 8.47665 40.2924 0.5
0 323.401 195.862 28.4699 0.5
0 26.527 72.4512 -96.1304 0.5
0 189.578 134.689 -93.7905 0.5
0 255.435 111.701 99.3131 0.5
0 170.828 37.0642 -77.7116 0.5
0 278.151 166.804 -74.4123 0.5
0 106.374 16.2263 -54.6074 0.5
0 100.966 188.746 -46.0882 0.5
0 108.575 163.376 -77.3527 0.5
0 35.4174 147.729 87.8747 0.5
0 23.0375 102.407 -99.971 0.5
0 323.7 164.109 76.7462 0.5
0 264.476 63.0837 -92.9365 0.5
0 320.769 145.545 -89.0259 0.5
0 246.823 199.988 -1.547 0.5
0 324.004 110.736 -99.422 0.5
0 271.246 171.508 -69.9046 0.5
0 240.278 36.2409 77.0375 0.5
0 118.508 168.806 -72.565 0.5
0 53.2917 8.98808 41.4346 0.5
0 172.937 120.09 97.9612 0.5
0 9.76349 190.188 -43.1988 0.5
0 317.876 199.988 1.54121 0.5
0 190.898 47.6933 85.2291 0.5
0 202.554 113.39 99.0994 0.5
0 76.3176 62.4139 92.6676 0.5
0 271.417 21.1196 61.4644 0.5
0 42.9908 71.3806 -95.8172 0.5
0 192.198 198.79 -15.5067 0.5
0 295.831 78.8371 -97.735 0.5
0 183.249 1.28035 15.9509 0.5
0 98.257 199.541 9.57541 0.5
0 102.412 5.9824 34.0689 0.5
0 138.914 74.4541 -96.682 0.5
0 262.738 168.531 72.8255 0.5
0 131.837 106.013 -99.8191 0.5
0 38.3052 24.4757 65.5445 0.5
0 200.409 30.9839 72.3656 0.5
0 137.223 124.19 97.0301 0.5
0 30.9505 47.1509 84.8939 0.5
0 227.625 171.843 69.5597 0.5
0 139.143 27.9828 -69.3796 0.5
0 111.952 185.829 -51.3163 0.5
0 231.044 54.1214 88.8547 0.5
0 83.7872 37.4304 78.0067 0.5
0 79.2008 183.728 -54.6767 0.5
0 217.069 35.163 -76.1325 0.5
0 226.619 19.6671 59.5536 0.5
0 148.087 41.6065 81.18 0.5
0 151.043 60.9781 -92.0722 0.5
0 121.372 65.6864 -93.9286 0.5
0 184.132 3.57147 -26.4866 0.5
0 51.199 89.8631 -99.4849 0.5
0 76.9231 161.914 -78.5284 0.5
0 76.2788 129.27 95.6206 0.5
0 88.5918 4.44274 -29.4756 0.5
0 203.534 3.58687 -26.5426 0.5
0 299.101 199.977 -2.14087 0.5
0 161.576 188.946 -45.7021 0.5
0 47.4823 192.402 -38.2348 0.5
0 53.864 3.56682 -26.4696 0.5
0 244.171 0.0533533 -3.26616 0.5
0 7.74013 38.3092 -78.7035 0.5
0 158.945 2.55814 22.4741 0.5
0 105.851 3.84741 27.4714 0.5
0 187.678 196.703 -25.4681 0.5
0 106.326 5.84792 33.6955 0.5
0 168.02 106.423 99.7935 0.5
0 78.3814 146.521 88.5201 0.5
0 3.56236 183.975 -54.2969 0.5
0 321.765 4.16927 28.574 0.5
0 231.405 50.603 -86.9479 0.5
0 258.337 8.26458 39.8072 0.5
0 136.736 0.66284 11.4947 0.5
0 167.638 185.304 52.1854 0.5
0 251.162 8.67259 40.7346 0.5
0 181.389 197.656 21.5223 0.5
0 23.8428 119.906 97.9987 0.5
0 175.005 194.854 31.6649 0.5
0 284.515 1.55145 -17.5466 0.5
0 268.146 60.3287 91.7943 0.5
0 265.738 131.28 -94.9818 0.5
0 294.714 81.2835 -98.2328 0.5
0 40.4625 103.704 -99.9314 0.5
0 174.643 27.5662 68.9445 0.5
0 119.031 193.698 34.9374 0.5
0 10.0217 127.339 96.1903 0.5
0 95.7567 185.791 -51.38 0.5
0 91.3096 40.6897 80.5127 0.5
0 294.033 127.957 -96.0125 0.5
0 29.5894 144.25 -89.6766 0.5
0 192.287 21.5465 -62.0085 0.5
0 20.3488 140.469 91.4454 0.5
0 224.27 4.47131 29.568 0.5
0 175.787 198.869 -14.9995 0.5
0 209.34 129.346 95.5971 0.5
0 322.517 155.402 -83.2503 0.5
0 227.129 90.9448 -99.5892 0.5
0 73.4701 198.886 -14.8852 0.5
0 174.543 160.604 -79.5434 0.5
0 314.943 191.147 -41.1361 0.5
0 247.481 23.752 -64.7012 0.5
0 171.589 129.814 95.4521 0.5
0 115.874 20.2099 60.2789 0.5
0 99.5904 197.597 -21.791 0.5
0 192.829 43.6527 -82.6134 0.5
0 327.112 8.40426 40.1275 0.5
0 65.155 189.936 43.7207 0.5
0 76.0268 103.804 -99.9276 0.5
0 175.21 70.0174 -95.3994 0.5
0 100.447 30.4266 -71.83 0.5
0 216.952 17.1325 55.973 0.5
0 84.0923 57.2127 -90.3839 0.5
0 331.944 29.3638 70.7851 0.5
0 154.445 10.4189 44.4434 0.5
0 133.424 195.651 -29.1698 0.5
0 42.23 82.8008 98.5098 0.5
0 288.575 137.145 92.8454 0.5
0 112.385 0.338489 8.2209 0.5
0 313.888 7.97172 -39.1254 0.5
0 193.535 50.5123 -86.8963 0.5
0 75.6953 129.059 -95.6849 0.5
0 317.832 0.00155655 0.557949 0.5
0 193.168 199.946 -3.28982 0.5
0 147.582 23.8919 -64.8657 0.5
0 214.058 152.181 -85.3062 0.5
0 164.774 176.948 -63.8676 0.5
0 324.02 181 -58.6428 0.5
0 90.0885 0.96712 -13.874 0.5
0 141.543 13.5727 50.3022 0.5
0 318.978 102.437 99.9703 0.5
0 231.654 191.563 40.2016 0.5
0 90.8357 11.4399 46.4447 0.5
0 234.384 108.808 99.6113 0.5
0 103.631 139.656 91.801 0.5
0 16.0006 42.4677 81.7926 0.5
0 197.363 0.65504 -11.4271 0.5
0 297.024 199.931 -3.70475 0.5
0 256.626 21.6572 -62.1483 0.5
0 22.6028 43.6397 -82.6046 0.5
0 171.427 1.47308 -17.101 0.5
0 107.298 0.432786 -9.29354 0.5
0 326.059 109.702 -99.5282 0.5
0 257.189 156.392 -82.583 0.5
0 147.198 181.036 58.5938 0.5
0 170.359 169.296 -72.0978 0.5
0 303.229 156.444 -82.5471 0.5
0 332.294 122.877 -97.3479 0.5
0 162.038 83.9603 -98.7053 0.5
0 270.014 117.957 -98.3745 0.5
0 25.5557 103.049 -99.9535 0.5
0 296.571 4.74608 -30.4416 0.5
0 236.551 183.693 54.7305 0.5
0 314.833 178.591 -61.8335 0.5
0 58.3855 107.917 99.6861 0.5
0 136.132 123.054 97.3062 0.5
0 93.696 83.6381 -98.6524 0.5
0 223.185 192.225 38.6591 0.5
0 282.506 19.3491 59.1222 0.5
0 288.915 1.78548 18.8125 0.5
0 118.44 151.32 85.8268 0.5
0 84.9629 194.189 -33.5924 0.5
0 171.065 114.527 -98.9392 0.5
0 179.722 144.906 89.3501 0.5
0 193.969 5.92386 -33.9069 0.5
0 209.459 61.3989 92.2494 0.5
0 144.461 62.2324 -92.5938 0.5
0 221.596 83.8019 98.6794 0.5
0 212.2 80.8983 -98.1587 0.5
0 281.59 115.108 98.8522 0.5
0 18.4423 9.68451 -42.9315 0.5
0 201.711 181.283 58.2498 0.5
0 260.431 199.962 -2.76089 0.5
0 296.535 171.648 -69.761 0.5
0 262.857 170.58 70.8408 0.5
0 111.639 0.86898 13.1545 0.5
0 235.051 51.0733 -87.2134 0.5
0 241.211 182.381 56.6873 0.5
0 89.0285 3.80437 -27.3204 0.5
0 300.781 195.571 29.4304 0.5
0 250.75 199.408 -10.866 0.5
0 73.5949 60.4277 91.837 0.5
0 8.00273 1.83765 19.0828 0.5
0 160.799 105.199 99.8648 0.5
0 276.686 101.272 99.9919 0.5
0 272.162 7.43381 -37.8352 0.5
0 202.63 195.733 28.9005 0.5
0 255.82 94.0238 99.8213 0.5
0 158.978 85.615 -98.96 0.5
0 281.529 20.0257 -60.0342 0.5
0 281.919 80.8151 -98.1424 0.5
0 11.895 186.215 -50.6656 0.5
0 195.479 64.3033 93.4117 0.5
0 319.579 141.58 90.9458 0.5
0 153.946 160.398 79.6998 0.5
0 147.665 192.11 -38.9337 0.5
0 142.199 32.782 74.0388 0.5
0 176.064 182.95 -55.8507 0.5
0 79.2405 35.97 76.8125 0.5
0 263.598 27.0698 -68.4192 0.5
0 105.45 198.725 15.9207 0.5
0 131.822 93.5214 99.7899 0.5
0 156.366 153.218 -84.6633 0.5
0 210.189 138.669 -92.2209 0.5
0 207.083 32.8786 74.1264 0.5
0 304.482 7.2287 -37.3294 0.5
0 102.719 180.076 59.8987 0.5
0 320.212 66.8456 -94.344 0.5
0 209.687 1.18015 -15.3179 0.5
0 96.4827 158.632 81.0077 0.5
0 255.552 167.749 73.553 0.5
0 73.6192 22.5261 63.2281 0.5
0 11.9798 64.415 -93.4543 0.5
0 9.19485 131.118 95.0351 0.5
0 313.283 157.05 82.1297 0.5
1 363.997 -37.7242 53.2968 0.5
1 452.089 -205.131 -10.562 0.5
1 403.916 -47.3302 96.8045 0.5
1 475.805 -234.328 -48.3057 0.5
1 456.118 -160.632 -87.7471 0.5
1 352.76 166.173 -5.97415 0.5
1 449.449 -140.258 -92.0224 0.5
1 359.185 39.6728 -98.7834 0.5
1 434.754 4.87715 -59.2686 0.5
1 385.019 -78.6777 -45.2897 0.5
1 457.276 -169.912 -83.36 0.5
1 333.867 157.077 -81.4604 0.5
1 374.464 63.9433 -93.6063 0.5
1 433.078 4.05388 -64.0258 0.5
1 364.452 104.072 -81.4823 0.5
1 470.766 -138.809 99.9971 0.5
1 471.125 -109.094 -95.5286 0.5
1 360.608 3.14731 86.8258 0.5
1 387.299 -90.0711 -25.8556 0.5
1 416.147 -19.2516 -97.031 0.5
1 455.523 -88.9322 97.3881 0.5
1 487.07 -134.361 -94.7693 0.5
1 410.843 -121.479 -48.9022 0.5
1 376.27 -61.4775 49.1108 0.5
1 424.747 -8.09913 86.4669 0.5
1 499.165 -222.643 -93.5193 0.5
1 362.623 98.3497 87.1263 0.5
1 419.84 49.8151 8.37704 0.5
1 423.968 -84.1611 -96.2361 0.5
1 458.975 -35.0863 -56.4666 0.5
1 395.792 -104.218 27.8761 0.5
1 380.543 40.6039 97.465 0.5
1 458.704 -136.479 98.1137 0.5
1 395.254 55.1359 78.1535 0.5
1 416.202 -143.437 -4.38174 0.5
1 438.781 9.17919 -39.6111 0.5
1 378.481 23.223 -99.9899 0.5
1 481.094 -255.047 -13.2502 0.5
1 488.533 -236.671 73.4531 0.5
1 348.176 167.137 -37.1479 0.5
1 460.358 -35.1051 52.8257 0.5
1 474.062 -242.602 15.101 0.5
1 434.383 -65.9312 99.5858 0.5
1 425.282 -2.82151 82.5509 0.5
1 417.333 -123.69 -62.3304 0.5
1 420.563 45.3709 26.3812 0.5
1 364.797 145.273 6.77852 0.5
1 448.523 -4.18716 30.2127 0.5
1 436.645 -35.9578 -90.291 0.5
1 477.701 -71.1104 -61.3848 0.5
1 402.092 -105.592 50.1797 0.5
1 485.843 -132.125 94.7315 0.5
1 495.865 -156.607 -96.8486 0.5
1 452.436 -194.355 -47.3807 0.5
1 334.816 37.3928 79.97 0.5
1 466.459 -211.777 -58.3694 0.5
1 495.348 -231.584 -86.0376 0.5
1 385.428 109.703 3.6587 0.5
1 353.415 -23.5766 -45.9944 0.5
1 487.226 -152.322 98.9827 0.5
1 483.914 -125.541 93.5729 0.5
1 449.076 -131.263 95.1419 0.5
1 354.626 -1.79624 -76.0647 0.5
1 352.187 37.4666 95.4321 0.5
1 499.669 -189.536 99.9897 0.5
1 355.511 142.405 -58.8945 0.5
1 335.191 67.3868 95.5821 0.5
1 375.822 30.6994 99.9078 0.5
1 480.237 -108.784 88.9673 0.5
1 377.703 122.488 11.478 0.5
1 426.647 -154.24 37.7154 0.5
1 435.084 -173.843 -21.7508 0.5
1 365.547 115.589 -70.0293 0.5
1 449.985 -59.8791 -90.6746 0.5
1 469.17 -226.541 40.8731 0.5
1 488.116 -250.456 56.7092 0.5
1 424.595 17.808 65.1358 0.5
1 346.557 1.23622 -65.157 0.5
1 469.489 -117.232 -98.2555 0.5
1 411.143 -100.458 -75.4 0.5
1 374.099 -69.4237 -15.3506 0.5
1 428.15 -144.612 -59.4852 0.5
1 384.654 80.6284 -71.8827 0.5
1 336.18 108.925 -99.0353 0.5
1 493.634 -262.427 53.0337 0.5
1 416.635 -97.0689 -84.9334 0.5
1 427.864 10.9988 66.4481 0.5
1 342.302 183.48 13.9991 0.5
1 407.408 -128.282 -1.9296 0.5
1 431.085 -48.519 -97.8145 0.5
1 359.138 -19.7797 66.0482 0.5
1 382.581 21.0745 -99.7967 0.5
1 397.434 83.8608 31.5663 0.5
1 381.706 20.9035 99.8901 0.5
1 380.088 -80.7944 6.12169 0.5
1 409.438 -67.4209 -93.4473 0.5
1 457.469 -15.7846 -12.4285 0.5
1 421.206 34.6703 49.5331 0.5
1 372.24 127.982 -30.0736 0.5
1 390.357 -96.8652 -19.4109 0.5
1 378.123 -10.0483 94.5814 0.5
1 362.739 141.13 -39.044 0.5
1 377.583 -68.5047 -39.5155 0.5
1 498.966 -134.473 -85.1648 0.5
1 346.141 12.4865 75.7103 0.5
1 395.898 86.8085 30.6899 0.5
1 478.758 -58.7288 -36.364 0.5
1 455.244 -181.565 -71.0099 0.5
1 444.551 -1.29238 40.6998 0.5
1 359.6 12.4243 90.7151 0.5
1 381.47 -44.4616 -79.1729 0.5
1 358.787 11.7821 89.7359 0.5
1 483.814 -110.3 -86.4055 0.5
1 455.331 -101.004 99.4679 0.5
1 405.676 -93.8111 -72.8449 0.5
1 381.085 -79.6446 -24.5614 0.5
1 458.773 -149.505 -94.6613 0.5
1 440.695 -59.7734 -96.5115 0.5
1 411.638 58.7694 -33.0032 0.5
1 470.872 -107.892 95.2889 0.5
1 461.706 -86.4324 93.328 0.5
1 368.213 -7.15399 -88.4038 0.5
1 407.485 -68.242 -91.7352 0.5
1 443.785 -47.5554 89.9205 0.5
1 345.08 -19.3878 -13.807 0.5
1 434.282 -103.278 95.8733 0.5
1 445.859 -193.894 14.1467 0.5
1 367.022 -55.619 23.2094 0.5
1 459.993 -219.105 -7.43043 0.5
1 444.069 -28.2536 77.213 0.5
1 430.843 -141.172 69.1066 0.5
1 453.906 -9.05648 6.60828 0.5
1 395.656 -43.1308 -93.6057 0.5
1 467.827 -135.055 99.9778 0.5
1 364.534 93.6686 87.8853 0.5
1 462.787 -211.347 -49.0801 0.5
1 454.268 -38.9368 70.8924 0.5
1 397.408 -10.838 -99.9999 0.5
1 401.243 65.5461 55.523 0.5
1 488.855 -105.066 -76.5824 0.5
1 386.646 -88.3847 27.8444 0.5
1 432.558 -127.544 -83.063 0.5
1 480.13 -148.685 -99.8445 0.5
1 363.364 146.212 -18.7447 0.5
1 449.574 -44.737 -82.4421 0.5
1 475.65 -90.2812 82.7017 0.5
1 499.721 -219.499 94.9731 0.5
1 489.128 -140.017 95.4484 0.5
1 455.186 -11.2577 -6.37206 0.5
1 371.395 -30.2094 -76.5993 0.5
1 349.72 68.1329 99.9393 0.5
1 468.786 -35.9013 -16.0171 0.5
1 469.218 -138.757 -99.9422 0.5
1 402.294 -117.851 -17.7793 0.5
1 413.369 -106.662 73.2876 0.5
1 373.728 -1.2147 94.992 0.5
1 333.403 25.6813 67.0431 0.5
1 336.795 145.732 85.5816 0.5
1 475.317 -45.946 -2.14372 0.5
1 461.76 -149.108 96.3786 0.5
1 371.421 -64.631 -16.3066 0.5
1 415.401 -107.304 75.8577 0.5
1 466.402 -205.281 66.3702 0.5
1 499.072 -285.26 -18.9312 0.5
1 427.288 -136.231 67.8095 0.5
1 451.613 -21.4796 55.1971 0.5
1 429.631 -6.8274 80.0261 0.5
1 341.603 104.097 -98.2889 0.5
1 343.698 67.2363 -98.8969 0.5
1 370.472 -28.095 -77.0298 0.5
1 445.772 -184.163 44.7818 0.5
1 414.553 -63.211 97.4279 0.5
1 346.303 175.659 19.284 0.5
1 364.672 145.387 8.15303 0.5
1 431.4 29.865 7.45661 0.5
1 421.249 -98.4882 88.6807 0.5
1 335.126 -2.45488 -11.3901 0.5
1 338.347 129.273 -92.516 0.5
1 410.006 66.6672 10.2927 0.5
1 498.661 -119.913 74.7349 0.5
1 416.587 -126.139 -57.3236 0.5
1 354.332 131.939 73.0336 0.5
1 354.833 -37.2212 -1.87351 0.5
1 355.667 102.217 -91.2536 0.5
1 379.538 -61.0413 58.6256 0.5
1 484.313 -72.6067 -45.7944 0.5
1 350.113 169.34 17.7985 0.5
1 339.256 173.004 55.3844 0.5
1 337.538 139.903 -88.1677 0.5
1 371.355 84.7417 86.2552 0.5
1 423.171 -93.1971 92.6645 0.5
1 372.551 7.7452 -96.9957 0.5
1 413.309 -78.5496 91.6394 0.5
1 462.867 -154.693 95.2879 0.5
1 479.427 -63.0844 -43.6764 0.5
1 389.713 -20.7891 -97.2868 0.5
1 467.169 -38.8594 36.8809 0.5
1 470.655 -237.756 -4.28308 0.5
1 461.586 -194.125 -69.414 0.5
1 403.067 40.6901 -78.874 0.5
1 432.982 -107.105 93.8573 0.5
1 496.531 -272.922 43.057 0.5
1 365.879 141.971 -18.1373 0.5
1 416.09 56.6604 -0.14237 0.5
1 498.903 -127.116 -80.2551 0.5
1 413.866 58.7149 18.8841 0.5
1 409.401 9.39178 -91.1435 0.5
1 398.434 -78.1678 75.641 0.5
1 495.903 -219.242 -92.6367 0.5
1 443.909 -158.068 74.6438 0.5
1 488.366 -199.304 95.1453 0.5
1 382.804 -26.539 91.2743 0.5
1 387.616 72.3774 74.7748 0.5
1 429.877 -93.0536 96.6049 0.5
1 418.73 17.0517 76.0249 0.5
1 350.558 157.449 48.8016 0.5
1 432.886 -6.40496 -75.1037 0.5
1 474.04 -240.994 -23.1473 0.5
1 450.887 -7.31506 26.9728 0.5
1 347.156 23.7007 85.1976 0.5
1 408.647 -35.1863 -99.8877 0.5
1 400.77 -85.3737 72.789 0.5
1 497.652 -211.256 96.3841 0.5
1 404.109 43.4925 75.0562 0.5
1 395.677 89.1311 23.8529 0.5
1 399.606 67.3287 -57.0683 0.5
1 335.713 27.7 -73.1553 0.5
1 375.912 126.239 -1.55975 0.5
1 433.189 9.93291 -55.9424 0.5
1 361.143 59.2212 -99.7266 0.5
1 379.935 96.7941 -63.1839 0.5
1 461.635 -206.429 53.9397 0.5
1 370.24 -29.8512 -75.1905 0.5
1 462.276 -152.588 -95.6258 0.5
1 387.759 8.93499 99.9487 0.5
1 351.795 7.33984 79.4823 0.5
1 485.305 -202.458 91.9819 0.5
1 449.618 -183.649 56.8927 0.5
1 470.364 -51.1678 -50.7313 0.5
1 410.772 -55.3959 -97.7122 0.5
1 428.346 -3.63747 -79.2948 0.5
1 353.037 -28.7645 32.3097 0.5
1 447.222 -163.148 75.2265 0.5
1 486.007 -226.54 78.3803 0.5
1 486.127 -144.907 98.0325 0.5
1 488.79 -267.628 17.9838 0.5
1 382.515 -85.1586 2.28683 0.5
1 390.043 100.211 -17.6199 0.5
1 363.041 148.281 7.2479 0.5
1 425.432 -90.5201 95.0737 0.5
1 403.191 -120.591 -8.99344 0.5
1 401.859 -71.5396 84.8932 0.5
1 339.201 -9.95647 6.42356 0.5
1 370.099 98.2799 78.4913 0.5
1 359.628 0.579984 84.2463 0.5
1 336.816 26.358 73.6814 0.5
1 459.576 -20.9093 -21.0975 0.5
1 471.218 -135.043 99.9286 0.5
1 429.725 20.3851 48.7 0.5
1 335.593 51.5371 89.529 0.5
1 455.992 -115.295 99.9595 0.5
1 348.9 159.962 49.4385 0.5
1 379.25 -74.232 -32.1191 0.5
1 354.022 161.02 24.8886 0.5
1 366.678 117.491 65.8641 0.5
1 429.109 34.112 -0.319933 0.5
1 405.436 68.248 36.4183 0.5
1 419.805 -38.9313 -99.4106 0.5
1 465.273 -31.2189 23.0523 0.5
1 370.506 135.56 -3.31896 0.5
1 430.605 -73.3997 99.8789 0.5
1 481.902 -243.504 -50.7333 0.5
1 466.374 -150.701 -97.9246 0.5
1 438.813 -11.3395 -70.0579 0.5
1 347.987 170.719 27.6579 0.5
1 422.513 -116.736 -78.2437 0.5
1 494.05 -270.385 39.1528 0.5
1 483.113 -77.2614 -57.0003 0.5
1 448.072 -31.5604 74.0799 0.5
1 439.665 -181.338 -23.6378 0.5
1 422.504 44.12 -16.8621 0.5
1 469.003 -225.506 -42.499 0.5
1 456.684 -22.1089 -40.2535 0.5
1 402.181 -119.229 -1.92056 0.5
1 495.218 -84.2559 -27.5293 0.5
1 439.499 -34.7041 -87.0704 0.5
1 482.003 -131.175 -96.472 0.5
1 342.135 170.218 51.9223 0.5
1 392.795 -78.0322 -66.0975 0.5
1 447.336 -3.5661 34.4123 0.5
1 360.911 -38.4536 42.1384 0.5
1 338.447 138.072 88.3045 0.5
1 335.484 149.129 -84.8906 0.5
1 411.187 -128.679 34.5765 0.5
1 343.896 174.771 -36.5901 0.5
1 452.324 -205.746 -8.38426 0.5
1 343.696 181.642 -9.04256 0.5
1 407.166 -124.804 -24.6185 0.5
1 494.043 -89.5923 46.0531 0.5
1 496.625 -139.426 -90.0894 0.5
1 433.281 12.2469 -52.0901 0.5
1 376.369 -67.6526 36.4708 0.5
1 359.109 32.3858 -97.3264 0.5
1 472.589 -57.1789 54.2298 0.5
1 489.534 -140.85 -95.4884 0.5
1 443.681 -169.263 -62.4091 0.5
1 362.494 109.169 -80.2407 0.5
1 369.455 -0.862665 92.3756 0.5
1 394.35 86.9399 -37.6957 0.5
1 467.156 -231.531 7.1443 0.5
1 495.495 -97.6858 -55.4979 0.5
1 452.983 -88.0658 -98.1448 0.5
1 448.345 -98.6368 99.9984 0.5
1 355.025 39.7315 -97.3902 0.5
1 464.631 -184.123 82.3657 0.5
1 360.242 42.1001 99.3604 0.5
1 480.164 -234.394 59.8987 0.5
1 397.434 -88.2389 -63.5451 0.5
1 360.233 151.071 21.4929 0.5
1 474.065 -231.503 47.9598 0.5
1 370.171 126.688 42.5561 0.5
1 495.938 -223.324 90.8977 0.5
1 396.698 82.3738 38.8964 0.5
1 495.003 -196.332 -98.6606 0.5
1 409.888 -108.364 65.2632 0.5
1 433.962 -127.545 -84.6425 0.5
1 472.865 -63.0067 -61.735 0.5
1 458.485 -34.6188 57.0197 0.5
1 379.26 118.201 -21.0988 0.5
1 337.733 80.0748 99.24 0.5
1 424.554 -12.2168 88.9047 0.5
1 340.788 19.6038 73.7964 0.5
1 447.83 -0.648455 21.4827 0.5
1 458.399 -115.221 99.9902 0.5
1 480.15 -237.439 55.5607 0.5
1 382.855 106.149 39.3732 0.5
1 434.474 -65.585 -99.5386 0.5
1 386.275 -63.8916 69.1959 0.5
1 380.538 -46.0095 76.6295 0.5
1 471.404 -88.749 -86.3727 0.5
1 474.486 -84.7676 -80.2125 0.5
1 430.935 25.6054 -32.2539 0.5
1 492.775 -76.2196 -3.42333 0.5
1 495.415 -274.394 35.0396 0.5
1 375.449 119.75 -37.5137 0.5
1 465.83 -56.2282 -68.0634 0.5
1 406.379 -82.3086 -82.9907 0.5
1 367.682 -55.6699 -27.3853 0.5
1 338.741 2.254 -46.7882 0.5
1 439.473 -44.5996 -91.9799 0.5
1 424.331 -154.851 -23.3348 0.5
1 440.424 13.4375 -14.6313 0.5
1 352.809 -23.0748 -44.9225 0.5
1 393.24 83.4279 48.9686 0.5
1 396.011 9.1694 98.4158 0.5
1 403.879 -104.841 56.29 0.5
1 385.855 -90.2183 12.2458 0.5
1 441.001 0.173561 49.8999 0.5
1 421.613 -137.608 -53.1527 0.5
1 337.694 75.4146 98.5389 0.5
1 430.966 -166.113 24.2784 0.5
1 439.783 6.47749 -41.7806 0.5
1 486.449 -80.7677 -53.5777 0.5
1 473.116 -215.284 -68.1594 0.5
1 385.311 -90.0011 2.3531 0.5
1 455.049 -94.3962 98.6425 0.5
1 488.717 -72.4319 25.4743 0.5
1 398.505 41.3808 -83.9982 0.5
1 482.433 -72.9686 52.2242 0.5
1 448.735 -164.257 -76.5237 0.5
1 465.951 -166.956 92.8012 0.5
1 399.276 -93.9262 -60.385 0.5
1 477.795 -214.686 76.4424 0.5
1 341.139 186.384 4.38696 0.5
1 459.427 -207.848 -44.7106 0.5
1 366.735 100.821 80.9775 0.5
1 457.667 -185.229 71.5356 0.5
1 388.594 -91.3449 29.2351 0.5
1 351.026 78.7681 -99.556 0.5
1 490.367 -271.413 10.7262 0.5
1 384.068 42.624 95.2355 0.5
1 367.583 -0.794922 90.9945 0.5
1 345.412 42.2856 92.9854 0.5
1 463.215 -204.592 -60.49 0.5
1 443.981 -190.601 14.4244 0.5
1 345.069 58.4244 -97.7162 0.5
1 380.157 80.4298 78.8292 0.5
1 452.969 -204.029 25.0394 0.5
1 454.54 -157.105 -88.1764 0.5
1 439.059 -29.854 -84.6313 0.5
1 472.256 -57.8933 56.1782 0.5
1 355.325 160.621 16.006 0.5
1 453.75 -127.633 98.1657 0.5
1 477.89 -87.6294 77.8613 0.5
1 479.002 -251.646 -11.4743 0.5
1 415.601 9.50618 -85.4179 0.5
1 410.774 57.6304 39.7468 0.5
1 438.154 -9.78176 69.633 0.5
1 427.369 -80.943 -98.3541 0.5
1 370.192 -58.898 -31.05 0.5
1 443.026 -178.682 46.1989 0.5
1 420.768 -36.9846 -98.9496 0.5
1 471.09 -175.186 93.0677 0.5
1 353.299 127.591 78.3239 0.5
1 447.382 -14.7797 56.1351 0.5
1 391.425 67.6867 73.0375 0.5
1 415.139 56.8275 17.1456 0.5
1 428.953 -145.244 -60.4956 0.5
1 341.442 58.9656 96.2891 0.5
1 441.92 -122.642 93.8366 0.5
1 438.064 -142.264 79.3442 0.5
1 424.869 -110.654 -85.3502 0.5
1 408.805 -92.4509 -78.6728 0.5
1 388.437 58.1801 -84.4079 0.5
1 490.473 -77.7856 33.0279 0.5
1 446.355 -104.286 -99.6358 0.5
1 341.376 140.307 84.0136 0.5
1 493.016 -83.6227 -36.8683 0.5
1 437.741 -51.5562 -95.6162 0.5
1 398.418 -10.5676 -99.9766 0.5
1 412.077 -36.6261 -99.9997 0.5
1 493.055 -168.524 99.6697 0.5
2 657.018 40.4407 90.3551 0.5
2 540.015 -178.308 -80.7842 0.5
2 646.939 161.667 28.5539 0.5
2 614.291 -80.0237 44.9914 0.5
2 570.818 20.556 -50.0563 0.5
2 639.621 -9.52186 -77.9195 0.5
2 560.934 5.86617 -45.5961 0.5
2 510.088 -142.968 -95.9314 0.5
2 610.214 89.3015 -49.162 0.5
2 619.081 -64.4618 57.1781 0.5
2 513.075 -114.381 85.6304 0.5
2 567.757 -30.1408 91.1295 0.5
2 662.826 48.3517 89.3044 0.5
2 588.071 -98.9277 -77.8239 0.5
2 618.301 -82.0189 18.6388 0.5
2 607.102 -103.128 2.86827 0.5
2 558.397 -85.4239 99.9778 0.5
2 565.021 -168.148 38.973 0.5
2 625.734 8.08025 -97.7653 0.5
2 571.77 -131.422 -74.1855 0.5
2 575.634 15.7119 67.9308 0.5
2 554.807 -110.005 -98.6695 0.5
2 665.086 107.033 99.5216 0.5
2 660.906 159.587 -71.8384 0.5
2 519.169 -59.3628 27.6167 0.5
2 572.155 -21.6352 -90.7229 0.5
2 651.485 133.393 80.2333 0.5
2 609.125 91.5565 -40.972 0.5
2 623.916 -71.5945 22.0067 0.5
2 561.642 -153.846 -69.4618 0.5
2 623.746 93.4773 73.4888 0.5
2 530.735 -141.132 -99.8379 0.5
2 569.487 6.6035 -66.2298 0.5
2 630.662 -53.7057 40.6991 0.5
2 587.118 -61.2093 97.2172 0.5
2 500.943 -259.769 68.6354 0.5
2 562.574 -132.933 -85.024 0.5
2 543.224 -38.7468 66.0737 0.5
2 588.021 -18.4626 98.4109 0.5
2 572.531 -88.5651 -96.6893 0.5
2 649.712 55.9802 98.9206 0.5
2 519.038 -130.133 -96.6762 0.5
2 587.692 -39.289 -99.9687 0.5
2 605.645 -89.173 55.0535 0.5
2 585.059 54.081 29.8888 0.5
2 576.405 -91.0494 93.7821 0.5
2 588.607 58.3497 -35.3261 0.5
2 560.494 -20.0619 76.9756 0.5
2 619.591 79.7704 -79.0027 0.5
2 562.579 -179.833 9.50291 0.5
2 568.829 26.1988 -29.1472 0.5
2 599.984 49.4405 76.0457 0.5
2 521.115 -246.566 32.8119 0.5
2 532.041 -209.523 -64.5872 0.5
2 509.854 -87.1537 -53.5485 0.5
2 612.791 -0.054526 99.7727 0.5
2 644.836 120.72 81.0802 0.5
2 525.774 -242.696 16.3016 0.5
2 620.931 -22.2646 90.2597 0.5
2 513.022 -205.845 91.7708 0.5
2 640.692 126.496 -69.9274 0.5
2 665.807 16.8441 57.7115 0.5
2 507.47 -76.7471 14.1798 0.5
2 658.776 8.19075 -62.3994 0.5
2 523.811 -49.0358 -17.8274 0.5
2 593.713 -94.1956 -73.4726 0.5
2 560.976 -70.9067 -99.2584 0.5
2 614.14 108.507 -10.1322 0.5
2 638.194 146.285 -29.3341 0.5
2 645.69 -22.892 -50.0749 0.5
2 587.609 -36.8175 99.9999 0.5
2 513.024 -79.2133 49.4742 0.5
2 586.809 -86.1319 87.828 0.5
2 582.68 44.011 -44.6479 0.5
2 567.849 -131.898 79.4388 0.5
2 517.441 -184.739 -96.487 0.5
2 586.752 -55.0361 -98.6093 0.5
2 547.719 -151.582 -89.0198 0.5
2 621.402 34.6759 99.1412 0.5
2 646.622 -26.8459 38.8915 0.5
2 634.315 108.302 76.5554 0.5
2 576.318 -153.206 -25.4134 0.5
2 626.553 47.4315 98.5598 0.5
2 600.853 85.1929 12.7397 0.5
2 563.613 -178.287 6.41903 0.5
2 588.193 -116.063 59.8097 0.5
2 597.238 26.7325 88.274 0.5
2 625.299 92.5923 -76.6338 0.5
2 632.405 -55.1587 -28.6262 0.5
2 553.526 -182.703 -49.7638 0.5
2 623.675 24.8304 99.9975 0.5
2 603.593 -59.736 -86.3187 0.5
2 551.482 -161.152 78.7382 0.5
2 647.518 166.767 -3.65524 0.5
2 503.519 -156.365 96.5025 0.5
2 531.401 -55.6192 61.7373 0.5
2 519.302 -211.606 -82.603 0.5
2 585.92 -104.65 -76.1702 0.5
2 501.538 -87.8141 -18.9017 0.5
2 508.982 -264.951 39.5819 0.5
2 636.743 132.515 -53.7203 0.5
2 509.421 -232.339 80.014 0.5
2 608.541 -84.5584 -54.4405 0.5
2 503.407 -193.489 -99.4242 0.5
2 616.604 30.3982 -98.5255 0.5
2 615.858 -67.965 -60.0517 0.5
2 664.778 74.3917 -97.4736 0.5
2 540.38 -173.169 83.8858 0.5
2 543.178 -45.4972 -72.9568 0.5
2 530.48 -203.446 -73.7234 0.5
2 589.308 8.73125 90.4157 0.5
2 652.179 76.5716 99.9861 0.5
2 554.138 -4.57621 42.9029 0.5
2 658.219 183.36 -19.9373 0.5
2 525.615 -108.768 93.4715 0.5
2 553.602 -8.69427 -49.058 0.5
2 631.071 138.27 -3.88184 0.5
2 614.622 -36.5502 88.5807 0.5
2 508.97 -222.669 86.8714 0.5
2 544.671 -11.303 -0.0457953 0.5
2 548.907 -20.7129 55.3991 0.5
2 607.51 -86.6722 -53.9317 0.5
2 579.885 42.1298 38.1413 0.5
2 601.658 -90.9885 -62.0881 0.5
2 624.581 76.3256 -87.0483 0.5
2 516.187 -254.912 33.3546 0.5
2 637.732 98.2033 87.5514 0.5
2 558.704 -24.9398 -78.4146 0.5
2 653.544 176.017 -15.7897 0.5
2 539.999 -91.9427 96.1581 0.5
2 657.321 115.063 -94.9919 0.5
2 540.64 -18.7009 -9.11885 0.5
2 613.605 85.0782 63.824 0.5
2 630.227 123.331 50.268 0.5
2 510.054 -119.091 85.3127 0.5
2 661.259 190.622 -1.53946 0.5
2 577.487 -47.9477 99.7875 0.5
2 662.52 184.426 40.1 0.5
2 550.305 -182.515 -58.6823 0.5
2 635.951 -51.358 19.1133 0.5
2 641.104 28.1581 96.1255 0.5
2 598.609 59.0806 63.8532 0.5
2 656.149 -11.3925 36.3098 0.5
2 581.704 -144.586 -22.5396 0.5
2 635.344 133.82 47.3616 0.5
2 640.288 107.496 -84.6838 0.5
2 660.372 79.0974 99.4988 0.5
2 603.035 -101.031 -41.8575 0.5
2 589.665 -11.2219 97.5163 0.5
2 613.762 -77.1867 51.7757 0.5
2 615.4 87.1012 -65.112 0.5
2 528.93 -165.423 96.3261 0.5
2 514.067 -236.866 68.8153 0.5
2 644.724 27.4724 93.852 0.5
2 537.01 -54.326 -71.1732 0.5
2 542.494 -89.1685 96.5865 0.5
2 517.71 -118.819 -92.0042 0.5
2 580.372 -92.7403 -90.1519 0.5
2 585.759 49.6045 44.1202 0.5
2 542.515 -16.4808 16.9343 0.5
2 591.879 59.3247 45.8654 0.5
2 500.046 -133.976 -83.7666 0.5
2 543.136 -197.209 -55.4048 0.5
2 629.612 -51.4993 -48.7396 0.5
2 619.898 -72.6723 39.9637 0.5
2 593.628 26.3063 84.9161 0.5
2 601.763 -86.7607 66.8791 0.5
2 572.405 -79.4451 -98.6824 0.5
2 611.225 -73.918 62.7153 0.5
2 616.069 -87.2009 9.34243 0.5
2 587.196 -20.8087 -98.5721 0.5
2 565.709 -3.02148 69.561 0.5
2 525.639 -214.242 71.4377 0.5
2 646.893 -32.2962 19.6648 0.5
2 614.359 -54.4871 76.9313 0.5
2 505.03 -276.905 -24.538 0.5
2 597.057 21.2161 -90.8521 0.5
2 510.054 -244.844 67.7161 0.5
2 644.58 135.236 -67.8158 0.5
2 611.546 91.3197 -49.67 0.5
2 524.648 -229.362 -55.2071 0.5
2 529.196 -196.457 81.2101 0.5
2 564.349 -23.0183 -84.0371 0.5
2 547.245 -179.421 -68.7939 0.5
2 557.49 4.0728 36.3166 0.5
2 572.015 25.0842 -45.5452 0.5
2 640.696 147.187 -38.7924 0.5
2 542.935 -14.3737 -3.58114 0.5
2 653.314 175.783 -14.7217 0.5
2 593.23 58.8899 -50.8852 0.5
2 655.733 65.7494 -98.8207 0.5
2 561.169 -18.2757 -76.4589 0.5
2 650.231 -28.0891 -8.68613 0.5
2 578.029 46.0451 -9.26579 0.5
2 551.012 -48.7679 85.6881 0.5
2 580.272 -146.281 -25.6974 0.5
2 570.963 25.4235 -41.0494 0.5
2 593.016 63.1777 42.0167 0.5
2 553.405 3.37283 -9.49348 0.5
2 587.514 -109.634 68.8357 0.5
2 591.039 -52.5842 -97.6406 0.5
2 577.845 -132.569 61.6621 0.5
2 537.427 -124.007 99.9999 0.5
2 653.183 154.37 62.9195 0.5
2 574.652 -106.191 -88.3635 0.5
2 580.92 -118.522 71.411 0.5
2 639.442 135.328 56.5377 0.5
2 559.272 -55.5642 -95.2516 0.5
2 636.955 -39.238 -47.9106 0.5
2 555.063 -7.22604 50.8999 0.5
2 585.941 -121.695 -57.4153 0.5
2 541.15 -25.5508 39.5428 0.5
2 641.778 156.862 -2.42671 0.5
2 593.644 64.3402 -41.8546 0.5
2 644.199 158.55 -22.3706 0.5
2 567.493 5.47565 63.5015 0.5
2 551.773 -168.392 72.0077 0.5
2 657.486 184.089 -1.41803 0.5
2 505.979 -114.69 77.1448 0.5
2 636.042 -35.9034 -55.9851 0.5
2 510.356 -176.875 -99.8115 0.5
2 664.087 30.9059 76.312 0.5
2 614.682 -19.6311 -95.5218 0.5
2 561.929 -54.9129 96.4256 0.5
2 637.074 18.3248 -95.261 0.5
2 638.12 15.4725 93.6436 0.5
2 546.198 -56.7723 85.4863 0.5
2 636.739 146.507 18.1298 0.5
2 602.106 -94.9649 -55.5634 0.5
2 611.804 27.9666 97.321 0.5
2 512.981 -203.514 -92.7736 0.5
2 621.736 -66.209 -46.7739 0.5
2 580.772 -60.3625 -99.3263 0.5
2 542.363 -137.067 -97.6024 0.5
2 640.063 24.6336 -95.6152 0.5
2 517.076 -103.719 83.2652 0.5
2 659.743 183.174 -30.717 0.5
2 525.823 -235.42 -40.4088 0.5
2 508.152 -267.184 -37.6794 0.5
2 547.692 -76.4585 95.5149 0.5
2 504.731 -143.578 92.9416 0.5
2 595.281 -110.428 49.6851 0.5
2 639.076 110.319 -81.385 0.5
2 604.168 -86.7595 -61.9391 0.5
2 612.092 -94.4128 4.74618 0.5
2 583.132 -143.233 16.9818 0.5
2 639.576 149.822 -25.3105 0.5
2 645.254 -13.0463 -65.0408 0.5
2 544.464 -205.213 -35.3252 0.5
2 599.488 8.83959 96.7735 0.5
2 618.834 21.3842 99.9104 0.5
2 595.056 -102.974 -61.3868 0.5
2 551.234 -36.1307 -76.9996 0.5
2 530.385 -79.9516 82.7853 0.5
2 656.172 139.987 81.3449 0.5
2 645.588 136.074 68.7876 0.5
2 519.31 -58.1085 -23.824 0.5
2 660.598 153.901 -76.4919 0.5
2 514.685 -187.471 97.0198 0.5
2 559.665 -170.377 -52.6044 0.5
2 662.664 187.954 31.5655 0.5
2 558.604 -171.518 -53.7165 0.5
2 596.476 68.1087 -44.2378 0.5
2 520.27 -180.738 -96.2379 0.5
2 624.434 22.7332 99.9152 0.5
2 577.718 -125.492 -69.985 0.5
2 569.867 -154.491 49.6057 0.5
2 596.269 -22.9978 -99.9943 0.5
2 623.43 -71.3835 -26.2413 0.5
2 613.282 -65.0687 68.7659 0.5
2 620.232 -64.6939 -53.8439 0.5
2 552.826 -194.446 -23.2185 0.5
2 611.831 70.0931 75.9328 0.5
2 652.439 -17.146 -37.9889 0.5
2 612.812 30.3755 -97.1622 0.5
2 526.653 -42.6392 5.06701 0.5
2 544.14 -19.2545 -36.8367 0.5
2 622.211 72.6557 86.8006 0.5
2 567.632 -27.1475 -89.6101 0.5
2 601.757 79.9415 -38.3176 0.5
2 502.89 -282.567 -14.8123 0.5
2 619.807 5.54345 99.1126 0.5
2 640.082 -24.3378 -62.2133 0.5
2 585.205 -99.2612 -81.3437 0.5
2 572.201 18.4365 57.1552 0.5
2 620.177 -44.1041 77.1846 0.5
2 637.768 -1.02726 86.033 0.5
2 645.99 164.032 5.56431 0.5
2 511.947 -143.634 96.9904 0.5
2 545.92 -208.952 -6.12057 0.5
2 535.041 -227.902 4.00405 0.5
2 591.954 5.66761 -93.6477 0.5
2 611.035 -9.98344 -99.0671 0.5
2 607.287 -100.321 22.3387 0.5
2 503.785 -259.29 63.5986 0.5
2 634.964 64.3955 -98.1188 0.5
2 507.869 -129.301 88.9235 0.5
2 565.192 -174.402 16.4151 0.5
2 641.491 102.584 88.6934 0.5
2 524.347 -68.6462 -62.7532 0.5
2 576.266 -155.671 -13.4403 0.5
2 575.525 38.8298 25.5105 0.5
2 537.25 -26.5168 -21.5958 0.5
2 598.27 -112.941 -32.7844 0.5
2 514.429 -162.711 -99.9953 0.5
2 607.121 75.784 -61.414 0.5
2 506.915 -211.011 93.9285 0.5
2 595.842 -22.3695 99.9995 0.5
2 505.674 -94.5188 53.7462 0.5
2 559.487 -184.157 17.1638 0.5
2 569.436 -162.69 -33.3299 0.5
2 534.521 -32.9992 -28.3953 0.5
2 586.748 47.4075 -51.313 0.5
2 511.741 -102.469 -75.2401 0.5
2 522.332 -193.327 -90.1239 0.5
2 549.681 -169.311 -74.5179 0.5
2 546.643 -175.014 -74.122 0.5
2 616.798 92.5072 -61.4622 0.5
2 547.871 -197.836 -39.0112 0.5
2 530.082 -198.272 -78.6968 0.5
2 639.699 120.901 73.6801 0.5
2 625.952 -61.2607 42.0261 0.5
2 619.2 111.416 35.121 0.5
2 530.025 -179.893 -90.1766 0.5
2 613.717 99.4217 41.1674 0.5
2 618.018 109.977 33.452 0.5
2 628.877 -64.668 -12.5038 0.5
2 565.993 -48.3841 -96.5641 0.5
2 605.041 67.0702 -67.4706 0.5
2 601.636 -59.8503 -88.1526 0.5
2 543.005 -68.4227 88.9127 0.5
2 592.092 6.96646 -93.2437 0.5
2 503.523 -232.165 86.8367 0.5
2 604.328 89.3389 -23.0242 0.5
2 594.825 45.803 -71.181 0.5
2 606.58 -11.3859 99.7322 0.5
2 664.84 -2.77853 8.7626 0.5
2 659.055 14.3679 -68.9284 0.5
2 536.771 -119.56 -99.8527 0.5
2 649.363 -29.9498 2.03036 0.5
2 607.719 84.8891 -49.3237 0.5
2 520.608 -251.485 17.2326 0.5
2 539.347 -210.748 43.1252 0.5
2 572.702 -162.746 1.04985 0.5
2 559.056 -156.879 -70.9285 0.5
2 638.312 -7.80176 80.9663 0.5
2 544.588 -66.1501 -89.1528 0.5
2 625.406 -61.3074 -43.9137 0.5
2 594.623 -59.7303 -93.6948 0.5
2 572.91 30.854 -36.1288 0.5
2 552.995 0.924298 20.8132 0.5
2 633.247 20.3147 -97.5945 0.5
2 501.55 -159.428 -96.4075 0.5
2 664.25 141.497 88.9553 0.5
2 585.73 54.1234 -33.2536 0.5
2 587.572 -81.7537 89.4242 0.5
2 550.729 -27.6094 -68.1292 0.5
2 554.731 -173.394 60.6403 0.5
2 640.461 104.766 -86.5128 0.5
2 515.887 -133.779 96.1791 0.5
2 526.954 -48.988 -36.7519 0.5
2 519.415 -222.603 -73.7312 0.5
2 541.912 -21.214 31.6262 0.5
2 551.83 0.812824 7.5403 0.5
2 657.516 -5.99688 -43.2834 0.5
2 661.614 73.0652 98.333 0.5
2 524.925 -67.3676 -62.4087 0.5
2 644.806 108.024 -88.8503 0.5
2 545.163 -200.093 44.3209 0.5
2 580.045 -60.2613 99.4756 0.5
2 600.265 13.6026 95.8191 0.5
2 598.986 78.6807 28.3177 0.5
2 664.683 86.8676 -99.5287 0.5
2 533.512 -31.1017 -9.70275 0.5
2 590.396 -46.2008 -99.0015 0.5
2 519.158 -78.485 -63.796 0.5
2 640.539 126.441 69.7117 0.5
2 515.705 -259.941 -17.4431 0.5
2 629.33 15.7324 -98.0607 0.5
2 603.815 -99.539 -42.1631 0.5
2 636.074 131.234 -53.9128 0.5
2 628.997 76.5243 -90.8589 0.5
2 528.976 -236.515 19.7615 0.5
2 633.259 -18.1216 79.8059 0.5
2 579.374 48.7801 -2.2192 0.5
2 582.875 33.4429 61.8563 0.5
2 613.201 78.8313 -69.9771 0.5
2 607.468 -47.8796 89.1284 0.5
2 626.553 -14.1912 89.4476 0.5
2 595.699 -44.9718 -97.5383 0.5
2 564.081 12.2631 43.6979 0.5
2 632.349 -33.3713 67.3364 0.5
2 615.86 -3.78762 -98.7458 0.5
2 586.971 59.8717 20.3427 0.5
2 634.953 -14.2839 80.4797 0.5
2 526.677 -73.459 72.3706 0.5
2 651.94 45.7856 -95.791 0.5
2 501.032 -87.5908 -11.8365 0.5
2 536.851 -224.043 -12.6624 0.5
2 572.011 -139.879 -65.0743 0.5
2 561.394 -175.284 -36.892 0.5
2 521.609 -51.8928 11.3447 0.5
2 576.826 44.375 -1.79895 0.5
2 656.595 -14.8077 -22.8123 0.5
2 654.873 72.5874 99.7557 0.5
2 572.883 -141.948 -60.6466 0.5
2 502.877 -85.1365 -16.9314 0.5
2 646.657 -22.902 47.041 0.5
2 591.715 20.0349 -86.6861 0.5
2 604.468 -103.522 -28.7081 0.5
2 546.806 -114.234 99.78 0.5
2 646.413 101.908 -92.9075 0.5
2 553.594 -106.906 -99.3866 0.5
2 547.488 -117.652 -99.3676 0.5
2 621.758 -73.0424 -30.4278 0.5
2 550.85 -177.896 63.4464 0.5
2 513.676 -186.695 -97.6154 0.5
2 600.531 -7.72143 -99.7665 0.5
2 630.054 106.349 -71.6455 0.5
2 578.425 -150.388 -22.0095 0.5
2 649.641 148.962 62.0114 0.5
2 555.775 4.01503 27.7097 0.5
2 572.542 -162.43 10.9335 0.5
2 597.211 -106.371 50.9107 0.5
2 647.202 3.58159 77.8984 0.5
2 518.912 -235.672 -60.3279 0.5
2 581.571 50.8775 18.531 0.5
2 512.293 -186.376 -98.1798 0.5
3 730.423 0.0508313 -3.18805 0.5
3 838.046 40.4904 80.3655 0.5
3 998.326 151.89 -85.4833 0.5
3 900.849 23.0583 -63.8747 0.5
3 719.888 29.9499 -71.3651 0.5
3 800.611 63.3416 -93.0385 0.5
3 714.638 115.398 -98.8074 0.5
3 855.305 20.7433 60.9785 0.5
3 986.703 108.502 99.6379 0.5
3 916.087 103.994 -99.9202 0.5
3 817.287 153.988 -84.1743 0.5
3 966.117 73.0966 -96.3131 0.5
3 827.765 22.351 63.013 0.5
3 814.483 71.1539 -95.7492 0.5
3 977.666 188.328 -46.8837 0.5
3 873.251 89.222 99.4175 0.5
3 994.073 90.86 99.5814 0.5
3 955.29 158.135 81.3651 0.5
3 990.205 34.6639 -75.7046 0.5
3 827.508 154.86 -83.6083 0.5
3 776.724 166.529 -74.6583 0.5
3 893.464 21.9275 -62.4875 0.5
3 796.124 116.866 -98.5674 0.5
3 796.33 129.747 -95.473 0.5
3 678.392 0.230087 -6.77971 0.5
3 973.66 194.608 32.3922 0.5
3 887.158 177.262 63.487 0.5
3 787.802 19.3786 -59.1624 0.5
3 828.612 162.462 -78.0931 0.5
3 955.484 85.437 -98.9339 0.5
3 671.234 82.7197 98.4956 0.5
3 671.241 134.781 -93.7565 0.5
3 856.042 0.257335 7.16943 0.5
3 998.249 98.6049 99.9903 0.5
3 799.815 16.9527 55.7059 0.5
3 907.947 195.628 29.245 0.5
3 707.695 100.195 -99.9998 0.5
3 748.374 169.152 72.2354 0.5
3 696.264 15.8678 54.0534 0.5
3 722.245 0.0271833 -2.33151 0.5
3 810.42 14.6148 52.0516 0.5
3 914.92 34.227 -75.3254 0.5
3 684.555 52.1298 87.7977 0.5
3 729.981 85.4442 -98.935 0.5
3 968.599 5.63685 -33.0998 0.5
3 886.681 16.23 -54.613 0.5
3 981.187 157.258 -81.9849 0.5
3 875.826 40.2326 80.174 0.5
3 766.979 197.565 -21.9352 0.5
3 967.028 79.408 -97.8569 0.5
3 856.273 58.6808 -91.0644 0.5
3 838.621 106.17 -99.8095 0.5
3 910.72 0.48099 -9.79625 0.5
3 790.543 188.43 -46.6912 0.5
3 991.76 163.614 77.1577 0.5
3 702.631 179.323 60.8926 0.5
3 939.825 135.743 93.394 0.5
3 751.94 173.135 -68.2 0.5
3 920.379 159.963 80.0278 0.5
3 969.477 120.206 -97.9373 0.5
3 831.932 164.512 -76.4081 0.5
3 751.321 127.414 96.1691 0.5
3 695.891 149.733 86.7564 0.5
3 693.354 59.6687 -91.5062 0.5
3 947.16 115.572 98.7801 0.5
3 739.866 125.247 96.7604 0.5
3 744.271 29.4162 70.8373 0.5
3 957.096 95.8042 -99.9119 0.5
3 983.907 177.842 62.7747 0.5
3 734.832 107.138 -99.7449 0.5
3 919.571 47.1621 -84.9008 0.5
3 940.387 140.785 91.3049 0.5
3 667.548 19.2635 -59.0052 0.5
3 998.176 92.5898 -99.7251 0.5
3 963.519 0.0202085 2.0103 0.5
3 795.475 94.8702 -99.8683 0.5
3 961.992 158.619 -81.0177 0.5
3 883.08 199.838 5.69484 0.5
3 751.789 136.58 93.0694 0.5
3 955.296 8.59651 -40.5636 0.5
3 792.833 190.013 -43.562 0.5
3 973.29 21.8922 -62.4434 0.5
3 842.038 15.8237 53.9848 0.5
3 998.022 189.95 -43.6922 0.5
3 852.145 179.227 -61.0172 0.5
3 764.149 2.09513 -20.3626 0.5
3 937.143 23.918 64.8963 0.5
3 729.719 150.34 -86.4051 0.5
3 675.68 27.8679 -69.26 0.5
3 806.797 162.287 78.2325 0.5
3 763.789 51.4435 -87.4201 0.5
3 893.428 185.599 -51.6995 0.5
3 686.485 149.037 -87.1516 0.5
3 924.462 26.3918 67.6892 0.5
3 941.205 196.934 -24.571 0.5
3 830.371 91.4944 -99.6376 0.5
3 697.542 142.884 -90.3379 0.5
3 880.36 0.0635734 3.5652 0.5
3 686.679 149.784 86.7269 0.5
3 776.57 19.0292 58.6833 0.5
3 795.717 9.07906 41.6339 0.5
3 959.629 186.64 49.935 0.5
3 744.971 198.434 -17.6293 0.5
3 795.848 31.5284 -72.881 0.5
3 865.406 55.844 89.7232 0.5
3 962.991 43.2231 82.3188 0.5
3 996.556 5.90713 -33.8605 0.5
3 756.16 132.891 -94.4362 0.5
3 836.946 58.153 -90.8231 0.5
3 754.931 187.169 49.0065 0.5
3 701.076 199.837 5.71446 0.5
3 885.279 199.732 -7.31497 0.5
3 988.802 116.681 -98.599 0.5
3 704.546 129.556 95.5323 0.5
3 945.534 2.85545 -23.7263 0.5
3 674.321 1.84384 -19.1146 0.5
3 786.776 146.127 88.7259 0.5
3 890.091 133.448 -94.2401 0.5
3 788.893 83.8416 -98.6859 0.5
3 963.518 22.211 62.84 0.5
3 781.247 91.2108 -99.613 0.5
3 758.766 89.8628 99.4849 0.5
3 913.159 62.9313 -92.8758 0.5
3 877.627 194.563 -32.5249 0.5
3 973.48 59.3495 91.3648 0.5
3 862.445 180.538 -59.2756 0.5
3 832.052 178.983 -61.333 0.5
3 670.109 191.266 40.8719 0.5
3 907.79 100.33 99.9995 0.5
3 668.202 95.2828 99.8887 0.5
3 864.261 26.0645 -67.3316 0.5
3 673.145 69.4436 -95.2172 0.5
3 721.844 180.052 -59.9311 0.5
3 679.085 0.18911 6.14705 0.5
3 968.666 195.603 -29.3258 0.5
3 902.186 48.3613 85.6355 0.5
3 734.576 123.953 97.0889 0.5
3 926.528 113.47 99.0886 0.5
3 840.632 76.3254 97.1572 0.5
3 982.079 196.295 -26.9687 0.5
3 889.422 94.8385 99.8667 0.5
3 795.323 186.612 -49.9844 0.5
3 701.936 196.121 27.5807 0.5
3 782.717 88.5759 -99.3453 0.5
3 706.247 190.372 42.8131 0.5
3 938.26 152.722 -84.973 0.5
3 783.3 42.6039 81.8883 0.5
3 898.624 176.151 64.8154 0.5
3 742.967 12.0716 47.6298 0.5
3 872.388 2.08035 -20.2915 0.5
3 751.038 1.25032 -15.7639 0.5
3 981.613 191.013 -41.4318 0.5
3 753.734 199.424 -10.7132 0.5
3 982.339 36.7419 -77.4494 0.5
3 740.379 147.126 88.1996 0.5
3 930.77 34.365 -75.4456 0.5
3 733.048 0.0256431 -2.2645 0.5
3 891.487 29.0907 70.5115 0.5
3 708.994 108.582 -99.631 0.5
3 808.875 75.066 96.8416 0.5
3 762.183 0.909531 -13.4566 0.5
3 956.001 199.777 6.68052 0.5
3 971.325 8.02724 39.2557 0.5
3 722.869 4.04544 -28.1553 0.5
3 944.771 79.78 -97.9344 0.5
3 764.426 197.744 21.123 0.5
3 868.282 174.228 67.0088 0.5
3 868.404 199.231 -12.3793 0.5
3 667.73 199.488 10.1075 0.5
3 865.831 197.02 -24.2302 0.5
3 795.325 111.762 -99.3058 0.5
3 811.003 0.337878 -8.21349 0.5
3 935.593 129.992 -95.3965 0.5
3 813.321 2.5096 22.2626 0.5
3 781.751 147.816 87.8272 0.5
3 945.016 4.19258 28.652 0.5
3 827.674 171.7 -69.7075 0.5
3 771.798 25.9214 67.1741 0.5
3 679.128 117.613 98.4368 0.5
3 900.928 157.284 -81.967 0.5
3 795.386 40.269 -80.201 0.5
3 723.881 106.848 -99.7653 0.5
3 763.791 74.7421 -96.7576 0.5
3 731.848 182.862 55.9807 0.5
3 890.375 197.772 20.9906 0.5
3 789.856 1.44865 -16.9597 0.5
3 887.423 108.1 -99.6714 0.5
3 719.99 21.0411 -61.3636 0.5
3 711.408 107.039 99.752 0.5
3 990.944 81.6427 -98.3006 0.5
3 847.869 22.1631 -62.7807 0.5
3 666.941 45.8484 -84.069 0.5
3 845.44 14.9228 -52.5535 0.5
3 810.106 183.713 54.6999 0.5
3 988.593 117.809 98.4014 0.5
3 715.952 37.1642 -77.7924 0.5
3 738.002 21.5036 61.9542 0.5
3 779.947 19.0561 -58.7204 0.5
3 963.758 152.328 -85.2158 0.5
3 957.406 2.9776 24.221 0.5
3 696.947 6.65559 -35.8723 0.5
3 792.678 19.981 -59.9746 0.5
3 883.202 39.4145 79.5575 0.5
3 857.649 108.675 -99.623 0.5
3 761.286 39.0863 79.3065 0.5
3 794.489 154.998 -83.5175 0.5
3 994.148 198.85 -15.125 0.5
3 977.373 187.261 -48.8418 0.5
3 671.781 5.88488 33.7986 0.5
3 946.038 192.111 -38.9303 0.5
3 938.887 110.045 99.4942 0.5
3 907.038 94.5214 99.8498 0.5
3 947.57 196.333 -26.8323 0.5
3 800.858 125.175 96.7791 0.5
3 913.783 168.954 72.4252 0.5
3 859.788 21.6779 -62.1744 0.5
3 669.685 96.6333 99.9433 0.5
3 683.196 36.2721 -77.0634 0.5
3 932.833 102.217 -99.9754 0.5
3 940.967 159.971 -80.0216 0.5
3 973.156 157.842 -81.5742 0.5
3 885.155 158.362 81.2025 0.5
3 928.158 187.692 48.0644 0.5
3 979.585 120.81 -97.8107 0.5
3 968.23 62.9393 -92.879 0.5
3 979.85 167.815 73.4926 0.5
3 964.879 196.933 -24.5744 0.5
3 833.013 9.81318 -43.2011 0.5
3 898.734 199.096 -13.4191 0.5
3 699.674 17.5281 -56.5543 0.5
3 857.457 197.425 22.5491 0.5
3 703.292 114.494 98.9441 0.5
3 719.462 0.0456838 3.02236 0.5
3 923.259 33.599 -74.7724 0.5
3 973.75 179.471 -60.6988 0.5
3 824.768 121.204 97.7262 0.5
3 724.712 186.523 50.1379 0.5
3 949.921 57.2668 90.4095 0.5
3 746.183 148.927 87.2134 0.5
3 966.991 3.2209 -25.1755 0.5
3 829.695 93.6901 -99.8007 0.5
3 944.675 46.6074 84.5531 0.5
3 794.948 0.46734 -9.65658 0.5
3 907.792 134.665 -93.7993 0.5
3 802.199 46.6221 84.5624 0.5
3 994.038 22.9734 63.7723 0.5
3 963.097 41.647 -81.2092 0.5
3 970.089 186.349 -50.4374 0.5
3 780.082 105.003 -99.8748 0.5
3 855.208 0.43914 9.36136 0.5
3 947.388 8.52741 -40.4075 0.5
3 974.15 76.8854 -97.2919 0.5
3 727.447 198.698 16.084 0.5
3 784.93 195.511 29.6253 0.5
3 753.903 199.621 8.69343 0.5
3 694.264 197.078 -23.9972 0.5
3 905.548 103.737 99.9302 0.5
3 807.725 5.69653 33.2694 0.5
3 800.967 44.1805 82.971 0.5
3 936.43 147.054 -88.2379 0.5
3 966.884 73.9772 -96.5547 0.5
3 683.486 199.817 -6.04058 0.5
3 738.778 31.4664 72.8227 0.5
3 684.957 11.703 46.9429 0.5
3 711.389 157.063 82.121 0.5
3 962.355 149.901 86.6597 0.5
3 979.209 14.7048 52.1989 0.5
3 782.361 190.181 43.2133 0.5
3 830.038 24.2551 -65.2894 0.5
3 934.589 190.782 -41.937 0.5
3 926.329 199.728 -7.37325 0.5
3 858.628 66.7816 -94.3215 0.5
3 836.262 195.596 29.3494 0.5
3 763.987 66.4784 94.2141 0.5
3 871.235 82.6718 -98.4872 0.5
3 674.913 1.00532 14.144 0.5
3 985.65 81.1731 98.2117 0.5
3 670.82 9.91943 43.4222 0.5
3 709.443 199.233 -12.3637 0.5
3 947.694 17.2545 56.1532 0.5
3 799.232 26.0197 -67.2824 0.5
3 747.197 144.22 -89.6915 0.5
3 891.288 198.416 17.7273 0.5
3 809.646 57.1162 90.3381 0.5
3 771.422 18.8279 -58.4045 0.5
3 673.896 158.161 81.3467 0.5
3 979.323 196.826 24.9927 0.5
3 916.465 21.9454 -62.5098 0.5
3 748.787 190.441 -42.6655 0.5
3 871.703 117.173 98.5145 0.5
3 986.62 36.6043 -77.3368 0.5
3 789.394 49.6765 86.415 0.5
3 841.558 73.3551 96.3849 0.5
3 718.087 51.7972 -87.6156 0.5
3 912.986 157.462 -81.8422 0.5
3 922.121 125.09 96.8014 0.5
3 942.102 105.765 99.8337 0.5
3 974.918 146.502 88.5301 0.5
3 766.575 105.075 -99.8712 0.5
3 953.538 26.5137 -67.8215 0.5
3 891.368 2.23843 -21.0399 0.5
3 990.404 0.0456431 -3.02102 0.5
3 779.797 82.3646 98.4327 0.5
3 905.263 137.544 92.6847 0.5
3 901.821 199.274 -12.0275 0.5
3 780.726 152.587 85.0567 0.5
3 789.505 179.504 60.6554 0.5
3 821.019 114.116 -98.9987 0.5
3 717.984 197.706 21.2975 0.5
3 905.534 178.11 62.4402 0.5
3 750.772 170.919 -70.5017 0.5
3 930.163 118.191 98.3315 0.5
3 962.45 0.00104639 0.457468 0.5
3 910.351 44.8706 83.4311 0.5
3 871.287 108.21 -99.6624 0.5
3 980.227 123.275 -97.2536 0.5
3 711.084 53.4824 88.5218 0.5
3 670.953 131.927 94.7665 0.5
3 671.83 63.0176 -92.9102 0.5
3 863.888 11.7129 -46.9615 0.5
3 690.096 0.835988 12.9034 0.5
3 837.638 54.3544 88.9746 0.5
3 937.101 31.6295 72.9758 0.5
3 932.787 2.90251 23.9181 0.5
3 845.852 110.797 99.4154 0.5
3 782.995 10.6563 44.9189 0.5
3 877.219 84.554 -98.7999 0.5
3 919.131 175.987 65.007 0.5
3 762.429 199.155 12.9723 0.5
3 900.465 138.302 92.374 0.5
3 751.379 189.646 44.3123 0.5
3 887.24 190.723 42.0624 0.5
3 779.534 8.41361 -40.1489 0.5
3 717.865 133.378 94.2652 0.5
3 950.405 146.07 -88.7557 0.5
3 990.843 95.8899 99.9155 0.5
3 806.172 18.9837 -58.6205 0.5
3 714.88 10.0169 43.6238 0.5
3 761.829 171.033 -70.387 0.5
3 842.869 164.3 -76.5867 0.5
3 892.333 1.40624 -16.7114 0.5
3 740.811 191.688 -39.9153 0.5
3 751.629 194.548 -32.5693 0.5
3 722.034 1.69449 -18.331 0.5
3 860.29 39.2162 79.4061 0.5
3 739.688 161.629 -78.7521 0.5
3 897.61 165.442 75.6128 0.5
3 745.806 171.812 -69.592 0.5
3 979.571 0.546013 -10.4357 0.5
3 769.014 190.399 -42.7564 0.5
3 744.365 198.619 16.559 0.5
3 723.011 0.93544 13.646 0.5
3 750.989 93.3302 99.7773 0.5
3 966.865 184.002 54.255 0.5
3 742.555 108.798 99.6122 0.5
3 913.382 83.896 98.6948 0.5
3 865.432 27.7609 69.1484 0.5
3 971.034 0.545995 10.4356 0.5
3 748.302 179.698 60.401 0.5
3 802.832 103.717 99.9309 0.5
3 747.83 196.863 24.8516 0.5
3 835.335 132.067 -94.719 0.5
3 864.704 4.35025 -29.174 0.5
3 802.485 104.927 99.8785 0.5
3 869.307 1.33576 16.2901 0.5
3 744.117 191.032 -41.3908 0.5
3 866.23 85.8209 -98.9897 0.5
3 686.561 2.94035 24.0713 0.5
3 719.751 53.3056 -88.4287 0.5
3 811.694 0.392679 8.85334 0.5
3 821.261 156.651 82.4056 0.5
3 810.244 8.71221 -40.8233 0.5
3 973.395 199.888 -4.72926 0.5
3 714.713 0.288171 -7.58624 0.5
3 877.237 187.757 47.9454 0.5
3 727.132 129.595 95.5204 0.5
3 737.487 0.91222 13.4763 0.5
3 900.918 87.6655 99.2364 0.5
3 737.464 0.984082 -13.9946 0.5
3 842.738 186.253 50.601 0.5
3 879.529 26.8619 -68.1969 0.5
3 778.368 195.454 -29.8074 0.5
3 879.609 178.862 -61.4884 0.5
3 776.096 141.763 90.8618 0.5
3 847.952 51.8103 -87.6228 0.5
3 718.513 31.213 -72.5834 0.5
3 677.116 19.4713 59.2886 0.5
3 698.099 181.45 58.0164 0.5
3 951.578 169.289 72.1042 0.5
3 756.757 1.57017 -17.6513 0.5
3 898.341 42.0539 -81.5 0.5
3 812.698 0.193312 -6.21491 0.5
3 831.358 45.187 -83.6393 0.5
3 733.301 17.1968 56.0681 0.5
3 812.186 105.397 99.8543 0.5
3 725.067 145.921 88.8327 0.5
3 977.464 96.2033 99.9279 0.5
3 872.44 17.1059 55.9337 0.5
3 900.374 0.0847714 -4.11669 0.5
3 964.34 68.3287 94.8522 0.5
3 817.254 113.538 99.0794 0.5
3 797.52 56.9907 -90.2785 0.5
3 721.899 3.3441 -25.6444 0.5
3 883.665 198.635 16.4638 0.5
3 861.765 8.45158 40.2354 0.5
3 731.816 5.15449 31.6912 0.5
3 861.403 67.3624 94.524 0.5
3 709.967 192.256 -38.5861 0.5
3 860.906 88.948 -99.3874 0.5
3 802.341 199.064 13.6519 0.5
3 964.522 3.47199 -26.1217 0.5
3 694.768 110.594 99.4372 0.5
3 854.79 199.253 -12.1996 0.5
3 900.736 123.361 -97.2331 0.5
3 858.25 194.567 -32.5138 0.5
3 692.311 199.988 -1.5445 0.5
3 816.821 1.30579 16.1076 0.5
3 737.155 49.4163 -86.2629 0.5
3 937.45 110.172 -99.4813 0.5
3 667.141 118.184 -98.3328 0.5
3 978.967 197.313 -23.0242 0.5
3 833.222 177.657 63.0028 0.5
3 800.236 85.0389 98.8745 0.5
3 781.358 197.009 24.2743 0.5
3 726.567 129.68 -95.494 0.5
3 846.779 125.182 -96.7774 0.5
3 815.081 198.155 19.1199 0.5
3 825.434 18.6074 -58.0969 0.5
3 776.199 148.403 87.5051 0.5
3 741.969 66.1472 -94.0956 0.5
3 695.267 41.9414 81.4199 0.5
3 775.853 199.935 -3.61795 0.5
3 816.58 0.0865757 -4.16025 0.5
3 837.038 12.8386 49.0194 0.5
3 766.049 45.3371 -83.7375 0.5
3 774.296 10.3304 -44.2647 0.5
3 765.309 57.1903 90.3733 0.5
3 694.595 53.8663 88.7225 0.5
3 945.836 74.2939 -96.6395 0.5
3 988.181 43.1714 82.2831 0.5
3 919.863 42.5504 -81.8507 0.5
3 990.683 46.0211 84.1801 0.5
3 995.782 3.18426 25.0342 0.5
3 915.916 74.7056 96.7481 0.5
3 958.748 14.2074 -51.3774 0.5
3 850.314 33.1423 74.3643 0.5
3 911.47 5.08251 -31.4749 0.5
3 761.45 185.025 -52.6372 0.5
3 903.043 162.371 -78.1658 0.5
3 741.8 77.1231 -97.3481 0.5
3 680.054 179.725 -60.3643 0.5
3 913.555 0.976713 13.9423 0.5
3 820.853 129.393 95.5828 0.5
3 942.989 84.264 -98.7541 0.5
3 826.144 171.945 69.4547 0.5
3 749.198 134.413 -93.8923 0.5
3 919.827 40.2157 -80.1613 0.5
3 736.484 150.178 86.4996 0.5
3 844.072 83.4824 -98.6264 0.5
3 881.683 0.71229 -11.9143 0.5
3 685.487 168.663 -72.7008 0.5
3 956.945 188.298 -46.9418 0.5
3 972.2 74.4381 96.6778 0.5
3 667.03 147.689 87.8961 0.5
3 717.734 168.602 72.7585 0.5
3 895.519 51.7845 87.6086 0.5
3 849.746 115.113 98.8513 0.5
3 861.741 83.672 98.658 0.5
3 744.931 99.1421 -99.9963 0.5
3 848.384 123.692 97.153 0.5
3 914.257 0.644078 11.3314 0.5
3 976.51 197.794 -20.889 0.5
3 856.277 199.996 0.928964 0.5
3 742.924 43.5784 -82.5627 0.5
3 742.36 182.066 -57.142 0.5
3 928.044 62.9607 -92.8875 0.5
3 891.56 98.6517 99.9909 0.5
3 758.166 158.267 -81.271 0.5
3 886.397 126.077 -96.54 0.5
3 746.151 163.588 -77.179 0.5
3 685.441 79.5311 97.8827 0.5
3 964.941 71.4575 95.8401 0.5
3 710.141 1.749 -18.621 0.5
3 889.47 149.426 -86.9317 0.5
3 821.534 152.193 -85.2991 0.5
3 822.746 77.2136 97.3693 0.5
3 701.681 4.71484 -30.3437 0.5
3 996.052 93.3069 99.7758 0.5
