0 20.6903 117.7 98.4211 0.5
0 42.6535 3.73378 -27.0705 0.5
0 60.2787 98.1625 99.9831 0.5
0 25.4403 89.3673 99.4331 0.5
0 104.481 9.30247 42.1184 0.5
0 6.63157 156.129 82.7617 0.5
0 40.759 143.283 -90.1474 0.5
0 84.8314 184.073 54.1452 0.5
0 74.3614 15.516 -53.502 0.5
0 64.3627 2.78966 23.4553 0.5
0 33.4332 0.586787 -10.8173 0.5
0 72.9194 45.0631 83.558 0.5
0 13.5578 178.814 -61.5497 0.5
0 40.1098 192.603 37.7454 0.5
0 52.4357 32.5408 73.8191 0.5
0 19.3537 0.455998 -9.53896 0.5
0 80.5173 71.9118 95.9742 0.5
0 36.5251 50.6247 -86.9602 0.5
0 88.4595 172.553 68.8191 0.5
0 96.7193 1.79413 18.8575 0.5
0 31.5253 128.326 95.9044 0.5
0 68.591 199.975 -2.22206 0.5
0 5.34873 179.348 60.8597 0.5
0 43.3708 31.5446 72.8962 0.5
0 60.5647 35.2521 76.2083 0.5
0 20.8237 111.163 99.375 0.5
0 51.9589 137.129 92.8517 0.5
0 101.141 196.671 25.5893 0.5
0 70.0461 177.113 63.6677 0.5
0 13.156 151.171 85.9156 0.5
0 54.9564 21.0484 61.3731 0.5
0 78.0018 93.6775 -99.7999 0.5
0 63.9675 50.0856 86.6519 0.5
0 0.88402 11.349 46.271 0.5
0 51.7872 57.7033 -90.6145 0.5
0 107.329 198.759 15.7079 0.5
0 12.3994 28.8972 70.3164 0.5
0 16.0542 51.7417 -87.585 0.5
0 33.1159 190.036 43.5137 0.5
0 14.8409 124.292 97.0047 0.5
0 40.3904 199.051 -13.7407 0.5
0 5.07227 148.207 -87.6133 0.5
0 96.7874 127.372 96.1809 0.5
0 22.1479 133.255 -94.3087 0.5
0 80.4866 156.644 -82.4106 0.5
0 81.818 104.72 99.8886 0.5
0 17.0358 15.9689 54.2104 0.5
0 33.4792 1.7173 18.453 0.5
0 109.021 173.845 67.4307 0.5
0 41.4336 35.5066 76.4239 0.5
0 32.1507 144.951 89.3275 0.5
0 4.46998 8.06488 -39.3438 0.5
0 47.5922 197.945 20.1663 0.5
0 31.0628 139.866 -91.7098 0.5
0 64.5265 135.015 93.6693 0.5
0 1.58236 35.0871 76.0679 0.5
0 70.4426 135.818 -93.3651 0.5
0 51.0961 198.52 -17.1393 0.5
0 49.1309 126.369 96.4608 0.5
0 93.3625 63.5002 93.1008 0.5
0 47.8461 186.796 49.6641 0.5
0 55.8927 158.508 -81.0975 0.5
0 101.471 31.5913 -72.94 0.5
0 39.1294 165.657 75.4263 0.5
0 85.0774 0.215218 -6.55724 0.5
0 26.9956 131.895 94.7772 0.5
0 47.6566 198.236 18.7024 0.5
0 72.4861 13.3504 -49.9185 0.5
0 91.4946 54.6441 89.1226 0.5
0 64.1074 72.4685 96.1354 0.5
0 25.7588 22.5702 63.2822 0.5
0 66.195 184.818 52.9712 0.5
0 16.9815 18.7534 58.3009 0.5
0 6.84121 109.271 -99.5693 0.5
0 62.5677 7.45436e-05 -0.122101 0.5
0 98.3515 158.433 81.1517 0.5
0 56.6501 74.5038 96.6951 0.5
0 97.8594 64.0493 -93.3142 0.5
0 37.4893 89.0276 -99.3962 0.5
0 88.3575 16.0457 -54.3294 0.5
0 55.2076 165.662 -75.4221 0.5
0 5.11374 46.3918 -84.4166 0.5
1 154.109 -68.8883 32.9553 0.5
1 138.251 142.778 -44.0305 0.5
1 152.409 116.839 -46.8079 0.5
1 165.836 88.1395 -55.8876 0.5
1 133.824 86.277 -96.6631 0.5
1 127.011 -19.6043 39.0399 0.5
1 140.833 -2.20947 -86.1768 0.5
1 131.738 80.0397 98.7492 0.5
1 127.45 20.4613 -85.8755 0.5
1 127.953 -1.47019 -69.0864 0.5
1 121.725 69.5138 -99.2649 0.5
1 160.579 76.7676 78.1042 0.5
1 144.154 -31.8984 -66.5193 0.5
1 151.956 43.2951 99.0094 0.5
1 112.374 41.6407 -82.7331 0.5
1 143.945 -56.676 -6.23694 0.5
1 153.741 112.278 50.8337 0.5
1 121.704 151.612 71.4541 0.5
1 124.634 -11.7547 -46.8775 0.5
1 140.57 -43.5749 -37.8713 0.5
1 121.989 170.394 45.1352 0.5
1 126.305 149.355 -65.3746 0.5
1 135.959 20.2487 93.0166 0.5
1 128.403 77.7905 99.7 0.5
1 115.591 58.5964 -94.1705 0.5
1 159.957 -54.1994 71.8084 0.5
1 146.431 11.6977 -96.2503 0.5
1 151.917 -68.6374 20.0984 0.5
1 152.767 70.4778 90.4595 0.5
1 163.982 -47.845 -82.6664 0.5
1 128.567 -23.8773 35.0843 0.5
1 121.64 148.251 74.6958 0.5
1 122.97 126.833 -88.0665 0.5
1 112.523 25.2307 -69.0597 0.5
1 135.942 53.2871 -99.9314 0.5
1 131.932 140.624 64.1796 0.5
1 157.495 102.383 -56.1869 0.5
1 151.448 -1.27791 94.9384 0.5
1 135.653 -0.62005 81.3818 0.5
1 132.765 -36.3884 -14.9107 0.5
1 152.869 107.429 60.3244 0.5
1 149.064 125.494 -40.9513 0.5
1 165.996 102.636 -21.3277 0.5
1 143.076 90.203 89.0143 0.5
1 138.64 16.9361 93.5315 0.5
1 159.109 -11.8234 95.7963 0.5
1 132.761 160.92 17.7129 0.5
1 132.999 -37.0025 13.4483 0.5
1 134.933 143.506 -53.0534 0.5
1 124.291 44.5482 -94.5286 0.5
1 156.565 95.6999 66.786 0.5
1 111.121 85.7474 -98.9815 0.5
1 114.659 -6.03319 4.73926 0.5
1 113.916 193.185 -19.6902 0.5
1 156.434 120.858 -11.298 0.5
1 133.91 -38.347 -15.0683 0.5
1 137.116 76.2113 97.7156 0.5
1 132.829 153.387 41.454 0.5
1 150.271 95.9505 77.0227 0.5
1 144.242 18.2098 96.9762 0.5
1 129.171 165.113 -26.6123 0.5
1 115.588 -3.6145 -28.4756 0.5
1 142.909 88.9589 -89.7833 0.5
1 145.343 108.458 -73.5534 0.5
1 142.036 119.088 -68.7158 0.5
1 164.961 55.0052 87.5753 0.5
1 155.435 -3.38912 -96.3925 0.5
1 127.793 41.8482 95.6242 0.5
1 112.639 191.417 -33.9424 0.5
1 112.954 -1.785 -16.7111 0.5
1 160.805 86.9774 68.2912 0.5
2 175.584 47.8227 -95.822 0.5
2 215.352 -9.39276 22.2476 0.5
2 172.329 -77.9292 -40.3191 0.5
2 187.118 -41.3246 59.2981 0.5
2 194.218 24.6179 96.3202 0.5
2 191.711 146.241 13.4692 0.5
2 215.562 158.457 -71.4218 0.5
2 182.791 11.1625 97.8676 0.5
2 193.336 -23.0832 68.2905 0.5
2 218.769 73.0468 97.776 0.5
2 178.36 66.5781 90.4959 0.5
2 210.813 149.717 71.9223 0.5
2 204.618 169.483 -2.28085 0.5
2 220.68 9.87377 -48.4926 0.5
2 175.263 17.4785 99.993 0.5
2 219.476 194.854 -8.82313 0.5
2 215.252 7.62792 -59.5986 0.5
2 192.554 88.7577 91.5884 0.5
2 216.485 -9.75006 -6.1002 0.5
2 182.938 -66.3173 -18.492 0.5
2 214.162 185.873 5.7741 0.5
2 187.667 -55.4875 -29.2162 0.5
2 186.401 -61.1446 -13.3813 0.5
2 176.69 18.0183 -99.9514 0.5
2 199.605 14.8481 -88.8032 0.5
2 184.813 130.454 -30.4555 0.5
2 202.025 -12.8254 62.7733 0.5
2 209.143 164.161 -49.6312 0.5
2 220.044 15.7524 59.3621 0.5
2 190.075 139.956 -29.2157 0.5
2 183.175 -30.4269 77.8253 0.5
2 193.207 142.116 38.3099 0.5
2 190.29 20.2735 -96.9728 0.5
2 173.345 -28.8058 -89.727 0.5
2 211.449 111.416 -95.3697 0.5
2 212.295 180.334 22.0958 0.5
2 208.5 122.575 88.6137 0.5
2 184.262 -52.9467 48.954 0.5
2 203.638 104.761 92.923 0.5
2 203.536 49.5451 98.3503 0.5
2 195.759 -41.0082 30.6931 0.5
2 169.392 106.75 -18.6025 0.5
2 218.919 189.392 30.8804 0.5
2 220.997 83.1783 -98.9136 0.5
2 177.704 83.3691 -79.6399 0.5
2 179.881 -8.09245 -93.766 0.5
2 193.051 90.1155 -91.3686 0.5
2 191 136 -43.4266 0.5
2 193.856 138.289 -48.5557 0.5
2 183.648 80.9416 -87.8613 0.5
2 176.519 63.449 90.4678 0.5
2 188.895 -40.111 56.6779 0.5
2 186.583 -6.39392 -89.4709 0.5
2 221.463 48.0608 -86.2396 0.5
2 167.64 -44.2924 86.7442 0.5
2 196.978 145.494 45.1666 0.5
2 188.639 133.496 39.9722 0.5
2 188.718 120.085 62.4326 0.5
2 175.882 -75.7937 29.5662 0.5
2 183.141 -60.6976 36.7372 0.5
2 190.748 133.812 -46.8853 0.5
2 181.245 79.3885 86.3922 0.5
2 179.939 -16.5653 -90.1256 0.5
2 190.173 -49.817 -33.264 0.5
2 214.605 74.5625 -99.2476 0.5
2 174.602 36.8912 -98.1058 0.5
2 203.147 87.5225 -97.8633 0.5
2 189.666 -39.5476 55.5398 0.5
2 186.647 100.003 78.7581 0.5
2 190.828 26.0662 -98.0689 0.5
2 172.704 92.9917 61.6184 0.5
2 208.601 6.15201 71.1625 0.5
2 187.13 109.423 -71.2134 0.5
2 176.958 -77.7201 -11.6339 0.5
2 176.791 -66.7815 -47.3273 0.5
2 187.812 -12.1721 85.0653 0.5
2 194.492 120.989 -72.3631 0.5
3 262.555 60.2609 91.765 0.5
3 296.48 133.78 -94.1219 0.5
3 231.698 6.99898 36.7534 0.5
3 232.782 135.355 93.5417 0.5
3 330.293 93.3763 -99.7804 0.5
3 313.506 181.899 57.3811 0.5
3 278.211 19.9827 59.977 0.5
3 258.628 139.345 91.9344 0.5
3 268.675 160.457 79.6555 0.5
3 279.766 139.472 91.8802 0.5
3 251.291 78.5617 97.675 0.5
3 252.779 186.124 -50.8191 0.5
3 293.262 25.8025 -67.0428 0.5
3 234.901 96.4271 -99.9362 0.5
3 308.335 129.161 -95.6537 0.5
3 250.78 2.58733 22.6003 0.5
3 291.714 5.41081 -32.4482 0.5
3 309.288 8.72901 40.8608 0.5
3 261.581 1.37966 16.5538 0.5
3 326.017 175.205 -65.9102 0.5
3 255.017 14.2538 -51.4547 0.5
3 326.916 118.428 98.2873 0.5
3 253.169 92.1045 -99.6878 0.5
3 320.89 15.3401 -53.2232 0.5
3 229.319 94.5586 99.8518 0.5
3 324.285 194.158 33.6793 0.5
3 304.973 89.857 99.4843 0.5
3 256.998 116.6 98.6126 0.5
3 223.396 190.926 -41.623 0.5
3 245.373 153.991 84.1721 0.5
3 310.928 23.9904 -64.9811 0.5
3 247.284 27.8378 69.2287 0.5
3 246.769 3.93706 27.7833 0.5
3 298.776 3.79568 27.2897 0.5
3 326.269 147.378 -88.0645 0.5
3 256.241 191.221 40.9714 0.5
3 256.413 177.933 -62.6609 0.5
3 311.761 65.7501 -93.9518 0.5
3 250.752 52.9143 88.2209 0.5
3 261.831 40.3508 80.2619 0.5
3 288.178 165.539 -75.5291 0.5
3 224.482 27.8043 -69.1938 0.5
3 328.984 155.867 -82.9392 0.5
3 296.964 197.871 20.5254 0.5
3 259.329 132.544 94.5564 0.5
3 306.829 104.156 99.9136 0.5
3 290.178 0.828697 12.8473 0.5
3 268.93 178.586 61.8406 0.5
3 247.681 54.0806 -88.8336 0.5
3 309.39 110.918 -99.4022 0.5
3 282.473 146.295 -88.6385 0.5
3 278.807 176.94 63.8766 0.5
3 298.617 9.91274 43.4084 0.5
3 317.318 134.642 -93.8079 0.5
3 280.52 55.4919 89.549 0.5
3 264.914 175.921 65.085 0.5
3 231.92 179.303 -60.9181 0.5
3 248.899 195.985 28.0521 0.5
3 266.631 161.94 78.5073 0.5
3 267.244 139.214 91.9905 0.5
3 269.071 120.85 97.8021 0.5
3 293.304 169.155 72.2329 0.5
3 323.56 199.867 5.15932 0.5
3 287.902 54.5273 -89.0631 0.5
3 275.759 82.8415 -98.5169 0.5
3 310.037 130.395 95.2689 0.5
3 271.594 61.3992 -92.2496 0.5
3 231.759 33.8348 -74.9811 0.5
3 284.292 3.26584 -25.3476 0.5
3 285.413 40.0425 -80.0319 0.5
3 241.558 47.4913 -85.1049 0.5
3 234.192 18.7946 58.3583 0.5
3 241.395 183.773 -54.608 0.5
3 291.73 199.397 10.9685 0.5
3 247.918 155.988 82.8572 0.5
3 229.044 40.1471 80.1101 0.5
3 236.049 138.288 92.3798 0.5
3 313.295 3.14129 -24.8675 0.5
3 329.739 99.1731 99.9966 0.5
3 255.028 197.561 21.9506 0.5
3 295.12 49.659 86.4047 0.5
3 230.589 8.83007 41.0858 0.5
3 255.117 173.261 68.0647 0.5
3 265.508 158.826 80.8674 0.5
3 237.808 196.124 -27.5712 0.5
3 247.622 1.43071 -16.8551 0.5
3 252.381 161.44 -78.8994 0.5
4 353.166 132.343 74.5111 0.5
4 366.891 -53.3296 30.5884 0.5
4 370.078 135.462 13.3424 0.5
4 341.609 111.496 96.6065 0.5
4 370.153 25.0572 99.3743 0.5
4 367.549 -46.8588 -48.2384 0.5
4 357.235 143.442 52.9339 0.5
4 366.463 -39.0397 57.724 0.5
4 348.553 156.91 -55.3701 0.5
4 363.556 -9.46002 82.0856 0.5
4 369.377 83.3946 88.8827 0.5
4 375.563 -3.47757 -95.2883 0.5
4 369.965 -49.0747 51.6538 0.5
4 367.295 -30.4845 69.7473 0.5
4 345.129 175.348 28.7504 0.5
4 384.898 104.476 -34.695 0.5
4 367.781 -34.3851 -66.4602 0.5
4 378.176 -76.9668 -11.8303 0.5
4 351.956 164.815 -24.0277 0.5
4 374.815 123.171 -31.168 0.5
4 339.715 176.098 -49.0376 0.5
4 367.795 -50.0877 -42.7579 0.5
4 333.602 99.7279 99.9998 0.5
4 356.015 -39.2567 -2.41941 0.5
4 346.506 22.8876 83.9755 0.5
4 383.808 -15.9778 -95.8367 0.5
4 369.05 136.775 -16.4487 0.5
4 340.316 146.535 81.0099 0.5
4 349.167 -23.2404 -28.6225 0.5
4 379.266 118.748 -18.3316 0.5
4 376.938 -0.895045 96.7283 0.5
4 347.531 88.1773 -99.1815 0.5
4 356.964 -23.6236 -56.2293 0.5
4 362.161 -20.3518 70.9994 0.5
4 334.657 2.92915 -31.8944 0.5
4 351.321 134.775 75.1882 0.5
4 344.524 94.4425 99.0398 0.5
4 378.898 116.096 31.1772 0.5
4 346.039 168.346 -42.8524 0.5
4 340.841 186.968 -2.38746 0.5
4 371.461 -44.4502 62.0611 0.5
4 358.8 154.413 17.1204 0.5
4 349.932 167.798 -26.0504 0.5
4 379.832 37.1563 -98.4222 0.5
4 364.548 -38.7254 53.2224 0.5
4 345.954 61.7902 -98.6543 0.5
4 379.669 27.1284 -99.7269 0.5
4 356.367 155.512 29.9542 0.5
4 386.328 37.3325 95.6658 0.5
4 336.794 69.6981 -97.0005 0.5
4 351.246 -29.5615 -17.0545 0.5
4 353.932 135.111 70.6322 0.5
4 335.404 16.4837 -60.0933 0.5
4 385.626 47.4585 -92.4853 0.5
4 373.2 32.9268 99.9804 0.5
4 368.052 45.8946 -99.8181 0.5
4 377.022 114.499 43.2372 0.5
4 366.733 130.359 47.1096 0.5
4 345.743 91.4455 -99.1593 0.5
4 355.636 160.985 8.77776 0.5
4 334.209 23.5375 -66.2047 0.5
4 383.737 101.631 45.726 0.5
4 361.078 150.178 18.7145 0.5
4 351.584 -26.441 31.7402 0.5
4 380.834 76.9161 80.6018 0.5
4 339.765 58.2836 -95.2105 0.5
4 347.985 -21.619 27.1562 0.5
4 381.309 100.855 -54.3329 0.5
4 345.939 77.5244 99.9979 0.5
4 361.158 62.7989 -99.3939 0.5
4 340.061 11.2098 63.6382 0.5
4 379.385 -79.2353 10.2643 0.5
4 374.421 -71.1529 1.59761 0.5
4 385.708 -2.86506 99.2593 0.5
4 340.518 53.0352 93.8527 0.5
4 360.969 148.575 -26.441 0.5
4 374.905 107.641 -60.4699 0.5
4 357.39 -38.9751 -23.0492 0.5
4 352.947 98.3828 -94.621 0.5
5 366.959 -127.908 34.9354 0.5
5 342.924 -2.54129 68.0265 0.5
5 350.149 -51.6974 -99.3217 0.5
5 361.001 -112.103 -73.7135 0.5
5 380.328 55.3837 74.7409 0.5
5 361.396 39.5 -55.2602 0.5
5 363.911 -132.245 -37.3641 0.5
5 342.846 8.56383 53.4168 0.5
5 343.537 -81.4762 -99.7753 0.5
5 386.919 64.292 -76.8966 0.5
5 340.733 -144.233 -76.3346 0.5
5 341.914 -1.20112 -64.5367 0.5
5 353.038 13.0845 -70.0087 0.5
5 333.518 -178.004 -51.2422 0.5
5 371.483 -96.13 71.652 0.5
5 386.956 -66.7482 74.0781 0.5
5 367.534 54.4206 48.1694 0.5
5 371.116 -40.8869 -99.0322 0.5
5 381.15 -109.629 0.143536 0.5
5 343.625 -174.622 0.735241 0.5
5 387.909 100.379 -18.3518 0.5
5 370.314 -79.93 85.6997 0.5
5 356.704 -45.9672 99.8196 0.5
5 371.634 -68.9828 90.3437 0.5
5 352.786 39.8897 16.3945 0.5
5 353.202 14.0897 69.2664 0.5
5 350.822 -78.02 -98.7342 0.5
5 337.976 -37.8841 88.5177 0.5
5 382.394 16.4434 -97.0975 0.5
5 363.665 -38.3115 -99.9872 0.5
5 351.242 -13.1515 -87.573 0.5
5 361.55 12.1818 83.0111 0.5
5 336.863 -117.778 94.9288 0.5
5 351.724 -114.12 -84.4698 0.5
5 362.602 49.0406 -41.9055 0.5
5 368.228 -118.823 49.6336 0.5
5 336.505 -144.83 81.5521 0.5
5 348.725 -165.727 3.57815 0.5
5 338.643 -1.20312 -57.1652 0.5
5 360.204 -142.314 26.5711 0.5
5 363.624 58.5641 16.9756 0.5
5 357.663 -101.64 -85.821 0.5
5 363.684 -77.1711 92.787 0.5
5 353.032 -155.213 24.7808 0.5
5 341.635 -101.876 -97.1256 0.5
5 342.733 -22.8295 -84.5862 0.5
5 356.909 25.0014 -64.2627 0.5
5 364.095 18.8948 -81.4165 0.5
5 353.706 -14.6381 -90.5071 0.5
5 368.986 61.3255 39.1359 0.5
5 381.877 55.3713 77.0529 0.5
5 338.155 -163.467 60.832 0.5
5 381.671 -101.098 38.309 0.5
5 366.555 -134.344 -10.6131 0.5
5 354.569 9.52514 75.8263 0.5
5 346.309 -160.373 -42.7584 0.5
5 345.814 -97.2701 -96.442 0.5
5 383.034 -11.0913 -99.8883 0.5
5 343.096 -168.671 -36.4243 0.5
5 348.483 -160.02 34.6353 0.5
5 371.34 -41.2768 98.9202 0.5
5 352.96 -157.416 -14.3774 0.5
5 333.35 4.99427 22.5913 0.5
5 383.527 94.1565 -8.12549 0.5
5 338.693 -143.027 80.1049 0.5
5 370.041 -51.5283 97.3994 0.5
5 352.45 -90.2591 95.0995 0.5
5 379.342 33.8527 -88.4718 0.5
5 340.12 -98.536 98.3958 0.5
5 359.451 -117.051 71.5726 0.5
5 334.889 5.1704 -31.447 0.5
5 386.302 -70.6609 -71.4574 0.5
5 355.439 -86.3821 -94.6673 0.5
5 337.447 7.33916 -37.594 0.5
5 386.582 77.0241 -63.5075 0.5
5 360.826 -133.788 45.6826 0.5
5 342.114 -147.498 71.162 0.5
5 343.748 -126.115 85.5965 0.5
5 357.728 -33.7825 98.6436 0.5
5 373.439 -110.827 47.7868 0.5
5 335.984 -162.874 -66.1276 0.5
6 339.066 -178.18 51.4823 0.5
6 346.854 4.9563 -22.6273 0.5
6 429.459 -172.754 59.5929 0.5
6 359.908 -36.6514 82.9849 0.5
6 336.802 -120.054 -96.1148 0.5
6 432.381 -131.734 91.9605 0.5
6 396.018 -114.516 -97.5352 0.5
6 352.931 -123.905 -94.9243 0.5
6 346.685 -124.558 -94.7052 0.5
6 367.503 -164.515 69.3301 0.5
6 333.753 -98.0291 -99.8443 0.5
6 398.342 -16.7623 65.3556 0.5
6 408.844 -152.599 -79.8884 0.5
6 397.208 -189.032 -25.9232 0.5
6 348.685 -97.5976 99.8674 0.5
6 411.332 -88.3282 -99.915 0.5
6 356.135 -135.422 -90.2965 0.5
6 395.54 -124.256 -94.8072 0.5
6 369.78 -16.9306 65.55 0.5
6 380.443 -146.049 -84.4222 0.5
6 429.096 -34.1058 -81.2154 0.5
6 410.307 -83.2255 99.5736 0.5
6 385.575 -65.4691 -96.2914 0.5
6 441.606 -129.694 92.8055 0.5
6 395.416 -189.389 24.551 0.5
6 336.796 -29.1681 -77.4299 0.5
6 426.445 -83.7667 -99.6223 0.5
6 417.01 -176.261 -54.5509 0.5
6 436.498 6.11404 -16.8853 0.5
6 441.441 -38.8212 84.4035 0.5
6 336.434 -25.1798 73.9913 0.5
6 401.944 3.12805 -29.4078 0.5
6 371.329 -182.274 -43.9506 0.5
6 382.152 -44.2301 -87.6061 0.5
6 425.736 -46.5036 88.8196 0.5
6 398.099 -185.488 -36.6604 0.5
6 367.969 -191.012 -16.8967 0.5
6 395.898 -192.112 -8.21346 0.5
6 418.953 -11.3634 -58.523 0.5
6 393.569 -184.368 -39.3847 0.5
6 408.229 6.2966 15.7826 0.5
6 406.771 -0.12392 -38.4172 0.5
6 344.168 -76.6255 -98.74 0.5
6 338.591 4.74112 -23.5344 0.5
6 421.87 -35.6453 -82.2995 0.5
6 405.004 -96.0249 -99.9361 0.5
6 353.173 -175.14 -56.2344 0.5
6 339.086 -13.293 61.1077 0.5
6 379.732 -119.218 96.3509 0.5
6 345.144 -173.888 -58.0334 0.5
6 434.142 -62.7051 95.4738 0.5
6 339.536 1.02398 -35.5331 0.5
6 338.318 -130.109 92.638 0.5
6 437.522 -188.959 26.1939 0.5
6 403.691 -192.283 5.78226 0.5
6 392.444 -105.825 -99.1015 0.5
6 423.932 -155.089 -77.9509 0.5
6 364.012 -66.6386 96.6114 0.5
6 360.259 -84.9522 99.7185 0.5
6 392.37 -163.16 70.7109 0.5
6 342.781 -185.8 -35.8588 0.5
6 372.438 -27.45 -75.9934 0.5
6 394.496 -149.807 -81.9159 0.5
6 366.692 -64.6826 96.0675 0.5
6 349.193 -22.0749 71.0446 0.5
6 420.497 -33.5615 -80.8216 0.5
6 423.453 -142.042 86.8367 0.5
6 398.029 -148.315 -82.9403 0.5
6 439.868 -83.5539 99.6035 0.5
6 406.937 -96.1727 99.9307 0.5
6 336.51 -45.5121 -88.2996 0.5
6 428.524 -102.493 -99.4945 0.5
6 340.056 -191.163 -15.9916 0.5
6 432.902 -6.58628 -51.2582 0.5
6 338.157 -98.9773 99.7868 0.5
6 356.751 -182.118 -44.2689 0.5
6 419.024 -116.944 96.9538 0.5
6 396.836 -168.98 64.3671 0.5
6 423.48 5.4213 20.523 0.5
6 403.774 -8.9905 55.0863 0.5
6 418.235 -183.411 41.5474 0.5
6 353.581 -192.071 -8.6954 0.5
6 352.769 -88.3357 -99.9153 0.5
6 339.385 -72.6302 -98.0162 0.5
6 377.761 -45.7252 88.4126 0.5
7 460.262 -129.486 -99.5343 0.5
7 451.783 -102.658 -99.9687 0.5
7 480.279 -175.21 97.8357 0.5
7 455.95 -191.867 -60.6764 0.5
7 492.583 -117.968 81.5609 0.5
7 450.211 -150.455 -87.7178 0.5
7 457.736 -124.392 -99.6014 0.5
7 460.955 -211.629 -42.3674 0.5
7 492.109 -274.642 8.53995 0.5
7 482.264 -115.432 90.5086 0.5
7 499.044 -175.917 99.3817 0.5
7 461.222 -181.055 -80.3392 0.5
7 464.641 -202.797 65.7265 0.5
7 480.708 -126.627 95.8131 0.5
7 451.874 -204.989 8.12116 0.5
7 465.54 -228.554 -9.31886 0.5
7 493.167 -78.6097 -18.7285 0.5
7 487.256 -140.885 -96.6368 0.5
7 484.967 -81.8218 58.896 0.5
7 491.693 -128.148 -88.7198 0.5
7 469.634 -235.951 5.05069 0.5
7 498.499 -268.411 -56.7533 0.5
7 455.749 -12.3366 -7.81721 0.5
7 469.314 -66.2363 72.1039 0.5
7 473.549 -111.748 -95.0369 0.5
7 452.821 -162.351 83.256 0.5
7 473.925 -168.336 96.8697 0.5
7 461.837 -189.508 -74.2967 0.5
7 474.051 -240.932 23.4858 0.5
7 497.702 -100.483 -53.929 0.5
7 446.75 -72.6675 -97.1325 0.5
7 450.233 -3.28595 12.6979 0.5
7 455.698 -69.6438 90.6135 0.5
7 493.7 -262.896 52.4647 0.5
7 489.726 -109.551 78.9859 0.5
7 496.098 -109.541 -69.0052 0.5
7 456.574 -28.9765 53.5031 0.5
7 463.424 -83.7034 90.927 0.5
7 499.347 -287.449 -4.33491 0.5
7 492.284 -238.069 77.8544 0.5
7 478.079 -124.652 96.5459 0.5
7 457.942 -135.364 -98.0732 0.5
7 445.922 -184.79 -44.0364 0.5
7 469.561 -235.897 -3.35178 0.5
7 499.437 -252.824 -75.8866 0.5
7 482.22 -243.314 51.971 0.5
7 471.995 -162.907 97.3806 0.5
7 492.502 -253.471 62.8481 0.5
7 477.405 -82.5812 -74.2735 0.5
7 487.006 -227.833 -78.7246 0.5
7 473.885 -239.879 26.4596 0.5
7 490.887 -128.772 89.7416 0.5
7 478.565 -170.779 -98.1335 0.5
7 481.24 -63.9997 -38.761 0.5
7 480.502 -142.968 99.285 0.5
7 450.232 -142.483 91.6477 0.5
7 496.271 -120.547 -78.7194 0.5
7 447.275 -12.7736 -53.3521 0.5
7 489.557 -270.422 5.7558 0.5
7 480.126 -236.457 56.9415 0.5
7 444.491 -105.42 -99.1659 0.5
7 477.504 -88.0516 -78.7279 0.5
7 499.183 -285.901 16.434 0.5
7 472.156 -179.295 -92.1464 0.5
7 453.572 -42.4141 75.2628 0.5
7 465.075 -142.297 -98.999 0.5
7 480.603 -109.236 -88.8732 0.5
7 480.432 -162.528 99.6996 0.5
7 466.458 -83.5272 -88.2391 0.5
7 470.165 -43.4046 35.2114 0.5
7 458.076 -215.155 -13.4344 0.5
7 499.803 -232.631 -89.6536 0.5
7 489.393 -266.029 28.9234 0.5
7 472.716 -93.4115 87.7235 0.5
7 494.445 -162.064 98.5462 0.5
7 462.128 -44.2828 61.5721 0.5
7 467.797 -98.4748 93.8885 0.5
8 549.486 -58.9377 89.7879 0.5
8 535.217 -222.003 -33.2053 0.5
8 522.783 -51.203 -19.8438 0.5
8 531.544 -140.018 -99.8211 0.5
8 515.831 -76.4976 -53.0667 0.5
8 513.234 -142.515 97.2622 0.5
8 508.479 -257.138 -55.5543 0.5
8 533.237 -34.4754 -25.7375 0.5
8 543.105 -20.4348 -35.2534 0.5
8 545.942 -208.899 -6.36307 0.5
8 537.492 -41.1623 -56.403 0.5
8 551.826 -90.2559 99.6248 0.5
8 515.179 -262.274 4.70505 0.5
8 523.946 -214.513 -73.9529 0.5
8 517.625 -71.0681 -49.1651 0.5
8 503.361 -282.786 3.7025 0.5
8 500.949 -112.721 66.9184 0.5
8 555.002 -191.332 20.2746 0.5
8 549.303 -125.604 97.4763 0.5
8 538.636 -28.0538 -34.9293 0.5
8 542.315 -115.931 -99.9985 0.5
8 550.624 -95.0743 -99.8247 0.5
8 552.127 -190.156 39.7312 0.5
8 505.616 -193.187 -98.9811 0.5
8 526.424 -147.374 -99.9002 0.5
8 510.793 -179.265 99.5681 0.5
8 550.954 -188.615 47.1334 0.5
8 539.445 -220.256 -4.42898 0.5
8 514.099 -207.702 90.0689 0.5
8 550.208 -200.98 12.0823 0.5
8 506.381 -93.6519 -54.3029 0.5
8 535.514 -48.1373 -61.277 0.5
8 525.256 -163.026 98.3489 0.5
8 504.721 -259.73 61.0115 0.5
8 509.643 -117.348 -83.7624 0.5
8 524.709 -87.6297 -81.2845 0.5
8 537.374 -191.844 73.4122 0.5
8 527.738 -149.172 -99.6346 0.5
8 545.128 -149.833 91.9444 0.5
8 507.775 -234.457 -80.5581 0.5
8 516.722 -76.7499 55.832 0.5
8 531.859 -77.4325 82.8081 0.5
8 523.116 -240.648 -39.1655 0.5
8 532.268 -38.1066 32.1846 0.5
8 505.523 -279.109 0.170069 0.5
8 540.418 -217.018 18.1007 0.5
8 531.606 -50.2079 -54.6836 0.5
8 519.839 -64.2933 -43.5466 0.5
8 500.203 -268.388 59.9128 0.5
8 520.612 -194.433 91.0009 0.5
8 532.84 -229.266 -22.3475 0.5
8 516.598 -175.432 -98.7907 0.5
8 518.859 -59.6283 26.6534 0.5
8 511.062 -98.5135 -70.4187 0.5
8 542.956 -210.83 -26.0127 0.5
8 537.92 -130.028 -99.7525 0.5
8 513.039 -149.957 -98.69 0.5
8 516.444 -197.27 92.8728 0.5
8 547.544 -43.0417 -77.4281 0.5
8 523.42 -248.096 -1.69866 0.5
8 513.795 -263.485 -16.0464 0.5
8 527.638 -43.3728 22.5132 0.5
8 537.508 -149.924 -96.5031 0.5
8 528.113 -52.5989 48.6225 0.5
8 526.278 -127.157 98.7114 0.5
8 521.069 -251.909 -7.38676 0.5
8 500.387 -218.118 -95.3585 0.5
8 551.348 -52.006 -87.8734 0.5
8 555.448 -142.226 -86.8378 0.5
8 532.055 -34.5277 16.521 0.5
8 537.018 -84.5969 -91.6686 0.5
8 512.084 -266.477 -15.8703 0.5
8 518.886 -254.825 15.0552 0.5
8 524.344 -236.829 -42.9246 0.5
8 503.368 -106.054 64.0607 0.5
8 500.93 -222.369 -93.5601 0.5
8 535.101 -203.121 -65.8672 0.5
8 550.482 -150.44 -87.0584 0.5
8 524.148 -96.119 86.177 0.5
8 550.908 -29.577 70.4974 0.5
8 538.307 -170.566 -87.5954 0.5
8 504.888 -277.131 24.6218 0.5
8 533.611 -116.575 99.0313 0.5
8 543.427 -192.619 -61.1007 0.5
8 522.543 -52.8024 -24.9882 0.5
8 531.977 -224.567 -40.8471 0.5
8 550.778 -62.6298 92.4595 0.5
8 532.095 -229.614 -26.1159 0.5
9 651.515 7.54735 0.715139 0.5
9 564.029 -3.36286 45.4254 0.5
9 604.344 -15.8807 -64.3205 0.5
9 590.488 -84.179 -99.6574 0.5
9 564.305 -3.6899 -46.0611 0.5
9 601.951 -43.0273 86.9332 0.5
9 643.76 0.33902 37.2851 0.5
9 586.674 7.46998 -3.99737 0.5
9 653.646 -4.96843 -48.4454 0.5
9 630.731 -105.432 -99.1537 0.5
9 562.165 -102.825 99.4604 0.5
9 603.092 -58.6796 94.1252 0.5
9 592.022 -190.346 20.4058 0.5
9 580.706 6.40325 -15.1002 0.5
9 567.523 5.02001 -22.3513 0.5
9 558.303 -146.39 -84.2047 0.5
9 564.07 -14.1108 -62.1526 0.5
9 561.211 -68.0843 -96.9861 0.5
9 653.999 -155.205 -77.8573 0.5
9 632.279 -35.8325 82.4284 0.5
9 556.058 -147.609 -83.4113 0.5
9 656.882 -3.62494 -45.9357 0.5
9 649.593 -89.3332 99.9514 0.5
9 636.65 -34.961 -81.823 0.5
9 598.413 -142.032 -86.8427 0.5
9 624.114 -163.654 -70.2136 0.5
9 644.018 -24.4984 -73.366 0.5
9 591.871 -85.7254 99.7736 0.5
9 658.947 -15.035 -63.3001 0.5
9 555.769 -0.075657 -38.301 0.5
9 561.926 -163.331 -70.5401 0.5
9 582.207 -39.7364 84.978 0.5
9 641.562 -104.361 -99.2881 0.5
9 607.359 -67.2479 -96.7721 0.5
9 604.156 -172.515 -59.9136 0.5
9 617.981 -191.742 -11.8781 0.5
9 636.498 -72.2814 97.945 0.5
9 573.381 7.51175 -2.76245 0.5
9 641.065 -117.143 96.9034 0.5
9 575.8 -127.685 -93.5867 0.5
9 606.589 -144.582 -85.336 0.5
9 563.538 -177.739 -52.2092 0.5
9 563.975 7.21449 -8.18359 0.5
9 598.285 -57.1798 -93.5735 0.5
9 564.519 -140.503 -87.698 0.5
9 576.188 -115.672 -97.2664 0.5
9 661.288 -190.857 -17.7775 0.5
9 616.478 -58.8742 94.1948 0.5
9 600.673 -45.8698 88.4888 0.5
9 654.718 -23.4646 -72.3947 0.5
9 619.786 -38.9098 -84.4597 0.5
9 555.777 -108.19 -98.7535 0.5
9 640.955 -41.2617 -85.9055 0.5
9 632.511 -192.439 1.47702 0.5
9 652.569 -51.0116 91.0102 0.5
9 598.035 -187.721 -30.3892 0.5
9 614.566 -52.8992 -91.8462 0.5
9 593.996 -163.542 -70.3276 0.5
9 591.154 -183.501 41.3487 0.5
9 591.358 -104.05 -99.325 0.5
9 627.036 -128.172 -93.402 0.5
9 623.686 -59.9661 94.5769 0.5
9 589.196 6.74836 12.636 0.5
9 660.23 4.04929 -26.2273 0.5
9 614.616 -164.384 69.4655 0.5
9 642.2 -192.449 -0.561166 0.5
9 660.435 -181.506 45.4864 0.5
9 661.683 -159.217 -74.446 0.5
9 612.24 -191.821 11.198 0.5
9 656.436 -171.149 -61.6967 0.5
9 665.16 -24.1622 73.0532 0.5
9 568.776 -7.52682 -52.8019 0.5
9 565.797 -190.614 19.0723 0.5
9 557.86 -22.1634 -71.1321 0.5
10 649.281 -124.348 78.452 0.5
10 615.833 -86.6203 -56.9254 0.5
10 644.343 -57.902 -99.9152 0.5
10 627.301 0.861234 -96.7916 0.5
10 630.761 -43.6149 99.1042 0.5
10 625.438 61.474 -56.4939 0.5
10 663.114 10.6519 -24.5175 0.5
10 649.258 -107.131 -89.3862 0.5
10 652.763 3.18821 -69.8549 0.5
10 646.149 -149.551 -37.6567 0.5
10 661.84 -174.955 -41.7539 0.5
10 613.653 -41.2371 -91.3835 0.5
10 650.595 -125.642 79.218 0.5
10 660.001 5.40044 -50.5113 0.5
10 631.987 32.7612 -75.8697 0.5
10 662.782 -39.8711 -88.8689 0.5
10 664.411 1.86136 -42.7453 0.5
10 665.501 -182.072 40.0245 0.5
10 630.864 21.5102 85.4481 0.5
10 637.458 -46.4993 -99.8923 0.5
10 620.199 -97.4786 51.8406 0.5
10 652.766 -165.897 -22.1165 0.5
10 639.571 -72.7307 96.2262 0.5
10 652.643 -75.0147 99.7648 0.5
10 615.937 -103.674 -13.4587 0.5
10 616.208 -98.1746 -36.4452 0.5
10 660.113 -128.31 88.1538 0.5
10 649.945 -142.638 -61.1154 0.5
10 635.654 48.9733 -48.0352 0.5
10 616.77 -81.9783 65.048 0.5
10 612.524 -85.8454 -48.9983 0.5
10 645.398 44.1404 -7.0289 0.5
10 628.392 -76.1117 -86.6286 0.5
10 658.502 -84.8884 -99.7832 0.5
10 651.904 -147.341 59.3811 0.5
10 619.879 -27.0078 -98.7762 0.5
10 626.601 -76.271 84.6636 0.5
10 624.097 46.1793 76.0815 0.5
10 629.025 -2.99893 -97.0143 0.5
10 619.709 -32.6113 -97.6628 0.5
10 661.624 -5.54949 62.3705 0.5
10 631.144 -62.9764 94.724 0.5
10 630.44 -33.8726 -99.913 0.5
10 622.475 -112.688 -25.1736 0.5
10 626.336 -45.3186 -97.384 0.5
10 666.457 -8.56885 -54.998 0.5
10 658.942 -67.5743 99.3369 0.5
10 650.58 6.59816 70.2334 0.5
10 660.812 -108.669 -96.4634 0.5
10 645.506 43.1928 14.1631 0.5
10 619.422 87.253 -20.5165 0.5
10 645.772 20.5517 64.0322 0.5
10 634.688 1.55049 92.2447 0.5
10 646.827 36.5187 32.3997 0.5
10 612.747 -87.0285 47.5543 0.5
10 633.468 26.8322 78.6327 0.5
10 622.792 -24.6616 99.6628 0.5
10 665.131 -179.597 43.9854 0.5
10 645.207 -55.8898 99.9981 0.5
10 663.935 -153.521 -75.2996 0.5
10 611.183 50.5108 -88.3408 0.5
10 665.969 -160.092 -72.5226 0.5
10 637.295 43.2003 -53.0354 0.5
10 615.804 -20.6134 -98.6691 0.5
10 652.487 -108.673 -91.3058 0.5
10 659.518 19.334 10.9166 0.5
10 624.745 27.9272 -87.8536 0.5
10 644.671 -100.434 -88.7497 0.5
10 645.074 -67.1865 -99.2608 0.5
10 654.047 -68.3012 99.9738 0.5
10 616.87 25.3342 -94.8979 0.5
10 629.993 70.6454 -9.21294 0.5
10 662.402 -98.4165 99.1045 0.5
10 655.651 -162.385 -45.5698 0.5
10 636.809 -128.66 -47.634 0.5
10 640.202 -63.2155 -98.612 0.5
10 661.587 -103.004 -98.1096 0.5
11 647.636 59.0484 -99.6803 0.5
11 638.503 96.132 -89.3469 0.5
11 652.231 0.774906 -67.0153 0.5
11 637.213 -49.4163 -17.8067 0.5
11 638.527 111.968 -79.4642 0.5
11 613.925 87.6609 61.2944 0.5
11 661.354 124.715 94.0724 0.5
11 641.788 152.473 -29.4528 0.5
11 656.417 155.831 67.715 0.5
11 661.757 191.49 1.2138 0.5
11 646.23 91.3483 96.3569 0.5
11 665.934 136.752 92.4901 0.5
11 623.528 112.684 48.5886 0.5
11 611.23 103.969 -1.55976 0.5
11 662.168 191.297 -13.4671 0.5
11 615.379 85.6511 66.7244 0.5
11 647.749 -13.0412 59.6329 0.5
11 642.292 148.249 -42.6115 0.5
11 617.768 112.926 21.6842 0.5
11 622.092 66.3056 -90.0373 0.5
11 659.212 153.911 -74.3953 0.5
11 664.839 59.7549 92.8717 0.5
11 658.585 18.7516 74.0094 0.5
11 647.551 160.685 -34.6796 0.5
11 635.558 -13.3743 80.3785 0.5
11 653.132 176.025 -10.3087 0.5
11 663.184 1.44895 -37.9513 0.5
11 639.859 142.474 45.7788 0.5
11 615.667 -0.729528 99.2288 0.5
11 649 27.5132 90.8042 0.5
11 657.133 41.2814 -90.6568 0.5
11 617.193 74.138 -80.1286 0.5
11 662.184 152.021 -80.1602 0.5
11 616.233 87.0466 66.8171 0.5
11 635.628 98.7512 -85.1032 0.5
11 656.577 4.53022 -62.5846 0.5
11 617.957 101.363 51.4794 0.5
11 636.788 6.04988 -90.6599 0.5
11 634.912 42.8233 -99.9763 0.5
11 627.203 18.9913 -99.196 0.5
11 640.713 1.59097 84.5128 0.5
11 653.043 35.6668 -91.3264 0.5
11 660.789 183.018 36.2519 0.5
11 666.649 11.1576 -45.9615 0.5
11 644.458 91.6077 -95.3704 0.5
11 635.865 104.78 81.3694 0.5
11 650.506 -8.43434 59.405 0.5
11 658.796 185.064 16.0904 0.5
11 657.567 183.161 14.6495 0.5
11 647.77 -0.160276 73.8462 0.5
11 629.803 112.652 -64.4011 0.5
11 652.955 170.089 -34.5613 0.5
11 662.616 43.6821 87.0018 0.5
11 651.278 -5.80944 61.1108 0.5
11 631.149 -55.2772 -34.7746 0.5
11 653.641 52.733 -96.8998 0.5
11 661.643 101.109 -99.5177 0.5
11 613.207 -51.7755 80.6084 0.5
11 617.168 113.865 8.93453 0.5
11 632.954 -24.8414 74.7286 0.5
11 661.622 22.4619 72.5708 0.5
11 623.537 -60.6765 51.0734 0.5
11 644.849 -10.4092 -68.7491 0.5
11 665.966 196.562 -20.9784 0.5
11 658.534 184.18 -18.5438 0.5
11 643.884 110.513 -86.6174 0.5
11 665.198 189.637 -38.7649 0.5
11 639.958 1.77308 -85.4377 0.5
11 639.248 152.321 -6.13821 0.5
11 625.001 -72.0809 -4.14955 0.5
11 636.078 103.657 82.4141 0.5
11 628.766 42.9818 99.6272 0.5
11 663.899 129.609 -93.8961 0.5
11 655.312 -10.5681 -41.6774 0.5
11 647.166 -11.9476 62.3638 0.5
11 638.374 70.3865 98.102 0.5
11 664.015 59.1917 93.2119 0.5
11 646.121 18.2259 88.694 0.5
12 751.087 125.893 96.5896 0.5
12 699.099 1.66307 18.1617 0.5
12 701.682 171.949 69.4501 0.5
12 688.044 97.2879 -99.9632 0.5
12 687.199 83.615 98.6485 0.5
12 704.911 123.512 97.1968 0.5
12 673.081 11.2126 -46.0086 0.5
12 741.684 10.6371 44.8807 0.5
12 667.932 196.825 24.9985 0.5
12 758.271 25.1207 66.2804 0.5
12 730.39 15.9956 54.2519 0.5
12 676.359 197.417 -22.583 0.5
12 767.916 167.176 -74.0769 0.5
12 686.302 40.5802 -80.4319 0.5
12 722.851 166.763 -74.449 0.5
12 764.203 27.5774 68.9563 0.5
12 710.673 154.662 83.7378 0.5
12 737.914 116.62 98.6091 0.5
12 763.438 0.782688 12.487 0.5
12 767.184 99.203 -99.9968 0.5
12 693.291 12.9304 49.1821 0.5
12 753.152 79.8827 -97.9556 0.5
12 739.807 176.921 -63.9 0.5
12 725.782 0.934107 -13.6363 0.5
12 736.55 1.27869 15.9406 0.5
12 707.542 3.27076 25.3664 0.5
12 693.719 132.904 -94.4318 0.5
12 667.076 106.078 99.8151 0.5
12 702.995 81.5079 -98.2753 0.5
12 763.26 104.046 99.9181 0.5
12 666.68 17.5217 56.5449 0.5
12 689.819 186.43 -50.2985 0.5
12 733.902 53.552 -88.5584 0.5
12 766.104 86.87 99.1343 0.5
12 703.561 98.2007 99.9838 0.5
12 687.521 155.885 82.9269 0.5
12 728.931 93.0977 99.7615 0.5
12 754.196 191.863 -39.5117 0.5
12 709.145 51.3234 -87.3532 0.5
12 742.524 195.285 30.3433 0.5
12 742.135 191.7 39.8898 0.5
12 754.338 9.08346 -41.6435 0.5
12 752.602 1.99162 -19.8584 0.5
12 761.922 17.9061 -57.1015 0.5
12 682.121 199.61 -8.82686 0.5
12 716.355 192.499 -37.9983 0.5
12 681.644 198.922 14.6447 0.5
12 773.026 81.7745 98.3251 0.5
12 714.727 80.2486 98.03 0.5
12 767.661 87.3538 99.1972 0.5
12 774.309 199.694 -7.81678 0.5
12 731.827 127.196 96.2309 0.5
12 743.778 131.872 -94.7849 0.5
12 761.355 44.5563 83.2226 0.5
12 773.159 50.0713 -86.6437 0.5
12 683.669 178.302 -62.1992 0.5
12 748.452 0.929229 13.6008 0.5
12 753.616 179.555 -60.5882 0.5
12 737.724 199.947 3.26673 0.5
12 761.556 173.915 67.3541 0.5
12 753.925 36.7027 77.4174 0.5
12 744.122 76.4332 -97.1834 0.5
12 728.223 111.8 -99.3014 0.5
12 700.083 135.148 -93.6195 0.5
12 693.211 36.7587 77.4631 0.5
12 706.508 11.5153 46.5882 0.5
12 671.589 128.214 95.9374 0.5
12 729.115 192.588 37.7812 0.5
12 700.294 149.375 86.9604 0.5
12 670.4 0.796196 -12.5939 0.5
12 776.402 131.165 95.0198 0.5
12 685.489 25.6662 -66.8916 0.5
13 783.99 28.919 -79.7586 0.5
13 821.059 -65.5919 -42.2721 0.5
13 781.758 114.539 97.6762 0.5
13 830.031 -69.0387 61.9072 0.5
13 810.961 0.501412 -90.7415 0.5
13 795.795 146.857 -62.4975 0.5
13 796.758 131.804 -76.2666 0.5
13 827.213 60.6605 -88.6434 0.5
13 822.051 12.0124 99.359 0.5
13 824.222 112.133 37.8098 0.5
13 807.201 147.183 19.175 0.5
13 807.829 127.667 60.3762 0.5
13 787.39 -16.043 -10.9954 0.5
13 813.281 118.579 59.9041 0.5
13 825.386 15.8926 -99.9864 0.5
13 779.47 2.74311 -33.2038 0.5
13 788.511 92.9772 99.3287 0.5
13 798.843 110.448 88.3013 0.5
13 821.604 122.714 -16.5294 0.5
13 830.706 -27.5777 93.3323 0.5
13 818.817 88.6842 80.1751 0.5
13 801.395 116.829 81.6491 0.5
13 831.271 -92.2726 -8.7152 0.5
13 807.365 130.591 57.4677 0.5
13 777.816 199.83 -4.55776 0.5
13 821.223 -71.7539 26.208 0.5
13 799.817 63.5937 99.9844 0.5
13 827.907 -86.7774 3.1551 0.5
13 789.8 -8.54444 48.0092 0.5
13 815.421 -22.9809 -81.6176 0.5
13 823.302 -10.1696 -94.9687 0.5
13 781.845 -6.85753 -6.12051 0.5
13 779.641 19.7997 63.8363 0.5
13 814.088 -8.09107 89.2016 0.5
13 790.796 -14.2947 39.78 0.5
13 801.125 79.6234 -97.9669 0.5
13 822.31 91.5765 -72.6583 0.5
13 809.402 112.036 74.4058 0.5
13 789.393 120.832 -91.2308 0.5
13 793.816 172.065 5.58825 0.5
13 817.037 -52.5538 53.3894 0.5
13 795.988 53.738 98.9105 0.5
13 802.044 77.7313 98.0278 0.5
13 792.964 23.3371 -86.3934 0.5
13 808 147.044 11.033 0.5
13 812.331 86.4769 -88.6229 0.5
13 822.758 -36.7887 -80.8272 0.5
13 786.232 -13.3121 -16.2591 0.5
13 778.799 86.2306 99.2773 0.5
13 784.012 36.9714 85.2753 0.5
13 787.79 124.848 -90.6643 0.5
13 804.075 137.181 56.1769 0.5
13 778.058 127.139 -96.109 0.5
13 786.225 88.2276 -99.9591 0.5
13 822.621 114.622 38.4971 0.5
13 805.005 88.5374 93.412 0.5
13 811.015 65.614 -97.2759 0.5
13 812.139 -59.0032 10.1017 0.5
13 830.723 -8.56457 98.5682 0.5
13 813.671 67.9474 95.3574 0.5
13 778.201 97.4735 99.9839 0.5
13 832.255 75.1368 71.9075 0.5
13 793.2 67.2918 99.8201 0.5
13 797.144 82.0906 98.7703 0.5
13 790.113 -2.88698 -57.9154 0.5
13 804.519 -44.3374 -19.8022 0.5
13 798.746 162.573 -14.8486 0.5
13 779.866 46.963 -86.9347 0.5
13 815.618 -30.2519 -76.2404 0.5
13 831.13 105.691 19.3999 0.5
13 808.082 -33.6814 -58.3749 0.5
13 826.298 -78.1825 33.7197 0.5
13 804.73 123.558 -71.1774 0.5
13 808.614 132.388 51.3689 0.5
13 810.487 -3.95503 -88.1058 0.5
13 783.837 156.289 74.4297 0.5
13 817.479 -45.4086 64.2305 0.5
13 815.168 10.1629 -96.805 0.5
14 834.594 -64.8098 70.6532 0.5
14 835.037 22.5148 98.7456 0.5
14 859.774 -24.5089 -67.172 0.5
14 881.58 183.927 -25.9037 0.5
14 857.123 87.7675 -90.3836 0.5
14 874.986 43.7696 -94.6907 0.5
14 886.32 170.576 66.1155 0.5
14 885.478 -5.00541 -13.4041 0.5
14 834.839 -89.6863 -27.7604 0.5
14 839.243 3.71871 -99.469 0.5
14 857.708 123.919 -62.6708 0.5
14 863.742 125.088 72.7182 0.5
14 858.735 8.46197 -91.9495 0.5
14 836.605 109.441 -0.255871 0.5
14 883.899 46.6912 -89.4702 0.5
14 864.41 153.376 28.7598 0.5
14 868.659 17.1146 87.8106 0.5
14 858.947 -48.0754 27.2514 0.5
14 835.621 95.5872 47.7744 0.5
14 842.414 112.931 -35.6537 0.5
14 853.406 125.46 49.4487 0.5
14 873.145 -24.5028 23.3598 0.5
14 886.602 3.57826 -38.0914 0.5
14 887.076 85.5939 99.3633 0.5
14 883.891 6.04303 52.191 0.5
14 879.897 122.793 92.3471 0.5
14 858.514 -1.20727 -87.3983 0.5
14 871.707 -27.7693 -19.8554 0.5
14 855.94 124.737 57.5135 0.5
14 858.652 72.4472 -96.871 0.5
14 865.411 -31.5818 -41.6429 0.5
14 880.875 117.007 -95.1103 0.5
14 887.02 37.6359 80.6468 0.5
14 887.821 19.7092 62.0236 0.5
14 850.854 61.8528 -96.0782 0.5
14 868.783 -34.0693 12.2677 0.5
14 880.034 68.6341 98.7072 0.5
14 852.799 74.3929 -92.9422 0.5
14 861.618 82.9071 -95.3492 0.5
14 854.686 14.9546 -96.6132 0.5
14 858.504 -22.4491 -71.5901 0.5
14 863.838 15.8269 91.3055 0.5
14 842.183 100.333 -58.3249 0.5
14 839.002 -45.0199 -81.0213 0.5
14 860.327 -45.5137 27.8531 0.5
14 862.892 127.706 -68.6275 0.5
14 882.617 30.3033 80.8613 0.5
14 861.434 35.7345 98.5938 0.5
14 874.243 155.409 58.9515 0.5
14 880.607 21.3412 -76.5742 0.5
14 864.327 50.42 99.7521 0.5
14 887.925 60.9201 92.7385 0.5
14 881.042 -9.76633 -27.3895 0.5
14 849.041 -62.8332 -34.6258 0.5
14 859.195 94.3302 88.9149 0.5
14 851.509 62.6171 96.184 0.5
14 845.168 14.2685 99.4982 0.5
14 869.526 114.56 87.6728 0.5
14 863.431 -7.6288 77.223 0.5
14 839.066 101.746 47.4194 0.5
14 855.617 83.7997 91.0147 0.5
14 881.539 -7.42897 32.1261 0.5
14 866.542 137.105 -65.2129 0.5
14 850.647 117.45 -54.7406 0.5
14 871.885 14.0353 -82.5003 0.5
14 866.423 -15.869 63.8573 0.5
14 838.904 85.3785 -69.4435 0.5
14 843.698 101.846 59.8417 0.5
14 888.436 143.957 89.4327 0.5
14 849.261 -9.08142 -91.4565 0.5
14 866.273 154.065 -36.1506 0.5
14 836.661 -21.7213 94.9885 0.5
14 870.841 153.504 53.0573 0.5
14 871.961 127.062 82.59 0.5
15 953.241 0.186406 -6.10298 0.5
15 924.661 104.095 99.9161 0.5
15 915.268 134.708 -93.7836 0.5
15 918.143 193.125 -36.4381 0.5
15 976.248 2.04263 -20.1085 0.5
15 911.8 199.751 7.0501 0.5
15 985.669 37.8755 -78.3616 0.5
15 943.609 22.1734 62.7935 0.5
15 995.623 141.931 90.7845 0.5
15 996.723 68.572 -94.933 0.5
15 956.221 84.7849 98.8357 0.5
15 924.443 159.832 -80.126 0.5
15 940.427 120.288 -97.9203 0.5
15 921.561 68.6918 94.9726 0.5
15 982.714 191.292 -40.8143 0.5
15 920.652 84.6592 98.8163 0.5
15 914.046 121.202 -97.7265 0.5
15 901.55 140.282 91.528 0.5
15 902.07 198.621 -16.5503 0.5
15 930.066 199.984 -1.78542 0.5
15 959.646 23.5012 -64.4044 0.5
15 901.274 49.2901 86.1888 0.5
15 996.8 128.942 95.7203 0.5
15 916.135 173.857 -67.4181 0.5
15 965.531 158.925 -80.7953 0.5
15 998.002 163.645 -77.1316 0.5
15 898.747 5.77137 33.4808 0.5
15 957.814 199.323 11.6153 0.5
15 902.203 199.308 -11.7452 0.5
15 925.504 100.095 -100 0.5
15 931.419 22.7985 -63.5604 0.5
15 977.379 78.1963 -97.5941 0.5
15 897.685 74.2498 96.6278 0.5
15 907.026 32.2841 73.5837 0.5
15 943.044 198.927 -14.6119 0.5
15 938.31 193.978 -34.1779 0.5
15 994.662 41.7622 81.2918 0.5
15 912.352 186.665 49.8911 0.5
15 953.661 68.6228 -94.9498 0.5
15 993.415 176.026 -64.9615 0.5
15 928.119 152.888 -84.8695 0.5
15 900.433 2.62069 -22.7436 0.5
15 918.264 12.4135 -48.2556 0.5
15 996.777 0.0450722 -3.00207 0.5
15 931.265 6.24902 -34.7959 0.5
15 945.476 160.96 -79.2707 0.5
15 928.247 199.796 -6.38286 0.5
15 898.794 166.898 -74.3282 0.5
15 923.566 169.634 -71.7714 0.5
15 957.939 54.7757 89.1895 0.5
15 996.861 190.451 42.6454 0.5
15 963.345 112.905 99.1638 0.5
15 987.891 173.873 -67.3997 0.5
15 966 51.5745 -87.4927 0.5
15 911.959 188.105 47.3032 0.5
15 915.521 195.516 -29.609 0.5
15 958.335 16.9139 -55.648 0.5
15 908.544 118.095 -98.3491 0.5
15 973.483 190.452 -42.6441 0.5
15 997.56 82.7736 98.5051 0.5
15 927.843 198.083 19.4888 0.5
15 986.582 3.71808 -27.0146 0.5
15 952.117 199.412 10.8322 0.5
15 903.812 194.108 -33.8178 0.5
15 914.539 187.719 -48.0146 0.5
15 895.436 126.621 96.3915 0.5
15 983.682 58.425 90.9479 0.5
15 987.846 108.243 -99.6597 0.5
15 925.043 79.0877 -97.7889 0.5
15 987.358 173.356 67.9629 0.5
15 937.651 85.0023 98.8689 0.5
15 983.016 78.4808 -97.6572 0.5
15 926.438 166.703 -74.503 0.5
15 989.716 176.582 -64.3052 0.5
15 990.383 9.3245 -42.1658 0.5
15 988.414 6.00713 34.1371 0.5
15 927.08 134.85 -93.731 0.5
15 999.156 142.958 -90.3027 0.5
15 919.98 12.8981 49.1249 0.5
15 959.126 103.281 -99.9462 0.5
