0 198.976 86.2943 6.09529 0.5
0 160.972 113.985 5.42309 0.5
0 69.2183 109.147 11.8887 0.5
0 182.202 91.9074 -12.6297 0.5
0 267.784 95.2212 14.2184 0.5
0 162.384 102.352 -14.8145 0.5
0 139.262 114.338 4.40732 0.5
0 194.266 91.355 12.2582 0.5
0 14.648 108.936 12.048 0.5
0 263.309 85.0934 -1.67112 0.5
0 227.619 85.0783 -1.53094 0.5
0 202.975 104.621 14.2706 0.5
0 208.515 110.494 -10.7181 0.5
0 291.782 113.144 7.22676 0.5
0 76.7262 105.102 14.1057 0.5
0 38.3374 86.4895 6.51663 0.5
0 175.964 85.2225 -2.5738 0.5
0 222.694 114.959 1.10317 0.5
0 47.1375 93.1092 -13.3235 0.5
0 176.364 85.1317 1.9832 0.5
0 39.0808 99.8369 14.9991 0.5
0 86.378 97.6845 -14.8202 0.5
0 293.797 100.334 14.9963 0.5
0 178.547 87.1141 -7.67808 0.5
0 261.186 94.5046 13.9571 0.5
0 259.538 110.541 10.6715 0.5
0 273.235 101.201 -14.9518 0.5
0 256.027 113.586 6.35733 0.5
0 115.792 87.8256 -8.76261 0.5
0 99.5179 102.422 14.8032 0.5
0 34.9344 90.6711 11.7461 0.5
0 97.3094 103.882 -14.4891 0.5
0 154.824 108.67 -12.2409 0.5
0 59.2032 86.1311 5.71425 0.5
0 67.4534 102.987 -14.6997 0.5
0 296.872 105.605 13.9134 0.5
0 82.1267 85.0158 0.689004 0.5
0 150.993 113.994 -5.40051 0.5
0 302.909 100.913 14.9722 0.5
0 253.502 92.9521 13.2411 0.5
0 111.098 92.4164 12.9417 0.5
0 122.554 94.345 -13.8932 0.5
0 2.63303 109.918 -11.2533 0.5
0 92.6876 85.0004 -0.104414 0.5
0 36.3438 96.493 14.5843 0.5
0 142.344 87.1274 7.70033 0.5
0 220.403 89.6797 -10.8853 0.5
0 311.224 109.854 11.309 0.5
0 205.265 105.334 14.0194 0.5
0 163.527 104.771 -14.2212 0.5
0 312.265 114.727 2.85022 0.5
0 322.382 110.825 -10.3838 0.5
0 292.489 87.8333 8.77329 0.5
0 82.7128 86.8234 7.16777 0.5
0 142.628 92.0668 12.7305 0.5
0 117.803 99.3931 14.9877 0.5
0 12.4402 96.7537 -14.6445 0.5
0 16.3447 85.1282 1.95728 0.5
0 193.767 98.9279 -14.9616 0.5
0 239.525 86.0191 5.43462 0.5
0 315.361 97.5558 14.7995 0.5
0 258.212 114.639 -3.27155 0.5
0 52.9718 91.2915 -12.2132 0.5
0 171.293 107.137 -13.1933 0.5
0 93.6698 106.586 -13.4768 0.5
0 294.892 85.0592 1.33155 0.5
0 186.511 104.246 14.3865 0.5
0 319.566 102.052 -14.8589 0.5
0 8.26033 85.348 -3.21252 0.5
0 80.0898 88.1142 -9.15032 0.5
0 34.8853 105.343 14.0163 0.5
0 17.7268 114.896 -1.76527 0.5
0 243.709 104.055 14.4415 0.5
0 227.432 93.4416 -13.4903 0.5
0 106.249 85.1086 -1.802 0.5
0 320.816 85.0088 0.513949 0.5
0 227.361 94.9888 -14.1382 0.5
0 15.7655 103.419 -14.6051 0.5
0 208.536 87.2933 -7.97115 0.5
0 138.707 89.3388 10.5518 0.5
0 303.129 112.829 7.77267 0.5
0 317.657 98.8498 14.9558 0.5
0 221.454 88.989 -10.1862 0.5
0 21.9355 86.6644 6.86743 0.5
0 153.775 108.18 12.5734 0.5
0 215.278 111.778 9.28832 0.5
0 38.8941 87.9151 -8.88561 0.5
0 300.87 114.898 -1.74376 0.5
0 3.14549 114.981 0.756319 0.5
0 266.285 85.6313 -4.30579 0.5
0 63.8994 108.644 -12.2591 0.5
0 72.1186 85.1942 -2.40569 0.5
0 23.0017 106.051 -13.7254 0.5
0 330.254 88.7981 -9.97589 0.5
0 141.107 85.0605 1.34596 0.5
0 207.235 90.8335 -11.8733 0.5
0 108.395 90.9629 11.9721 0.5
0 207.748 85.6638 4.41273 0.5
0 5.5805 114.52 3.7636 0.5
0 329.832 98.264 -14.8992 0.5
0 99.2337 87.8297 -8.76837 0.5
0 9.29639 88.1638 -9.21432 0.5
0 301.895 88.8445 -10.0277 0.5
0 250.884 86.1406 -5.73735 0.5
0 64.049 91.152 12.1125 0.5
0 272.921 114.982 0.729672 0.5
0 183.258 112.112 8.84866 0.5
0 331.241 109.466 11.6356 0.5
0 231.534 100.086 -14.9998 0.5
0 60.4451 85.0035 -0.322164 0.5
0 147.648 114.509 -3.80795 0.5
0 194.557 104.511 14.3055 0.5
0 266.617 109.084 11.9365 0.5
0 266.192 96.7442 -14.6424 0.5
0 264.055 95.9814 14.4517 0.5
0 161.724 85.5649 -4.07778 0.5
0 130.492 105.908 -13.7874 0.5
0 286.666 87.8191 8.75367 0.5
0 148.835 85.4925 3.81219 0.5
0 20.4882 86.7072 6.94985 0.5
0 256.351 89.4322 10.6453 0.5
0 143.27 93.547 13.541 0.5
0 34.7617 103.965 14.4664 0.5
0 242.167 111.593 -9.51883 0.5
0 28.9933 86.6212 -6.78289 0.5
0 51.165 111.77 -9.29826 0.5
0 0.935022 103.487 14.5891 0.5
0 311.02 99.2986 14.9836 0.5
0 264.786 95.4214 -14.2841 0.5
0 77.1744 85.0061 -0.426998 0.5
0 190.385 104.939 14.1634 0.5
0 242.682 90.3309 11.4677 0.5
0 210.848 111.698 -9.38908 0.5
0 278.436 87.5133 -8.31155 0.5
0 276.981 85.0282 -0.919509 0.5
0 15.2535 86.649 6.8375 0.5
0 261.914 97.3298 -14.7604 0.5
0 171.617 85.5461 4.01047 0.5
0 331.465 106.505 -13.5161 0.5
0 332.181 87.3432 -8.05021 0.5
0 126.371 106.167 -13.6735 0.5
0 302.941 92.9899 13.2612 0.5
0 138.63 85.0086 -0.507966 0.5
0 233.27 90.4124 11.5359 0.5
0 207.944 89.1453 10.3526 0.5
0 304.791 114.997 -0.314219 0.5
0 160.785 99.3017 14.9837 0.5
0 332.933 114.832 2.23565 0.5
0 97.6365 95.0366 14.155 0.5
0 294.136 95.5383 -14.3211 0.5
0 74.8586 112.654 8.05507 0.5
0 318.553 107.815 12.8033 0.5
0 324.02 87.9558 8.9407 0.5
0 186.147 85.3449 -3.19801 0.5
0 325.526 97.6948 -14.8218 0.5
0 248.682 114.976 -0.856331 0.5
0 51.5371 100.645 14.9861 0.5
0 113.901 96.7831 -14.651 0.5
0 150.706 85.9782 -5.32805 0.5
0 325.766 109.047 -11.9643 0.5
0 77.8737 94.2789 13.8661 0.5
0 284.946 87.834 -8.77437 0.5
0 287.02 97.5702 14.8019 0.5
0 248.826 114.543 3.67434 0.5
0 318.825 102.085 14.8544 0.5
0 89.4766 110.443 -10.7675 0.5
0 241.786 99.583 14.9942 0.5
0 170.544 87.7126 8.60342 0.5
0 33.1977 101.475 -14.9273 0.5
0 118.047 94.0715 13.7787 0.5
0 186.111 114.542 3.67895 0.5
0 295.765 91.1229 -12.0912 0.5
0 265.686 85.9422 5.23237 0.5
0 225.4 86.4073 6.34334 0.5
0 260.178 98.7899 -14.9511 0.5
0 55.5291 93.0393 -13.2872 0.5
0 249.873 90.5578 -11.6553 0.5
0 195.415 93.6239 -13.5774 0.5
0 197.128 99.1227 -14.9743 0.5
0 50.6461 93.7235 -13.6237 0.5
0 205.337 85.1962 -2.41793 0.5
0 208.793 87.9604 -8.94699 0.5
0 213.665 114.112 5.08572 0.5
0 10.5534 103.777 14.5167 0.5
0 107.446 87.7404 -8.64304 0.5
0 258.987 114.953 -1.19216 0.5
0 310.59 85.0882 -1.62436 0.5
0 203.646 91.2822 -12.2066 0.5
0 275.332 106.181 13.6672 0.5
0 276.909 111.876 9.16319 0.5
0 77.1739 112.96 7.55302 0.5
0 55.7291 86.0146 5.42303 0.5
0 254.908 90.5214 -11.6257 0.5
0 255.001 86.4678 6.47135 0.5
0 109.454 85.6838 -4.47746 0.5
0 32.663 108.514 12.3497 0.5
0 242.958 109.843 11.3191 0.5
0 143.92 105.076 14.1149 0.5
0 173.027 89.7015 -10.906 0.5
0 287.39 85.7788 -4.77044 0.5
0 12.9928 106.692 13.4245 0.5
0 108.285 113.841 5.78184 0.5
0 269.047 102.936 -14.7099 0.5
0 206.638 93.5975 13.565 0.5
0 225.977 104.951 14.1593 0.5
0 315.882 95.9983 14.4564 0.5
0 38.8943 98.2529 14.8979 0.5
0 42.8001 106.451 -13.542 0.5
0 244.612 114.308 4.5031 0.5
0 151.241 114.882 -1.87586 0.5
0 228.168 87.5353 -8.34446 0.5
0 63.6626 109.427 11.6678 0.5
0 119.473 113.883 -5.68081 0.5
0 120.55 112.461 8.3507 0.5
0 50.7049 85.157 2.16482 0.5
0 77.6501 99.4768 14.9909 0.5
0 35.4766 113.32 -6.89841 0.5
0 97.6944 100.829 -14.9771 0.5
0 197.811 110.758 -10.4526 0.5
0 28.2789 85.2783 -2.87617 0.5
0 175.608 109.373 11.7112 0.5
0 20.5023 85.6541 -4.38138 0.5
0 298.132 114.152 -4.97121 0.5
0 251.425 97.1403 14.7249 0.5
0 229.917 112.136 8.81562 0.5
0 123.432 114.932 -1.42266 0.5
0 302.331 106.23 -13.6451 0.5
0 121.341 88.6668 -9.82644 0.5
0 69.8777 105.815 -13.827 0.5
0 276.893 87.1655 -7.7638 0.5
0 223.886 96.6853 14.6292 0.5
0 35.5952 114.047 -5.26097 0.5
0 120.059 101.441 -14.9307 0.5
0 108.348 96.989 14.6947 0.5
0 318.27 111.808 -9.25042 0.5
0 145.009 97.7661 14.8327 0.5
0 68.0269 93.5181 13.5272 0.5
0 287.671 114.938 -1.359 0.5
0 240.798 110.871 10.3357 0.5
0 63.896 101.705 14.9028 0.5
0 112.082 99.5028 14.9918 0.5
0 232.645 88.3645 -9.46654 0.5
0 136.761 94.8715 14.096 0.5
0 23.6156 114.274 4.61056 0.5
0 93.4246 108.893 -12.0793 0.5
0 22.4882 114.793 -2.4832 0.5
0 288.233 99.2312 -14.9803 0.5
0 252.729 108.923 12.0573 0.5
0 296.759 101 -14.9667 0.5
0 149.859 95.4432 14.2911 0.5
0 102.18 108.722 -12.2033 0.5
0 67.4045 111.346 9.81175 0.5
0 59.193 106.342 13.5932 0.5
0 14.1023 108.648 -12.256 0.5
0 227.8 90.4497 -11.5669 0.5
0 86.6804 94.2236 -13.8431 0.5
0 76.7488 114.565 -3.58464 0.5
0 63.0588 109.483 -11.6225 0.5
0 138.29 113.14 7.23506 0.5
0 296.525 89.0569 -10.2591 0.5
0 328.386 101.222 14.9501 0.5
0 110.936 113.666 -6.1839 0.5
0 240.708 114.716 2.9026 0.5
0 143.518 88.5163 -9.65009 0.5
0 274.518 108.279 -12.5081 0.5
0 1.9789 91.5467 -12.3912 0.5
0 186.376 86.0921 -5.61872 0.5
0 206.338 105.337 -14.0184 0.5
0 142.791 114.523 -3.75345 0.5
0 39.8704 113.14 -7.23467 0.5
0 164.871 113.575 -6.38169 0.5
0 329.531 106.896 -13.3207 0.5
0 241.922 89.2338 -10.4445 0.5
0 78.5057 93.6727 -13.6002 0.5
0 178.892 114.187 4.87016 0.5
0 130.495 113.848 5.76541 0.5
0 154.243 97.6227 -14.8104 0.5
0 326.162 94.9186 14.1131 0.5
0 99.4083 111.479 9.65541 0.5
0 239.304 85.8611 -5.00918 0.5
0 100.766 93.0476 -13.2915 0.5
0 142.605 87.9025 8.86849 0.5
0 95.6759 85.0831 1.57703 0.5
0 17.1222 89.691 10.8961 0.5
0 106.02 87.6939 -8.57674 0.5
0 180.82 111.629 9.47454 0.5
0 291.546 87.0237 7.52433 0.5
0 277.898 114.934 -1.40052 0.5
0 169.742 105.625 -13.9052 0.5
0 277.57 113.886 -5.67333 0.5
0 92.1187 108.738 12.1918 0.5
0 58.5374 103.324 -14.627 0.5
0 3.25409 99.4374 -14.9894 0.5
0 325.581 85.0851 1.59584 0.5
0 82.849 85.1083 1.79886 0.5
0 154.018 85.2247 -2.58649 0.5
0 21.2858 114.97 0.955754 0.5
0 294.548 106.194 -13.6615 0.5
0 253.429 91.8714 -12.6066 0.5
0 125.521 91.5871 -12.4187 0.5
0 93.719 85.3532 3.23582 0.5
0 204.153 95.4245 14.2851 0.5
0 304.174 100.099 14.9997 0.5
0 216.516 109.524 -11.5883 0.5
0 129.572 86.7811 -7.08952 0.5
0 62.0711 114.047 -5.26235 0.5
0 212.606 88.4275 -9.54343 0.5
0 99.7675 105.937 -13.7752 0.5
0 37.2158 85.0371 -1.05467 0.5
0 298.59 114.592 -3.4764 0.5
0 23.3817 106.955 13.29 0.5
0 258.372 102.718 -14.7518 0.5
0 257.755 111.261 9.90945 0.5
0 4.84983 88.7785 -9.95374 0.5
0 36.4538 99.7209 -14.9974 0.5
0 56.7705 96.6392 14.6187 0.5
0 23.7843 113.623 -6.27802 0.5
0 202.578 85.3513 -3.22711 0.5
0 224.898 86.9069 7.31916 0.5
1 367.095 35.1426 13.5753 0.5
1 363.635 34.1409 -6.79001 0.5
1 464.363 -112.18 -2.61382 0.5
1 426.538 -50.3636 10.1193 0.5
1 410.434 -20.9223 8.10866 0.5
1 404.76 -38.396 -3.07406 0.5
1 433.597 -84.8377 10.004 0.5
1 434.182 -82.0826 13.0436 0.5
1 342.179 96.1548 9.66026 0.5
1 368.964 27.6449 10.5728 0.5
1 431.691 -85.3488 -0.610945 0.5
1 436.486 -88.6569 11.1882 0.5
1 349.383 81.0044 12.1455 0.5
1 434.217 -67.6253 13.2081 0.5
1 487.922 -177.71 -11.2208 0.5
1 496.899 -168.309 0.386615 0.5
1 459.971 -125.759 -13.5584 0.5
1 470.938 -152.695 -4.34419 0.5
1 463.739 -139.588 -6.06779 0.5
1 349.816 86.4462 -0.402316 0.5
1 394.52 -14.824 -12.1143 0.5
1 393.114 -13.1214 -11.5435 0.5
1 367.877 37.1823 14.6999 0.5
1 362.909 56.2392 13.0103 0.5
1 414.456 -49.4548 12.0397 0.5
1 486.382 -150.187 1.72245 0.5
1 406.282 -33.8603 12.9851 0.5
1 448.8 -91.4496 -12.3288 0.5
1 372.82 36.3486 -14.2311 0.5
1 455.917 -124.472 -8.79558 0.5
1 389.062 13.4507 11.2026 0.5
1 442.4 -79.4123 11.6104 0.5
1 339.842 74.9857 -6.01701 0.5
1 450.87 -111.65 12.6434 0.5
1 419.466 -37.2091 9.03062 0.5
1 445.229 -101.46 12.9024 0.5
1 375.557 32.0172 -14.0881 0.5
1 398.948 -11.5754 -14.856 0.5
1 443.315 -92.2236 14.8999 0.5
1 441.597 -84.272 14.6445 0.5
1 355.158 55.4782 -13.41 0.5
1 432.151 -63.1714 -12.6976 0.5
1 428.106 -79.1351 -0.697453 0.5
1 445.984 -82.3792 7.92105 0.5
1 340.915 98.0758 -9.9692 0.5
1 353.656 62.2944 14.7894 0.5
1 416.375 -40.5587 14.6382 0.5
1 386.289 8.22517 -14.9999 0.5
1 372.502 17.2711 1.83345 0.5
1 475.354 -131.689 -4.53773 0.5
1 375.381 21.9925 -14.0775 0.5
1 378.078 31.0019 -12.3576 0.5
1 367.819 55.183 -1.60875 0.5
1 427.835 -77.4412 5.97141 0.5
1 454.345 -108.109 -14.9259 0.5
1 446.35 -108.63 -7.69093 0.5
1 415.828 -44.0088 14.9578 0.5
1 395.849 6.67519 -1.16483 0.5
1 461.771 -124.833 -14.8113 0.5
1 336.412 92.2324 14.801 0.5
1 412.233 -23.5216 7.24172 0.5
1 454.003 -122.882 5.69511 0.5
1 469.848 -121.458 -0.471668 0.5
1 415.178 -56.6629 -1.69306 0.5
1 495.088 -172.396 -12.8298 0.5
1 465.377 -143.514 -2.38757 0.5
1 457.287 -114.646 14.9999 0.5
1 460.958 -136.032 0.790635 0.5
1 335.721 104.602 -12.1923 0.5
1 373.185 26.964 14.454 0.5
1 429.51 -67.5261 14.9704 0.5
1 442.698 -80.9953 12.4076 0.5
1 360.742 38.0504 -3.92758 0.5
1 409.035 -25.3995 13.867 0.5
1 449.814 -101.401 14.9959 0.5
1 400.486 -20.6057 14.3724 0.5
1 447.196 -91.5597 13.8928 0.5
1 341.182 73.0652 6.8591 0.5
1 412.203 -44.8192 -12.5513 0.5
1 336.446 80.8664 -6.01112 0.5
1 463.082 -139.697 -1.02108 0.5
1 416.315 -32.1735 9.56387 0.5
1 354.871 72.0171 11.7523 0.5
1 357.567 47.3478 10.5338 0.5
1 412.904 -27.444 -10.831 0.5
1 459.696 -117.018 -14.8856 0.5
1 472.688 -126.521 2.13034 0.5
1 498.627 -182.893 14.6087 0.5
1 416.22 -40.0188 -14.5751 0.5
1 453.2 -122.289 -3.1119 0.5
1 392.647 -17.4707 2.80327 0.5
1 470.787 -124.425 -6.21643 0.5
1 459.691 -115.958 -14.7169 0.5
1 405.52 -10.5808 4.02428 0.5
1 422.16 -60.398 -13.4961 0.5
1 443.629 -76.0417 0.369482 0.5
1 377.187 38.6401 -3.45138 0.5
1 458.14 -129.984 -5.84969 0.5
1 395.546 4.87791 8.08699 0.5
1 383.031 24.7618 10.3678 0.5
1 463.891 -140.56 4.10365 0.5
1 356.813 55.2329 -14.4291 0.5
1 460.248 -113.661 13.6761 0.5
1 439.142 -87.3402 14.4362 0.5
1 344.786 68.2501 -9.1154 0.5
1 409.731 -17.4031 1.53647 0.5
1 337.408 87.9041 -14.1286 0.5
1 413.344 -32.8769 -13.8723 0.5
1 366.56 43.4819 -14.9645 0.5
1 493.756 -164.393 6.60657 0.5
1 462.951 -110.369 5.01879 0.5
1 481.453 -167.928 -9.77479 0.5
1 351.958 70.8573 -14.6729 0.5
1 427.724 -55.5388 -12.7191 0.5
1 413.621 -53.739 3.09747 0.5
1 488.352 -183.214 2.91651 0.5
1 456.676 -102.991 10.5686 0.5
1 410.946 -31.8736 -14.7807 0.5
1 457.932 -117.965 -14.8445 0.5
1 367.894 53.09 -7.56808 0.5
1 431.159 -74.041 -14.2767 0.5
1 394.064 -19.6947 3.81766 0.5
1 334.125 106.005 13.0614 0.5
1 453.705 -121.827 6.86515 0.5
1 441.457 -72.2761 0.0914952 0.5
1 360.337 64.9126 -9.40568 0.5
1 467.314 -145.388 6.88294 0.5
1 373.743 28.4793 14.9218 0.5
1 380.294 33.5921 1.43885 0.5
1 401.334 -11.595 -13.6656 0.5
1 354.576 49.5391 -6.17994 0.5
1 340.436 96.6592 12.0288 0.5
1 449.923 -116.613 3.10616 0.5
1 345.286 81.1228 -14.8884 0.5
1 496.703 -185.005 14.8606 0.5
1 364.357 60.9741 2.94347 0.5
1 411.444 -33.0547 14.8324 0.5
1 352.102 76.4248 -12.0494 0.5
1 423.557 -43.7277 8.22357 0.5
1 347.525 67.3454 -12.6422 0.5
1 416.159 -32.0086 -9.68969 0.5
1 353.443 77.4832 -8.5661 0.5
1 372.305 17.8185 3.07637 0.5
1 488.6 -183.904 -0.868717 0.5
1 437.803 -91.7127 -10.4443 0.5
1 344.056 89.619 -12.5661 0.5
1 484.876 -166.971 14.3117 0.5
1 395.721 -9.28424 14.9498 0.5
1 338.401 104.209 7.50672 0.5
1 481.997 -144.046 -6.64455 0.5
1 369.581 22.5896 3.32412 0.5
1 432.844 -75.8732 14.582 0.5
1 413.685 -26.9461 8.68799 0.5
1 351.882 52.8814 -0.50871 0.5
1 474.983 -151.376 13.7342 0.5
1 457.615 -105.32 -11.2315 0.5
1 413.262 -49.0135 10.6401 0.5
1 496.537 -177.198 13.9634 0.5
1 358.564 70.0041 6.0971 0.5
1 403.657 -36.7713 0.995241 0.5
1 473.929 -140.079 -14.6005 0.5
1 456.945 -101.145 -7.55779 0.5
1 428.337 -77.6812 7.25307 0.5
1 476.8 -161.794 6.9317 0.5
1 353.237 74.0714 12.3274 0.5
1 464.883 -137.783 11.2403 0.5
1 429.188 -62.3784 14.55 0.5
1 450.899 -88.6462 -0.706788 0.5
1 472.997 -149.256 13.0751 0.5
1 351.636 55.419 7.68723 0.5
1 370.11 31.3167 14.1475 0.5
1 481.536 -171.642 1.26007 0.5
1 351.055 64.8991 -14.3385 0.5
1 343.272 97.3642 3.52934 0.5
1 460.956 -135.104 5.23653 0.5
1 495.786 -192.158 10.4289 0.5
1 435.889 -90.2903 8.04719 0.5
1 478.034 -159.08 12.3923 0.5
1 363.673 59.9409 -8.30569 0.5
1 414.173 -47.4645 13.0216 0.5
1 474.065 -158.508 2.70646 0.5
1 415.934 -28.0743 -0.386805 0.5
1 423.441 -68.3625 8.59711 0.5
1 452.359 -107.502 -14.9397 0.5
1 488.293 -159.126 -11.7911 0.5
1 469.439 -134.847 -14.9733 0.5
1 374.882 16.5621 9.66197 0.5
1 474.335 -141.16 14.6841 0.5
1 403.631 -36.5945 2.21712 0.5
1 420.022 -61.7999 9.44731 0.5
1 400.24 -6.73722 11.8874 0.5
1 441.064 -90.5247 14.476 0.5
1 444.626 -79.3639 6.74085 0.5
1 484.106 -150.173 -10.2263 0.5
1 399.444 -24.0158 11.6007 0.5
1 373.097 25.1241 -13.7466 0.5
1 475.706 -158.599 -8.99778 0.5
1 456.85 -120.125 13.6638 0.5
1 397.387 -24.4706 6.48195 0.5
1 423.58 -51.8346 14.3162 0.5
1 339.214 91.9894 -14.8415 0.5
1 494.179 -167.261 9.82787 0.5
1 462.142 -108.716 4.24593 0.5
1 439.328 -85.1238 14.9212 0.5
1 366.876 56.084 4.88705 0.5
1 438.832 -67.7318 0.254799 0.5
1 463.126 -114.185 10.591 0.5
1 436.238 -74.3269 -14.4818 0.5
1 483.71 -159.847 -14.9874 0.5
1 428.009 -57.6222 13.5844 0.5
1 424.72 -72.9512 -3.15078 0.5
1 453.813 -98.1727 10.7083 0.5
1 395.893 -22.9123 -3.62334 0.5
1 392.742 9.25832 -8.78571 0.5
1 388.569 1.04369 14.6359 0.5
1 367.056 53.4438 -9.19325 0.5
1 453.824 -116.732 12.6652 0.5
1 472.372 -155.59 2.63171 0.5
1 462.99 -109.655 -1.57058 0.5
1 387.099 -3.90245 10.4329 0.5
1 480.18 -151.603 14.747 0.5
1 355.144 50.1688 -8.92647 0.5
1 380.433 32.6132 4.85847 0.5
1 353.757 58.0687 -13.4908 0.5
1 363.81 59.2004 9.01759 0.5
1 355.943 66.1619 14.0236 0.5
1 345.698 63.896 -3.04526 0.5
1 376.615 35.3759 10.864 0.5
1 443.892 -106.443 1.22421 0.5
1 377.677 8.76917 4.11108 0.5
1 481.415 -163.933 13.0206 0.5
1 333.781 85.494 -6.03967 0.5
1 445.813 -79.8401 -0.781313 0.5
1 471.454 -149.468 -10.965 0.5
1 338.177 103.663 8.92873 0.5
1 385.342 8.61643 14.9433 0.5
1 400.535 -29.0222 8.09942 0.5
1 442.512 -99.4975 10.8152 0.5
1 440.502 -98.3889 -7.87485 0.5
1 496.926 -172.694 -10.5557 0.5
1 490.657 -185.751 7.01733 0.5
1 410.845 -36.0866 -14.8876 0.5
1 403.477 -34.8525 -6.81938 0.5
1 456.115 -110.48 14.8402 0.5
1 355.085 50.0307 8.59387 0.5
1 432.276 -57.0939 -4.5937 0.5
1 375.48 41.2369 -4.72499 0.5
1 492.8 -170.081 13.6929 0.5
1 374.208 29.9708 14.9803 0.5
1 417.291 -54.0548 -12.2647 0.5
1 383.696 24.6022 9.21888 0.5
1 348.354 82.0702 12.6337 0.5
1 457.021 -99.47 2.6532 0.5
1 457.204 -100.013 3.69447 0.5
1 359.734 54.6579 14.9951 0.5
1 431.941 -68.786 -14.8651 0.5
1 393.416 -11.4083 -13.0804 0.5
1 398.209 -3.32117 11.9653 0.5
1 473.247 -138.155 14.405 0.5
1 337.672 101.244 12.1771 0.5
1 414.258 -31.6273 -12.3324 0.5
1 365.368 52.7442 12.5408 0.5
1 432.458 -58.1018 6.35529 0.5
1 395.226 1.33272 -12.3359 0.5
1 483.797 -175.469 2.05262 0.5
1 343.759 86.6084 -14.2557 0.5
1 347.777 60.9925 5.40988 0.5
1 379.9 22.8083 -14.5947 0.5
1 411.596 -32.7061 -14.7271 0.5
1 407.72 -14.9547 -5.67016 0.5
1 451.39 -112.181 -12.8721 0.5
1 333.452 109.419 11.5056 0.5
1 364.225 45.827 14.9852 0.5
1 407.29 -28.3028 14.9986 0.5
1 410.994 -20.7785 6.03384 0.5
1 414.766 -38.4075 14.7663 0.5
1 348.933 69.1356 14.4988 0.5
1 365.44 29.7709 -3.36104 0.5
1 444.117 -103.342 -9.67926 0.5
1 420.271 -57.1302 -13.4946 0.5
1 431.318 -79.3634 11.4845 0.5
1 429.955 -75.4456 12.6303 0.5
1 465.904 -116.88 -7.91957 0.5
1 385.963 -6.14359 -0.630038 0.5
1 359.358 57.5479 -14.7686 0.5
1 486.486 -176.836 9.5489 0.5
1 491.208 -180.286 13.3503 0.5
1 465.821 -141.359 -9.15377 0.5
1 444.382 -78.0517 -4.56037 0.5
1 494.233 -175.017 14.5444 0.5
1 365.269 30.2954 -4.23523 0.5
1 415.996 -29.9895 -7.14939 0.5
1 351.17 69.7122 -14.9877 0.5
1 410.875 -19.8561 4.02625 0.5
1 404.603 -8.47895 1.05043 0.5
1 432.381 -75.6662 -14.426 0.5
1 420.555 -41.9674 11.9208 0.5
1 372.035 41.2337 12.5168 0.5
1 394.874 7.44777 -5.28046 0.5
1 365.57 58.767 -3.43173 0.5
1 350.725 56.3919 -6.56967 0.5
1 364.235 61.2098 -2.8206 0.5
1 420.2 -46.8442 -14.5584 0.5
1 430.448 -55.0744 -7.24776 0.5
1 473.111 -144.484 -14.8096 0.5
1 497.068 -171.597 -9.00005 0.5
1 471.218 -125.412 -6.71717 0.5
1 398.883 -5.9655 -12.9503 0.5
1 420.402 -61.6467 10.3685 0.5
1 441.307 -94.9439 12.7333 0.5
1 455.533 -98.1598 6.54714 0.5
1 371.251 21.625 7.98329 0.5
1 368.035 27.1418 -7.89781 0.5
1 401.584 -15.5459 -14.7609 0.5
1 475.253 -136.465 11.7317 0.5
1 439.99 -79.1017 13.9021 0.5
1 459.178 -103.24 2.84197 0.5
1 476.995 -148.19 -14.9863 0.5
2 547.339 -113.754 13.2282 0.5
2 566.141 -59.4776 -3.27249 0.5
2 607.186 10.8939 -5.59706 0.5
2 628.658 48.7082 -3.68218 0.5
2 629.355 21.1189 4.66785 0.5
2 613.512 22.9245 0.506564 0.5
2 627.164 46.5145 -1.39104 0.5
2 554.643 -85.8624 12.5811 0.5
2 582.012 -55.3705 12.1874 0.5
2 613.758 -3.48904 -9.19757 0.5
2 544.004 -97.5372 1.53273 0.5
2 538.885 -133.463 8.81176 0.5
2 657.595 83.931 -14.9958 0.5
2 506.672 -192.09 0.9341 0.5
2 658.233 71.9452 -6.64738 0.5
2 591.801 -22.5742 13.2146 0.5
2 631.836 38.5685 -14.9594 0.5
2 575.832 -71.9731 -3.25504 0.5
2 500.747 -191.532 14.4144 0.5
2 616.172 15.0124 14.7949 0.5
2 656.112 67.1106 3.40663 0.5
2 636.453 33.7684 -5.6392 0.5
2 532.1 -141.816 12.1906 0.5
2 623.802 33.8637 12.6205 0.5
2 656.773 87.3941 14.2997 0.5
2 509.188 -184.83 -8.90824 0.5
2 627.369 44.646 -7.96438 0.5
2 521.81 -149.217 14.9054 0.5
2 561.343 -75.7015 13.4087 0.5
2 570.23 -68.4768 -14.9303 0.5
2 619.929 7.4 9.45136 0.5
2 601.248 -19.2061 13.7919 0.5
2 635.307 33.8315 9.19484 0.5
2 505.552 -167.406 9.44548 0.5
2 577.301 -43.8368 -10.2519 0.5
2 659.756 89.1535 -14.9579 0.5
2 510.162 -156.084 -0.514277 0.5
2 523.561 -148.834 14.9687 0.5
2 635.907 31.7366 0.636713 0.5
2 548.397 -118.276 6.68809 0.5
2 542.888 -114.871 -14.9923 0.5
2 504.548 -195.22 -4.12403 0.5
2 625.665 19.1091 11.2923 0.5
2 503.007 -168.496 0.937813 0.5
2 632.092 34.2951 -13.8252 0.5
2 593.648 -33.5782 13.21 0.5
2 582.771 -30.3257 0.645054 0.5
2 592.722 -32.1698 -14.4304 0.5
2 604.845 6.94271 -5.3289 0.5
2 584.326 -30.4985 8.83875 0.5
2 648.847 83.9173 2.54949 0.5
2 665.255 104.187 -13.4544 0.5
2 545.952 -121.024 -9.0796 0.5
2 519.14 -143.373 -8.79662 0.5
2 533.64 -115.416 -0.456456 0.5
2 537.127 -112.883 9.64689 0.5
2 636.47 61.3982 -6.10891 0.5
2 502.164 -173.05 9.16102 0.5
2 564.918 -81.9149 -13.8823 0.5
2 658.46 79.3605 -13.5543 0.5
2 504.968 -190.695 -10.5887 0.5
2 628.962 44.4584 11.3869 0.5
2 529.768 -151.798 -3.07146 0.5
2 631.036 23.3337 -1.19646 0.5
2 599.806 -27.3782 9.54422 0.5
2 508.874 -161.531 -9.29342 0.5
2 552.649 -98.8208 -14.9403 0.5
2 506.01 -176.375 -14.8803 0.5
2 592.004 -16.6953 8.10161 0.5
2 537.296 -126.788 -14.7528 0.5
2 606.615 10.0381 5.25212 0.5
2 592.786 -29.4384 14.9274 0.5
2 556.509 -81.0175 -11.3715 0.5
2 613.496 17.4475 11.574 0.5
2 650.292 56.7603 1.90906 0.5
2 649.929 84.2478 -7.05449 0.5
2 558.901 -86.6328 -15 0.5
2 621.028 19.8806 -14.9618 0.5
2 640.698 46.8318 -12.5679 0.5
2 518.92 -147.768 12.6011 0.5
2 526.569 -146.226 14.569 0.5
2 605.994 -9.22412 -14.4183 0.5
2 511.747 -153.512 -2.3355 0.5
2 535.668 -136.232 -11.7407 0.5
2 565.099 -90.2521 -4.4248 0.5
2 632.198 31.5151 12.1589 0.5
2 634.432 56.0074 9.21017 0.5
2 618.436 6.72031 11.4067 0.5
2 514.93 -149.327 6.56084 0.5
2 664.057 101.816 -13.5963 0.5
2 572.949 -54.8952 -13.031 0.5
2 598.816 -19.7281 -14.8368 0.5
2 507.673 -178.997 14.5588 0.5
2 665.96 96.3352 -14.7999 0.5
2 569.238 -62.7516 13.7478 0.5
2 600.505 -15.3627 14.9804 0.5
2 514.855 -167.958 14.1375 0.5
2 650.793 63.952 -12.3221 0.5
2 592.973 -42.3281 3.04983 0.5
2 602.714 3.93223 -2.97749 0.5
2 500.077 -199.267 10.4857 0.5
2 599.857 -27.445 -9.35275 0.5
2 511.013 -181.625 8.96495 0.5
2 620.354 13.4851 -13.6133 0.5
2 624.645 40.7791 6.40876 0.5
2 634.534 52.4019 12.6518 0.5
2 664.928 110.749 5.96964 0.5
2 585.141 -43.8644 -14.7627 0.5
2 513.022 -181.112 0.514556 0.5
2 573.571 -52.3007 12.0401 0.5
2 517.955 -146.428 10.0355 0.5
2 574.643 -59.7668 14.9953 0.5
2 514.922 -175.226 -8.44669 0.5
2 531.273 -129.285 -14.0612 0.5
2 594.223 -40.1539 3.09163 0.5
2 582.243 -50.2817 14.4412 0.5
2 560.161 -96.2682 9.26671 0.5
2 663.749 102.978 -12.6688 0.5
2 645.165 54.8812 -12.7655 0.5
2 624.841 36.6795 -11.9062 0.5
2 626.527 35.6315 14.0861 0.5
2 652.306 60.2469 1.90114 0.5
2 519.978 -169.003 1.44725 0.5
2 500.041 -183.263 -14.0171 0.5
2 524.622 -132.232 5.8864 0.5
2 545.772 -104.28 14.1003 0.5
2 537.805 -109.886 -6.92087 0.5
2 506.263 -163.544 4.58184 0.5
2 616.91 27.49 6.17209 0.5
2 625.158 13.7844 4.46245 0.5
2 578.338 -42.6756 -10.8907 0.5
2 609.555 11.3541 10.9288 0.5
2 643.793 74.8853 -3.82625 0.5
2 663.442 79.5851 -2.25623 0.5
2 579.515 -36.7247 -4.75718 0.5
2 655.445 71.5686 -12.0038 0.5
2 637.046 63.3163 -3.35088 0.5
2 544.539 -124.272 7.9181 0.5
2 639.024 37.3999 2.87815 0.5
2 535.713 -139.094 8.62008 0.5
2 532.497 -141.251 -12.1011 0.5
2 627.522 20.4929 -9.37909 0.5
2 595.679 -20.796 14.844 0.5
2 614.015 -5.86404 -3.13405 0.5
2 548.769 -90.8526 -6.8351 0.5
2 568.762 -80.2575 -10.5308 0.5
2 508.496 -183.832 11.293 0.5
2 539.589 -108.871 9.93922 0.5
2 555.917 -89.1312 -14.7563 0.5
2 588.894 -20.1838 3.75492 0.5
2 504.454 -167.578 6.77539 0.5
2 594.652 -36.8951 -8.78053 0.5
2 561.953 -74.6828 -13.4271 0.5
2 550.233 -87.0983 -3.56126 0.5
2 537.098 -116.688 12.8536 0.5
2 639.922 38.7394 -1.37378 0.5
2 583.761 -49.7959 -13.6587 0.5
2 642.383 43.3519 -3.49591 0.5
2 560.094 -70.887 6.10157 0.5
2 647.792 73.2007 13.794 0.5
2 625.168 13.1617 -1.08693 0.5
2 519.351 -152.682 -14.7942 0.5
2 622.11 8.69387 -5.02968 0.5
2 555.387 -99.4194 -13.432 0.5
2 536.652 -121.311 14.4893 0.5
2 524.945 -131.362 -5.097 0.5
2 609.589 13.2001 -8.91738 0.5
2 636.545 36.4616 9.78796 0.5
2 570.374 -52.7025 5.16673 0.5
2 573.833 -60.9325 14.9993 0.5
2 615.599 26.5385 -0.523227 0.5
2 536.244 -138.335 -8.38559 0.5
2 508.592 -188.087 4.54938 0.5
2 661.585 102.8 -9.50807 0.5
2 636.48 56.7617 11.9655 0.5
2 663.2 80.0753 -5.58936 0.5
2 585.884 -25.7476 4.91375 0.5
2 500.474 -179.14 -12.2094 0.5
2 604.024 -8.31518 14.9989 0.5
2 577.939 -52.1628 14.9229 0.5
2 651.876 81.2471 -13.337 0.5
2 639.818 39.7038 5.8973 0.5
2 582.925 -30.3858 3.18361 0.5
2 525.209 -139.811 14.0691 0.5
2 597.649 -34.5361 0.413337 0.5
2 543.731 -127.454 3.75146 0.5
2 571.884 -73.2748 -11.9199 0.5
2 542.546 -111.397 14.5651 0.5
2 618.912 8.767 -12.3456 0.5
2 550.992 -100.342 15 0.5
2 600.586 0.447492 -1.7037 0.5
2 504.261 -166.485 -2.38464 0.5
2 563.276 -80.3882 -14.9426 0.5
2 509.206 -179.167 13.5485 0.5
2 511.133 -154.445 1.2607 0.5
2 552.584 -94.9399 -14.7628 0.5
2 517.992 -144.78 7.93163 0.5
2 623.507 34.4397 11.8523 0.5
2 645.344 78.0334 1.02032 0.5
2 588.904 -34.5583 -14.9994 0.5
2 527.627 -140.791 -15 0.5
2 653.054 61.4478 0.868038 0.5
2 613.966 22.4881 5.95258 0.5
2 604.698 2.35012 -11.4557 0.5
2 571.867 -49.1991 -0.21297 0.5
2 563.572 -75.6392 -14.7117 0.5
2 598.92 -25.9226 -12.3019 0.5
2 539.8 -111.071 12.2418 0.5
2 654.113 81.7685 -14.5832 0.5
2 530.712 -126.934 -12.3268 0.5
2 557.304 -97.3955 -12.7049 0.5
2 616.994 26.4766 8.2729 0.5
2 604.755 -21.7301 3.85349 0.5
2 602.183 3.12758 2.34039 0.5
2 633.056 56.7552 0.943113 0.5
2 651.108 60.4968 -8.20836 0.5
2 563.71 -89.4118 10.1055 0.5
2 654.085 85.8445 -12.9101 0.5
2 598.188 -7.04428 -9.55349 0.5
2 581.449 -60.2459 8.06994 0.5
2 603.415 -23.2111 6.20765 0.5
2 537.474 -131.669 12.7505 0.5
2 528.561 -145.451 -13.6387 0.5
2 507.034 -186.173 -11.4577 0.5
2 603.728 -23.9962 -0.701617 0.5
2 542.904 -124.387 -11.1598 0.5
2 635.811 60.1644 6.31113 0.5
2 514.339 -153.536 -10.9007 0.5
2 617.538 29.8604 -1.17323 0.5
2 616.081 27.3398 1.14179 0.5
2 660.871 77.7214 -8.67111 0.5
2 653.682 89.3922 -9.15524 0.5
2 635.347 33.6508 -8.86193 0.5
2 605.12 -9.92042 -14.6282 0.5
2 592.979 -17.5065 -11.0679 0.5
2 591.874 -37.5842 -12.6634 0.5
2 634.04 56.3203 7.76808 0.5
2 613.613 -6.52699 3.28419 0.5
2 651.344 64.9149 12.3276 0.5
2 596.853 -12.9452 -12.7037 0.5
2 650.268 79.5237 -12.7344 0.5
2 572.081 -78.2824 4.00394 0.5
2 601.331 -6.48402 13.4299 0.5
2 614.244 4.1578 14.1264 0.5
2 624.343 41.4888 2.4688 0.5
2 557.692 -87.8245 -14.9714 0.5
2 558.997 -83.7894 14.7549 0.5
2 541.395 -103.467 -6.51615 0.5
2 531.098 -149.585 -2.60004 0.5
2 663.897 95.7897 14.9885 0.5
2 660.332 84.3032 14.2364 0.5
2 515.134 -170.254 -12.8168 0.5
2 519.658 -154.525 -14.9997 0.5
2 616.444 27.1217 5.09035 0.5
2 572.152 -60.396 14.6306 0.5
2 574.598 -48.6437 10.3855 0.5
2 650.116 84.399 7.36781 0.5
2 567.802 -59.8852 -9.80346 0.5
2 594.735 -29.0376 -14.325 0.5
2 533.497 -145.578 -1.53667 0.5
2 574.433 -44.8837 -1.97823 0.5
2 585.635 -34.0522 -13.6132 0.5
2 511.005 -161.717 -12.7534 0.5
2 524.703 -158.778 -7.67294 0.5
2 558.637 -99.65 8.23601 0.5
2 609.502 -3.58864 14.2848 0.5
2 589.757 -23.2807 11.2422 0.5
2 653.415 63.8828 -7.18845 0.5
2 577.292 -39.8027 -0.223818 0.5
2 574.566 -62.5997 14.681 0.5
2 539.835 -104.679 0.0790085 0.5
2 561.727 -92.7772 -10.1795 0.5
2 583.669 -46.0527 14.8232 0.5
2 664.011 105.874 -10.7389 0.5
2 562.067 -96.026 2.08226 0.5
2 516.849 -174.402 1.64253 0.5
2 553.495 -110.441 -4.1236 0.5
2 548.899 -89.3579 -3.34615 0.5
2 564.761 -89.4699 -7.54488 0.5
2 601.67 -27.5664 -0.59389 0.5
2 632.305 49.1861 -12.2173 0.5
2 544.467 -123.168 -9.61577 0.5
2 548.689 -90.111 -4.73602 0.5
2 631.954 54.8161 -1.32959 0.5
2 532.764 -124.578 -13.0769 0.5
2 628.476 21.5463 8.57798 0.5
2 660.456 100.279 10.1588 0.5
2 658.636 87.1456 14.9629 0.5
2 580.91 -35.9253 -8.12259 0.5
2 605.276 4.67586 -10.1903 0.5
2 642.601 46.9728 9.81283 0.5
2 528.86 -127.406 9.88434 0.5
2 645.544 52.1551 -9.91028 0.5
2 583.929 -58.0764 -2.61809 0.5
2 665.126 82.8501 3.90892 0.5
2 630.126 51.2737 3.59195 0.5
2 529.764 -152.077 1.17765 0.5
2 620.124 33.6634 4.60069 0.5
2 650.328 62.1997 -11.6075 0.5
2 611.244 -10.6786 3.0615 0.5
2 524.676 -159.523 6.35432 0.5
2 634.389 51.2582 13.1786 0.5
2 651.277 58.8713 -3.94324 0.5
2 526.479 -144.242 -14.9317 0.5
2 624.167 13.0519 6.86501 0.5
2 568.536 -69.9698 15 0.5
2 575.352 -57.9834 14.9989 0.5
2 652.123 89.6854 1.92936 0.5
2 605.648 -9.9072 14.3941 0.5
2 615.771 12.3814 -14.9904 0.5
2 626.727 45.2471 -4.11294 0.5
2 581.348 -60.3398 -8.19447 0.5
2 603.272 -11.0403 14.9489 0.5
2 630.193 28.6311 12.5639 0.5
2 520.217 -161.107 13.0194 0.5
2 567.565 -86.5659 -1.58239 0.5
2 617.221 21.3608 13.2651 0.5
2 645.194 74.2591 -9.6884 0.5
2 600.982 -0.734909 7.42455 0.5
2 666.572 114.831 -0.411583 0.5
2 656.658 97.6468 0.740536 0.5
2 571.72 -54.6114 11.3211 0.5
2 548.506 -90.044 3.36854 0.5
2 598.809 -32.5261 0.435851 0.5
2 593.459 -11.8138 -0.643291 0.5
3 928.507 96.0944 14.4826 0.5
3 903.423 113.594 6.34083 0.5
3 705.67 85.9493 -5.25149 0.5
3 862.78 103.772 14.5179 0.5
3 797.096 93.1403 -13.3396 0.5
3 872.872 85.0119 0.597951 0.5
3 761.751 85.3728 -3.32326 0.5
3 714.433 97.8215 -14.841 0.5
3 857.364 112.396 8.44577 0.5
3 983.927 99.451 -14.9899 0.5
3 937.606 85.8146 -4.87597 0.5
3 967.38 85.0849 -1.59375 0.5
3 681.052 113.04 -7.41318 0.5
3 793.054 97.2859 -14.7524 0.5
3 774.738 99.7024 -14.997 0.5
3 708.804 115 -0.0511299 0.5
3 673.361 111.392 9.75803 0.5
3 911.147 100.952 -14.9698 0.5
3 883.394 88.5637 -9.70623 0.5
3 845.25 85.0298 -0.945729 0.5
3 738.559 97.2006 14.7365 0.5
3 748.384 85.9777 -5.32677 0.5
3 874.401 86.9906 -7.467 0.5
3 944.878 108.32 12.481 0.5
3 916.185 102.183 -14.8404 0.5
3 717.484 105.787 -13.8387 0.5
3 836.506 114.141 5.00296 0.5
3 936.42 101.564 -14.9182 0.5
3 768.229 107.587 -12.9396 0.5
3 811.581 91.9355 12.6477 0.5
3 754.928 103.679 14.5417 0.5
3 669.779 99.6388 14.9957 0.5
3 762.436 101.069 14.9619 0.5
3 766.813 108.03 12.6698 0.5
3 923.834 105.907 -13.7879 0.5
3 953.23 106.393 13.5695 0.5
3 746.809 85.7815 4.77839 0.5
3 758.827 110.218 -10.9811 0.5
3 758.309 114.766 2.63772 0.5
3 993.436 97.1577 -14.7282 0.5
3 893.894 107.169 13.176 0.5
3 869.486 85.5076 3.86925 0.5
3 691.193 113.333 6.87288 0.5
3 913.826 109.287 11.7796 0.5
3 891.157 107.937 -12.728 0.5
3 869.151 88.1973 9.25725 0.5
3 809.633 112.805 7.81175 0.5
3 919.243 109.737 11.4101 0.5
3 794.156 85.6406 4.3369 0.5
3 931.464 114.428 -4.10199 0.5
3 703.475 86.5354 -6.6109 0.5
3 794.549 85.1784 -2.30677 0.5
3 747.067 110.22 10.9799 0.5
3 827.692 110.867 10.3397 0.5
3 818.12 113.327 6.88357 0.5
3 875.968 85.8317 -4.92547 0.5
3 851.568 88.4125 -9.52517 0.5
3 741.695 91.869 12.605 0.5
3 688.367 113.277 6.98022 0.5
3 896.666 110.065 -11.1221 0.5
3 903.187 110.485 10.7272 0.5
3 848.506 113.858 -5.74009 0.5
3 837.985 85.5345 -3.96858 0.5
3 720.291 106.568 -13.4857 0.5
3 815.928 114.99 0.548654 0.5
3 696.545 94.2372 13.8488 0.5
3 957.171 85.099 1.72056 0.5
3 929.973 99.8505 -14.9993 0.5
3 713.57 87.0841 -7.62755 0.5
3 767.022 114.909 1.65047 0.5
3 835.579 112.78 7.85235 0.5
3 761.061 100.336 14.9962 0.5
3 749.143 106.713 -13.4142 0.5
3 944.01 94.0114 -13.7527 0.5
3 996.883 113.798 5.88397 0.5
3 884.508 114.536 -3.70104 0.5
3 790.531 93.5528 -13.5438 0.5
3 711.102 110.973 -10.2268 0.5
3 742.594 109.351 11.7289 0.5
3 932.58 85.0444 1.15279 0.5
3 677.286 113.656 6.2067 0.5
3 852.733 114.85 2.11732 0.5
3 903.753 114.995 0.398379 0.5
3 703.418 88.0385 9.05109 0.5
3 714.081 106.685 13.4279 0.5
3 818.848 115 0.00269237 0.5
3 886.021 85.0971 -1.70418 0.5
3 697.184 113.805 5.86591 0.5
3 817.85 86.6022 6.74537 0.5
3 919.93 93.9421 -13.7223 0.5
3 683.443 107.635 -12.9113 0.5
3 778.002 104.458 -14.3221 0.5
3 833.445 86.6905 6.91797 0.5
3 821.928 91.4144 12.2999 0.5
3 944.366 111.901 9.13009 0.5
3 909.968 96.2763 -14.5304 0.5
3 818.914 94.4572 -13.9383 0.5
3 867.954 112.28 8.61439 0.5
3 895.065 96.5725 -14.6032 0.5
3 859.52 111.199 9.97866 0.5
3 838.345 104.679 14.2516 0.5
3 752.031 114.995 0.385524 0.5
3 882.349 87.0385 7.54982 0.5
3 699.241 99.6866 -14.9967 0.5
3 687.624 105.49 -13.959 0.5
3 795.505 113.142 7.23055 0.5
3 959.238 111.362 9.79311 0.5
3 833.04 114.399 4.20257 0.5
3 968.762 85.0318 0.976454 0.5
3 699.724 113.093 -7.31944 0.5
3 687.674 99.629 14.9954 0.5
3 693.218 114.98 -0.781208 0.5
3 886.976 108.673 -12.2387 0.5
3 698.966 85.3449 3.19835 0.5
3 949.621 114.961 1.0825 0.5
3 690.386 114.746 -2.74785 0.5
3 884.756 85.6831 -4.47496 0.5
3 686.502 114.185 4.87642 0.5
3 681.338 114.94 -1.34048 0.5
3 699.643 85.0658 -1.40367 0.5
3 817.03 90.4684 11.5823 0.5
3 868.598 114.609 3.40443 0.5
3 781.748 85.0842 -1.58719 0.5
3 777.346 113.443 -6.65472 0.5
3 844.17 111.132 10.0543 0.5
3 980.51 86.3098 6.13005 0.5
3 865.778 88.9505 10.1444 0.5
3 684.574 114.485 -3.89793 0.5
3 933.582 88.1486 9.19477 0.5
3 944.108 86.784 -7.09488 0.5
3 772.556 106.601 13.4696 0.5
3 733.538 89.3442 10.5572 0.5
3 767.794 94.9924 14.1394 0.5
3 887.538 111.11 -10.0785 0.5
3 700.695 100.102 -14.9997 0.5
3 972.049 114.948 -1.25116 0.5
3 763.158 87.523 8.32619 0.5
3 956.905 93.1186 13.3284 0.5
3 840.643 110.717 -10.4954 0.5
3 957.347 107.611 -12.9258 0.5
3 865.609 110.409 -10.8009 0.5
3 783.511 113.895 -5.65003 0.5
3 838.312 90.8792 11.9084 0.5
3 977.553 92.6445 13.0728 0.5
3 810.206 88.9693 10.1648 0.5
3 891.903 113.549 -6.436 0.5
3 921.837 105.694 13.8775 0.5
3 824.748 113.423 6.69551 0.5
3 976.905 103.361 -14.6186 0.5
3 902.166 92.6386 -13.0694 0.5
3 693.031 114.067 5.20883 0.5
3 905.627 97.7195 -14.8256 0.5
3 888.281 109.266 -11.7955 0.5
3 754.269 107.377 -13.0606 0.5
3 833.982 87.4545 8.22257 0.5
3 883.189 112.475 -8.32923 0.5
3 935.018 109.383 -11.7032 0.5
3 988.397 91.3718 -12.27 0.5
3 792.676 103.059 -14.6848 0.5
3 729.497 97.7085 -14.8239 0.5
3 693.768 102.494 14.7912 0.5
3 903.366 97.0487 14.7068 0.5
3 706.292 86.8928 -7.29397 0.5
3 697.614 90.9127 11.934 0.5
3 859.242 91.5772 12.412 0.5
3 802.066 87.9391 8.91825 0.5
3 941.363 114.366 4.31394 0.5
3 933.287 94.3915 -13.912 0.5
3 684.489 107.12 13.2022 0.5
3 932.317 90.4268 11.5479 0.5
3 922.746 114.998 0.235337 0.5
3 935.707 101.987 14.8678 0.5
3 733.664 87.2359 7.8789 0.5
3 914.592 101.595 -14.9149 0.5
3 669.523 86.8377 7.19401 0.5
3 830.015 94.2945 -13.8725 0.5
3 997.808 91.2779 -12.2035 0.5
3 973.609 86.707 -6.94962 0.5
3 895.284 111.572 9.54387 0.5
3 939.093 85.6719 4.43896 0.5
3 961.65 99.4449 14.9897 0.5
3 717.858 87.6477 -8.5101 0.5
3 880.689 87.2897 7.96551 0.5
3 931.738 109.419 -11.6742 0.5
3 871.203 85.9141 5.15623 0.5
3 857.933 105.549 -13.936 0.5
3 734.866 85.3731 -3.32473 0.5
3 939.927 100.001 -15 0.5
3 745.736 113.543 6.44811 0.5
3 743.279 113.698 6.11267 0.5
3 691.656 88.9116 10.1019 0.5
3 976.644 100.129 -14.9994 0.5
3 769.209 108.329 12.4749 0.5
3 942.276 85.7097 4.55946 0.5
3 672.427 114.347 4.37636 0.5
3 726.198 87.1694 -7.77018 0.5
3 853.797 102.255 -14.8296 0.5
3 779.975 100.387 14.995 0.5
3 986.329 105.381 -14.0017 0.5
3 682.678 113.454 6.63262 0.5
3 992.177 97.4102 -14.7747 0.5
3 791.854 87.5064 -8.30126 0.5
3 846.039 85.1296 1.9676 0.5
3 820.97 112.177 -8.75928 0.5
3 892.573 103.52 -14.581 0.5
3 712.038 90.4565 11.5724 0.5
3 987.417 85.3319 3.13793 0.5
3 682.907 87.996 -8.99463 0.5
3 921.331 108.553 -12.3225 0.5
3 751.214 103.412 14.6067 0.5
3 985.595 114.581 3.51911 0.5
3 887.98 90.526 11.6294 0.5
3 867.653 101.96 14.8713 0.5
3 709.314 86.6358 6.81165 0.5
3 989.878 103.502 14.5855 0.5
3 910.036 87.0093 -7.49945 0.5
3 738.367 100.258 14.9978 0.5
3 938.583 114.988 -0.594052 0.5
3 750.194 113.931 5.56184 0.5
3 984.709 97.6916 14.8213 0.5
3 870.682 97.6325 14.812 0.5
3 872.376 85.9129 -5.15315 0.5
3 724.942 114.83 -2.25019 0.5
3 925.528 93.1634 -13.3514 0.5
3 974.191 90.0869 -11.2574 0.5
3 901.557 114.145 4.99176 0.5
3 828.683 110.73 -10.4813 0.5
3 783.332 88.3153 9.40567 0.5
3 787.71 105.672 13.8862 0.5
3 753.024 90.4903 -11.6002 0.5
3 908.453 110.813 10.3957 0.5
3 669.253 96.382 -14.5571 0.5
3 717.852 112.101 8.86367 0.5
3 757.503 106.539 -13.4996 0.5
3 934.436 106.827 -13.3565 0.5
3 773.323 86.934 7.36747 0.5
3 766.122 106.591 13.4742 0.5
3 755.337 85.8778 -5.05595 0.5
3 795.877 85.4418 -3.61358 0.5
3 715.038 99.0781 14.9716 0.5
3 691.128 101.254 14.9475 0.5
3 871.884 112.693 -7.9929 0.5
3 757.7 103.365 14.6177 0.5
3 791.183 88.6225 -9.77515 0.5
3 853.848 110.307 -10.8981 0.5
3 897.111 106.991 13.271 0.5
3 778.227 107.534 12.9707 0.5
3 968.589 114.75 -2.72743 0.5
3 941.84 94.7634 14.0562 0.5
3 738.719 114.466 3.96834 0.5
3 709.427 86.5397 -6.6197 0.5
3 750.775 89.7822 -10.9817 0.5
3 973.776 108.267 12.5161 0.5
3 754.865 85.022 -0.812887 0.5
3 971.449 97.9671 -14.8616 0.5
3 902.681 89.218 -10.4283 0.5
3 738.015 97.5604 -14.8003 0.5
3 940.691 91.9927 12.684 0.5
3 901.654 95.1725 14.2019 0.5
3 812.217 102.523 -14.7864 0.5
3 695.151 110.157 11.0381 0.5
3 824.243 92.2691 -12.8543 0.5
3 878.81 87.8815 -8.83973 0.5
3 668.134 90.7319 11.7942 0.5
3 966.8 104.474 14.3171 0.5
3 901.003 109.229 -11.8247 0.5
3 743.712 109.488 11.6181 0.5
3 822.629 114.611 -3.39427 0.5
3 683.887 88.2032 -9.26476 0.5
3 724.683 96.4569 14.5755 0.5
3 785.195 87.2504 7.90241 0.5
3 706.952 111.023 10.1732 0.5
3 872.86 90.745 11.8045 0.5
3 697.264 87.932 8.90866 0.5
3 983.803 88.5988 -9.74743 0.5
3 733.456 91.23 12.1691 0.5
3 925.892 101.044 14.9636 0.5
3 905.682 98.9035 -14.9599 0.5
3 883.023 85.2306 -2.62007 0.5
3 855.245 95.6231 -14.3472 0.5
3 684.094 99.4849 -14.9912 0.5
3 894.824 89.5113 10.7232 0.5
3 735.748 105.135 14.0937 0.5
3 687.927 109.528 11.5855 0.5
3 950.726 113.73 -6.04 0.5
3 965.952 85.1474 -2.09752 0.5
3 825.638 107.82 12.8001 0.5
3 947.871 99.9298 14.9998 0.5
3 968.025 103.67 -14.5441 0.5
3 844.913 103.544 14.5753 0.5
3 993.538 96.3789 14.5564 0.5
3 815.133 114.49 3.87984 0.5
3 771.196 86.1139 -5.6724 0.5
3 764.02 90.424 -11.5456 0.5
3 853.213 95.6923 -14.3681 0.5
3 785.501 90.8686 11.9003 0.5
3 954.574 113.389 -6.76301 0.5
3 672.078 111.25 -9.92119 0.5
3 891.331 90.9394 -11.9543 0.5
3 770.322 94.572 13.9834 0.5
3 918.866 85.1836 -2.33951 0.5
3 925.376 109.053 -11.9599 0.5
3 806.948 111.105 10.0835 0.5
3 808.204 86.6105 -6.76175 0.5
3 891.28 96.1612 14.5005 0.5
3 675.2 96.7093 14.6346 0.5
3 735.512 114.583 -3.5137 0.5
3 780.784 108.773 12.167 0.5
3 731.832 85.3788 3.3496 0.5
3 977.154 95.602 -14.3408 0.5
3 729.297 111.862 9.18145 0.5
3 949.434 110.545 -10.6681 0.5
3 984.955 85.0004 -0.105753 0.5
3 674.291 99.6083 14.9949 0.5
3 802.055 105.834 -13.8189 0.5
3 811.744 85.1681 -2.23955 0.5
3 892.944 93.2108 13.3756 0.5
3 680.556 113.64 6.24102 0.5
3 740.548 86.3468 6.21216 0.5
3 997.775 93.8909 13.6996 0.5
3 967.836 87.9085 -8.87666 0.5
3 909.118 86.3954 -6.31778 0.5
3 789.94 101.847 14.8858 0.5
3 849.045 85.2577 -2.76847 0.5
3 745.893 86.6448 -6.82919 0.5
3 786.778 86.8101 -7.14322 0.5
3 946.873 114.997 -0.317634 0.5
3 774.908 92.6181 -13.0578 0.5
