0 102.22 187.413 48.5689 0.5
0 295.763 4.25211 -28.8503 0.5
0 306.159 7.90417 -38.9661 0.5
0 150.849 187.188 -48.9722 0.5
0 67.7881 142.31 -90.6082 0.5
0 268.346 25.284 66.4644 0.5
0 160.787 90.35 -99.5333 0.5
0 102.77 176.964 63.8482 0.5
0 332.035 7.11576 -37.0475 0.5
0 224.851 92.6648 -99.7306 0.5
0 65.379 34.2693 -75.3623 0.5
0 100.391 122.401 97.4588 0.5
0 157.723 189.759 -44.0835 0.5
0 168.728 107.412 -99.7249 0.5
0 205.126 188.441 46.6712 0.5
0 222.915 199.403 10.9111 0.5
0 155.146 88.9269 99.385 0.5
0 78.0331 0.381209 8.72333 0.5
0 30.6344 46.0227 84.181 0.5
0 271.594 125.904 96.5866 0.5
0 248.539 27.5568 -68.9347 0.5
0 250.067 13.8919 50.8468 0.5
0 79.7801 18.3553 57.742 0.5
0 327.063 190.268 -43.0307 0.5
0 22.01 34.8538 75.8681 0.5
0 203.109 2.05623 20.1747 0.5
0 23.6436 199.576 -9.20222 0.5
0 65.7876 90.3091 -99.5293 0.5
0 67.8946 138.33 -92.3625 0.5
0 287.01 5.92025 -33.8969 0.5
0 237.938 32.4745 73.7585 0.5
0 157.487 125.728 -96.6336 0.5
0 91.9684 151.309 85.8337 0.5
0 210.082 188.035 47.4331 0.5
0 241.694 99.3937 -99.9982 0.5
0 44.5099 20.1374 60.1827 0.5
0 297.942 46.0134 -84.1751 0.5
0 39.3141 189.876 43.844 0.5
0 201.504 21.2274 61.6026 0.5
0 128.981 12.862 49.061 0.5
0 171.485 57.9901 -90.7478 0.5
0 116.031 197.574 21.8928 0.5
0 166.071 16.551 -55.1023 0.5
0 10.0141 180.837 58.8672 0.5
0 134.228 14.9285 52.5627 0.5
0 230.876 106.26 -99.8039 0.5
0 73.919 135.415 -93.5187 0.5
0 258.748 177.55 63.1342 0.5
0 1.15039 138.239 92.4001 0.5
0 213.048 191.999 39.1943 0.5
0 318.115 128.369 -95.8915 0.5
0 140.635 120.152 -97.9484 0.5
0 159.611 181.688 -57.6801 0.5
0 130.552 166.257 -74.8997 0.5
0 201.994 5.53909 -32.8198 0.5
0 308.657 10.2716 -44.1453 0.5
0 307.307 1.78452 18.8074 0.5
0 184.17 182.387 56.6784 0.5
0 5.49453 19.2757 59.022 0.5
0 37.5438 52.0954 87.779 0.5
0 162.043 5.19371 31.8083 0.5
0 315.365 183.465 55.0788 0.5
0 191.596 188.617 -46.3354 0.5
0 193.714 172.426 68.9525 0.5
0 293.512 5.45165 32.567 0.5
0 222.69 186.719 49.7984 0.5
0 173.675 162.592 -77.9889 0.5
0 5.92711 149.461 -86.9115 0.5
0 194.872 36.9355 -77.6072 0.5
0 25.7019 72.6445 96.1856 0.5
0 21.6714 16.0966 54.4079 0.5
0 76.7413 198.591 16.7247 0.5
0 211.311 104.228 -99.9106 0.5
0 255.987 199.618 8.72762 0.5
0 112.064 181.134 -58.4573 0.5
0 74.2687 134.274 -93.9431 0.5
0 19.2336 186.241 50.6215 0.5
0 234.65 2.58792 22.6028 0.5
0 47.1573 141.808 90.8412 0.5
0 106.549 72.9311 96.2667 0.5
0 166.121 45.4447 -83.8077 0.5
0 32.0711 78.5714 -97.6771 0.5
0 276.434 164.538 -76.3861 0.5
0 121.382 68.277 94.8349 0.5
0 140.753 193.928 -34.3138 0.5
0 244.307 15.1857 -52.9767 0.5
0 59.6119 162.013 -78.4499 0.5
0 316.328 3.92395 -27.7379 0.5
0 317.544 40.0453 80.034 0.5
0 81.3863 134.694 -93.7887 0.5
0 310.145 171.04 -70.3799 0.5
0 262.709 79.81 97.9406 0.5
0 29.413 190.691 42.1325 0.5
0 295.696 109.223 -99.5738 0.5
0 332.964 10.8682 45.3379 0.5
0 187.266 0.117154 4.83913 0.5
0 168.343 157.984 -81.4733 0.5
0 22.5635 69.7926 95.3284 0.5
0 140.6 199.664 8.18871 0.5
0 152.679 190.523 -42.493 0.5
0 207.464 190.733 42.041 0.5
0 145.998 144.249 -89.6773 0.5
0 119.532 148.923 87.2153 0.5
0 273.875 199.989 1.50774 0.5
0 93.2455 161.021 -79.2241 0.5
0 73.4529 173.791 -67.49 0.5
0 284.981 156.307 -82.6407 0.5
0 19.6802 56.513 90.0493 0.5
0 250.362 152.677 -85.001 0.5
0 109.588 185.343 -52.1208 0.5
0 53.7987 6.86016 36.4002 0.5
0 252.406 8.83754 -41.1024 0.5
0 207.985 82.5865 -98.4722 0.5
0 281.451 44.9306 -83.4707 0.5
0 87.0248 24.0043 -64.9974 0.5
0 282.686 193.414 35.6908 0.5
0 164.96 199.827 5.87534 0.5
0 292.997 179.602 60.5264 0.5
0 229.841 18.147 -57.4463 0.5
0 29.1455 151.998 85.4176 0.5
0 110.51 54.9628 89.2841 0.5
0 286.424 197.307 -23.0522 0.5
0 310.322 158.271 -81.2677 0.5
0 128.005 121.444 97.6737 0.5
0 298.902 53.4979 -88.53 0.5
0 216.992 21.4431 -61.8773 0.5
0 152.819 174.615 66.5773 0.5
0 213.94 44.472 -83.1664 0.5
0 327.224 99.2199 -99.997 0.5
0 222.319 40.5657 -80.4212 0.5
0 50.3454 25.695 66.9235 0.5
0 328.476 60.6548 91.9345 0.5
0 243.192 1.93604 19.5821 0.5
0 204.375 109.218 -99.5742 0.5
0 50.7459 174.014 67.2454 0.5
0 96.4332 35.6585 76.5517 0.5
0 51.0659 191.174 -41.0771 0.5
0 280.839 0.308167 -7.84465 0.5
0 93.245 72.6499 -96.1872 0.5
0 266.842 102.033 99.9793 0.5
0 195.576 190.048 -43.4899 0.5
0 89.4925 44.4519 -83.1529 0.5
0 302.632 102.088 -99.9782 0.5
0 266.199 136.056 -93.2737 0.5
0 205.569 13.2035 49.6625 0.5
0 163.679 199.961 2.78222 0.5
0 16.287 34.569 -75.6226 0.5
0 245.337 115.117 98.8508 0.5
0 270.785 183.44 -55.1165 0.5
0 0.823157 79.5676 -97.8903 0.5
0 21.2557 90.2708 -99.5256 0.5
0 114.959 102.185 -99.9761 0.5
0 253.284 28.2068 69.6113 0.5
0 314.737 197.573 -21.8981 0.5
0 34.603 103.89 -99.9243 0.5
0 327.932 33.7459 74.9025 0.5
0 238.677 124.397 -96.9783 0.5
0 302.085 0.290703 7.61945 0.5
0 140.83 18.2454 -57.5863 0.5
0 222.208 153.989 84.1739 0.5
0 140.336 194.741 -32.0018 0.5
0 139.979 4.58586 -29.9356 0.5
0 305.16 88.3112 -99.3145 0.5
0 263.06 166.188 -74.9611 0.5
0 1.79027 0.0900593 4.24308 0.5
0 196.529 39.9308 79.9481 0.5
0 243.726 197.442 22.4725 0.5
0 101.887 121.712 -97.6145 0.5
0 53.7989 198.594 -16.7071 0.5
0 177.111 3.71204 -26.9931 0.5
0 291.605 195.02 -31.1638 0.5
0 175.414 181.245 -58.3028 0.5
0 252.645 50.6143 86.9543 0.5
0 83.7238 119.327 98.1145 0.5
0 162.559 190.093 -43.3965 0.5
0 74.8945 163.471 77.2751 0.5
0 125.15 90.2973 -99.5282 0.5
0 53.0836 27.5298 -68.9062 0.5
0 177.263 170.817 70.6039 0.5
0 329.704 25.6246 66.8453 0.5
0 242.247 188.677 46.2213 0.5
0 258.662 182.064 57.1445 0.5
0 327.502 199.919 -4.03584 0.5
0 307.499 166.097 -75.0413 0.5
0 45.0358 104.887 99.8805 0.5
0 32.7814 199.818 6.02509 0.5
0 141.165 81.7824 98.3266 0.5
0 280.596 48.0975 -85.4759 0.5
0 78.1911 2.26775 -21.1756 0.5
0 64.9867 199.379 11.1267 0.5
0 3.7622 37.9368 78.4102 0.5
0 193.838 85.265 98.9084 0.5
0 25.6244 6.86051 -36.401 0.5
0 42.9164 44.2434 -83.0133 0.5
0 182.161 122.373 97.4652 0.5
0 326.372 128.074 95.9783 0.5
0 246.589 154.297 83.975 0.5
0 243.139 184.248 -53.8733 0.5
0 66.422 136.949 92.9234 0.5
0 232.765 14.0458 51.1065 0.5
0 131.616 185.511 51.844 0.5
0 183.727 198.911 14.7203 0.5
0 84.8249 199.806 6.23042 0.5
0 313.899 130.386 -95.2718 0.5
0 297.364 173.782 67.4996 0.5
0 301.083 9.70303 42.9704 0.5
0 72.875 18.4743 57.9099 0.5
0 243.419 3.34057 25.6311 0.5
0 236.122 185.517 51.8343 0.5
0 315.271 57.2758 -90.4137 0.5
0 151.998 30.4905 -71.8918 0.5
0 69.3363 133.935 -94.0662 0.5
0 182.539 199.605 8.88316 0.5
0 5.99045 171.847 -69.5562 0.5
0 180.983 17.9737 57.1987 0.5
0 106.348 126.943 96.3021 0.5
0 256.76 3.41768 -25.9202 0.5
0 167.666 195.148 -30.7718 0.5
0 259.375 188.918 -45.7549 0.5
0 166.282 1.0957 -14.7628 0.5
0 16.5388 142.978 90.2932 0.5
0 291.497 1.49289 17.2148 0.5
0 30.3306 169.077 -72.3072 0.5
0 278.255 3.88494 -27.6025 0.5
0 210.197 199.357 11.3196 0.5
0 287.566 152.818 84.913 0.5
0 247.624 1.53987 17.4815 0.5
0 195.698 114.054 -99.0074 0.5
0 309.372 37.9894 -78.4518 0.5
0 164.735 129.145 95.6587 0.5
0 164.571 158.817 -80.8734 0.5
0 11.9131 50.4569 -86.8647 0.5
0 30.5003 122.118 -97.5233 0.5
0 26.5421 33.4722 74.6596 0.5
0 33.7043 0.860741 13.0923 0.5
0 38.9613 9.43833 -42.4097 0.5
0 228.207 4.32771 -29.1 0.5
0 229.47 62.05 -92.5192 0.5
0 242.573 166.657 -74.544 0.5
0 289.785 199.956 2.98006 0.5
0 111.879 182.335 56.7529 0.5
0 213.139 0.265485 -7.28193 0.5
0 280.409 75.9377 -97.0619 0.5
0 40.571 4.59372 -29.9607 0.5
0 184.546 61.0308 92.0945 0.5
0 168.034 31.6592 73.0036 0.5
0 113.634 79.4195 97.8593 0.5
0 111.067 188.205 47.1156 0.5
0 150.543 81.5932 -98.2914 0.5
0 244.14 7.24852 -37.3786 0.5
0 286.344 85.6085 98.959 0.5
0 114.096 0.00123115 0.496214 0.5
0 50.235 197.988 19.957 0.5
0 298.536 195.975 28.0867 0.5
0 216.717 199.804 -6.26266 0.5
0 15.259 2.90871 -23.9433 0.5
0 19.4838 198.715 15.979 0.5
0 200.908 153.587 -84.4299 0.5
0 306.602 177.359 63.3684 0.5
0 309.683 184.394 -53.6436 0.5
0 74.2511 0.495264 -9.9402 0.5
0 3.68705 60.1524 91.7179 0.5
0 305.978 11.4858 -46.5322 0.5
0 242.248 107.573 99.7128 0.5
0 328.288 25.7268 -66.9588 0.5
0 95.1464 2.32589 21.4422 0.5
0 228.751 70.1725 -95.448 0.5
0 179.695 93.7154 -99.8023 0.5
0 128.166 179.424 60.7603 0.5
0 17.2984 93.2581 99.7725 0.5
0 265.586 90.975 -99.5919 0.5
0 320.362 71.929 95.9793 0.5
0 316.744 7.08972 -36.9822 0.5
0 45.3604 199.348 11.4039 0.5
0 124.545 62.938 -92.8785 0.5
0 156.06 175.843 -65.1755 0.5
0 122.124 199.9 -4.46064 0.5
0 1.36839 6.58358 -35.6843 0.5
0 290.187 53.8658 88.7222 0.5
0 217.206 193.029 -36.6814 0.5
0 7.27767 9.69951 42.963 0.5
0 322.713 4.9692 31.1311 0.5
0 75.9202 41.1442 80.8455 0.5
0 270.948 56.3554 -89.9731 0.5
0 250.178 191.608 40.1003 0.5
0 63.8045 2.80811 -23.5316 0.5
0 84.5937 0.0807039 4.01675 0.5
0 97.85 21.9867 62.5613 0.5
0 133.628 175.012 66.13 0.5
0 2.70111 30.6977 -72.0916 0.5
0 246.847 78.8553 97.7389 0.5
0 268.059 76.3285 -97.1579 0.5
0 51.1803 99.2535 99.9972 0.5
0 10.4551 80.648 98.1096 0.5
0 79.2323 180.058 -59.923 0.5
0 156.201 125.004 96.8234 0.5
0 121.494 74.9913 -96.8223 0.5
0 121.562 0.640875 11.3033 0.5
0 292.749 42.704 81.9583 0.5
0 61.1655 8.72196 -40.8451 0.5
0 209.489 176.542 64.3536 0.5
0 80.5812 156.505 -82.5057 0.5
0 105.828 4.65383 -30.1514 0.5
0 308.04 199.078 -13.5478 0.5
0 122.496 109.584 -99.5397 0.5
0 279.063 188.075 47.3581 0.5
0 239.851 76.6545 97.2368 0.5
0 198.742 184.137 -54.0459 0.5
0 160.018 8.61705 40.6098 0.5
0 51.7835 1.00006 -14.1072 0.5
0 278.778 74.7952 96.7715 0.5
0 138.621 1.56645 17.6306 0.5
0 10.9909 173.192 -68.1386 0.5
0 125.96 185.24 -52.2888 0.5
0 27.218 159.549 -80.3361 0.5
0 192.549 140.872 91.2659 0.5
0 305.182 172.948 68.4001 0.5
0 266.487 82.9019 98.5274 0.5
0 5.82154 140.663 91.3593 0.5
0 23.1787 197.7 -21.3257 0.5
0 207.433 1.39602 16.651 0.5
0 191.573 9.7008 -42.9657 0.5
0 311.058 184.883 52.8664 0.5
0 67.2794 56.9797 -90.2732 0.5
0 192.411 196.315 -26.8966 0.5
0 87.3738 118.324 -98.3068 0.5
0 292.761 13.1057 49.4913 0.5
0 328.229 45.5684 83.888 0.5
0 331.08 143.951 89.8238 0.5
0 136.481 116.263 98.6687 0.5
0 200.375 28.1013 -69.5023 0.5
0 111.546 174.08 -67.1721 0.5
0 181.749 10.8835 45.3679 0.5
0 329.897 146.863 88.3394 0.5
0 330.6 11.9887 47.4764 0.5
0 120.473 156.374 -82.5955 0.5
0 108.995 122.379 -97.4637 0.5
0 192.819 6.10858 34.4151 0.5
0 92.4115 106.705 -99.775 0.5
0 63.5839 6.75092 36.1194 0.5
0 22.4892 25.0032 -66.1475 0.5
0 272.548 190.197 43.179 0.5
0 4.18336 105.618 99.8421 0.5
0 100.564 67.9252 94.7165 0.5
0 242.301 196.304 -26.937 0.5
0 45.7723 153.443 -84.5214 0.5
0 332.639 181.128 -58.4656 0.5
0 247.162 31.8837 -73.2132 0.5
0 38.8561 104.55 99.8964 0.5
0 333.294 177.537 63.1507 0.5
0 308.198 191.208 -41.0014 0.5
0 225.078 198.157 -19.1113 0.5
0 267.272 12.9063 -49.1394 0.5
0 252.604 168.968 72.4117 0.5
0 145.83 191.823 -39.6058 0.5
0 312.232 198.013 -19.8334 0.5
0 32.7396 95.7025 99.9076 0.5
0 155.576 199.839 5.67966 0.5
0 309.522 5.65307 33.146 0.5
0 226.566 193.52 -35.4112 0.5
0 260.511 197.393 -22.6838 0.5
0 222.974 87.6773 -99.2379 0.5
0 163.491 5.65338 33.1469 0.5
0 250.47 21.8097 -62.34 0.5
0 327.411 148.302 -87.5607 0.5
0 36.3514 177.205 -63.5559 0.5
0 112.887 37.9727 -78.4386 0.5
0 191.428 36.4487 77.209 0.5
0 88.5069 67.5714 -94.5959 0.5
0 304.771 189.778 44.0441 0.5
0 230.089 188.847 45.8928 0.5
0 13.7021 165.982 75.1427 0.5
0 110.699 6.5321 35.5493 0.5
0 298.698 199.989 1.50667 0.5
0 9.29118 199.961 -2.78836 0.5
0 89.0064 198.88 14.9253 0.5
0 298.797 0.0495804 -3.14859 0.5
0 104.198 137.205 92.8214 0.5
0 265.751 135.256 93.5789 0.5
0 211.72 155.478 -83.1995 0.5
0 37.7107 12.5191 -48.4467 0.5
0 258.897 40.1528 -80.1144 0.5
0 116.124 0.0974709 4.41415 0.5
0 300.243 193.222 -36.189 0.5
0 259.462 56.7384 -90.1578 0.5
0 140.755 90.7143 -99.5679 0.5
0 93.8868 199.419 -10.7679 0.5
0 297.152 73.3806 96.3919 0.5
0 71.4539 127.564 -96.126 0.5
0 74.4298 80.7607 98.1318 0.5
0 189.11 77.4151 -97.4162 0.5
0 83.8706 178.729 -61.6579 0.5
0 230.419 86.7161 99.1138 0.5
0 275.237 20.4727 60.6251 0.5
0 328.219 63.0094 92.9069 0.5
0 222.135 89.1759 99.4125 0.5
0 148.612 19.1261 58.8168 0.5
0 7.52076 18.7089 -58.2388 0.5
0 6.69354 49.4724 -86.2958 0.5
0 163.37 1.56478 -17.6212 0.5
0 314.255 168.619 72.7422 0.5
0 154.507 164.17 -76.6956 0.5
0 21.993 121.331 97.6985 0.5
0 114.081 91.0441 -99.5982 0.5
0 168.97 16.5486 55.0987 0.5
0 17.6728 0.790506 12.549 0.5
0 283.225 5.13602 31.6358 0.5
0 56.6073 89.9799 99.4967 0.5
0 206.104 3.89078 27.6228 0.5
0 180.554 148.58 87.4072 0.5
0 160.455 190.521 -42.4957 0.5
0 157.842 144.912 89.3469 0.5
0 217.16 1.04912 -14.4473 0.5
0 19.1798 166.263 -74.895 0.5
0 175.363 193.244 -36.1334 0.5
0 266.874 20.2064 60.2742 0.5
0 300.771 104.588 99.8947 0.5
0 171.892 49.1789 -86.1232 0.5
0 8.66207 70.2931 -95.4856 0.5
0 237.211 134.937 -93.6985 0.5
0 28.6677 180.365 59.51 0.5
0 199.934 12.5177 48.4443 0.5
0 62.5361 144.614 89.4965 0.5
0 203.864 95.9245 -99.9169 0.5
0 323.745 97.4693 -99.968 0.5
0 79.8675 186.951 49.3919 0.5
0 317.16 3.21414 -25.1495 0.5
0 31.7564 131.788 94.813 0.5
0 132.593 4.71539 30.3454 0.5
0 218.486 14.623 -52.0651 0.5
0 263.506 76.212 97.1295 0.5
0 268.398 199.486 10.1268 0.5
0 297.855 62.0547 92.5211 0.5
0 318.095 72.1854 96.0539 0.5
0 129.6 52.6831 -88.0972 0.5
0 269.625 78.9299 97.7551 0.5
0 193.583 199.985 -1.72479 0.5
0 304.217 188.492 -46.575 0.5
0 193.881 94.9911 99.8745 0.5
0 125.135 48.7251 -85.8538 0.5
0 127.463 7.35502 37.6418 0.5
0 144.06 38.4042 -78.7779 0.5
0 171.865 2.7773 23.404 0.5
0 315.055 37.7433 78.2566 0.5
0 30.0548 84.7367 -98.8283 0.5
0 18.623 196.726 -25.3787 0.5
0 120.367 4.73605 30.4102 0.5
0 284.185 157.925 -81.5153 0.5
0 150.735 93.3037 99.7755 0.5
0 101.396 53.5313 -88.5475 0.5
0 23.7335 34.2664 -75.3598 0.5
0 249.252 196.438 -26.4503 0.5
0 324.29 191.253 -40.9016 0.5
0 172.408 138.469 92.3045 0.5
0 281.263 79.8431 -97.9474 0.5
0 228.086 172.775 -68.5843 0.5
0 178.034 54.4078 -89.002 0.5
0 106.216 142.01 -90.7476 0.5
0 161.071 23.1709 -64.0101 0.5
0 7.29036 91.8091 -99.664 0.5
0 31.6335 13.9431 50.9335 0.5
0 217.876 193.64 -35.0937 0.5
0 32.127 192.433 38.1583 0.5
0 32.3904 154.826 83.6307 0.5
0 277.316 193.373 -35.7984 0.5
0 191.02 131.585 -94.881 0.5
0 103.286 120.252 -97.9278 0.5
0 293.172 110.954 99.3983 0.5
0 204.109 185.542 51.7943 0.5
0 150.977 79.4102 97.8573 0.5
0 188.968 111.005 -99.3926 0.5
0 297.878 176.96 63.8529 0.5
0 15.3523 171.93 -69.4704 0.5
0 247.256 65.4324 93.8354 0.5
0 213.529 81.3781 98.2508 0.5
0 238.29 178.079 62.4788 0.5
0 109.762 158.482 -81.1165 0.5
0 56.6284 169.703 71.7047 0.5
0 266.419 186.385 -50.3754 0.5
0 191.549 128.045 95.987 0.5
0 1.16746 39.1965 79.391 0.5
0 174.111 199.91 4.23023 0.5
0 74.5239 186.351 50.4323 0.5
0 207.231 20.6091 60.8037 0.5
0 156.793 198.636 -16.4586 0.5
0 186.456 185.47 -51.9119 0.5
0 328.554 12.0873 -47.6588 0.5
0 181.273 195.871 -28.4382 0.5
0 1.48712 44.3055 83.0549 0.5
0 176.64 194.656 32.2518 0.5
0 166.663 20.872 61.1454 0.5
0 169.152 58.6023 -91.0288 0.5
0 24.8843 0.0708542 3.76375 0.5
0 179.894 0.0832107 -4.07863 0.5
0 110.274 156.485 -82.5191 0.5
0 207.703 94.1687 -99.8298 0.5
0 143.191 197.973 20.0301 0.5
0 87.5331 41.661 -81.2192 0.5
0 166.806 72.0352 96.0103 0.5
0 262.673 44.7929 83.3797 0.5
0 114.629 0.313734 -7.91507 0.5
0 23.2283 191.455 40.4473 0.5
0 317.289 2.6804 22.9977 0.5
0 255.734 149.752 86.7453 0.5
0 253.218 15.0731 52.7961 0.5
0 225.421 172.938 -68.4108 0.5
0 19.5642 129.772 95.4652 0.5
0 113.805 141.098 91.1643 0.5
0 214.485 7.77862 38.668 0.5
0 281.964 91.0867 -99.602 0.5
0 128.188 176.534 64.3623 0.5
0 20.0958 1.40057 16.6779 0.5
0 129.551 189.235 -45.1349 0.5
0 13.6955 152.157 -85.3206 0.5
0 118.986 199.015 -13.9979 0.5
0 167.236 6.99693 36.7482 0.5
0 169.426 186.348 -50.4377 0.5
0 39.2886 170.083 -71.333 0.5
0 189.027 0.723518 12.0075 0.5
0 118.828 9.18308 41.8603 0.5
0 98.2987 27.1518 68.5065 0.5
0 2.76284 191.712 -39.8618 0.5
0 71.467 43.2155 -82.3135 0.5
0 325.477 199.125 13.1961 0.5
0 184.69 5.43912 32.5306 0.5
0 322.39 148.736 -87.32 0.5
0 103.469 69.055 95.0916 0.5
0 53.1339 0.407454 9.01803 0.5
0 22.7483 17.7086 56.8166 0.5
0 268.842 0.237451 -6.88722 0.5
0 1.52387 193.388 -35.7597 0.5
0 297.418 34.0685 75.1867 0.5
0 125.354 199.481 -10.1719 0.5
0 318.371 19.8086 59.744 0.5
0 301.609 189.367 44.8721 0.5
0 164.256 5.98542 -34.0773 0.5
0 219.501 35.8665 -76.7261 0.5
0 20.5569 168.051 -73.2736 0.5
0 141.491 196.944 -24.5312 0.5
0 248.976 112.837 99.1727 0.5
0 92.9574 173.271 -68.0542 0.5
0 24.1301 102.366 99.972 0.5
0 301.647 190.363 42.8321 0.5
0 152.637 49.7223 -86.4416 0.5
0 331.524 192.032 -39.1176 0.5
0 149.213 51.2375 -87.3053 0.5
0 96.4205 103.517 99.9382 0.5
0 303.059 189.076 -45.4467 0.5
0 136.288 25.5882 -66.8048 0.5
0 115.098 195.965 -28.1192 0.5
0 26.7693 5.82558 33.633 0.5
0 103.129 18.4088 -57.8176 0.5
0 140.665 0.98788 14.0214 0.5
0 140.202 147.921 87.7701 0.5
0 3.24053 2.98555 -24.2528 0.5
0 185.286 12.4131 -48.2549 0.5
0 186.262 149.149 -87.0884 0.5
0 138.828 115.159 -98.8444 0.5
0 145.088 93.5313 -99.7906 0.5
0 168.93 108.75 99.6164 0.5
0 59.1096 6.14273 -34.5082 0.5
0 159.468 173.15 68.1846 0.5
0 292.982 179.765 -60.3126 0.5
0 10.6662 19.8065 -59.7411 0.5
0 298.623 170.857 70.564 0.5
0 18.2227 199.998 0.578981 0.5
0 170.057 171.486 -69.9269 0.5
0 114.243 40.5491 80.4089 0.5
0 305.483 40.2385 -80.1784 0.5
0 147.474 116.424 -98.6421 0.5
0 57.2933 8.19728 -39.6517 0.5
0 191.564 42.1472 -81.5662 0.5
0 259.324 136.3 -93.1787 0.5
0 248.558 194.542 -32.585 0.5
0 138.636 140.157 91.583 0.5
0 255.279 159.363 80.4735 0.5
0 300.86 162.446 78.1056 0.5
0 103.304 12.3139 48.0743 0.5
0 213.311 140.925 -91.2424 0.5
0 319.062 173.736 67.5504 0.5
0 267.268 104.783 -99.8856 0.5
0 299.751 0.599019 -10.9291 0.5
0 48.7685 42.0689 81.5107 0.5
0 204.971 180.946 -58.7178 0.5
0 217.645 157.349 -81.9214 0.5
0 248.257 199.353 11.3576 0.5
0 259.748 196.109 -27.6219 0.5
0 274.075 173.994 -67.2668 0.5
0 61.901 199.384 11.0841 0.5
0 35.2107 95.0069 -99.8753 0.5
0 305.63 60.8917 -92.0355 0.5
0 285.374 160.512 79.6135 0.5
0 249.763 180.291 -59.6099 0.5
0 19.0024 147.874 87.7956 0.5
0 277.986 199.37 11.2117 0.5
0 123.693 196.665 25.6096 0.5
0 190.203 119.061 98.1666 0.5
0 68.0757 195.123 -30.8492 0.5
0 313.079 11.336 46.246 0.5
0 116.931 113.597 -99.0712 0.5
0 59.1616 159.776 -80.1678 0.5
0 103.834 186.894 -49.491 0.5
0 42.1401 84.1973 98.7435 0.5
0 17.2677 0.191769 -6.19007 0.5
0 323.691 44.8135 -83.3933 0.5
0 254.31 10.3712 -44.3473 0.5
0 56.4238 174.622 -66.5702 0.5
0 292.178 44.4529 -83.1536 0.5
0 187.732 161.344 -78.9741 0.5
0 210.294 104.414 -99.9026 0.5
0 249.477 23.3393 64.2116 0.5
0 207.894 9.56315 42.6752 0.5
0 255.245 154.49 83.8504 0.5
0 290.566 170.925 70.4954 0.5
0 237.586 177.206 63.5549 0.5
0 154.517 81.167 -98.2106 0.5
0 152.138 190.178 43.2187 0.5
0 79.8576 164.768 -76.1912 0.5
0 165.592 0.73801 -12.1267 0.5
0 199.269 109.775 -99.5211 0.5
0 292.787 39.5686 79.6746 0.5
0 308.692 191.95 39.3092 0.5
0 138.643 199.87 -5.0994 0.5
0 67.5224 26.3764 67.6725 0.5
0 161.71 84.3178 98.7627 0.5
0 160.887 76.2794 97.1459 0.5
0 176.88 109.659 -99.5325 0.5
0 31.6482 185.821 -51.33 0.5
0 75.2868 130.708 95.1682 0.5
0 175.207 199.182 12.7661 0.5
0 101.532 66.13 -94.0894 0.5
0 332.734 85.0159 -98.871 0.5
0 204.649 133.662 -94.1639 0.5
0 76.2914 99.4218 99.9983 0.5
0 216.501 186.416 50.3222 0.5
0 113.029 193.598 35.2062 0.5
0 87.0426 78.2171 97.5987 0.5
0 14.1611 166.778 74.4359 0.5
0 256.327 196.665 -25.6095 0.5
0 157.289 67.0934 94.4307 0.5
0 136.649 20.7203 60.9486 0.5
0 154.932 64.9417 -93.6532 0.5
0 204.372 181.509 57.9328 0.5
0 287.302 35.0345 -76.0229 0.5
0 121.154 10.3754 -44.3557 0.5
0 301.44 49.521 86.3242 0.5
0 291.987 52.8102 88.1653 0.5
0 303.316 103.651 -99.9333 0.5
0 41.5172 1.87726 -19.2854 0.5
0 226.324 0.575567 10.7136 0.5
0 180.321 169.237 -72.1546 0.5
0 102.016 23.9091 -64.8858 0.5
0 246.953 129.255 -95.6251 0.5
0 173.468 175.806 -65.2188 0.5
0 107.085 2.30626 -21.3526 0.5
0 200.011 32.2226 -73.527 0.5
0 67.2765 18.9106 -58.5194 0.5
0 208.062 145.719 88.9369 0.5
0 239.309 74.0887 96.5847 0.5
0 103.973 95.0354 -99.8767 0.5
0 194.325 5.04651 -31.3661 0.5
0 152.499 132.702 94.5018 0.5
0 79.3293 82.7327 98.4979 0.5
0 291.503 199.932 -3.68124 0.5
0 321.409 143.505 -90.0404 0.5
0 263.152 4.56341 29.864 0.5
0 292.031 40.6555 -80.4874 0.5
0 99.0917 5.0018 -31.2305 0.5
0 220.921 28.7745 -70.1921 0.5
0 332.355 23.2351 64.087 0.5
0 197.398 61.2124 -92.1712 0.5
0 297.426 103.721 -99.9308 0.5
0 66.2703 115.034 -98.8635 0.5
0 234.923 0.347834 8.33341 0.5
0 202.531 75.5241 -96.9584 0.5
0 228.058 52.7999 -88.1598 0.5
0 90.8628 156.541 82.4811 0.5
0 208.115 186.997 -49.3112 0.5
0 121.714 191.133 -41.1677 0.5
0 6.98474 65.3033 93.7877 0.5
0 66.048 161.879 78.5554 0.5
0 137.195 127.984 96.0048 0.5
0 143.982 8.43523 40.1982 0.5
0 171.707 73.5477 96.4379 0.5
0 280.856 38.1128 -78.5492 0.5
0 116.818 21.2979 61.6926 0.5
0 299.949 52.3667 -87.9265 0.5
0 13.2652 177.453 -63.2539 0.5
0 201.643 110.586 99.4381 0.5
0 302.452 168.33 73.0139 0.5
0 145.801 99.336 -99.9978 0.5
0 27.3345 63.3183 -93.0293 0.5
0 93.4564 70.5518 95.5657 0.5
0 41.4964 61.9632 92.4835 0.5
0 231.515 77.0567 -97.3324 0.5
0 88.1001 2.45207 22.0091 0.5
0 225.169 5.32403 32.1941 0.5
0 255.969 47.3909 85.0428 0.5
0 131.229 23.233 -64.0845 0.5
0 143.093 124.928 -96.8431 0.5
0 194.819 22.7363 63.4848 0.5
0 151.277 139.223 -91.9868 0.5
0 50.4128 3.79699 27.2943 0.5
0 204.876 188.692 -46.1921 0.5
0 83.2774 102.056 99.9789 0.5
0 74.8206 59.7118 -91.5252 0.5
0 37.0359 1.98673 19.8343 0.5
0 168.007 94.3149 -99.8383 0.5
0 329.214 13.2578 -49.7573 0.5
0 291.461 14.7446 52.264 0.5
0 79.3634 35.1946 -76.1594 0.5
0 273.216 8.00195 39.1964 0.5
0 121.368 129.991 -95.3967 0.5
0 240.292 11.0981 45.787 0.5
0 157.393 16.6404 55.2374 0.5
0 21.3295 29.5843 -71.0045 0.5
0 59.4071 0.0312189 -2.49856 0.5
0 136.094 179.743 -60.3416 0.5
0 104.439 199.456 10.4148 0.5
0 178.533 9.61923 42.7939 0.5
0 7.28184 119.342 -98.1117 0.5
0 200.356 164.386 -76.514 0.5
0 192.157 93.6674 -99.7993 0.5
0 116.707 199.054 -13.726 0.5
0 302.25 171.56 69.8514 0.5
0 10.2586 199.916 -4.08586 0.5
0 285.262 128.018 -95.9949 0.5
0 148.721 164.302 76.5847 0.5
0 264.378 0.173203 -5.88308 0.5
0 255.219 120.819 -97.8089 0.5
0 62.664 83.8101 98.6807 0.5
0 160.021 31.4822 -72.8375 0.5
1 363.172 -46.7602 30.9856 0.5
1 350.57 21.9218 87.6041 0.5
1 487.763 -181.175 99.0578 0.5
1 377.095 -19.8747 -89.7615 0.5
1 363.351 -51.9901 0.70065 0.5
1 378.058 55.3116 -94.476 0.5
1 470.372 -122.525 -98.8938 0.5
1 392.652 -25.9751 97.2639 0.5
1 420.85 -150.934 -11.3735 0.5
1 483.515 -70.3292 44.012 0.5
1 382.612 -76.9535 40.1157 0.5
1 334.525 196.776 15.1812 0.5
1 356.923 1.32105 81.5889 0.5
1 397.972 -82.7455 -70.6326 0.5
1 347.864 -20.1872 -31.1653 0.5
1 398.248 12.7626 -96.7732 0.5
1 378.041 -10.4988 -94.3761 0.5
1 357.184 9.78521 87.2258 0.5
1 365.376 102.331 -81.5824 0.5
1 474.433 -203.612 -80.5798 0.5
1 444.321 -110.496 98.3189 0.5
1 413.088 34.6551 68.5641 0.5
1 495.065 -274.45 33.2188 0.5
1 492.223 -94.4041 58.9176 0.5
1 413.362 -73.594 -93.6822 0.5
1 425.117 -127.481 72.8476 0.5
1 373.028 29.5132 -99.985 0.5
1 342.495 161.786 63.0066 0.5
1 363.412 70.1091 -97.5032 0.5
1 465.681 -84.3808 89.3769 0.5
1 450.942 -5.49064 18.8175 0.5
1 361.766 109.116 -81.2019 0.5
1 404.636 -67.2433 -89.9253 0.5
1 376.597 121.099 -27.8815 0.5
1 347.902 -22.1199 24.7591 0.5
1 366.134 33.9199 99.5697 0.5
1 475.33 -144.947 99.995 0.5
1 401.38 73.6617 40.2938 0.5
1 345.352 56.0279 97.2822 0.5
1 333.521 20.5098 -61.0984 0.5
1 455.919 -211.122 15.4573 0.5
1 456.041 -23.6793 -45.8762 0.5
1 361.891 -7.1335 -81.6954 0.5
1 407.503 -97.3071 72.5321 0.5
1 407.572 66.9624 -29.5081 0.5
1 398.881 66.7922 -59.5665 0.5
1 498.711 -163.256 -97.2748 0.5
1 384.557 -88.0362 -11.6903 0.5
1 491.936 -152.46 -97.4937 0.5
1 347.684 -2.64187 62.8432 0.5
1 439.105 -11.3896 -69.591 0.5
1 469.954 -85.5274 85.9542 0.5
1 442.219 -3.85093 -53.0887 0.5
1 411.117 -130.188 -29.7824 0.5
1 442.639 -16.7827 68.8327 0.5
1 444.921 -99.2179 -99.8233 0.5
1 370.309 42.375 99.7938 0.5
1 420.204 -26.8447 97.1705 0.5
1 400.511 13.2217 95.526 0.5
1 359.164 -44.6988 2.88211 0.5
1 417.424 -118.888 -68.0884 0.5
1 427.637 -153.094 44.0916 0.5
1 343.523 31.6038 86.1663 0.5
1 488.731 -252.607 55.1 0.5
1 492.222 -238.743 77.2181 0.5
1 358.911 26.433 95.622 0.5
1 407.629 -42.5714 -99.031 0.5
1 416.935 -144.175 -11.185 0.5
1 476.257 -162.733 98.8408 0.5
1 380.124 -20.3945 91.9322 0.5
1 492.323 -241.194 75.2884 0.5
1 357.376 139.66 58.2221 0.5
1 377.05 -3.19243 -96.1521 0.5
1 437.096 -72.126 99.711 0.5
1 408.871 -100.907 71.3428 0.5
1 457.214 -15.1692 -10.9561 0.5
1 360.412 -44.0601 -23.6718 0.5
1 457.89 -43.4159 69.0619 0.5
1 465.19 -112.252 -98.6904 0.5
1 338.958 -6.70349 24.4664 0.5
1 363.675 142.183 -32.0126 0.5
1 498.347 -87.4976 18.2838 0.5
1 460.412 -20.6359 10.2754 0.5
1 367.416 -29.3815 -71.0709 0.5
1 493.411 -87.7176 -44.5162 0.5
1 348.835 66.9492 -99.8075 0.5
1 396.466 -62.2481 84.8624 0.5
1 370.838 28.1998 99.7658 0.5
1 442.971 -70.5679 -98.1141 0.5
1 337.663 73.7093 -98.2184 0.5
1 454.965 -203.432 37.3602 0.5
1 442.712 -32.4563 -82.1693 0.5
1 446.856 -92.6943 -99.9226 0.5
1 382.916 98.6309 53.4602 0.5
1 371.953 -13.9292 -88.2468 0.5
1 369.249 125.158 -48.6529 0.5
1 373.834 123.257 35.7108 0.5
1 337.286 -0.207917 35.8257 0.5
1 483.823 -241.67 -58.6232 0.5
1 397.362 -5.70084 99.8647 0.5
1 454.496 -52.6541 -82.0207 0.5
1 472.371 -212.448 69.781 0.5
1 379.353 95.9428 -65.3985 0.5
1 397.195 48.2755 80.8223 0.5
1 359.939 -20.7083 66.5657 0.5
1 491.137 -73.8552 -10.2925 0.5
1 489.895 -71.9816 12.6891 0.5
1 346.88 69.3849 -99.744 0.5
1 460.747 -219.204 -17.1591 0.5
1 406.842 -8.20821 98.1565 0.5
1 359.826 20.6219 -94.2251 0.5
1 405.748 71.3736 -25.0982 0.5
1 438.393 13.5832 29.4943 0.5
1 411.478 15.6687 86.006 0.5
1 434.355 24.1311 -13.3387 0.5
1 380.44 62.8061 -89.6044 0.5
1 397.767 41.4107 84.7913 0.5
1 485.509 -259.623 27.8368 0.5
1 429.718 -97.2298 95.3031 0.5
1 458.692 -17.5401 -9.07959 0.5
1 445.652 -0.876259 -35.026 0.5
1 468.873 -220.259 -51.8678 0.5
1 450.027 -36.8995 -75.8046 0.5
1 344.865 -7.62777 -48.1337 0.5
1 478.525 -126.666 96.8727 0.5
1 400.271 -94.8035 -61.4846 0.5
1 462.433 -81.3498 -90.633 0.5
1 409.061 -7.60062 97.1842 0.5
1 462.74 -135.513 -99.351 0.5
1 372.764 110.65 61.3806 0.5
1 427.777 -90.337 -96.3542 0.5
1 448.963 -180.464 59.7481 0.5
1 474.024 -53.6664 -43.5546 0.5
1 340.729 85.0308 -99.9767 0.5
1 359.12 85.9912 95.1856 0.5
1 463.549 -29.5683 -28.0968 0.5
1 463.03 -127.862 99.9481 0.5
1 356.442 -35.8187 28.6999 0.5
1 495.621 -92.0356 -45.4872 0.5
1 454.45 -20.5882 45.2189 0.5
1 462.947 -209.468 -52.7261 0.5
1 468.437 -60.4206 67.7145 0.5
1 339.458 166.516 -63.6528 0.5
1 492.13 -76.0609 -14.2256 0.5
1 345.982 160.533 56.5996 0.5
1 381.405 -81.3595 -19.4188 0.5
1 496.689 -171.135 99.3006 0.5
1 369.65 43.4837 99.7959 0.5
1 474.218 -215.143 70.2944 0.5
1 477.897 -50.8422 -9.47668 0.5
1 361.554 144.06 -36.9102 0.5
1 368.029 75.9206 -93.2894 0.5
1 396.423 90.2764 9.47232 0.5
1 335.645 85.4236 -99.4396 0.5
1 404.354 -117.941 31.4376 0.5
1 396.181 -73.4921 76.3026 0.5
1 348.279 48.406 96.639 0.5
1 430.274 28.226 27.5398 0.5
1 405.69 74.6683 1.04065 0.5
1 383.932 83.0288 -70.7525 0.5
1 493.199 -253.618 -64.1385 0.5
1 461.35 -24.6987 -24.1765 0.5
1 405.381 39.1729 76.8683 0.5
1 343.437 115.068 -94.5478 0.5
1 345.34 178.481 11.9919 0.5
1 340.527 14.8414 68.6653 0.5
1 418.885 -26.314 -97.5802 0.5
1 362.83 21.035 -96.0363 0.5
1 367.475 -41.5435 56.6466 0.5
1 479.137 -227.246 -66.4751 0.5
1 386.399 -78.0033 50.8764 0.5
1 393.648 -8.86062 99.9035 0.5
1 426.503 -3.56547 -81.5973 0.5
1 466.911 -74.2698 82.0989 0.5
1 405.549 2.31464 96.1743 0.5
1 435.189 -174.148 -21.1895 0.5
1 358.946 -20.6587 -64.6434 0.5
1 380.257 102.939 -53.9275 0.5
1 394.482 1.8585 -99.6976 0.5
1 445.404 -194.014 4.41767 0.5
1 431.492 -32.3556 92.6378 0.5
1 360.975 38.8008 -99.1086 0.5
1 346.682 42.7017 -93.9781 0.5
1 467.119 -224.087 -38.3278 0.5
1 419.988 -135.058 -52.7306 0.5
1 466.153 -47.8363 -56.928 0.5
1 343.364 153.212 -70.8357 0.5
1 359.982 5.9045 -87.7603 0.5
1 375.253 -15.1677 90.4909 0.5
1 384.644 -64.4132 65.5267 0.5
1 409.498 -95.1371 77.4837 0.5
1 372.884 -9.20223 91.3432 0.5
1 442.046 -187.472 12.8109 0.5
1 405.976 -67.7868 -90.768 0.5
1 478.898 -117.972 93.9871 0.5
1 488.228 -263.683 29.9872 0.5
1 343.586 139.383 82.0665 0.5
1 379.811 -78.9828 17.3666 0.5
1 367.674 -29.5082 71.387 0.5
1 494.441 -94.8085 -53.8892 0.5
1 473.924 -74.2752 -72.1554 0.5
1 388.954 66.2718 -77.9751 0.5
1 355.726 52.0224 -99.5766 0.5
1 386.842 -90.9756 -18.3859 0.5
1 434.591 -45.6657 -95.4823 0.5
1 390.829 78.7019 62.2179 0.5
1 447.541 -193.99 27.3846 0.5
1 474.372 -126.519 -98.4089 0.5
1 436.687 -171.832 37.2135 0.5
1 460.023 -20.947 -17.3385 0.5
1 483.826 -108.578 -85.3665 0.5
1 399.875 69.0864 53.7284 0.5
1 416.056 16.8715 -79.8867 0.5
1 394.894 -97.3855 -41.984 0.5
1 422.448 -143.162 -45.9619 0.5
1 433.765 -147.701 -67.5354 0.5
1 479.061 -155.006 -99.9662 0.5
1 354.207 -26.9476 41.9128 0.5
1 470.602 -196.16 -81.1727 0.5
1 457.621 -15.3095 2.73527 0.5
1 459.71 -178.833 80.0425 0.5
1 333.686 164.716 -75.7127 0.5
1 417.514 -140.876 -31.0074 0.5
1 498.527 -197.434 99.3583 0.5
1 486.926 -242.643 64.2702 0.5
1 444.017 -149.972 81.2742 0.5
1 491.061 -194.467 97.7107 0.5
1 417.644 48.5197 32.5612 0.5
1 490.846 -125.379 88.0309 0.5
1 456.6 -36.2002 -63.4364 0.5
1 351.823 35.6185 94.6204 0.5
1 435.492 -114.698 -92.5996 0.5
1 492.194 -154.239 -97.7883 0.5
1 427.448 3.8104 74.397 0.5
1 333.542 31.007 72.7298 0.5
1 377.615 -45.4104 -72.6547 0.5
1 458.037 -89.0159 -96.2924 0.5
1 361.574 -5.30524 -82.5831 0.5
1 355.719 137.509 -64.6604 0.5
1 475.217 -165.989 97.9305 0.5
1 484.228 -254.233 -37.0685 0.5
1 466.673 -230.935 1.81269 0.5
1 464.535 -226.786 -9.60239 0.5
1 354.223 163.769 3.13311 0.5
1 450.152 -42.419 80.0619 0.5
1 350.601 167.52 -22.5326 0.5
1 346.796 -20.221 -24.6958 0.5
1 395.74 28.0566 93.2381 0.5
1 407.873 25.0998 -84.0333 0.5
1 444.968 -7.65987 51.5359 0.5
1 446.325 -52.1416 90.011 0.5
1 366.366 140.034 -23.3008 0.5
1 354.825 88.0311 96.7584 0.5
1 478.773 -229.453 -63.1419 0.5
1 485.847 -112.227 -85.4572 0.5
1 423.633 -156.318 4.13983 0.5
1 492.123 -231.613 -82.4526 0.5
1 480.054 -63.282 -41.7983 0.5
1 389.317 102.283 12.2302 0.5
1 462.071 -111.889 -99.383 0.5
1 478.895 -251.469 -11.3955 0.5
1 385.922 -86.7587 -29.1 0.5
1 495.764 -152.595 95.7805 0.5
1 404.22 -22.7906 100 0.5
1 407.95 -19.977 -99.5701 0.5
1 367.386 115.556 66.664 0.5
1 415.234 -85.6396 89.9053 0.5
1 401.32 -117.457 7.7289 0.5
1 485.449 -63.5026 -2.4363 0.5
1 458.217 -175.709 80.4435 0.5
1 411.315 -134.253 -12.7349 0.5
1 346.715 23.264 84.4479 0.5
1 379.53 100.104 -59.8404 0.5
1 373.052 -63.3657 -32.5003 0.5
1 490.216 -79.1856 -37.8897 0.5
1 425.398 -129.217 71.6536 0.5
1 333.338 4.2903 29.0015 0.5
1 435.119 -151.365 -66.068 0.5
1 435.9 -14.3391 77.4061 0.5
1 467.683 -167.696 -93.6762 0.5
1 441.075 11.0295 21.5792 0.5
1 350.38 -24.6392 30.8797 0.5
1 447.328 -42.2207 -83.3683 0.5
1 473.158 -192.721 86.2892 0.5
1 383.723 80.7668 73.2802 0.5
1 403.644 -76.5867 83.6441 0.5
1 495.3 -201.104 97.8616 0.5
1 459.494 -25.0383 -35.522 0.5
1 349.959 54.0133 -98.5114 0.5
1 400.042 54.7596 71.1172 0.5
1 478.274 -158.569 -99.7165 0.5
1 384.073 68.4583 -82.6175 0.5
1 395.952 67.6581 -64.8549 0.5
1 438.507 -143.233 -79.1881 0.5
1 410.642 -109.959 64.9257 0.5
1 490.723 -171.07 99.9882 0.5
1 434.191 11.4122 -50.8563 0.5
1 417.394 53.6322 -12.3917 0.5
1 478.823 -114.481 92.6963 0.5
1 454.114 -85.7193 -97.2048 0.5
1 406.951 -127.001 -10.0638 0.5
1 385.321 11.7672 -99.9836 0.5
1 458.155 -105.741 -99.4519 0.5
1 462.274 -217.129 -34.6684 0.5
1 411.601 -130.953 30.0137 0.5
1 413.443 -45.8875 99.7452 0.5
1 343.11 65.9869 98.5308 0.5
1 375.864 -37.8393 76.6924 0.5
1 492.288 -219.676 -89.6233 0.5
1 385.153 -89.0291 12.024 0.5
1 392.931 86.021 45.1096 0.5
1 434.669 -20.9963 83.8286 0.5
1 365.813 37.596 -99.8109 0.5
1 449.937 -10.9756 -41.4862 0.5
1 445.28 -64.9925 95.7313 0.5
1 452.383 -16.2356 -43.6607 0.5
1 477.844 -245.183 31.5761 0.5
1 376.539 -73.6629 -15.258 0.5
1 422.998 -107.154 85.5071 0.5
1 369.723 87.372 86.3696 0.5
1 416.282 -68.8801 -96.7704 0.5
1 367.175 2.51605 -92.1374 0.5
1 488.435 -71.3757 23.2132 0.5
1 492.931 -276.387 2.98911 0.5
1 449.443 -41.5937 -80.3621 0.5
1 493.259 -127.195 86.715 0.5
1 458.373 -210.171 35.2144 0.5
1 387.895 70.6937 -75.8237 0.5
1 415.411 3.20775 89.1151 0.5
1 490.886 -214.648 90.8636 0.5
1 433.619 -18.6549 -83.4864 0.5
1 358.983 -23.7517 60.8905 0.5
1 425.056 -14.6007 89.6683 0.5
1 348.886 73.387 -99.9995 0.5
1 436.26 -164.924 49.9195 0.5
1 368.54 5.03376 94.0473 0.5
1 394.542 -28.9043 -97.3454 0.5
1 465.351 -213.698 52.62 0.5
1 496.766 -95.7797 -48.7818 0.5
1 450.905 -138.627 -93.6798 0.5
1 468.923 -234.213 11.2524 0.5
1 407.263 -6.35322 97.6179 0.5
1 377.173 -53.3063 63.3505 0.5
1 333.902 1.9847 24.1902 0.5
1 461.715 -38.551 54.5468 0.5
1 414.344 42.2381 56.4376 0.5
1 383.97 -87.1853 -10.1811 0.5
1 460.976 -94.2247 96.3254 0.5
1 453.783 -152.679 -89.7735 0.5
1 364.311 136 44.2935 0.5
1 376.264 -47.7811 67.8909 0.5
1 462.481 -194.36 -70.7528 0.5
1 345.482 170.986 39.1238 0.5
1 391.725 90.0152 41.1229 0.5
1 441.013 -175.942 44.7375 0.5
1 423.57 -13.9887 90.6106 0.5
1 429.106 -161.328 -29.8405 0.5
1 398.481 -24.0308 -99.3717 0.5
1 424.829 -71.0022 -99.2123 0.5
1 396.923 -83.4692 67.9911 0.5
1 476.059 -193.275 -88.757 0.5
1 440.781 -180.316 -33.5265 0.5
1 423.306 -110.681 83.6193 0.5
1 439.089 -68.2068 98.8735 0.5
1 350.871 35.811 94.1101 0.5
1 434.579 -160.901 51.7997 0.5
1 452.045 -26.127 60.678 0.5
1 469.674 -38.2669 -20.474 0.5
1 433.918 -54.4816 -98.0331 0.5
1 339.923 10.2321 62.1344 0.5
1 408.521 -85.9581 -83.0319 0.5
1 383.676 19.9233 -99.7462 0.5
1 472.6 -139.299 -99.9816 0.5
1 459.788 -138.734 98.0387 0.5
1 417.961 1.44146 87.7157 0.5
1 407.926 60.7365 -43.7225 0.5
1 441.251 -166.55 60.4888 0.5
1 461.908 -204.183 57.9679 0.5
1 492.098 -79.6711 -30.2412 0.5
1 363.547 1.13098 -88.5116 0.5
1 422.327 45.6389 -6.6136 0.5
1 414.374 -128.108 47.9718 0.5
1 335.61 0.946563 -30.8887 0.5
1 340.715 187.211 0.803683 0.5
1 452.7 -144.474 92.6117 0.5
1 417.816 -146.276 3.24568 0.5
1 496.288 -278.449 27.2949 0.5
1 341.5 20.7163 -75.8739 0.5
1 363.474 66.4277 -98.2487 0.5
1 447.556 -4.68374 36.3604 0.5
1 448.41 -55.7778 90.0237 0.5
1 362.896 100.758 85.4399 0.5
1 389.013 -5.60106 -99.5794 0.5
1 381.984 -74.3496 -43.4146 0.5
1 357.126 130.635 69.5585 0.5
1 354.314 -27.378 -41.3751 0.5
1 468.234 -143.677 -99.4966 0.5
1 360.41 151.975 -14.9694 0.5
1 403.185 -118.268 23.1613 0.5
1 487.076 -260.572 33.3332 0.5
1 350.911 168.323 -15.6456 0.5
1 398.322 75.6854 -47.0345 0.5
1 365.262 84.6141 91.6883 0.5
1 478.428 -85.5624 -75.3464 0.5
1 459.491 -159.628 91.1563 0.5
1 477.745 -57.1391 -36.7851 0.5
1 344.053 5.79317 -65.412 0.5
1 448.052 -53.0659 88.9816 0.5
1 347.955 16.7474 81.5136 0.5
1 394.825 85.2934 -39.6599 0.5
1 394.66 -15.909 99.5296 0.5
1 415.563 35.2967 -62.921 0.5
1 392.762 -59.4731 -82.4817 0.5
1 356.066 115.979 83.2825 0.5
1 491.98 -268.049 36.0788 0.5
1 358.689 138.259 -56.9819 0.5
1 385.458 89.2054 60.6762 0.5
1 348.129 173.918 -9.53255 0.5
1 389.247 -90.454 -35.1762 0.5
1 467.589 -225.34 -37.2517 0.5
1 461.307 -23.8354 20.758 0.5
1 488.013 -228.089 79.8679 0.5
1 345.18 4.6374 -66.3216 0.5
1 374.61 63.1588 -93.8041 0.5
1 429.16 -8.82332 -82.0574 0.5
1 357.801 148.031 -42.7306 0.5
1 395.592 86.296 33.7544 0.5
1 439.02 -134.175 -85.9467 0.5
1 416.018 -19.942 97.2545 0.5
1 338.432 142.272 -85.9559 0.5
1 448.685 -190.672 -41.7322 0.5
1 444.236 -53.5407 -92.2714 0.5
1 353.277 -31.6171 24.0154 0.5
1 472.222 -232.212 40.0042 0.5
1 391.65 77.3254 -62.1612 0.5
1 441.225 -120.655 -94.1215 0.5
1 425.333 -18.5536 -91.3009 0.5
1 428.824 -141.794 64.5236 0.5
1 444.807 -70.9146 -97.5129 0.5
1 471.23 -42.6013 -27.1509 0.5
1 476.37 -74.9923 68.6069 0.5
1 388.058 -35.7296 91.2339 0.5
1 418.85 27.8886 -64.9832 0.5
1 341.078 14.6808 69.4955 0.5
1 473.89 -178.854 -93.5237 0.5
1 480.993 -206.103 86.4003 0.5
1 495.326 -90.902 44.2476 0.5
1 356.536 -4.10452 -76.9068 0.5
1 432.103 -78.1581 -99.7488 0.5
1 367.18 -53.1924 32.5068 0.5
1 470.711 -44.3334 -35.1694 0.5
1 340.054 127.013 92.2275 0.5
1 406.665 -49.7937 97.3711 0.5
1 437.159 -161.162 -58.1832 0.5
1 404.835 64.2224 -47.3718 0.5
1 351.869 3.47697 76.4868 0.5
1 470.318 -144.82 -99.7141 0.5
1 422.792 -140.666 51.4984 0.5
1 432.405 -51.9073 -98.0422 0.5
1 452.284 -199.766 34.8308 0.5
1 360.209 132.516 -61.2269 0.5
1 398.82 -49.0323 -93.4465 0.5
1 423.59 -31.1081 -96.7671 0.5
1 425.571 -23.9293 -93.3604 0.5
1 389.586 -94.858 -22.5464 0.5
1 419.578 -68.9229 98.0719 0.5
1 476.193 -210.346 -77.7361 0.5
1 369.25 79.8234 -90.7371 0.5
1 460.077 -19.8843 -8.44918 0.5
1 489.817 -72.9991 -19.7052 0.5
1 373.682 114.862 53.0836 0.5
1 414.398 54.9374 30.1548 0.5
1 446.627 -159.422 -77.5037 0.5
1 459.995 -19.482 4.40588 0.5
1 385.322 109.822 -5.10554 0.5
1 367.021 133.99 -38.3878 0.5
1 466.972 -227.502 -27.8885 0.5
1 495.175 -271.144 41.8412 0.5
1 413.692 8.69405 -87.7925 0.5
1 446.148 -140.824 -89.0886 0.5
1 431.306 -119.918 -86.4721 0.5
1 378.341 -32.1655 84.0312 0.5
1 339.772 141.116 85.252 0.5
1 343.792 144.292 78.1363 0.5
1 357.701 -12.8469 -70.7798 0.5
1 409.507 -67.0486 93.6329 0.5
1 459.468 -166.645 87.6317 0.5
1 402.426 -82.5847 -77.7297 0.5
1 346.824 161.874 -52.2903 0.5
1 368.82 -49.3149 47.7724 0.5
1 442.478 9.57284 16.5765 0.5
1 463.738 -34.0049 -39.5126 0.5
1 440.256 -106.367 -97.733 0.5
1 377.239 87.9791 76.8162 0.5
1 365.882 77.0909 -94.2334 0.5
1 453.065 -177.69 -71.1093 0.5
1 461.695 -31.209 41.1983 0.5
1 380.286 -43.8692 -78.026 0.5
1 389.106 -42.4816 88.8539 0.5
1 426.312 -49.2356 99.3003 0.5
1 393.074 -103.008 -9.63983 0.5
1 439.259 -170.98 -48.393 0.5
1 366.377 -27.1017 -71.5428 0.5
1 458.114 -178.127 -78.4598 0.5
1 349.451 11.685 79.7003 0.5
1 488.099 -109.992 81.4118 0.5
1 352.115 -27.8714 30.1673 0.5
1 374.28 122.136 36.6115 0.5
1 391.743 -66.9153 -75.3488 0.5
1 358.031 70.7595 99.0794 0.5
1 439.341 -149.147 -75.5312 0.5
1 353.359 -25.164 -42.5855 0.5
1 496.125 -208.082 96.5288 0.5
1 363.27 64.2152 -98.7008 0.5
1 443.53 -121.461 -95.2046 0.5
1 432.558 -162.148 -42.9932 0.5
1 345.32 -5.72215 52.7428 0.5
1 493.554 -163.65 -99.0347 0.5
1 422.339 -154.034 5.04609 0.5
1 381.761 -60.0129 -64.8363 0.5
1 431.953 -167.454 25.7075 0.5
1 359.259 56.0578 -99.9954 0.5
1 425.865 -66.3694 -99.8138 0.5
1 461.803 -122.765 -99.9997 0.5
1 392.143 -62.9483 79.1736 0.5
1 436.301 17.8318 27.386 0.5
1 372.239 -53.1915 51.3574 0.5
1 400.696 31.1016 -87.8487 0.5
1 437.544 -49.8011 -95.1717 0.5
1 355.551 151.411 -43.8112 0.5
1 443.51 -116.889 -96.5454 0.5
1 489.364 -128.051 90.6585 0.5
1 466.845 -87.2945 -89.8221 0.5
1 357.204 143.161 -53.4654 0.5
1 410.185 62.7223 28.5668 0.5
1 461.097 -61.7988 -80.3773 0.5
1 397.305 -50.7547 91.6721 0.5
1 356.337 138.254 62.4561 0.5
1 379.285 83.6811 77.4377 0.5
1 438.028 -160.61 -60.9571 0.5
1 366.339 22.1796 -97.8441 0.5
1 414.603 -82.2871 -90.9714 0.5
1 454.596 -119.694 99.5323 0.5
1 439.019 -44.3953 -92.2254 0.5
1 444.421 -118.816 96.4504 0.5
1 498.846 -243.712 -82.1399 0.5
1 460.881 -82.7961 92.448 0.5
1 469.801 -215.564 61.0582 0.5
1 496.851 -158.896 -96.9964 0.5
1 378.938 100.81 -60.2659 0.5
1 440.783 -70.1901 98.7249 0.5
1 461.303 -199.077 63.2864 0.5
1 470.35 -77.5447 80.1681 0.5
1 355.023 161.738 -11.7672 0.5
1 336.907 131.729 -92.5316 0.5
1 456.48 -144.912 94.8705 0.5
1 481.906 -109.738 87.946 0.5
1 423.437 -155.743 7.99815 0.5
1 356.519 72.3625 -99.213 0.5
1 394.774 82.8113 -45.146 0.5
1 468.947 -207.375 68.8903 0.5
1 411.66 -87.2638 85.6604 0.5
1 494.157 -250.769 -69.1747 0.5
1 409.641 63.6044 -28.7662 0.5
1 435.05 7.2626 -55.1155 0.5
1 372.972 62.4592 -95.036 0.5
1 426.066 -22.6055 92.4937 0.5
1 471.892 -120.436 98.0694 0.5
1 414.033 -139.42 -8.43715 0.5
1 431.202 -158.355 45.9052 0.5
1 427.281 -88.3253 96.6669 0.5
1 371.302 -17.9187 85.3221 0.5
1 487.425 -102.463 76.4758 0.5
1 490.643 -132.158 -91.5151 0.5
1 413.838 45.3897 -52.956 0.5
1 409.256 25.6707 -82.0447 0.5
1 423.631 -145.135 46.1094 0.5
1 343.093 163.657 -59.2428 0.5
1 394.789 77.2339 -54.7545 0.5
1 477.815 -191.539 91.078 0.5
1 455.667 -16.0335 28.4953 0.5
1 479.673 -98.547 -83.5684 0.5
1 435.101 -101.488 -96.7673 0.5
1 422.663 43.8451 -16.8594 0.5
1 451.543 -111.949 99.7402 0.5
1 483.892 -62.2095 -16.8716 0.5
1 436.996 -114.45 -93.7119 0.5
1 414.397 -134.438 34.0285 0.5
1 486.561 -210.182 89.4115 0.5
1 424.317 -157.067 10.2015 0.5
1 360.351 153.161 -2.96044 0.5
1 453.538 -78.7049 95.5508 0.5
1 403.363 -121.144 -5.4985 0.5
1 428.961 -35.9634 95.4975 0.5
1 480.149 -201.328 88.2474 0.5
1 431.051 -90.2127 97.7787 0.5
1 454.545 -34.0063 65.0634 0.5
1 388.501 -24.9693 95.5755 0.5
1 431.082 -28.8587 -91.4549 0.5
1 344.924 7.99794 -69.4741 0.5
1 467.44 -38.3658 -34.3533 0.5
1 481.61 -222.921 -75.0397 0.5
1 344.599 34.6066 88.8538 0.5
1 401.182 72.3045 43.9557 0.5
1 478.128 -188.259 92.7157 0.5
1 381.505 105.536 45.6496 0.5
1 494.162 -234.191 -83.1002 0.5
1 340.234 164.57 64.3758 0.5
1 474.714 -197.889 -84.7925 0.5
1 473.35 -161.378 98.205 0.5
1 430.821 30.7455 -8.94142 0.5
1 391.005 40.4261 91.5131 0.5
1 421.402 46.0946 16.4702 0.5
1 368.924 51.03 -99.1934 0.5
1 475.766 -220.547 -67.4287 0.5
1 441.395 -23.4825 -77.0983 0.5
1 391.303 -46.2407 -88.8774 0.5
1 392.787 94.5994 -21.8811 0.5
1 395.423 48.579 82.767 0.5
1 408.267 -113.485 -54.7268 0.5
1 343.139 28.7925 -84.0226 0.5
1 460.41 -106.076 99.0112 0.5
1 400.91 -117.046 0.474754 0.5
1 348.924 56.0518 -98.5539 0.5
1 351.711 -8.89664 -63.7244 0.5
1 446.281 -124.827 95.6429 0.5
1 480.64 -201.628 -88.5387 0.5
1 403.019 20.1604 91.2718 0.5
1 390.913 73.4543 -68.1462 0.5
1 379.872 -25.0606 -89.576 0.5
1 390.698 -85.4663 -50.8462 0.5
1 339.078 159.091 72.3427 0.5
1 343.957 81.9175 99.9995 0.5
1 355.364 149.142 48.7735 0.5
1 418.141 -138.663 -39.7209 0.5
1 478.558 -249.121 21.8426 0.5
1 408.871 58.6685 -44.5993 0.5
1 449.018 -57.7079 90.4425 0.5
1 434.192 23.3625 19.6319 0.5
1 401.904 43.9725 77.8688 0.5
1 436.22 12.7816 -41.4912 0.5
1 472.373 -136.259 -99.8958 0.5
1 403.295 50.2194 70.0178 0.5
1 341.244 21.0608 75.7898 0.5
1 488.812 -166.389 -99.9577 0.5
1 346.729 -21.4535 -18.6192 0.5
1 408.053 -14.6643 98.9057 0.5
1 388.57 31.3932 96.2678 0.5
1 431.986 -156.681 51.3493 0.5
1 479.39 -209.799 -82.2876 0.5
1 382.847 103.021 -46.0201 0.5
1 381.33 -26.1377 90.2808 0.5
1 420.546 -3.75842 88.1069 0.5
1 367.675 -25.6848 -74.9481 0.5
1 472.624 -224.018 -56.1337 0.5
1 335.888 9.85319 -51.4961 0.5
1 349.068 172.601 5.38811 0.5
1 377.102 -64.9511 45.32 0.5
1 371.303 -31.0553 75.7447 0.5
1 430.23 -64.3089 -99.938 0.5
1 472.221 -57.5935 -55.8252 0.5
1 453.704 -9.22272 12.0941 0.5
1 406.922 71.3921 15.1074 0.5
1 492.942 -94.8072 57.7439 0.5
1 353.783 -31.5338 -27.6061 0.5
1 420.575 -76.5219 96.7164 0.5
1 462.874 -46.1192 -62.2636 0.5
1 493.022 -264.222 48.1694 0.5
1 499.497 -211.544 97.1414 0.5
1 358.493 4.77431 85.6303 0.5
1 440.592 -183.95 19.0257 0.5
1 366.312 -41.6531 53.4247 0.5
1 480.247 -112.131 90.5987 0.5
1 480.106 -206.941 -84.9722 0.5
1 434.193 -132.934 -81.2899 0.5
1 338.855 94.9668 99.8973 0.5
1 448.868 -197.016 24.6887 0.5
1 361.673 148.034 23.8294 0.5
1 436.452 -98.8979 97.9198 0.5
1 413.739 -54.6707 -98.8064 0.5
1 402.001 -109.713 -41.9465 0.5
1 461.253 -163.155 -90.9399 0.5
1 377.689 -76.5894 6.87228 0.5
1 382.796 95.5671 58.3117 0.5
1 483.561 -258.734 -17.0688 0.5
1 464.494 -217.579 42.7491 0.5
1 408.481 68.8574 13.9904 0.5
1 417.659 -145.825 -6.79533 0.5
1 343.916 -17.7867 10.412 0.5
1 456.129 -203.817 41.1791 0.5
1 436.667 18.3688 22.8762 0.5
1 366.292 22.9527 97.9875 0.5
1 430.206 -161.965 -33.6267 0.5
1 457.554 -77.7209 92.7288 0.5
1 445.252 -170.978 63.6471 0.5
1 340.231 184.861 25.0658 0.5
1 379.182 -55.1568 65.289 0.5
1 433.628 6.89759 59.1737 0.5
1 462.016 -168.218 89.1343 0.5
1 420.167 48.3126 -15.9896 0.5
1 343.58 71.294 -99.3978 0.5
1 398.419 -14.7868 -99.9789 0.5
1 366.662 -45.9988 46.9893 0.5
1 371.084 -50.6675 -52.2204 0.5
1 480.89 -66.3611 45.1742 0.5
1 499.519 -105.605 56.8961 0.5
1 392.837 63.3809 -74.7337 0.5
1 463.728 -192.574 74.485 0.5
1 438.921 -167.197 53.771 0.5
1 436.068 8.06123 -51.0233 0.5
1 381.03 -69.3773 -49.7185 0.5
1 384.952 -55.5641 74.9876 0.5
1 349.235 131.087 -81.0092 0.5
1 439.81 -132.758 87.5431 0.5
1 435.575 -127.08 86.6068 0.5
1 371.042 -47.6774 56.7101 0.5
1 363.736 -52.3306 8.08902 0.5
1 460.074 -150.373 95.1222 0.5
1 444.082 8.00002 5.95989 0.5
1 356.877 -34.575 -34.6732 0.5
1 425.07 -58.4861 -99.9992 0.5
1 365.443 1.24513 -90.2166 0.5
1 349.381 -22.6938 31.5331 0.5
1 465.976 -90.3513 91.9143 0.5
1 362.963 134.109 -51.98 0.5
1 475.834 -124.703 97.5241 0.5
1 499.369 -265.785 62.3237 0.5
1 443.924 -22.757 72.579 0.5
1 348.077 160.627 -50.7519 0.5
1 468.65 -163.598 95.6348 0.5
1 442.059 -83.7557 -99.8959 0.5
1 351.402 168.591 -4.75133 0.5
1 373.641 79.9941 86.7125 0.5
1 402.635 79.7035 7.25134 0.5
1 462.654 -25.3125 -16.206 0.5
1 365.092 139.418 32.9187 0.5
1 395.188 -68.3693 79.0601 0.5
1 451.594 -41.5912 77.4624 0.5
1 430.738 -6.81577 -78.5439 0.5
1 458.266 -37.8386 61.8837 0.5
1 370.66 69.5883 -93.9554 0.5
1 380.415 16.5057 -99.981 0.5
1 494.6 -202.792 97.2068 0.5
1 396.627 40.4853 86.5368 0.5
1 352.506 113.075 88.6449 0.5
1 408.869 -35.7757 99.8777 0.5
1 382.066 -83.715 -11.7489 0.5
1 386.829 -87.9784 30.228 0.5
1 403.108 31.6791 85.0905 0.5
1 432.97 3.06768 65.4062 0.5
1 336.531 65.5404 -95.7263 0.5
1 355.954 69.4715 99.625 0.5
1 416.494 5.39106 -86.9297 0.5
1 426.811 -103.341 91.013 0.5
1 413.749 29.8344 72.2674 0.5
1 416.617 45.0328 -45.0379 0.5
1 364.639 -54.0542 5.81262 0.5
1 369.481 -38.4143 65.2204 0.5
2 527.645 -216.505 -65.3267 0.5
2 598.65 20.5941 92.3324 0.5
2 532.777 -94.763 92.847 0.5
2 613.663 42.5652 93.9078 0.5
2 555.632 -165.226 68.4438 0.5
2 578.344 -126.385 67.9085 0.5
2 603.301 11.8723 -97.6339 0.5
2 536.049 -60.0902 -74.9985 0.5
2 661.713 66.9005 96.9474 0.5
2 511.432 -70.6119 18.5584 0.5
2 570.694 26.841 36.5757 0.5
2 516.08 -186.459 96.6583 0.5
2 571.055 -145.64 59.9521 0.5
2 658.575 83.425 99.9672 0.5
2 656.346 81.9257 99.9998 0.5
2 544.788 -85.8464 -96.7589 0.5
2 599.587 -12.3376 -99.9259 0.5
2 582.371 -140.735 -32.0315 0.5
2 507.903 -78.4099 -25.942 0.5
2 598.312 63.1987 -57.8168 0.5
2 601.962 44.8586 -82.2129 0.5
2 519.514 -241.416 -50.1084 0.5
2 505.68 -208.959 -95.3557 0.5
2 577.653 0.308027 -83.8544 0.5
2 506.01 -184.526 99.8039 0.5
2 637.596 12.2026 92.7247 0.5
2 521.766 -51.0248 -3.12682 0.5
2 599.177 -14.2615 99.9653 0.5
2 605.977 -68.5946 -77.2707 0.5
2 648.232 47.9865 -97.9625 0.5
2 646.199 -18.7787 -55.2857 0.5
2 588.603 8.92299 89.734 0.5
2 529.553 -38.5362 -14.4374 0.5
2 623.605 -15.3383 91.3191 0.5
2 633.843 77.5821 -93.8841 0.5
2 526.735 -108.545 94.1059 0.5
2 621.817 57.3383 93.6676 0.5
2 555.826 -33.0145 -80.7638 0.5
2 529.306 -169.089 95.0169 0.5
2 530.297 -189.262 -84.7607 0.5
2 506.835 -232.363 -83.168 0.5
2 580.811 -79.0265 -95.2929 0.5
2 503.58 -251.003 -72.8275 0.5
2 583.875 56.3948 6.40501 0.5
2 654.992 -17.665 22.4683 0.5
2 623.81 123.366 -21.7918 0.5
2 604.976 -63.9145 82.1208 0.5
2 507.794 -259.383 -53.935 0.5
2 643.687 -32.8337 -36.6734 0.5
2 573.94 -160.503 4.57611 0.5
2 589.598 -111.762 62.2324 0.5
2 613.265 104.608 -23.8956 0.5
2 594.412 -121.227 -27.7317 0.5
2 556.556 -183.781 -36.5933 0.5
2 517.589 -127.151 -95.0543 0.5
2 532.362 -165.922 94.2929 0.5
2 616.98 107.224 36.0276 0.5
2 504.842 -94.9412 -52.115 0.5
2 661.185 162.733 -69.1604 0.5
2 575.501 -74.2879 -98.6486 0.5
2 561.802 -168.964 -48.7126 0.5
2 536.201 -147.438 -97.6693 0.5
2 634.573 -55.2858 7.75597 0.5
2 586.911 -59.9874 97.5846 0.5
2 574.009 -110.421 86.6414 0.5
2 634.32 113.481 -71.8951 0.5
2 658.548 23.9706 78.486 0.5
2 570.984 -33.3237 -94.6043 0.5
2 606.873 35.4457 -92.0768 0.5
2 617.81 33.031 -98.4295 0.5
2 659.943 182.18 34.5917 0.5
2 536.655 -44.9526 -59.6853 0.5
2 618.904 50.014 94.4881 0.5
2 586.117 36.4063 -65.0827 0.5
2 539.143 -215.914 -31.1141 0.5
2 591.919 -83.1561 84.3647 0.5
2 571.748 -148.346 54.3489 0.5
2 593.08 14.2994 -90.8649 0.5
2 516.283 -71.523 -45.6949 0.5
2 616.107 -85.6864 19.3232 0.5
2 653.454 175.346 -18.7232 0.5
2 566.499 -19.8066 -84.3648 0.5
2 622.015 -75.1658 -20.7307 0.5
2 519.771 -86.8597 73.7169 0.5
2 536.059 -116.621 -99.5383 0.5
2 657.755 164.28 60.3785 0.5
2 514.699 -217.603 -83.9165 0.5
2 593.702 -75.4225 87.1471 0.5
2 658.349 92.1339 99.7859 0.5
2 607.478 -81.2431 61.6626 0.5
2 633.151 90.4993 87.4236 0.5
2 631.286 7.25693 -94.9216 0.5
2 524.39 -246.417 -1.55793 0.5
2 618.454 94.0532 63.1217 0.5
2 539.072 -21.934 -13.6268 0.5
2 637.017 129.033 -59.4793 0.5
2 543.226 -29.6097 53.953 0.5
2 531.92 -223.733 42.8688 0.5
2 548.238 -83.2865 97.5863 0.5
2 575.955 13.3395 -70.9631 0.5
2 637.239 38.2868 99.4212 0.5
2 569.09 -107.273 -92.3889 0.5
2 660.894 9.47737 59.2946 0.5
2 518.082 -247.484 -43.3241 0.5
2 665.439 -1.76948 8.43769 0.5
2 537.912 -210.085 -49.1722 0.5
2 562.212 13.0035 -34.3272 0.5
2 587.675 -60.0867 -97.2551 0.5
2 595.663 75.4149 17.8347 0.5
2 628.562 25.8014 -99.6633 0.5
2 647.599 128.841 -78.565 0.5
2 629.625 126.909 41.3131 0.5
2 605.123 62.8607 -71.9418 0.5
2 617.247 111.875 22.3377 0.5
2 625.487 100.231 69.855 0.5
2 574.349 -155.209 -30.2622 0.5
2 653.489 21.1286 82.818 0.5
2 569.525 7.65049 65.1039 0.5
2 577.172 -22.6075 -94.6051 0.5
2 653.54 -22.4313 -7.80944 0.5
2 515.695 -171.486 99.4992 0.5
2 556.089 -83.7173 99.6947 0.5
2 545.937 -74.9722 93.9926 0.5
2 572.676 -118.091 -83.3217 0.5
2 612.104 39.9018 -93.8941 0.5
2 535.35 -204.897 63.2567 0.5
2 577.125 -154.857 6.84537 0.5
2 507.436 -253.784 62.5927 0.5
2 596.021 75.2581 21.6898 0.5
2 578.49 -151.059 -18.1874 0.5
2 609.871 -97.6792 -11.752 0.5
2 644.577 76.311 98.9326 0.5
2 566.321 -56.4599 98.4845 0.5
2 574.412 20.0913 -60.158 0.5
2 502.276 -97.7907 -49.4057 0.5
2 524.536 -229.032 -55.9929 0.5
2 522.211 -220.224 -71.3952 0.5
2 519.845 -180.314 -96.5579 0.5
2 512.496 -199.705 94.5116 0.5
2 609.556 27.4622 96.4574 0.5
2 501.379 -277.968 -39.9311 0.5
2 617.961 -19.0568 93.7879 0.5
2 600.261 21.2739 93.1818 0.5
2 576.601 -109.565 84.4435 0.5
2 553.05 0.843851 21.6293 0.5
2 653.261 166.515 44.1337 0.5
2 566.16 -71.4915 99.9664 0.5
2 522.799 -104.115 -89.2668 0.5
2 616.4 50.9975 -92.4731 0.5
2 549.279 -129.335 96.5571 0.5
2 591.107 64.3389 30.5704 0.5
2 642.972 26.9008 94.7216 0.5
2 585.29 -13.3191 -96.1072 0.5
2 551.425 -4.20044 -29.9664 0.5
2 657.458 7.68638 64.5641 0.5
2 619.605 -49.6982 73.1487 0.5
2 620.978 114.562 34.9418 0.5
2 529.253 -233.625 -29.2816 0.5
2 597.626 -99.1256 -60.6034 0.5
2 621.059 -19.7018 91.3397 0.5
2 578.642 -130.624 62.3763 0.5
2 582.45 -16.7404 -95.6639 0.5
2 552.403 -159.677 -78.6442 0.5
2 574.344 30.7512 42.202 0.5
2 562.993 20.2998 -5.15334 0.5
2 506.74 -86.3533 42.2269 0.5
2 635.794 -14.3896 -79.3045 0.5
2 666.087 46.061 84.8404 0.5
2 565.832 11.362 51.008 0.5
2 587.104 45.6635 55.0712 0.5
2 532.628 -214.406 56.8848 0.5
2 538.396 -199.736 -63.1164 0.5
2 531.333 -72.0071 78.1445 0.5
2 598.771 35.6338 -84.6539 0.5
2 517.456 -212.641 -84.0367 0.5
2 514.894 -62.8792 0.448259 0.5
2 565.01 -175.856 -6.60895 0.5
2 660.734 154.995 75.7604 0.5
2 523.878 -59.452 -47.7476 0.5
2 567.793 -136.877 -75.4562 0.5
2 568.581 -26.7177 90.2006 0.5
2 641.782 -25.6932 -56.3787 0.5
2 543.25 -179.062 -75.7383 0.5
2 515.431 -96.5601 75.6595 0.5
2 563.181 -170.965 39.8386 0.5
2 605.533 44.543 86.3526 0.5
2 600.252 9.50848 -96.9417 0.5
2 600.106 -100.177 -52.8555 0.5
2 666.618 8.50392 -40.5436 0.5
2 648.42 70.6039 99.9756 0.5
2 608.915 96.625 25.6503 0.5
2 592.556 70.7437 13.3384 0.5
2 655.755 73.9893 99.7469 0.5
2 649.403 5.99381 76.7508 0.5
2 533.159 -43.5269 48.0224 0.5
2 503.098 -109.415 67.3768 0.5
2 566.42 -156.779 -55.5571 0.5
2 547.384 -15.2506 40.6755 0.5
2 552.12 -43.8498 83.811 0.5
2 627.657 -60.0862 37.9506 0.5
2 617.407 101.318 -49.9372 0.5
2 665.389 11.5562 50.6395 0.5
2 512.19 -67.6056 -2.95273 0.5
2 557.755 -173.479 52.9384 0.5
2 580.711 -144.216 -30.1827 0.5
2 572.314 -160.718 23.1074 0.5
2 592.834 69.0559 24.5593 0.5
2 656.698 19.6672 -77.6056 0.5
2 560.236 -182.839 17.2859 0.5
2 557.24 -51.3208 -92.4115 0.5
2 512.246 -78.5537 45.7684 0.5
2 508.516 -161.687 -99.2483 0.5
2 522.755 -111.378 -92.5463 0.5
2 505.766 -277.758 13.6078 0.5
2 540.893 -160.84 90.286 0.5
2 558.279 12.1781 -4.22079 0.5
2 591.217 -66.7943 93.2522 0.5
2 535.932 -217.732 -40.8129 0.5
2 550.525 -192.335 41.0804 0.5
2 543.605 -116.35 99.9488 0.5
2 523.137 -169.241 97.8468 0.5
2 626.045 51.9364 97.4829 0.5
2 660.374 13.1726 65.0756 0.5
2 623.417 -29.352 -83.8821 0.5
2 506.77 -114.616 78.1964 0.5
2 572.675 -151.147 46.8451 0.5
2 536.551 -104.836 97.8696 0.5
2 526.367 -212.199 72.1968 0.5
2 516.026 -190.186 -95.6207 0.5
2 581.656 42.8744 43.3476 0.5
2 581.211 30.3811 62.0839 0.5
2 658.934 33.231 -84.5635 0.5
2 565.747 -80.0003 -99.8645 0.5
2 593.172 55.8279 55.5916 0.5
2 591.341 -123.215 -37.3924 0.5
2 544.048 -31.9417 -59.4082 0.5
2 638.948 88.1961 -93.2154 0.5
2 544.13 -96.3318 -98.7265 0.5
2 639.218 146.846 33.0281 0.5
2 560.323 -19.6979 76.4229 0.5
2 567.63 -130.587 -80.7026 0.5
2 574.973 -153.928 30.8886 0.5
2 655.497 -5.94752 50.0038 0.5
2 643.652 54.3706 99.8336 0.5
2 571.077 -157.876 38.4535 0.5
2 623.068 8.33619 -98.6875 0.5
2 609.169 -60.8265 79.0563 0.5
2 655.861 88.5131 -99.7383 0.5
2 556.663 9.07349 8.87394 0.5
2 526.88 -68.2337 67.3875 0.5
2 525.136 -244.278 -13.0851 0.5
2 518.74 -127.166 -95.6875 0.5
2 624.978 -38.4622 74.9013 0.5
2 551.974 -6.38568 38.5578 0.5
2 659.705 -7.52263 29.7741 0.5
2 628.009 8.33762 96.9001 0.5
2 631.148 -56.2294 -32.098 0.5
2 529.668 -135.213 99.9785 0.5
2 543.578 -61.981 85.8899 0.5
2 559.825 -92.7764 -99.7015 0.5
2 583.716 46.6241 -42.9647 0.5
2 517.791 -97.3109 79.5849 0.5
2 565.332 -139.167 77.1275 0.5
2 567.092 -56.121 -98.6547 0.5
2 637.676 105.259 -83.2042 0.5
2 597.724 -13.9961 99.8532 0.5
2 509.259 -120.405 -85.2736 0.5
2 625.469 -43.4991 69.2485 0.5
2 531.706 -44.5231 45.1343 0.5
2 558.683 -155.086 73.2724 0.5
2 634.895 131.11 50.7925 0.5
2 573.728 9.85757 -70.5883 0.5
2 580.367 -143.581 -33.8251 0.5
2 637.365 100.188 -86.0531 0.5
2 545.863 -193.509 -53.8373 0.5
2 598.444 47.0689 75.7923 0.5
2 629.4 77.4317 -90.7621 0.5
2 635.184 143.163 21.3595 0.5
2 528.751 -209.563 70.7364 0.5
2 638.608 106.983 83.1298 0.5
2 612.241 -67.2138 68.4029 0.5
2 648.136 164.418 26.1751 0.5
2 524.459 -83.9691 78.1888 0.5
2 605.878 -100.138 31.6779 0.5
2 623.385 121.027 28.0266 0.5
2 503.783 -263.766 -57.7435 0.5
2 640.017 18.6351 93.5979 0.5
2 549.388 -162.999 -80.1001 0.5
2 625.669 -18.7353 87.8766 0.5
2 657.736 165.418 58.7998 0.5
2 595.337 56.7747 -59.5696 0.5
2 540.115 -42.4259 -64.0828 0.5
2 624.13 -51.963 62.2181 0.5
2 568.755 -98.9179 95.6019 0.5
2 569.883 31.8142 -10.485 0.5
2 547.781 -190.379 -53.5358 0.5
2 532.382 -162.488 -95.4253 0.5
2 618.882 -30.3873 -87.9324 0.5
2 602.189 -55.2793 -89.9943 0.5
2 553.697 -183.372 48.0435 0.5
2 654.121 102.704 -96.9688 0.5
2 532.359 -232.582 -3.02048 0.5
2 557.569 -187.174 -18.8259 0.5
2 565.998 18.8739 -36.1521 0.5
2 666.472 -0.0179456 -7.98354 0.5
2 647.835 9.5909 81.6097 0.5
2 591.535 24.1398 83.992 0.5
2 598.891 82.4055 6.37751 0.5
2 641.462 -30.8816 48.9041 0.5
2 606.646 44.2607 87.6064 0.5
2 599.537 64.4828 58.9793 0.5
2 618.985 -72.8271 -43.0885 0.5
2 568.011 -46.0794 -96.8769 0.5
2 572.268 -142.672 -61.0938 0.5
2 596.27 64.9688 49.4815 0.5
2 506.178 -167.215 99.4195 0.5
2 607.344 -41.078 -92.3628 0.5
2 528.74 -44.7949 -33.8375 0.5
2 651.64 -24.5293 -17.2446 0.5
2 607.226 -27.8278 96.8574 0.5
2 609.222 100.499 0.912053 0.5
2 608.991 56.02 -82.9057 0.5
2 642.537 37.2185 97.7728 0.5
2 622.137 68.6766 88.8929 0.5
2 631.764 139.543 0.976671 0.5
2 510.839 -75.408 -32.7263 0.5
2 557.498 -144.496 83.2447 0.5
2 605.874 -104.378 -13.526 0.5
2 531.721 -88.4528 89.1609 0.5
2 580.654 32.3695 58.1595 0.5
2 572.679 -105.61 -90.3696 0.5
2 553.485 -16.0705 60.0455 0.5
2 517.29 -142.285 98.639 0.5
2 642.238 128.639 70.4702 0.5
2 522.924 -116.343 -94.5282 0.5
2 624.317 124.784 19.2176 0.5
2 631.284 138.009 11.8709 0.5
2 648.399 22.8067 89.0222 0.5
2 604.541 64.1045 69.6975 0.5
2 561.984 -27.3434 -84.1846 0.5
2 528.066 -51.3358 46.1225 0.5
2 529.589 -230.244 37.2093 0.5
2 663.622 36.5337 -81.3237 0.5
2 524.247 -186.3 -91.8156 0.5
2 504.213 -101.281 -59.8704 0.5
2 564.526 -172.739 -28.5919 0.5
2 603.195 -106.667 25.3558 0.5
2 559.212 -28.8109 -81.9517 0.5
2 577.737 -95.3042 -91.085 0.5
2 622.064 51.2223 95.8597 0.5
2 606.231 64.2939 72.4074 0.5
2 652.894 173.095 24.5086 0.5
2 502.325 -266.995 56.7365 0.5
2 524.053 -215.636 -72.7401 0.5
2 551.098 -21.9516 62.3034 0.5
2 627.497 33.1184 -99.9954 0.5
2 530.465 -235.686 6.65154 0.5
2 612.319 57.6326 -85.5591 0.5
2 642.795 94.6612 93.2923 0.5
2 658.083 24.6637 -79.646 0.5
2 518.949 -253.89 19.7271 0.5
2 551.686 -118.86 98.0389 0.5
2 617.582 -71.2002 -50.7194 0.5
2 614.715 -78.4355 46.6488 0.5
2 512.962 -136.622 -95.5181 0.5
2 507.217 -208.126 -94.7584 0.5
2 619.36 96.811 -61.6342 0.5
2 510.731 -95.3479 66.4373 0.5
2 613.976 -28.3177 -92.8814 0.5
2 611.343 94.373 43.1826 0.5
2 537.494 -208.09 -53.7025 0.5
2 519.425 -162.894 -99.6902 0.5
2 611.135 -96.0948 -4.23249 0.5
2 644.77 161.71 8.53537 0.5
2 562.546 -89.4556 99.584 0.5
2 539.162 -132.282 99.3438 0.5
2 652.721 175.167 11.633 0.5
2 629.33 135.266 -3.5942 0.5
2 592.245 -23.4192 99.8496 0.5
2 513.338 -225.476 80.0721 0.5
2 565.435 -152.537 -63.5648 0.5
2 504.687 -278.765 18.8462 0.5
2 518.405 -99.1739 81.7284 0.5
2 606.884 68.8559 -68.9767 0.5
2 609.661 72.1607 70.5236 0.5
2 649.586 53.0479 -98.4805 0.5
2 654.294 81.4016 -99.9599 0.5
2 517.913 -165.138 -99.7192 0.5
2 617.561 -51.7216 -74.5343 0.5
2 644.856 -23.6803 -51.1928 0.5
2 658.946 103.088 -98.636 0.5
2 541.013 -216.369 -15.8771 0.5
2 547.272 -152.153 89.123 0.5
2 610.191 -75.1123 63.4491 0.5
2 643.805 0.495786 -80.0701 0.5
2 577.546 -152.929 -16.8703 0.5
2 593.874 -122.845 -25.235 0.5
2 540.741 -83.3691 93.7712 0.5
2 569.583 -163.097 -31.3989 0.5
2 566.896 -123.241 86.3508 0.5
2 567.325 -167.672 29.3154 0.5
2 533.189 -81.4028 -86.7248 0.5
2 625.898 113.663 53.8273 0.5
2 615.657 -61.8387 -67.8201 0.5
2 579.818 -112.399 -78.482 0.5
2 539.07 -217.38 -26.6735 0.5
2 505.771 -229.473 86.14 0.5
2 603.785 -42.7848 94.0892 0.5
2 608.092 -53.6737 85.2825 0.5
2 536.479 -135.713 99.4762 0.5
2 576.395 -155.431 13.5616 0.5
2 575.201 37.106 -29.5687 0.5
2 634.303 104.737 79.3989 0.5
2 583.442 55.6629 -6.13834 0.5
2 640.312 -26.8292 58.3924 0.5
2 606.915 92.1463 29.2104 0.5
2 614.354 81.9195 68.8462 0.5
2 503.941 -99.5834 56.8539 0.5
2 524.994 -242.97 -21.8461 0.5
2 541.459 -77.1756 -91.7863 0.5
2 540.11 -43.7243 65.5981 0.5
2 595.306 74.125 21.2044 0.5
2 545.12 -203.85 35.9216 0.5
2 582.045 48.1885 31.9534 0.5
2 602.271 -104.976 -35.6247 0.5
2 504.566 -280.483 -7.52046 0.5
2 507.002 -198.707 97.5139 0.5
2 665.533 23.5973 66.7751 0.5
2 568.759 -169.442 5.26884 0.5
2 614.745 63.3785 84.6054 0.5
2 653.518 38.9914 -92.402 0.5
2 622.247 -0.909981 97.0838 0.5
2 624.968 120.462 -37.5395 0.5
2 618.19 -69.7932 51.3166 0.5
2 618.771 -5.68868 97.3822 0.5
2 666.339 105.997 -99.7843 0.5
2 598.89 -43.7629 96.4603 0.5
2 616.012 -87.1296 10.9942 0.5
2 501.559 -89.544 26.4765 0.5
2 624.617 -61.2156 46.78 0.5
2 595.146 -100.956 63.7085 0.5
2 662.902 135.768 -90.6186 0.5
2 661.032 131.265 -91.1976 0.5
2 608.88 -85.2901 -52.3532 0.5
2 555.354 -147.493 -83.7171 0.5
2 611.269 63.0966 80.7053 0.5
2 531.251 -110.098 96.9654 0.5
2 533.463 -112.915 98.4031 0.5
2 532.503 -38.3615 -34.0729 0.5
2 564.416 -63.7511 -99.1045 0.5
2 541.958 -66.8368 -87.0798 0.5
2 583.428 -37.2137 99.7575 0.5
2 525.591 -187.826 90.0551 0.5
2 573.164 -34.6963 96.2142 0.5
2 553.687 -110.421 98.9086 0.5
2 587.694 -136.262 -10.2192 0.5
2 638.495 86.5409 93.5488 0.5
2 573.53 -64.8119 99.9389 0.5
2 652.912 109.764 -94.1905 0.5
2 665.163 8.82893 -46.4337 0.5
2 565.07 23.0858 -13.7057 0.5
2 613.985 108.64 -4.76639 0.5
2 665.259 3.41656 -33.7168 0.5
2 665.71 37.3655 79.257 0.5
2 557.935 -68.8146 98.0776 0.5
2 603.996 -3.70938 99.8828 0.5
2 664.302 -3.95607 -5.29484 0.5
2 645.91 34.8364 95.6383 0.5
2 571.894 -156.955 37.2474 0.5
2 584.723 -67.33 96.7207 0.5
2 604.725 -104.441 -23.685 0.5
2 631.144 55.0013 -98.6248 0.5
2 609.535 38.8219 92.5903 0.5
2 586.889 -82.3854 -89.6984 0.5
2 628.024 17.1379 98.7227 0.5
2 606.258 -18.1911 99.0764 0.5
2 529.976 -36.8966 5.30018 0.5
2 534.959 -142.242 -98.9984 0.5
2 500.505 -161.102 96.3699 0.5
2 601.561 -46.7992 94.0305 0.5
2 560.093 -117.686 -94.3645 0.5
2 620.085 80.0969 79.4095 0.5
2 626.579 121.099 -42.472 0.5
2 555.147 -45.1767 87.7374 0.5
2 618.188 -79.6396 -29.1008 0.5
2 514.919 -180.324 -98.4587 0.5
2 572.943 37.4936 -5.86813 0.5
2 603.44 -101.755 -38.6148 0.5
2 547.646 -205.767 8.74824 0.5
2 594.934 56.0732 59.5741 0.5
2 599.994 -113.391 -20.3366 0.5
2 502.332 -261.338 -64.1617 0.5
2 593.637 40.7861 73.9845 0.5
2 614.47 87.7027 62.4403 0.5
2 630.132 136.67 3.19892 0.5
2 582.456 -139.249 35.7476 0.5
2 573.015 14.7273 -63.8799 0.5
2 560.452 -48.3154 -93.428 0.5
2 591.708 -92.2775 -78.1064 0.5
2 578.963 -6.61675 89.1562 0.5
2 580.208 -143.747 34.1265 0.5
2 651.019 170.779 20.4757 0.5
2 611.836 93.8695 -45.9075 0.5
2 508.679 -272.927 -11.9359 0.5
2 564.309 11.9903 45.0483 0.5
2 505.4 -129.206 -86.5354 0.5
2 548.264 -173.206 73.2035 0.5
2 599.41 49.5003 75.1326 0.5
2 627.63 127.333 -31.3847 0.5
2 528.111 -43.5124 26.3221 0.5
2 639.059 96.0121 89.8825 0.5
2 604.235 -55.4224 88.1133 0.5
2 607.043 72.2433 65.5562 0.5
2 598.092 24.5348 90.135 0.5
2 574.699 -145.119 51.32 0.5
2 517.588 -60.7377 22.3332 0.5
2 556.057 -189.827 -18.6559 0.5
2 583.796 19.3606 -77.7431 0.5
2 522.956 -233.293 -53.6662 0.5
2 624.292 -64.7451 40.6838 0.5
2 607.37 -98.1716 29.77 0.5
2 505.262 -265.059 51.8662 0.5
2 579.261 5.5057 82.2365 0.5
2 582.95 -141.508 -26.1969 0.5
2 649.185 53.954 98.7491 0.5
2 632.066 -38.2761 -62.1444 0.5
2 561.298 -17.0209 75.577 0.5
2 642.647 113.633 83.3601 0.5
2 616.758 16.618 99.9531 0.5
2 523.901 -210.659 -77.3481 0.5
2 633.042 135.002 -36.1391 0.5
2 622.972 68.9339 -89.4953 0.5
2 556.245 7.27024 -17.1037 0.5
2 516.377 -114.74 -89.0138 0.5
2 553.478 -12.8204 55.435 0.5
2 562.95 -62.7876 98.5693 0.5
2 571.05 -140.523 66.2471 0.5
2 588.713 19.7635 -83.6589 0.5
2 589.899 -22.8082 -99.4828 0.5
2 566.62 -172.682 -10.9733 0.5
2 574.129 -100.545 -91.5352 0.5
2 525.519 -68.2308 -64.7062 0.5
2 601.545 -49.7579 -92.9174 0.5
2 514.829 -258.918 -28.2445 0.5
2 656.85 131.829 -87.2661 0.5
2 554.533 -193.982 -6.9205 0.5
2 588.839 -110.711 65.0989 0.5
2 648.153 -13.2371 58.4069 0.5
2 638.235 145.381 32.3409 0.5
2 646.778 -33.5165 -13.6234 0.5
2 535.188 -223.974 -27.1411 0.5
2 503.583 -203.422 97.78 0.5
2 602.399 -37.1728 96.5988 0.5
2 558.243 -10.2011 -63.0813 0.5
2 574.411 -55.9014 -99.9243 0.5
2 515.729 -122.301 -92.0258 0.5
2 561.62 -113.497 94.8922 0.5
2 645.053 20.5107 90.7276 0.5
2 500.483 -122.918 76.0615 0.5
2 534.387 -38.3493 41.9703 0.5
2 616.385 110.607 21.3364 0.5
2 583.582 54.728 16.463 0.5
2 624.51 -71.4592 -17.5879 0.5
2 536.92 -210.191 51.9223 0.5
2 618.192 96.4174 59.4932 0.5
2 582.548 -136.077 42.7978 0.5
2 533.295 -33.2758 -21.1811 0.5
2 623.7 45.6201 97.9715 0.5
2 506.106 -245.578 -73.8012 0.5
2 619.988 107.587 46.6792 0.5
2 604.301 -25.1563 -98.521 0.5
2 615.201 -87.2585 19.3149 0.5
2 538.785 -36.061 -51.9677 0.5
2 566.165 -2.13831 -69.4645 0.5
2 663.878 59.8159 93.5418 0.5
2 662.76 148.059 -83.6312 0.5
2 548.796 -48.8701 -83.3257 0.5
2 508.804 -75.6166 -20.8188 0.5
2 605.868 -63.2922 -81.4712 0.5
2 589.851 -124.524 -40.3997 0.5
2 510.825 -251.038 58.486 0.5
2 500.302 -278.25 -43.385 0.5
2 607.806 -34.5094 94.5506 0.5
2 586.176 -134.475 -31.0419 0.5
2 589.36 -127.676 -34.7283 0.5
2 626.416 -29.6158 80.0754 0.5
2 545.838 -175.547 74.8929 0.5
2 591.467 51.8811 57.0482 0.5
2 628.59 132.416 -18.0013 0.5
2 647.697 4.5277 77.9701 0.5
2 597.148 79.5457 -2.96071 0.5
2 502.91 -251.66 73.2982 0.5
2 578.526 0.796429 84.5102 0.5
2 518.083 -128.539 95.7583 0.5
2 612.723 -85.6286 38.731 0.5
2 548.902 -40.7269 77.4583 0.5
2 533.204 -227.87 -25.4528 0.5
2 504.714 -82.4919 -19.8127 0.5
2 615.986 39.2234 96.2849 0.5
2 567.308 17.571 44.2738 0.5
2 600.673 -43.8536 -95.5347 0.5
2 526.705 -223.494 58.5418 0.5
2 512.349 -78.347 -45.7137 0.5
2 526.748 -231.707 44.8832 0.5
2 566.652 -138.93 -75.3899 0.5
2 643.399 143.852 54.0211 0.5
2 506.297 -84.0305 34.8301 0.5
2 531.482 -168.194 -94.0252 0.5
2 627.491 -53.9438 50.8788 0.5
2 662.127 184.096 -39.2855 0.5
2 578.928 5.56615 -81.7919 0.5
2 568.718 -154.503 -52.9184 0.5
2 577.831 -150.923 -24.0922 0.5
2 613.084 -89.3652 -26.0152 0.5
2 656.325 24.4462 -81.716 0.5
2 558.71 -130.395 90.087 0.5
2 567.608 -93.0081 -97.6761 0.5
2 521.218 -63.1103 -45.9576 0.5
2 637.132 -49.3622 -18.8561 0.5
2 546.694 -37.1906 -70.8136 0.5
2 620.615 17.2974 99.9568 0.5
2 520.125 -161.326 99.7178 0.5
2 647.413 -20.8322 -48.4429 0.5
2 548.988 -137.074 -94.311 0.5
2 516.581 -257.044 23.9594 0.5
2 536.399 -222.705 -24.0109 0.5
2 645.688 90.0027 -96.4692 0.5
2 631.103 -47.3855 -51.3846 0.5
2 547.185 -52.9559 84.171 0.5
2 577.274 -108.064 84.6545 0.5
2 546.713 -135.368 96.1153 0.5
2 550.541 -173.332 -69.1927 0.5
2 534.573 -214.349 51.7685 0.5
2 598.047 -118.008 -12.9711 0.5
2 551.029 -159.292 -80.739 0.5
2 523.947 -165.36 -98.3367 0.5
2 520.603 -175.947 97.3292 0.5
2 511.29 -82.2092 -49.4617 0.5
2 583.803 -120.021 -64.4062 0.5
2 664.775 116.642 -97.996 0.5
2 518.824 -190.124 94.0231 0.5
2 592.036 -123.712 32.8571 0.5
2 620.3 -1.17648 97.7988 0.5
2 658.211 95.7768 -99.4554 0.5
2 656.306 -17.945 0.0342021 0.5
2 637.928 -24.547 66.4036 0.5
2 595.546 7.10157 -95.3033 0.5
2 663.704 -4.54421 10.8185 0.5
2 579.192 -11.2332 -91.5296 0.5
2 601.359 52.9256 -75.0902 0.5
2 560.895 -80.4918 99.9633 0.5
2 504.626 -275.525 31.6416 0.5
2 637.367 17.3057 94.7598 0.5
2 512.544 -237.289 71.0786 0.5
2 625.132 -55.312 -55.2191 0.5
2 658.665 -12.0312 -19.0319 0.5
2 597.071 21.1681 -90.8858 0.5
2 532.729 -120.426 -99.3294 0.5
2 565.431 -123.683 87.5412 0.5
2 629.249 90.7593 83.1387 0.5
2 569.378 -54.9864 99.0816 0.5
2 660.327 186.634 21.7123 0.5
2 539.762 -187.052 -74.013 0.5
2 574.533 -159.579 -0.242519 0.5
2 513.489 -242.569 -63.4919 0.5
2 544.168 -210.853 -16.2045 0.5
2 513.963 -178.699 -98.9855 0.5
2 576.129 -138.384 57.8514 0.5
2 614.627 77.0154 -74.0996 0.5
2 547.601 -7.35671 14.9889 0.5
2 637.568 -30.897 59.3325 0.5
2 549.747 -43.9752 81.0781 0.5
2 508.525 -160.398 -99.083 0.5
2 644.381 -23.7271 -52.4714 0.5
2 638.885 75.503 97.1698 0.5
2 613.394 -33.8892 90.9281 0.5
2 625.271 -67.5903 -28.3714 0.5
2 522.287 -248.601 -17.0915 0.5
2 640.76 -8.05648 -77.5087 0.5
2 574.793 -145.542 50.3278 0.5
2 510.913 -81.7572 -47.4669 0.5
2 649.541 -27.1879 -22.1124 0.5
2 525.937 -115.828 96.0226 0.5
2 543.594 -65.5906 -87.9564 0.5
2 646.951 148.484 -56.3187 0.5
2 662.876 -6.54829 -1.86528 0.5
2 565.684 -92.993 98.3508 0.5
2 628.639 133.735 -8.91456 0.5
2 513.569 -65.9808 -12.6906 0.5
2 604.087 -82.5979 -67.0318 0.5
2 609.648 96.0372 -31.8393 0.5
2 603.207 51.7922 78.6903 0.5
2 621.099 -65.6811 49.735 0.5
2 570.66 -162.949 -25.6258 0.5
2 647.128 148.049 57.3928 0.5
2 519.165 -72.3271 -55.5463 0.5
2 636.71 95.0796 88.2846 0.5
2 551.571 -171.023 69.7363 0.5
2 539.32 -28.2971 -38.5423 0.5
2 506.49 -274.693 23.2519 0.5
2 662.997 192.916 12.0448 0.5
2 607.608 64.938 74.028 0.5
2 637.602 80.0219 -95.2787 0.5
2 600.327 14.8387 95.4746 0.5
2 598.058 42.4448 -79.0243 0.5
2 603.108 -91.2545 58.4109 0.5
2 635.059 -45.0439 42.9681 0.5
2 573.266 -43.6328 -98.3405 0.5
2 639.65 -6.02362 -80.5727 0.5
2 582.291 11.4503 -81.7497 0.5
2 508.156 -264.87 42.9194 0.5
2 630.891 -41.5297 60.5766 0.5
2 511.205 -266.988 21.2314 0.5
2 549.826 -60.3838 90.7572 0.5
2 556.943 -2.83648 48.9328 0.5
2 623.93 61.3722 -93.527 0.5
2 568.419 -31.6487 92.2825 0.5
2 626.907 15.8105 -98.819 0.5
2 637.244 77.7431 95.7919 0.5
2 526.602 -81.5761 79.2219 0.5
2 666.278 77.3826 -97.5626 0.5
2 642.604 156.264 20.1802 0.5
2 597.23 -51.7037 94.9305 0.5
2 501.943 -86.6086 16.0653 0.5
2 553.331 -20.8362 65.6096 0.5
3 748.14 2.91287 -23.9602 0.5
3 814.159 35.589 76.4933 0.5
3 723.392 135.496 -93.4883 0.5
3 728.432 160.993 79.2455 0.5
3 706.632 190.277 -43.0134 0.5
3 912.245 17.8379 57.0034 0.5
3 803.86 37.1347 -77.7686 0.5
3 767.04 193.702 -34.9268 0.5
3 806.465 98.7957 99.9927 0.5
3 939.219 4.61315 30.0225 0.5
3 781.598 0.000459887 -0.303278 0.5
3 977.713 2.0146 -19.9715 0.5
3 959.56 42.177 81.5874 0.5
3 707.614 190.977 41.5118 0.5
3 873.116 174.237 66.999 0.5
3 822.735 65.8051 93.9718 0.5
3 839.047 192.66 37.6051 0.5
3 884.029 77.6458 97.4694 0.5
3 842.873 88.9982 99.393 0.5
3 881.591 69.4182 95.209 0.5
3 832.856 101.098 99.994 0.5
3 966.61 171.341 -70.0746 0.5
3 861.07 82.6139 98.477 0.5
3 764.97 9.61834 -42.792 0.5
3 932.543 120.173 -97.9441 0.5
3 756.545 151.38 -85.791 0.5
3 916.055 40.9659 80.7154 0.5
3 758.513 41.1852 80.8754 0.5
3 824.859 133.554 94.2027 0.5
3 949.868 145.464 89.0677 0.5
3 737.621 90.2482 99.5234 0.5
3 759.314 33.013 -74.2479 0.5
3 700.171 92.2889 99.7023 0.5
3 897.732 20.4232 60.5602 0.5
3 892.038 196.784 -25.1564 0.5
3 722.675 19.1771 -58.8868 0.5
3 995.013 190.284 -42.9981 0.5
3 785.968 80.2304 98.0263 0.5
3 865.727 199.907 4.31932 0.5
3 707.276 0.623314 11.1478 0.5
3 967.542 99.3375 99.9978 0.5
3 711.216 28.519 -69.9318 0.5
3 817.126 84.1033 -98.7284 0.5
3 945.732 94.1921 99.8312 0.5
3 720.766 31.2869 72.6534 0.5
3 806.64 4.2567 -28.8656 0.5
3 926.751 9.86632e-06 0.0444214 0.5
3 903.219 0.0457912 3.02591 0.5
3 815.026 2.467 22.0752 0.5
3 760.556 171.953 69.4461 0.5
3 779.048 103.885 99.9245 0.5
3 886.565 151.474 -85.7344 0.5
3 973.381 160.602 -79.5453 0.5
3 974.116 0.673651 -11.5878 0.5
3 820.493 7.66688 38.4005 0.5
3 695.098 185.233 52.3005 0.5
3 787.021 11.5145 46.5866 0.5
3 909.981 124.034 -97.0689 0.5
3 925.564 197.665 21.4818 0.5
3 995.952 183.037 -55.7219 0.5
3 963.635 135.589 -93.4527 0.5
3 827.787 93.9714 -99.8181 0.5
3 892.534 196.078 -27.732 0.5
3 964.381 92.4819 99.717 0.5
3 890.627 49.3613 86.2306 0.5
3 953.379 1.39176 16.6257 0.5
3 954.507 151.648 85.6296 0.5
3 675.237 19.7888 -59.7173 0.5
3 698.787 112.667 99.1946 0.5
3 984.805 0.259293 7.19662 0.5
3 864.726 0.0842683 4.10445 0.5
3 960.422 183.324 -55.291 0.5
3 703.204 184.297 -53.7967 0.5
3 993.4 199.301 -11.8013 0.5
3 961.812 64.9287 -93.6483 0.5
3 682.858 3.04336 -24.4828 0.5
3 895.815 160.539 79.5929 0.5
3 963.906 25.825 -67.0677 0.5
3 743.273 54.9522 89.2787 0.5
3 974.355 0.510975 10.0962 0.5
3 686.516 187.644 48.1517 0.5
3 832.828 55.3217 -89.4642 0.5
3 986.199 0.206519 -6.42349 0.5
3 909.146 46.8919 -84.7321 0.5
3 767.593 198.819 15.3237 0.5
3 822.51 43.87 82.7612 0.5
3 861.273 178.918 -61.4166 0.5
3 988.435 163.045 -77.6233 0.5
3 700.603 152.432 -85.1523 0.5
3 923.814 98.2142 99.9841 0.5
3 752.42 67.1483 -94.4498 0.5
3 990.56 194.248 -33.4274 0.5
3 712.435 131.107 -95.0388 0.5
3 944.69 0.358839 8.46398 0.5
3 750.925 91.0781 99.6012 0.5
3 813.282 71.4439 95.8361 0.5
3 940.006 32.0716 73.3876 0.5
3 992.469 57.7081 90.6167 0.5
3 675.768 44.8542 83.4203 0.5
3 821.882 76.7753 97.2657 0.5
3 904.65 54.1701 -88.8798 0.5
3 843.094 99.4341 -99.9984 0.5
3 715.771 149.388 86.9528 0.5
3 909.927 48.4531 85.6908 0.5
3 916.808 82.1105 98.3868 0.5
3 769.37 85.8679 -98.9964 0.5
3 872.024 65.1027 -93.7133 0.5
3 731.814 7.02706 36.8243 0.5
3 975.237 119.983 97.983 0.5
3 974.949 6.01551 34.1602 0.5
3 812.384 42.5208 -81.8299 0.5
3 826.944 157.338 -81.9289 0.5
3 835.373 36.6611 77.3833 0.5
3 705.613 47.2135 84.9328 0.5
3 737.631 14.4867 51.8409 0.5
3 818.279 177.024 -63.7754 0.5
3 957.186 57.2249 -90.3897 0.5
3 703.875 17.4241 -56.4024 0.5
3 928.618 193.886 34.4308 0.5
3 789.65 196.107 27.6308 0.5
3 677.42 189.632 -44.3411 0.5
3 823.607 2.91741 23.9785 0.5
3 854.986 193.714 -34.8956 0.5
3 947.195 49.1844 86.1265 0.5
3 920.083 4.63822 -30.102 0.5
3 853.227 178.65 61.7585 0.5
3 780.385 8.70965 -40.8175 0.5
3 882.238 0.0175498 -1.87341 0.5
3 976.793 25.4681 66.6708 0.5
3 702.334 199.027 -13.9187 0.5
3 989.016 199.932 3.70003 0.5
3 725.545 26.4274 67.728 0.5
3 824.78 12.6068 -48.6047 0.5
3 756.658 91.3457 99.6248 0.5
3 912.454 175.566 -65.4962 0.5
3 854.858 3.31591 -25.5379 0.5
3 733.154 100.898 -99.996 0.5
3 691.328 67.8661 -94.6964 0.5
3 974.655 177.77 -62.8636 0.5
3 861.897 0.00793916 1.26007 0.5
3 862.364 19.946 59.928 0.5
3 941.074 25.925 67.1781 0.5
3 802.441 0.397108 -8.90303 0.5
3 935.57 168.229 -73.1084 0.5
3 709.392 108.445 -99.6428 0.5
3 767.211 170.4 -71.0199 0.5
3 998.214 198.534 -17.0579 0.5
3 973.795 198.027 19.7666 0.5
3 803.11 143.921 -89.8383 0.5
3 902.788 179.008 61.3004 0.5
3 904.548 98.8615 99.9935 0.5
3 873.024 77.1784 -97.3611 0.5
3 851.802 198.819 -15.3262 0.5
3 757.285 71.9548 -95.9868 0.5
3 860.21 148.567 -87.4143 0.5
3 680.387 143.039 90.2643 0.5
3 737.307 4.69215 -30.2723 0.5
3 770.588 113.78 -99.046 0.5
3 735.152 43.0787 82.219 0.5
3 850.83 0.143419 5.3538 0.5
3 778.44 143.197 -90.1888 0.5
3 989.811 107.725 -99.7012 0.5
3 990.247 5.51267 -32.7436 0.5
3 761.156 136.762 92.9976 0.5
3 737.606 197.98 19.9986 0.5
3 922.816 85.2288 -98.903 0.5
3 845.658 111.524 -99.3338 0.5
3 791.151 4.35147 29.1781 0.5
3 765.878 113.744 -99.0511 0.5
3 834.334 29.5535 70.9739 0.5
3 945.905 34.1146 75.227 0.5
3 710.247 40.0524 -80.0393 0.5
3 906.945 146.204 88.6861 0.5
3 769.061 108.745 -99.6169 0.5
3 717.674 143.031 90.268 0.5
3 883.76 198.677 -16.2108 0.5
3 986.175 189.375 44.8574 0.5
3 775.675 199.999 -0.321142 0.5
3 865.529 179.014 -61.2928 0.5
3 853.667 166.37 74.7999 0.5
3 708.525 82.9657 98.5385 0.5
3 977.21 1.17394 -15.2778 0.5
3 715.662 145.952 88.8167 0.5
3 703.745 48.1802 85.5261 0.5
3 767.63 150.76 -86.1592 0.5
3 947.003 191.057 41.3364 0.5
3 946.778 198.106 19.3683 0.5
3 749.935 50.1112 -86.6667 0.5
3 783.34 168.818 72.554 0.5
3 754.449 199.944 -3.358 0.5
3 998.692 186.13 50.8093 0.5
3 676.998 194.826 31.7496 0.5
3 698.98 58.3844 -90.9293 0.5
3 847.684 170.783 -70.6382 0.5
3 739.362 31.5085 -72.8623 0.5
3 812.616 197.828 -20.7272 0.5
3 961.592 50.4077 -86.8366 0.5
3 962.25 28.7346 -70.1515 0.5
3 678.613 16.4589 54.9625 0.5
3 809.061 168.215 73.1216 0.5
3 940.092 130.684 -95.176 0.5
3 833.22 186.693 49.8424 0.5
3 759.283 57.1107 90.3355 0.5
3 967.135 13.0446 49.3838 0.5
3 809.717 25.2286 -66.4021 0.5
3 761.862 5.15837 31.7028 0.5
3 810.236 91.8431 99.6668 0.5
3 707.019 1.93455 -19.5747 0.5
3 929.72 170.714 70.7075 0.5
3 816.139 62.6474 92.762 0.5
3 695.942 8.18247 39.6174 0.5
3 871.258 27.8662 -69.2583 0.5
3 711.713 17.7215 56.8352 0.5
3 830.371 104.693 -99.8898 0.5
3 700.033 66.418 94.1926 0.5
3 838.78 190.987 -41.4887 0.5
3 744.76 86.6999 99.1116 0.5
3 794.699 160.721 79.4541 0.5
3 702.125 5.37984 -32.3578 0.5
3 933.706 129.731 95.478 0.5
3 772.955 173.694 -67.5953 0.5
3 910.909 0.0520439 -3.22584 0.5
3 978.738 17.0031 -55.781 0.5
3 782.662 112.249 99.247 0.5
3 722.712 158.851 80.8486 0.5
3 706.961 197.926 -20.262 0.5
3 957.227 166.326 -74.8385 0.5
3 998.767 149.912 86.6532 0.5
3 889.081 81.7879 98.3276 0.5
3 848.629 11.6353 46.8153 0.5
3 886.632 13.1878 49.635 0.5
3 955.423 199.304 -11.7812 0.5
3 711.42 9.62682 -42.8099 0.5
3 668.88 119.773 -98.0257 0.5
3 844.506 69.5391 95.2478 0.5
3 991.461 117.374 98.4792 0.5
3 789 16.519 -55.0537 0.5
3 806.08 161.052 -79.2002 0.5
3 915.672 128.836 -95.7521 0.5
3 859.432 24.1602 -65.1792 0.5
3 706.072 118.135 -98.3419 0.5
3 866.077 56.488 90.0373 0.5
3 832.515 94.022 99.8212 0.5
3 989.64 199.991 1.33871 0.5
3 828.53 198.654 16.3497 0.5
3 932.826 107.862 -99.6905 0.5
3 750.496 153.362 -84.5727 0.5
3 720.939 8.35789 -40.0215 0.5
3 842.655 101.352 -99.9909 0.5
3 879.082 23.5357 64.4455 0.5
3 848.434 0.317284 -7.95966 0.5
3 866.983 126.795 -96.3433 0.5
3 907.631 194.655 32.2554 0.5
3 969.433 122.685 -97.3929 0.5
3 954.324 76.9233 -97.3009 0.5
3 839.228 73.4933 -96.423 0.5
3 825.459 110.482 -99.4492 0.5
3 938.848 71.0752 95.7254 0.5
3 850.404 85.5983 -98.9575 0.5
3 680.002 170.196 -71.2212 0.5
3 747.304 157.13 -82.074 0.5
3 680.298 34.5324 -75.591 0.5
3 799.726 66.8938 -94.3609 0.5
3 797.399 147.859 87.8038 0.5
3 716.466 55.3808 -89.4937 0.5
3 799.009 199.392 -11.0095 0.5
3 982.425 189.584 44.4368 0.5
3 947.861 178.63 61.7848 0.5
3 865.926 7.83012 -38.7906 0.5
3 924.072 0.0109094 1.47708 0.5
3 973.829 85.3955 -98.9278 0.5
3 728.385 4.79937 -30.6078 0.5
3 849.604 116.373 98.6505 0.5
3 941.238 92.2015 -99.6955 0.5
3 827.379 9.26721 -42.0424 0.5
3 756.961 42.4213 81.7599 0.5
3 764.878 94.8889 99.8693 0.5
3 747.649 70.8857 -95.6679 0.5
3 937.23 42.979 -82.1499 0.5
3 843.199 186.814 -49.6317 0.5
3 741.562 10.2635 -44.1288 0.5
3 989.043 186.586 50.0289 0.5
3 735.126 64.0797 -93.3259 0.5
3 974.266 83.9759 -98.7078 0.5
3 691.999 156.097 -82.7834 0.5
3 783.489 145.496 -89.051 0.5
3 705.998 172.357 -69.0253 0.5
3 877.429 11.5685 -46.6891 0.5
3 929.516 1.19785 15.4316 0.5
3 768.306 103.894 99.9242 0.5
3 813.455 0.0236599 2.17518 0.5
3 903.293 22.2076 -62.8359 0.5
3 723.823 178.681 -61.7198 0.5
3 835.193 0.242378 -6.95823 0.5
3 986.417 76.5026 -97.2002 0.5
3 736.637 65.6699 -93.9225 0.5
3 776.828 184.462 53.5373 0.5
3 696.332 72.6033 96.1739 0.5
3 751.754 41.1436 80.8451 0.5
3 868.048 106.061 -99.8161 0.5
3 971.854 102.996 99.9551 0.5
3 699.963 49.323 86.2081 0.5
3 736.341 158.064 -81.4163 0.5
3 793.287 195.998 28.0068 0.5
3 732.558 0.526476 -10.2478 0.5
3 938.366 68.7767 -95.0006 0.5
3 751.925 183.703 -54.7163 0.5
3 978.405 119.992 -97.9812 0.5
3 694.934 164.339 76.554 0.5
3 939.804 105.687 99.8381 0.5
3 962.029 29.6693 71.0886 0.5
3 874.768 144.095 -89.753 0.5
3 690.268 12.9278 49.1776 0.5
3 806.277 50.2188 -86.7285 0.5
3 989.746 104.991 99.8754 0.5
3 786.572 196.921 24.6253 0.5
3 816.904 29.3554 -70.7767 0.5
3 725.616 70.3275 -95.4963 0.5
3 670.428 6.44419 35.3173 0.5
3 924.109 166.998 74.2376 0.5
3 878.586 197.075 24.0079 0.5
3 811.792 143.221 90.1773 0.5
3 732.284 187.674 -48.0957 0.5
3 703.661 111.847 99.2958 0.5
3 968.397 35.6011 -76.5035 0.5
3 690.43 27.0192 68.3653 0.5
3 941.976 35.7045 76.5904 0.5
3 943.537 191.218 -40.979 0.5
3 935.283 7.18812 -37.2284 0.5
3 756.528 196.118 -27.5931 0.5
3 727.927 158.677 -80.9752 0.5
3 875.707 100.074 100 0.5
3 734.161 144.913 -89.3465 0.5
3 850.272 0.0674985 -3.67357 0.5
3 795.031 131.405 -94.9405 0.5
3 998.096 195.612 -29.2974 0.5
3 801.377 198.283 -18.4515 0.5
3 932.568 187.392 48.6075 0.5
3 771.547 20.0407 -60.0542 0.5
3 982.504 5.53674 32.813 0.5
3 805.787 38.9386 79.1928 0.5
3 868.771 73.9279 -96.5414 0.5
3 902.282 3.3873 25.8067 0.5
3 990.722 60.3625 91.8089 0.5
3 763.591 6.0687 -34.3061 0.5
3 744.851 3.39939 25.8519 0.5
3 733.412 196.874 -24.8065 0.5
3 948.872 17.7518 56.8792 0.5
3 732.768 125.296 -96.7476 0.5
3 878.608 198.548 -16.9776 0.5
3 917.189 62.8357 92.8376 0.5
3 988.423 80.4373 98.0678 0.5
3 671.246 120.85 -97.8022 0.5
3 808.017 194.998 -31.23 0.5
3 714.862 0.0942157 4.33985 0.5
3 932.728 15.859 -54.0398 0.5
3 978.066 5.73006 33.3643 0.5
3 936.837 5.98742 34.0828 0.5
3 942.08 80.4344 98.0673 0.5
3 706.943 120.696 -97.835 0.5
3 893.118 30.6199 72.0167 0.5
3 830.322 149.292 87.0072 0.5
3 969.389 171.01 -70.4104 0.5
3 790.735 106.245 -99.8048 0.5
3 735.415 146.466 88.5491 0.5
3 955.177 12.3764 48.1883 0.5
3 786.174 148.959 -87.1951 0.5
3 872.14 141.36 -91.0459 0.5
3 794.174 184.345 53.7206 0.5
3 789.858 86.0349 99.0201 0.5
3 848.207 3.49687 26.2135 0.5
3 959.433 193.829 34.585 0.5
3 749.927 182.62 -56.3371 0.5
3 875.418 186.489 -50.196 0.5
3 682.705 181.648 -57.737 0.5
3 685.727 191.003 41.4538 0.5
3 855.817 198.106 19.3701 0.5
3 794.803 4.02069 -28.0708 0.5
3 984.139 22.1159 -62.7222 0.5
3 838.742 3.96477 27.8789 0.5
3 981.013 199.738 7.23596 0.5
3 727.348 0.971544 13.9056 0.5
3 852.135 139.906 91.6925 0.5
3 981.371 26.4419 -67.7436 0.5
3 831.038 170.311 -71.1079 0.5
3 895.281 188.253 -47.0253 0.5
3 748.677 4.12142 -28.413 0.5
3 856.234 5.19088 31.7999 0.5
3 980.826 143.455 90.0645 0.5
3 954.037 79.9871 -97.977 0.5
3 733.286 30.3418 -71.7477 0.5
3 950.458 21.5238 -61.9797 0.5
3 878.203 198.008 19.8623 0.5
3 859.794 0.0414896 2.88031 0.5
3 917.811 160.259 -79.805 0.5
3 971.88 94.3517 -99.8404 0.5
3 885.394 157.948 81.4985 0.5
3 773.5 197.426 -22.5446 0.5
3 936.735 0.326332 -8.07216 0.5
3 669.09 75.6105 96.9802 0.5
3 965.183 127.793 96.0601 0.5
3 881.583 1.74622 18.6063 0.5
3 740.31 0.810153 12.7033 0.5
3 716.927 1.13397 15.017 0.5
3 808.633 31.5621 72.9126 0.5
3 699.859 85.9924 99.0141 0.5
3 873.326 7.88716 -38.9259 0.5
3 905.904 108.38 -99.6483 0.5
3 714.69 76.4376 -97.1844 0.5
3 779.483 143.937 89.8308 0.5
3 775.563 65.8221 93.978 0.5
3 751.991 24.4596 65.5259 0.5
3 896.423 86.4523 -99.078 0.5
3 859.828 7.51273 38.0277 0.5
3 707.128 103.115 99.9515 0.5
3 992.967 155.679 83.0652 0.5
3 954.152 113.758 99.049 0.5
3 858.215 104.779 -99.8857 0.5
3 678.86 199.423 -10.7261 0.5
3 868.843 132.269 94.6503 0.5
3 730.024 155.23 -83.3642 0.5
3 907 4.23272 -28.7859 0.5
3 843.436 0.818331 12.767 0.5
3 899.714 0.119779 4.893 0.5
3 966.892 131.977 -94.7496 0.5
3 708.838 198.446 17.5591 0.5
3 743.151 10.6622 -44.9306 0.5
3 835.2 117.387 98.4769 0.5
3 971.833 196.881 24.7802 0.5
3 814.166 81.1787 98.2128 0.5
3 733.667 0.46382 9.62023 0.5
3 916.649 37.3706 77.9587 0.5
3 761.613 154.074 84.119 0.5
3 885.815 148.352 -87.5332 0.5
3 728.972 11.7495 47.0303 0.5
3 849.424 13.1434 49.5573 0.5
3 671.257 24.9597 66.0981 0.5
3 868.724 35.9988 76.8365 0.5
3 946.109 15.9797 54.2272 0.5
3 870.291 154.748 -83.6817 0.5
3 688.896 165.744 -75.3509 0.5
3 704.288 155.676 -83.0676 0.5
3 794.776 2.64869 -22.8631 0.5
3 753.46 99.2856 -99.9974 0.5
3 922.005 53.9841 88.7836 0.5
3 985.148 110.459 99.4515 0.5
3 794.267 134.23 93.9591 0.5
3 716.216 6.28546 34.8939 0.5
3 845.242 128.224 -95.9344 0.5
3 768.637 54.0726 88.8295 0.5
3 777.554 183.766 -54.6186 0.5
3 845.266 181.042 58.5854 0.5
3 785.31 187.662 -48.1175 0.5
3 990.031 43.5954 82.5743 0.5
3 999.092 2.47287 22.1011 0.5
3 877.485 1.56659 17.6313 0.5
3 863.713 68.327 -94.8516 0.5
3 921.407 56.4044 -89.9968 0.5
3 882.959 4.40328 -29.3473 0.5
3 904.109 59.3738 -91.3757 0.5
3 791.258 0.00801775 1.26629 0.5
3 901.118 198.204 18.8686 0.5
3 745.39 2.3651 21.6201 0.5
3 805.526 32.6809 -73.9469 0.5
3 751.885 187.937 47.614 0.5
3 751.92 51.1543 87.2588 0.5
3 722.994 3.20346 -25.1084 0.5
3 900.328 26.0208 67.2836 0.5
3 824.228 115.525 -98.7876 0.5
3 787.761 119.777 98.0248 0.5
3 832.633 198.192 18.9307 0.5
3 878.425 0.423901 -9.19786 0.5
3 896.21 25.7397 66.9731 0.5
3 684.001 189.161 45.28 0.5
3 781.834 188.216 -47.0941 0.5
3 875.135 173.411 -67.9033 0.5
3 847 126.51 -96.4222 0.5
3 978.813 195.288 30.3333 0.5
3 841.132 170.336 71.0837 0.5
3 996.419 84.1026 -98.7283 0.5
3 700.805 117.054 98.5351 0.5
3 792.983 115.921 -98.7245 0.5
3 715.377 138.811 92.1611 0.5
3 746.655 170.234 -71.1846 0.5
3 908.841 110.806 -99.4144 0.5
3 799.044 75.7961 97.0267 0.5
3 791.802 111.144 99.3771 0.5
3 965.837 23.1707 -64.0099 0.5
3 742.884 16.8546 55.5593 0.5
3 961.75 0.515743 10.1431 0.5
3 980.692 176.423 64.4945 0.5
3 778.527 166.234 -74.9202 0.5
3 805.561 11.1691 45.9246 0.5
3 727.084 193.79 -34.6895 0.5
3 801.826 171.236 -70.1819 0.5
3 829.249 134.402 -93.8961 0.5
3 766.027 199.204 -12.589 0.5
3 884.331 143.805 89.8952 0.5
3 762.317 123.556 -97.1859 0.5
3 767.598 180.814 -58.8985 0.5
3 802.679 96.8799 99.9513 0.5
3 823.36 27.8052 -69.1948 0.5
3 898.675 181.3 58.2261 0.5
3 789.917 17.2996 -56.2196 0.5
3 719.506 96.5929 -99.9419 0.5
3 893.704 0.0955688 -4.37088 0.5
3 924.236 98.9339 -99.9943 0.5
3 872.033 160.64 79.516 0.5
3 734.706 22.0844 62.683 0.5
3 853.837 0.000519575 -0.322358 0.5
3 988.932 197.349 -22.8716 0.5
3 972.224 9.80189 43.1776 0.5
3 841.596 142.713 90.4192 0.5
3 827.604 186.675 -49.8749 0.5
3 976.846 82.2548 98.4129 0.5
3 721.163 74.2398 -96.6251 0.5
3 833.918 131.685 -94.8474 0.5
3 859.067 37.4642 -78.0338 0.5
3 964.384 30.6643 72.0594 0.5
3 779.603 6.40854 -35.2227 0.5
3 885.829 1.65276 18.1058 0.5
3 998.43 106.749 -99.772 0.5
3 901.792 142.713 90.419 0.5
3 862.348 98.9993 -99.995 0.5
3 767.189 23.8213 -64.7827 0.5
3 697.064 149.406 -86.9427 0.5
3 717.355 188.52 46.5203 0.5
3 762.945 93.9595 99.8174 0.5
3 952.759 95.0925 99.8795 0.5
3 690.436 55.4817 -89.544 0.5
3 729.526 14.1618 -51.3011 0.5
3 746.138 0.00458845 0.957951 0.5
3 919.554 1.40252 -16.6894 0.5
3 989.621 15.2628 53.0999 0.5
3 950.125 117.736 -98.4145 0.5
3 802.209 133.637 94.173 0.5
3 707.884 73.0606 96.303 0.5
3 813.774 15.1327 52.8918 0.5
3 675.732 179.029 -61.2729 0.5
3 907.696 45.7511 -84.0063 0.5
3 680.992 11.2268 46.0362 0.5
3 827.478 30.0375 71.451 0.5
3 834.698 22.1183 -62.7251 0.5
3 982.728 165.011 75.9841 0.5
3 826.496 23.5241 -64.4316 0.5
3 800.595 127.437 96.1624 0.5
3 866.047 109.731 -99.5254 0.5
3 995.832 92.4945 -99.7179 0.5
3 923.068 150.133 -86.5258 0.5
3 968.225 25.5198 66.7285 0.5
3 915.227 76.1653 -97.118 0.5
3 808.945 34.6026 75.6517 0.5
3 787.662 132.314 -94.6351 0.5
3 965.211 3.82508 27.3932 0.5
3 914.903 120.33 97.9116 0.5
3 919.543 11.4303 -46.4263 0.5
3 917.282 180.874 -58.8161 0.5
3 999.93 160.033 -79.9749 0.5
3 981.933 197.542 -22.0376 0.5
3 962.699 159.324 80.5024 0.5
3 741.567 0.412799 9.07686 0.5
3 856.349 107.091 99.7483 0.5
3 981.514 92.8364 -99.7431 0.5
3 781.925 41.2796 -80.9439 0.5
3 731.062 190.74 -42.0261 0.5
3 746.034 1.68958 -18.3047 0.5
3 783.218 130.755 -95.1533 0.5
3 767.598 19.395 -59.1847 0.5
3 939.085 9.63514 42.8275 0.5
3 786.718 115.291 -98.8241 0.5
3 911.003 0.552216 -10.4947 0.5
3 947.496 52.9022 -88.2145 0.5
3 701.31 106.73 99.7733 0.5
3 845.388 65.4964 -93.8589 0.5
3 743.84 26.5246 67.8334 0.5
3 892.044 80.7479 -98.1293 0.5
3 780.216 47.4684 85.0907 0.5
3 978.015 104.432 99.9017 0.5
3 672.471 4.47055 -29.5656 0.5
3 727.115 71.8097 -95.9443 0.5
3 764.687 160.312 -79.7651 0.5
3 830.438 28.0787 69.4789 0.5
3 685.756 93.3748 99.7803 0.5
3 796.353 19.9688 59.9584 0.5
3 935.176 4.17855 28.6051 0.5
3 850.884 14.5671 51.9733 0.5
3 930.869 4.45587 -29.5181 0.5
3 843.529 47.3169 84.997 0.5
3 880.381 37.6899 78.2142 0.5
3 846.53 163.284 -77.4282 0.5
3 879.418 0.379163 8.69993 0.5
3 938.371 148.589 -87.4018 0.5
3 996.938 156.802 -82.3013 0.5
3 958.729 106.111 99.8131 0.5
3 744.425 80.1917 98.0185 0.5
3 702.903 158.819 -80.8722 0.5
3 745.164 103.504 -99.9386 0.5
3 757.385 0.684682 -11.6819 0.5
3 818.785 84.6262 -98.8112 0.5
3 733.084 193.814 34.6265 0.5
3 959.918 0.0528062 -3.24938 0.5
3 787.713 37.4564 -78.0275 0.5
3 836.895 79.4419 97.864 0.5
3 852.385 36.4589 77.2174 0.5
3 810.254 185.917 -51.1684 0.5
3 871.557 194.856 -31.6589 0.5
3 883.157 173.428 -67.8851 0.5
3 684.235 70.8135 -95.6459 0.5
3 752.923 54.7396 -89.1712 0.5
3 874.254 33.2184 74.4326 0.5
3 986.259 170.716 70.7057 0.5
3 993.174 0.621084 -11.1279 0.5
3 814.312 56.5371 -90.061 0.5
3 963.258 148.446 87.4811 0.5
3 761.737 189.943 -43.7061 0.5
3 954.42 51.9653 87.7078 0.5
3 923.664 195.704 28.994 0.5
3 778.738 163.254 77.4524 0.5
3 925.804 110.058 -99.4929 0.5
3 987.47 146.786 88.3803 0.5
3 797.638 199.315 -11.6821 0.5
3 839.568 139.884 -91.702 0.5
3 900.951 74.7997 96.7726 0.5
3 834.839 169.657 -71.749 0.5
3 695.166 160.154 -79.8844 0.5
3 766.567 127.261 -96.2125 0.5
3 682.038 22.9836 63.7846 0.5
3 711.372 7.33159e-08 0.00382925 0.5
3 900.914 196.814 -25.0412 0.5
3 739.298 33.9646 -75.0954 0.5
3 799.408 56.844 90.2084 0.5
3 934.713 1.21896 -15.5662 0.5
3 729.395 184.577 53.3545 0.5
3 976.798 68.2118 -94.813 0.5
3 878.404 15.3443 -53.2298 0.5
3 957.474 194.79 -31.8576 0.5
3 806.255 43.8857 -82.7719 0.5
3 901.56 61.8317 -92.4293 0.5
3 996.104 176.212 64.7439 0.5
3 936.55 55.1144 -89.3604 0.5
3 756.041 141.888 90.8042 0.5
3 799.789 21.7301 62.24 0.5
3 892.86 164.939 76.0456 0.5
3 987.784 195.78 28.7427 0.5
3 764.104 195.604 29.3224 0.5
3 925.702 35.8216 -76.6886 0.5
3 901.47 53.9976 88.7906 0.5
3 829.309 74.0132 96.5644 0.5
3 737.021 52.5704 88.0365 0.5
3 877.457 19.5687 -59.4206 0.5
3 972.265 191.819 39.6137 0.5
3 710.288 137.859 92.5565 0.5
3 866.501 196.353 26.7601 0.5
3 838.655 27.1605 -68.5157 0.5
3 944.968 162.347 78.1851 0.5
3 735.894 59.7544 -91.5439 0.5
3 798.822 175.149 -65.975 0.5
3 835.064 62.1844 -92.5742 0.5
3 864.472 133.852 -94.0958 0.5
3 755.503 121.062 -97.7567 0.5
3 971.05 63.1713 -92.9712 0.5
3 723.056 199.908 4.28911 0.5
3 779.433 39.3585 -79.5148 0.5
3 673.187 188.418 -46.7153 0.5
3 875.905 135.874 -93.3436 0.5
3 695.362 112.303 -99.2403 0.5
3 950.181 159.287 80.5297 0.5
3 776.426 146.686 88.4331 0.5
3 812.417 180.447 59.3999 0.5
3 912.177 171.736 -69.6702 0.5
3 981.126 5.98204 34.0679 0.5
3 860.254 1.64152 18.0446 0.5
3 795.619 199.099 -13.3927 0.5
3 824.521 116.983 98.5473 0.5
3 712.276 178.251 -62.2643 0.5
3 956.404 176.214 -64.741 0.5
3 809.79 151.325 85.8241 0.5
3 856.821 74.6536 96.7345 0.5
3 694.536 133.803 94.1135 0.5
3 931.239 199.752 7.03723 0.5
3 861.918 179.105 61.1748 0.5
3 733.013 160.202 -79.8479 0.5
3 962.067 199.231 -12.3813 0.5
3 672.753 39.8778 79.9082 0.5
3 714.897 194.168 33.6522 0.5
3 936.296 0.0118042 -1.53646 0.5
3 940.311 16.571 -55.1326 0.5
3 766.465 199.719 7.4861 0.5
3 710.616 18.7663 -58.3189 0.5
3 758.289 0.192865 -6.20772 0.5
3 892.621 40.4823 -80.3594 0.5
3 961.049 175.413 65.6721 0.5
3 891.661 7.24631 -37.3732 0.5
3 783.916 44.7284 -83.337 0.5
3 781.66 191.366 40.6475 0.5
