0 98.9681 109.667 -11.4697 0.5
0 141.181 99.6443 -14.9958 0.5
0 44.8287 101.447 -14.93 0.5
0 314.621 90.1445 -11.3079 0.5
0 273.32 92.0704 12.7327 0.5
0 150.483 85.0181 -0.736514 0.5
0 194.445 96.498 -14.5855 0.5
0 149.21 89.1517 10.3593 0.5
0 219.567 97.8629 -14.847 0.5
0 56.8679 99.6793 14.9966 0.5
0 73.7981 85.0075 -0.474615 0.5
0 45.4625 85.7647 -4.72825 0.5
0 311.21 94.7174 14.039 0.5
0 7.48994 86.7634 7.05644 0.5
0 293.509 98.3434 14.9082 0.5
0 257.495 101.828 -14.8882 0.5
0 303.313 86.0247 -5.44892 0.5
0 5.69971 85.1602 -2.18645 0.5
0 58.5583 86.699 -6.93427 0.5
0 263.356 105.583 -13.9224 0.5
0 92.316 89.0243 10.2242 0.5
0 64.0229 85.0007 0.147738 0.5
0 307.066 96.2931 -14.5347 0.5
0 115.541 109.637 11.4945 0.5
0 191.117 111.789 9.27422 0.5
0 56.3137 90.2833 11.4274 0.5
0 278.259 113.173 -7.17494 0.5
0 149.627 110.555 10.6579 0.5
0 205.357 108.689 -12.2267 0.5
0 153.198 85.5432 4.00017 0.5
0 128.25 85.9095 -5.1438 0.5
0 252.064 110.948 10.2541 0.5
0 226.403 104.056 14.4411 0.5
0 170.128 87.4771 8.25701 0.5
0 59.4613 104.425 14.3325 0.5
0 3.58964 99.0788 -14.9717 0.5
0 43.7191 105.101 -14.1061 0.5
0 73.9408 85.8174 4.88418 0.5
0 324.015 103.285 -14.6358 0.5
0 232.608 98.826 14.954 0.5
0 268.276 113.279 -6.97573 0.5
0 322.309 85.0409 -1.10631 0.5
0 236.193 92.6862 -13.0961 0.5
0 78.994 111.711 9.37235 0.5
0 183.009 114.365 4.3184 0.5
0 158.645 87.3375 -8.04114 0.5
0 48.6748 114.927 1.48164 0.5
0 260.216 107.831 -12.7934 0.5
0 37.8565 113.475 -6.58944 0.5
0 62.6361 85.1259 1.93974 0.5
0 142.157 110.647 10.5656 0.5
0 198.774 89.7436 10.9456 0.5
0 49.936 86.6811 6.89978 0.5
0 275.163 109.543 11.5725 0.5
0 267.698 97.9458 -14.8587 0.5
0 281.52 99.0816 14.9719 0.5
0 13.3088 85.0009 0.16725 0.5
0 117.056 95.7087 -14.373 0.5
0 122.292 85.6478 -4.36057 0.5
0 121.764 108.391 -12.4336 0.5
0 231.313 100.333 -14.9963 0.5
0 312.455 92.6101 -13.0533 0.5
0 179.339 85.5558 4.04524 0.5
0 195.108 112.73 -7.93422 0.5
0 205.195 113.622 6.28004 0.5
0 71.6981 114.929 -1.45979 0.5
0 292.299 114.44 4.05927 0.5
0 109.104 91.7616 -12.5351 0.5
0 315.774 110.721 -10.4906 0.5
0 257.505 101.365 14.9378 0.5
0 222.823 101.373 14.937 0.5
0 34.0852 86.0179 -5.43146 0.5
0 312.402 107.813 12.8047 0.5
0 198.917 112.898 7.65755 0.5
0 199.572 94.0976 -13.7899 0.5
0 298.332 90.1824 11.3409 0.5
0 91.7538 94.9955 -14.1405 0.5
0 294.565 98.2726 14.9002 0.5
0 106.432 112.737 7.92255 0.5
0 56.8138 97.0866 -14.7143 0.5
0 21.4198 86.9621 7.41706 0.5
0 150.01 107.836 12.7905 0.5
0 59.7062 102.079 14.8552 0.5
0 64.5039 111.901 -9.13089 0.5
0 59.8683 90.7059 11.7737 0.5
0 269.998 112.045 8.94004 0.5
0 154.751 109.689 11.4506 0.5
0 329.881 113.712 -6.08025 0.5
0 306.324 109.118 -11.9103 0.5
0 218.641 101.83 -14.8879 0.5
0 103.212 87.6016 -8.4428 0.5
0 331.34 85.4183 -3.5177 0.5
0 156.154 85.6767 -4.45446 0.5
0 235.292 89.2247 -10.4351 0.5
0 31.4381 91.0654 12.0488 0.5
0 286.503 107.691 -12.8785 0.5
0 136.626 112.528 -8.24852 0.5
0 302.979 90.5211 -11.6254 0.5
0 119.352 114.01 5.3586 0.5
0 255.719 113.625 6.27265 0.5
0 223.413 103.073 -14.6818 0.5
0 277.129 85.2381 -2.66217 0.5
0 28.7444 100.189 -14.9988 0.5
0 323.058 89.5587 -10.7694 0.5
0 58.7869 112.966 7.54254 0.5
0 198.791 101.095 -14.9599 0.5
0 51.9546 85.8373 -4.94155 0.5
0 82.5303 86.2516 -5.99836 0.5
0 62.5997 85 0.0384417 0.5
0 113.369 114.2 -4.83203 0.5
0 307.879 114.559 -3.61208 0.5
0 307.434 100.525 14.9908 0.5
0 68.0582 96.7891 14.6523 0.5
0 133.266 105.14 14.0918 0.5
0 157.612 88.446 9.56582 0.5
0 206.992 87.7265 -8.62334 0.5
0 265.412 88.4985 -9.62889 0.5
0 195.869 90.159 11.3205 0.5
0 286.527 111.47 9.6663 0.5
0 160.059 89.6645 -10.871 0.5
0 0.817201 97.9326 14.8568 0.5
0 266.236 85.2555 2.75682 0.5
0 40.7454 102.975 14.7019 0.5
0 298.064 85.3435 3.19161 0.5
0 186.656 90.976 11.982 0.5
0 250.292 85.3909 3.40221 0.5
0 257.88 99.7194 -14.9974 0.5
0 187.846 95.2084 -14.2141 0.5
0 294.878 96.8139 -14.6577 0.5
0 231.626 86.537 -6.61419 0.5
0 18.2862 85.0481 -1.20021 0.5
0 224.984 85.7009 4.53173 0.5
0 129.126 114.557 3.62054 0.5
0 9.90663 113.253 7.0248 0.5
0 178.126 94.8903 14.1029 0.5
0 156.194 98.3438 -14.9083 0.5
0 291.456 86.5646 6.67013 0.5
0 279.319 85.9917 -5.36352 0.5
0 190.071 94.921 14.114 0.5
0 221.409 111.064 -10.1283 0.5
0 46.4026 91.3358 -12.2447 0.5
0 66.9402 89.2786 -10.4905 0.5
0 269.021 87.1318 -7.70772 0.5
0 196.311 109.242 11.8144 0.5
0 113.877 109.272 -11.7914 0.5
0 135.438 88.9679 10.1633 0.5
0 252.706 98.3079 14.9042 0.5
0 107.436 104.77 14.2214 0.5
0 295.608 100.439 -14.9936 0.5
0 313.97 87.2038 7.82672 0.5
0 102.22 110.235 10.9658 0.5
0 16.9463 111.7 9.38727 0.5
0 54.1006 101.389 14.9355 0.5
0 71.4204 98.3207 14.9057 0.5
0 313.633 85.8223 4.89815 0.5
0 297.106 113.47 6.59994 0.5
0 8.77882 94.7734 -14.06 0.5
0 123.288 85.1547 -2.1486 0.5
0 83.1769 114.534 3.71168 0.5
0 110.899 87.8488 8.79482 0.5
0 165.531 94.3132 13.8802 0.5
0 53.9762 91.1225 12.0909 0.5
0 94.6558 104.532 14.2989 0.5
0 161.166 87.5478 -8.36312 0.5
0 80.8567 106.111 -13.6986 0.5
0 48.6342 112.608 -8.12667 0.5
0 28.6982 97.0297 -14.703 0.5
0 221.748 86.4145 6.35887 0.5
0 3.89947 112.379 -8.47139 0.5
0 16.4681 112.059 -8.92142 0.5
0 250.093 100.423 14.994 0.5
0 298.772 109.366 11.7168 0.5
0 91.143 113.689 -6.13346 0.5
0 63.8763 92.4759 12.9765 0.5
0 114.916 102.785 -14.7392 0.5
0 130.625 114.974 -0.884037 0.5
0 168.281 88.6307 9.78459 0.5
0 152.964 110.169 11.0266 0.5
0 143.052 89.1713 -10.3797 0.5
0 325.799 85.0352 -1.02699 0.5
0 21.6463 111.021 10.1754 0.5
0 179.93 92.6464 -13.0738 0.5
0 230.533 109.795 11.3601 0.5
0 78.613 85.0253 0.871236 0.5
0 214.702 114.999 0.164588 0.5
0 109.117 114.996 -0.360028 0.5
0 6.02465 85.8672 5.02637 0.5
0 326.211 101.063 14.9623 0.5
0 214.806 85.9489 -5.25031 0.5
0 122.045 93.5455 -13.5403 0.5
0 48.7715 110.156 -11.0387 0.5
0 138.889 102.521 14.7867 0.5
0 63.8675 112.94 -7.58616 0.5
0 159.046 110.822 -10.3868 0.5
0 277.073 103.304 -14.6315 0.5
0 17.8 102.788 14.7386 0.5
0 96.8496 85.0215 0.802834 0.5
0 161.033 108.614 12.2803 0.5
0 46.1359 87.2239 7.85953 0.5
0 164.697 104.866 14.1889 0.5
0 70.591 108.499 12.3601 0.5
0 208.222 95.8582 -14.4168 0.5
0 66.6284 91.8011 -12.561 0.5
0 81.0597 93.2002 13.3702 0.5
0 134.805 85.5133 3.89057 0.5
0 16.6217 86.7203 6.97493 0.5
0 249.749 106.045 -13.7279 0.5
0 329.527 86.9166 -7.3365 0.5
0 162.199 92.337 12.8949 0.5
0 103.01 86.2848 6.07394 0.5
0 35.3641 108.038 -12.6645 0.5
0 22.8922 100.755 14.981 0.5
0 155.323 114.283 4.58106 0.5
0 65.7589 87.9324 -8.90916 0.5
0 186.037 85.4223 -3.53437 0.5
0 4.07172 113.231 7.06611 0.5
0 163.819 102.133 14.8475 0.5
0 224.198 91.2746 12.2011 0.5
0 249.799 92.355 12.9056 0.5
0 123.745 111.736 -9.34154 0.5
0 127.889 85.1767 2.29536 0.5
0 165.965 112.253 -8.65215 0.5
0 235.941 86.0134 -5.4198 0.5
0 118.347 99.4754 14.9908 0.5
0 47.4898 98.3633 14.9104 0.5
0 245.391 102.064 -14.8574 0.5
0 154.21 104.277 14.3773 0.5
0 204.76 112.745 -7.91049 0.5
0 108.668 85.1241 1.92587 0.5
0 251.86 86.1666 5.79973 0.5
0 103.279 85.065 1.39531 0.5
0 13.9487 96.452 -14.5744 0.5
0 120.069 85.4221 3.53354 0.5
0 17.3666 99.4737 14.9908 0.5
0 317.165 108.604 -12.2873 0.5
0 282.329 97.4067 14.7741 0.5
0 161.398 85.3407 3.17889 0.5
0 290.471 90.3518 11.4853 0.5
0 44.9637 94.4943 13.953 0.5
0 162.444 86.7373 7.00727 0.5
0 160.796 85.0072 -0.463943 0.5
0 66.2683 106.386 -13.5729 0.5
0 58.5035 85.0001 -0.0562686 0.5
0 258.478 113.128 -7.25578 0.5
0 252.855 114.836 2.21496 0.5
0 183.989 109.759 11.3912 0.5
0 157.811 86.904 7.31405 0.5
0 55.0094 114.821 2.30971 0.5
0 250.605 114.795 2.47442 0.5
0 19.3076 112.143 8.80548 0.5
0 289.492 114.275 4.60711 0.5
0 202.595 114.517 -3.77594 0.5
0 175.148 91.3154 -12.2302 0.5
0 114.669 101.25 14.9478 0.5
0 224.005 112.979 7.51917 0.5
0 28.731 88.6531 9.81057 0.5
0 128.906 110.93 -10.2735 0.5
0 205.742 96.2593 14.5261 0.5
0 88.6532 92.3895 -12.926 0.5
0 26.4679 103.604 14.5605 0.5
0 270.819 101.426 14.932 0.5
0 159.507 89.0562 -10.2584 0.5
0 39.1977 113.614 6.29716 0.5
0 0.252068 90.6043 -11.6928 0.5
0 315.55 104.222 14.3935 0.5
0 136.554 110.097 11.0927 0.5
0 303.99 113.559 6.41423 0.5
0 217.357 114.464 3.97358 0.5
0 245.556 114.103 -5.10798 0.5
0 85.547 100.533 14.9905 0.5
0 329.857 89.4681 10.6808 0.5
0 210.878 107.106 -13.2098 0.5
0 191.055 108.333 12.4724 0.5
0 16.8082 107.597 12.9336 0.5
0 30.674 105.548 -13.9364 0.5
0 264.499 112.506 8.28271 0.5
0 259.993 101.889 -14.8805 0.5
0 146.987 86.7058 -6.94721 0.5
0 271.651 109.024 -11.9816 0.5
0 228.589 90.4126 11.5361 0.5
0 106.383 114.897 -1.75645 0.5
0 235.635 86.1668 5.80025 0.5
0 153.553 86.213 5.90911 0.5
0 136.308 92.5576 13.0235 0.5
0 36.8753 85.1725 -2.2685 0.5
0 320.77 111.152 -10.0317 0.5
0 48.2551 107.418 -13.0372 0.5
0 21.6813 100.867 14.9749 0.5
0 212.328 87.813 8.74515 0.5
0 192.143 114.467 -3.96319 0.5
0 39.7503 95.5518 -14.3253 0.5
0 33.7965 103.634 -14.5531 0.5
0 176.111 90.1909 11.3482 0.5
0 201.278 87.8204 8.75538 0.5
0 148.881 88.0234 -9.03109 0.5
0 324.832 108.975 12.0186 0.5
0 241.677 101.749 14.8977 0.5
0 259.113 100.309 -14.9968 0.5
0 53.442 108.409 -12.4212 0.5
0 104.598 114.906 1.67332 0.5
0 237.818 93.0764 13.3066 0.5
0 29.6484 114.797 2.46073 0.5
0 132.786 103.539 -14.5766 0.5
0 222.604 109.573 -11.5482 0.5
0 22.427 101.078 -14.9612 0.5
0 281.949 109.437 11.6594 0.5
0 50.4528 98.0726 14.8757 0.5
0 154.563 105.207 14.0674 0.5
0 269.084 106.552 -13.4934 0.5
0 74.7505 109.242 -11.8147 0.5
0 146.124 114.12 5.06308 0.5
0 58.9705 99.4916 14.9914 0.5
0 77.928 94.9506 14.1246 0.5
0 329.772 101.803 14.8913 0.5
0 202.957 105.793 -13.8363 0.5
0 260.382 113.777 -5.93268 0.5
0 37.7209 109.233 -11.8218 0.5
0 171.155 101.236 -14.949 0.5
0 71.1 85.1928 2.39709 0.5
0 172.37 111.389 9.76199 0.5
0 321.907 90.529 -11.6319 0.5
0 222.905 85.4515 3.65249 0.5
0 128.985 103.298 14.6329 0.5
0 6.68878 109.98 -11.1984 0.5
0 300.731 105.147 14.0892 0.5
0 320.144 91.98 -12.6759 0.5
0 223.343 113.954 -5.50316 0.5
0 230.148 113.213 7.10024 0.5
0 197.484 111.569 9.54722 0.5
0 113.771 111.025 10.1705 0.5
0 246.241 86.1308 5.71354 0.5
0 253.852 97.7181 -14.8254 0.5
0 57.8165 85.0464 1.17885 0.5
0 272.75 87.1554 7.74707 0.5
0 88.2298 93.6876 13.6071 0.5
0 182.53 108.612 -12.2811 0.5
0 213.47 85.3708 3.31468 0.5
0 90.6608 102.695 -14.7559 0.5
0 1.24946 106.297 13.6145 0.5
0 264.647 85.029 -0.932443 0.5
0 258.96 108.497 -12.3614 0.5
0 224.96 112.073 8.90194 0.5
0 280.512 85.551 4.02805 0.5
0 249.45 91.0907 12.0675 0.5
0 85.6925 113.065 -7.36979 0.5
0 203.43 86.621 -6.78245 0.5
0 157.654 95.1255 -14.1859 0.5
0 191.3 102.64 14.7659 0.5
0 108.796 97.3724 14.7681 0.5
0 132.526 114.859 2.05498 0.5
0 310.51 112.375 8.47682 0.5
0 309.944 102.621 -14.7692 0.5
0 145.889 114.82 -2.31693 0.5
0 83.7179 92.913 13.2202 0.5
0 297.978 114.872 -1.95522 0.5
0 252.347 110.124 11.0678 0.5
0 141.799 102.096 -14.8528 0.5
0 244.14 109.432 11.6637 0.5
0 116.992 85.44 -3.6064 0.5
0 163.295 109.062 11.9534 0.5
0 300.577 102.692 -14.7564 0.5
0 65.532 85.2129 2.51853 0.5
0 327.156 114.536 -3.70263 0.5
0 4.04712 86.1608 5.78595 0.5
0 12.3881 99.9363 -14.9999 0.5
0 274.757 111.173 10.0077 0.5
0 111.534 86.4028 6.33375 0.5
0 125.992 114.477 3.92753 0.5
0 194.441 100.576 14.9889 0.5
0 277.9 86.3987 6.32494 0.5
0 296.246 101.967 14.8705 0.5
0 316.838 85.7264 4.61131 0.5
0 265.713 113.522 -6.49277 0.5
0 246.19 114.898 1.74329 0.5
0 145.694 112.77 -7.86898 0.5
0 90.4495 101.559 14.9188 0.5
0 79.1087 85.1358 -2.0136 0.5
0 139.313 89.7312 10.934 0.5
0 129.023 100.492 -14.9919 0.5
0 227.962 101.525 14.9223 0.5
0 193.934 114.962 -1.07004 0.5
0 272.759 113.177 -7.16787 0.5
0 199.458 114.839 -2.19446 0.5
0 207.898 114.633 -3.29632 0.5
0 323.021 110.348 10.8593 0.5
0 63.3833 107.146 -13.1884 0.5
0 328.938 89.4381 -10.6511 0.5
0 129.818 85.3372 3.16242 0.5
0 141.63 114.579 3.53055 0.5
0 203.575 114.764 -2.65242 0.5
0 218.955 114.675 -3.10506 0.5
0 207.891 114.999 -0.161028 0.5
0 245.655 85.1275 -1.95185 0.5
0 151.495 105.216 14.064 0.5
0 101.811 113.116 -7.2773 0.5
0 171.818 100.092 14.9997 0.5
0 225.786 101.956 -14.8719 0.5
0 42.165 114.524 3.75052 0.5
0 223.605 104.888 14.1814 0.5
0 311.608 86.1126 5.66923 0.5
0 310.548 114.987 0.618618 0.5
0 100.582 114.754 2.70412 0.5
0 326.953 109.051 -11.9619 0.5
0 132.001 86.5708 6.68264 0.5
0 235.227 112.172 -8.76573 0.5
0 38.476 104.711 14.2409 0.5
0 297.412 114.611 3.39549 0.5
0 279.204 90.8524 -11.8879 0.5
0 176.184 114.465 3.97021 0.5
0 169.455 97.4588 14.7832 0.5
0 285.679 87.3996 8.13821 0.5
0 84.242 111.162 10.0209 0.5
0 297.357 85.0001 0.0651269 0.5
0 206.568 88.6218 9.77427 0.5
0 298.737 113.083 -7.33675 0.5
0 285.523 103.429 -14.6028 0.5
0 198.625 91.7934 -12.556 0.5
0 224.532 90.4092 11.5332 0.5
0 81.6494 85.2869 2.91993 0.5
0 71.745 106.03 -13.7348 0.5
0 31.129 86.4532 -6.44089 0.5
0 238.737 112.554 -8.20936 0.5
0 282.569 114.98 0.77446 0.5
0 54.1103 98.3321 14.907 0.5
0 189.135 110.52 -10.6925 0.5
0 17.7781 97.7349 -14.828 0.5
0 230.194 113.119 -7.2733 0.5
0 170.841 94.452 -13.9363 0.5
0 315.888 113.127 7.25784 0.5
0 47.2309 91.3539 12.2574 0.5
0 223.453 107.46 13.0136 0.5
0 86.2049 95.9907 -14.4542 0.5
0 163.482 85.9099 5.14484 0.5
0 331.483 85.5865 4.15356 0.5
0 209.234 102.058 -14.8582 0.5
0 317.336 113.604 6.31817 0.5
0 160.985 91.0375 12.028 0.5
0 228.931 114.404 -4.1861 0.5
0 248.339 86.6085 -6.75787 0.5
0 181.802 85.7727 -4.75234 0.5
0 206.282 110.555 -10.6579 0.5
0 244.294 85.3885 -3.39183 0.5
0 329.744 114.999 0.206249 0.5
0 219.662 89.6801 -10.8857 0.5
0 196.554 110.71 10.502 0.5
0 253.136 114.956 1.14854 0.5
0 43.5162 90.5408 11.6414 0.5
0 185.177 91.9331 -12.6462 0.5
0 113.996 85.7747 -4.75832 0.5
0 200.769 114.986 -0.65268 0.5
0 317.007 110.716 10.4964 0.5
0 4.55873 111.5 9.63089 0.5
0 128.828 85.8648 5.0195 0.5
0 288.855 86.4965 -6.53122 0.5
0 218.938 93.0652 13.3007 0.5
0 72.482 100.248 14.998 0.5
0 93.7293 92.936 -13.2325 0.5
0 76.1444 100.967 -14.9688 0.5
0 302.782 109.749 11.4001 0.5
0 234.225 86.4245 -6.38005 0.5
0 77.8265 85.0418 -1.11884 0.5
0 66.6993 100.012 -15 0.5
0 171.176 90.3803 -11.5092 0.5
0 123.674 114.032 5.30237 0.5
0 99.9059 114.471 3.9502 0.5
0 249.069 93.3375 -13.4392 0.5
0 158.908 114.902 1.71047 0.5
0 181.305 85.0024 -0.270994 0.5
0 121.531 100.198 -14.9987 0.5
0 82.1144 114.291 -4.55666 0.5
0 303.966 114.222 -4.76683 0.5
0 82.5216 113.518 -6.50158 0.5
0 191.677 99.8035 -14.9987 0.5
0 197.2 85.0065 -0.441488 0.5
0 311.09 89.7018 10.9063 0.5
0 300.038 113.051 -7.39459 0.5
0 238.156 114.964 -1.03547 0.5
0 273.853 114.034 5.29623 0.5
0 269.637 105.481 -13.9629 0.5
0 173.902 114.801 -2.43606 0.5
0 220.212 110.682 -10.531 0.5
0 332.438 107.358 -13.0716 0.5
0 94.6694 101.227 -14.9497 0.5
0 157.491 86.7673 -7.0636 0.5
0 199.79 114.332 -4.42765 0.5
0 305.066 114.967 -1.00173 0.5
0 145.009 112.244 -8.66509 0.5
0 210.033 114.085 5.15905 0.5
0 36.5048 105.829 -13.8209 0.5
0 142.052 114.775 -2.58972 0.5
0 139.096 114.274 -4.61058 0.5
0 169.741 85.7657 4.73124 0.5
0 84.9298 98.8972 -14.9594 0.5
0 286.109 114.296 4.5422 0.5
0 38.5793 107.796 -12.8151 0.5
0 109.123 102.189 -14.8394 0.5
0 198.052 113.991 -5.40723 0.5
0 304.665 89.0648 -10.2675 0.5
0 311.159 86.0738 -5.57333 0.5
0 294.858 90.7473 -11.8063 0.5
0 326.806 85.536 -3.97386 0.5
0 182.531 88.9927 10.1901 0.5
0 56.703 111.669 9.42561 0.5
0 188.888 103.505 14.5847 0.5
0 187.171 96.969 14.6906 0.5
0 60.4719 90.3959 -11.5222 0.5
0 227.638 89.9031 -11.0929 0.5
0 106.717 85.038 1.06714 0.5
0 305.609 105.679 -13.8836 0.5
0 2.23627 110.647 -10.5659 0.5
0 124.312 86.1626 -5.79031 0.5
0 322.23 109.755 -11.3945 0.5
0 332.523 114.987 -0.614801 0.5
0 243.366 90.6715 -11.7465 0.5
0 134.241 111.624 -9.48115 0.5
0 85.0781 86.1962 5.86981 0.5
0 192.007 91.102 -12.0758 0.5
0 322.255 85.4529 3.65824 0.5
0 151.601 101.706 14.9027 0.5
0 300.284 88.7845 -9.96051 0.5
0 193.247 103.545 14.5751 0.5
0 178.049 97.1894 -14.7343 0.5
0 14.3583 86.9993 -7.48209 0.5
0 330.434 106.399 13.5668 0.5
0 198.446 102.205 -14.837 0.5
0 224.786 105.503 13.9542 0.5
0 129.474 92.4363 12.9534 0.5
0 11.6096 108.094 12.6287 0.5
0 70.3979 111.867 9.17486 0.5
0 7.70739 93.3966 -13.4683 0.5
0 140.874 86.1063 -5.65365 0.5
0 28.3289 85.0167 0.70824 0.5
0 321.394 110.65 10.5633 0.5
0 199.187 85.0204 0.781574 0.5
0 154.563 93.075 -13.3058 0.5
0 7.80247 89.8221 -11.0186 0.5
0 64.9498 114.411 -4.16308 0.5
0 295.069 113.919 -5.59235 0.5
0 111.032 107.312 -13.097 0.5
0 282.385 102.766 -14.7428 0.5
0 144.968 94.4472 -13.9344 0.5
0 154.861 88.5094 -9.64191 0.5
0 213.878 111.526 9.59994 0.5
0 162.008 99.4031 -14.9881 0.5
0 157.831 95.0804 14.1703 0.5
0 332.148 114.518 3.77169 0.5
0 225.968 85.3478 -3.21121 0.5
0 238.226 114.684 -3.06106 0.5
0 221.708 98.1507 14.8856 0.5
0 311.885 111.461 9.67759 0.5
0 244.851 114.927 -1.48029 0.5
0 206.672 105.599 -13.9159 0.5
0 46.921 92.6125 -13.0547 0.5
0 267.819 93.6124 -13.572 0.5
0 297.396 86.3756 6.27493 0.5
0 160.025 93.1168 -13.3275 0.5
0 311.622 114.897 1.75161 0.5
0 236.191 94.2001 -13.8333 0.5
0 123.962 85.594 -4.17922 0.5
0 216.461 90.916 -11.9365 0.5
0 163.295 85.0669 -1.41491 0.5
0 204.938 102.271 14.8271 0.5
0 133.73 102.579 -14.7766 0.5
0 287.695 89.9198 -11.1081 0.5
0 306.354 106.317 13.6052 0.5
0 332.993 99.2689 -14.9822 0.5
0 79.1199 114.249 -4.68741 0.5
0 12.4313 114.308 -4.50484 0.5
0 231.231 91.4511 -12.3254 0.5
0 298.436 98.7665 14.9492 0.5
0 227.298 108.15 -12.5925 0.5
0 92.0316 105.801 13.8327 0.5
0 101.571 92.6098 -13.0531 0.5
0 13.4005 110.78 -10.4305 0.5
0 166.704 85.0447 -1.15657 0.5
0 19.0251 111.162 -10.0208 0.5
0 77.3104 114.701 -2.98044 0.5
0 330.756 89.6141 -10.8228 0.5
0 52.7257 85.1197 -1.89122 0.5
0 260.079 86.2549 6.0061 0.5
0 170.03 113.509 6.5194 0.5
0 264.84 99.4088 14.9883 0.5
0 243.82 85.1458 2.0863 0.5
0 23.4684 85.7552 4.69963 0.5
0 307.573 114.029 -5.31013 0.5
0 79.9526 97.7299 -14.8272 0.5
0 277.719 85.9347 5.21222 0.5
0 24.4178 86.7137 6.9624 0.5
0 52.8727 86.8486 -7.21399 0.5
0 40.1869 114.64 3.26445 0.5
0 133.172 85.0985 1.71584 0.5
0 32.5348 109.174 11.8673 0.5
0 87.0474 85.0556 -1.29039 0.5
0 43.7962 91.7504 -12.5277 0.5
0 44.5592 94.9953 -14.1405 0.5
0 308.726 97.5084 -14.7916 0.5
0 219.086 107.699 12.8733 0.5
0 138.77 97.5321 -14.7956 0.5
0 167.108 106.476 -13.53 0.5
0 244.849 86.1839 5.84082 0.5
0 178.938 102.546 14.7823 0.5
0 82.6467 114.927 1.47378 0.5
0 89.4624 85.0588 1.32649 0.5
0 268.745 85.0821 1.5671 0.5
0 86.7216 87.5702 8.3964 0.5
0 115.285 105.928 13.779 0.5
0 273.081 114.933 -1.41302 0.5
0 8.50199 87.4552 -8.22368 0.5
0 298.243 109.163 -11.8762 0.5
0 5.81323 89.959 11.1435 0.5
0 278.071 91.6752 12.4779 0.5
0 163.279 94.9476 -14.1235 0.5
0 108.196 112.176 -8.75992 0.5
0 115.687 95.0784 14.1696 0.5
0 181.704 96.7562 14.6451 0.5
0 181.314 112.168 8.77186 0.5
0 113.284 108.102 12.6234 0.5
0 273.94 89.305 10.5175 0.5
0 58.8646 102.118 -14.8497 0.5
0 150.077 102.761 14.7437 0.5
0 32.4493 110.321 10.8844 0.5
0 47.5238 85.9507 -5.2553 0.5
0 66.2059 112.886 -7.67734 0.5
0 238.839 114.062 5.22179 0.5
0 314.901 112.116 -8.84286 0.5
0 109.531 105.631 13.9029 0.5
0 174.938 86.3596 -6.24016 0.5
0 179.874 112.019 8.97398 0.5
0 44.3565 114.46 -3.98684 0.5
0 137.113 103.191 -14.6566 0.5
0 190.998 112.359 -8.50016 0.5
0 80.7915 114.126 -5.04586 0.5
0 148.692 109.907 11.263 0.5
0 59.7645 100.899 -14.973 0.5
0 118.456 96.2787 -14.5311 0.5
0 105.124 94.1615 -13.8171 0.5
0 206.854 112.193 8.73695 0.5
0 106.126 101.802 -14.8914 0.5
0 12.8837 104.706 -14.2427 0.5
0 109.463 85.1879 -2.36669 0.5
0 243.87 112.728 7.93741 0.5
0 48.9398 89.4121 10.6253 0.5
0 88.3821 114.543 -3.67555 0.5
0 165.738 95.0846 -14.1718 0.5
0 163.124 106.724 13.4083 0.5
0 303.444 94.94 14.1208 0.5
0 324.513 85.7423 -4.66013 0.5
0 257.199 111.581 -9.53342 0.5
0 141.663 103.512 -14.5831 0.5
0 248.086 114.997 -0.277239 0.5
0 217.873 114.877 -1.91962 0.5
0 258.214 87.5685 8.39388 0.5
0 135.681 114.992 0.50019 0.5
0 84.2948 113.994 -5.40021 0.5
0 98.5505 108.864 12.1006 0.5
0 237.309 110.238 -10.9631 0.5
0 167.231 85.6523 -4.37521 0.5
0 243.954 97.7335 14.8278 0.5
0 231.67 102.29 -14.8241 0.5
0 128.598 87.9658 -8.95419 0.5
0 102.949 111.1 -10.0894 0.5
0 215.874 109.582 -11.5402 0.5
0 135.962 87.8786 -8.83576 0.5
0 312.284 91.6072 -12.4322 0.5
0 249.157 90.491 -11.6008 0.5
0 216.691 88.6381 9.7932 0.5
0 117.792 107.209 -13.1541 0.5
0 243.231 104.191 14.4027 0.5
0 267.584 114.585 3.5034 0.5
0 223.64 89.2327 -10.4435 0.5
0 121.873 87.036 7.54558 0.5
0 159.931 89.7001 10.9047 0.5
0 213.219 106.266 13.6287 0.5
0 44.4398 114.948 1.24606 0.5
0 64.9729 92.8353 -13.1783 0.5
0 34.8798 92.7833 -13.1499 0.5
0 65.8073 85.1266 -1.94455 0.5
0 84.1079 109.55 -11.5674 0.5
0 76.1764 90.0578 -11.2318 0.5
0 82.5943 111.114 -10.0737 0.5
0 77.994 88.5936 9.74131 0.5
0 92.4135 108.454 12.3907 0.5
0 56.8447 98.2069 14.8924 0.5
0 172.508 86.6763 6.89047 0.5
0 122.03 104.224 14.3929 0.5
0 90.9815 90.7754 11.8282 0.5
0 11.2942 88.3047 9.39257 0.5
0 137.668 112.147 8.80083 0.5
0 289.807 88.4303 -9.54682 0.5
0 112.066 107.844 -12.7858 0.5
0 157.565 111.558 9.56153 0.5
0 76.0223 114.959 1.10974 0.5
0 156.807 113.982 -5.4312 0.5
0 230.663 94.088 13.7858 0.5
0 324.811 102.574 -14.7774 0.5
0 104.001 110.667 10.5463 0.5
0 235.188 108.511 -12.3519 0.5
0 283.268 114.772 2.60323 0.5
0 319.554 85.6529 -4.37735 0.5
0 277.892 95.6116 14.3437 0.5
0 136.456 114.991 -0.507762 0.5
0 284.005 100.775 14.98 0.5
0 11.8725 85.0513 1.23956 0.5
0 247.447 97.6523 -14.8151 0.5
0 118.056 98.4758 -14.9224 0.5
0 126.986 114.602 -3.43286 0.5
0 4.75779 97.0717 -14.7114 0.5
0 312.807 90.668 -11.7436 0.5
0 0.57673 102.509 -14.7887 0.5
0 42.0708 114.239 -4.71672 0.5
0 5.24749 106.115 13.6969 0.5
0 111.236 87.1184 7.68529 0.5
0 253.058 114.198 4.83787 0.5
0 180.631 106.324 13.6017 0.5
0 246.048 97.8045 14.8385 0.5
0 93.7807 114.803 -2.42482 0.5
1 473.749 -157.042 5.79775 0.5
1 391.239 -2.10878 -14.8901 0.5
1 417.529 -36.7371 11.9294 0.5
1 363.199 59.7711 -9.63012 0.5
1 385.622 3.10444 -13.5994 0.5
1 437.628 -94.1158 6.59443 0.5
1 339.597 75.509 6.23778 0.5
1 363.278 58.9023 10.4432 0.5
1 338.161 98.5799 13.2974 0.5
1 465.691 -130.263 -14.9658 0.5
1 482.246 -161.139 -14.6516 0.5
1 342.099 75.3735 -11.6542 0.5
1 457.637 -100.315 -0.684926 0.5
1 436.419 -66.2147 -8.53471 0.5
1 343.223 68.164 2.95245 0.5
1 336.682 108.523 4.45362 0.5
1 410.352 -37.688 -14.374 0.5
1 383.023 -0.719518 -3.20457 0.5
1 486.968 -171.11 -14.14 0.5
1 493.674 -169.272 -12.3968 0.5
1 484.303 -160.352 14.957 0.5
1 419.332 -54.917 -13.7642 0.5
1 451.205 -119.145 0.687278 0.5
1 393.243 -0.715484 -14.6862 0.5
1 398.933 -28.5032 -1.8787 0.5
1 492.614 -171.432 14.3248 0.5
1 383.427 -1.45731 3.01909 0.5
1 493.708 -192.109 4.42554 0.5
1 482.684 -163.647 14.1547 0.5
1 482.63 -171.46 7.70425 0.5
1 401.404 -17.7285 -14.999 0.5
1 455.574 -123.518 -9.27256 0.5
1 370.364 50.8341 -0.89339 0.5
1 462.469 -136.371 7.98092 0.5
1 359.229 70.0499 1.7127 0.5
1 410.771 -21.5301 -8.14427 0.5
1 445.352 -94.7367 -14.983 0.5
1 424.877 -44.3578 4.83388 0.5
1 371.595 35.4476 14.9012 0.5
1 426.739 -47.1469 -3.27996 0.5
1 371.291 22.1571 -8.86622 0.5
1 471.191 -150.179 -9.74492 0.5
1 469.057 -126.506 12.3083 0.5
1 373.832 30.6464 -14.979 0.5
1 486.379 -152.341 7.91467 0.5
1 417.005 -29.9562 0.978826 0.5
1 411.165 -38.3825 -14.5678 0.5
1 494.042 -177.028 14.9412 0.5
1 468.446 -125.634 -12.4358 0.5
1 490.381 -157.838 -4.89903 0.5
1 333.623 87.2862 8.70957 0.5
1 387.574 0.755494 -14.0338 0.5
1 349.231 87.4407 -0.833175 0.5
1 468.008 -121.774 9.64338 0.5
1 355.359 74.1225 8.62572 0.5
1 421.093 -65.6777 -6.16559 0.5
1 401.68 -3.52822 -2.10983 0.5
1 342.267 96.3034 9.28934 0.5
1 344.667 82.9332 -14.7792 0.5
1 492.365 -190.012 -3.59759 0.5
1 371.283 19.3231 -1.27026 0.5
1 410.129 -20.6995 -8.56375 0.5
1 341.826 81.4472 14.4994 0.5
1 391.22 1.0771 14.94 0.5
1 469.534 -124.44 9.67042 0.5
1 368.348 24.5983 2.70587 0.5
1 474.032 -132.506 -9.98727 0.5
1 438.982 -79.2668 -14.5307 0.5
1 385.936 -0.155113 11.9668 0.5
1 409.885 -32.0952 14.9918 0.5
1 489.375 -161.465 12.1427 0.5
1 391.813 -14.7859 -6.54747 0.5
1 409.78 -46.3358 5.57258 0.5
1 335.203 96.0181 -14.9816 0.5
1 414.028 -49.8906 -11.0695 0.5
1 357.447 68.3813 11.0463 0.5
1 465.696 -117.971 -9.8784 0.5
1 464.574 -130.914 14.5618 0.5
1 337.616 105.878 -6.94241 0.5
1 366.663 45.2433 14.7025 0.5
1 436.147 -91.9064 -5.8125 0.5
1 356.65 74.6095 0.407899 0.5
1 469.288 -150.473 -0.461443 0.5
1 413.005 -40.0885 14.8533 0.5
1 482.013 -150.648 -13.3325 0.5
1 428.402 -76.8741 -8.71135 0.5
1 485.12 -148.764 -5.0122 0.5
1 358.73 69.401 -6.76163 0.5
1 487.505 -158.787 12.5299 0.5
1 394.974 -5.58067 -14.9532 0.5
1 483.339 -166.237 13.5564 0.5
1 382.905 27.5837 -6.65128 0.5
1 354.013 77.8538 -6.1696 0.5
1 479.293 -138.888 5.58419 0.5
1 399.312 -23.2163 12.0465 0.5
1 336.241 90.4216 -14.2956 0.5
1 461.911 -136.865 4.94375 0.5
1 400.713 -29.527 7.78346 0.5
1 446.739 -111.39 1.00871 0.5
1 482.549 -147.066 -9.76793 0.5
1 476.746 -163.31 -1.62697 0.5
1 372.191 44.1346 9.70419 0.5
1 461.696 -137.318 0.602781 0.5
1 388.23 -7.47078 -8.45975 0.5
1 429.022 -70.1977 -14.3214 0.5
1 398.076 -26.4749 -4.41075 0.5
1 352.817 78.752 -8.29423 0.5
1 491.558 -172.171 14.8814 0.5
1 396.495 -20.5357 -10.049 0.5
1 450.308 -116.149 -6.45068 0.5
1 480.234 -147.92 -13.5091 0.5
1 419.468 -45.3045 -14.4883 0.5
1 414.033 -54.7766 -0.013164 0.5
1 381.332 13.8698 -14.6982 0.5
1 337.652 107.416 1.75916 0.5
1 405.216 -23.3444 -14.9551 0.5
1 440.214 -70.7152 -4.17583 0.5
1 431.823 -81.7086 -10.0683 0.5
1 472.185 -128.607 -9.14284 0.5
1 492.612 -165.973 -11.2644 0.5
1 452.288 -102.093 -14.4729 0.5
1 400.09 -29.5482 -5.582 0.5
1 452.3 -119.401 -6.84991 0.5
1 352.25 52.338 -1.7479 0.5
1 361.997 54.3645 14.4537 0.5
1 445.095 -107.623 -5.26191 0.5
1 451.172 -118.905 -2.42384 0.5
1 453.788 -116.244 12.9258 0.5
1 372.535 36.7341 -14.2664 0.5
1 474.634 -130.688 5.2487 0.5
1 452.7 -121.413 -3.15682 0.5
1 465.362 -114.226 4.00985 0.5
1 398.697 -24.9428 9.34954 0.5
1 424.132 -59.4828 -14.8355 0.5
1 494.777 -165.608 -5.33337 0.5
1 435.702 -80.8743 -14.5698 0.5
1 484.813 -176.998 3.32345 0.5
1 480.266 -161.46 13.2852 0.5
1 415.984 -57.745 3.48544 0.5
1 335.762 106.829 -10.1596 0.5
1 384.036 23.0924 10.2927 0.5
1 385.073 5.25705 14.0965 0.5
1 436.851 -66.0562 7.04789 0.5
1 489.318 -172.492 14.8197 0.5
1 412.731 -44.2227 13.4196 0.5
1 490.737 -168.813 -14.5061 0.5
1 496.783 -197.182 -5.17505 0.5
1 432.349 -74.7821 14.6366 0.5
1 393.646 -13.1887 12.2014 0.5
1 454.835 -120.065 -11.511 0.5
1 491.109 -158.99 -4.57057 0.5
1 394.261 3.30937 12.1191 0.5
1 394.662 -16.6556 -10.7785 0.5
1 396.334 -22.9612 -5.78135 0.5
1 498.051 -199.592 4.55352 0.5
1 482.56 -155.054 -14.6062 0.5
1 367.164 51.0605 11.4781 0.5
1 422.633 -39.757 1.59892 0.5
1 462.422 -133.875 -10.9179 0.5
1 402.152 -21.3477 14.8451 0.5
1 484.908 -163.066 -14.9906 0.5
1 404.219 -23.5393 14.9806 0.5
1 486.75 -180.017 -4.55298 0.5
1 497.651 -188.715 -14.4262 0.5
1 478.285 -149.388 14.906 0.5
1 425.246 -57.5838 14.913 0.5
1 342.774 71.0671 -8.16874 0.5
1 398.061 -18.6739 -13.4883 0.5
1 442.863 -83.2936 13.5584 0.5
1 370.068 32.6413 14.5283 0.5
1 499.866 -203.407 1.04532 0.5
1 336.016 93.0424 14.8209 0.5
1 449.277 -108.544 -12.8588 0.5
1 354.762 74.1712 9.87968 0.5
1 346.41 70.1597 13.164 0.5
1 477.269 -146.535 14.7421 0.5
1 338.771 88.2674 14.8203 0.5
1 363.66 61.5439 -5.19719 0.5
1 431.412 -62.5124 -13.0677 0.5
1 391.883 9.09857 -10.7032 0.5
1 394.273 9.43913 0.551652 0.5
1 345.636 93.4771 -2.52339 0.5
1 469.769 -127.469 12.1151 0.5
1 381.333 5.67208 9.98837 0.5
1 335.454 91.4516 -14.1854 0.5
1 424.064 -71.699 -3.6491 0.5
1 403.382 -23.303 -14.8695 0.5
1 385.232 22.082 9.03621 0.5
1 471.778 -125.876 -5.59602 0.5
1 428.821 -62.2067 14.6584 0.5
1 393.344 -1.41477 14.7856 0.5
1 437.182 -67.8987 -9.03704 0.5
1 348.582 69.0435 14.295 0.5
1 414.924 -51.145 -11.3342 0.5
1 402.706 -13.823 13.5972 0.5
1 344.527 76.8677 14.5253 0.5
1 359.206 60.6737 -13.9608 0.5
1 386.929 -7.80201 -0.911831 0.5
1 380.013 33.6461 3.8475 0.5
1 394.573 7.06278 -7.24628 0.5
1 422.813 -66.4007 9.72865 0.5
1 385.672 12.3563 14.6949 0.5
1 495.614 -167.06 5.33849 0.5
1 368.526 42.646 -14.5613 0.5
1 442.043 -97.1512 12.1034 0.5
1 431.703 -82.9007 -8.26107 0.5
1 481.749 -170.506 6.65524 0.5
1 364.172 59.5854 -7.48522 0.5
1 392.273 -2.48961 14.9946 0.5
1 365.738 53.2107 -11.7402 0.5
1 390.462 9.57142 12.3451 0.5
1 407.234 -38.1072 11.0829 0.5
1 471.751 -140.797 14.9632 0.5
1 334.781 97.754 14.9977 0.5
1 404.642 -33.5885 11.1091 0.5
1 466.707 -127.083 14.4769 0.5
1 479.648 -146.342 13.2224 0.5
1 344.255 89.9049 -12.1322 0.5
1 446.746 -105.4 -12.027 0.5
1 490.865 -165.889 13.2857 0.5
1 389.596 15.765 7.09819 0.5
1 487.031 -177.933 9.3599 0.5
1 371.68 23.2215 -10.8477 0.5
1 497.051 -198.499 1.4351 0.5
1 456.901 -122.87 12.1155 0.5
1 353.322 62.4165 14.7046 0.5
1 423.198 -57.4318 -14.8937 0.5
1 408.893 -45.6444 2.61261 0.5
1 447.737 -101.029 -14.7217 0.5
1 352.34 57.8437 11.8195 0.5
1 494.993 -173.648 13.587 0.5
1 413.071 -42.5751 -14.3197 0.5
1 438.183 -92.9826 -9.77543 0.5
1 378.504 7.60298 -4.94977 0.5
1 348.888 87.9497 1.8089 0.5
1 402.087 -8.02813 -10.1363 0.5
1 413.656 -25.9077 -7.0972 0.5
1 358.083 60.588 14.5964 0.5
1 348.979 57.9125 -0.584294 0.5
1 357.127 48.5381 10.9515 0.5
1 342.177 79.3694 -14.0274 0.5
1 341.459 71.011 -1.60334 0.5
1 449.023 -95.8614 14.3033 0.5
1 352.201 81.5641 4.70288 0.5
1 334.183 85.001 6.48197 0.5
1 482.909 -174.045 -0.900534 0.5
1 439.307 -68.8084 -2.76222 0.5
1 462.751 -138.098 -5.53829 0.5
1 383.766 -2.18117 -2.25641 0.5
1 476.128 -161.683 -4.34893 0.5
1 370.106 47.3219 10.1833 0.5
1 465.612 -142.271 7.20109 0.5
1 423.764 -55.1491 -14.9267 0.5
1 348.378 60.7237 7.09133 0.5
1 470.406 -127.489 -11.245 0.5
1 355.013 48.6817 5.95474 0.5
1 421.904 -64.3105 10.3034 0.5
1 462.883 -123.801 -14.9886 0.5
1 420.021 -35.1768 0.943198 0.5
1 499.261 -200.09 7.99068 0.5
1 398.505 -22.1921 11.7606 0.5
1 341.771 71.8033 -6.36478 0.5
1 475.069 -152.643 -13.186 0.5
1 384.708 26.0016 0.668603 0.5
1 463.049 -130.492 -13.8259 0.5
1 380.029 6.84936 8.62671 0.5
1 440.1 -91.9975 -13.2285 0.5
1 346.221 68.919 -12.1768 0.5
1 486.182 -153.074 -9.42619 0.5
1 497.712 -199.566 2.09081 0.5
1 405.901 -12.6583 -7.42511 0.5
1 384.295 14.5399 14.7348 0.5
1 351.133 73.0974 14.4767 0.5
1 362.647 38.3377 -10.3161 0.5
1 408.587 -36.4714 -13.6907 0.5
1 439.254 -76.08 -13.059 0.5
1 396.317 -14.8707 -13.8414 0.5
1 340.879 73.2367 6.12013 0.5
1 393.114 3.96817 -12.9834 0.5
1 367.294 52.9595 -9.28546 0.5
1 344.823 66.3974 -6.10326 0.5
1 425.352 -50.6838 12.2216 0.5
1 348.523 68.1002 -13.9195 0.5
1 400.168 -26.7299 -10.2316 0.5
1 443.253 -96.742 13.5869 0.5
1 339.46 91.9056 -14.7874 0.5
1 396.687 1.10104 -10.3752 0.5
1 404.798 -14.7453 11.9734 0.5
1 465.208 -113.587 -2.27014 0.5
1 386.741 -6.13182 6.27015 0.5
1 433.024 -72.4412 14.9983 0.5
1 438.371 -73.2391 -12.2251 0.5
1 380.329 27.8731 -11.7908 0.5
1 406.244 -25.6284 -14.9856 0.5
1 355.176 47.6876 -3.91384 0.5
1 482.144 -149.516 12.5394 0.5
1 415.955 -31.076 -8.96126 0.5
1 362.114 42.2467 -12.7485 0.5
1 338.435 80.3679 -10.4149 0.5
1 471.974 -152.184 8.93276 0.5
1 421.682 -38.0845 1.33235 0.5
1 418.369 -37.9971 11.7782 0.5
1 364.53 38.0085 12.715 0.5
1 371.805 25.8271 12.968 0.5
1 398.953 0.553854 -4.80466 0.5
1 365.346 31.8295 7.94496 0.5
1 424.734 -43.3126 -0.227581 0.5
1 448.648 -88.3408 -9.76049 0.5
1 414.323 -25.3442 1.40163 0.5
1 450.919 -92.8702 -10.4164 0.5
1 410.926 -49.1081 -2.919 0.5
1 426.58 -60.7731 14.982 0.5
1 347.334 88.3857 -8.08262 0.5
1 382.333 28.6474 6.50385 0.5
1 342.85 98.5163 -0.0242167 0.5
1 490.186 -183.289 9.49652 0.5
1 406.497 -17.7238 -12.0003 0.5
1 346.268 72.3074 -14.0367 0.5
1 348.81 75.3106 14.8499 0.5
1 499.342 -192.596 14.1203 0.5
1 432.368 -58.1523 -6.77866 0.5
1 479.459 -140.114 -7.5123 0.5
1 406.606 -35.5517 12.2622 0.5
1 493.136 -183.191 13.5638 0.5
1 468.699 -132.06 14.8068 0.5
1 340.055 99.2606 -10.3011 0.5
1 492.289 -161.989 -6.87821 0.5
1 359.431 54.3348 -14.9929 0.5
1 470.804 -150.528 -8.40835 0.5
1 461.167 -134.931 -6.5066 0.5
1 492.364 -165.761 11.4515 0.5
1 445.055 -87.0676 -13.5471 0.5
1 414.702 -26.2363 -2.99265 0.5
1 438.561 -95.9025 6.23308 0.5
1 366.918 36.6616 -14.0817 0.5
1 424.136 -62.8606 13.9211 0.5
1 432.45 -76.233 -14.291 0.5
1 341.485 87.2066 -14.9413 0.5
1 499.191 -192.408 -14.0937 0.5
1 342.576 94.4743 10.7294 0.5
1 462.212 -132.307 11.9383 0.5
1 361.321 61.0772 11.5645 0.5
1 488.11 -153.081 0.0476391 0.5
1 477.542 -164.489 -2.92509 0.5
1 361.868 36.2662 4.49497 0.5
1 370.545 50.3833 -2.21486 0.5
1 402.261 -16.9392 14.7992 0.5
1 481.729 -171.957 1.47652 0.5
1 412.553 -51.8489 3.28358 0.5
1 346.253 91.495 5.70578 0.5
1 359.53 43.003 9.48238 0.5
1 354.97 72.2499 -11.4197 0.5
1 471.934 -154.174 5.08582 0.5
1 494.805 -193.384 6.09279 0.5
1 401.102 -4.43457 7.58069 0.5
1 438.566 -96.2706 -5.37925 0.5
1 498.147 -197.735 8.62995 0.5
1 356.18 53.3444 -13.222 0.5
1 458.594 -131.66 2.97335 0.5
1 471.923 -152.896 7.73648 0.5
1 422.042 -68.0253 -4.27819 0.5
1 367.493 26.4687 -4.31943 0.5
1 442.35 -100.26 9.70416 0.5
1 339.307 77.7071 -9.07203 0.5
1 343.095 82.5476 -14.9901 0.5
1 354.06 50.478 6.27832 0.5
1 392.994 5.1283 -12.384 0.5
1 499.258 -202.307 -1.57715 0.5
1 485.254 -177.364 4.74514 0.5
1 374.248 18.0852 -10.1457 0.5
1 479.343 -164.639 -9.33326 0.5
1 478.834 -166.551 3.69798 0.5
1 418.287 -62.0162 -1.95216 0.5
1 386.992 21.9055 2.14677 0.5
1 371.938 20.748 -8.46068 0.5
1 438.091 -95.814 4.30724 0.5
1 459.718 -104.283 3.34736 0.5
1 404.431 -28.2413 -14.1074 0.5
1 333.744 100.303 -14.9656 0.5
1 402.927 -34.1723 6.25846 0.5
1 478.73 -166.808 0.884591 0.5
1 428.549 -57.8774 -13.2446 0.5
1 451.821 -90.684 3.67241 0.5
1 463.85 -140.866 2.41526 0.5
1 438.664 -95.1273 7.99861 0.5
1 442.858 -80.9161 12.1579 0.5
1 481.649 -171.605 2.9128 0.5
1 350.477 61.9891 12.4826 0.5
1 350.749 54.8444 0.518809 0.5
1 409.274 -39.3086 -12.8275 0.5
1 338.832 85.7674 -14.2417 0.5
1 362.128 50.0607 -14.9999 0.5
1 369.139 46.2398 12.5233 0.5
1 364.349 61.0768 2.46044 0.5
1 444.83 -87.208 13.7871 0.5
1 480.164 -153.747 -14.9891 0.5
1 487.054 -179.886 6.25183 0.5
1 429.336 -81.2417 1.09834 0.5
1 452.507 -98.7471 -12.8923 0.5
1 372.111 42.045 -11.8403 0.5
1 384.39 18.5752 13.262 0.5
1 388.532 0.703077 14.539 0.5
1 368.347 29.2062 -11.0453 0.5
1 359.1 70.2921 -1.53156 0.5
1 455.382 -102.641 -12.1806 0.5
1 444.428 -78.5869 -5.79703 0.5
1 372.294 28.5851 -14.4752 0.5
1 383.798 22.6053 11.1688 0.5
1 392.271 -16.9532 -1.96527 0.5
1 421.859 -44.8911 12.4003 0.5
1 403.653 -35.5064 -6.08775 0.5
1 415.548 -33.4962 12.0713 0.5
1 497.565 -171.696 7.88391 0.5
1 490.476 -170.688 14.9257 0.5
1 361.332 52.3038 -14.9787 0.5
1 462 -133.942 10.1071 0.5
1 338.633 76.7125 -5.09497 0.5
1 419.562 -57.7329 -12.44 0.5
1 353.92 51.0791 -7.00523 0.5
1 381.7 1.39364 -2.23373 0.5
1 428.773 -60.1987 -14.1035 0.5
1 476.042 -132.24 -1.35968 0.5
1 362.827 39.4505 11.637 0.5
1 436.727 -64.084 -0.175828 0.5
1 410.703 -24.0344 -11.2044 0.5
1 490.523 -179.559 -13.1045 0.5
1 392.866 11.3787 -3.86876 0.5
1 352.931 76.9949 10.2631 0.5
1 469.803 -148.607 -8.6775 0.5
1 401.701 -33.167 2.72637 0.5
1 395.969 -23.4118 -1.51072 0.5
1 378.371 35.4347 -6.65683 0.5
1 423.983 -42.6774 4.42781 0.5
1 381.894 23.1275 -13.1388 0.5
1 427.088 -63.7594 -14.9372 0.5
1 347.581 89.9095 3.49435 0.5
1 462.849 -117.152 -13.1726 0.5
1 473.953 -142.227 14.9407 0.5
1 437.008 -75.6094 -14.4676 0.5
1 368.964 26.8908 -9.75385 0.5
1 498.508 -174.925 10.0161 0.5
1 499.093 -201.043 5.54073 0.5
1 484.863 -150.942 -9.61179 0.5
1 459.06 -116.833 -14.971 0.5
1 496.184 -194.125 8.92021 0.5
1 382.482 29.774 -1.71774 0.5
1 442.472 -93.4384 14.3386 0.5
1 341.962 70.3951 -3.17913 0.5
1 458.629 -102.041 0.818151 0.5
1 448.013 -113.5 1.97147 0.5
1 461.706 -126.214 14.4935 0.5
1 496.31 -167.343 1.33478 0.5
1 483.561 -147.595 8.12679 0.5
1 433.703 -69.8992 -14.4718 0.5
1 397.338 4.12194 -0.749029 0.5
1 350.894 70.832 14.9481 0.5
1 475.475 -142.244 -14.47 0.5
1 368.507 27.8439 -9.9408 0.5
1 362.259 60.0383 11.0549 0.5
1 360.649 42.7529 11.2379 0.5
1 455.72 -113.215 -14.9491 0.5
1 437.907 -90.7316 11.5211 0.5
1 455.532 -97.1528 -3.83182 0.5
1 487.253 -160.14 -13.539 0.5
1 470.503 -135.519 14.8569 0.5
1 450.274 -101.865 -14.9845 0.5
1 383.899 -2.57486 -0.456347 0.5
1 495.952 -195.817 4.96837 0.5
1 460.177 -105.918 5.92129 0.5
1 365.146 48.6235 14.5303 0.5
1 354.242 49.7229 5.22258 0.5
1 448.924 -112.507 -8.58828 0.5
1 425.132 -72.3651 -6.81 0.5
1 361.778 42.8131 12.7389 0.5
1 441.312 -100.192 7.18564 0.5
1 442.096 -76.5391 -9.20534 0.5
1 360.388 62.1797 -11.9695 0.5
1 437.368 -95.1883 -0.413757 0.5
1 482.594 -173.086 3.60665 0.5
1 467.497 -143.856 9.65623 0.5
1 373.931 25.0289 -14.2599 0.5
1 398.35 -8.97708 14.5527 0.5
1 431.318 -55.7004 -5.34973 0.5
1 380.07 4.37794 -3.12416 0.5
1 351.803 56.5714 -9.70413 0.5
1 362.315 56.5894 13.3769 0.5
1 490.494 -185.672 -6.61768 0.5
1 395.79 -12.5859 -14.3379 0.5
1 467.866 -118.163 2.09289 0.5
1 354.13 54.3294 11.4845 0.5
1 477.004 -150.805 -14.8713 0.5
1 336.303 83.3607 -9.63604 0.5
1 396.317 -21.9715 7.6863 0.5
1 385.791 24.1406 -0.124738 0.5
1 406.435 -12.0453 -3.56079 0.5
1 358.149 55.8038 14.9508 0.5
1 490.469 -185.765 6.33338 0.5
1 470.136 -149.881 7.59952 0.5
1 422.579 -51.2945 -14.6361 0.5
1 395.852 3.80082 -8.88484 0.5
1 458.352 -113.314 -14.6492 0.5
1 365.929 56.7898 7.03803 0.5
1 390.64 -3.98774 14.2346 0.5
1 333.373 86.9276 -7.47682 0.5
1 337.295 84.9984 12.5998 0.5
1 383.178 -1.21055 1.91591 0.5
1 484.703 -149.799 8.46732 0.5
1 477.541 -156.443 13.4364 0.5
1 397.957 -21.7392 -11.3496 0.5
1 429.898 -82.1628 -1.65334 0.5
1 487.29 -167.94 14.9453 0.5
1 469.598 -121.288 -2.83577 0.5
1 497.638 -180.193 14.3429 0.5
1 388.801 -9.7256 -6.21452 0.5
1 431.819 -57.3664 -7.09513 0.5
1 471.699 -139.395 -14.9977 0.5
1 400.107 -17.9871 -14.8177 0.5
1 469.348 -122.82 -7.87909 0.5
1 355.5 72.5834 10.222 0.5
1 406.255 -20.7429 13.9308 0.5
1 411.249 -42.5451 -12.937 0.5
1 358.511 46.3538 -11.1474 0.5
1 423.938 -65.903 12.0218 0.5
1 341.307 94.2427 -12.6547 0.5
1 339.02 84.6695 -13.9625 0.5
1 417.71 -35.4789 -10.5466 0.5
1 446.41 -83.5189 8.53456 0.5
1 369.234 52.5616 -2.76461 0.5
1 380.548 22.4114 -14.4031 0.5
1 351.418 80.0498 -9.7805 0.5
1 342.131 84.1481 -14.9874 0.5
1 348.233 62.204 -9.01349 0.5
1 390.648 9.5637 -12.1217 0.5
1 396.538 -24.4275 -1.17101 0.5
1 407.851 -15.6627 6.73104 0.5
1 412.987 -30.0737 -12.757 0.5
1 402.016 -23.2083 -14.3863 0.5
1 452.342 -103.377 -14.7454 0.5
1 434.336 -60.3123 3.31423 0.5
1 427.351 -73.6227 10.4318 0.5
1 468.618 -143.122 12.1463 0.5
1 394.498 8.5764 3.77449 0.5
1 450.346 -99.6804 14.6988 0.5
1 389.871 5.69484 14.5565 0.5
1 428.638 -68.8166 14.5253 0.5
1 482.841 -144.493 -3.98158 0.5
1 476.747 -162.327 5.56925 0.5
1 386.542 22.7555 1.58772 0.5
1 459.615 -133.605 1.91266 0.5
1 351.772 75.5106 13.0211 0.5
1 396.846 1.29915 9.85656 0.5
1 388.371 15.3538 -10.5307 0.5
1 365.467 37.354 13.2722 0.5
1 411.031 -25.8244 12.1816 0.5
1 441.152 -97.6637 -10.2884 0.5
1 490.776 -163.068 -11.4999 0.5
1 365.018 60.106 0.648932 0.5
1 443.247 -75.4713 -1.6895 0.5
1 360.532 43.903 12.0095 0.5
1 402.931 -29.6927 11.8894 0.5
1 483.882 -146.285 -3.93983 0.5
1 414.893 -56.1533 -1.83446 0.5
1 334.899 104.123 13.352 0.5
1 418.8 -46.4156 14.9125 0.5
1 349.603 86.7508 1.44887 0.5
1 442.715 -91.7687 14.8205 0.5
1 490.335 -165.066 -13.335 0.5
1 380.287 29.9357 -9.90877 0.5
1 465.34 -118.684 -11.2179 0.5
1 355.917 75.1405 4.66249 0.5
1 340.202 74.4225 -6.15209 0.5
1 382.396 0.519191 3.83433 0.5
1 459.635 -106.14 8.10538 0.5
1 434.476 -74.5546 -14.9868 0.5
1 382.914 8.66657 13.9718 0.5
1 426.984 -76.2356 5.31229 0.5
1 407.819 -21.3455 12.8927 0.5
1 425.192 -62.2923 14.6573 0.5
1 370.603 49.3711 5.5765 0.5
1 349.711 78.6076 13.28 0.5
1 426.648 -49.6052 8.973 0.5
1 349.417 57.2117 -1.44515 0.5
1 424.939 -54.0272 14.2649 0.5
1 476.532 -154.973 13.2948 0.5
1 467.447 -128.885 -14.6079 0.5
1 421.553 -64.6465 -9.20206 0.5
1 454.645 -121.397 9.88851 0.5
1 447.98 -86.9976 -9.5381 0.5
1 461.696 -111.559 -10.4386 0.5
1 381.85 18.8597 14.7183 0.5
1 493.287 -172.923 14.4216 0.5
1 404.632 -9.2729 -4.77362 0.5
1 371.293 19.312 1.33286 0.5
1 441.727 -86.9089 14.9767 0.5
1 433.388 -88.0857 2.52835 0.5
1 487.511 -163.079 14.4665 0.5
1 439.186 -97.5097 4.92595 0.5
1 359.957 46.8943 13.2707 0.5
1 342.699 92.2095 -12.4061 0.5
1 350.361 84.6089 -5.1109 0.5
1 341.408 89.5661 14.5735 0.5
1 461.163 -114.487 -13.3083 0.5
1 378.7 11.788 11.4971 0.5
1 399 1.13656 -1.93891 0.5
1 370.976 20.2729 -3.73061 0.5
1 439.386 -76.6488 13.2455 0.5
1 362.308 40.4931 11.7517 0.5
1 389.513 -8.47147 10.0175 0.5
1 470.517 -151.486 -5.69407 0.5
1 420.472 -64.5262 6.33153 0.5
1 347.153 90.4627 -4.20438 0.5
1 430.715 -56.9951 -9.41714 0.5
1 352.113 74.5651 13.2173 0.5
1 477.433 -158.374 -12.1574 0.5
1 370.644 49.3668 -5.41071 0.5
1 383.028 18.6806 14.2266 0.5
1 356.37 74.9607 2.03091 0.5
1 466.546 -145.274 -3.67418 0.5
1 379.35 27.7906 -12.9942 0.5
1 413.122 -28.2447 11.2213 0.5
1 482.385 -145.945 8.698 0.5
1 464.593 -141.815 -3.96382 0.5
1 409.858 -33.0935 -14.9899 0.5
1 498.613 -179.704 -13.4853 0.5
1 418.995 -40.5566 12.8044 0.5
1 407.723 -42.209 -6.81605 0.5
1 393.471 -18.7153 3.63122 0.5
1 495.172 -176.855 -14.596 0.5
1 340.2 88.6707 -14.9894 0.5
1 455.598 -99.672 8.86894 0.5
1 407.946 -38.2829 11.9624 0.5
1 385.571 -4.65083 4.91256 0.5
1 406.109 -28.2062 14.8444 0.5
1 466.782 -136.09 14.1597 0.5
1 359.721 41.8312 8.34422 0.5
1 450.618 -115.292 -8.7986 0.5
1 387.755 4.964 -14.9799 0.5
1 394.785 -1.04275 -13.9961 0.5
1 366.691 34.3109 12.7438 0.5
1 368.27 53.9711 3.90366 0.5
1 452.423 -115.144 12.0928 0.5
1 427.678 -71.4158 -12.6849 0.5
1 451.615 -90.2225 -3.23283 0.5
1 427.107 -56.1548 13.6288 0.5
1 493.159 -191.82 -0.44174 0.5
1 360.091 68.3539 -2.99041 0.5
1 406.176 -11.309 -2.06339 0.5
1 399.287 -24.1282 11.2749 0.5
1 342.286 99.4264 -1.41235 0.5
1 456.601 -128.282 2.58029 0.5
1 459.835 -120.634 -14.9221 0.5
1 370.964 47.4533 -8.0894 0.5
1 394.338 -7.90169 14.832 0.5
1 495.838 -172.814 12.2529 0.5
1 458.493 -121.444 14.2573 0.5
1 418.134 -35.6337 9.92592 0.5
1 469.79 -132.472 14.4901 0.5
1 345.614 89.8008 10.1213 0.5
1 409.953 -27.9638 -14.2295 0.5
1 403.753 -13.0625 -12.0688 0.5
1 351.752 78.7909 10.519 0.5
1 450.932 -89.667 5.33313 0.5
1 359.715 48.5967 13.871 0.5
1 344.691 67.1978 -7.25399 0.5
1 467.324 -139.621 12.9658 0.5
1 347.464 74.4336 14.9602 0.5
1 498.418 -200.686 -2.72068 0.5
1 393.251 -12.5965 -12.1362 0.5
1 413.021 -23.8501 4.91333 0.5
1 416.377 -51.0289 13.1631 0.5
1 385.389 -4.24759 -5.15812 0.5
1 335.336 110.121 6.35123 0.5
1 475.883 -161.696 2.48798 0.5
1 466.85 -123.092 12.5825 0.5
1 385.781 21.8492 -7.99567 0.5
1 384.899 25.3845 -2.99025 0.5
1 447.237 -82.4259 2.03946 0.5
1 394.457 -3.3079 -14.7796 0.5
1 497.831 -172.602 8.56098 0.5
1 399.148 -1.50498 -8.30867 0.5
1 429.196 -53.5014 -8.23445 0.5
1 398.651 -27.8949 2.66433 0.5
1 460.654 -108.712 9.24382 0.5
2 576.526 -60.2243 14.4298 0.5
2 543.251 -109.841 14.4786 0.5
2 655.878 96.1778 2.01019 0.5
2 500.238 -202.034 5.9462 0.5
2 598.551 -32.9797 -0.0942733 0.5
2 564.19 -64.5182 7.5228 0.5
2 529.018 -124.828 -6.3573 0.5
2 612.238 -9.2528 -0.793958 0.5
2 520.535 -164.701 -9.51647 0.5
2 531.614 -121.437 8.32088 0.5
2 641.408 54.075 -14.8414 0.5
2 620.256 8.94562 10.545 0.5
2 622.21 12.6761 -10.8837 0.5
2 597.897 -9.18397 11.2436 0.5
2 608.26 -7.32312 -13.6767 0.5
2 651.706 59.3218 -2.64218 0.5
2 556.817 -105.256 0.543111 0.5
2 566.632 -58.4682 -2.46241 0.5
2 653.85 79.7443 -14.8735 0.5
2 502.313 -170.259 -4.16736 0.5
2 629.466 21.6028 5.47741 0.5
2 519.704 -168.289 6.01319 0.5
2 592.207 -40.197 9.94615 0.5
2 538.832 -122.598 14.9533 0.5
2 559.32 -79.7183 -13.6533 0.5
2 507.709 -161 -4.46006 0.5
2 516.148 -157.414 -14.6343 0.5
2 642.283 42.7654 0.00782873 0.5
2 540.301 -112.099 -13.3839 0.5
2 586.528 -28.6862 11.0744 0.5
2 577.534 -68.2855 5.62865 0.5
2 506.332 -173.111 14.2783 0.5
2 536.367 -122.3 -14.6128 0.5
2 583.908 -32.0414 -9.86319 0.5
2 587.886 -24.3792 -8.90298 0.5
2 530.936 -121.398 -6.11934 0.5
2 541.561 -123.454 13.3884 0.5
2 592.461 -13.541 -0.623985 0.5
2 650.482 67.937 -14.4486 0.5
2 509.655 -173.846 14.8799 0.5
2 530.191 -150.562 4.89545 0.5
2 610.971 -10.2809 -5.84899 0.5
2 587.291 -51.7882 -4.51147 0.5
2 539.74 -128.299 -12.3893 0.5
2 647.96 63.145 -14.3237 0.5
2 556.098 -79.4436 -8.90959 0.5
2 521.553 -136.355 0.568748 0.5
2 614.396 18.3886 12.0563 0.5
2 544.023 -106.597 13.8215 0.5
2 585.137 -43.2678 -14.8586 0.5
2 553.511 -88.6521 -13.0822 0.5
2 543.322 -124.966 -9.83342 0.5
2 621.446 35.6506 -5.44795 0.5
2 639.805 40.0782 6.74752 0.5
2 652.519 86.7132 9.95895 0.5
2 609.763 16.2013 -2.66689 0.5
2 583.738 -29.4726 4.93995 0.5
2 650.294 80.2873 12.2579 0.5
2 600.603 -20.421 13.7497 0.5
2 570.33 -52.1849 -3.10159 0.5
2 604.769 -5.90209 14.9429 0.5
2 663.801 80.2097 -2.26976 0.5
2 618.092 25.8069 -11.2335 0.5
2 524.037 -155.619 12.3058 0.5
2 511.015 -170.882 14.9448 0.5
2 657.049 68.8365 -3.82338 0.5
2 633.461 52.4522 -11.2104 0.5
2 565.574 -79.5278 -14.3308 0.5
2 533.038 -146.011 -3.61071 0.5
2 596.492 -6.60459 -1.32174 0.5
2 554.479 -101.271 -13.2891 0.5
2 640.816 59.1613 14.4744 0.5
2 529.374 -125.667 8.82252 0.5
2 616.728 14.5039 -14.9666 0.5
2 599.47 -30.8989 3.79894 0.5
2 578.371 -66.6736 -6.0163 0.5
2 612.879 8.28107 14.9303 0.5
2 540.213 -105.66 -6.8094 0.5
2 545.808 -97.3129 8.97283 0.5
2 516.305 -145.469 -1.02276 0.5
2 500.715 -193.354 13.7839 0.5
2 654.671 87.5826 -12.4543 0.5
2 504.579 -180.88 14.9994 0.5
2 600.965 -15.4721 14.9064 0.5
2 628.376 19.7701 -5.61572 0.5
2 561.436 -94.7603 -8.29917 0.5
2 518.466 -156.457 14.9982 0.5
2 560.651 -89.0671 13.9774 0.5
2 573.445 -67.6259 -13.6761 0.5
2 653.277 89.7517 7.5799 0.5
2 622.614 11.7086 9.0145 0.5
2 508.575 -188.012 4.86473 0.5
2 640.767 61.2578 -13.6957 0.5
2 646.493 75.0122 -11.2218 0.5
2 647.841 54.5623 -7.76939 0.5
2 545.755 -95.5136 5.61026 0.5
2 520.429 -153.644 -14.9959 0.5
2 625.261 27.2713 14.9658 0.5
2 606.947 11.0945 3.71854 0.5
2 542.938 -120.537 13.6437 0.5
2 665.134 87.791 -11.5636 0.5
2 566.293 -81.7656 12.7432 0.5
2 523.542 -162.352 4.01238 0.5
2 561.154 -76.0408 13.4142 0.5
2 591.098 -16.9518 -5.5474 0.5
2 532.731 -117.632 -4.36188 0.5
2 594.722 -23.9618 14.9859 0.5
2 652.467 82.4087 13.2644 0.5
2 649.571 83.4953 7.29597 0.5
2 608.618 13.9219 3.97189 0.5
2 657.265 98.1211 4.18212 0.5
2 577.517 -41.6655 -7.90758 0.5
2 631.626 52.5604 -7.02777 0.5
2 632.027 42.1871 -14.84 0.5
2 633.991 33.5503 11.3101 0.5
2 554.065 -106.636 -9.50457 0.5
2 664.514 91.3239 -14.1604 0.5
2 555.422 -106.654 -5.45867 0.5
2 606.994 -6.50821 -14.6652 0.5
2 547.75 -91.1466 2.3012 0.5
2 615.164 18.6022 -12.808 0.5
2 630.054 33.0358 14.574 0.5
2 597.391 -6.45433 6.46475 0.5
2 646.998 51.138 2.47077 0.5
2 556.409 -105.949 -0.828799 0.5
2 615.989 10.8963 14.9411 0.5
2 651.53 88.1025 4.46422 0.5
2 509.804 -157.654 -5.27921 0.5
2 556.013 -81.6297 11.1553 0.5
2 546.239 -105.63 14.7056 0.5
2 611.083 18.091 4.31914 0.5
2 653.247 68.104 12.2534 0.5
2 536.599 -133.294 -12.6825 0.5
2 524.665 -159.538 6.36242 0.5
2 572.147 -54.188 -11.5877 0.5
2 583.822 -36.5942 -13.3208 0.5
2 577.469 -39.9798 -3.78104 0.5
2 659.717 95.2439 -13.1145 0.5
2 646.251 65.7623 -14.9579 0.5
2 510.834 -182.948 7.41681 0.5
2 615.04 19.5452 -12.0262 0.5
2 580.768 -44.0854 14.2464 0.5
2 511.768 -177.871 -11.5429 0.5
2 576.53 -68.2987 8.75794 0.5
2 546.932 -122.384 0.221956 0.5
2 533.197 -134.847 -14.5437 0.5
2 524.292 -161.6 -0.142312 0.5
2 573.742 -75.8269 -1.92053 0.5
2 598.017 -15.7399 -14.6623 0.5
2 505.82 -183.509 -14.1721 0.5
2 508.958 -163.504 11.4797 0.5
2 594.894 -16.3474 12.7101 0.5
2 592.839 -41.9259 -5.24562 0.5
2 622.611 33.4791 11.3684 0.5
2 635.964 40.5351 -13.6188 0.5
2 550.933 -95.8663 14.2806 0.5
2 604.853 1.49013 12.3211 0.5
2 648.263 76.0501 -12.7343 0.5
2 645.504 60.4041 -14.7089 0.5
2 636.229 55.779 -12.3605 0.5
2 631.897 28.6004 10.0044 0.5
2 560.17 -99.35 1.80048 0.5
2 575.43 -58.3613 -14.9963 0.5
2 566.34 -82.7535 -12.0134 0.5
2 603.838 -23.8178 -0.399662 0.5
2 665.839 96.4297 -14.847 0.5
2 599.089 -2.51881 -3.73077 0.5
2 549.1 -106.293 -14.762 0.5
2 618.96 20.798 -14.603 0.5
2 501.437 -171.191 0.392528 0.5
2 517.604 -168.103 11.2526 0.5
2 592.082 -38.201 11.9873 0.5
2 582.306 -47.679 14.9185 0.5
2 509.262 -169.681 -14.7066 0.5
2 572.068 -70.9376 13.2194 0.5
2 637.123 59.4418 -10.5999 0.5
2 568.412 -70.9244 14.9816 0.5
2 525.364 -133.918 10.3835 0.5
2 515.088 -169.805 13.1243 0.5
2 551.557 -112.869 6.55045 0.5
2 543.207 -126.15 -8.57027 0.5
2 615.862 1.11211 10.3146 0.5
2 632.73 26.4359 2.53399 0.5
2 554.122 -80.1234 2.38129 0.5
2 568.232 -85.0513 3.61771 0.5
2 632 25.9931 -5.48351 0.5
2 591.996 -19.1569 11.0197 0.5
2 664.059 90.8086 14.2531 0.5
2 605.179 -21.1938 -3.0165 0.5
2 594.158 -40.4429 -2.08396 0.5
2 647.046 72.6203 -13.468 0.5
2 627.864 25.4969 13.1064 0.5
2 557.904 -96.5083 -12.6085 0.5
2 589.507 -46.4626 -7.78976 0.5
2 539.307 -106.239 -4.35485 0.5
2 514.374 -178.758 -0.778121 0.5
2 522.898 -135.764 7.03095 0.5
2 535.049 -140.686 7.95364 0.5
2 636.154 35.5362 -9.49197 0.5
2 591.199 -18.1286 -8.16191 0.5
2 529.626 -137.481 -14.9995 0.5
2 577.372 -55.0664 14.9946 0.5
2 622.034 29.1311 -13.5486 0.5
2 611.243 18.9965 0.463685 0.5
2 575.318 -62.5473 -14.3623 0.5
2 522.617 -137.316 8.74677 0.5
2 573.399 -52.8981 12.2578 0.5
2 573.851 -67.1879 13.554 0.5
2 556.9 -76.1127 -5.36132 0.5
2 592.123 -20.7211 12.4326 0.5
2 582.269 -37.1036 11.9414 0.5
2 532.847 -123.961 12.7998 0.5
2 590.715 -42.9399 9.76336 0.5
2 609.379 -3.14559 14.4784 0.5
2 503.736 -194.936 7.93205 0.5
2 614.677 13.7844 14.5021 0.5
2 604.159 6.46768 2.80924 0.5
2 636.297 42.982 -14.3352 0.5
2 659.026 89.9713 -14.6535 0.5
2 597.912 -11.5694 12.9809 0.5
2 630.202 38.4117 -14.9176 0.5
2 625.212 42.882 -3.06142 0.5
2 661.858 96.3681 -14.2456 0.5
2 650.621 73.0938 14.9739 0.5
2 633.155 49.9781 -12.6748 0.5
2 571.892 -72.6589 12.3564 0.5
2 615.689 11.7917 -14.9997 0.5
2 551.408 -84.8319 2.4318 0.5
2 506.002 -163.971 4.50286 0.5
2 612.972 16.4637 -11.6357 0.5
2 642.25 65.2585 -12.9614 0.5
2 666.63 108.935 -12.001 0.5
2 551.201 -109.801 11.3483 0.5
2 502.112 -181.035 14.462 0.5
2 543.075 -100.664 -6.73676 0.5
2 539.846 -107.934 9.35474 0.5
2 577.967 -58.6835 -14.124 0.5
2 594.44 -18.2512 -13.3447 0.5
2 598.028 -9.15486 -11.4156 0.5
2 565.523 -65.7614 11.6698 0.5
2 582.229 -39.1105 -13.1914 0.5
2 666.177 84.8199 4.42475 0.5
2 652.973 82.7319 -13.5428 0.5
2 617.252 29.4105 0.14446 0.5
2 591.687 -14.9331 -1.38689 0.5
2 651.016 60.6033 -8.60096 0.5
2 634.232 47.4696 -14.5496 0.5
2 572.221 -52.4306 -10.0299 0.5
2 517.764 -144.992 7.62988 0.5
2 586.864 -50.1267 -9.1253 0.5
2 502.654 -184.259 14.9989 0.5
2 545.276 -114.195 14.4732 0.5
2 634.648 57.6039 7.37565 0.5
2 586.404 -24.9302 5.14885 0.5
2 580.364 -36.8094 8.02748 0.5
2 514.994 -175.167 8.34859 0.5
2 571.424 -50.1839 2.55712 0.5
2 567.657 -58.528 7.54993 0.5
2 597.323 -32.9292 -7.78464 0.5
2 600.928 -12.8456 -14.9654 0.5
2 541.61 -120.989 -14.3447 0.5
2 625.743 16.4225 -7.98823 0.5
2 586.277 -51.8309 8.15132 0.5
2 601.355 1.53591 -3.17973 0.5
2 582.434 -55.6214 -11.4192 0.5
2 513.98 -172.328 12.7712 0.5
2 515.57 -169.998 -12.5001 0.5
2 610.276 6.52003 14.4024 0.5
2 598.57 -17.4762 14.9926 0.5
2 631.109 25.5018 -7.63543 0.5
2 537.526 -123.395 -14.9973 0.5
2 640.791 69.5844 4.19141 0.5
2 602.267 3.13669 -3.08414 0.5
2 609.776 -13.5331 -0.395884 0.5
2 576.605 -47.7881 12.5581 0.5
2 593.417 -13.2639 6.30882 0.5
2 649.457 70.1214 14.9998 0.5
2 554.233 -90.6756 14.4386 0.5
2 617.625 28.8641 5.86398 0.5
2 655.795 75.3522 13.8257 0.5
2 658.034 85.3156 14.9976 0.5
2 578.879 -50.2948 -14.8965 0.5
2 591.492 -17.033 -7.17252 0.5
2 512.248 -157.389 -11.1158 0.5
2 633.517 56.8892 -4.51184 0.5
2 567.109 -60.5034 9.08585 0.5
2 605.622 8.69202 -4.11449 0.5
2 565.913 -74.6169 14.9996 0.5
2 664.91 105.83 12.0947 0.5
2 604.857 3.62044 -10.5343 0.5
2 566.062 -64.065 -11.0103 0.5
2 624.353 38.7152 8.99417 0.5
2 615.801 21.4809 11.5397 0.5
2 550.276 -86.6144 0.780066 0.5
2 554.382 -79.8359 -3.23201 0.5
2 617.348 8.33767 13.6407 0.5
2 633.246 43.0801 14.9689 0.5
2 592.844 -37.8128 -11.226 0.5
2 556.324 -83.1815 -12.7279 0.5
2 539.646 -126.286 -13.6219 0.5
2 604.103 -22.492 -5.03719 0.5
2 513.964 -154.99 -11.6089 0.5
2 633.487 33.2712 -11.8005 0.5
2 652.931 90.5609 -4.36244 0.5
2 611.886 20.0752 -1.10908 0.5
2 602.726 2.72236 -6.59971 0.5
2 536.836 -119.501 -14.0054 0.5
2 581.531 -33.4171 -5.27632 0.5
2 588.065 -23.0482 7.31739 0.5
2 632.717 31.3616 -11.3255 0.5
2 528.779 -151.719 7.67188 0.5
2 640.282 41.4639 -7.76097 0.5
2 551.517 -88.706 10.4728 0.5
2 636.884 63.3116 1.76182 0.5
2 567.233 -57.7104 3.78479 0.5
2 567.857 -72.8913 14.8979 0.5
2 565.041 -90.7919 -2.60814 0.5
2 608.652 14.4278 -1.62716 0.5
2 527.349 -155.24 -5.55021 0.5
2 610.422 15.7229 -7.23134 0.5
2 502.875 -189.349 13.8941 0.5
2 567.622 -74.5873 -14.6894 0.5
2 543.564 -98.4427 2.57256 0.5
2 506.297 -172.673 -14.1078 0.5
2 657.017 69.4135 5.7041 0.5
2 581.963 -47.0059 -14.9971 0.5
2 542.655 -125.269 -10.7377 0.5
2 557.84 -95.4544 13.2873 0.5
2 635.816 61.4939 1.45953 0.5
2 647.493 80.5036 -6.08009 0.5
2 548.808 -117.34 7.11939 0.5
2 649.095 56.8291 7.92547 0.5
2 510.349 -183.859 -7.2907 0.5
2 507.379 -190.471 3.53749 0.5
2 512.539 -167.416 14.993 0.5
2 504.871 -194.779 -3.68022 0.5
2 587.454 -29.3075 12.7551 0.5
2 554.331 -109.225 -3.20297 0.5
2 526.327 -130.93 -8.80252 0.5
2 623.131 38.7233 -5.03773 0.5
2 567.217 -59.3573 -7.66366 0.5
2 632.136 51.5736 9.76938 0.5
2 551.662 -85.4811 6.07954 0.5
2 554.658 -103.504 -11.6094 0.5
2 578.57 -66.8737 -4.57179 0.5
2 595.533 -17.4992 13.8715 0.5
2 663.254 80.3984 -6.12815 0.5
2 569.263 -73.3641 -14.2591 0.5
2 643.792 73.4469 7.36498 0.5
2 526.953 -153.301 9.85375 0.5
2 640.28 48.5818 13.8686 0.5
2 663.981 88.6124 13.4022 0.5
2 542.806 -113.695 14.9766 0.5
2 639.552 53.6179 14.9887 0.5
2 525.062 -136.622 -12.2587 0.5
2 526.088 -132.895 10.6186 0.5
2 634.93 50.9824 -13.7687 0.5
2 545.865 -124.144 -1.65254 0.5
2 532.72 -137.367 14.008 0.5
2 540.543 -129.095 10.5709 0.5
2 598.047 -27.8241 -12.0212 0.5
2 505.751 -192.751 -5.28505 0.5
2 505.463 -171.194 -12.6772 0.5
2 582.417 -44.7846 14.9566 0.5
2 532.448 -118.365 -5.09545 0.5
2 566.702 -86.3839 7.04944 0.5
2 538.469 -130.235 -12.567 0.5
2 656.565 87.6834 14.0772 0.5
2 662.174 101.774 11.5623 0.5
2 557.882 -87.7453 14.9848 0.5
2 558.28 -101.955 4.76254 0.5
2 505.66 -175.055 -14.5062 0.5
2 575.726 -46.8831 10.5819 0.5
2 596.027 -23.403 14.9631 0.5
2 517.095 -173.771 2.96146 0.5
2 656.068 68.7007 7.58344 0.5
2 646.697 50.4135 0.270125 0.5
2 612.685 -8.39773 1.74221 0.5
2 599.545 -21.0035 -14.2295 0.5
2 612.124 20.1772 -3.22797 0.5
2 629.431 45.5582 -11.1331 0.5
2 574.972 -55.0862 -14.5277 0.5
2 526.663 -154.976 8.31728 0.5
2 543.772 -125.207 8.51715 0.5
2 630.073 28.6942 -12.7362 0.5
2 591.285 -41.6783 10.0739 0.5
2 648.024 57.1629 -10.6666 0.5
2 605.427 8.78514 2.07672 0.5
2 659.004 100.788 -5.22646 0.5
2 580.447 -46.6946 14.7654 0.5
2 595.772 -24.5497 14.8969 0.5
2 541.405 -102.043 -1.58577 0.5
2 510.404 -155.905 2.73394 0.5
2 600.359 -29.7421 1.77806 0.5
2 516.873 -151.535 12.7412 0.5
2 572.935 -47.3511 -0.264404 0.5
2 635.409 30.877 -0.710909 0.5
2 635.984 61.2701 4.1542 0.5
2 607.057 -18.2435 0.355009 0.5
2 591.994 -32.7995 -14.595 0.5
2 547.62 -91.2239 -0.935054 0.5
2 628.59 48.1191 -5.19969 0.5
2 512.865 -153.911 8.31856 0.5
2 596.982 -28.2743 12.9461 0.5
2 617.217 -0.165748 -3.77716 0.5
2 642.555 43.558 3.08222 0.5
2 511.911 -156.225 -9.23474 0.5
2 649.243 67.8726 -14.873 0.5
2 524.859 -148.787 14.6616 0.5
2 613.008 -0.661121 12.8604 0.5
2 623.772 11.0563 -3.23366 0.5
2 524.266 -154.715 -12.6438 0.5
2 618.552 21.2678 14.2757 0.5
2 666.482 114.112 4.08589 0.5
2 664.024 106.052 -10.5839 0.5
2 613.924 23.6455 0.153832 0.5
2 534.076 -135.742 13.7088 0.5
2 646.96 78.5688 -7.9788 0.5
2 500.631 -189.853 -14.8271 0.5
2 555.601 -88.3632 -14.4545 0.5
2 510.34 -171.716 -14.9699 0.5
2 541.164 -127.631 10.9479 0.5
2 606.968 0.00655665 14.6077 0.5
2 580.921 -36.1791 -8.53179 0.5
2 544.852 -123.253 -8.6365 0.5
2 514.629 -158.224 14.1018 0.5
2 570.91 -78.859 -7.47652 0.5
2 533.753 -117.977 -8.67644 0.5
2 560.381 -70.0043 -5.15303 0.5
2 548.825 -100.756 -14.6207 0.5
2 623.145 38.0454 -6.68689 0.5
2 524.936 -160.448 1.03992 0.5
2 588.943 -39.6001 -14.1494 0.5
2 524.19 -131.784 0.44857 0.5
2 564.507 -69.6855 -13.1263 0.5
2 527.772 -151.185 10.5999 0.5
2 501.361 -197.282 10.2371 0.5
2 621.844 8.29978 5.21129 0.5
2 636.793 34.7389 -6.4997 0.5
2 659.459 77.3632 11.0417 0.5
2 533.769 -119.807 10.8304 0.5
2 638.743 36.7904 2.15473 0.5
2 565.252 -74.9629 -14.984 0.5
2 507.268 -185.972 -11.2825 0.5
2 660.791 99.6546 11.3283 0.5
2 530.762 -124.413 10.2183 0.5
2 587.707 -40.1902 14.6031 0.5
2 539.129 -130.781 -11.2877 0.5
2 596.745 -29.81 -12.2181 0.5
2 613.09 22.1682 1.02035 0.5
2 604.268 -17.2732 -11.8512 0.5
2 657.001 90.7224 13.0111 0.5
2 592.014 -14.7264 3.54224 0.5
2 652.537 61.1236 4.18945 0.5
2 656.841 68.9421 -5.2832 0.5
2 621.066 34.977 5.49079 0.5
2 641.34 61.4286 14.0343 0.5
2 577.448 -40.3915 -5.00907 0.5
2 637.451 50.6106 14.9509 0.5
2 618.172 30.4994 -3.85897 0.5
2 636.803 62.3684 5.1347 0.5
2 534.672 -115.624 7.48642 0.5
2 602.145 -25.9193 4.9376 0.5
2 522.132 -136.276 5.21209 0.5
2 567.742 -57.5679 5.93935 0.5
2 583.396 -33.0342 9.98321 0.5
2 513.009 -180.25 5.10105 0.5
2 609.353 7.59727 13.3359 0.5
2 523.688 -152.922 -14.0416 0.5
2 522.907 -161.452 8.36124 0.5
2 598.357 -32.6141 4.53629 0.5
2 565.448 -88.9544 -6.24404 0.5
2 637.612 47.5441 -14.8478 0.5
2 514.452 -166.768 14.671 0.5
2 533.123 -119.005 8.5869 0.5
2 502.642 -186.32 -14.8347 0.5
2 629.608 50.8036 0.528222 0.5
2 629.904 44.4022 -12.6398 0.5
2 551.244 -91.4813 12.4025 0.5
2 501.385 -173.699 -8.17355 0.5
2 505.205 -168.322 -9.82138 0.5
2 551.311 -93.9712 13.8207 0.5
2 531.508 -141.208 13.2095 0.5
2 516.931 -144.367 -0.73173 0.5
2 656.771 88.3652 -13.9533 0.5
2 666.456 107.127 -12.9957 0.5
2 572.573 -75.4902 8.26732 0.5
2 511.658 -182.382 -5.63934 0.5
2 665.728 99.2932 14.9719 0.5
2 597.118 -34.3785 -5.59546 0.5
2 574.607 -44.6425 2.37832 0.5
2 576.213 -71.2954 3.33531 0.5
2 566.64 -68.4537 14.212 0.5
2 529 -148.678 10.968 0.5
2 512.645 -156.29 -10.7281 0.5
2 501.629 -170.948 -1.67456 0.5
2 605.768 -16.5798 10.0898 0.5
2 517.843 -142.821 -1.22935 0.5
2 537.173 -138.031 -6.01353 0.5
2 608.644 -6.95167 13.5411 0.5
2 500.699 -192.845 -14.0019 0.5
2 567.078 -62.8446 -11.4849 0.5
2 630.017 23.2525 6.99734 0.5
2 582.603 -42.6991 14.7165 0.5
2 512.122 -168.838 -14.9552 0.5
2 552.412 -112.868 -0.891041 0.5
2 650.748 82.7476 -10.8867 0.5
2 564.274 -72.7702 -14.2837 0.5
2 501.731 -195.635 11.2176 0.5
2 510.55 -155.477 1.49554 0.5
2 516.255 -173.927 6.72997 0.5
2 525.229 -138.255 13.4098 0.5
2 537.797 -115.117 -12.6302 0.5
2 563.268 -92.2974 -7.11291 0.5
2 570.38 -57.8017 12.0216 0.5
2 631.622 48.8793 11.5442 0.5
2 559.95 -84.7527 -14.9998 0.5
2 661.88 83.6344 12.6406 0.5
2 611.752 -5.39679 10.9214 0.5
2 593.685 -39.9638 6.4234 0.5
2 555.081 -102.244 12.0214 0.5
2 562.075 -96.1429 -0.690867 0.5
2 586.082 -26.6272 -7.57157 0.5
2 565.144 -89.8787 5.28887 0.5
2 584.176 -57.7792 -1.71757 0.5
2 559.385 -98.1187 -8.58321 0.5
2 598.639 -27.8874 -11.1263 0.5
2 543.458 -119.152 -13.8549 0.5
2 535.455 -129.876 14.7712 0.5
2 513.325 -151.044 3.64003 0.5
2 570.069 -63.9939 14.6283 0.5
2 636.425 32.6332 -0.620348 0.5
2 642.663 51.8679 -13.4912 0.5
2 500.57 -202.563 -1.93242 0.5
2 557.727 -83.4305 -14.0483 0.5
2 639.213 52.9798 -14.9906 0.5
2 513.403 -180.459 0.212247 0.5
2 537.443 -135.661 9.2107 0.5
2 544.373 -123.977 8.78597 0.5
2 557.172 -104.614 -1.04195 0.5
2 666.531 95.6983 -14.4383 0.5
2 597.96 -13.7577 14.053 0.5
2 631.012 37.5091 -14.9819 0.5
2 609.119 -9.77516 11.09 0.5
2 636.258 50.3863 14.6853 0.5
2 596.569 -15.3113 -13.7032 0.5
2 582.836 -56.2893 10.1002 0.5
2 516.697 -165.532 -13.8431 0.5
2 594.095 -24.8075 14.9736 0.5
2 568.998 -54.9208 -4.69559 0.5
2 648.738 65.3233 14.5559 0.5
2 544.476 -113.46 -14.8892 0.5
2 623.954 11.0521 -0.97741 0.5
2 528.584 -154.153 -0.646343 0.5
2 538.176 -133.665 -10.0749 0.5
2 603.919 -22.2304 -6.43963 0.5
2 507.981 -160.459 4.22274 0.5
2 518.166 -144.86 -8.51041 0.5
2 573.161 -61.4969 14.9929 0.5
2 605.43 -18.4732 -8.42939 0.5
2 633.293 27.3559 -2.18996 0.5
2 503.355 -196.766 -5.63333 0.5
2 500.603 -183.114 14.3042 0.5
2 594.033 -40.2529 4.03537 0.5
2 514.783 -150.869 8.72526 0.5
2 655.396 88.525 12.6595 0.5
2 553.094 -106.848 11.0579 0.5
2 547.267 -107.203 14.9947 0.5
2 657.281 71.6252 8.8396 0.5
2 607.46 3.07413 -13.9059 0.5
2 607.435 -7.24252 14.2609 0.5
2 510.737 -166.921 14.664 0.5
2 569.253 -83.7248 -0.18597 0.5
2 662.324 83.6611 -12.135 0.5
2 637.937 52.8383 14.773 0.5
2 620.12 13.1016 -13.6234 0.5
2 518.021 -158.175 -14.983 0.5
2 527.193 -143.631 -14.8586 0.5
2 516.919 -174.36 0.555611 0.5
2 507.985 -180.244 -13.9947 0.5
2 654.111 90.7756 8.25861 0.5
2 594.822 -38.0376 6.33057 0.5
2 524.797 -143.693 -14.8616 0.5
2 589.974 -44.5961 -9.30999 0.5
2 570.198 -75.4002 -12.487 0.5
2 503.427 -185.625 -14.7199 0.5
2 601.623 -26.6028 -5.53011 0.5
2 661.579 77.6927 -6.5495 0.5
2 642.23 72.6504 -0.861541 0.5
2 573.65 -75.3185 4.80475 0.5
2 663.373 106.286 -9.01312 0.5
2 647.06 61.0839 14.1573 0.5
2 544.802 -122.15 10.1168 0.5
2 559.76 -79.0024 13.6741 0.5
2 533.208 -121.371 11.3685 0.5
2 617.063 26.7581 8.02359 0.5
2 507.474 -166.403 11.7483 0.5
2 648.869 57.2992 9.16487 0.5
2 619.14 11.6939 13.753 0.5
2 556.507 -75.9801 2.30372 0.5
2 562.7 -76.806 -14.6395 0.5
2 538.034 -132.021 -11.8297 0.5
2 507.937 -189.851 -1.50966 0.5
2 513.977 -170.14 -13.886 0.5
2 525.14 -153.713 -12.3026 0.5
2 643.014 44.5212 -3.79886 0.5
2 601.243 -4.34175 -12.0184 0.5
2 632.656 27.8275 -7.00342 0.5
2 542.647 -123.467 -12.2484 0.5
2 536.508 -117.565 12.7654 0.5
2 542.714 -113.161 -14.9217 0.5
2 632.836 55.7961 -4.22622 0.5
2 625.949 38.4382 12.027 0.5
2 638.598 42.4712 12.0653 0.5
2 620.783 5.52798 -0.17741 0.5
2 665.151 93.2708 14.4276 0.5
2 595.618 -10.0781 -7.51338 0.5
2 644.625 64.5061 -14.7579 0.5
2 557.495 -80.8681 12.5458 0.5
2 571.049 -62.2202 14.611 0.5
2 660.528 78.7753 10.6208 0.5
2 546.57 -121.246 7.06333 0.5
2 574.635 -45.3803 5.32394 0.5
2 574.305 -73.7568 -5.92265 0.5
2 598.038 -19.4489 -14.9887 0.5
2 639.794 53.8666 -14.9943 0.5
2 580.034 -56.4548 13.5652 0.5
2 645.995 49.2946 1.72133 0.5
2 650.03 75.8206 -14.2658 0.5
2 665.425 88.308 11.5747 0.5
2 641.962 45.6475 -9.55614 0.5
2 518.683 -161.925 -13.9116 0.5
2 588.997 -49.5015 0.899083 0.5
2 597.005 -13.3863 13.1201 0.5
2 581.932 -59.2849 -8.26228 0.5
2 628.523 37.8211 14.4873 0.5
2 566.989 -80.7238 -12.6396 0.5
2 634.684 52.0228 -13.0375 0.5
2 645.868 64.3666 -14.9949 0.5
2 643.385 59.214 -14.9929 0.5
2 658.106 70.9153 4.66126 0.5
2 637.127 45.1053 14.5287 0.5
2 562.261 -72.7988 12.6646 0.5
2 628.735 38.4912 -14.4025 0.5
2 560.684 -68.57 -0.303508 0.5
2 584.068 -53.9303 -10.3412 0.5
2 514.529 -177.982 3.94527 0.5
2 658.771 99.2468 7.61601 0.5
2 549.262 -118.297 1.27396 0.5
2 642.857 71.9102 -7.21701 0.5
2 598.191 -7.2177 -9.7648 0.5
2 638.063 36.6714 -5.91308 0.5
2 554.203 -84.7525 -11.1445 0.5
2 662.501 79.6673 -7.2749 0.5
2 661.906 77.0775 -3.10066 0.5
2 534.072 -144.531 -1.96946 0.5
2 500.895 -174.998 8.82822 0.5
2 534.991 -119.107 -12.0294 0.5
2 554.313 -87.8494 -13.3943 0.5
2 534.37 -131.575 -14.8018 0.5
2 602.677 -19.364 -12.3376 0.5
2 619.937 21.6683 -14.7718 0.5
2 506.951 -171.411 14.0608 0.5
2 593.367 -19.5036 13.0157 0.5
2 530.235 -127.962 -12.4647 0.5
2 545.861 -107.686 14.9191 0.5
2 595.783 -31.1224 12.4619 0.5
2 585.26 -54.106 7.29585 0.5
2 657.38 87.3308 -14.606 0.5
2 607.051 -15.9936 7.92277 0.5
2 509.24 -184.128 9.68285 0.5
2 625.627 20.8566 12.6498 0.5
2 574.64 -65.3854 -13.7515 0.5
2 651.233 66.1073 -13.1801 0.5
2 615.439 20.5509 11.7845 0.5
2 569.071 -81.5245 8.31518 0.5
2 645.87 52.4011 9.53724 0.5
2 623.543 17.8632 -13.0224 0.5
2 508.607 -184.074 10.8988 0.5
2 557.784 -85.6998 14.7189 0.5
2 585.874 -53.8115 -5.69954 0.5
2 553.145 -103.033 -13.5627 0.5
2 575.472 -72.6727 2.88786 0.5
2 524.994 -138.066 -13.0939 0.5
2 642.233 42.8065 1.94679 0.5
2 653.956 64.0046 5.43924 0.5
2 510.42 -175.879 14.0505 0.5
2 582.507 -58.7436 7.52574 0.5
3 966.696 85.1354 2.01115 0.5
3 831.298 89.0599 10.2623 0.5
3 847.015 89.5431 10.7543 0.5
3 716.532 107.61 -12.9264 0.5
3 882.576 103.137 -14.6682 0.5
3 990.432 102.591 14.7745 0.5
3 904.206 85.7571 -4.70517 0.5
3 781.515 85.6119 4.24047 0.5
3 932.279 94.5298 -13.967 0.5
3 724.335 105.895 -13.7931 0.5
3 916.138 86.8296 -7.17917 0.5
3 847.681 90.2183 11.3718 0.5
3 930.553 96.595 14.6084 0.5
3 670.048 87.9684 8.9577 0.5
3 733.312 91.9495 -12.6566 0.5
3 787.661 85.1229 1.91619 0.5
3 812.521 112.395 -8.44759 0.5
3 790.702 114.985 -0.680889 0.5
3 747.358 107.413 13.0403 0.5
3 794.327 115 -0.0630303 0.5
3 902.501 95.6499 14.3554 0.5
3 758.431 93.6982 13.612 0.5
3 707.097 91.0658 12.0491 0.5
3 742.174 114.928 1.46693 0.5
3 741.743 113.98 5.43757 0.5
3 693.461 85.549 4.02118 0.5
3 980.097 87.2353 -7.87796 0.5
3 701.123 85.0034 -0.318241 0.5
3 864.056 112.98 -7.51735 0.5
3 970.601 114.517 3.77494 0.5
3 854.39 114.682 -3.07094 0.5
3 894.653 89.8109 11.0083 0.5
3 877.944 104.476 14.3166 0.5
3 692.397 113.323 6.89188 0.5
3 899.188 108.028 12.6709 0.5
3 721.785 91.6496 -12.4608 0.5
3 713.419 85.8738 -5.04482 0.5
3 819.344 109.322 -11.7519 0.5
3 792.132 87.5678 -8.39281 0.5
3 831.873 99.1641 -14.9767 0.5
3 715.808 114.737 -2.79683 0.5
3 681.231 89.0431 10.2443 0.5
3 685.196 94.0054 13.7501 0.5
3 820.233 94.1983 13.8326 0.5
3 673.043 111.476 -9.65977 0.5
3 951.538 86.4178 6.36581 0.5
3 803.747 86.1635 5.79239 0.5
3 971.95 85.279 -2.87946 0.5
3 988.624 85.8906 5.09158 0.5
3 705.615 114.992 0.486801 0.5
3 789.087 88.6429 9.79876 0.5
3 678.113 114.362 -4.32894 0.5
3 757.004 108.4 12.4275 0.5
3 962.755 85.3778 3.34553 0.5
3 667.635 114.403 -4.18824 0.5
3 829.434 86.0941 5.62357 0.5
3 667.328 87.6863 -8.56585 0.5
3 818.44 85.0017 -0.22891 0.5
3 731.64 89.0853 10.2893 0.5
3 989.543 113.179 -7.16334 0.5
3 859.564 107.445 13.0222 0.5
3 903.495 102.819 14.7328 0.5
3 940.742 92.7857 -13.1512 0.5
3 688.831 98.9307 14.9618 0.5
3 928.525 85.3628 3.27929 0.5
3 871.849 113.869 5.71336 0.5
3 718.103 95.1809 14.2048 0.5
3 866.16 109.998 11.1819 0.5
3 919.354 112.808 7.80768 0.5
3 767.041 108.606 12.2854 0.5
3 679.911 97.8847 14.8501 0.5
3 843.58 106.675 -13.433 0.5
3 928.975 95.2444 14.2262 0.5
3 969.924 114.251 -4.68212 0.5
3 967.686 87.3188 8.01167 0.5
3 738.625 104.492 14.3117 0.5
3 712.663 88.7622 9.93539 0.5
3 962.74 103.401 -14.6093 0.5
3 790.564 114.023 5.32504 0.5
3 861.61 111.431 9.71275 0.5
3 681.377 109.976 11.2018 0.5
3 872.099 108.735 -12.1942 0.5
3 781.225 92.0106 -12.6953 0.5
3 928.478 89.4831 10.6955 0.5
3 710.845 107.321 -13.0923 0.5
3 857.046 114.247 -4.6918 0.5
3 735.373 108.35 12.4613 0.5
3 740.802 100.946 -14.9701 0.5
3 694.873 112.086 8.88381 0.5
3 988.648 114.038 5.2864 0.5
3 972.91 113.187 -7.14795 0.5
3 675.327 91.1205 12.0895 0.5
3 793.325 102.183 -14.8403 0.5
3 688.995 106.06 -13.7214 0.5
3 841.119 86.5426 -6.62556 0.5
3 854.012 85.2533 -2.74489 0.5
3 896.633 113.207 -7.11072 0.5
3 999.369 114.872 1.95203 0.5
3 922.775 104.218 -14.3946 0.5
3 866.19 91.9641 -12.6659 0.5
3 887.772 90.7298 11.7925 0.5
3 744.969 85.2631 -2.79696 0.5
3 710.941 104.74 -14.2316 0.5
3 780.811 113.481 6.57653 0.5
3 946.337 104.809 14.2083 0.5
3 697.417 96.42 -14.5665 0.5
3 746.663 85.0808 -1.55443 0.5
3 939.235 94.401 -13.9159 0.5
3 964.819 98.9661 14.9643 0.5
3 770.449 85.0135 -0.635603 0.5
3 980.406 109.536 -11.5787 0.5
3 999.2 102.646 14.7648 0.5
3 678.928 101.958 14.8716 0.5
3 725.143 98.457 -14.9204 0.5
3 998.761 103.807 -14.5088 0.5
3 676.926 91.4784 -12.3443 0.5
3 787.412 93.3852 -13.4627 0.5
3 697.188 114.649 3.22619 0.5
3 981.488 90.0305 11.2075 0.5
3 971.385 104.501 14.3089 0.5
3 728.536 88.0632 -9.08372 0.5
3 707.895 95.7289 -14.3791 0.5
3 960.786 113.687 6.13617 0.5
3 707.557 86.1029 5.64532 0.5
3 692.727 85.3588 3.26123 0.5
3 844.229 92.4349 -12.9526 0.5
3 760.405 113.27 6.99286 0.5
3 780.868 97.2628 14.7481 0.5
3 780.621 114.144 -4.99474 0.5
3 996.651 95.4856 14.3046 0.5
3 831.768 115 -0.0186448 0.5
3 714.449 106.477 -13.5298 0.5
3 799.692 113.059 7.38057 0.5
3 676.307 85.0431 -1.13578 0.5
3 844.701 86.0945 -5.62462 0.5
3 731.88 108.8 -12.1472 0.5
3 927.695 86.3783 -6.28076 0.5
3 827.866 92.2612 12.8495 0.5
3 806.403 106.179 13.6683 0.5
3 699.9 85.6498 4.36712 0.5
3 904.164 104.388 14.3437 0.5
3 967.687 97.7349 14.828 0.5
3 978.258 102.62 14.7694 0.5
3 897.401 86.0025 5.39159 0.5
3 690.23 100.898 -14.9731 0.5
3 957.871 88.9792 -10.1755 0.5
3 875.513 86.4176 6.3655 0.5
3 733.058 85.6192 -4.26542 0.5
3 693.026 96.4398 14.5714 0.5
3 914.544 112.547 8.22015 0.5
3 806.697 93.1935 13.3668 0.5
3 877.103 106.302 -13.6121 0.5
3 830.331 88.5053 9.63703 0.5
3 972.53 112.391 8.45298 0.5
3 960.294 93.8217 -13.6685 0.5
3 776.943 106.764 13.3885 0.5
3 875.254 112.031 -8.95893 0.5
3 904.817 90.1462 11.3094 0.5
3 748.454 113.449 -6.64314 0.5
3 812.432 85.1573 -2.16629 0.5
3 734.028 89.916 11.1046 0.5
3 801.412 110.235 10.9656 0.5
3 704.793 112.817 7.79323 0.5
3 771.132 97.9288 14.8563 0.5
3 956.764 103.155 -14.6644 0.5
3 759.628 94.1599 13.8164 0.5
3 831.587 114.586 -3.50047 0.5
3 972.251 85.3629 3.27944 0.5
3 790.907 96.0996 -14.484 0.5
3 766.541 92.6517 13.0768 0.5
3 729.149 113.754 5.98626 0.5
3 863.63 109.058 -11.9559 0.5
3 920.881 111.765 -9.30489 0.5
3 768.034 89.4028 -10.616 0.5
3 951.258 85.8093 -4.86047 0.5
3 679.596 109.28 11.7846 0.5
3 676.038 93.8078 13.6622 0.5
3 975.058 86.0613 -5.54185 0.5
3 758.52 114.728 -2.84527 0.5
3 735.614 103.555 -14.5726 0.5
3 853.555 97.9278 -14.8562 0.5
3 719.609 99.4966 -14.9915 0.5
3 729.983 90.3708 -11.5012 0.5
3 705.405 105.228 -14.0594 0.5
3 822.874 98.5599 -14.9307 0.5
3 994.403 111.567 9.55016 0.5
3 974.707 93.4078 -13.4738 0.5
3 738.857 86.8997 7.30636 0.5
3 971.036 91.2285 -12.168 0.5
3 972.853 114.721 -2.87827 0.5
3 727.17 86.3251 -6.16424 0.5
3 668.95 108.202 12.5592 0.5
3 984.822 105.978 -13.7574 0.5
3 979.449 85.8036 -4.84368 0.5
3 700.559 111.106 -10.0825 0.5
3 935.143 114.988 -0.596149 0.5
3 808.654 110.393 10.8161 0.5
3 851.254 85.2905 2.93777 0.5
3 871.046 86.9888 7.46374 0.5
3 749.265 106.799 13.3709 0.5
3 997.605 110.25 -10.9518 0.5
3 895.584 108.879 12.0899 0.5
3 948.11 105.91 -13.7867 0.5
3 717.943 111.978 -9.02926 0.5
3 680.109 85.0477 1.19505 0.5
3 867.334 114.289 4.56421 0.5
3 819.873 90.7583 11.8149 0.5
3 793.66 87.1122 -7.67501 0.5
3 772.834 101.421 14.9326 0.5
3 730.757 92.8095 13.1642 0.5
3 886.976 111.888 -9.14681 0.5
3 812.744 112.402 8.4373 0.5
3 763.979 98.2773 14.9008 0.5
3 768.949 85.2314 -2.62456 0.5
3 786.525 99.9176 -14.9998 0.5
3 720.785 111.074 10.118 0.5
3 685.324 89.0129 -10.212 0.5
3 668.378 85.001 -0.171533 0.5
3 913.879 102.99 14.6991 0.5
3 918.465 108.587 -12.2992 0.5
3 771.186 106.051 13.7253 0.5
3 976.473 98.0148 14.868 0.5
3 861.561 94.1611 -13.8169 0.5
3 999.427 100.597 -14.9881 0.5
3 985.544 90.7154 -11.7812 0.5
3 991.814 85.0114 -0.585146 0.5
3 744.105 90.4192 11.5416 0.5
3 737.383 112.022 8.97086 0.5
3 695.96 114.206 -4.81645 0.5
3 877.699 85.4348 -3.58556 0.5
3 765.01 85.3221 -3.09201 0.5
3 956 86.0324 5.46869 0.5
3 815.912 114.748 2.73721 0.5
3 922.925 113.57 6.39257 0.5
3 806.494 91.0581 12.0433 0.5
3 992.873 103.417 -14.6056 0.5
3 853.003 104.047 -14.4439 0.5
3 682.205 94.2395 -13.8498 0.5
3 805.964 85.0234 -0.837285 0.5
3 738.653 110.586 -10.6276 0.5
3 804.782 86.059 -5.53621 0.5
3 701.725 91.365 -12.2653 0.5
3 857.784 113.962 -5.4826 0.5
3 759.929 90.9217 11.9409 0.5
3 719.44 110.882 -10.3241 0.5
3 781.534 106.277 -13.6236 0.5
3 898.712 108.488 -12.3678 0.5
3 840.78 110.872 -10.3345 0.5
3 733.019 113.469 -6.60155 0.5
3 988.02 100.651 -14.9858 0.5
3 781.296 99.0985 14.9729 0.5
3 668.192 92.4973 12.9888 0.5
3 853.144 99.3711 14.9868 0.5
3 847.254 90.8475 -11.8841 0.5
3 731.08 86.6681 -6.87469 0.5
3 719.037 88.9577 10.1522 0.5
3 979.417 100.122 14.9995 0.5
3 728.245 102.12 14.8494 0.5
3 857.271 99.4672 14.9905 0.5
3 927.351 94.0733 13.7795 0.5
3 669.206 113.584 6.36283 0.5
3 680.643 114.901 -1.71632 0.5
3 745.312 100.103 14.9996 0.5
3 733.791 86.3877 -6.30117 0.5
3 666.997 90.7997 11.8471 0.5
3 713.009 105.555 -13.9335 0.5
3 978.382 100.106 -14.9996 0.5
3 814.311 88.2069 9.26941 0.5
3 683.066 85.1266 -1.94444 0.5
3 789.519 85.3954 -3.42123 0.5
3 942.949 95.2796 14.2379 0.5
3 702.669 85.0498 -1.22141 0.5
3 822.716 88.5687 9.71211 0.5
3 968.437 91.5708 -12.4076 0.5
3 837.254 98.4705 14.9218 0.5
3 873.848 103.764 -14.5201 0.5
3 753.871 102.19 14.8392 0.5
3 720.045 85.913 -5.15337 0.5
3 724.717 112.358 8.50159 0.5
3 808.915 114.996 -0.344839 0.5
3 746.968 99.1517 -14.976 0.5
3 962.61 114.996 -0.363517 0.5
3 897.744 110.369 -10.8391 0.5
3 762.382 108.743 -12.1885 0.5
3 925.587 105.657 13.8923 0.5
3 860.684 105.497 13.9566 0.5
3 833.524 92.7374 -13.1246 0.5
3 818.289 85.4667 3.71263 0.5
3 932.533 107.46 -13.0135 0.5
3 780.814 102.339 14.8165 0.5
3 873.65 109.332 11.7436 0.5
3 693.406 85.0807 -1.55345 0.5
3 840.373 114.971 -0.932283 0.5
3 787.688 114.366 4.31431 0.5
3 720.761 113.142 7.23025 0.5
3 668.272 98.0826 14.8769 0.5
3 693.226 114.992 -0.483443 0.5
3 817.881 111.489 -9.64341 0.5
3 937.384 101.036 14.9642 0.5
3 677.764 109.261 -11.7999 0.5
3 686.394 94.7057 -14.0346 0.5
3 882.935 114.67 -3.12952 0.5
3 714.774 99.0301 14.9686 0.5
3 859.959 85.3582 -3.25853 0.5
3 865.283 96.2535 14.5246 0.5
3 934.858 87.3612 8.07848 0.5
3 911.474 106.226 13.6471 0.5
3 746.819 101.25 -14.9478 0.5
3 827.715 106.702 13.4193 0.5
3 956.062 100.084 -14.9998 0.5
3 691.226 108.695 -12.2231 0.5
3 995.199 105.778 -13.8424 0.5
3 968.177 107.046 13.2421 0.5
3 962.351 87.2374 -7.88143 0.5
3 763.422 91.931 -12.6448 0.5
3 848.087 111.489 -9.64372 0.5
3 865.073 103.312 -14.6299 0.5
3 840.379 109.646 11.4875 0.5
3 862.388 98.205 14.8922 0.5
3 767.717 87.9403 8.91985 0.5
3 814.824 90.3117 -11.4515 0.5
3 983.194 94.4073 13.9184 0.5
3 898.283 103.283 -14.6363 0.5
3 804.604 109.427 -11.6677 0.5
3 830.094 99.492 14.9914 0.5
3 716.82 99.0094 14.9673 0.5
3 903.933 105.883 -13.7984 0.5
3 898.443 97.8987 14.8521 0.5
3 948.391 96.8201 -14.6591 0.5
3 840.059 101.499 -14.9249 0.5
3 748.784 112.329 8.54335 0.5
3 793.316 108.45 12.3935 0.5
3 897.364 87.836 -8.77712 0.5
3 855.553 85.3447 3.19714 0.5
3 951.759 102.029 14.8621 0.5
3 775.036 93.7306 -13.627 0.5
3 673.785 100.795 14.9789 0.5
3 904.667 107.834 -12.7919 0.5
3 890.837 93.101 -13.3193 0.5
3 786.867 114.916 -1.58628 0.5
3 785.379 110.348 10.8595 0.5
3 810.34 85.2017 2.45154 0.5
3 733.114 88.1099 -9.14464 0.5
3 697.395 109.322 11.7517 0.5
3 940.731 107.53 12.9729 0.5
3 696.672 100.788 14.9793 0.5
3 728.456 87.2557 7.91091 0.5
3 786.172 101.567 14.9179 0.5
3 995.393 108.672 12.239 0.5
3 979.394 88.8814 -10.0686 0.5
3 907.167 102.11 14.8509 0.5
3 908.377 113.785 5.91345 0.5
3 706.891 85.7862 4.79252 0.5
3 951.422 114.99 -0.534748 0.5
3 795.406 112.581 -8.16765 0.5
3 800.187 91.1545 -12.1143 0.5
3 782.502 108.419 -12.4144 0.5
3 898.828 87.9956 -8.9941 0.5
3 767.032 89.5651 10.7756 0.5
3 822.093 114.902 -1.71552 0.5
3 868.706 85.1074 1.79144 0.5
3 998.194 86.544 6.62851 0.5
3 792.626 107.371 -13.0638 0.5
3 877.569 90.4223 -11.5442 0.5
3 968.312 91.6482 12.4598 0.5
3 830.267 85.7051 4.54498 0.5
3 743.053 90.0589 11.2328 0.5
3 792.528 109.334 11.7419 0.5
3 726.021 85.0518 -1.24612 0.5
3 873.775 95.0281 14.152 0.5
3 788.218 89.8768 11.0689 0.5
3 909.561 110.321 10.8845 0.5
3 814.802 110.162 11.0333 0.5
3 731.387 95.3292 -14.2542 0.5
3 740.777 89.0771 10.2806 0.5
3 710.303 98.9307 14.9618 0.5
3 803.967 95.7786 -14.3937 0.5
3 853.672 92.9741 -13.2528 0.5
3 992.923 96.5586 14.5999 0.5
3 912.814 114.883 -1.86606 0.5
3 817.301 110.285 -10.9191 0.5
3 916.983 112.345 8.52043 0.5
3 755.451 87.6605 -8.52865 0.5
3 703.163 86.42 -6.37046 0.5
3 916.929 103.781 14.5156 0.5
3 827.563 85.6038 -4.21298 0.5
3 723.919 91.7563 -12.5316 0.5
3 952.843 101.772 14.895 0.5
3 796.417 92.153 12.7838 0.5
3 782.263 104.077 -14.4353 0.5
3 782.822 111.092 10.0982 0.5
3 912.226 91.765 12.5373 0.5
3 923.917 111.481 9.65375 0.5
3 822.601 107.86 12.7758 0.5
3 863.353 107.327 -13.0889 0.5
3 957.917 112.882 -7.68523 0.5
3 950.018 100.667 14.9852 0.5
3 966.222 102.093 14.8533 0.5
3 796.057 103.093 14.6777 0.5
3 979.453 114.844 -2.1546 0.5
3 744.935 110.914 -10.2895 0.5
3 940.695 85.7787 -4.77009 0.5
3 770.97 88.1346 -9.17677 0.5
3 770.249 86.399 6.32559 0.5
3 740.52 87.6929 8.57524 0.5
3 726.43 87.3764 -8.10221 0.5
3 900.326 103.85 -14.4975 0.5
3 805.372 90.6286 -11.7122 0.5
3 791.169 109.448 11.6507 0.5
3 909.015 94.1666 -13.8192 0.5
3 681.012 89.5122 -10.724 0.5
3 912.242 85.0162 0.697992 0.5
3 976.342 105.845 13.8142 0.5
3 791.105 85.7615 4.71868 0.5
3 877.843 110.809 -10.3999 0.5
3 917.252 99.9802 -15 0.5
3 770.21 92.0455 12.7172 0.5
3 821.696 99.8766 14.9995 0.5
3 865.605 89.6115 -10.8203 0.5
3 922.62 86.5564 -6.65346 0.5
3 866.62 114.7 2.98654 0.5
3 699.834 104.599 14.2776 0.5
3 881.693 90.3527 11.4861 0.5
3 669.991 101.783 -14.8936 0.5
3 832.172 114.86 -2.04683 0.5
3 712.46 85.092 -1.65904 0.5
3 752.407 102.293 -14.8237 0.5
3 769.21 114.009 -5.36139 0.5
3 880.985 106.714 -13.4134 0.5
3 988.027 108.812 -12.139 0.5
3 733.197 109.973 -11.2047 0.5
3 670.791 107.358 -13.0715 0.5
3 911.099 89.4156 10.6288 0.5
3 712.2 99.732 -14.9976 0.5
3 802.064 85.1422 -2.06085 0.5
3 951.787 114.42 -4.13038 0.5
3 950.571 85.0558 -1.29237 0.5
3 891.124 100.071 -14.9998 0.5
3 758.718 95.2488 14.2277 0.5
3 776.782 113.575 -6.38027 0.5
3 888.463 103.526 -14.5797 0.5
3 712.897 91.2907 12.2126 0.5
3 735.945 114.766 -2.63653 0.5
3 842.341 89.9275 -11.115 0.5
3 708.821 86.6544 -6.8479 0.5
3 928.073 85.0738 -1.4863 0.5
3 968.38 114.189 -4.86606 0.5
3 957.506 108.266 -12.5167 0.5
3 868.151 106.482 13.527 0.5
3 740.178 90.7146 11.7806 0.5
3 998.688 98.3287 -14.9066 0.5
3 722.647 114.958 1.12203 0.5
3 853.756 113.975 5.44944 0.5
3 715.748 94.1916 13.8298 0.5
3 993.615 85.2267 -2.59808 0.5
3 910.701 112.907 7.64192 0.5
3 738.068 91.0657 -12.049 0.5
3 990.438 88.4327 -9.54979 0.5
3 739.361 114.8 -2.44359 0.5
3 765.658 92.9307 -13.2297 0.5
3 986.345 108.25 -12.5273 0.5
3 771.579 114.929 1.4558 0.5
3 924.75 103.486 -14.5893 0.5
3 913.42 106.968 13.2836 0.5
3 687.749 112.01 -8.98627 0.5
3 721.791 108.866 -12.0995 0.5
3 901.928 112.337 8.53161 0.5
3 748.166 108.607 -12.2849 0.5
3 970.991 85.0153 0.676901 0.5
3 804.627 100.152 14.9992 0.5
3 892.779 88.8282 10.0096 0.5
3 967.809 114.86 2.04268 0.5
3 823.899 111.988 -9.01568 0.5
3 965.512 97.1254 -14.722 0.5
3 704.122 88.7517 9.92344 0.5
3 888.477 114.38 -4.26693 0.5
3 793.136 114.434 4.0799 0.5
3 847.486 106.238 13.6412 0.5
3 821.557 114.408 4.17242 0.5
3 812.266 96.002 -14.4574 0.5
3 851.154 94.6159 -14.0004 0.5
3 987.865 106.067 -13.7185 0.5
3 684.353 85.932 -5.20491 0.5
3 790.978 88.6461 -9.80252 0.5
3 845.372 90.883 -11.9113 0.5
3 772.064 107.386 13.0558 0.5
3 959.593 110.082 -11.1068 0.5
3 707.637 85.1152 1.85509 0.5
3 710.009 103.254 -14.6427 0.5
3 997.573 114.457 3.9996 0.5
3 948.936 111.863 9.17938 0.5
3 794.729 86.3986 -6.32464 0.5
3 960.151 109.862 11.3024 0.5
3 768.504 107.79 -12.8185 0.5
3 754.716 114.054 -5.24356 0.5
3 787.203 112.223 -8.69466 0.5
3 693.321 104.108 -14.4264 0.5
3 876.039 114.916 1.58229 0.5
3 937.896 114.951 -1.21653 0.5
3 672.933 97.0252 -14.7021 0.5
3 879.72 111.872 -9.16781 0.5
3 889.931 114.96 -1.10018 0.5
3 787.366 108.571 -12.3099 0.5
3 976.862 89.9254 11.1131 0.5
3 668.777 114.431 -4.09302 0.5
3 957.569 103.411 14.6069 0.5
3 872.668 86.0166 5.42803 0.5
3 734.071 85.0145 0.659048 0.5
3 951.685 90.6709 -11.746 0.5
3 698.41 101.698 -14.9036 0.5
3 923.965 114.98 -0.782312 0.5
3 866.959 104.897 -14.1781 0.5
3 816.846 86.0611 -5.54152 0.5
3 907.193 111.531 -9.59296 0.5
3 957.139 101.971 -14.87 0.5
3 680.145 90.1834 11.3417 0.5
3 936.473 114.973 0.904537 0.5
3 801.573 99.029 14.9685 0.5
3 707.436 93.0628 -13.2995 0.5
3 716.278 90.1494 11.3122 0.5
3 782.477 100.908 -14.9725 0.5
3 964.943 87.6682 8.53976 0.5
3 806.642 112.51 -8.27633 0.5
3 951.22 99.2984 14.9836 0.5
3 743.999 88.2622 9.33936 0.5
3 684.307 106.426 13.554 0.5
3 761.366 114.992 0.485361 0.5
3 896.054 85.0001 -0.0516829 0.5
3 807.828 114.715 2.90876 0.5
3 891.589 101.491 -14.9257 0.5
3 797.899 85.5061 -3.86339 0.5
3 682.918 105.077 -14.1146 0.5
3 803.217 85.3045 3.00705 0.5
3 824.095 98.8848 14.9585 0.5
3 721.497 100.685 14.9844 0.5
3 900.549 96.5826 -14.6055 0.5
3 925.126 93.5924 13.5625 0.5
3 835.278 98.1592 14.8866 0.5
3 701.492 86.7413 7.01474 0.5
3 758.094 87.5059 -8.3005 0.5
3 751.365 85.4973 -3.8304 0.5
3 736.027 100.906 14.9726 0.5
3 938.035 108.888 -12.0829 0.5
3 856.613 85.8571 4.99773 0.5
3 741.036 107.536 -12.9693 0.5
3 853.96 110.42 10.7901 0.5
3 771.792 110.287 -10.9168 0.5
3 891.388 113.499 6.53939 0.5
3 813.999 96.113 -14.4876 0.5
3 979.243 93.1094 -13.3237 0.5
3 889.076 109.732 -11.4145 0.5
3 922.95 111.932 -9.08971 0.5
3 758.31 108.673 -12.2387 0.5
3 929.384 85.422 -3.53312 0.5
3 845.412 114.528 -3.73231 0.5
3 705.917 96.7445 14.6425 0.5
3 804.023 87.591 8.42716 0.5
3 750.709 96.8013 14.655 0.5
3 859.503 88.7612 9.93421 0.5
3 986.771 114.798 -2.45124 0.5
3 759.843 114.739 2.78754 0.5
3 951.619 113.094 -7.31778 0.5
3 848.259 108.574 12.3077 0.5
3 942.797 110.523 -10.6896 0.5
3 707.213 86.5192 -6.57785 0.5
3 799.015 114.528 3.73365 0.5
3 983.346 90.6747 11.749 0.5
3 900.679 93.9776 13.7379 0.5
3 666.866 98.4005 14.9145 0.5
3 953.762 96.2409 14.5213 0.5
3 748.321 104.505 -14.3077 0.5
3 802.55 110.153 11.0418 0.5
3 877.082 110.008 11.1734 0.5
3 934.113 85.2844 2.90714 0.5
3 775.065 103.208 -14.6529 0.5
3 803.032 85.0764 1.51215 0.5
3 968.137 95.048 -14.159 0.5
3 690.229 92.0023 12.69 0.5
3 995.755 86.7301 -6.99353 0.5
3 904.764 107.741 12.8483 0.5
3 941.86 115 -0.0975148 0.5
3 767.607 85.7001 -4.52897 0.5
3 819.441 86.2689 -6.038 0.5
3 805.741 88.9518 10.1458 0.5
3 825.276 111.261 -9.90896 0.5
3 674.018 113.79 -5.90289 0.5
3 845.965 106.654 13.4434 0.5
3 895.462 97.8408 14.8438 0.5
3 756.873 115 0.0464673 0.5
3 977.407 96.1828 -14.5062 0.5
3 747.595 87.2573 -7.9135 0.5
3 707.356 101.262 -14.9469 0.5
3 755.367 91.4972 -12.3573 0.5
3 967.655 112.224 8.69368 0.5
3 966.931 88.9064 -10.0961 0.5
3 792.893 90.8298 -11.8704 0.5
3 921.686 99.5097 -14.992 0.5
3 851.241 86.6365 -6.81297 0.5
3 949.419 114.88 1.89423 0.5
3 728.706 85.2755 -2.86172 0.5
3 753.399 112.521 8.2601 0.5
3 835.297 108.475 12.3766 0.5
3 694.743 90.8488 -11.8851 0.5
3 727.218 113.469 -6.60189 0.5
3 928.319 91.1417 -12.105 0.5
3 947.948 104.137 14.4183 0.5
3 916.583 89.8117 11.009 0.5
3 758.517 98.4394 -14.9186 0.5
3 859.085 101.912 14.8777 0.5
3 683.638 114.016 -5.34298 0.5
3 769.37 92.9812 13.2566 0.5
3 837.254 114.618 3.36438 0.5
3 684.697 85.2945 -2.95771 0.5
3 780.094 92.064 -12.7287 0.5
3 709.172 109.5 -11.6086 0.5
3 958.072 107.062 -13.2334 0.5
3 915.467 109.96 11.2159 0.5
3 697.584 110.511 10.7014 0.5
3 885.543 106.04 13.7302 0.5
3 730.444 113.903 -5.63145 0.5
3 976.425 114.775 -2.58847 0.5
3 844.184 85.6454 4.35264 0.5
3 780.949 86.2169 5.91834 0.5
3 909.726 95.1917 -14.2084 0.5
3 780.935 86.6884 6.91389 0.5
3 679.833 85.1581 -2.1719 0.5
3 738.931 114.976 -0.844274 0.5
3 984.569 113.008 7.4694 0.5
3 868.303 107.053 -13.2383 0.5
3 897.309 97.6527 -14.8152 0.5
3 853.312 85.358 3.25771 0.5
3 698.634 108.091 12.6309 0.5
3 908.326 98.0875 -14.8776 0.5
3 920.962 107.962 12.7126 0.5
3 861.227 99.9691 15 0.5
3 963.19 98.5246 14.9273 0.5
3 679.992 85.8824 -5.06883 0.5
3 767.723 93.3061 -13.4236 0.5
3 717.818 113.396 -6.74836 0.5
3 905.065 111.88 -9.15781 0.5
3 716.539 85.012 0.600745 0.5
3 850.56 103.654 14.5481 0.5
3 748.624 86.7681 -7.0652 0.5
3 690.137 102.203 14.8373 0.5
3 868.076 114.611 -3.39346 0.5
3 921.308 97.66 -14.8164 0.5
3 795.179 94.1479 13.8113 0.5
3 910.314 86.1299 -5.71138 0.5
3 776.187 114.992 0.496645 0.5
3 712.067 110.956 10.2451 0.5
3 989.656 89.8592 11.0528 0.5
3 913.053 92.7161 13.1128 0.5
3 866.905 97.0652 14.7101 0.5
3 943.682 114.566 3.58207 0.5
3 862.749 94.5312 -13.9675 0.5
3 897.113 101.117 14.9583 0.5
3 826.617 95.3019 14.2453 0.5
3 748.965 101.677 14.9059 0.5
3 973.953 98.9005 -14.9597 0.5
3 884.479 86.778 7.08363 0.5
3 920.46 114.86 2.0415 0.5
3 834.15 90.2082 -11.3631 0.5
3 667.203 114.944 1.29015 0.5
3 957.247 108.25 12.5273 0.5
3 956.552 112.462 -8.34785 0.5
3 683.945 95.0948 14.1753 0.5
3 863.001 103.804 14.5096 0.5
3 822.151 90.2726 11.4183 0.5
3 778.676 114.939 -1.34726 0.5
3 771.807 85.0573 1.31042 0.5
3 743.953 85.5628 4.07017 0.5
3 766.143 90.5197 -11.6243 0.5
3 797.178 86.2864 -6.07755 0.5
3 684.194 100.515 -14.9912 0.5
3 674.246 89.3082 10.5208 0.5
3 777.72 85.0019 0.239191 0.5
3 787.028 94.7286 -14.0432 0.5
3 748.231 100.665 14.9852 0.5
3 694.701 86.1338 5.72079 0.5
3 889.38 87.0191 -7.51646 0.5
3 779.846 112.702 -7.97878 0.5
3 927.906 105.233 -14.0574 0.5
3 737.039 104.558 14.2906 0.5
3 986.89 106.968 13.2835 0.5
3 971.607 94.086 -13.7849 0.5
3 877.442 114.898 -1.74293 0.5
3 971.541 107.654 12.9002 0.5
3 755.166 94.3471 -13.8941 0.5
3 742.625 85.4975 3.83101 0.5
3 780.447 108.872 -12.0949 0.5
3 988.698 114.917 1.5776 0.5
3 728.438 89.4354 -10.6484 0.5
3 738.61 85.1744 -2.28077 0.5
