0 56.1441 131.599 -94.8763 0.5
0 62.9566 7.63671 -38.3278 0.5
0 88.8023 87.7094 99.2418 0.5
0 69.7738 4.97877 -31.1603 0.5
0 62.8027 196.375 26.6825 0.5
0 100.409 135.863 -93.3479 0.5
0 34.5369 69.8752 95.3546 0.5
0 78.1319 18.1033 57.384 0.5
0 39.8 190.396 42.7624 0.5
0 47.3989 121.013 97.7672 0.5
0 87.2645 36.1492 -76.9615 0.5
0 36.279 101.184 -99.993 0.5
0 8.59299 1.17286 15.2708 0.5
0 52.7227 120.097 -97.9598 0.5
0 28.1011 44.0245 -82.8658 0.5
0 22.4615 168.004 -73.3178 0.5
0 78.7789 158.081 -81.4039 0.5
0 72.1396 198.796 15.4703 0.5
0 2.55059 121.566 -97.6468 0.5
0 55.2782 91.0976 99.6029 0.5
0 0.312133 81.6156 -98.2955 0.5
0 17.0003 85.1437 98.8903 0.5
0 22.6975 140.999 91.2091 0.5
0 7.40548 90.9062 99.5857 0.5
0 1.17153 178.623 61.7937 0.5
0 34.7744 18.5398 -58.002 0.5
0 43.4727 161.274 79.0281 0.5
0 89.2845 10.1161 -43.8279 0.5
0 54.1367 74.7585 96.7619 0.5
0 72.6214 190.527 -42.4843 0.5
0 33.7314 184.23 53.9012 0.5
0 97.3659 189.15 -45.302 0.5
0 42.0582 132.215 94.6687 0.5
0 63.9915 55.4971 89.5516 0.5
0 79.1022 117.725 98.4166 0.5
0 44.6683 81.4878 -98.2716 0.5
0 62.8995 8.84334 41.1152 0.5
0 88.8508 0.00634886 1.12682 0.5
0 62.9959 185.149 52.4375 0.5
0 13.651 2.56173 -22.4896 0.5
0 28.2539 0.0476391 -3.08635 0.5
0 109.253 114.512 98.9414 0.5
0 22.0569 83.055 98.5539 0.5
0 2.57751 187.648 -48.1431 0.5
0 90.9633 5.21099 31.8598 0.5
0 95.6787 26.6364 67.9543 0.5
0 61.6062 165.41 -75.6407 0.5
0 93.9898 178.338 62.1538 0.5
0 93.6769 142.286 -90.6193 0.5
0 41.7456 161.814 -78.6072 0.5
0 16.166 147.666 87.9085 0.5
0 75.7749 164.819 -76.1476 0.5
0 23.541 195.606 29.3183 0.5
0 71.1503 110.44 99.4536 0.5
0 98.052 193.908 -34.3688 0.5
0 72.3135 9.24687 -41.9984 0.5
0 47.7542 15.3694 53.2698 0.5
0 31.1677 6.40707 35.2188 0.5
0 2.0125 15.1119 52.8584 0.5
0 42.7042 67.2893 -94.4987 0.5
0 11.6285 131.828 -94.7996 0.5
0 95.3083 194.489 32.7391 0.5
0 23.2863 136.099 -93.2569 0.5
0 36.9485 199.86 -5.2889 0.5
0 37.4648 80.1291 -98.0058 0.5
0 62.8081 55.7015 -89.6529 0.5
0 92.5451 193.709 34.9088 0.5
0 4.10682 159.233 -80.5696 0.5
0 34.1135 0.597613 10.9163 0.5
0 40.8425 49.3758 86.2391 0.5
0 15.6879 176.367 64.5608 0.5
0 86.272 78.6305 -97.69 0.5
0 88.0818 2.12832 20.5216 0.5
0 13.797 197.366 -22.8016 0.5
0 73.9633 197.569 21.9165 0.5
0 76.8316 98.1569 99.983 0.5
0 101.362 8.66394 40.7151 0.5
0 78.9599 25.6324 -66.854 0.5
0 59.433 10.0503 -43.6927 0.5
0 80.5775 150.534 86.2922 0.5
0 23.7446 6.7457 -36.1059 0.5
0 64.0345 149.3 87.0031 0.5
0 87.8481 176.975 -63.8351 0.5
0 21.3931 162.456 78.0974 0.5
0 4.56945 125.669 96.6495 0.5
0 13.0815 120.207 97.937 0.5
0 55.008 39.112 -79.3262 0.5
0 30.2136 104.252 -99.9096 0.5
0 31.1877 4.28811 -28.9695 0.5
0 91.4563 102.616 99.9658 0.5
0 77.474 8.87365 -41.1824 0.5
0 22.6295 188.94 45.7136 0.5
0 72.1935 155.373 83.27 0.5
0 43.737 0.199958 6.32073 0.5
0 85.0721 46.6122 84.5562 0.5
0 29.5401 174.086 -67.1658 0.5
0 47.1795 33.7014 -74.8632 0.5
0 69.2472 133.196 -94.3295 0.5
0 99.1891 117.97 -98.3721 0.5
0 78.2575 61.7193 92.3828 0.5
0 99.6954 17.4876 -56.4952 0.5
0 66.5707 25.0698 -66.2228 0.5
0 32.74 90.7367 99.57 0.5
0 59.4967 151.881 85.489 0.5
0 47.1133 190.642 -42.2372 0.5
0 102.47 73.5742 96.4452 0.5
0 45.1583 0.0750118 -3.87256 0.5
0 4.28393 20.9585 -61.2571 0.5
0 62.2894 15.7855 53.9251 0.5
0 39.9898 72.9751 96.279 0.5
0 4.33797 2.54458 22.4152 0.5
0 61.9675 187.672 -48.0992 0.5
0 66.0696 163.809 76.9965 0.5
0 69.4332 199.508 9.90976 0.5
0 89.4857 198.172 19.0351 0.5
0 85.1727 32.5868 73.8611 0.5
0 86.5819 43.1386 82.2605 0.5
0 83.7936 168.642 -72.7206 0.5
0 17.3857 23.3017 64.1667 0.5
0 30.5804 1.20834 15.4987 0.5
0 10.4476 175.617 65.4378 0.5
0 110.655 8.63034 40.6397 0.5
0 12.5818 199.075 13.5674 0.5
0 100.121 108.65 -99.6252 0.5
0 88.6268 91.811 99.6641 0.5
0 90.7243 106.332 99.7993 0.5
0 107.031 0.00269484 -0.73414 0.5
0 63.4124 86.8516 99.1318 0.5
0 104.96 196.176 27.3889 0.5
0 27.4181 172.522 68.8515 0.5
0 86.5809 24.26 -65.2951 0.5
0 35.5755 190.438 -42.673 0.5
0 70.5532 180.924 58.7473 0.5
0 83.3861 164.912 -76.0683 0.5
0 99.9263 185.789 -51.3826 0.5
0 18.3448 176.882 63.9468 0.5
0 5.76827 114.564 -98.9337 0.5
0 3.48088 32.1632 -73.4722 0.5
0 102.78 44.517 -83.1963 0.5
0 1.64539 166.561 74.6297 0.5
0 49.6023 125.334 -96.7377 0.5
0 96.4274 47.0284 -84.8175 0.5
0 110.77 65.5284 -93.8707 0.5
0 47.5235 43.3599 -82.413 0.5
0 29.3754 168.902 72.4739 0.5
0 85.7779 200 0.0226746 0.5
0 104.722 8.05871 -39.3294 0.5
0 98.8167 138.805 92.1638 0.5
0 31.4644 6.25614 -34.8151 0.5
0 77.2383 19.8135 59.7505 0.5
0 13.9073 196.216 -27.2489 0.5
0 43.2936 26.7685 -68.0966 0.5
0 51.6894 4.40268 29.3454 0.5
0 84.0089 69.988 95.3901 0.5
0 105.772 3.67893 26.8747 0.5
0 56.1388 18.4344 57.8537 0.5
0 6.04647 184.633 -53.2656 0.5
0 90.8907 188.777 46.0285 0.5
0 68.6372 113.896 99.0298 0.5
0 62.728 106.213 -99.8068 0.5
0 66.1792 195.319 30.2376 0.5
0 43.8693 58.8074 91.1217 0.5
0 73.1464 2.12088 20.486 0.5
0 62.5192 71.6126 -95.8862 0.5
0 33.5924 1.49078 -17.2027 0.5
1 148.625 41.2752 99.8044 0.5
1 139.831 -47.5805 20.6886 0.5
1 111.386 187.511 -47.5209 0.5
1 163.492 99.1224 43.9009 0.5
1 135.003 90.4145 94.8103 0.5
1 138.232 112.311 80.5305 0.5
1 145.297 -32.4936 -68.042 0.5
1 142.894 -23.2529 73.1329 0.5
1 141.422 58.0459 99.4424 0.5
1 154.022 -67.3169 36.7736 0.5
1 117.606 145.33 -82.4545 0.5
1 119.391 25.6738 80.0115 0.5
1 114.944 127.781 93.8897 0.5
1 126.269 156.142 -56.6648 0.5
1 121.694 140.348 80.9747 0.5
1 133.688 127.068 74.9757 0.5
1 135.205 81.0388 -97.3732 0.5
1 159.365 92.7152 64.6481 0.5
1 146.583 8.13452 -95.2587 0.5
1 147.699 136.154 -9.7203 0.5
1 145.281 -52.1381 -36.8733 0.5
1 122.124 -19.048 2.34495 0.5
1 140.097 -7.21736 82.1559 0.5
1 121.726 171.209 44.4169 0.5
1 155.588 19.4141 99.937 0.5
1 143.252 27.9105 -98.6426 0.5
1 114.855 110.006 -98.631 0.5
1 113.202 181.877 51.866 0.5
1 124.292 149.354 -69.2058 0.5
1 123.431 23.8051 -83.6111 0.5
1 152.406 118.26 44.0322 0.5
1 130.548 44.0435 -97.4839 0.5
1 142.926 -48.2649 -36.3505 0.5
1 164.382 98.5807 -41.7918 0.5
1 125.697 104.095 -95.5931 0.5
1 112.054 108.04 -99.5309 0.5
1 137.081 92.3211 92.7821 0.5
1 156.621 -72.352 -35.3941 0.5
1 159.097 77.6088 -79.4524 0.5
1 135.603 21.378 -93.2172 0.5
1 156.934 -22.0227 90.4464 0.5
1 123.611 15.8892 -78.0945 0.5
1 112.456 76.6941 97.7751 0.5
1 124.986 174.227 18.5755 0.5
1 144.687 -12.3054 -84.0698 0.5
1 139.3 149.249 -19.5375 0.5
1 163.423 83.2071 67.4643 0.5
1 126.536 -19.9823 36.0749 0.5
1 128.58 78.6404 -99.6034 0.5
1 128.544 -30.1665 -2.38301 0.5
1 149.561 92.03 81.0117 0.5
1 115.602 43.8504 87.5226 0.5
1 151.618 -12.3876 90.6466 0.5
1 137.876 -17.1083 -70.6716 0.5
1 130.776 136.14 71.2164 0.5
1 131.809 82.8124 98.2433 0.5
1 119.998 153.426 -72.5535 0.5
1 134.773 49.5184 -99.548 0.5
1 133.566 9.73638 -85.7966 0.5
1 139.272 -16.4439 -73.6272 0.5
1 163.766 103.214 32.9514 0.5
1 151.416 -69.481 8.11017 0.5
1 159.642 32.0049 -98.7015 0.5
1 161.681 106.206 34.6765 0.5
1 164.105 -81.9688 -43.2128 0.5
1 134.667 35.4457 -97.1379 0.5
1 117.857 2.53458 51.3964 0.5
1 127.123 130.794 81.083 0.5
1 150.833 109.69 -61.962 0.5
1 130.673 45.1807 -97.7835 0.5
1 146.357 20.6438 -98.3099 0.5
1 121.572 73.4682 99.6454 0.5
1 135.975 140.414 -55.056 0.5
1 153.332 -68.4446 -30.2475 0.5
1 164.15 -89.6185 21.081 0.5
1 118.264 -11.1403 -15.7513 0.5
1 144.484 132.588 42.7728 0.5
1 165.779 101.831 -26.1548 0.5
1 156.679 -43.8389 76.0673 0.5
1 131.125 38.9462 96.4552 0.5
1 114.171 2.69986 39.1916 0.5
1 153.824 124.031 19.8426 0.5
1 146.295 -60.8351 -4.59273 0.5
1 158.357 83.2194 -75.9489 0.5
1 130.293 164.125 -22.8712 0.5
1 133.748 -26.5717 48.6589 0.5
1 131.778 100.478 93.1892 0.5
1 113.346 86.5165 99.5369 0.5
1 121.469 41.2216 91.2811 0.5
1 155.299 -5.10751 -95.8313 0.5
1 163.455 -9.07089 -98.2911 0.5
1 163.099 109.924 2.47223 0.5
1 127.973 -29.1347 3.764 0.5
1 134.222 6.33896 -84.4018 0.5
1 148.404 29.9443 -99.8507 0.5
1 143.926 138.722 29.4682 0.5
1 126.366 93.7406 97.9463 0.5
1 116.848 -9.91197 2.25519 0.5
1 127.085 119.807 88.012 0.5
1 149.078 12.5827 -97.6266 0.5
1 137.053 -34.5017 44.4664 0.5
1 114.094 62.2125 -94.5299 0.5
1 117.841 -1.35015 44.2157 0.5
1 139.271 122.811 -69.8239 0.5
1 151.419 97.2254 -74.1996 0.5
1 150.494 27.52 -99.9089 0.5
1 141.608 -48.8446 27.92 0.5
1 136.563 119.749 76.9755 0.5
1 136.496 45.6447 -99.4591 0.5
1 138.431 17.9999 -93.7935 0.5
1 142.204 21.6442 96.9521 0.5
1 133.073 130.956 72.3861 0.5
1 142.582 -54.362 5.43788 0.5
1 157.666 -24.0129 -90.1022 0.5
1 119.114 176.615 42.5901 0.5
1 136.507 19.4252 -93.0662 0.5
1 132.014 89.2697 -96.7007 0.5
1 132.134 136.577 -68.3562 0.5
1 124.474 6.20041 70.7673 0.5
1 134.647 115.77 82.4848 0.5
1 117.261 138.399 87.1431 0.5
1 126.738 -26.2976 -12.3704 0.5
1 123.529 7.15601 70.0799 0.5
1 140.553 -16.3249 75.7099 0.5
1 140.204 -48.5821 18.9322 0.5
1 161.65 43.2654 -95.1381 0.5
1 139.988 0.230238 -86.7444 0.5
1 126.544 -26.5502 -6.01118 0.5
1 147.133 -53.474 -41.2811 0.5
1 165.644 39.7177 93.9803 0.5
1 151.509 118.38 -46.8421 0.5
1 130.741 123.934 -81.5091 0.5
1 141.993 66.8394 97.9118 0.5
1 165.365 104.365 18.1717 0.5
1 157.209 6.57174 -99.0729 0.5
1 160.413 -85.0355 -8.4565 0.5
1 137.26 154.633 -3.91034 0.5
1 141.426 -45.7221 -36.2084 0.5
1 136.002 -30.6432 -48.3573 0.5
1 136.999 124.669 71.8923 0.5
1 132.209 10.0802 84.5633 0.5
1 161.498 -47.7896 79.6095 0.5
1 148.904 129.948 29.954 0.5
1 140.785 -8.86434 81.8376 0.5
1 148.572 41.6398 -99.787 0.5
1 164.973 -81.9869 46.1849 0.5
1 137.394 -45.4782 -3.02801 0.5
1 128.803 -20.5816 43.717 0.5
1 133.895 36.4461 -97.0549 0.5
1 142.695 142.917 21.6763 0.5
1 117.029 184.31 -32.5352 0.5
1 145.983 17.2533 -97.4712 0.5
1 159.061 116.538 9.04031 0.5
1 145.562 66.2869 -96.5721 0.5
1 120.674 145.148 -78.6878 0.5
1 112.286 172.857 66.2652 0.5
1 121.41 65.1736 98.5464 0.5
1 120.298 -7.60034 -39.9172 0.5
1 129.242 156.538 -47.6036 0.5
1 125.284 84.2943 -99.6083 0.5
1 114.352 6.6458 -47.9735 0.5
1 139.958 49.2771 -99.9971 0.5
1 123.146 36.6419 -90.5134 0.5
1 134.079 9.46281 86.1622 0.5
1 162.678 -61.4802 -69.2269 0.5
1 114.963 67.5227 -96.6131 0.5
1 121.702 -16.5242 18.9911 0.5
1 118.402 148.179 -79.3888 0.5
1 162.695 -81.4262 39.0043 0.5
1 154.63 -42.3202 -74.2878 0.5
1 166.388 97.9892 34.8499 0.5
1 116.173 40.6061 86.2377 0.5
1 157.477 11.8498 -99.692 0.5
1 161.608 -82.3394 -31.5969 0.5
1 166.572 -43.8623 87.8355 0.5
1 164.31 105.879 -19.7915 0.5
1 154.276 -49.0484 66.9454 0.5
1 128.901 50.1964 -98.1804 0.5
1 166.01 -89.4597 33.0731 0.5
1 123.532 145.011 74.6627 0.5
1 113.026 8.13181 46.4601 0.5
1 149.326 -32.6249 -74.7421 0.5
1 144.843 -31.9217 67.8106 0.5
2 168 -42.6384 -87.3277 0.5
2 180.126 -55.072 -57.0072 0.5
2 192.36 56.1953 -99.686 0.5
2 179.303 0.0164629 -96.6558 0.5
2 186.297 -49.3381 -49.1038 0.5
2 219.039 153.685 80.5945 0.5
2 216.477 182.046 -39.1997 0.5
2 201.408 147.919 54.3061 0.5
2 219.716 179.995 53.736 0.5
2 174.461 -67.9136 52.3713 0.5
2 215.384 6.81672 -58.1722 0.5
2 213.248 -5.19234 44.309 0.5
2 177.702 75.2292 85.2083 0.5
2 218.78 178.511 -53.5188 0.5
2 193.849 -37.8506 46.1645 0.5
2 207.998 158.38 55.7516 0.5
2 199.184 131.88 69.6218 0.5
2 180.521 15.9222 -99.2954 0.5
2 182.522 70.4635 91.9853 0.5
2 199.971 3.67727 -81.6157 0.5
2 206.622 64.9616 -99.678 0.5
2 173.897 -80.3004 -25.8605 0.5
2 169.463 -67.0611 -65.3651 0.5
2 210.795 42.355 -92.5588 0.5
2 172.521 82.1186 73.1317 0.5
2 181.396 89.2936 79.995 0.5
2 169.847 -60.345 71.7771 0.5
2 168.01 -60.2545 -74.8115 0.5
2 218.035 190.737 19.9507 0.5
2 211.323 161.914 58.9288 0.5
2 215.633 74.1451 98.9515 0.5
2 202.461 -24.9608 -42.0396 0.5
2 202.037 163.014 20.0193 0.5
2 182.756 79.4144 87.8513 0.5
2 187 -18.125 82.0821 0.5
2 218.89 141.248 88.2565 0.5
2 175.988 -66.9844 49.4733 0.5
2 219.958 46.6116 -86.9087 0.5
2 193.772 147.957 23.3538 0.5
2 170.76 106.947 -27.7141 0.5
2 213.98 8.01616 62.9396 0.5
2 186.906 -50.2552 45.4272 0.5
2 173.275 73.2139 -81.4671 0.5
2 219.036 182.024 48.3345 0.5
2 196.562 151.039 29.7131 0.5
2 187.816 -52.4374 37.1468 0.5
2 188.584 -26.3669 -73.2252 0.5
2 176.216 89.715 71.9979 0.5
2 219.337 64.6372 95.2783 0.5
2 221.729 17.0187 -57.0538 0.5
2 215.892 186.537 22.2126 0.5
2 197.377 129.433 68.9098 0.5
2 183.075 -43.4089 65.4531 0.5
2 169.795 -85.8249 -31.169 0.5
2 200.572 160.195 21.3461 0.5
2 210.965 172.938 -38.1507 0.5
2 219.813 56.71 -92.032 0.5
2 207.886 68.6386 -99.7865 0.5
2 204.221 32.6251 -93.2194 0.5
2 175.247 82.8984 76.6188 0.5
2 173.949 -16.6885 94.3711 0.5
2 179.016 -47.1935 69.0246 0.5
2 202.471 152.679 49.5013 0.5
2 184.541 91.4038 -82.3931 0.5
2 180.505 23.9494 -99.928 0.5
2 198.103 158.219 1.03788 0.5
2 190.154 95.7748 85.8279 0.5
2 173.846 32.6304 98.6427 0.5
2 194.778 -35.2263 -48.0641 0.5
2 220.935 -0.383452 -19.1304 0.5
2 173.976 78.4554 -78.4446 0.5
2 202.958 -32.4768 -13.3136 0.5
2 203.299 113.081 88.8661 0.5
2 221.876 183.375 -54.2981 0.5
2 184.531 -20.1409 -83.6099 0.5
2 171.386 103.455 40.3336 0.5
2 215.557 139.381 -86.0623 0.5
2 213.825 75.3455 99.4877 0.5
2 183.596 58.9399 96.6034 0.5
2 174.345 -77.009 -33.8896 0.5
2 169.425 88.2988 60.3373 0.5
2 182.754 73.628 90.7571 0.5
2 181.739 -35.3555 75.7898 0.5
2 192.075 -52.057 5.64334 0.5
2 212.954 69.4024 98.9366 0.5
2 212.333 -6.17473 -45.5073 0.5
2 197.806 -8.61742 74.838 0.5
2 175.642 -46.0197 75.7004 0.5
2 211.292 167.625 50.0805 0.5
2 181.535 25.931 99.9353 0.5
2 192.495 -35.6786 -53.9635 0.5
2 201.13 9.45684 84.1601 0.5
2 173.626 -69.6673 51.8697 0.5
2 213.312 144.478 -80.067 0.5
2 177.897 12.517 -99.4249 0.5
2 218.847 168.133 -67.2838 0.5
2 204.359 -15.1935 53.8646 0.5
2 204.068 111.882 90.127 0.5
2 221.584 15.4451 55.1026 0.5
2 183.213 118.333 51.199 0.5
2 197.281 156.643 -5.6056 0.5
2 181.65 121.353 40.0587 0.5
2 179.448 79.0852 -84.6922 0.5
2 181.235 -17.5882 -88.4804 0.5
2 200.93 1.00787 -78.3705 0.5
2 189.055 -11.62 -84.0551 0.5
2 201.531 114.372 -86.4809 0.5
2 198.34 30.9061 96.0788 0.5
2 183.692 92.0255 -80.9139 0.5
2 196.162 9.07602 -88.902 0.5
2 214.223 137.716 -85.6758 0.5
2 221.278 88.7314 99.535 0.5
2 186.249 -44.2928 57.2575 0.5
2 219.795 77.0582 98.2288 0.5
2 202.935 34.6546 -94.7621 0.5
2 204.298 -30.8847 -5.68326 0.5
2 196.811 -38.4405 32.9195 0.5
2 219.204 79.4875 98.825 0.5
2 204.224 32.4801 93.1612 0.5
2 212.876 85.7141 99.9819 0.5
2 196.92 -24.6084 -58.9395 0.5
2 188.573 -54.9741 -25.5093 0.5
2 187.076 68.419 -95.6131 0.5
2 211.086 36.9771 89.9298 0.5
2 209.254 54.2484 -97.2503 0.5
2 197.237 131.756 -66.1082 0.5
2 180.68 21.2316 99.7675 0.5
2 221.926 109.405 99.507 0.5
2 206.018 69.5428 -99.9714 0.5
2 213.56 65.0983 -98.0002 0.5
2 174.043 24.9702 99.6449 0.5
2 214.922 153.994 -74.5611 0.5
2 209.921 159.211 59.3046 0.5
2 172.029 31.4357 -98.2976 0.5
2 181.203 126.317 -22.8059 0.5
2 195.676 85.0456 -95.0655 0.5
2 170.802 5.56358 -99.8555 0.5
2 187.441 -11.041 -86.1363 0.5
2 201.064 152.031 46.2191 0.5
2 186.252 95.3596 81.7017 0.5
2 174.211 -66.5073 -55.2527 0.5
2 198.946 119.51 80.1302 0.5
2 186.147 32.7352 99.8857 0.5
2 196.869 -22.9364 61.2801 0.5
2 212.827 107.167 -97.2139 0.5
2 175.285 -71.6582 -42.8377 0.5
2 195.479 -45.7613 10.5634 0.5
2 180.043 122.71 28.7862 0.5
2 177.314 75.6396 -84.5342 0.5
2 193.669 51.8183 99.9919 0.5
2 167.406 -75.0791 -59.8191 0.5
2 215.316 173.253 52.3305 0.5
2 171.454 82.015 -71.4647 0.5
2 169.531 -82.4173 -41.122 0.5
2 190.282 99.7601 83.4621 0.5
2 182.294 -27.1662 -81.4559 0.5
2 196.624 142.697 49.2428 0.5
2 192.915 -27.2258 -64.4459 0.5
3 299.77 85.044 98.8753 0.5
3 303.701 174.525 -66.6781 0.5
3 238.793 193.694 -34.9482 0.5
3 242.647 147.001 88.2659 0.5
3 257.225 106.081 99.815 0.5
3 294.652 137.103 92.862 0.5
3 257.843 199.581 9.14605 0.5
3 288.147 139.761 -91.7555 0.5
3 229.809 180.174 -59.7667 0.5
3 323.944 0.722567 11.9996 0.5
3 260.278 182.789 56.0891 0.5
3 275.74 97.0095 -99.9553 0.5
3 326.492 27.734 -69.1204 0.5
3 264.158 12.6322 -48.6504 0.5
3 226.588 53.9858 -88.7845 0.5
3 320.706 128.733 -95.7831 0.5
3 247.854 19.1614 -58.8653 0.5
3 230.361 199.15 13.0115 0.5
3 275.815 79.1413 97.8004 0.5
3 257.943 9.52566 42.5957 0.5
3 312.556 199.996 0.899694 0.5
3 309.994 144.332 -89.6364 0.5
3 261.401 27.1437 -68.4979 0.5
3 225.416 120.029 97.9737 0.5
3 290.34 143.85 -89.8733 0.5
3 323.198 83.698 -98.6623 0.5
3 292.062 179.951 60.0658 0.5
3 308.783 109.814 99.5173 0.5
3 288.977 25.4429 -66.6426 0.5
3 297.988 190.58 -42.371 0.5
3 252.226 172.027 -69.3697 0.5
3 246.716 180.893 -58.7909 0.5
3 289.08 198.603 -16.6564 0.5
3 309.002 73.2355 -96.3517 0.5
3 270.639 124.938 -96.8405 0.5
3 326.252 5.71789 33.3299 0.5
3 246.892 10.9106 45.4211 0.5
3 241.082 91.5593 -99.6431 0.5
3 297.776 3.37041 -25.7434 0.5
3 296.101 108.507 -99.6375 0.5
3 284.734 197.843 20.6568 0.5
3 302.731 57.9458 90.7273 0.5
3 318.056 37.8071 78.3073 0.5
3 234.042 54.2389 -88.9152 0.5
3 288.815 152.349 85.2033 0.5
3 290.465 104.469 99.9001 0.5
3 308.047 86.8795 -99.1355 0.5
3 253.713 179.451 60.7256 0.5
3 297.777 199.992 -1.2445 0.5
3 235.823 152.023 85.4029 0.5
3 256.505 1.43657 16.8893 0.5
3 294.323 169.02 -72.3616 0.5
3 328.738 184.537 53.4175 0.5
3 325.255 46.274 84.3417 0.5
3 250.302 88.4118 99.3263 0.5
3 260.368 85.1282 98.888 0.5
3 261.402 191.331 -40.7261 0.5
3 303.264 199.476 -10.2234 0.5
3 291.925 123.037 -97.3103 0.5
3 270.115 194.256 33.4047 0.5
3 257.388 84.4181 98.7786 0.5
3 239.039 199.733 -7.30254 0.5
3 312.774 66.9559 94.3827 0.5
3 244.337 146.225 88.6748 0.5
3 319.714 170.639 70.7819 0.5
3 222.258 1.12112 -14.9321 0.5
3 243.224 96.5724 99.9412 0.5
3 331.419 1.20666 15.488 0.5
3 255.251 53.66 -88.6149 0.5
3 240.625 0.493221 -9.91972 0.5
3 242.892 114.269 -98.9768 0.5
3 227.425 17.7401 -56.8622 0.5
3 323.696 96.588 99.9418 0.5
3 270.757 67.7105 -94.6435 0.5
3 302.244 26.1191 67.3915 0.5
3 247.549 182.579 56.3977 0.5
3 299.737 162.897 -77.7431 0.5
3 269.551 132.857 94.4478 0.5
3 295.956 198.998 14.1216 0.5
3 231.907 52.6514 88.0801 0.5
3 291.974 0.00231654 -0.680664 0.5
3 312.123 63.5849 93.134 0.5
3 289.509 196.328 -26.8512 0.5
3 259.838 106.941 -99.7588 0.5
3 229.117 173.819 -67.4598 0.5
3 322.413 125.621 -96.6622 0.5
3 304.524 123.033 -97.3113 0.5
3 276.239 104.624 -99.893 0.5
3 306.657 122.909 -97.3406 0.5
3 223.823 187.672 -48.1009 0.5
3 240.975 27.1052 -68.4569 0.5
3 227.438 113.84 99.0376 0.5
3 286.515 196.865 24.8434 0.5
3 229.066 180.107 59.857 0.5
3 280.634 1.01679 -14.224 0.5
3 241.371 195.103 -30.9106 0.5
3 237.256 105.809 -99.8311 0.5
3 328.426 188.137 47.2422 0.5
3 243.005 71.7554 -95.9283 0.5
3 278.74 149.785 -86.7264 0.5
3 232.717 199.843 -5.59445 0.5
3 280.819 7.7197 -38.5272 0.5
3 297.71 33.6495 -74.8172 0.5
3 225.802 199.946 -3.29294 0.5
3 222.547 192.762 -37.3537 0.5
3 234.282 199.483 10.1534 0.5
3 225.447 199.723 7.43629 0.5
3 268.469 143.265 90.1561 0.5
3 319.066 200 0.0408405 0.5
3 324.273 83.0703 98.5565 0.5
3 236.554 79.105 97.7926 0.5
3 260.642 104.465 -99.9003 0.5
3 236.978 84.7716 98.8337 0.5
3 278.899 110.072 -99.4914 0.5
3 266.352 171.12 -70.2992 0.5
3 275.847 40.3101 80.2317 0.5
3 314.128 1.73882 -18.5672 0.5
3 314.2 3.545e-06 -0.0266271 0.5
3 299.04 199.887 4.74975 0.5
3 232.985 198.946 -14.4819 0.5
3 294.5 0.193627 -6.21997 0.5
3 267.245 173.47 67.8393 0.5
3 288.476 25.5201 66.7289 0.5
3 244.06 41.1084 80.8194 0.5
3 242.799 77.8229 97.5099 0.5
3 223.84 178.97 61.3498 0.5
3 310.734 199.03 13.8941 0.5
3 325.585 56.3362 89.9637 0.5
3 274.321 174.829 -66.3373 0.5
3 291.992 2.51192 -22.2727 0.5
3 258.853 23.9221 -64.9011 0.5
3 239.356 166.374 74.7966 0.5
3 314.304 96.7304 99.9465 0.5
3 320.988 155.256 83.3473 0.5
3 291.975 8.06633 39.3472 0.5
3 272.782 154.882 -83.594 0.5
3 299.759 143.495 -90.0455 0.5
3 328.252 14.8202 52.387 0.5
3 292.35 1.40499 -16.704 0.5
3 234.368 23.2572 -64.1135 0.5
3 250.744 0.503059 -10.0179 0.5
3 295.351 188.618 46.3343 0.5
3 252.834 196.637 25.7138 0.5
3 270.79 78.8149 -97.7302 0.5
3 266.565 18.9212 58.534 0.5
3 324.622 8.17614 -39.6028 0.5
3 274.042 146.596 -88.4808 0.5
3 315.58 126.688 96.3731 0.5
3 311.135 86.1269 -99.033 0.5
3 284.724 17.5351 -56.5644 0.5
3 320.927 18.8566 58.4444 0.5
3 285.781 189.996 43.5964 0.5
3 258.021 30.5641 -71.9629 0.5
3 261.527 42.3004 81.6747 0.5
3 282.687 119.655 -98.0494 0.5
3 299.763 16.4531 54.9537 0.5
3 264.87 171.884 69.5177 0.5
3 233.37 190.166 -43.2438 0.5
3 311.93 193.371 35.8028 0.5
4 360.756 93.713 91.1134 0.5
4 374.509 -33.1221 78.615 0.5
4 346.38 19.6859 -81.6628 0.5
4 362.347 -4.85877 83.7746 0.5
4 338.384 159.514 -73.0777 0.5
4 344.584 24.5794 82.8942 0.5
4 368.187 82.6683 -90.265 0.5
4 386.428 -86.3176 -33.1232 0.5
4 370.751 -63.3496 17.0209 0.5
4 338.144 168.376 64.1547 0.5
4 356.659 -29.2888 45.8145 0.5
4 371.4 -63.4003 22.3652 0.5
4 360.128 -5.56485 80.6274 0.5
4 387.141 97.6367 -41.8242 0.5
4 351.615 -24.9577 36.0079 0.5
4 363.009 -49.962 -16.8914 0.5
4 366.393 10.9004 94.796 0.5
4 358.412 153.76 23.5082 0.5
4 365.929 142.428 14.8895 0.5
4 338.165 123.748 -94.702 0.5
4 367.719 -37.0538 63.2009 0.5
4 355.129 141.874 60.495 0.5
4 359.405 -21.4411 64.6584 0.5
4 373.231 83.0209 -85.3403 0.5
4 341.666 88.9971 99.9412 0.5
4 353.846 155.291 41.855 0.5
4 384.62 -61.9279 -68.2415 0.5
4 372.926 9.40465 -97.5459 0.5
4 358.229 58.244 -99.9907 0.5
4 346.691 171.305 32.8766 0.5
4 364.727 -10.7481 82.5963 0.5
4 342.149 3.23952 -57.9589 0.5
4 363.043 128.002 -60.7122 0.5
4 369.036 135.005 24.9267 0.5
4 383.601 112.655 -7.4672 0.5
4 388.05 104.998 -6.76909 0.5
4 365.091 143.507 -17.1867 0.5
4 351.793 -28.6905 -25.4106 0.5
4 342.38 48.65 93.418 0.5
4 351.949 109.398 90.9179 0.5
4 377.547 -76.2729 7.83288 0.5
4 378.281 83.5397 -78.9371 0.5
4 384.87 31.1688 97.8903 0.5
4 368.148 -28.152 -73.4584 0.5
4 334.3 129.607 94.9815 0.5
4 336.745 128.867 93.7586 0.5
4 386.624 -88.8971 -25.8743 0.5
4 373.608 -49.6637 60.1253 0.5
4 378.253 13.5327 99.6239 0.5
4 373.21 117.346 -50.3243 0.5
4 337.74 0.525795 39.5608 0.5
4 370.029 136.425 -1.74399 0.5
4 341.086 69.1077 -98.4633 0.5
4 371.154 117.672 -55.5086 0.5
4 381.137 19.416 99.9755 0.5
4 376.394 121.639 27.2275 0.5
4 355.09 136.191 -67.3982 0.5
4 336.234 134.323 -91.9338 0.5
4 387.141 10.6053 -99.9276 0.5
4 378.5 121.314 -9.53088 0.5
4 386.159 108.476 -2.31017 0.5
4 351.795 4.25286 77.0282 0.5
4 355.596 138.512 63.7183 0.5
4 360.648 95.7665 90.2464 0.5
4 367.596 135.299 -32.2895 0.5
4 384.747 110.612 -8.20536 0.5
4 368.602 -60.2542 12.8798 0.5
4 385.825 -69.0527 62.41 0.5
4 360.376 21.0864 94.7166 0.5
4 356.763 64.86 99.8519 0.5
4 360.904 66.1589 -99.0275 0.5
4 356.69 -34.9551 -32.7086 0.5
4 354.243 69.6668 99.8267 0.5
4 366.8 141.957 -3.90751 0.5
4 340.09 10.8406 63.2488 0.5
4 366.509 117.67 -65.9925 0.5
4 372.377 96.4802 -76.749 0.5
4 354.958 -25.4838 -47.4428 0.5
4 385.324 -12.7152 97.3976 0.5
4 337.551 -6.6471 11.4468 0.5
4 360.254 -16.934 -71.1137 0.5
4 358.201 -0.854805 81.6158 0.5
4 359.361 140.684 -51.4228 0.5
4 384.259 -45.9635 81.6332 0.5
4 343.032 128.411 89.1964 0.5
4 371.774 130.055 -25.7229 0.5
4 380.741 -81.0343 -14.6402 0.5
4 380.045 115.612 -26.1592 0.5
4 355.293 139.947 62.6002 0.5
4 374.726 127.155 -15.1226 0.5
4 362.176 145.222 30.675 0.5
4 355.321 101.847 91.6818 0.5
4 335.01 -2.8689 2.661 0.5
4 369.486 84.1087 88.4118 0.5
4 344.052 75.1637 99.8031 0.5
4 377.236 123.908 3.14044 0.5
4 363.441 69.5748 -97.6121 0.5
4 333.757 156.908 81.7157 0.5
4 367.37 -58.0194 -13.6311 0.5
4 378.493 -76.9715 -15.7453 0.5
4 376.225 -69.1716 31.5836 0.5
4 379.605 83.6675 76.9933 0.5
4 358.223 108.337 -85.751 0.5
4 346.885 85.3987 -99.6058 0.5
4 363.776 43.6244 99.9335 0.5
4 340.531 96.7104 99.5781 0.5
4 372.06 120.492 48.2899 0.5
4 358.096 156.908 -6.34214 0.5
4 387.96 103.742 18.0466 0.5
4 355.286 140.788 -61.5545 0.5
4 335.846 176.393 -58.9934 0.5
4 337.757 17.5036 -66.3318 0.5
4 335.955 93.2185 -99.9749 0.5
4 373.217 -29.1042 -79.9827 0.5
4 356.26 90.7154 95.2592 0.5
4 352.74 -11.4701 62.7552 0.5
4 352.751 86.6332 -97.9249 0.5
4 354.293 47.4692 -98.6745 0.5
4 383.427 95.3055 57.1353 0.5
4 372.041 -42.0567 -66.1296 0.5
4 356.588 117.456 81.6511 0.5
4 344.972 87.7893 -99.6837 0.5
4 371.375 66.2033 94.7104 0.5
4 358.951 38.7124 -98.5586 0.5
4 359.595 -38.1668 -37.5549 0.5
4 366.943 117.384 65.4592 0.5
4 375.362 91.5139 -76.5791 0.5
4 384.521 28.2575 -98.5587 0.5
4 343.291 28.1328 -83.7655 0.5
4 352.884 74.8064 -99.6235 0.5
4 340.313 -7.53386 29.8365 0.5
4 354.225 93.8208 95.3919 0.5
4 380.175 -64.1487 -55.751 0.5
4 360.628 -4.61557 -81.9279 0.5
4 359.352 7.42116 87.9919 0.5
4 358.873 37.6442 -98.3447 0.5
4 345.121 -2.54212 57.0572 0.5
4 371.834 14.3311 98.1816 0.5
4 347.472 174.836 11.6023 0.5
4 378.438 20.9769 -99.9959 0.5
4 388.203 60.2467 83.3295 0.5
4 381.516 116.006 10.3743 0.5
4 350.398 159.062 46.3304 0.5
4 338.617 42.2118 -87.3757 0.5
4 383.68 -35.341 -87.6509 0.5
4 358.902 -42.858 16.8394 0.5
4 381.844 98.3913 -56.6376 0.5
4 355.829 9.19624 -85.5141 0.5
4 377.955 122.576 -5.23774 0.5
4 363.741 49.8992 -99.9671 0.5
4 362.169 148.017 20.0832 0.5
4 368.653 -55.4406 33.378 0.5
4 343.616 12.1339 -71.3597 0.5
4 336.695 101.997 99.6937 0.5
4 334.343 1.20669 24.1352 0.5
4 364.304 24.4341 -97.5674 0.5
4 375.189 -72.1341 8.51103 0.5
4 337.738 -7.26153 -8.57474 0.5
4 351.892 -28.318 27.3966 0.5
5 383.431 -27.0066 -97.6992 0.5
5 336.309 -163.637 64.5912 0.5
5 364.95 -19.899 98.405 0.5
5 339.998 -152.469 -69.8499 0.5
5 347.419 9.42598 -63.2226 0.5
5 354.323 -50.2825 -99.8309 0.5
5 368.179 48.5703 -59.1011 0.5
5 379.304 82.7924 -29.2725 0.5
5 369.24 0.0386431 -95.2999 0.5
5 363.224 -98.4379 81.6323 0.5
5 379.849 -106.363 -32.7623 0.5
5 356.965 -128.203 -64.1846 0.5
5 358.732 -48.9244 99.9989 0.5
5 361.954 -110.815 73.3792 0.5
5 340.335 -117.732 -92.7392 0.5
5 385.361 87.1692 44.597 0.5
5 352.632 39.7748 -15.4593 0.5
5 354.033 -130.503 -67.3647 0.5
5 364.759 -91.8164 -84.2964 0.5
5 349.725 18.0286 57.1118 0.5
5 375.374 47.8703 -73.7776 0.5
5 361.589 50.2642 -34.7346 0.5
5 347.689 -33.7891 -94.1161 0.5
5 381.53 90.5933 9.32066 0.5
5 351.979 -10.473 86.7856 0.5
5 352.937 -29.1275 95.5902 0.5
5 372.842 54.1656 -62.3467 0.5
5 366.052 -7.61817 95.9528 0.5
5 385.999 -99.7673 17.0431 0.5
5 360.522 -20.2281 -96.791 0.5
5 350.553 10.8631 -67.8206 0.5
5 385.618 -100.135 -18.6553 0.5
5 364.599 58.7895 -23.9631 0.5
5 376.007 -44.0159 -96.6997 0.5
5 374.95 4.13483 96.9516 0.5
5 342.24 -162.372 52.1116 0.5
5 334.512 3.21491 -35.1355 0.5
5 349.409 -64.8947 99.9996 0.5
5 345.924 -5.62264 75.9758 0.5
5 333.781 1.29938 36.8235 0.5
5 381.03 -58.5476 87.3339 0.5
5 361.529 -91.3005 87.8973 0.5
5 361.701 -136.402 -36.5373 0.5
5 346.503 -141.881 -69.1463 0.5
5 369.445 46.856 -64.0946 0.5
5 346.137 -170.257 1.74792 0.5
5 380.695 -42.3473 -94.7654 0.5
5 336.377 11.3976 -16.8174 0.5
5 356.233 -41.7355 -99.3874 0.5
5 365.528 -125.305 -46.3357 0.5
5 362.51 19.1293 79.2061 0.5
5 352.939 -89.6229 95.0307 0.5
5 383.183 -34.6118 95.8514 0.5
5 338.815 -95.096 -99.2604 0.5
5 385.548 61.4631 -77.2714 0.5
5 384.339 38.5801 90.4323 0.5
5 367.073 -68.2105 -93.9701 0.5
5 373.482 -63.7927 -91.2612 0.5
5 382.385 -79.3507 69.5417 0.5
5 355.11 -5.21354 -86.8792 0.5
5 388.724 -48.9738 -85.1325 0.5
5 387.424 -82.3797 -54.8471 0.5
5 373.098 -80.2719 -82.3745 0.5
5 352.058 -151.347 -40.7304 0.5
5 343.503 6.19138 58.6059 0.5
5 382.418 -91.1661 54.6692 0.5
5 380.696 -108.855 17.598 0.5
5 351.278 38.4474 6.06242 0.5
5 373.938 -12.8158 99.5661 0.5
5 378.931 54.3305 73.5032 0.5
5 334.804 -55.6882 -93.9648 0.5
5 335.293 -189.048 1.24733 0.5
5 374.699 50.8834 -69.7208 0.5
5 386.004 56.3106 81.7927 0.5
5 337.194 -119.668 -94.0768 0.5
5 385.354 26.0739 95.8758 0.5
5 375.848 80.4303 -12.2813 0.5
5 379.671 61.858 -67.207 0.5
5 384.812 -67.1605 -76.9422 0.5
5 358.493 -148.713 5.65318 0.5
5 364.661 -116.521 62.1623 0.5
5 382.048 -107.966 4.66752 0.5
5 349.784 23.249 -48.9396 0.5
5 353.986 -114.443 81.6292 0.5
5 335.919 -187.446 10.2419 0.5
5 362.304 46.5571 -45.9304 0.5
5 369.102 -108.903 -62.0683 0.5
5 347.292 -15.0665 -84.6705 0.5
5 339.029 -7.72259 -66.3005 0.5
5 386.732 -7.92418 99.6825 0.5
5 381.237 -34.7227 96.7614 0.5
5 356.666 34.1432 50.7258 0.5
5 341.709 15.351 36.0039 0.5
5 386.3 -23.1859 97.4412 0.5
5 347.456 -152.476 -53.4967 0.5
5 361.933 27.2709 -71.2321 0.5
5 338.531 -50.2867 -94.3415 0.5
5 378.664 -105.177 40.9267 0.5
5 355.185 -120.836 74.9208 0.5
5 385.707 -16.1666 -98.9533 0.5
5 378.293 63.8115 62.0896 0.5
5 334.636 -149.734 80.3429 0.5
5 383.567 91.9421 -22.7183 0.5
5 368.569 67.497 14.672 0.5
5 386.243 73.826 -66.5565 0.5
5 341.747 20.7272 16.6531 0.5
5 384.563 78.0789 57.5266 0.5
5 375.98 42.9108 -78.8567 0.5
5 382.769 86.6338 -35.5711 0.5
5 345.007 -147.498 65.839 0.5
5 364.254 -126.549 -48.1312 0.5
5 355.345 7.04935 -78.9507 0.5
5 351.715 -134.682 -67.1838 0.5
5 348.099 -163.607 -25.3601 0.5
5 374.407 14.6899 -93.2961 0.5
5 356.463 -152.334 -3.31028 0.5
5 366.718 21.8172 -82.5483 0.5
5 365.595 -135.985 10.8039 0.5
5 354.433 -138.735 -56.0265 0.5
5 367.031 -129.034 -31.3757 0.5
5 370.73 -58.7404 -95.0531 0.5
5 379.327 59.6271 -68.9663 0.5
5 369.367 2.96138 -94.3985 0.5
5 355.549 37.3646 -40.7145 0.5
5 371.856 -76.3911 86.2158 0.5
5 378.138 -109.85 31.2133 0.5
5 380.696 -81.7163 -70.1154 0.5
5 372.802 -92.0647 -73.3427 0.5
5 354.732 -145.669 43.0003 0.5
5 377.342 -81.6726 -75.6086 0.5
5 356.598 -64.6837 -99.2119 0.5
5 338.111 -36.0645 -87.666 0.5
5 357.119 -53.536 99.9739 0.5
5 353.115 -74.6526 98.6352 0.5
5 347.432 -110.765 -90.4087 0.5
5 341.384 -116.511 -92.4967 0.5
5 376.796 -116.169 -14.1184 0.5
5 350.78 -12.7958 86.9258 0.5
5 351.397 31.9491 -36.471 0.5
5 349.659 -95.2436 -95.0506 0.5
5 333.834 2.77653 -33.1127 0.5
5 352.283 -53.3927 -99.8054 0.5
5 365.624 49.7382 50.5899 0.5
5 359.3 -96.1505 87.3533 0.5
5 349.292 -160.29 29.7225 0.5
5 358.6 -85.8863 -92.8239 0.5
5 379.354 -100.434 -48.0587 0.5
5 377.857 22.2674 92.6618 0.5
5 364.21 21.9153 79.3283 0.5
5 337.262 2.16525 47.8478 0.5
5 354.771 25.0508 -59.503 0.5
5 373.11 -51.311 -96.0709 0.5
5 379.343 -96.1401 -55.2046 0.5
5 338.865 1.91897 53.0199 0.5
5 355.872 -72.8909 98.0844 0.5
5 346.521 -15.8352 84.3118 0.5
5 372.94 -94.2923 -70.9774 0.5
5 345.607 -131.794 79.5448 0.5
5 384.229 67.4202 -69.6906 0.5
5 347.045 -165.308 25.8295 0.5
5 335.999 2.20498 43.5116 0.5
5 383.05 75.9371 56.8395 0.5
6 421.072 -13.9689 61.9734 0.5
6 372.219 -45.9195 -88.515 0.5
6 357.189 -75.6913 -98.5857 0.5
6 333.371 -147.551 83.4499 0.5
6 439.601 7.27332 -7.43244 0.5
6 430.6 -118.245 96.6158 0.5
6 341.68 4.53362 24.3754 0.5
6 427.571 -36.7045 -83.0206 0.5
6 439.041 -111.722 98.1254 0.5
6 427.712 -3.095 44.8962 0.5
6 342.207 -101.489 99.5907 0.5
6 382.453 -12.6889 60.3171 0.5
6 361.177 3.47956 -28.2401 0.5
6 364.992 -118.392 96.5764 0.5
6 428.802 -68.8173 -97.1673 0.5
6 341.354 -1.50878 -41.5894 0.5
6 408.913 2.87777 30.2092 0.5
6 419.824 -117.135 96.9054 0.5
6 402.66 -189.429 24.3948 0.5
6 373.584 -143.155 86.192 0.5
6 430.741 -83.6964 99.6161 0.5
6 357.655 -54.8835 -92.6755 0.5
6 354.595 -15.6834 64.0849 0.5
6 412.482 -174.036 -57.8255 0.5
6 384.566 -191.792 11.4534 0.5
6 410.328 -186.684 -33.4668 0.5
6 334.954 -101.919 99.5507 0.5
6 380.231 -142.777 86.413 0.5
6 441.144 -4.72593 48.0049 0.5
6 399.226 -2.74198 -44.1866 0.5
6 423.857 4.00184 26.4012 0.5
6 346.762 -161.09 -72.7226 0.5
6 373.751 -0.116941 38.4004 0.5
6 338.758 -91.2378 -99.9927 0.5
6 401.451 -166.972 66.682 0.5
6 389.672 -45.7582 88.43 0.5
6 411.139 -190.683 18.7176 0.5
6 412.254 -125.153 -94.5014 0.5
6 388.001 -181.349 -45.7935 0.5
6 379.164 -0.950316 -40.3459 0.5
6 364.994 -54.1915 92.392 0.5
6 334.797 -124.867 94.5998 0.5
6 425.866 -119.032 96.4023 0.5
6 386.181 -175.344 -55.9335 0.5
6 400.135 -156.69 76.6372 0.5
6 350.115 4.96962 -22.5699 0.5
6 379.696 -35.3411 82.0888 0.5
6 372.15 -151.231 80.8998 0.5
6 443.267 -192.446 -0.906718 0.5
6 345.479 -25.9578 -74.6912 0.5
6 433.964 -1.11452 40.7163 0.5
6 401.844 2.86356 -30.2541 0.5
6 336.125 -102.049 99.5383 0.5
6 427.456 -192.391 3.44704 0.5
6 343.877 -62.6236 -95.4483 0.5
6 395.079 -86.9237 -99.8472 0.5
6 342.978 1.06035 35.4372 0.5
6 344.94 -111.474 -98.1739 0.5
6 347.321 -175.768 -55.3005 0.5
6 427.156 -39.2135 -84.6514 0.5
6 352.436 -172.102 -60.4617 0.5
6 384.265 -63.7806 95.8022 0.5
6 385.752 -161.473 -72.3591 0.5
6 381.47 -173.958 57.9343 0.5
6 388.155 -186.056 -35.185 0.5
6 347.576 -188.437 -28.0448 0.5
6 391.745 -79.4058 99.1456 0.5
6 423.078 7.54974 -0.186845 0.5
6 343.48 -0.427696 39.1392 0.5
6 344.489 -153.042 79.5527 0.5
6 388.848 -149.463 82.1553 0.5
6 373.635 -37.6947 -83.677 0.5
6 371.496 -163.557 -70.3119 0.5
6 412.853 -192.408 2.90739 0.5
6 361.151 -171.85 60.7923 0.5
6 361.857 -146.916 -83.8655 0.5
6 435.185 -71.7852 -97.8415 0.5
6 404.895 1.74775 33.5674 0.5
6 393.209 -10.3551 57.1001 0.5
6 376.017 -146.688 84.0135 0.5
6 369.805 -153.608 79.1182 0.5
6 357.235 -173.963 -57.9274 0.5
6 335.034 -20.4577 69.4054 0.5
6 361.214 -170.768 -62.1798 0.5
6 403.308 -42.053 86.3721 0.5
6 398.383 -182.69 -43.0896 0.5
6 406.345 -87.8505 99.8942 0.5
6 432.3 -192.393 3.3649 0.5
6 339.661 1.70594 -33.6844 0.5
6 360.155 -5.31707 -49.0697 0.5
6 433.47 7.50246 -3.08037 0.5
6 440.176 -89.6639 -99.9612 0.5
6 420.574 -12.0057 -59.4029 0.5
6 418.236 -31.142 79.002 0.5
6 434.581 -2.273 43.2214 0.5
6 353.144 -40.8791 -85.6763 0.5
6 423.226 -190.845 17.8425 0.5
6 347.124 -6.50922 -51.1289 0.5
6 364.748 -28.2468 -76.6677 0.5
6 383.95 -183.461 -41.4358 0.5
6 378.448 -57.0767 -93.5346 0.5
6 416.624 6.0405 17.309 0.5
6 416.704 -139.474 -88.2539 0.5
6 336.904 -169.594 -63.6305 0.5
6 342.078 -150.358 -81.5273 0.5
6 360.843 -152.85 79.6986 0.5
6 416.845 -56.0415 -93.1365 0.5
6 438.103 -62.2574 -95.3331 0.5
6 334.516 -159.023 74.6192 0.5
6 388.843 -64.4923 -96.0123 0.5
6 391.532 -102.692 -99.4741 0.5
6 391.022 -164.794 -69.0391 0.5
6 389.64 -15.3981 -63.7416 0.5
6 365.037 -171.047 61.827 0.5
6 436.797 -138.227 88.9072 0.5
6 404.167 -153.122 -79.4919 0.5
6 358.561 -31.0065 78.8967 0.5
6 342.532 -111.741 -98.1216 0.5
6 407.933 -17.6634 -66.3848 0.5
6 381.105 -38.7981 -84.3888 0.5
6 336.352 -191.023 16.8339 0.5
6 354.056 -109.768 -98.4891 0.5
6 403.812 -13.158 -60.9324 0.5
6 414.625 -129.642 92.8266 0.5
6 412.519 6.42868 14.9328 0.5
6 423.583 -183.691 40.9284 0.5
6 419.517 -46.0819 -88.6002 0.5
6 414.232 -189.593 23.7322 0.5
6 337.576 -98.6364 -99.8085 0.5
6 354.304 -144.331 85.4891 0.5
6 371.592 -70.0715 97.4638 0.5
6 367.777 -15.5536 -63.9291 0.5
6 404.879 -187.319 -31.6209 0.5
6 433.359 -75.9063 -98.622 0.5
6 417.072 -191.209 15.7086 0.5
6 366.062 -183.122 -42.1744 0.5
6 436.957 -188.183 28.9016 0.5
6 353.015 1.18972 35.094 0.5
7 490.4 -272.04 1.19227 0.5
7 488.797 -75.332 -34.2872 0.5
7 481.294 -56.4995 -6.6973 0.5
7 478.568 -204.845 84.6173 0.5
7 495.685 -172.142 -99.5888 0.5
7 456.516 -78.9009 -93.8759 0.5
7 468.226 -119.773 -99.0337 0.5
7 450.086 -137.372 -93.6184 0.5
7 480.963 -117.916 92.5866 0.5
7 458.135 -73.8394 -90.6019 0.5
7 457.483 -203.952 -45.7536 0.5
7 445.397 -43.2419 86.1018 0.5
7 474.699 -50.3528 32.7055 0.5
7 476.336 -82.044 75.4373 0.5
7 469.794 -53.7366 -56.3378 0.5
7 475.031 -63.5023 57.3423 0.5
7 499.71 -227.174 -92.0809 0.5
7 498.953 -282.447 29.3835 0.5
7 460.944 -45.6729 -65.7383 0.5
7 476.558 -247.859 6.53349 0.5
7 486.351 -114.648 -86.379 0.5
7 454.195 -193.745 -53.6254 0.5
7 485.23 -140.16 -97.3349 0.5
7 475.602 -70.5419 65.1389 0.5
7 470.359 -236.083 -15.7758 0.5
7 466.081 -51.3536 61.8577 0.5
7 454.454 -149.733 -91.6752 0.5
7 462.819 -106.051 -98.3251 0.5
7 485.381 -230.006 74.5487 0.5
7 460.996 -44.729 -64.5345 0.5
7 473.999 -172.72 -95.6783 0.5
7 456.794 -88.1618 96.6468 0.5
7 485.188 -78.9815 54.198 0.5
7 450.581 -151.33 87.5889 0.5
7 457.441 -206.868 -39.4092 0.5
7 453.949 -35.5842 67.9925 0.5
7 474.987 -171.414 96.544 0.5
7 474.577 -157.148 99.2149 0.5
7 465.867 -229.008 -10.4394 0.5
7 455.541 -148.251 -93.0692 0.5
7 468.053 -210.156 64.0269 0.5
7 495.146 -242.287 -78.4451 0.5
7 494.578 -90.0171 45.0699 0.5
7 477.08 -231.646 56.2653 0.5
7 498.493 -113.202 -68.4904 0.5
7 488.752 -163.516 99.8387 0.5
7 494.2 -122.449 82.7269 0.5
7 474.07 -44.954 -15.3908 0.5
7 495.461 -280.813 -0.384272 0.5
7 462.263 -168.312 89.3026 0.5
7 476.981 -49.3046 9.9856 0.5
7 492.465 -75.9688 8.2871 0.5
7 454.546 -107.857 -99.9782 0.5
7 478.979 -92.0122 79.809 0.5
7 476.677 -48.9085 11.2124 0.5
7 477.026 -59.9638 45.7531 0.5
7 446.175 -115.592 -97.9498 0.5
7 489.414 -79.2313 -41.2223 0.5
7 493.112 -248.608 -69.5393 0.5
7 495.366 -84.4603 27.3476 0.5
7 479.609 -247.887 -32.6183 0.5
7 445.069 -11.1268 -56.6514 0.5
7 466.967 -230.519 13.6936 0.5
7 446.492 -100.786 -99.8853 0.5
7 486.626 -169.495 99.9206 0.5
7 448.089 -161.598 -77.7938 0.5
7 490.763 -171.501 -99.9931 0.5
7 476.952 -235.892 49.0605 0.5
7 460.89 -188.353 73.8563 0.5
7 463.104 -38.9264 51.2927 0.5
7 488.826 -259.279 -43.6766 0.5
7 467.392 -152.946 -97.8235 0.5
7 475.106 -245.203 8.42578 0.5
7 499.804 -183.439 -99.88 0.5
7 499.035 -87.9704 -13.8759 0.5
7 451.781 -59.0511 88.737 0.5
7 478.75 -103.003 -87.2476 0.5
7 455.189 -103.827 99.7381 0.5
7 489.022 -124.482 -89.2123 0.5
7 463.074 -31.7078 -36.7329 0.5
7 465.527 -30.1631 15.4289 0.5
7 450.997 -203.58 6.61607 0.5
7 446.11 -89.7711 99.8451 0.5
7 493.876 -78.4551 8.79098 0.5
7 449.416 -39.6875 -78.951 0.5
7 481.956 -237.117 -60.406 0.5
7 453.629 -101.666 -99.7758 0.5
7 449.635 -198.37 24.5901 0.5
7 465.824 -171.194 -90.8846 0.5
7 469.174 -150.893 98.7741 0.5
7 487.204 -250.207 54.7286 0.5
7 452.379 -11.8127 33.0527 0.5
7 478.618 -61.2778 -42.8311 0.5
7 499.132 -91.9001 30.3867 0.5
7 491.657 -104.838 -72.0115 0.5
7 456.388 -71.2895 -90.8226 0.5
7 449.202 -86.8854 99.0426 0.5
7 458.303 -184.167 73.5853 0.5
7 450.809 -117.926 98.9501 0.5
7 462.096 -23.9712 13.7325 0.5
7 482.797 -96.1766 -77.9002 0.5
7 474.428 -65.1558 61.0157 0.5
7 459.674 -214.554 28.9227 0.5
7 447.46 -152.148 83.8599 0.5
7 489.382 -209.439 -92.016 0.5
7 460.12 -200.123 59.2976 0.5
7 479.187 -58.7746 -34.5264 0.5
7 473.617 -58.3217 53.2287 0.5
7 456.07 -28.02 53.3708 0.5
7 486.753 -98.1187 -73.6795 0.5
7 469.521 -192.221 82.6199 0.5
7 491.056 -269.678 -26.2436 0.5
7 446.957 -41.6238 83.3991 0.5
7 499.263 -100.786 49.9838 0.5
7 465.777 -107.685 97.6141 0.5
7 495.576 -125.82 83.3897 0.5
7 489.102 -218.852 -87.1423 0.5
7 472.108 -41.4503 -14.6963 0.5
7 451.688 -98.6687 -99.7996 0.5
7 487.043 -131.022 93.5959 0.5
7 478.101 -106.318 -89.5888 0.5
7 453.564 -76.3353 94.7719 0.5
7 486.814 -199.037 -94.3275 0.5
7 458.718 -216.337 -12.9098 0.5
7 492.694 -84.0308 -39.2153 0.5
7 494.289 -81.6788 23.8885 0.5
7 445.611 -103.822 -99.5618 0.5
7 481.066 -79.2787 64.282 0.5
7 491.766 -188.807 -98.9586 0.5
7 475.264 -104.049 -90.8527 0.5
7 485.58 -255.566 -39.5021 0.5
7 467.423 -127.028 99.8635 0.5
7 493.784 -78.3984 9.89298 0.5
7 457.16 -16.0872 -17.8872 0.5
7 496.239 -261.505 60.8651 0.5
7 481.732 -124.111 94.4249 0.5
7 490.85 -86.8912 51.1377 0.5
7 468.904 -35.2372 9.1726 0.5
7 466.424 -80.4878 86.5841 0.5
7 461.641 -68.7679 -84.5055 0.5
7 473.126 -241.679 -9.46636 0.5
7 493.537 -189.317 99.2972 0.5
7 469.938 -227.894 -40.8238 0.5
7 482.448 -198.679 91.4735 0.5
7 484.028 -79.8063 -58.3584 0.5
7 460.988 -154.164 -94.3776 0.5
7 461.158 -101.207 -97.9404 0.5
7 451.616 -13.6699 41.0147 0.5
7 447.608 -81.6221 98.6614 0.5
7 493.653 -201.833 97.0395 0.5
7 478.968 -61.1476 -41.2439 0.5
7 457.686 -65.2621 86.5315 0.5
7 496.486 -158.07 96.9474 0.5
7 478.388 -225.238 67.2653 0.5
7 462.985 -160.823 93.1945 0.5
7 457.779 -56.8166 80.9374 0.5
7 473.498 -241.468 16.0992 0.5
7 445.034 -131.772 -92.3746 0.5
7 480.267 -94.9215 80.3174 0.5
7 448.69 -84.5484 -98.8295 0.5
7 447.317 -22.9348 66.7177 0.5
7 466.756 -32.0624 -13.8786 0.5
7 493.635 -137.062 -91.3925 0.5
7 480.248 -202.478 87.7185 0.5
7 479.571 -61.4577 39.579 0.5
7 481.597 -233.086 64.6575 0.5
7 472.489 -73.7352 -73.9736 0.5
7 460.52 -198.266 -62.6127 0.5
7 448.042 -136.883 -92.4155 0.5
7 467.782 -84.8181 87.697 0.5
7 446.033 -103.088 99.6886 0.5
7 487.434 -202.307 93.5257 0.5
7 456.685 -35.4039 -62.2671 0.5
7 466.886 -186.7 -83.2647 0.5
7 461.383 -220.922 -13.1285 0.5
7 477.896 -128.727 -97.6253 0.5
7 447.644 -126.981 95.7061 0.5
8 507.889 -250.066 66.0808 0.5
8 514.015 -236.004 -69.8063 0.5
8 552.547 -130.077 -94.6005 0.5
8 513.946 -191.66 96.2466 0.5
8 524.532 -141.92 -99.909 0.5
8 502.335 -87.1734 -22.4092 0.5
8 526.54 -241.383 16.2189 0.5
8 514.365 -262.486 -16.123 0.5
8 529.178 -40.8225 -23.0183 0.5
8 521.54 -72.9133 -62.0076 0.5
8 505.02 -139.785 -91.5662 0.5
8 540.708 -52.0642 75.0365 0.5
8 500.999 -171.556 -98.809 0.5
8 531.672 -211.174 -63.372 0.5
8 538.468 -151.936 95.4284 0.5
8 528.88 -230.095 40.4771 0.5
8 538.733 -22.1391 -10.4937 0.5
8 535.054 -204.182 -64.7322 0.5
8 554.651 -193.824 -6.21169 0.5
8 535.675 -137.705 99.4128 0.5
8 504.361 -83.8186 -23.0649 0.5
8 529.163 -64.016 -67.0991 0.5
8 522.964 -206.223 -81.9395 0.5
8 516.605 -256.232 -26.884 0.5
8 524.099 -164.67 98.4147 0.5
8 548.04 -17.7472 -48.0131 0.5
8 525.069 -189.996 -89.4322 0.5
8 528.132 -88.2243 85.5834 0.5
8 501.453 -231.12 89.3223 0.5
8 552.403 -190.861 36.8803 0.5
8 537.794 -200.938 -62.9218 0.5
8 524.237 -246.695 0.47571 0.5
8 540.718 -37.7219 59.426 0.5
8 519.131 -170.937 98.8074 0.5
8 547.614 -6.41855 6.52439 0.5
8 520.038 -247.035 36.5865 0.5
8 532.813 -176.228 -89.6089 0.5
8 527.347 -220.501 -61.0619 0.5
8 554.788 -193.738 -2.86752 0.5
8 522.976 -248.761 -4.87314 0.5
8 534.204 -36.1118 -35.9337 0.5
8 511.625 -77.4115 41.1763 0.5
8 551.171 -91.9836 -99.6746 0.5
8 524.905 -148.727 -99.9492 0.5
8 547.246 -52.5862 -84.0018 0.5
8 542.539 -121.852 -99.7647 0.5
8 538.715 -33.02 -46.3718 0.5
8 517.999 -243.083 51.7242 0.5
8 529.183 -171.071 -94.4182 0.5
8 507.057 -79.8199 25.7362 0.5
8 521.846 -127.097 -97.1416 0.5
8 536.447 -192.144 74.5979 0.5
8 539.332 -55.6092 -76.0438 0.5
8 518.744 -84.9085 70.1156 0.5
8 512.28 -220.043 -85.0258 0.5
8 508.909 -89.9154 -55.2844 0.5
8 537.199 -24.3685 4.9852 0.5
8 521.689 -123.312 -96.0589 0.5
8 514.034 -182.946 98.2593 0.5
8 546.168 -8.70909 0.0139124 0.5
8 522.462 -165.865 98.6962 0.5
8 526.023 -120.284 97.2436 0.5
8 542.062 -26.9699 45.8847 0.5
8 526.627 -132.767 -99.5197 0.5
8 525.745 -147.677 99.9354 0.5
8 533.275 -229.101 -19.5994 0.5
8 526.159 -185.586 90.6504 0.5
8 549.462 -17.0206 51.0572 0.5
8 524.812 -152.103 99.7947 0.5
8 547.737 -32.2468 67.5397 0.5
8 508.128 -87.8427 49.7348 0.5
8 504.613 -272.439 -39.764 0.5
8 525.494 -80.7827 77.0574 0.5
8 517.754 -101.226 82.3729 0.5
8 502.711 -88.5768 29.9703 0.5
8 502.762 -89.7082 -33.6085 0.5
8 508.277 -76.1754 -19.0799 0.5
8 510.33 -143.07 96.0834 0.5
8 521.584 -56.961 -33.1962 0.5
8 531.517 -162.479 -95.8843 0.5
8 540.683 -135.33 -98.5237 0.5
8 525.599 -76.5023 -73.4744 0.5
8 553.52 -13.145 56.0284 0.5
8 531.137 -160.912 96.5156 0.5
8 545.883 -9.32008 4.8269 0.5
8 508.764 -92.3348 58.421 0.5
8 534.082 -206.467 -64.0166 0.5
8 554.39 -140.586 88.7309 0.5
8 517.058 -71.4816 48.1423 0.5
8 505.06 -239.954 79.9671 0.5
8 528.198 -58.505 58.1845 0.5
8 502.553 -203.79 -98.0731 0.5
8 539.053 -211.054 43.5451 0.5
8 533.481 -229.512 15.2604 0.5
8 555.448 -18.7391 67.3741 0.5
8 537.468 -68.4968 -83.3301 0.5
8 554.846 -193.672 1.15818 0.5
8 523.099 -48.7284 3.52244 0.5
8 551.83 -146.214 -88.0999 0.5
8 501.571 -285.53 -9.19169 0.5
8 551.841 -14.9374 54.341 0.5
8 536.547 -55.2249 -71.2684 0.5
8 542.087 -206.128 42.8593 0.5
8 522.721 -52.7257 -25.8696 0.5
8 532.456 -106.251 -96.5046 0.5
8 538.739 -186.886 -75.7289 0.5
8 519.105 -212.6 -82.1536 0.5
8 544.337 -74.4834 92.7436 0.5
8 546.409 -62.5245 88.9118 0.5
8 554.95 6.07092 9.26805 0.5
8 555.276 -21.5736 -70.0549 0.5
8 520.732 -242.912 -43.2886 0.5
8 553.337 -66.6707 95.5119 0.5
8 509.652 -190.521 98.262 0.5
8 516.516 -72.8369 48.893 0.5
8 523.753 -79.4823 73.2736 0.5
8 534.585 -194.61 -75.269 0.5
8 510.404 -75.6382 31.1759 0.5
8 555.403 -3.71198 -45.592 0.5
8 501.175 -280.905 33.3777 0.5
8 554.206 -29.1489 -75.4425 0.5
8 506.489 -103.382 67.2018 0.5
8 503.158 -282.323 -13.2581 0.5
8 521.465 -238.204 -49.8166 0.5
8 511.237 -146.374 97.357 0.5
8 538.112 -111.963 -99.4258 0.5
8 550.746 -52.3432 87.4858 0.5
8 542.528 -17.6404 22.7644 0.5
8 527.374 -101.278 91.6582 0.5
8 547.382 -99.4805 99.7458 0.5
8 552.267 -55.6426 -90.518 0.5
8 514.869 -126.719 -93.2172 0.5
8 540.914 -19.3817 -17.6581 0.5
8 505.231 -79.6617 -3.05085 0.5
8 538.513 -23.475 17.2918 0.5
8 550.931 -122.37 97.57 0.5
8 553.199 -191.5 31.3209 0.5
8 513.164 -235.319 -71.9542 0.5
8 539.03 -204.302 -55.4337 0.5
8 544.019 -160.145 -87.8835 0.5
8 508.229 -101.559 68.491 0.5
8 544.147 -13.9903 -18.7853 0.5
8 536.278 -36.2095 -44.3425 0.5
8 536.891 -45.4114 60.8358 0.5
8 541.927 -41.1116 66.2066 0.5
8 500.546 -95.944 39.6901 0.5
8 502.195 -258.013 -68.1958 0.5
8 536.107 -91.8715 -93.9468 0.5
8 522.964 -113.574 93.5524 0.5
8 503.965 -123.009 80.8869 0.5
8 539.042 -50.117 -70.4845 0.5
8 536.727 -25.1451 -4.05422 0.5
8 535.417 -30.7951 -26.0947 0.5
8 512.521 -213.982 88.2702 0.5
8 522.885 -98.0994 -86.0538 0.5
8 503.061 -91.4203 39.3031 0.5
8 518.165 -82.5986 66.5793 0.5
8 510.237 -195.192 97.0155 0.5
8 530.287 -231.836 -29.2761 0.5
8 542.03 -212.756 24.7915 0.5
8 541.131 -152.205 -93.7603 0.5
8 521.358 -122.948 95.7828 0.5
9 578.447 -187.245 -31.8434 0.5
9 618.821 -79.5471 -99.1641 0.5
9 596.35 -22.1893 71.1577 0.5
9 584.875 -107.264 -98.8967 0.5
9 600.945 -14.4558 -62.5851 0.5
9 606.487 -127.095 93.8069 0.5
9 666.648 -185.492 -36.6488 0.5
9 633.774 -105.401 -99.1578 0.5
9 586.46 -56.5526 -93.3347 0.5
9 629.444 -33.6339 -80.8743 0.5
9 592.993 -26.591 -75.2501 0.5
9 654.542 6.987 10.5956 0.5
9 585.668 -156.62 -76.6955 0.5
9 651.273 -11.6388 -58.9027 0.5
9 636.473 -121.767 95.6061 0.5
9 612.09 -45.7141 -88.4067 0.5
9 595.029 -92.5684 -99.9999 0.5
9 575.034 -60.3716 94.7152 0.5
9 618.982 -148.462 -82.8413 0.5
9 615.069 -189.026 -25.9435 0.5
9 654.979 -87.1251 -99.8581 0.5
9 637.919 -78.7638 -99.059 0.5
9 578.408 -6.44842 51.0266 0.5
9 589.351 -44.4236 87.7123 0.5
9 597.395 -35.5102 -82.2062 0.5
9 604.432 -59.4955 94.4139 0.5
9 576.115 -75.5044 98.5538 0.5
9 663.862 -191.487 13.8488 0.5
9 584.12 -0.954343 40.355 0.5
9 627.835 1.42349 -34.4638 0.5
9 617.008 -24.8663 -73.705 0.5
9 601.346 -159.505 -74.1869 0.5
9 661.583 -178.84 -50.366 0.5
9 610.039 -31.0513 78.9315 0.5
9 654.55 -143.949 -85.72 0.5
9 589.448 -56.4447 93.2931 0.5
9 575.456 -166.403 67.3128 0.5
9 627.819 -135.49 90.2639 0.5
9 565.364 -8.49664 -54.3306 0.5
9 633.248 -27.51 -76.0447 0.5
9 635.056 -69.1985 97.2593 0.5
9 652.525 -172.078 -60.4932 0.5
9 650.906 -0.875131 40.175 0.5
9 567.708 -143.734 85.8483 0.5
9 628.11 -180.178 47.9989 0.5
9 565.951 -81.7759 -99.4287 0.5
9 566.547 -107.886 -98.8015 0.5
9 572.017 -177.774 -52.1521 0.5
9 586.114 -100.966 99.6367 0.5
9 579.407 -189.819 22.7876 0.5
9 590.293 -42.298 -86.5145 0.5
9 663.342 -4.02734 -46.7057 0.5
9 598.198 7.26108 7.59493 0.5
9 561.811 -167.902 65.6282 0.5
9 665.071 5.78838 18.687 0.5
9 627.188 -190.054 21.7586 0.5
9 565.01 -161.877 -71.9711 0.5
9 577.431 -181.149 -46.1784 0.5
9 556.632 -178.647 50.6952 0.5
9 601.779 -97.1416 99.8899 0.5
9 611.745 -37.1789 83.3372 0.5
9 612.24 -182.666 43.14 0.5
9 556.73 -142.915 86.3326 0.5
9 624.553 6.28461 -15.8574 0.5
9 593.353 -185.09 -37.6553 0.5
9 647.588 -22.463 71.4269 0.5
9 560.941 -61.2233 94.9994 0.5
9 597.132 -156.854 76.4994 0.5
9 647.915 -65.0125 -96.1623 0.5
9 587.282 -144.115 -85.6195 0.5
9 613.166 -75.1459 98.4914 0.5
9 621.186 1.08006 -35.3852 0.5
9 569.44 -114.973 97.4306 0.5
9 665.587 -188.531 27.7225 0.5
9 631.295 6.32897 15.5788 0.5
9 625.154 -70.2568 97.5062 0.5
9 600.209 -85.8718 -99.7834 0.5
9 611.228 6.57498 13.9296 0.5
9 656.359 -36.4014 82.8163 0.5
9 590.343 7.43526 4.78711 0.5
9 660.108 -184.041 40.1388 0.5
9 655.399 -188.596 -27.494 0.5
9 620.497 -188.086 29.2188 0.5
9 591.269 -18.6629 67.494 0.5
9 623.829 -130.546 -92.4592 0.5
9 557.54 -185.413 -36.8494 0.5
9 634.853 -133.626 -91.1293 0.5
9 575.455 -129.273 -92.9734 0.5
9 600.701 6.42961 14.9267 0.5
9 574.776 -95.2003 -99.9622 0.5
9 610.576 -15.2019 -63.5037 0.5
9 615.652 -152.807 79.7314 0.5
9 644.429 -192.417 2.56012 0.5
9 659.871 -192.276 -5.89263 0.5
9 624.726 -185.144 -37.5207 0.5
9 631.465 -191.766 -11.6772 0.5
9 557.116 -154.304 -78.5751 0.5
9 606.927 -16.0662 64.5407 0.5
9 585.916 6.03291 -17.3522 0.5
9 616.556 -192.278 5.85769 0.5
9 653.352 1.19944 35.068 0.5
9 615.18 5.84707 -18.3758 0.5
9 600.554 -188.006 -29.4803 0.5
9 660.004 -190.003 -21.9865 0.5
9 656.882 -164.692 -69.1453 0.5
9 598.403 -7.52172 52.7937 0.5
9 582.723 -137.84 -89.1052 0.5
9 608.019 -162.578 71.2884 0.5
9 630.042 -4.4858 -47.5635 0.5
9 628.184 6.65105 13.3778 0.5
9 592.047 5.40828 -20.5849 0.5
9 569.428 -17.9914 -66.7525 0.5
9 647.756 7.21356 -8.19492 0.5
9 597.084 -165.207 -68.6033 0.5
9 586.475 -0.889329 -40.2073 0.5
9 557.609 -177.738 52.2112 0.5
9 563.542 0.173978 -37.6933 0.5
9 617.771 -182.691 -43.0879 0.5
9 641.843 -18.699 -67.5336 0.5
9 629.904 -186.415 34.2145 0.5
9 559.669 -100.612 -99.6664 0.5
9 630.257 -188.834 26.647 0.5
9 558.505 -1.87327 -42.3774 0.5
9 630.844 -100.67 99.6616 0.5
9 665.666 -120.868 -95.877 0.5
9 614.405 -132.394 -91.676 0.5
9 603.975 5.74245 -18.9269 0.5
9 559.941 -50.6854 90.861 0.5
9 598.921 -61.4243 -95.0653 0.5
9 578.832 -93.4515 -99.995 0.5
9 642.171 -152.032 -80.3122 0.5
9 573.26 -15.5517 63.9268 0.5
9 631.958 -17.8265 -66.5682 0.5
9 640.21 -126.727 -93.9419 0.5
9 650.35 -166.045 67.7037 0.5
9 641.076 -34.8128 81.7186 0.5
9 648.946 -139.552 88.2122 0.5
9 572.629 -75.6893 98.5854 0.5
9 570.33 -46.4007 -88.7663 0.5
9 649.973 -31.6095 -79.3626 0.5
9 612.789 -72.2523 -97.939 0.5
9 584.048 -31.1454 79.0046 0.5
9 608.595 -116.95 -96.9524 0.5
9 647.124 5.32816 -20.9622 0.5
9 659.076 -171.624 61.0863 0.5
9 627.025 -165.336 -68.4668 0.5
9 588.763 6.05596 17.2209 0.5
9 612.074 -183.386 41.6022 0.5
9 607.447 -171.399 61.376 0.5
9 614.44 -30.5173 78.5133 0.5
9 589.423 -17.4241 66.1143 0.5
9 631.821 -34.6697 81.6175 0.5
9 640.289 -129.297 92.9639 0.5
9 558.471 -82.9144 -99.5443 0.5
9 638.027 -182.436 43.618 0.5
9 638.089 -173.886 -58.0356 0.5
9 650.201 -112.5 97.9693 0.5
9 564.097 -186.881 -32.9069 0.5
9 639.334 -91.4367 -99.9949 0.5
9 597.131 -60.2766 -94.683 0.5
9 588.111 -192.45 -0.138559 0.5
9 627.917 4.828 23.1727 0.5
9 665.557 -187.958 -29.6339 0.5
9 656.502 -56.8518 -93.4493 0.5
9 560.924 5.66772 -19.3105 0.5
9 563.507 -117.124 96.9082 0.5
9 575.501 -62.8891 -95.5309 0.5
9 578.48 -73.0767 -98.1054 0.5
9 579.098 -65.7659 -96.374 0.5
9 608.468 -11.4796 58.6838 0.5
9 629.115 0.237847 37.5359 0.5
9 605.115 -191.029 -16.7983 0.5
9 574.484 -33.9803 81.1251 0.5
9 616.35 -192.395 3.30879 0.5
10 623.395 81.0917 -16.7158 0.5
10 654.888 -72.6824 -99.998 0.5
10 635.731 55.7228 -32.4412 0.5
10 661.572 5.27588 -45.7872 0.5
10 618.634 66.2012 -65.623 0.5
10 629.097 -87.1396 80.1779 0.5
10 633.134 60.0827 -32.8462 0.5
10 637.005 0.956857 90.7376 0.5
10 640.537 -3.21817 89.8123 0.5
10 655.107 -90.8596 -98.2867 0.5
10 641.068 -4.8432 90.1543 0.5
10 664.284 -78.8475 -99.5501 0.5
10 662.47 -126.038 -91.2724 0.5
10 629.502 -125.241 23.6596 0.5
10 655.489 -87.4481 -98.9639 0.5
10 633.036 -114.015 60.2468 0.5
10 657.325 -17.4571 -80.877 0.5
10 621.393 -39.6288 -96.669 0.5
10 662.659 -103.342 98.3969 0.5
10 612.663 62.9459 -78.572 0.5
10 659.939 -179.858 -13.6824 0.5
10 630.344 66.6201 27.4515 0.5
10 617.219 -106.803 0.509493 0.5
10 620.523 3.77097 -98.663 0.5
10 614.467 -67.2558 -75.8059 0.5
10 647.254 40.3395 -12.896 0.5
10 625.515 -84.6972 77.2318 0.5
10 631.187 -112.115 58.4816 0.5
10 665.722 -17.0947 -67.5678 0.5
10 665.276 -188.627 -16.7606 0.5
10 627.04 -53.6846 -95.4345 0.5
10 652.863 -106.723 -92.4241 0.5
10 645.13 43.8975 -13.7869 0.5
10 656.172 -62.1049 -99.257 0.5
10 614.352 -31.9503 -95.3589 0.5
10 637.968 56.1513 14.8352 0.5
10 658.261 -83.872 -99.821 0.5
10 622.595 26.4471 90.4898 0.5
10 652.863 -156.447 -47.6724 0.5
10 615.319 -20.6898 98.5137 0.5
10 623.459 75.6544 36.0761 0.5
10 663.024 -123.784 -92.6444 0.5
10 620.777 84.6546 -21.6842 0.5
10 620.464 86.6075 13.8775 0.5
10 644.746 44.3105 -15.4962 0.5
10 611.13 -96.2334 -2.21528 0.5
10 611.665 -97.1221 -3.52326 0.5
10 641.211 25.9576 -66.9093 0.5
10 655.976 -77.645 -99.9311 0.5
10 663.939 -11.4677 -64.6901 0.5
10 620.287 85.39 -22.1875 0.5
10 657.568 -157.607 -58.7591 0.5
10 624.651 52.4786 69.2367 0.5
10 641.417 -146.765 -19.6584 0.5
10 654.153 25.68 -26.3896 0.5
10 662.751 -105.261 -98.0619 0.5
10 625.954 -64.5123 -90.4826 0.5
10 640.918 -112.04 76.6805 0.5
10 621.59 65.4075 60.2898 0.5
10 638.823 -138.889 -32.2276 0.5
10 618.763 69.5252 61.3049 0.5
10 640.981 -141.516 35.3235 0.5
10 634.561 36.4238 68.0608 0.5
10 630.794 -105.451 -65.9906 0.5
10 620.611 -81.9163 -72.1539 0.5
10 619.326 -110.075 8.69243 0.5
10 663.408 0.0169638 49.6154 0.5
10 657.395 -22.715 -84.3733 0.5
10 651.593 33.5083 -5.46354 0.5
10 617.959 0.934662 -99.5923 0.5
10 624.281 -16.5594 99.9693 0.5
10 645.635 -115.84 80.136 0.5
10 616.652 -1.94827 -99.925 0.5
10 614.679 -87.7625 -52.096 0.5
10 631.371 -115.535 53.917 0.5
10 664.402 -174.244 -51.5041 0.5
10 636.361 -107.273 -73.9515 0.5
10 644.848 42.9776 21.6107 0.5
10 660.788 -143.236 -79.2646 0.5
10 638.71 55.294 -11.6238 0.5
10 622.725 -15.8593 -99.9988 0.5
10 664.165 -127.301 -92.0031 0.5
10 628.616 -7.04499 -98.0803 0.5
10 648.639 23.5895 -52.977 0.5
10 639.236 -22.5381 -97.4586 0.5
10 632.144 -122.322 44.2708 0.5
10 641.317 10.0546 81.033 0.5
10 640.28 48.8852 -29.232 0.5
10 664.34 7.6358 -27.8068 0.5
10 611.52 99.1929 -27.5612 0.5
10 635.381 60.5504 15.3639 0.5
10 628.213 29.7111 83.1462 0.5
10 618.316 82.9009 40.1058 0.5
10 647.299 28.276 -48.9862 0.5
10 664.629 -187.236 -18.281 0.5
10 612.56 28.1952 96.3059 0.5
10 661.613 -71.4933 99.2525 0.5
10 621.647 -109.027 -32.5543 0.5
10 613.942 -6.80777 -99.8386 0.5
10 619.249 73.7395 54.1671 0.5
10 642.048 -41.2924 -99.6367 0.5
10 664.877 -166.401 63.7433 0.5
10 615.79 39.0879 -90.0827 0.5
10 628.811 -106.609 60.363 0.5
10 632.383 38.252 70.0945 0.5
10 646.262 14.6363 69.661 0.5
10 627.748 -42.5036 -98.4635 0.5
10 654.938 -119.485 -88.0794 0.5
10 655.323 24.1404 24.5389 0.5
10 655.657 -0.96152 -68.9592 0.5
10 635.441 -43.5183 99.8672 0.5
10 664.775 -153.198 76.8169 0.5
10 640.314 -21.4141 -96.7224 0.5
10 623.551 7.81192 -96.6722 0.5
10 638.433 -143.5 3.05766 0.5
10 666.295 -2.62385 45.2387 0.5
10 621.865 -112.669 -20.7777 0.5
10 624.881 37.5386 -81.7349 0.5
10 626.6 59.5708 56.3323 0.5
10 657.949 -110.835 94.2272 0.5
10 657.239 -165.786 -44.2758 0.5
10 628.66 -70.9831 89.6216 0.5
10 618.245 -23.6874 -98.8524 0.5
10 614.906 -79.7454 -63.8682 0.5
10 647.049 -155.595 -23.8115 0.5
10 639.288 -77.7298 -94.5021 0.5
10 629.672 -61.057 -94.5081 0.5
10 613.068 -70.2665 70.7685 0.5
10 631.196 -102.175 70.2573 0.5
10 646.553 -88.9592 -94.9598 0.5
10 661.656 -164.945 58.4022 0.5
10 614.329 -77.2047 -65.6807 0.5
10 632.284 -129.866 24.4379 0.5
10 632.17 -28.8676 -99.9265 0.5
10 614.741 28.6088 -95.034 0.5
10 657.168 -64.9066 -99.3831 0.5
10 653.364 -64.3346 99.8711 0.5
10 651.585 -166.293 2.60099 0.5
10 662.659 -38.4009 88.2091 0.5
10 635.402 -59.9034 97.6383 0.5
10 649.1 -155.889 -34.4851 0.5
10 657.442 -18.5154 -81.4917 0.5
10 615.59 -61.483 81.8149 0.5
10 656.681 -173.124 -20.0453 0.5
10 626.964 -61.4064 -92.6121 0.5
10 621.705 24.7906 -91.9265 0.5
10 658.347 -160.283 -56.8868 0.5
10 651.208 -160.362 -32.1586 0.5
10 655.038 -25.2298 88.2245 0.5
10 624.525 45.7962 -75.7753 0.5
10 625.233 78.7868 10.2714 0.5
10 651.478 -53.0238 99.1358 0.5
10 624.751 -30.3328 -99.449 0.5
10 658.412 20.9744 -13.1898 0.5
10 647.343 38.9084 -20.438 0.5
10 613.81 62.1578 -77.6133 0.5
10 663.175 13.5655 -2.51645 0.5
10 614.315 -54.8741 -84.7371 0.5
10 642.318 -15.4807 -93.751 0.5
10 616.771 1.58446 -99.7098 0.5
10 654.069 -10.0596 79.5683 0.5
10 624.545 74.9981 32.7306 0.5
10 664.296 11.5473 -4.64456 0.5
10 657.628 -42.4053 93.9009 0.5
10 628.218 73.8323 7.89241 0.5
10 633.551 -133.461 17.9868 0.5
10 640.181 -133.105 -50.1273 0.5
10 657.682 -115.186 -92.376 0.5
10 649.771 -113.617 86.3529 0.5
10 613.617 80.3482 58.7616 0.5
11 647.199 148.284 57.2333 0.5
11 641.312 126.44 -71.0628 0.5
11 612.334 -26.4794 94.6154 0.5
11 662.684 -5.21246 18.2862 0.5
11 614.543 33.0974 -97.229 0.5
11 621.718 -18.8879 -91.1929 0.5
11 620.915 27.9317 99.7422 0.5
11 659.935 105.209 98.567 0.5
11 628.333 108.935 65.7665 0.5
11 612.813 58.2509 85.7024 0.5
11 656.386 148.649 74.724 0.5
11 638.984 -2.79331 83.6181 0.5
11 663.061 93.5106 99.9997 0.5
11 660.898 -9.85483 5.22733 0.5
11 666.24 129.315 -95.377 0.5
11 627.784 -55.0839 -47.9813 0.5
11 642.635 148.744 -42.823 0.5
11 630.462 -44.0316 -58.1946 0.5
11 627.785 132.581 3.84219 0.5
11 647.346 -21.716 -47.0274 0.5
11 649.726 65.4445 -99.864 0.5
11 650.848 -23.2518 28.4985 0.5
11 644.369 149.376 -47.5032 0.5
11 639.788 140.089 -49.9276 0.5
11 638.893 -39.2034 -41.2465 0.5
11 633.423 -57.3126 7.31102 0.5
11 665.985 179.93 58.4887 0.5
11 662.382 186.192 35.1649 0.5
11 644.595 145.458 54.7395 0.5
11 663.34 151.319 82.1083 0.5
11 627.896 11.6128 97.7193 0.5
11 617.884 -29.39 -89.3556 0.5
11 653.459 -19.592 -25.4214 0.5
11 665.112 158.072 -79.4201 0.5
11 637.535 20.683 95.7454 0.5
11 648.368 71.0844 -99.9614 0.5
11 655.139 52.2101 -96.0515 0.5
11 625.744 72.4495 -90.1247 0.5
11 646.823 -30.7541 26.649 0.5
11 638.763 147.688 27.9388 0.5
11 661.109 27.8832 78.0701 0.5
11 617.755 -63.192 61.9811 0.5
11 635.338 22.7341 -97.3185 0.5
11 619.068 79.2561 -78.6961 0.5
11 638.887 78.1756 96.482 0.5
11 651.078 105.379 -94.613 0.5
11 644.763 76.4907 -98.9535 0.5
11 641.43 -43.5462 5.73843 0.5
11 656.26 178.523 -26.0462 0.5
11 652.157 174.741 5.02379 0.5
11 616.334 -21.9528 93.7592 0.5
11 629.458 31.7485 -99.9276 0.5
11 626.149 128.927 -13.3411 0.5
11 615.316 105.693 -32.3163 0.5
11 652.083 48.4333 96.4778 0.5
11 634.55 87.4602 90.241 0.5
11 639.401 133.524 58.9874 0.5
11 656.979 -16.7777 -0.528928 0.5
11 629.499 -38.4692 -67.1583 0.5
11 657.347 153.982 -71.2925 0.5
11 649.443 64.1804 -99.8206 0.5
11 647.252 -2.40128 -72.5953 0.5
11 631.575 125.926 -49.819 0.5
11 630.875 39.2939 99.9917 0.5
11 634.456 -55.771 1.93476 0.5
11 627.135 130.861 11.535 0.5
11 614.053 -89.3976 -18.5326 0.5
11 613.857 -36.1963 89.4398 0.5
11 633.556 -55.7077 18.0462 0.5
11 632.786 100.191 -80.8316 0.5
11 660.446 136.889 -87.9099 0.5
11 659.402 -11.5205 -14.534 0.5
11 661.18 160.365 71.5426 0.5
11 627.593 54.9285 -97.4113 0.5
11 637.361 -46.923 27.4301 0.5
11 660.061 147.643 80.6788 0.5
11 617.583 92.7711 62.8425 0.5
11 651.198 -26.753 -2.79813 0.5
11 617.876 7.75301 -99.7001 0.5
11 624.397 90.9275 76.7194 0.5
11 650.304 -21.6373 -35.999 0.5
11 658.984 -9.80198 -26.2427 0.5
11 623.554 124.164 -15.2096 0.5
11 621.622 103.963 57.2604 0.5
11 652.444 155.759 -59.4713 0.5
11 662.447 177.981 -52.2077 0.5
11 664.98 187.566 -42.5662 0.5
11 611.74 92.2209 48.6709 0.5
11 655.902 -18.4816 5.72713 0.5
11 656.895 182.092 13.9928 0.5
11 624.308 126.627 -1.10947 0.5
11 659.164 184.971 20.0609 0.5
11 645.573 119.35 -82.9266 0.5
11 639.285 -46.8218 -10.9776 0.5
11 621.027 -63.7402 -53.1761 0.5
11 659.742 116.777 95.7714 0.5
11 655.779 180.935 6.43397 0.5
11 620.726 115.455 31.1423 0.5
11 641.56 155.658 -13.0535 0.5
11 643.895 -18.4294 -61.3256 0.5
11 630.801 -61.8853 6.87006 0.5
11 627.464 -47.3986 -60.665 0.5
11 624.457 126.212 -11.6286 0.5
11 629.756 -61.7093 20.9663 0.5
11 634.765 34.8609 99.5104 0.5
11 638.404 -43.1633 -33.5316 0.5
11 644.988 139.36 -63.9142 0.5
11 625.872 94.8745 -75.5346 0.5
11 658.673 13.4413 68.6497 0.5
11 640.818 7.96195 88.1237 0.5
11 657.992 118.018 -94.3833 0.5
11 616.462 -86.9074 -3.13237 0.5
11 660.7 123.108 -94.2423 0.5
11 619.474 95.4697 -63.5507 0.5
11 647.24 64.44 99.9817 0.5
11 636.969 99.0564 -86.3155 0.5
11 661.293 20.8808 71.5981 0.5
11 657.744 184.348 -6.28925 0.5
11 629.992 122.214 -51.4708 0.5
11 627.004 7.10598 97.0286 0.5
11 659.959 130.654 -90.6264 0.5
11 661.253 -7.64837 18.5095 0.5
11 629.643 76.6833 -91.2935 0.5
11 651.97 73.1834 99.9907 0.5
11 663.259 150.644 -82.4783 0.5
11 615.853 92.3548 59.5074 0.5
11 625.92 80.357 86.0579 0.5
11 657.23 94.1618 99.4466 0.5
11 649.015 20.9345 87.4559 0.5
11 613.299 -47.9646 -83.1656 0.5
11 654.587 172.266 36.2766 0.5
11 629.716 -40.6094 -64.2737 0.5
11 615.141 -54.8015 -75.5133 0.5
11 662.255 176.506 54.0308 0.5
11 650.177 127.508 82.8028 0.5
11 624.316 -72.2706 14.6754 0.5
11 626.326 -2.07131 -94.674 0.5
11 659.643 84.9453 -99.9583 0.5
11 657.112 170.446 -49.3119 0.5
11 660.518 34.2626 -83.459 0.5
11 660.289 16.8626 -69.3037 0.5
11 654.265 -7.4116 51.1454 0.5
11 639.311 -10.3667 77.6709 0.5
11 665.611 64.4966 94.1596 0.5
11 658.098 165.82 59.1081 0.5
11 650.854 103.44 95.1293 0.5
11 629.756 60.0764 -97.0754 0.5
11 654.114 30.019 87.5954 0.5
11 636.098 89.3807 -90.5999 0.5
11 627.034 83.3265 -85.4332 0.5
11 612.926 -24.4676 94.9469 0.5
11 617.272 -15.6243 -95.3717 0.5
11 616.91 109.542 28.9326 0.5
11 652.823 -16.2803 -38.4733 0.5
11 627.59 115.274 -55.8412 0.5
11 663.288 133.09 92.1062 0.5
11 629.76 121.308 52.3035 0.5
11 612.8 80.7723 67.1817 0.5
11 646.542 26.5245 92.2424 0.5
11 653.619 -8.69439 -50.869 0.5
11 663.695 118.044 -97.2738 0.5
12 766.423 5.78609 -33.5222 0.5
12 772.836 124.857 -96.8615 0.5
12 685.506 169.845 -71.5657 0.5
12 674.156 60.2408 91.7562 0.5
12 676.595 80.0723 -97.9943 0.5
12 723.855 164.459 76.453 0.5
12 677.865 196.353 26.7598 0.5
12 670.266 107.594 -99.7113 0.5
12 761.024 30.1535 -71.5644 0.5
12 753.331 1.36651 -16.4753 0.5
12 726.151 98.9096 -99.9941 0.5
12 745.419 5.38131 32.3621 0.5
12 764.831 32.8711 -74.1195 0.5
12 759.756 43.6962 82.6431 0.5
12 757.708 0.285754 7.55441 0.5
12 672.596 192.411 38.2117 0.5
12 702.24 194.963 31.3374 0.5
12 724.034 29.1535 -70.5746 0.5
12 672.587 16.2311 -54.6147 0.5
12 766.181 181.753 57.5891 0.5
12 691.655 11.7664 47.0621 0.5
12 773.834 44.91 -83.4571 0.5
12 720.564 195.682 29.0696 0.5
12 774.733 22.496 63.1912 0.5
12 679.371 78.7189 97.7093 0.5
12 689.9 110.902 -99.404 0.5
12 743.782 170.851 -70.5703 0.5
12 667.351 194.753 -31.9676 0.5
12 713.889 60.2234 91.7487 0.5
12 735.118 199.18 -12.781 0.5
12 693.077 161.397 -78.9332 0.5
12 771.208 199.439 -10.5755 0.5
12 666.669 5.98659 -34.0805 0.5
12 774.106 47.3869 85.0403 0.5
12 758.812 197.262 23.2396 0.5
12 724.519 199.537 -9.61411 0.5
12 776.815 120.973 -97.7758 0.5
12 740.222 102.623 99.9656 0.5
12 694.708 7.83499 38.8022 0.5
12 757.084 185.891 -51.213 0.5
12 717.322 0.726398 12.0313 0.5
12 768.305 198.062 -19.5932 0.5
12 762.203 172.313 69.0707 0.5
12 732.71 38.791 -79.0788 0.5
12 771.587 127.624 96.109 0.5
12 682.911 105.551 99.8458 0.5
12 736.371 33.2629 74.4725 0.5
12 718.74 32.6066 73.8791 0.5
12 774.563 84.5091 -98.7929 0.5
12 693.127 189.722 -44.1588 0.5
12 774.913 199.542 -9.56439 0.5
12 682.032 197.019 -24.235 0.5
12 772.223 80.5699 -98.0942 0.5
12 721.048 47.5618 85.1483 0.5
12 693.75 121.463 -97.6695 0.5
12 728.035 59.0083 -91.2123 0.5
12 740.488 31.7103 -73.0515 0.5
12 759.241 108.938 99.5998 0.5
12 747.62 11.3321 46.2385 0.5
12 738.175 198.805 -15.4129 0.5
12 742.719 14.4547 51.7881 0.5
12 714.322 0.369361 8.58695 0.5
12 709.109 161.033 79.2145 0.5
12 735.713 191.759 -39.7521 0.5
12 727.409 20.4841 60.6402 0.5
12 681.897 167.021 74.2171 0.5
12 675.324 12.2169 -47.897 0.5
12 684.746 77.2604 97.3802 0.5
12 713.709 129.079 -95.6787 0.5
12 760.246 70.5435 95.5631 0.5
12 769.901 198.928 14.6057 0.5
12 686.035 29.8877 -71.304 0.5
12 675.075 197.859 -20.5831 0.5
12 680.004 199.979 2.02609 0.5
12 708.103 67.9055 -94.7098 0.5
12 748.925 6.36329 35.1022 0.5
12 670.046 180.258 59.6548 0.5
12 693.879 47.5469 -85.1391 0.5
12 687.162 64.9762 -93.6661 0.5
12 726.416 141.373 -91.04 0.5
12 703.296 10.514 -44.6347 0.5
12 697.798 183.638 54.8149 0.5
12 708.518 23.5232 64.4306 0.5
12 680.328 199.862 -5.26117 0.5
12 687.72 198.367 17.998 0.5
12 715.999 104.627 99.8929 0.5
12 758.864 177.344 -63.3866 0.5
12 694.141 174.136 67.1106 0.5
12 737.582 175.06 66.0755 0.5
12 768.765 95.5431 -99.9006 0.5
12 760.364 125.53 96.6861 0.5
12 754.201 40.2208 80.1651 0.5
12 757.754 80.4437 -98.0691 0.5
12 774.521 90.2042 -99.5191 0.5
12 772.755 153.826 -84.2776 0.5
12 753.421 76.6767 97.2421 0.5
12 708.51 12.4958 48.4048 0.5
12 735.968 161.389 -78.9388 0.5
12 726.816 101.168 99.9932 0.5
12 726.413 48.0637 85.4554 0.5
12 669.064 40.8923 80.6615 0.5
12 777.143 137.44 -92.7267 0.5
12 732.159 96.8682 -99.9509 0.5
12 678.996 103.93 99.9228 0.5
12 733.05 197.665 -21.4858 0.5
12 772.768 197.711 21.2715 0.5
12 691.816 73.2545 -96.357 0.5
12 737.648 199.995 0.956735 0.5
12 725.858 50.9521 87.1453 0.5
12 681.178 169.099 -72.2865 0.5
12 765.337 115.002 -98.8683 0.5
12 684.76 194.497 -32.7164 0.5
12 760.167 87.9957 99.2769 0.5
12 701.433 165.844 75.263 0.5
12 731.001 164.634 -76.3049 0.5
12 751.07 29.7306 -71.1492 0.5
12 736.18 106.379 -99.7964 0.5
12 774.886 193.949 34.2581 0.5
12 684.138 28.8181 -70.2363 0.5
12 763.985 100.68 -99.9977 0.5
12 668.499 95.6531 -99.9055 0.5
12 757.102 10.291 -44.1848 0.5
12 730.123 0.92531 13.5722 0.5
12 763.502 152.546 -85.082 0.5
12 741.034 67.9447 -94.7231 0.5
12 752.403 60.9384 92.0554 0.5
12 716.189 197.047 -24.122 0.5
12 748.315 102.38 -99.9717 0.5
12 774.516 79.2192 97.817 0.5
12 681.385 74.8525 -96.7864 0.5
12 762.682 7.79415 38.705 0.5
12 762.024 162.725 -77.8818 0.5
12 687.018 11.4128 -46.393 0.5
12 728.18 35.0296 76.0187 0.5
12 754.562 112.03 99.2738 0.5
12 749.499 57.9304 -90.7202 0.5
12 701.079 197.452 -22.4279 0.5
12 759.15 192.087 -38.9863 0.5
12 768.084 35.3316 76.2758 0.5
12 740.604 198.148 -19.1556 0.5
12 750.487 43.1041 82.2366 0.5
12 769.025 8.44886 -40.2292 0.5
12 727.113 2.16628 20.7018 0.5
12 701.437 92.306 -99.7036 0.5
12 692.886 48.1005 -85.4777 0.5
12 720.108 37.4208 -77.999 0.5
12 769.378 2.90315 23.9207 0.5
12 775.908 55.4731 89.5397 0.5
12 701.884 2.28363 21.2488 0.5
12 721.009 11.4078 -46.3835 0.5
12 669.09 18.9251 -58.5393 0.5
12 732.364 145.715 88.9391 0.5
12 690.257 30.949 -72.3323 0.5
12 748.61 134.815 -93.7438 0.5
12 720.689 192.523 37.9398 0.5
12 763.996 131.067 -95.0519 0.5
12 759.264 5.87019 -33.7577 0.5
12 690.379 1.8861 19.3303 0.5
12 771.986 138.629 92.2377 0.5
12 692.061 193.366 -35.8157 0.5
12 734.469 197.223 23.4014 0.5
13 817.873 -9.61997 91.5759 0.5
13 784.919 187.604 -2.36572 0.5
13 827.197 -25.6277 -91.6383 0.5
13 799.36 123.638 79.2252 0.5
13 804.875 -25.6853 61.6297 0.5
13 779.546 158.109 79.1082 0.5
13 788.138 166.601 -53.4047 0.5
13 780.912 194.291 7.47756 0.5
13 793.766 -1.96581 66.958 0.5
13 801.126 -2.84046 78.1425 0.5
13 784.148 181.983 -36.7135 0.5
13 811.158 -42.2775 -53.5377 0.5
13 788.5 -0.659845 -57.1097 0.5
13 801.658 -41.2413 4.90671 0.5
13 799.751 18.3495 -89.9987 0.5
13 808.568 130.128 55.0875 0.5
13 790.071 71.3143 99.7263 0.5
13 792.76 -25.3026 -11.3633 0.5
13 825.966 61.0929 -89.5243 0.5
13 812.5 136.852 24.3436 0.5
13 778.631 175.204 64.1862 0.5
13 797.183 47.0823 -98.1184 0.5
13 787.155 21.626 78.3555 0.5
13 809.226 -39.3382 -52.8888 0.5
13 803.751 125.599 70.8345 0.5
13 811.923 -36.7817 -63.024 0.5
13 787.146 -0.80018 53.3594 0.5
13 802.488 29.9814 -96.2241 0.5
13 787.341 -13.9013 22.9193 0.5
13 783.498 68.7066 97.6866 0.5
13 799.631 37.3581 96.8783 0.5
13 787.923 60.6222 97.5936 0.5
13 830.721 37.7355 -95.5693 0.5
13 829.969 104.231 -32.3304 0.5
13 789.808 169.832 -42.1809 0.5
13 779.09 -0.173738 20.3789 0.5
13 803.21 -1.15343 82.0921 0.5
13 824.7 110.525 -39.6658 0.5
13 832.139 -85.7023 -40.2399 0.5
13 802.841 17.4119 -92.0061 0.5
13 827.248 111.969 -21.5307 0.5
13 798.255 24.8407 91.7857 0.5
13 806.218 -4.75803 83.1859 0.5
13 798.158 99.3775 93.7947 0.5
13 822.181 122.069 -14.2664 0.5
13 815.277 120.501 51.9413 0.5
13 828.721 -48.1986 -80.0286 0.5
13 805.217 59.0932 99.7807 0.5
13 813.556 -37.989 -64.9702 0.5
13 797.255 162.213 -28.1756 0.5
13 804.878 148.127 -31.0232 0.5
13 817.956 119.782 -44.8597 0.5
13 814.063 -59.546 25.4853 0.5
13 816.953 132.013 -5.16221 0.5
13 800.274 116.202 -83.4068 0.5
13 809.415 -41.0105 -50.6675 0.5
13 808.709 20.9118 96.6905 0.5
13 827.024 -80.6618 -30.092 0.5
13 825.745 -71.6001 46.5249 0.5
13 795.36 79.8082 99.4721 0.5
13 781.452 125.828 -94.6768 0.5
13 823.76 71.0252 86.2129 0.5
13 822.352 121.853 13.695 0.5
13 821.614 116.513 38.1445 0.5
13 815.57 -46.0886 59.149 0.5
13 815.706 -32.397 74.503 0.5
13 821.827 93.6495 71.4678 0.5
13 790.037 30.9434 87.8235 0.5
13 778.843 171.41 68.0702 0.5
13 790.198 119.182 -91.3456 0.5
13 808.084 -1.63944 87.0889 0.5
13 816.342 -62.4125 -29.2812 0.5
13 795.6 51.0128 -98.3451 0.5
13 806.664 99.574 86.829 0.5
13 819.295 57.9665 -95.4329 0.5
13 790.745 -21.3596 -14.7928 0.5
13 822.362 100.251 63.2292 0.5
13 818.908 117.932 45.26 0.5
13 783.406 16.0119 66.9962 0.5
13 795.842 89.8014 -97.7507 0.5
13 825.911 -81.4362 19.565 0.5
13 832.124 -80.8627 49.7744 0.5
13 794.038 -12.022 54.478 0.5
13 787.547 181.498 17.7107 0.5
13 828.301 -7.19922 98.0423 0.5
13 793.451 4.71114 -73.1886 0.5
13 791.148 -17.2367 33.9017 0.5
13 818.515 127.088 -21.5679 0.5
13 786.027 -12.1243 -20.6938 0.5
13 803.94 30.7849 -97.1019 0.5
13 784.586 174.179 -51.0779 0.5
13 799.575 -10.5977 68.5119 0.5
13 786.878 47.8849 93.1583 0.5
13 796.624 30.1452 92.8186 0.5
13 800.016 155.471 34.1503 0.5
13 792.632 -11.0337 52.1834 0.5
13 783.555 109.733 -98.0322 0.5
13 794.002 122.376 -86.3255 0.5
13 783.442 190.08 -4.67793 0.5
13 784.403 -11.4376 2.73234 0.5
13 830.798 -14.5356 97.3892 0.5
13 804.828 57.861 99.8889 0.5
13 811.896 -55.9192 25.0009 0.5
13 796.769 141.067 -67.304 0.5
13 819.568 37.9446 99.4653 0.5
13 821.773 55.2189 -94.9352 0.5
13 789.337 179.957 2.12451 0.5
13 804.053 -32.5806 -49.1803 0.5
13 832.405 -89.4994 -31.5806 0.5
13 786.012 12.0554 -67.6085 0.5
13 781.689 171.333 62.445 0.5
13 789.149 51.2293 -95.6797 0.5
13 829.947 -68.7206 -62.1252 0.5
13 798.895 28.4868 93.6982 0.5
13 781.474 4.84499 -46.0741 0.5
13 786.353 117.154 94.7393 0.5
13 790.837 98.2984 97.7879 0.5
13 830.849 -69.1396 -63.5418 0.5
13 826.578 79.4508 -76.8576 0.5
13 830.927 106.825 14.9159 0.5
13 798.977 115.851 -85.0672 0.5
13 807.998 146.017 18.0358 0.5
13 809.257 141.925 -26.4164 0.5
13 810.676 13.5229 -95.5512 0.5
13 789.308 130.561 86.2934 0.5
13 822.599 122.3 3.6658 0.5
13 825.448 -80.2528 -21.3917 0.5
13 830.179 -27.5061 -93.0044 0.5
13 796.047 78.7797 99.4554 0.5
13 824.595 15.3947 -99.9382 0.5
13 803.11 103.488 -88.0713 0.5
13 793.262 30.3721 90.3738 0.5
13 814.926 4.76982 95.1101 0.5
13 817.597 118.153 49.0906 0.5
13 808.19 -22.0074 -72.0631 0.5
13 804.881 -5.32092 -81.1924 0.5
13 783.415 178.681 -46.6656 0.5
13 800.737 159.48 12.2546 0.5
13 797.786 1.86482 -77.2673 0.5
13 816.827 -4.49743 92.9578 0.5
13 798.614 -17.3425 58.2919 0.5
13 811.406 27.4124 -98.9661 0.5
13 805.37 -47.6937 4.41323 0.5
13 822.202 78.5123 83.2133 0.5
13 832.238 52.2036 -88.5143 0.5
13 822.486 -30.2195 -84.9351 0.5
13 791.749 7.42249 -72.9677 0.5
13 820.743 -51.0521 64.244 0.5
13 830.728 -28.4769 92.9964 0.5
13 812.807 14.8301 -96.9531 0.5
13 830.589 6.40275 99.9774 0.5
14 844.781 -68.6853 -38.5082 0.5
14 865.329 101.32 -90.693 0.5
14 878.699 169.652 48.7696 0.5
14 860.17 20.632 95.5111 0.5
14 849.662 -58.4929 -42.434 0.5
14 885.956 48.0307 88.3256 0.5
14 870.413 7.5612 -79.6705 0.5
14 864.201 -31.338 -46.4104 0.5
14 887.776 109.716 99.3197 0.5
14 855.303 -5.03442 -88.3399 0.5
14 875.79 176.451 13.1026 0.5
14 872.198 167.951 -24.8588 0.5
14 881.848 183.457 -29.1624 0.5
14 842.917 -60.3187 -59.0655 0.5
14 847.494 120.131 39.5918 0.5
14 842.18 91.8214 68.6385 0.5
14 880.251 -5.49678 42.4663 0.5
14 864.505 -24.4349 56.9472 0.5
14 852.861 -49.7175 -48.7437 0.5
14 860.699 120.972 71.6111 0.5
14 860.942 27.1337 -96.9624 0.5
14 849.558 16.1006 98.7478 0.5
14 880.849 147.053 -79.2566 0.5
14 855.13 140.267 -15.8308 0.5
14 870.572 1.65797 -74.5811 0.5
14 870.646 -13.8714 56.843 0.5
14 839.824 21.3644 99.7984 0.5
14 859.876 -26.1982 -65.0551 0.5
14 882.844 119.684 -95.3452 0.5
14 833.761 6.63726 99.9775 0.5
14 842.688 119.817 5.67194 0.5
14 865.105 -34.9264 34.8496 0.5
14 873.716 -23.7691 -22.2706 0.5
14 879.446 67.6558 98.7135 0.5
14 863.748 141.14 -53.1811 0.5
14 846.75 -48.5489 -65.5012 0.5
14 853.714 71.7069 -94.5263 0.5
14 853.95 -46.6581 -50.7881 0.5
14 841.977 85.9614 -74.0416 0.5
14 845.737 102.682 63.2901 0.5
14 842.534 93.8361 -67.1229 0.5
14 862.569 144.739 42.9084 0.5
14 844.066 -62.251 53.2939 0.5
14 848.645 -54.5735 -52.8905 0.5
14 841.028 -51.6983 72.5697 0.5
14 849.023 93.3078 -78.1761 0.5
14 854.262 -54.9101 31.4252 0.5
14 878.244 25.9244 -83.0928 0.5
14 839.664 72.7829 -81.4307 0.5
14 856.023 -54.7472 20.7563 0.5
14 858.345 35.7565 -99.3549 0.5
14 856.102 143.186 2.26775 0.5
14 873.787 -10.7354 -53.3537 0.5
14 842.09 113.628 32.1637 0.5
14 833.362 -95.4364 -12.132 0.5
14 845.81 85.2383 80.1096 0.5
14 846.154 16.6145 99.5603 0.5
14 857.618 143.53 21.3584 0.5
14 877.274 176.661 25.1794 0.5
14 851.431 -64.8299 -3.15889 0.5
14 848.799 101.215 70.7689 0.5
14 851.042 -38.1383 68.7851 0.5
14 864.412 136.551 -61.3799 0.5
14 876.712 137.283 81.1936 0.5
14 875.958 119.221 90.9283 0.5
14 838.521 63.6032 -86.1105 0.5
14 861.061 55.8404 99.9184 0.5
14 850.686 68.7689 93.6981 0.5
14 842.24 -14.3284 94.2113 0.5
14 864.063 -32.3722 -44.8618 0.5
14 886.398 161.113 75.6254 0.5
14 849.556 -61.7271 35.1975 0.5
14 842.243 5.7115 99.0851 0.5
14 866.441 -37.8643 -14.2216 0.5
14 886.136 14.6218 59.1784 0.5
14 837.845 86.3754 66.3847 0.5
14 859.43 9.29999 -91.7921 0.5
14 847.309 86.0599 81.4054 0.5
14 862.351 84.2923 95.3127 0.5
14 864.954 16.6603 -90.806 0.5
14 845.595 72.9211 87.7769 0.5
14 852.299 -62.9064 9.68122 0.5
14 848.808 -68.9952 9.22719 0.5
14 833.508 78.1896 -67.1369 0.5
14 862.645 143.601 -45.4846 0.5
14 834.937 86.5075 60.0604 0.5
14 842.277 44.1537 -96.8533 0.5
14 851.618 -44.4318 60.1642 0.5
14 883.474 182.351 -39.8175 0.5
14 866.135 144.53 -54.3496 0.5
14 841.045 -81.9113 -13.7999 0.5
14 847.592 -70.9286 10.9434 0.5
14 875.691 40.4237 -93.0153 0.5
14 879.16 171.474 -46.8891 0.5
14 885.647 -2.35364 25.3331 0.5
14 883.449 -3.70457 -33.329 0.5
14 846.423 -17.3059 -89.9206 0.5
14 857.089 115.412 -70.9304 0.5
14 859.546 -50.5174 7.81741 0.5
14 864.197 -42.1777 10.8437 0.5
14 877.39 17.5113 78.0053 0.5
14 855.928 40.369 99.9677 0.5
14 868.134 22.7757 -91.0838 0.5
14 866.277 142.259 -58.0525 0.5
14 862.495 -34.1235 -46.7331 0.5
14 847.572 105.945 -63.1867 0.5
14 842.533 32.9215 99.1233 0.5
14 843.631 -78.1751 -6.54227 0.5
14 886.03 42.6134 -85.1508 0.5
14 864.954 -31.8927 42.6759 0.5
14 881.608 59.5786 -96.055 0.5
14 874.378 -3.75476 -61.7965 0.5
14 848.491 49.6323 -98.0596 0.5
14 854.741 -31.1652 -69.3774 0.5
14 881.77 -11.2774 14.4684 0.5
14 852.861 122.571 -52.721 0.5
14 863.274 0.335466 -83.3191 0.5
14 869.082 -5.26599 -70.4619 0.5
14 877.934 175.192 33.6533 0.5
14 857.986 125.009 -61.9068 0.5
14 843.177 94.9648 -67.1058 0.5
14 877.977 -14.0216 -30.8507 0.5
14 859.478 144.148 30.9519 0.5
14 873.63 131.672 81.3894 0.5
14 859.437 30.0959 98.1992 0.5
14 877.696 81.6698 99.9944 0.5
14 866.712 98.3063 -93.0148 0.5
14 836.261 -88.9977 20.6529 0.5
14 858.038 43.093 99.9397 0.5
14 878.928 29.7553 84.8047 0.5
14 866.576 132.656 -70.113 0.5
14 865.356 -40.4486 -7.89116 0.5
14 875.826 131.19 -84.2843 0.5
14 843.701 -17.4672 -91.997 0.5
14 857.324 -47.4593 -37.2917 0.5
14 885.802 192.968 18.2796 0.5
14 838.07 23.787 -99.3004 0.5
14 884.886 53.0076 -91.6259 0.5
14 884.402 24.1338 73.2327 0.5
14 886.706 28.286 -73.3827 0.5
14 884.026 185.928 33.1336 0.5
14 860.603 -47.0276 -19.7269 0.5
14 858.844 -23.1707 70.2877 0.5
14 865.524 121.712 -78.3162 0.5
14 860.411 -40.4 41.2952 0.5
14 885.949 4.2708 42.2474 0.5
14 835.465 44.7623 92.7851 0.5
14 885.759 178.436 -54.4789 0.5
14 854.023 134.506 31.5401 0.5
14 870.765 52.6001 98.7103 0.5
14 887.401 180.937 -55.0032 0.5
14 872.241 170.096 14.5838 0.5
14 841.588 -3.1303 -97.7263 0.5
14 845.213 -72.2048 26.0169 0.5
14 867.248 11.7815 86.1735 0.5
14 836.889 -25.4482 93.5315 0.5
14 882.073 -2.84655 41.3716 0.5
14 854.27 65.4261 -96.7236 0.5
14 847.493 -58.8774 -48.9897 0.5
14 836.454 23.4919 -98.9706 0.5
14 864.936 21.3974 92.8576 0.5
14 850.98 28.0072 -99.7993 0.5
14 883.466 157.122 74.672 0.5
14 863.632 147.316 -41.323 0.5
14 880.408 110.153 -96.865 0.5
14 885.17 191.116 21.9721 0.5
14 867.565 -34.9963 19.587 0.5
15 919.617 0.764653 12.3428 0.5
15 940.844 3.18494 25.0368 0.5
15 998.216 0.55839 10.553 0.5
15 938.793 101.409 -99.9901 0.5
15 966.174 198.924 -14.632 0.5
15 925.118 148.704 87.3378 0.5
15 916.375 68.8759 95.0331 0.5
15 983.428 22.5461 63.2526 0.5
15 962.498 0.145374 -5.39014 0.5
15 926.824 101.415 -99.99 0.5
15 897.29 56.1252 -89.861 0.5
15 922.218 2.49639 22.2046 0.5
15 961.928 117.798 98.4035 0.5
15 911.024 161.205 -79.082 0.5
15 950.351 185.564 -51.7564 0.5
15 911.615 0.801048 12.632 0.5
15 938.958 162.816 77.8086 0.5
15 972.008 90.0665 99.5054 0.5
15 905.118 1.64193 -18.0469 0.5
15 924.479 174.547 -66.6539 0.5
15 959.63 177.598 63.076 0.5
15 926.255 41.2908 -80.952 0.5
15 946.918 128.824 -95.7558 0.5
15 998.622 181.622 -57.7739 0.5
15 889.609 79.1728 -97.8071 0.5
15 924.689 18.2638 57.6124 0.5
15 981.032 115.909 -98.7264 0.5
15 961.416 55.581 89.5933 0.5
15 933.348 43.5173 82.5209 0.5
15 976.138 183.987 -54.2781 0.5
15 970.252 177.299 -63.4413 0.5
15 953.882 152.531 -85.0911 0.5
15 990.371 183.013 55.7565 0.5
15 961.848 113.451 99.0912 0.5
15 996.854 3.52066 -26.3009 0.5
15 944.203 199.517 9.81946 0.5
15 902.645 29.7172 71.136 0.5
15 944.46 0.923242 -13.5571 0.5
15 990.695 199.897 4.53105 0.5
15 978.947 65.0887 93.7081 0.5
15 928.475 25.555 -66.7678 0.5
15 953.752 141.834 90.829 0.5
15 908.582 2.61273 22.7095 0.5
15 990.562 27.1074 68.4593 0.5
15 923.534 0.0219621 -2.0957 0.5
15 920.153 183.331 55.2812 0.5
15 946.209 168.48 -72.8729 0.5
15 889.45 128.755 95.7767 0.5
15 900.683 16.6504 -55.2526 0.5
15 898.234 75.267 -96.8931 0.5
15 935.882 13.1599 -49.5863 0.5
15 938.353 123.504 -97.1985 0.5
15 899.344 109.718 99.5267 0.5
15 899.091 10.2857 -44.1739 0.5
15 913.824 127.948 96.0151 0.5
15 972.958 88.0426 99.2825 0.5
15 950.137 46.6411 84.5744 0.5
15 990.876 15.5155 53.5012 0.5
15 943.994 189.167 45.2681 0.5
15 920.744 1.13163 -15.0015 0.5
15 904.947 24.5907 -65.6768 0.5
15 995.162 44.2297 -83.0041 0.5
15 926.781 1.7171 18.4519 0.5
15 973.624 62.3411 92.638 0.5
15 955.205 36.8775 77.56 0.5
15 908.13 163.677 -77.1057 0.5
15 989.877 84.7843 98.8356 0.5
15 927.29 57.3182 -90.4337 0.5
15 985.115 199.822 5.96163 0.5
15 928.278 6.07037 -34.3107 0.5
15 936.611 146.718 88.4163 0.5
15 991.536 173.777 67.5049 0.5
15 985.994 199.081 -13.528 0.5
15 906.123 58.4342 -90.9521 0.5
15 944.47 196.525 -26.1327 0.5
15 934.159 118.92 98.1939 0.5
15 900.898 88.3331 -99.3171 0.5
15 957.036 7.8708 38.8871 0.5
15 960.856 0.873723 13.1902 0.5
15 898.637 18.6346 58.1349 0.5
15 966.995 2.83731 -23.6519 0.5
15 952.597 120.174 -97.9439 0.5
15 995.389 65.9812 94.0358 0.5
15 892.134 199.28 -11.9802 0.5
15 927.864 3.84625 -27.4674 0.5
15 927.837 82.2373 98.4098 0.5
15 935.596 4.0298 28.102 0.5
15 981.765 102.609 99.966 0.5
15 972.298 158.327 -81.2275 0.5
15 899.662 198.214 -18.8147 0.5
15 998.411 182.624 56.3325 0.5
15 949.55 146.887 -88.3266 0.5
15 920.832 194.514 32.6674 0.5
15 892.685 17.8267 56.9872 0.5
15 977.091 13.6446 50.4256 0.5
15 982.028 32.1107 -73.4237 0.5
15 906.822 0.0147109 -1.71521 0.5
15 900.233 172.428 -68.951 0.5
15 980.897 198.378 17.9391 0.5
15 981.01 1.41064 -16.7373 0.5
15 955.196 64.4633 93.4727 0.5
15 945.65 146.965 88.2851 0.5
15 964.132 136.895 -92.9449 0.5
15 900.249 159.264 80.5468 0.5
15 906.906 64.4446 93.4656 0.5
15 947.26 120.616 -97.8518 0.5
15 922.705 132.807 -94.4654 0.5
15 936.313 148.828 87.2686 0.5
15 966.741 69.886 -95.358 0.5
15 912.966 2.37789 21.6777 0.5
15 978.177 133.514 94.2169 0.5
15 935.839 196.389 -26.6302 0.5
15 970.284 52.3051 87.8931 0.5
15 947.478 83.6784 -98.659 0.5
15 958.869 178.941 61.3869 0.5
15 911.688 75.9551 97.0662 0.5
15 993.667 45.6337 -83.9304 0.5
15 962.671 110.35 -99.4629 0.5
15 899.106 170.078 -71.3382 0.5
15 947.35 25.5985 66.8162 0.5
15 991.154 198.375 17.9564 0.5
15 907.839 16.2267 54.608 0.5
15 908.447 11.8457 47.2104 0.5
15 931.879 137.369 92.7553 0.5
15 957.857 158.14 -81.362 0.5
15 949.276 122.947 -97.3315 0.5
15 914.111 163.509 77.2439 0.5
15 965.516 0.682618 11.6644 0.5
15 929.045 87.7928 99.2521 0.5
15 897.972 190.256 -43.0565 0.5
15 962.46 0.00323361 0.804184 0.5
15 920.703 29.32 -70.7414 0.5
15 923.328 27.474 68.8475 0.5
15 951.734 187.671 -48.1019 0.5
15 975.463 111.999 99.2775 0.5
15 973.064 126.507 -96.423 0.5
15 975.329 14.1685 -51.3123 0.5
15 957.652 97.6188 99.9716 0.5
15 974.096 171.51 69.9022 0.5
15 904.461 56.557 -90.0706 0.5
15 972.789 17.4951 -56.5062 0.5
15 967.619 176.068 -64.9124 0.5
15 985.491 30.2496 -71.6581 0.5
15 999.968 147.776 87.8489 0.5
15 978.39 0.579731 10.7522 0.5
15 921.778 111.094 -99.3827 0.5
15 971.2 189.694 -44.2148 0.5
15 912.915 140.668 -91.3569 0.5
15 923.039 158.368 -81.1984 0.5
15 990.306 199.841 5.64299 0.5
15 986.442 162.958 -77.6937 0.5
15 920.413 105.205 99.8644 0.5
15 943.562 21.5128 61.9658 0.5
