0 0.436841 111.299 -9.86516 0.5
0 75.6019 113.328 -6.88246 0.5
0 69.71 104.165 14.4101 0.5
0 31.245 114.4 4.19829 0.5
0 54.9947 108.197 -12.5619 0.5
0 73.162 113.536 -6.46443 0.5
0 85.0087 85.9825 5.33956 0.5
0 96.762 85.9885 5.35515 0.5
0 103.217 114.731 2.82602 0.5
0 83.2173 110.96 10.2415 0.5
0 0.107008 103.503 14.5852 0.5
0 58.1809 99.6274 14.9954 0.5
0 100.532 85.3646 3.28703 0.5
0 39.0535 89.2237 10.4341 0.5
0 40.701 91.0137 -12.0103 0.5
0 69.8614 89.6077 -10.8167 0.5
0 83.7576 106.287 -13.6189 0.5
0 50.7544 114.848 -2.12938 0.5
0 108.797 114.1 -5.11744 0.5
0 101.277 110.368 -10.8401 0.5
0 56.9126 107.39 -13.053 0.5
0 38.1444 114.403 -4.18878 0.5
0 27.3448 90.8544 -11.8894 0.5
0 75.8287 86.6209 -6.78238 0.5
0 57.6983 86.7451 -7.02187 0.5
0 8.26004 85.0715 1.46271 0.5
0 3.76563 111.23 -9.94381 0.5
0 98.7463 86.4068 -6.34226 0.5
0 96.4948 92.718 13.1138 0.5
0 41.845 86.2932 -6.09282 0.5
0 5.85131 104.236 -14.3894 0.5
0 52.519 104.485 -14.3139 0.5
0 10.6694 114.18 4.89189 0.5
0 71.5703 114.244 -4.70203 0.5
0 110.333 86.7582 7.04666 0.5
0 57.9903 85.0592 1.33087 0.5
0 19.7545 85.371 3.3155 0.5
0 44.8345 87.5573 8.37727 0.5
0 81.2374 102.994 14.6982 0.5
0 75.7857 86.8654 7.24455 0.5
0 32.8784 95.1597 -14.1976 0.5
0 41.5742 114.87 1.9722 0.5
0 69.5225 114.979 -0.797915 0.5
0 54.7916 114.685 3.05831 0.5
0 44.2052 113.879 -5.68944 0.5
0 22.1706 85.0921 1.65961 0.5
0 32.6513 87.0362 -7.54578 0.5
0 53.3315 103.581 14.5663 0.5
0 56.7441 95.2182 -14.2174 0.5
0 86.459 115 0.00969565 0.5
0 59.4358 107.153 -13.1849 0.5
0 13.0345 106.473 -13.5315 0.5
0 86.8687 90.5354 11.6371 0.5
0 61.8561 88.3327 -9.42733 0.5
0 88.7582 100.589 -14.9884 0.5
0 90.6475 114.992 0.479164 0.5
0 62.5503 86.9192 7.34114 0.5
0 49.3036 101.908 -14.8782 0.5
0 49.0682 95.494 14.3072 0.5
0 25.1728 87.3246 8.02084 0.5
1 121.108 77.2536 -13.982 0.5
1 117.556 74.5742 4.64633 0.5
1 117.823 88.3444 -15 0.5
1 136.715 53.8945 -14.8965 0.5
1 139.426 61.7551 -10.4117 0.5
1 140.12 55.3983 -13.8982 0.5
1 139.401 41.9557 11.967 0.5
1 142.374 37.4532 12.4292 0.5
1 114.14 81.2313 6.49104 0.5
1 127.476 59.5431 -8.8495 0.5
1 155.837 34.9007 -8.48762 0.5
1 112.182 86.2097 -9.08474 0.5
1 160.102 14.8878 -14.9978 0.5
1 153.51 12.7373 -5.81979 0.5
1 124.651 65.2743 -9.89399 0.5
1 140.707 51.7208 14.7004 0.5
1 128.903 56.7069 -8.32558 0.5
1 133.84 66.6846 -13.7246 0.5
1 115.553 77.9589 -4.37459 0.5
1 131.734 76.0685 9.27617 0.5
1 165.4 -1.79491 12.8349 0.5
1 164.027 22.7467 -4.19931 0.5
1 154.875 38.6979 3.84522 0.5
1 116.194 105.563 -4.31123 0.5
1 121.719 75.3481 13.6229 0.5
1 135.884 45.2985 9.26778 0.5
1 125.799 62.4109 8.79706 0.5
1 118.225 85.9263 -14.8972 0.5
1 145.565 33.8344 13.5237 0.5
1 146.918 35.1775 -14.7358 0.5
1 126.761 64.9686 12.7351 0.5
1 121.086 94.5216 -9.26146 0.5
1 136.369 41.3532 1.74352 0.5
1 141.197 62.7037 -2.3552 0.5
1 161.877 13.8102 14.8988 0.5
1 131.079 74.7073 -11.7753 0.5
1 151.854 16.0351 -6.74719 0.5
1 120.117 71.4399 7.54899 0.5
1 118.26 88.6246 14.9661 0.5
1 143.115 33.2711 -9.86892 0.5
1 139.942 53.3667 -14.6318 0.5
1 154.529 25.6628 -14.9751 0.5
1 134.402 44.6775 0.760468 0.5
1 156.802 8.22468 -8.0826 0.5
1 115.415 87.5341 14.1379 0.5
1 130.611 58.0344 -12.566 0.5
1 157.785 33.5537 -4.21599 0.5
1 142.525 35.9071 11.4565 0.5
2 202.096 59.3275 -13.8277 0.5
2 183.381 47.3756 -3.21489 0.5
2 179.354 29.4742 14.5303 0.5
2 179.623 41.2113 -0.401072 0.5
2 214.739 90.6169 -14.5669 0.5
2 199.251 68.8496 12.2641 0.5
2 187.141 46.3619 -13.1997 0.5
2 178.335 34.5264 10.6719 0.5
2 181.619 20.9265 12.1862 0.5
2 213.164 94.4708 -11.0354 0.5
2 173.22 28.3582 -7.06468 0.5
2 191.905 62.0415 3.6359 0.5
2 192.521 47.5199 -14.9642 0.5
2 211.284 95.7546 2.98567 0.5
2 206.782 67.3288 13.779 0.5
2 203.557 53.7543 -5.59634 0.5
2 208.817 85.8402 11.9556 0.5
2 180.342 12.4845 0.833165 0.5
2 189.491 52.0469 -12.191 0.5
2 185.008 34.7706 -14.9801 0.5
2 173.347 2.29697 7.39817 0.5
2 168.299 -3.85518 -10.7532 0.5
2 170.6 7.44496 -14.667 0.5
2 172.15 5.75128 12.9783 0.5
2 222.029 96.6763 14.6992 0.5
2 213.964 95.2593 11.5568 0.5
2 190.539 56.4057 9.88483 0.5
2 189.721 29.1491 3.6175 0.5
2 211.57 76.2879 -14.0467 0.5
2 180.026 17.2882 11.5045 0.5
2 170.42 22.6502 8.47738 0.5
2 187.643 54.347 -4.7119 0.5
2 204.956 56.3571 6.02481 0.5
2 170.835 25.6169 -3.34255 0.5
2 206.797 59.6669 6.29216 0.5
2 192.273 40.1639 -12.7119 0.5
2 196.263 64.0083 -12.0221 0.5
2 179.089 34.3702 -11.9402 0.5
2 209.147 75.6684 14.9051 0.5
2 208.06 89.3019 -5.80215 0.5
2 189.028 27.7735 -2.82051 0.5
2 185.047 29.8462 -13.8485 0.5
2 211.538 66.6512 2.1635 0.5
2 206.06 63.3031 12.2173 0.5
2 180.411 39.5605 -9.02671 0.5
2 167.616 15.2341 -11.3429 0.5
2 175.349 30.0609 -9.92325 0.5
2 203.434 67.4171 -14.9999 0.5
2 218.584 80.0762 -6.28104 0.5
2 218.535 89.1528 -14.3216 0.5
2 209.008 72.0809 14.1313 0.5
2 197.809 57.7434 15 0.5
2 212.573 75.0106 12.5101 0.5
2 201.94 71.367 13.5199 0.5
2 215.711 97.797 -11.9431 0.5
2 210.812 82.6393 -14.8064 0.5
2 186.467 51.4842 -6.71232 0.5
2 176.064 12.4761 -12.9464 0.5
3 259.786 110.177 11.0193 0.5
3 271.853 87.6745 8.54886 0.5
3 290.237 85.4268 3.55278 0.5
3 273.91 86.71 -6.95524 0.5
3 266.968 95.3589 -14.2639 0.5
3 242.156 114.997 -0.298599 0.5
3 300.152 100.555 14.9897 0.5
3 302.89 86.1031 -5.64589 0.5
3 302.435 88.9355 -10.128 0.5
3 315.274 86.2085 5.8987 0.5
3 286.96 86.0164 5.42751 0.5
3 300.172 113.629 -6.26585 0.5
3 328.126 85.0159 0.690951 0.5
3 246.142 109.657 11.4782 0.5
3 261.266 112.938 -7.59069 0.5
3 324.26 114.984 0.682681 0.5
3 288.741 87.0205 -7.51885 0.5
3 225.148 89.2835 10.4956 0.5
3 269.453 101.758 -14.8967 0.5
3 326.072 85.1681 2.23938 0.5
3 230.003 100.537 -14.9904 0.5
3 265.76 85.7098 -4.55949 0.5
3 269.966 94.2179 13.8408 0.5
3 282.737 109.196 11.8508 0.5
3 252.924 101.6 -14.9144 0.5
3 303.757 104.545 -14.295 0.5
3 280.85 111.485 -9.64894 0.5
3 329.63 96.7449 -14.6425 0.5
3 308.336 114.793 2.48098 0.5
3 280.786 102.753 14.7452 0.5
3 239.338 102.771 14.7419 0.5
3 287.281 85.1441 -2.07391 0.5
3 332.68 112.85 -7.73734 0.5
3 286.393 114.854 2.09017 0.5
3 263.003 114.043 5.27238 0.5
3 249.741 113.794 5.89188 0.5
3 276.215 85.5931 -4.1762 0.5
3 277.507 108.087 12.6332 0.5
3 246.816 87.5019 8.29448 0.5
3 284.067 93.2119 -13.3762 0.5
3 277.396 85.964 5.29076 0.5
3 257.815 87.1997 7.82 0.5
3 271.752 115 0.0618445 0.5
3 301.135 113.785 5.91483 0.5
3 282.259 114.683 -3.0684 0.5
3 303.323 85.1928 -2.39703 0.5
3 276.417 88.0792 -9.10458 0.5
3 314.127 97.3868 -14.7706 0.5
3 265.146 113.72 -6.06296 0.5
3 239.988 85.233 2.63339 0.5
3 306.057 85.1402 -2.04576 0.5
3 275.984 114.641 3.26205 0.5
3 329.477 85.0953 -1.68818 0.5
3 288.128 114.083 -5.16524 0.5
3 303.335 109.477 11.6266 0.5
4 346.838 62.1657 -4.04533 0.5
4 333.69 111.722 -8.52757 0.5
4 350.474 82.2533 9.07781 0.5
4 372.498 44.8037 8.07765 0.5
4 369.558 37.9064 -14.9859 0.5
4 375.262 42.2109 2.234 0.5
4 352.546 53.1865 6.46324 0.5
4 351.591 53.9019 3.93347 0.5
4 336.54 96.9053 14.7969 0.5
4 370.735 22.6791 -8.23182 0.5
4 364.685 60.6661 -0.970668 0.5
4 351.577 74.7331 13.5981 0.5
4 352.108 64.279 14.6543 0.5
4 383.717 5.89244 13.3496 0.5
4 365.509 29.7854 -3.89643 0.5
4 346.931 61.6658 2.54768 0.5
4 371.762 48.3452 1.68423 0.5
4 379.191 8.73835 -9.21778 0.5
4 383.839 1.63643 -10.3196 0.5
4 365.272 29.6813 0.194637 0.5
4 369.377 23.875 6.11678 0.5
4 340.718 101.289 5.17557 0.5
4 368.359 51.001 -9.42811 0.5
4 355.738 72.6056 9.7342 0.5
4 336.606 79.451 -1.88824 0.5
4 387.903 6.47167 -14.9674 0.5
4 372.585 19.2291 -7.84459 0.5
4 342.638 71.8434 8.946 0.5
4 362.223 52.0779 14.85 0.5
4 350.136 85.782 -1.84814 0.5
4 334.714 97.7381 14.9994 0.5
4 343.479 88.7604 13.5971 0.5
4 352.062 78.9744 9.7337 0.5
4 383.12 26.998 7.06766 0.5
4 346.195 66.8453 10.3288 0.5
4 342.432 97.1689 7.6079 0.5
4 375.932 22.8489 -14.6171 0.5
4 387.138 19.8285 -7.44592 0.5
4 337.491 93.8753 14.9613 0.5
4 385.563 -0.404483 11.2333 0.5
4 334.666 112.207 3.78459 0.5
4 353.395 68.3718 -14.6721 0.5
4 345.161 78.2468 14.9464 0.5
4 352.185 61.2373 -13.6988 0.5
4 338.196 88.0723 -14.5847 0.5
4 369.599 51.7716 3.50435 0.5
4 364.068 41.7271 14.1282 0.5
4 354.539 69.8358 -13.4873 0.5
5 343.463 -77.6532 14.746 0.5
5 360.062 -45.7148 -14.9936 0.5
5 345.707 -56.1294 1.82049 0.5
5 371.787 -29.9359 -14.4318 0.5
5 343.532 -89.0595 -4.60854 0.5
5 358.292 -34.2639 1.13791 0.5
5 380.475 0.873501 -9.42248 0.5
5 355.974 -40.5637 -8.02713 0.5
5 333.687 -94.761 -14.7125 0.5
5 361.421 -51.2108 13.042 0.5
5 339.216 -69.5882 -8.02614 0.5
5 348.826 -50.7785 -2.1965 0.5
5 377.106 -11.4315 14.0691 0.5
5 375.797 -28.5844 -11.4555 0.5
5 368.885 -41.0723 -10.998 0.5
5 352.549 -73.906 2.78767 0.5
5 370.138 -27.5172 -14.9531 0.5
5 358.415 -55.3803 -13.5786 0.5
5 362.254 -54.6245 8.63235 0.5
5 382.786 -21.7528 -1.12164 0.5
5 379.465 -14.2887 14.8987 0.5
5 377.111 -30.9209 -4.53904 0.5
5 381.284 5.08474 3.90587 0.5
5 363.187 -51.429 -10.5258 0.5
5 381.813 -21.8556 6.79126 0.5
5 336.219 -72.6492 -2.4198 0.5
5 379.942 -26.3734 -3.21105 0.5
5 387.216 -0.989303 -14.8833 0.5
5 377.206 -1.73524 -2.86146 0.5
5 355.091 -67.5659 7.81728 0.5
5 346.457 -80.5468 10.3809 0.5
5 360.148 -34.278 9.35178 0.5
5 357.451 -61.8114 10.0515 0.5
5 375.584 -4.2989 0.923329 0.5
5 363.637 -36.3928 -14.5691 0.5
5 369.088 -38.9295 12.4214 0.5
5 369.257 -17.0445 -7.15286 0.5
5 351.793 -49.5823 10.3106 0.5
5 350.847 -74.4902 -8.47871 0.5
5 338.251 -69.1267 -2.40336 0.5
5 383.602 -20.297 1.58863 0.5
5 372.596 -14.9508 -11.6133 0.5
5 353.343 -58.6554 -14.9752 0.5
5 364.767 -33.1902 -14.206 0.5
5 388.319 -3.51296 -13.6127 0.5
5 337.983 -76.7607 12.911 0.5
5 373.59 -14.311 -12.4192 0.5
5 373.888 -36.8542 3.23538 0.5
5 367.009 -24.8969 -11.8276 0.5
5 380.132 -7.4105 -14.462 0.5
5 388.02 -12.6504 1.53531 0.5
5 383.614 -19.9982 -3.28405 0.5
5 348.585 -77.6646 9.47147 0.5
6 390.407 -107.398 -1.24972 0.5
6 375.084 -101.345 12.0779 0.5
6 427.117 -80.7089 9.33513 0.5
6 377.853 -107.373 1.51687 0.5
6 417.467 -79.4076 -7.40897 0.5
6 400.653 -83.4244 11.9807 0.5
6 418.262 -82.0617 -10.8204 0.5
6 349.341 -94.9225 14.7948 0.5
6 389.494 -100.459 -12.683 0.5
6 350.026 -77.4503 -0.0820743 0.5
6 386.548 -107.272 2.30568 0.5
6 353.584 -77.8692 3.52105 0.5
6 362.434 -77.5407 -1.64631 0.5
6 338.814 -106.119 6.17746 0.5
6 377.011 -92.8153 14.9956 0.5
6 425.247 -91.5132 14.9707 0.5
6 341.623 -87.0863 -14.0082 0.5
6 438.786 -93.0249 14.989 0.5
6 440.14 -107.448 -0.253772 0.5
6 416.345 -85.4875 -13.2861 0.5
6 412.701 -80.5385 -9.1167 0.5
6 408.602 -79.8105 -8.07722 0.5
6 349.138 -77.4906 -1.10117 0.5
6 443.121 -102.744 -10.9105 0.5
6 358.804 -78.2167 -4.73407 0.5
6 336.61 -106.94 3.87739 0.5
6 382.011 -88.6143 -14.5013 0.5
6 391.883 -83.451 12.0007 0.5
6 413.01 -105.809 6.82241 0.5
6 362.864 -107.45 -0.0442615 0.5
6 418.173 -106.943 3.86696 0.5
6 390.639 -82.021 -10.7812 0.5
6 376.328 -89.8067 14.7652 0.5
6 368.019 -107.399 1.23698 0.5
6 386.682 -80.0302 -8.41102 0.5
6 377.928 -98.299 -13.8127 0.5
6 426.221 -101.457 11.9945 0.5
6 334.465 -82.4006 11.1359 0.5
6 401.369 -107.411 -1.08585 0.5
6 416.208 -103.179 -10.4829 0.5
6 365.519 -77.6318 -2.32763 0.5
6 340.311 -100.971 12.3446 0.5
6 340.855 -103.173 -10.4894 0.5
6 374.586 -92.2545 14.9987 0.5
6 345.783 -105.658 -7.10906 0.5
6 413.766 -106.173 6.05646 0.5
6 372.721 -106.003 6.42719 0.5
6 404.094 -78.6526 5.88461 0.5
6 399.512 -82.6239 -11.3334 0.5
6 440.412 -101.808 -11.7231 0.5
6 384.054 -79.9806 8.33731 0.5
6 438.384 -97.5961 14.0896 0.5
6 440.632 -78.5428 5.62017 0.5
6 424.642 -80.6506 -9.26135 0.5
6 437.578 -107.153 2.96967 0.5
6 391.674 -102.207 11.393 0.5
6 378.562 -80.0368 8.42088 0.5
7 485.641 -175.592 -9.27821 0.5
7 468.704 -140.983 13.5121 0.5
7 446.621 -82.6128 -6.3133 0.5
7 482.024 -163.335 -13.8353 0.5
7 479.287 -167.354 3.62773 0.5
7 460.705 -108.88 9.34436 0.5
7 473.575 -154.383 -9.65819 0.5
7 450.79 -115.58 -8.81145 0.5
7 495.407 -179.616 -14.9594 0.5
7 449.835 -93.1079 12.2342 0.5
7 454.71 -98.0013 -8.68553 0.5
7 456.02 -112.116 14.9951 0.5
7 470.979 -123.618 -2.4965 0.5
7 484.52 -171.379 11.5945 0.5
7 464.931 -115.146 -7.8406 0.5
7 495.428 -169.397 9.7965 0.5
7 457.993 -124.274 12.457 0.5
7 473.499 -157.772 -0.217987 0.5
7 479.958 -144.154 11.3497 0.5
7 489.498 -171.048 14.9894 0.5
7 461.555 -136.78 -3.01667 0.5
7 473.571 -150.854 12.7173 0.5
7 482.752 -145.049 -5.99195 0.5
7 446.437 -110.312 -4.1613 0.5
7 499.618 -181.726 13.6182 0.5
7 487.001 -151.236 -1.49662 0.5
7 454.549 -98.4841 -9.67007 0.5
7 475.76 -141.644 -14.1255 0.5
7 495.325 -193.804 -7.07634 0.5
7 494.637 -184.691 -14.0305 0.5
7 484.26 -154.129 13.113 0.5
7 469.773 -145.155 12.1228 0.5
7 470.59 -140.574 14.7289 0.5
7 480.988 -150.996 -14.2281 0.5
7 470.276 -145.539 -12.4633 0.5
7 496.713 -196.284 -6.93015 0.5
7 484.781 -170.361 12.6599 0.5
7 476.167 -132.402 0.450402 0.5
7 480.915 -140.619 -0.0902485 0.5
7 447.589 -112.895 -0.287799 0.5
7 465.637 -115.826 -6.87822 0.5
7 470.001 -142.677 -13.7648 0.5
7 485.092 -164.613 -14.8964 0.5
7 450.453 -97.4633 13.9967 0.5
7 452.926 -92.1414 0.0990835 0.5
7 446.313 -105.858 11.0251 0.5
7 483.917 -158.657 14.8434 0.5
7 457.838 -128.072 8.40425 0.5
7 483.85 -155.256 13.9764 0.5
7 469.894 -122.382 4.98453 0.5
7 476.164 -132.759 3.30225 0.5
7 469.891 -141.231 -14.2426 0.5
8 534.126 -144.419 2.10028 0.5
8 527.767 -132.758 12.7981 0.5
8 520.892 -161.428 12.0456 0.5
8 510.687 -184.698 3.71423 0.5
8 525.22 -132.178 -7.79609 0.5
8 511.467 -183.193 4.26831 0.5
8 519.555 -160.055 -14.0514 0.5
8 511.462 -174.198 14.0039 0.5
8 532.794 -119.773 -8.86275 0.5
8 551.149 -91.4216 -12.2474 0.5
8 520.381 -156.787 -14.6067 0.5
8 535.382 -125.432 14.8714 0.5
8 547.518 -92.1905 4.88921 0.5
8 545.789 -112.019 14.7635 0.5
8 531.64 -148.567 -3.01933 0.5
8 515.84 -164.406 -14.6618 0.5
8 543.103 -111.871 14.8456 0.5
8 516.129 -145.925 2.35871 0.5
8 517.571 -146.533 -9.37569 0.5
8 509.338 -186.902 -4.20034 0.5
8 506.701 -186.966 11.2718 0.5
8 515.785 -170.936 -11.5244 0.5
8 527.972 -125.376 2.11545 0.5
8 510.424 -167.478 -14.6673 0.5
8 520.097 -143.437 10.7814 0.5
8 536.504 -111.474 -5.45241 0.5
8 506.026 -180.079 -14.8866 0.5
8 504.298 -192.146 10.2888 0.5
8 540.652 -114.602 -14.5461 0.5
8 514.853 -147.962 0.62721 0.5
8 516.636 -174.396 -3.70222 0.5
8 547.822 -118.48 -8.08446 0.5
8 515.682 -155.676 -13.8175 0.5
8 507.51 -164.7 -10.2339 0.5
8 551.053 -87.9051 8.52203 0.5
8 506.947 -190.625 5.43018 0.5
8 538.319 -120.317 -14.8678 0.5
8 545.681 -109.523 15 0.5
8 554.965 -99.1685 13.8764 0.5
8 511.637 -183.212 -3.02245 0.5
8 531.824 -118.576 0.81172 0.5
8 515.703 -157.421 14.4413 0.5
8 529.314 -152.787 -1.8527 0.5
8 508.076 -173.088 14.9146 0.5
8 518.021 -142.659 -2.41982 0.5
8 508.015 -171.792 14.6969 0.5
8 522.628 -160.958 -9.66051 0.5
8 520.025 -139.221 -2.61293 0.5
8 526.79 -130.261 8.98309 0.5
8 550.315 -95.7655 13.8496 0.5
8 552.307 -111.909 -5.80383 0.5
8 500.89 -202.011 -1.91056 0.5
8 504.037 -186.513 14.2006 0.5
8 527.685 -154.31 6.35468 0.5
8 521.03 -139.58 -8.0284 0.5
8 530.479 -141.294 13.9904 0.5
8 531.581 -136.256 14.8256 0.5
8 522.247 -162.596 8.36144 0.5
8 530.771 -124.275 -10.0854 0.5
8 553.567 -94.257 14.9104 0.5
8 523.658 -150.723 14.6918 0.5
9 603.148 -81.2948 -10.0279 0.5
9 660.01 -97.05 14.2773 0.5
9 645.766 -77.5277 1.52367 0.5
9 642.283 -81.5098 -10.2621 0.5
9 653.248 -107.439 -0.577523 0.5
9 594.036 -88.8309 14.5568 0.5
9 578.828 -77.5452 -1.68635 0.5
9 605.404 -77.8486 3.43451 0.5
9 611.252 -90.5384 -14.8777 0.5
9 662.016 -94.6103 14.8436 0.5
9 636.94 -84.5095 -12.7258 0.5
9 556.258 -83.8992 -12.3241 0.5
9 634.198 -84.645 -12.8094 0.5
9 580.436 -107.41 -1.09001 0.5
9 660.97 -93.5606 -14.9588 0.5
9 585.993 -105.59 7.23512 0.5
9 653.377 -82.4119 11.146 0.5
9 622.871 -93.4206 14.9686 0.5
9 566.606 -98.8617 -13.5606 0.5
9 558.844 -93.5946 -14.9563 0.5
9 641.825 -79.9561 -8.30054 0.5
9 583.327 -86.6479 -13.8324 0.5
9 595.523 -107.448 -0.241277 0.5
9 598.017 -79.3138 -7.24142 0.5
9 585.381 -98.7938 -13.5925 0.5
9 612.992 -96.7543 14.3692 0.5
9 597.027 -106.368 5.59415 0.5
9 578.772 -78.6455 5.86794 0.5
9 587.74 -82.2018 10.9532 0.5
9 584.596 -79.6945 -7.89271 0.5
9 655.868 -98.5296 -13.7127 0.5
9 597.724 -106.597 -4.98724 0.5
9 651.856 -91.6827 -14.9804 0.5
9 605.182 -104.98 8.2466 0.5
9 660.592 -90.9717 14.927 0.5
9 586 -77.4887 -1.07508 0.5
9 624.757 -102.843 10.8161 0.5
9 570.776 -80.9996 9.68949 0.5
9 625.427 -97.1857 -14.2328 0.5
9 619.615 -83.2869 11.8759 0.5
9 574.206 -107.264 -2.35779 0.5
9 599.347 -104.91 8.3513 0.5
9 665.426 -80.4692 9.02548 0.5
9 603.08 -79.9828 8.34071 0.5
9 575.176 -77.4712 0.795775 0.5
9 587.785 -77.5496 1.72457 0.5
9 636.62 -106.275 5.82033 0.5
9 606.974 -94.9082 14.7972 0.5
9 649.145 -102.712 10.94 0.5
9 574.663 -107.14 3.03191 0.5
9 594.464 -77.8015 3.22762 0.5
9 614.987 -97.3112 14.1905 0.5
9 625.441 -101.054 -12.2874 0.5
9 618.83 -107.284 -2.22271 0.5
9 619.992 -79.2971 7.21105 0.5
9 664.664 -96.3395 14.487 0.5
9 664.697 -106.513 -5.21963 0.5
9 659.944 -106.006 -6.42207 0.5
9 658.727 -89.7022 14.7462 0.5
9 559.141 -105.829 -6.78221 0.5
9 607.816 -105.413 7.54717 0.5
9 618.07 -103.478 10.1675 0.5
9 626.804 -97.1077 -14.2586 0.5
9 601.47 -100.803 12.4593 0.5
9 561.261 -86.99 13.971 0.5
9 634.072 -94.3638 14.8774 0.5
9 642.39 -93.5073 -14.9627 0.5
9 561.444 -97.4889 -14.1283 0.5
9 637.843 -83.3701 -11.9396 0.5
9 659.026 -106.174 -6.05409 0.5
9 574.916 -106.787 4.41179 0.5
9 660.452 -77.6291 -2.31038 0.5
9 605.766 -83.3443 -11.9199 0.5
9 600.272 -77.5497 -1.72596 0.5
9 572.491 -97.9355 -13.961 0.5
9 645.668 -107.44 0.559573 0.5
10 647.356 -51.395 12.9275 0.5
10 653.43 -78.2064 12.2318 0.5
10 658.659 -67.8931 10.525 0.5
10 622.847 -1.8222 -2.83127 0.5
10 637.424 -40.5343 14.9465 0.5
10 658.392 -63.1193 0.194896 0.5
10 645.583 -64.8519 12.0592 0.5
10 629.285 -34.9644 -13.1257 0.5
10 653.77 -55.1559 1.1395 0.5
10 632.46 -47.5352 -4.42376 0.5
10 625.316 -33.8353 7.47272 0.5
10 618.722 -2.09701 -13.0983 0.5
10 642.439 -46.8775 14.5592 0.5
10 616.102 -8.72425 -14.4965 0.5
10 625.13 -30.49 11.1943 0.5
10 634.338 -24.783 -9.42215 0.5
10 625.93 -31.2748 11.7038 0.5
10 664.341 -92.7582 -14.3596 0.5
10 638.378 -49.9495 -13.52 0.5
10 637.486 -34.2369 -12.8906 0.5
10 635.494 -28.8341 11.5067 0.5
10 651.971 -68.6251 -14.9114 0.5
10 631.733 -44.3343 8.45474 0.5
10 625.394 -7.89484 -7.36283 0.5
10 660.658 -71.6555 -10.821 0.5
10 639.11 -33.4899 9.94322 0.5
10 629.307 -27.0882 -14.9858 0.5
10 620.453 -9.66872 -14.7482 0.5
10 665.762 -105.749 1.99865 0.5
10 652.835 -75.6937 13.1583 0.5
10 632.129 -22.8021 -11.3329 0.5
10 620.239 0.437735 8.33327 0.5
10 617.371 2.89585 -11.2129 0.5
10 612.031 1.27744 -14.9727 0.5
10 611.176 -3.26914 -13.3024 0.5
10 626.06 -8.42167 6.11621 0.5
10 614.534 10.0509 8.71955 0.5
10 653.496 -77.3438 -12.8689 0.5
10 637.159 -48.8645 -12.9773 0.5
10 640.955 -44.6305 14.6358 0.5
10 641.261 -61.8722 6.68728 0.5
10 617.228 -10.4891 -14.5445 0.5
10 612.451 -5.45763 -13.313 0.5
10 652.303 -81.4258 -5.74791 0.5
10 640.503 -61.3461 -4.79318 0.5
10 648.448 -75.5972 -2.97069 0.5
10 637.649 -29.0068 7.15408 0.5
10 627.164 -9.26873 -2.66572 0.5
10 654.586 -63.8761 12.9032 0.5
10 619.664 -22.4504 9.73459 0.5
10 618.238 5.28511 5.74789 0.5
10 647.627 -74.138 3.14963 0.5
10 612.894 -13.6716 -4.34002 0.5
10 660.677 -69.3284 -7.9067 0.5
10 612.567 -12.1842 -6.66544 0.5
10 651.453 -76.4514 10.8557 0.5
11 624.131 40.9847 -3.18466 0.5
11 649.031 63.3594 13.7057 0.5
11 658.519 95.904 11.1659 0.5
11 629.279 25.4035 -11.3216 0.5
11 653.52 86.2439 -11.9892 0.5
11 639.273 37.654 1.74426 0.5
11 655.332 73.846 -13.5082 0.5
11 614.059 -5.92297 -2.41813 0.5
11 663.727 84.0275 10.3249 0.5
11 621.8 11.5892 -10.5131 0.5
11 652.231 88.0518 -7.38532 0.5
11 632.865 32.797 12.2501 0.5
11 612.615 9.63274 14.6431 0.5
11 631.984 34.1559 13.8448 0.5
11 646.411 74.3825 -11.6362 0.5
11 613.579 20.933 7.6815 0.5
11 643.456 47.9367 9.18271 0.5
11 625.193 21.0293 13.1942 0.5
11 654.283 69.8804 12.2399 0.5
11 630.151 46.4425 11.4503 0.5
11 638.526 50.7299 -14.9906 0.5
11 631.347 25.2876 6.46231 0.5
11 621.383 28.9775 -13.0412 0.5
11 640.934 51.7595 -14.5438 0.5
11 627.297 22.2481 11.5575 0.5
11 636.685 35.1368 -7.59857 0.5
11 641.92 44.2774 7.72039 0.5
11 629.519 41.8172 -13.6772 0.5
11 620.938 22.0996 -14.9433 0.5
11 627.96 45.0324 -8.90044 0.5
11 618.051 25.5994 -11.3527 0.5
11 643.029 55.3428 14.5327 0.5
11 653.573 71.5719 13.8546 0.5
11 632.795 53.0947 -9.30787 0.5
11 613.645 22.8358 -3.11919 0.5
11 661.794 99.7518 -12.5656 0.5
11 641.256 42.0878 -5.63924 0.5
11 639.948 41.0182 -7.97573 0.5
11 635.757 61.1823 -2.89014 0.5
11 611.216 16.7083 7.89848 0.5
11 649.747 59.902 10.4184 0.5
11 644.19 71.177 11.0834 0.5
11 641.43 66.5485 -10.9426 0.5
11 643.689 63.6632 -14.5951 0.5
11 662.594 101.625 12.2339 0.5
11 619.796 4.24164 3.53862 0.5
11 618.602 2.96477 5.91498 0.5
11 638.266 62.8819 8.90072 0.5
11 651.506 58.8966 2.15516 0.5
11 620.041 13.6989 -13.938 0.5
11 641.4 65.7064 -11.6335 0.5
11 645.686 56.3988 -13.1255 0.5
11 645.883 55.0277 -12.0191 0.5
11 635.95 60.5699 5.94214 0.5
11 619.997 10.1992 12.0245 0.5
11 650.764 86.6396 -4.88175 0.5
11 622.581 9.41402 4.75385 0.5
11 634.975 39.3307 -13.8425 0.5
11 629.592 37.9734 14.8395 0.5
11 634.055 30.4828 7.42803 0.5
11 645.221 59.6987 -14.6641 0.5
11 647.328 71.0449 14.2964 0.5
11 655.811 71.4931 -11.4373 0.5
11 664.55 81.399 1.3913 0.5
11 659.416 83.3135 14.4206 0.5
11 657.118 83.0867 -14.9953 0.5
11 648.41 54.0304 -4.37186 0.5
11 618.72 6.71397 10.9606 0.5
11 663.111 89.4694 -14.3489 0.5
11 654.429 69.068 -11.4115 0.5
11 654.276 68.8669 11.4654 0.5
11 648.487 66.4014 -14.8509 0.5
11 641.515 62.2191 -13.8405 0.5
11 624.959 27.7876 -15 0.5
12 733.837 85.7303 -4.62327 0.5
12 728.434 112.755 7.89388 0.5
12 691.479 86.65 -6.83949 0.5
12 739.97 89.125 -10.3312 0.5
12 678.122 99.1616 14.9766 0.5
12 676.415 107.906 -12.7475 0.5
12 730.087 101.531 -14.9217 0.5
12 680.076 107.678 -12.8858 0.5
12 738.845 99.3018 -14.9837 0.5
12 776.756 91.732 -12.5156 0.5
12 695.021 85.0563 -1.29785 0.5
12 668.904 113.092 -7.32044 0.5
12 741.981 114.586 -3.49863 0.5
12 723.614 85.4335 -3.58004 0.5
12 706.755 86.1719 -5.81232 0.5
12 726.823 87.1471 7.73325 0.5
12 753.983 88.8213 10.0018 0.5
12 738.883 89.8901 11.0811 0.5
12 698.203 93.2237 -13.3822 0.5
12 737.835 105.046 -14.1257 0.5
12 776.801 85.0555 1.28891 0.5
12 710.815 91.7848 12.5503 0.5
12 746.978 98.9202 -14.9611 0.5
12 734.844 113.651 6.21786 0.5
12 713.382 99.3981 14.9879 0.5
12 687.233 95.5181 -14.3148 0.5
12 743.221 85.2671 -2.81817 0.5
12 722.518 91.5133 -12.3683 0.5
12 751.077 97.5574 14.7998 0.5
12 755.588 85.0376 1.06103 0.5
12 740.492 86.4931 6.52403 0.5
12 760.333 109.343 11.7352 0.5
12 670.748 92.6851 -13.0955 0.5
12 750.747 113.505 6.52709 0.5
12 772.153 89.6774 10.8832 0.5
12 708.244 114.909 -1.65305 0.5
12 764.96 102.383 14.8095 0.5
12 755.086 114.208 4.80826 0.5
12 722.335 108.272 -12.513 0.5
12 701.119 87.7748 8.69163 0.5
12 766.78 85.4938 3.81711 0.5
12 720.187 104.559 -14.2903 0.5
12 702.121 95.4518 14.2938 0.5
12 678.251 86.8754 7.26263 0.5
12 757.223 93.5658 -13.55 0.5
12 708.068 110.57 -10.6436 0.5
12 750.035 87.1114 7.67362 0.5
12 766.342 109.619 -11.5098 0.5
12 761.133 85.6648 4.41599 0.5
12 725.695 93.832 13.6732 0.5
12 723.202 85.0909 -1.64922 0.5
12 731.226 86.7339 7.00076 0.5
13 787.78 72.3887 -10.9165 0.5
13 793.362 58.1398 -1.98393 0.5
13 792.855 83.028 -11.8913 0.5
13 788.166 95.2423 7.05747 0.5
13 812.766 40.423 -14.965 0.5
13 801.142 46.8656 8.03532 0.5
13 796.933 59.6104 13.1522 0.5
13 797.826 62.1063 14.6614 0.5
13 825.461 29.5867 -8.76025 0.5
13 823.824 20.2142 -15 0.5
13 821.934 11.1136 8.43285 0.5
13 803.957 48.9591 13.8758 0.5
13 820.332 27.8948 -14.9144 0.5
13 800.509 50.6621 -11.2105 0.5
13 787.695 68.1114 -2.92459 0.5
13 802.653 58.6076 14.9042 0.5
13 830.665 16.6412 12.5308 0.5
13 816.541 22.2603 10.6136 0.5
13 792.277 62.1896 -7.98673 0.5
13 822.409 8.18394 3.79416 0.5
13 789.482 64.893 2.22058 0.5
13 827.59 22.8237 11.924 0.5
13 801.12 73.4492 5.68861 0.5
13 781.179 102.284 12.5758 0.5
13 788.618 96.2237 0.185622 0.5
13 811.513 49.6339 -12.647 0.5
13 797.602 80.5692 1.67663 0.5
13 786.761 97.9067 6.60736 0.5
13 811.835 51.6011 -10.6231 0.5
13 804.467 68.7186 -1.27908 0.5
13 808.289 52.611 13.9716 0.5
13 820.755 16.0156 -11.5702 0.5
13 816.44 25.4786 12.9574 0.5
13 794.002 72.2365 14.9962 0.5
13 817.39 28.3795 -14.6949 0.5
13 826.285 29.9438 -5.48512 0.5
13 801.987 50.7688 13.1044 0.5
13 818.973 30.257 -14.9135 0.5
13 826.285 16.0325 -14.9999 0.5
13 783.637 98.99 11.8953 0.5
13 822.242 7.99832 -0.619932 0.5
13 831.547 19.6798 -7.80242 0.5
14 871.982 74.7348 -14.4519 0.5
14 857.206 60.1133 -0.547921 0.5
14 858.715 42.4421 -14.0343 0.5
14 853.53 47.1542 -12.4292 0.5
14 854.255 27.843 -8.77011 0.5
14 875.952 73.6882 14.483 0.5
14 852.369 39.8749 -14.67 0.5
14 870.161 66.1885 -14.937 0.5
14 840.501 19.0712 -14.7205 0.5
14 857.109 56.2037 -9.9231 0.5
14 856.34 55.2675 9.45658 0.5
14 876.831 65.4457 6.17589 0.5
14 888.608 105.335 13.8241 0.5
14 880.898 73.8063 -8.50791 0.5
14 887.508 110.66 -7.39338 0.5
14 849.686 17.1057 -0.47569 0.5
14 865.614 71.058 -9.78205 0.5
14 864.192 68.3889 -10.0179 0.5
14 843.744 8.03145 -5.93758 0.5
14 864.202 50.2973 13.2959 0.5
14 880.47 85.398 -15 0.5
14 879.88 99.2684 1.95182 0.5
14 871.857 64.7369 -13.8491 0.5
14 858.117 40.1234 13.4806 0.5
14 882.786 88.2245 14.9516 0.5
14 846.884 40.8119 6.39751 0.5
14 885.175 108.418 2.11255 0.5
14 842.493 31.0789 -9.70357 0.5
14 869.96 57.103 11.0791 0.5
14 869.879 82.0716 -0.281747 0.5
14 847.681 43.3084 3.06581 0.5
14 879.097 69.108 -5.5599 0.5
14 853.188 23.1734 -0.516361 0.5
14 881.702 101.237 6.13959 0.5
14 881.055 75.5653 -10.3408 0.5
14 859.027 63.2585 0.775713 0.5
14 860.011 64.9464 1.02665 0.5
14 843.199 14.9599 13.7896 0.5
14 879.483 78.3917 14.0259 0.5
14 847.314 39.4639 -9.66265 0.5
14 884.548 92.4215 14.9999 0.5
14 855.228 35.0197 -13.4311 0.5
14 846.777 17.3937 -11.4707 0.5
14 858.294 33.9587 -7.39547 0.5
14 851.306 40.2834 14.0025 0.5
14 837.259 7.07039 -14.585 0.5
14 857.275 30.519 2.86472 0.5
14 865.632 70.4605 10.4687 0.5
14 879.646 77.0796 -13.3134 0.5
14 840.371 1.52801 -4.07065 0.5
14 863.884 44.7474 -9.07557 0.5
14 876.487 64.0549 -3.97438 0.5
14 837.856 22.1063 10.7146 0.5
14 883.054 104.098 4.81898 0.5
14 839.759 22.1584 13.1292 0.5
14 884.61 106.581 -5.40739 0.5
14 878.884 74.0213 -12.2547 0.5
14 854.439 37.4532 14.7213 0.5
15 900.509 109.962 11.2145 0.5
15 889.098 85.0568 -1.30373 0.5
15 976.761 113.624 6.27601 0.5
15 996.346 112.864 -7.71556 0.5
15 948.297 94.5553 -13.977 0.5
15 929.766 85.8326 -4.92785 0.5
15 922.517 85.0222 -0.816692 0.5
15 972.514 108.309 12.4886 0.5
15 915.058 112.714 7.96025 0.5
15 960.545 85.1081 -1.7979 0.5
15 991.945 97.4044 14.7737 0.5
15 995.735 85.147 -2.09496 0.5
15 980.865 103.678 -14.5421 0.5
15 962.727 93.4353 -13.4872 0.5
15 939.358 92.3584 12.9076 0.5
15 930.083 105.176 14.0788 0.5
15 975.89 86.3742 -6.27192 0.5
15 952.423 97.1473 -14.7262 0.5
15 955.48 88.0232 9.0308 0.5
15 989.712 109.789 -11.3655 0.5
15 890.087 86.771 -7.07068 0.5
15 949.405 114.254 -4.67238 0.5
15 955.824 103.947 14.4713 0.5
15 908.48 106.97 13.2821 0.5
15 957.779 93.4531 13.4959 0.5
15 982.011 98.025 -14.8694 0.5
15 965.08 101.461 14.9286 0.5
15 951.261 85.5904 4.16681 0.5
15 933.314 104.73 -14.2347 0.5
15 997.431 113.073 -7.35496 0.5
15 977.571 101.968 14.8703 0.5
15 964.559 94.8307 14.0811 0.5
15 964.451 99.9555 14.9999 0.5
15 983.398 114.611 -3.3959 0.5
15 916.007 106.697 -13.422 0.5
15 978.256 98.9238 -14.9613 0.5
15 943.394 94.879 -14.0988 0.5
15 968.75 114.814 2.35705 0.5
15 985.837 104.927 14.1676 0.5
15 951.009 86.8085 -7.14027 0.5
15 922.905 113.931 5.56035 0.5
15 940.887 94.7897 14.066 0.5
15 909.034 114.991 0.506196 0.5
15 987.462 98.4147 -14.916 0.5
15 950.142 103.259 14.6417 0.5
15 961.835 114.99 0.557015 0.5
15 927.114 95.302 -14.2453 0.5
15 932.587 92.8747 -13.1996 0.5
15 931.169 100.223 -14.9983 0.5
15 894.718 94.7412 14.048 0.5
