0 34.9454 12.7623 48.8834 0.5
0 298.46 114.684 -98.916 0.5
0 60.1192 126.954 96.2989 0.5
0 3.33035 2.41286 -21.8346 0.5
0 213.44 2.14277 -20.5903 0.5
0 241.51 54.3015 -88.9474 0.5
0 119.219 181.005 58.6365 0.5
0 289.449 185.832 -51.3107 0.5
0 118.517 83.7396 -98.6691 0.5
0 228.756 28.9943 -70.4144 0.5
0 290.132 190.582 -42.3658 0.5
0 262.582 131.183 95.0136 0.5
0 158.541 185.315 52.1666 0.5
0 314.586 122.902 -97.3422 0.5
0 164.916 65.0198 -93.6824 0.5
0 26.2159 98.604 99.9903 0.5
0 124.804 197.068 24.039 0.5
0 331.931 67.4023 -94.5378 0.5
0 219.421 20.722 60.9508 0.5
0 107.438 189.014 -45.5686 0.5
0 31.1968 111.512 -99.3352 0.5
0 233.794 184.507 53.4654 0.5
0 240.135 152.722 84.9729 0.5
0 105.942 28.6612 70.0769 0.5
0 47.8908 145.7 88.9468 0.5
0 209.66 107.105 99.7473 0.5
0 69.689 35.9111 -76.7634 0.5
0 229.599 199.812 -6.12399 0.5
0 28.2898 4.49456 -29.6431 0.5
0 112.762 188.818 -45.9499 0.5
0 64.245 177.879 -62.7279 0.5
0 146.219 14.0317 -51.0828 0.5
0 129.616 199.723 7.44445 0.5
0 111.168 139.385 91.9177 0.5
0 55.5825 41.9715 81.4413 0.5
0 135.537 199.053 13.727 0.5
0 176.581 177.162 63.6087 0.5
0 222.814 68.2914 94.8397 0.5
0 9.85233 28.115 69.5165 0.5
0 75.2807 23.8843 -64.8568 0.5
0 188.966 184.971 -52.7253 0.5
0 0.554125 173.254 -68.0725 0.5
0 307.779 59.4373 91.4039 0.5
0 60.9569 192.877 -37.0659 0.5
0 2.02839 171.686 -69.7216 0.5
0 272.033 22.8839 -63.6641 0.5
0 230.905 138.12 92.4494 0.5
0 106.889 176.19 -64.7697 0.5
0 202.462 137.57 -92.6743 0.5
0 203.257 199.997 -0.77185 0.5
0 303.981 170.634 70.7877 0.5
0 175.779 64.2686 93.3984 0.5
0 122.095 190.093 -43.396 0.5
0 25.1927 166.991 -74.2441 0.5
0 14.3031 141.254 -91.0942 0.5
0 129.24 0.0456332 -3.02069 0.5
0 17.782 4.66301 30.1804 0.5
0 5.31281 5.97446 34.047 0.5
0 72.6697 75.0379 -96.8344 0.5
0 0.822272 48.914 -85.9664 0.5
0 267.714 20.4886 -60.646 0.5
0 16.4748 36.0335 -76.8654 0.5
0 3.7422 48.2413 85.563 0.5
0 109.41 189.753 -44.0963 0.5
0 127.753 193.225 36.1804 0.5
0 251.281 199.951 3.11797 0.5
0 185.447 82.9824 -98.5414 0.5
0 159.136 143.997 89.8012 0.5
0 17.7009 113.189 -99.1264 0.5
0 109.563 40.3458 -80.2582 0.5
0 124.409 17.3097 56.2345 0.5
0 47.5767 146.177 -88.6999 0.5
0 161.069 0.622863 11.1438 0.5
0 89.1234 13.1461 49.5621 0.5
0 115.466 1.20959 15.5066 0.5
0 312.891 7.55093 38.1205 0.5
0 260.229 97.9008 -99.978 0.5
0 325.823 95.2047 99.885 0.5
0 88.4719 189.879 43.8369 0.5
0 120.693 35.9883 76.8277 0.5
0 184.277 4.58738 29.9405 0.5
0 179.854 160.189 79.8581 0.5
0 179.735 186.444 -50.2744 0.5
0 106.042 94.1604 -99.8293 0.5
0 79.4725 87.7277 -99.2441 0.5
0 257.886 5.86568 -33.7451 0.5
0 278.746 1.19381 -15.4058 0.5
0 65.8278 76.4263 -97.1817 0.5
0 236.71 82.4103 -98.4409 0.5
0 205.769 8.8623 -41.1573 0.5
0 160.428 57.1463 -90.3524 0.5
0 248.95 5.59767 32.9879 0.5
0 239.399 197.634 -21.6221 0.5
0 175.583 4.55151 29.8259 0.5
0 187.279 155.896 -82.9193 0.5
0 221.964 106.077 -99.8152 0.5
0 175.319 131.35 94.959 0.5
0 27.9106 122.966 97.3272 0.5
0 42.3093 138.512 -92.2866 0.5
0 87.9572 200 -0.141458 0.5
0 46.3094 94.6544 -99.857 0.5
0 253.825 108.193 99.6638 0.5
0 52.0275 3.28087 -25.4049 0.5
0 277.843 169.152 -72.2358 0.5
0 152.354 69.9847 -95.3891 0.5
0 317.326 166.849 -74.3723 0.5
0 295.482 170.6 -70.8216 0.5
0 216.002 148.252 -87.5883 0.5
0 9.748 78.2948 97.616 0.5
0 118.454 2.04706 -20.1301 0.5
0 3.84346 1.13947 -15.0531 0.5
0 147.509 7.13694 37.1006 0.5
0 114.446 0.0016325 0.571399 0.5
0 93.5205 194.105 33.8268 0.5
0 289.038 63.025 -92.9131 0.5
0 119.355 53.9484 88.7651 0.5
0 108.511 171.505 69.9075 0.5
0 56.6087 147.824 87.8229 0.5
0 25.4334 180.035 59.9535 0.5
0 35.3169 17.6713 -56.7625 0.5
0 307.25 1.5788 -17.6994 0.5
0 154.484 66.044 94.0584 0.5
0 91.1408 0.000144148 -0.169793 0.5
0 251.145 20.0191 60.0254 0.5
0 312.445 179.409 -60.7796 0.5
0 217.979 58.064 -90.782 0.5
0 247.463 177.167 -63.6026 0.5
0 304.869 28.9895 -70.4096 0.5
0 315.017 194.096 33.852 0.5
0 94.7464 69.65 95.2831 0.5
0 92.082 194.671 32.2083 0.5
0 138.102 181.183 -58.3893 0.5
0 157.252 11.4579 46.4789 0.5
0 230.464 199.972 -2.35044 0.5
0 165.317 6.06562 34.2977 0.5
0 84.1582 50.0462 -86.6292 0.5
0 329.607 154.858 83.6096 0.5
0 301.481 4.16127 28.5471 0.5
0 3.77458 2.30184 21.3323 0.5
0 237.431 62.5184 -92.7099 0.5
0 76.735 183.82 54.5356 0.5
0 245.927 191.252 -40.9024 0.5
0 136.03 36.2092 -77.0113 0.5
0 190.441 3.69462 26.9309 0.5
0 314.689 68.155 -94.794 0.5
0 108.234 194.41 -32.965 0.5
0 270.173 199.544 -9.5409 0.5
0 43.0173 199.472 -10.2662 0.5
0 174.301 37.8835 -78.368 0.5
0 206.914 98.0153 -99.9803 0.5
0 261.62 193.607 -35.1807 0.5
0 276.246 199.988 -1.54421 0.5
0 214.816 13.7364 50.5825 0.5
0 255.32 20.5626 -60.7429 0.5
0 183.073 80.0509 97.99 0.5
0 291.154 94.9253 99.8712 0.5
0 310.246 180.58 -59.2194 0.5
0 172.873 93.6435 99.7978 0.5
0 221.463 199.357 -11.3202 0.5
0 240.112 189.838 -43.9221 0.5
0 40.4153 122.541 -97.4265 0.5
0 305.199 96.9203 99.9526 0.5
0 249.275 93.3615 -99.7794 0.5
0 116.179 188.184 -47.1552 0.5
0 22.4476 37.1594 -77.7886 0.5
0 54.9423 118.512 98.2715 0.5
0 101.698 195.392 30.0074 0.5
0 3.18613 30.0276 -71.4414 0.5
0 327.841 32.0832 -73.3983 0.5
0 140.522 18.9848 58.6219 0.5
0 190.401 182.065 57.1431 0.5
0 113.083 160.425 79.6795 0.5
0 154.425 0.12975 5.09247 0.5
0 307.421 27.9145 -69.3086 0.5
0 140.769 199.77 -6.78119 0.5
0 69.6992 94.591 -99.8536 0.5
0 296.597 167.016 74.2214 0.5
0 205.937 8.48203 40.3046 0.5
0 4.76912 11.8429 47.2052 0.5
0 224.692 179.362 -60.8418 0.5
0 85.9133 89.5564 99.4532 0.5
0 18.9483 103.2 -99.9488 0.5
0 116.3 82.5907 98.4729 0.5
0 268.488 8.62697 40.6321 0.5
0 150.936 88.45 -99.3307 0.5
0 162.049 140.486 -91.4379 0.5
0 271.463 14.8809 52.4856 0.5
0 1.02362 3.92369 -27.737 0.5
0 93.8905 30.0289 71.4426 0.5
0 170.204 21.2897 -61.6822 0.5
0 233.892 114.705 98.9129 0.5
0 238.296 13.2657 -49.771 0.5
0 316.959 165.968 -75.1551 0.5
0 331.449 1.33387 -16.2787 0.5
0 296.805 48.2988 -85.5978 0.5
0 276.557 11.6461 -46.8357 0.5
0 113.555 56.7897 90.1824 0.5
0 84.63 98.0777 99.9815 0.5
0 229.211 9.56323 -42.6754 0.5
0 253.164 193.518 35.4171 0.5
0 230.712 179.508 60.6502 0.5
0 92.987 191.117 41.2038 0.5
0 216.519 87.2217 -99.1802 0.5
0 182.894 164.37 -76.5277 0.5
0 250.935 2.21979 20.953 0.5
0 295.729 47.7785 85.2814 0.5
0 214.924 3.22135 25.1772 0.5
0 249.091 105.769 99.8334 0.5
0 234.238 199.991 -1.33129 0.5
0 17.8493 199.563 9.33446 0.5
0 239.248 193.215 36.2079 0.5
0 283.471 69.8835 95.3572 0.5
0 27.212 3.49558 26.2087 0.5
0 77.7392 134.269 93.945 0.5
0 107.85 2.24292 -21.0607 0.5
0 8.82951 199.708 -7.63554 0.5
0 263.536 171.952 69.4471 0.5
0 69.7571 151.693 85.6027 0.5
0 320.904 5.77237 33.4836 0.5
0 10.5492 26.2547 -67.5399 0.5
0 58.3955 60.6666 91.9396 0.5
0 43.3552 45.3045 83.7162 0.5
0 89.0676 198.901 -14.7877 0.5
0 160.912 166.927 -74.3015 0.5
0 120.444 79.5787 -97.8926 0.5
0 125.541 0.101067 4.49479 0.5
0 291.69 13.9991 51.028 0.5
0 191.445 0.00219244 -0.66218 0.5
0 244.739 197.663 21.4916 0.5
0 40.5441 29.8303 71.2475 0.5
0 226.208 63.6208 93.148 0.5
0 212.108 4.73059 30.3931 0.5
0 209.956 118.587 98.2574 0.5
0 70.7 20.9015 -61.1835 0.5
0 228.985 31.7699 -73.1071 0.5
0 61.6141 168.505 72.85 0.5
0 65.3226 5.29293 32.1025 0.5
0 116.605 174.173 67.07 0.5
0 179.964 30.448 71.8507 0.5
0 330.753 131.382 94.9482 0.5
0 253.265 105.892 99.8263 0.5
0 237.442 8.67745 -40.7455 0.5
0 323.741 43.987 82.8405 0.5
0 223.551 135.012 -93.6706 0.5
0 6.52773 186.1 -50.8599 0.5
0 214.72 184.81 52.9834 0.5
0 136.995 180.99 58.657 0.5
0 327.497 54.6472 89.1242 0.5
0 133.453 199.963 2.72525 0.5
0 220.838 163.685 -77.0991 0.5
0 20.848 124.852 96.8626 0.5
0 5.88764 112.38 -99.2308 0.5
0 205.344 0.201912 6.3515 0.5
0 11.0539 50.7307 -87.0203 0.5
0 322.103 10.72 45.0453 0.5
0 177.62 0.0183648 1.91641 0.5
0 291.268 0.0177621 -1.8847 0.5
0 75.5928 64.6602 -93.5473 0.5
0 195.886 188.967 45.6596 0.5
0 47.1736 25.6444 -66.8673 0.5
0 96.5877 41.41 -81.0384 0.5
0 322.859 196.31 -26.914 0.5
0 197.67 79.8799 97.955 0.5
0 81.1015 2.57241 -22.5359 0.5
0 300.394 18.3839 -57.7825 0.5
0 190.832 80.6477 -98.1096 0.5
0 212.015 163.435 77.3048 0.5
0 72.7105 131.607 -94.8736 0.5
0 83.5467 181.158 -58.4247 0.5
0 310.965 137.579 92.6707 0.5
0 206.276 52.0097 -87.7322 0.5
0 128.087 133.18 94.3351 0.5
0 26.8847 127.038 96.2755 0.5
0 229.691 115.866 -98.7334 0.5
0 57.7555 73.9518 96.5479 0.5
0 197.615 39.4057 79.5508 0.5
0 183.804 68.4225 94.8834 0.5
0 85.5575 200 -0.0538762 0.5
0 40.063 7.29996 37.506 0.5
0 46.3608 197.235 -23.3528 0.5
0 80.5893 197.923 20.2772 0.5
0 217.107 191.504 -40.3361 0.5
0 218.759 60.7894 91.992 0.5
0 247.419 170.68 -70.7413 0.5
0 306.01 199.321 11.6315 0.5
0 282.466 147.893 -87.7855 0.5
0 133.9 65.5516 93.8792 0.5
0 201.541 179.675 -60.4312 0.5
0 315.471 191.525 40.2891 0.5
0 278.753 177.373 63.3517 0.5
0 308.156 96.8594 99.9507 0.5
0 262.904 37.6509 -78.183 0.5
0 166.907 145.772 -88.9095 0.5
0 30.8267 1.13902 -15.0501 0.5
0 41.145 197.611 -21.7285 0.5
0 123.63 139.998 -91.6526 0.5
0 172.671 73.901 -96.5342 0.5
0 174.596 181.841 57.4633 0.5
0 314.467 192.776 37.3169 0.5
0 59.5063 171.984 -69.4135 0.5
0 204.381 188.191 47.1414 0.5
0 16.3282 5.98119 34.0656 0.5
0 138.637 100.158 -99.9999 0.5
0 300.615 198.949 14.4595 0.5
0 155.732 192.131 -38.8824 0.5
0 145.153 189.8 43.9991 0.5
0 244.271 168.661 72.7025 0.5
0 51.189 187.047 49.2215 0.5
0 191.843 109.876 -99.5111 0.5
0 109.922 184.924 52.8005 0.5
0 233.304 189.267 45.0706 0.5
0 165.427 0.349873 -8.35776 0.5
0 281.524 4.2397 28.8091 0.5
0 171.14 0.0455145 -3.01676 0.5
0 93.5947 155.776 -83.0005 0.5
0 262.849 37.8066 78.307 0.5
0 141.827 0.825996 -12.8264 0.5
0 303.908 112.154 -99.2586 0.5
0 144.348 56.0411 89.8199 0.5
0 320.631 196.25 -27.1273 0.5
0 144.569 199.636 -8.52165 0.5
0 326.14 148.859 87.2513 0.5
0 283.592 197.121 23.8224 0.5
0 151.021 37.2716 77.879 0.5
0 126.042 11.6705 46.8818 0.5
0 283.614 57.0183 90.2916 0.5
0 125.975 193.28 36.0398 0.5
0 310.037 64.4662 93.4738 0.5
0 179.872 5.3915 -32.3918 0.5
0 40.3837 144.478 89.564 0.5
0 66.3875 56.3556 -89.9731 0.5
0 302.598 14.6351 -52.0849 0.5
0 29.9413 179.416 -60.7706 0.5
0 256.205 9.94351 43.4721 0.5
0 197.882 24.3168 -65.3609 0.5
0 148.692 67.532 94.5824 0.5
0 294.657 17.1945 56.0647 0.5
0 120.253 190.703 -42.1069 0.5
0 108.372 14.4353 -51.7561 0.5
0 317.183 199.547 9.50362 0.5
0 119.802 168.184 -73.1504 0.5
0 275.488 4.64295 -30.117 0.5
0 135.494 25.136 66.2977 0.5
0 121.006 183.186 55.4981 0.5
0 90.0699 146.789 88.3788 0.5
0 67.733 30.2763 71.684 0.5
0 325.893 156.467 -82.5319 0.5
0 223.516 21.8384 62.376 0.5
0 84.2299 199.038 13.8353 0.5
0 182.943 177.682 62.9728 0.5
0 19.2663 1.21486 15.5401 0.5
0 151.196 104.702 -99.8894 0.5
0 189.765 199.925 3.88133 0.5
0 9.0864 25.7676 -67.0041 0.5
0 314.417 52.9341 88.2315 0.5
0 84.2734 29.9184 71.3342 0.5
0 186.518 0.214836 6.55142 0.5
0 145.9 0.542818 -10.4052 0.5
0 219.804 180.76 58.9728 0.5
0 151.246 199.996 0.918615 0.5
0 203.955 158.018 81.4488 0.5
0 76.9212 117.701 -98.421 0.5
0 327.098 178.951 -61.3742 0.5
0 152.163 61.95 92.4781 0.5
0 255.161 172.153 69.2382 0.5
0 194.902 183.324 55.2913 0.5
0 70.7827 185.404 -52.0213 0.5
0 149.608 182.312 56.7868 0.5
0 245.883 14.1317 51.2507 0.5
0 171.788 64.5157 -93.4926 0.5
0 275.344 199.093 13.4371 0.5
0 212.202 21.4306 -61.8615 0.5
0 221.12 180.877 58.8132 0.5
0 29.4401 193.251 -36.114 0.5
0 252.214 50.0491 -86.6309 0.5
0 289.042 199.678 8.01686 0.5
0 251.279 164.416 -76.4889 0.5
0 197.089 184.225 -53.9086 0.5
0 310.33 47.4332 85.069 0.5
0 74.2484 183.474 55.0649 0.5
0 143.943 181.091 58.5173 0.5
0 160.782 0.000696141 -0.373132 0.5
0 182.002 88.3956 -99.3244 0.5
0 211.268 104.402 -99.9031 0.5
0 128.153 52.8065 88.1633 0.5
0 317.234 49.4255 -86.2683 0.5
0 3.09652 1.93177 19.5608 0.5
0 74.6548 88.4187 -99.3271 0.5
0 117.553 192.439 38.1453 0.5
0 29.13 141.888 90.8042 0.5
0 89.2182 147.952 -87.7528 0.5
0 139.232 197.753 21.0779 0.5
0 22.042 65.0553 -93.6956 0.5
0 288.637 99.6988 99.9995 0.5
0 50.4045 52.965 88.248 0.5
0 91.9365 12.4875 48.3897 0.5
0 130.734 44.2823 -83.0394 0.5
0 223.207 131.429 -94.9327 0.5
0 325.825 71.3601 -95.8111 0.5
0 301.911 86.2416 -99.049 0.5
0 28.0486 49.9778 -86.5897 0.5
0 100.975 190.57 -42.3927 0.5
0 69.3146 65.0562 -93.6959 0.5
0 110.752 13.2495 49.7428 0.5
0 260.852 0.0506097 -3.1811 0.5
0 244.556 112.489 -99.2171 0.5
0 37.3179 26.8994 -68.2371 0.5
0 301.664 44.5925 -83.2466 0.5
0 300.454 184.906 52.8297 0.5
0 85.3208 1.39309 16.6336 0.5
0 98.8233 111.271 99.3628 0.5
0 193.339 80.2076 -98.0217 0.5
0 136.894 0.377349 8.67914 0.5
0 51.3052 35.165 76.1343 0.5
0 163.117 23.348 -64.2221 0.5
0 56.1921 199.999 0.498587 0.5
0 287.09 116.298 -98.6629 0.5
0 119.999 0.170747 -5.84125 0.5
0 291.341 185.662 -51.5944 0.5
0 104.253 4.75812 -30.4793 0.5
0 120.927 45.9921 84.1615 0.5
0 180.984 181.81 57.5082 0.5
0 106.646 0.34563 -8.30702 0.5
0 74.4054 20.2945 -60.3907 0.5
0 183.048 48.9399 85.9818 0.5
0 87.7802 115.814 -98.7416 0.5
0 83.4582 3.13095 24.8272 0.5
0 230.841 185.638 -51.6354 0.5
0 313.892 129.773 95.4651 0.5
0 168.375 111.579 -99.3274 0.5
0 100.013 74.9255 -96.8053 0.5
0 104.862 168.046 73.2783 0.5
0 11.0621 49.1991 -86.1352 0.5
0 141.608 136.059 -93.2726 0.5
0 24.0473 2.34514 -21.5297 0.5
0 112.264 25.8563 67.1022 0.5
0 66.7888 17.0247 -55.8131 0.5
0 164.843 192.244 38.6136 0.5
0 270.565 199.991 1.34147 0.5
0 50.8953 48.8651 -85.9373 0.5
0 14.741 17.1261 -55.9635 0.5
0 166.754 112.489 -99.217 0.5
0 213.741 1.10266 14.8093 0.5
0 37.7416 199.675 -8.05601 0.5
0 99.6318 193.188 36.2754 0.5
0 105.647 39.2606 -79.44 0.5
0 263.541 120.529 97.8701 0.5
0 190.796 26.1017 -67.3724 0.5
0 143.733 83.6346 -98.6518 0.5
0 239.235 158.688 -80.9671 0.5
0 213.957 199.889 4.7082 0.5
0 73.3547 94.1056 99.8261 0.5
0 304.379 99.5874 -99.9991 0.5
0 244.426 12.5751 48.5477 0.5
0 5.68027 108.885 -99.6045 0.5
0 219.913 96.4876 99.9383 0.5
0 123.897 38.727 79.0292 0.5
0 235.606 14.0892 51.1794 0.5
0 98.7298 0.0398784 -2.82384 0.5
0 318.802 199.768 -6.80561 0.5
0 215.878 198.085 19.4762 0.5
0 48.4599 85.0025 98.869 0.5
0 323.832 121.403 97.6828 0.5
0 166.501 5.13652 -31.6373 0.5
0 10.9835 130.687 95.1753 0.5
0 7.77714 176.185 -64.7749 0.5
0 93.7738 176.122 64.8497 0.5
0 9.04323 40.3711 80.277 0.5
0 51.9505 86.5767 -99.095 0.5
0 33.0073 173.678 67.6135 0.5
0 25.0695 5.43153 32.5085 0.5
0 3.11616 31.559 -72.9097 0.5
0 244.258 168.583 -72.7764 0.5
0 120.704 59.0824 -91.2456 0.5
0 8.87593 180.008 59.9893 0.5
0 127.705 199.129 -13.1704 0.5
0 67.0985 103.434 99.941 0.5
0 26.4575 164.349 -76.5453 0.5
0 37.3151 0.135993 -5.21346 0.5
0 220.654 135.776 -93.3815 0.5
0 140.438 198.335 -18.1698 0.5
0 316.175 199.615 8.76413 0.5
0 297.932 107.4 -99.7258 0.5
0 308.354 64.3494 -93.4293 0.5
0 109.823 17.4569 -56.4503 0.5
0 262.484 179.455 -60.7203 0.5
0 157.459 72.7523 -96.2162 0.5
0 141.083 198.07 -19.5527 0.5
0 74.6247 185.038 52.6171 0.5
0 136.564 146.491 88.5357 0.5
0 295.825 145.261 89.1706 0.5
0 176.152 192.577 37.8083 0.5
0 79.9431 49.2442 86.1618 0.5
0 223.933 154.935 -83.5594 0.5
0 3.18967 174.766 66.4077 0.5
0 281.854 195.171 30.701 0.5
0 176.397 2.40319 21.7913 0.5
0 115.432 181.52 57.9175 0.5
0 332.097 0.0488308 3.1247 0.5
0 166.637 40.9037 -80.6699 0.5
0 317.524 154.122 -84.088 0.5
0 268.29 40.3336 -80.2491 0.5
0 13.206 156.399 -82.5784 0.5
0 138.133 151.84 85.514 0.5
0 118.883 25.9336 -67.1876 0.5
0 37.2512 147.259 -88.1284 0.5
0 314.481 198.263 -18.5573 0.5
0 72.8738 110.017 -99.4971 0.5
0 98.5519 167.89 73.4235 0.5
0 137.175 199.964 -2.67011 0.5
0 195.82 199.583 -9.12066 0.5
0 205.483 103.876 99.9248 0.5
0 78.1588 187.326 48.7263 0.5
0 14.9775 36.1998 -77.0034 0.5
0 96.1392 190.968 41.5313 0.5
0 164.664 9.18321 41.8606 0.5
0 215.312 48.2015 85.539 0.5
0 119.495 124.875 96.8566 0.5
0 91.7229 62.2881 -92.6165 0.5
0 38.7979 103.64 99.9337 0.5
0 13.0267 126.238 96.4965 0.5
0 57.1986 196.288 26.9913 0.5
0 323.318 74.1604 -96.6039 0.5
0 0.130315 112.615 -99.2011 0.5
0 24.1587 0.0254738 -2.25701 0.5
0 195.242 141.446 91.0069 0.5
0 252.291 33.6846 -74.8483 0.5
1 261.418 46.6687 45.7017 0.5
1 305.669 67.3582 91.5293 0.5
1 368.325 -160.579 1.69796 0.5
1 335.578 -96.7815 -26.4186 0.5
1 412.14 6.51757 -97.6598 0.5
1 344.758 -109.054 32.3209 0.5
1 484.496 -71.7652 -89.2888 0.5
1 410.482 -105.451 93.3287 0.5
1 394.068 -88.1087 91.0021 0.5
1 424.461 -218 -59.8919 0.5
1 457.016 71.8184 36.7007 0.5
1 381.889 -180.43 -19.0697 0.5
1 548.501 -132.629 -71.3891 0.5
1 456.716 53.2633 -55.0496 0.5
1 508.099 -69.8308 74.741 0.5
1 519.935 -23.4249 4.70514 0.5
1 358.185 -10.052 -94.2205 0.5
1 469.122 58.1843 -25.5197 0.5
1 408.307 -222.338 -27.1641 0.5
1 351.317 -41.458 83.4143 0.5
1 418.833 -138.734 89.1397 0.5
1 512.317 -54.156 62.6697 0.5
1 398.585 97.4965 83.346 0.5
1 288.895 -20.0919 -17.0801 0.5
1 313.024 5.75708 76.2406 0.5
1 368.524 -16.1355 -96.118 0.5
1 381.447 -170.454 -35.3071 0.5
1 355.279 73.0526 99.8469 0.5
1 470.583 57.6133 -21.4671 0.5
1 494.099 -137.501 -97.8811 0.5
1 425.435 -185.704 77.5867 0.5
1 475.84 -37.4468 -83.7192 0.5
1 339.686 18.8124 93.6403 0.5
1 356.38 -90.2821 -65.9369 0.5
1 500.664 -1.271 -33.3449 0.5
1 328.953 -19.9385 77.0342 0.5
1 486.881 -133.894 98.7069 0.5
1 422.573 129.307 39.3396 0.5
1 560.787 -136.274 61.5112 0.5
1 338.393 -82.6816 -49.3777 0.5
1 279.492 -2.13224 21.3503 0.5
1 427.623 136.669 1.28464 0.5
1 267.068 19.6977 22.0519 0.5
1 377.411 113.705 89.2905 0.5
1 534.72 -60.619 33.85 0.5
1 289.741 -1.55751 -46.5006 0.5
1 463.716 55.5727 42.1113 0.5
1 467.274 34.0698 -55.7307 0.5
1 406.541 126.676 -64.1201 0.5
1 443.046 109.45 7.22285 0.5
1 464.206 -86.9898 -98.0112 0.5
1 359.433 -138.462 25.7498 0.5
1 377.381 -174.657 -12.7662 0.5
1 368.28 -40.291 -91.7035 0.5
1 453.612 90.0254 -12.8015 0.5
1 555.037 -123.665 -59.7752 0.5
1 447.183 -68.6658 -98.9775 0.5
1 419.864 73.3425 -78.7679 0.5
1 442.515 110.298 -7.70007 0.5
1 504.218 -48.815 67.7171 0.5
1 411.279 -192.716 61.4975 0.5
1 358.286 -84.4408 -70.81 0.5
1 363.08 41.6101 99.941 0.5
1 302.078 -17.9006 -50.9993 0.5
1 310.787 1.94908 -72.8063 0.5
1 366.831 80.8304 -98.0953 0.5
1 393.2 1.57204 99.9654 0.5
1 417.424 137.891 -39.7267 0.5
1 501.217 -136.315 -96.2201 0.5
1 316.405 -31.3335 59.5614 0.5
1 387.584 44.5686 -98.1264 0.5
1 516.402 -175.071 97.7687 0.5
1 400.035 -213.838 12.984 0.5
1 285.887 -4.8889 35.3739 0.5
1 460.771 33.2122 63.8404 0.5
1 484.099 -193.178 98.7081 0.5
1 519.417 -35.0016 35.0609 0.5
1 449.294 -180.685 -91.6874 0.5
1 375.578 57.7587 98.797 0.5
1 449.032 -65.8611 98.4979 0.5
1 373.725 -168.904 10.2696 0.5
1 411.645 -133.774 -87.1345 0.5
1 390.668 -160.083 59.479 0.5
1 535.109 -50.0861 -7.74438 0.5
1 507.845 -3.78737 -12.3246 0.5
1 412.556 96.0251 -74.576 0.5
1 492.828 -0.284777 -47.5276 0.5
1 398.938 -152.859 -71.7904 0.5
1 460.839 -203.329 -91.0998 0.5
1 302.369 -42.0719 20.617 0.5
1 464.443 44.8218 -51.105 0.5
1 388.461 68.5111 -94.7425 0.5
1 344.187 -94.632 -47.6518 0.5
1 439.063 74.3151 -61.6671 0.5
1 361.584 110.64 95.4611 0.5
1 293.641 -30.9817 -5.18523 0.5
1 283.713 -1.6471 34.6752 0.5
1 345.855 24.6359 -96.3313 0.5
1 388.466 -187.7 -27.6423 0.5
1 255.039 38.8131 17.828 0.5
1 361.175 -68.2229 80.0004 0.5
1 393.814 104.449 -83.7771 0.5
1 407.279 -162.265 74.1514 0.5
1 324.98 -80.0534 23.2438 0.5
1 362.475 -121.345 -51.9701 0.5
1 455.846 -190.677 91.9796 0.5
1 483.438 -47.9003 82.8192 0.5
1 362.879 85.7426 98.2816 0.5
1 490.632 26.9543 -7.72129 0.5
1 454.29 -15.4417 -88.2505 0.5
1 425.913 -195.021 73.933 0.5
1 386.289 123.925 -81.5872 0.5
1 388.918 -191.813 -21.0074 0.5
1 304.709 44.7018 -85.1482 0.5
1 341.757 -96.3564 -41.7158 0.5
1 335.939 23.7871 93.3531 0.5
1 485.527 35.9993 -6.26868 0.5
1 332.115 14.7083 -89.9456 0.5
1 383.465 -51.2772 94.6661 0.5
1 375.235 122.487 -87.9816 0.5
1 341.879 -55.0437 -71.2953 0.5
1 528.12 -45.4778 28.1672 0.5
1 389.886 -196.547 -11.832 0.5
1 330.163 -7.03088 -82.6724 0.5
1 389.47 -177.991 42.7969 0.5
1 339.347 67.9868 99.4152 0.5
1 514.693 -74.7046 71.6974 0.5
1 572.861 -123.646 -29.2903 0.5
1 399.621 69.6843 -90.6367 0.5
1 467.659 9.08298 70.55 0.5
1 269.393 28.236 -40.8945 0.5
1 536.38 -165.834 -90.3178 0.5
1 539.753 -68.4856 -32.6441 0.5
1 311 0.845413 -72.4587 0.5
1 420.179 -130.216 91.6962 0.5
1 304.755 -34.4235 39.2829 0.5
1 392.488 -157.616 -63.0992 0.5
1 430.895 -77.9766 99.8988 0.5
1 510.682 -32.3879 -48.6031 0.5
1 365.716 6.23728 -98.2097 0.5
1 461.644 -96.525 99.17 0.5
1 383.867 -59.0477 93.3874 0.5
1 569.337 -115.35 -25.4369 0.5
1 464.883 -48.064 -91.698 0.5
1 498.733 -50.4177 73.292 0.5
1 400.054 -81.4545 -94.4173 0.5
1 458.146 21.1633 72.6918 0.5
1 522.201 -38.024 32.5548 0.5
1 308.508 45.2664 87.2471 0.5
1 428.843 -213.29 67.3364 0.5
1 516.403 -31.8071 37.6546 0.5
1 506.426 -22.4248 -46.1963 0.5
1 405.118 -52.2677 99.0198 0.5
1 372.724 -168.076 3.88055 0.5
1 463.122 -29.6675 87.9625 0.5
1 516.099 -24.8729 28.5311 0.5
1 383.875 118.794 84.6946 0.5
1 526.28 -167.442 94.266 0.5
1 580.944 -135.662 25.8309 0.5
1 493.353 6.92465 39.0899 0.5
1 574.75 -123.618 -23.2318 0.5
1 498.446 -12.7949 -50.0146 0.5
1 307.499 -2.6742 67.5783 0.5
1 348.749 -102.553 47.6346 0.5
1 352.351 -78.7227 68.4601 0.5
1 524.473 -154.977 -92.481 0.5
1 436.134 -48.9976 -98.9389 0.5
1 368.274 114.502 92.6984 0.5
1 320.991 -66.065 34.8747 0.5
1 343.149 -101.107 39.0681 0.5
1 418.58 146.908 -23.1664 0.5
1 443.256 -127.645 -98.25 0.5
1 350.991 1.2067 94.0045 0.5
1 372.129 109.909 92.2698 0.5
1 389.498 -133.593 -73.1762 0.5
1 467.237 66.0057 -14.3397 0.5
1 275.85 14.9158 -38.4228 0.5
1 399.137 -147.181 74.5928 0.5
1 263.494 27.0464 24.4709 0.5
1 289.916 41.4778 74.3608 0.5
1 389.617 -42.2374 97.4645 0.5
1 447.542 -136.986 -98.0633 0.5
1 295.569 -26.9271 -27.4154 0.5
1 521.816 -26.5294 2.61976 0.5
1 349.299 -124.811 16.8002 0.5
1 405.103 -48.1098 -99.2893 0.5
1 427.723 -118.504 96.1421 0.5
1 303.353 -27.8015 -43.867 0.5
1 339.669 62.9209 99.1444 0.5
1 493.477 -86.0897 88.9758 0.5
1 482.083 -136.133 -99.42 0.5
1 480.873 9.51699 56.4672 0.5
1 426.391 -210.73 66.398 0.5
1 278.218 -4.36947 4.10758 0.5
1 409.144 -28.9894 99.9933 0.5
1 548.408 -72.522 -0.367372 0.5
1 422.083 -185.47 -75.2355 0.5
1 365.271 -135.643 43.252 0.5
1 371.464 -118.963 64.4518 0.5
1 370.083 28.1623 -99.9162 0.5
1 432.258 -106.335 -98.4575 0.5
1 477.347 -17.4987 -75.1528 0.5
1 421.834 -204.943 65.1928 0.5
1 487.917 32.0122 4.91487 0.5
1 354.565 -134.179 16.0579 0.5
1 378.638 26.3607 -99.9708 0.5
1 541.238 -119.371 -71.0545 0.5
1 316.701 -23.0235 65.0908 0.5
1 462.337 55.9886 -44.1724 0.5
1 549.399 -102.108 50.9214 0.5
1 433.92 101.781 47.4952 0.5
1 464.366 49.9011 -46.6947 0.5
1 359.089 101.076 -97.356 0.5
1 426.979 -185.815 78.6113 0.5
1 533.554 -132.12 -81.9302 0.5
1 258.656 29.9234 -7.59687 0.5
1 270.403 14.2013 22.659 0.5
1 342.587 -53.1578 -72.7928 0.5
1 356.643 -11.8214 93.4014 0.5
1 435.128 113.503 31.5027 0.5
1 499.359 -67.4574 -79.9594 0.5
1 409.634 -122.941 89.1039 0.5
1 510.506 -21.954 38.0972 0.5
1 475.682 -146.014 -99.9996 0.5
1 326.419 -85.3039 16.4372 0.5
1 407.22 -119.944 88.8001 0.5
1 464.887 45.878 49.5376 0.5
1 467.54 -175.033 97.7075 0.5
1 451.226 95.1106 -8.31689 0.5
1 546.01 -101.126 -54.8421 0.5
1 370.342 19.0031 -99.6425 0.5
1 547.166 -113.066 -61.7567 0.5
1 574.6 -123.968 24.4724 0.5
1 325.815 36.7976 92.4525 0.5
1 395.281 107.027 82.0516 0.5
1 540.438 -75.8596 40.5084 0.5
1 318.542 -69.397 22.1848 0.5
1 425.11 38.4313 -87.342 0.5
1 370.805 10.694 99.2528 0.5
1 403.592 -91.2718 -93.7532 0.5
1 470.921 -197.426 95.5316 0.5
1 381.019 -106.976 -78.3085 0.5
1 470.192 -41.0605 87.7307 0.5
1 402.757 131.337 65.2356 0.5
1 448.376 55.206 -63.5221 0.5
1 393.248 112.45 -81.3817 0.5
1 258.748 55.5747 -49.6467 0.5
1 370.88 -31.0107 94.4019 0.5
1 442.349 95.8133 -38.439 0.5
1 343.447 -82.232 56.7211 0.5
1 445.382 92.0921 -36.5446 0.5
1 565.088 -131.223 52.5265 0.5
1 406.19 35.6523 95.099 0.5
1 355.65 -12.702 -92.8935 0.5
1 437.641 -111.934 98.7703 0.5
1 384.016 62.6606 96.7668 0.5
1 422.242 -103.057 96.9443 0.5
1 479.458 -171.545 99.5736 0.5
1 393.083 83.8606 -89.9583 0.5
1 565.707 -104.992 -15.7911 0.5
1 549.922 -76.3412 10.9336 0.5
1 441.503 74.2917 -58.8862 0.5
1 335.427 69.4279 99.0882 0.5
1 371.844 -5.42084 -98.1083 0.5
1 416.856 61.7919 84.6562 0.5
1 381.09 -171.211 33.4299 0.5
1 500.931 -21.8251 -53.8987 0.5
1 395.786 -19.488 -99.8398 0.5
1 485.493 -57.7754 84.8705 0.5
1 533.787 -58.3229 -32.889 0.5
1 499.59 -120.492 -94.1373 0.5
1 378.556 -25.565 97.1708 0.5
1 483.697 5.8248 -55.5802 0.5
1 377.364 -88.2074 82.8683 0.5
1 386.475 40.8117 -98.6414 0.5
1 411.672 -119.967 90.6873 0.5
1 363.224 11.5401 -98.3031 0.5
1 534.859 -58.5104 30.3869 0.5
1 387.502 30.0483 99.2851 0.5
1 352.925 86.4017 99.4817 0.5
1 492.953 -35.85 -71.1098 0.5
1 441.669 82.9094 -52.2294 0.5
1 366.11 -110.512 -63.9609 0.5
1 481.158 37.7858 -24.6557 0.5
1 426.821 54.3213 -81.3736 0.5
1 501.769 4.77892 18.5775 0.5
1 514.033 -94.2449 80.4699 0.5
1 471.821 -22.9254 -81.1243 0.5
1 446.353 103.391 -9.2243 0.5
1 418.124 95.6895 -70.1411 0.5
1 259.067 51.6822 -46.6065 0.5
1 356.336 10.417 -96.8578 0.5
1 459.087 52.266 52.615 0.5
1 474.277 -200.924 95.882 0.5
1 384.807 -179.669 -30.4316 0.5
1 286.481 50.4217 75.6798 0.5
1 372.958 -95.4026 77.3454 0.5
1 575.517 -127.799 28.5486 0.5
1 305.146 -28.3189 46.4242 0.5
1 412.476 -236.393 -8.27573 0.5
1 431.539 -208.243 72.3112 0.5
1 405.199 -157.756 -74.5593 0.5
1 426.878 91.0324 64.3691 0.5
1 445.842 17.6792 -82.6626 0.5
1 554.493 -99.2414 39.404 0.5
1 514.498 -109.918 85.4565 0.5
1 283.861 -9.00996 22.8734 0.5
1 344.483 -35.4433 81.415 0.5
1 299.216 -21.8551 42.5972 0.5
1 367.287 -14.3438 96.0675 0.5
1 447.851 -93.6973 -99.9729 0.5
1 407.987 57.2343 90.1542 0.5
1 476.002 -41.5534 84.938 0.5
1 432.574 45.8238 -80.8449 0.5
1 544.763 -99.9739 -55.6024 0.5
1 345.979 -64.1825 70.2786 0.5
1 526.301 -46.5781 -34.5926 0.5
1 327.762 -14.4971 -78.402 0.5
1 362.569 100.199 96.7155 0.5
1 477.665 1.28672 65.4126 0.5
1 358.939 -70.3631 -77.654 0.5
1 450.178 -20.4009 -91.2132 0.5
1 469.232 -44.1857 88.9987 0.5
1 397.264 77.3089 89.7898 0.5
1 465.745 -125.289 99.9794 0.5
1 399.303 -184.245 -52.6928 0.5
1 425 -228.984 52.5065 0.5
1 263.806 40.3685 -43.5306 0.5
1 322.945 56.1991 -95.1071 0.5
1 445.869 -111.203 -99.668 0.5
1 514.444 -41.7738 51.0971 0.5
1 550.249 -85.9343 31.566 0.5
1 398.392 -162.598 -66.1933 0.5
1 344.594 -93.2274 49.549 0.5
1 403.588 -144.848 -78.7888 0.5
1 420.066 148.235 -12.3864 0.5
1 351.614 -57.5596 77.7015 0.5
1 383.247 45.4613 98.7187 0.5
1 397.555 -7.93644 -99.9864 0.5
1 367.569 64.8853 99.2662 0.5
1 389.092 -195.417 10.7569 0.5
1 417.58 -117.843 93.31 0.5
1 271.823 9.20277 16.2648 0.5
1 292.244 -13.3446 -38.5827 0.5
1 317.913 -43.7266 52.3252 0.5
1 535.25 -128.182 79.4138 0.5
1 383.503 116.3 85.6597 0.5
1 314.754 -60.5384 -26.7372 0.5
1 500.997 -14.3049 -47.4067 0.5
1 375.341 60.8861 -98.5749 0.5
1 372.975 99.8954 -93.9415 0.5
1 332.49 -76.2806 -45.848 0.5
1 462.043 77.0086 -2.4319 0.5
1 367.657 -150.584 29.4445 0.5
1 457.441 71.1135 -36.6615 0.5
1 380.165 -180.211 -9.49944 0.5
1 308.951 53.4371 89.6042 0.5
1 421.292 -147.947 -87.8365 0.5
1 400.182 -199.548 -39.4694 0.5
1 512.757 -34.6058 -47.3435 0.5
1 422.232 -31.4464 99.3634 0.5
1 568.345 -108.558 12.2461 0.5
1 482.899 28.2056 35.1192 0.5
1 484.773 -192.294 98.8691 0.5
1 550.482 -83.275 -26.5217 0.5
1 300.378 -42.5771 -5.8467 0.5
1 575.592 -128.763 -29.9152 0.5
1 384.184 -157.143 53.4232 0.5
1 492.873 -111.292 94.5647 0.5
1 400.178 -96.6581 -91.4584 0.5
1 429.409 -110.28 97.5644 0.5
1 423.296 -72.7059 99.643 0.5
1 366.339 96.6869 -96.3065 0.5
1 387.03 -109.753 -81.194 0.5
1 538.632 -55.7242 -3.69403 0.5
1 496.412 -82.7343 -86.6816 0.5
1 332.846 -74.3862 -48.2042 0.5
1 469.558 -111.992 -99.2801 0.5
1 558.482 -124.09 55.8657 0.5
1 370.211 -68.3315 85.2769 0.5
1 563.988 -104.439 22.075 0.5
1 529.372 -40.701 -10.7176 0.5
1 402.518 112.768 -74.8626 0.5
1 515.444 -157.184 -95.666 0.5
1 547.612 -131.084 -71.3865 0.5
1 560.092 -141.455 -65.3985 0.5
1 273.107 25.8331 45.1227 0.5
1 429.591 -33.2872 -98.5926 0.5
1 377.003 -1.84024 99.1381 0.5
1 323.937 -83.5284 -4.42918 0.5
1 475.982 -69.3041 -92.1301 0.5
1 526.826 -146.284 89.589 0.5
1 498.734 -89.9547 -87.5821 0.5
1 441.348 109.247 -19.0602 0.5
1 416.651 -218.271 -49.34 0.5
1 459.46 -54.3708 -94.727 0.5
1 398.093 103.127 -81.712 0.5
1 442.957 -33.7312 -95.9791 0.5
1 411.742 -216.877 -42.4687 0.5
1 528.491 -42.2536 -20.4603 0.5
1 276.639 1.88973 -19.1278 0.5
1 289.028 7.42929 53.231 0.5
1 367.378 47.7393 99.9438 0.5
1 357.967 -142.609 -2.40577 0.5
1 473.263 53.3318 20.6297 0.5
1 468.612 -86.9978 -97.1618 0.5
1 474.34 52.4595 -18.1169 0.5
1 486.656 -15.5206 -66.1196 0.5
1 442.544 84.5592 -49.554 0.5
1 467.762 -132.769 -100 0.5
1 406.017 -172.644 67.9408 0.5
1 562.746 -99.942 16.0343 0.5
1 400.314 -127.028 83.1803 0.5
1 543.609 -126.299 -72.4243 0.5
1 490.005 13.8054 37.7917 0.5
1 405.248 -110.284 -90.3486 0.5
1 546.605 -103.661 55.972 0.5
1 473.189 -68.099 92.8755 0.5
1 536.47 -74.5654 46.2947 0.5
1 467.938 -191.716 95.6151 0.5
1 415.707 55.6982 -87.0672 0.5
1 400.446 42.988 95.5139 0.5
1 509.141 -17.6527 -35.6542 0.5
1 393.8 -182.757 -45.572 0.5
1 492.797 -64.0584 82.8017 0.5
1 344.698 -94.8684 48.2461 0.5
1 382.368 -44.3361 -95.487 0.5
1 453.888 91.1905 0.451396 0.5
1 448.329 -84.2795 -99.7221 0.5
1 485.665 29.2526 -26.0409 0.5
1 368.461 28.5881 -99.8603 0.5
1 259.882 50.2204 46.5583 0.5
1 286.654 -3.90787 -38.2883 0.5
1 273.06 11.4501 -26.3227 0.5
1 531.597 -48.6788 -22.8161 0.5
1 508.918 -4.24364 3.50084 0.5
1 435.699 83.338 -59.5708 0.5
1 464.742 19.0171 68.0106 0.5
1 438.435 -181.664 -86.711 0.5
1 457.735 -23.4696 88.7916 0.5
1 403.49 -218.302 -17.8537 0.5
1 345.577 87.9997 -99.894 0.5
1 402.027 74.8492 88.3117 0.5
1 343.619 -86.4408 53.7709 0.5
1 356.501 -140.047 -2.83203 0.5
1 300.766 43.9766 -82.7029 0.5
1 562.149 -111.717 38.4746 0.5
1 368.413 -5.83333 97.4274 0.5
1 556.85 -103.29 -39.3659 0.5
1 340.859 -111.512 12.318 0.5
1 505.506 -137.007 95.2025 0.5
1 335.556 79.28 -99.6436 0.5
1 250.299 48.6853 -21.9238 0.5
1 459.729 -124.582 -99.96 0.5
1 395.962 -166.221 -61.4743 0.5
1 486.614 0.0638015 -56.1071 0.5
1 556.014 -133.898 65.1107 0.5
1 423.111 -121.605 94.3797 0.5
1 505.177 -34.1308 -57.5854 0.5
1 422.121 78.3142 -75.083 0.5
1 531.079 -81.0614 59.025 0.5
1 385.13 -8.99165 -99.5344 0.5
1 330.515 -93.0277 -14.4191 0.5
1 367.931 -125.081 -56.3986 0.5
1 359.467 -7.00038 95.1166 0.5
1 505.218 -51.6202 -68.2956 0.5
1 499.813 -33.5879 63.341 0.5
1 306.369 -48.1428 -22.5547 0.5
1 275.497 1.54481 11.684 0.5
1 340.932 7.6483 91.8269 0.5
1 546.902 -72.8516 17.0832 0.5
1 409.997 -54.338 99.4177 0.5
1 390.115 85.6565 90.7513 0.5
1 434.085 116.08 30.3191 0.5
1 382.378 96.5393 91.3232 0.5
1 381.546 72.0242 96.068 0.5
1 439.689 78.882 57.8791 0.5
1 503.657 -164.455 -98.8261 0.5
1 413.159 -178.084 -71.501 0.5
1 415.776 7.65563 96.7662 0.5
1 293.597 34.173 -73.9407 0.5
1 359.281 -10.4878 -94.4773 0.5
1 412.685 -210.944 -49.7419 0.5
1 560.035 -92.8437 -4.30069 0.5
1 460.618 -207.834 89.9534 0.5
1 279.232 -5.64891 -8.02265 0.5
1 480.971 26.8305 -40.8561 0.5
1 536.185 -110.709 -71.0994 0.5
1 280.502 29.697 -58.7737 0.5
1 262.366 23.0376 3.43615 0.5
1 442.943 104.741 -23.1021 0.5
1 318.174 -9.24929 -73.5492 0.5
1 462.749 34.9674 60.5811 0.5
1 341.023 -11.3849 87.1538 0.5
1 503.968 -34.045 58.9852 0.5
1 497.307 -173.13 99.8519 0.5
1 265.557 17.8681 -6.89396 0.5
1 391.781 93.2109 -88.1475 0.5
1 350.603 -128.606 -11.4113 0.5
1 354.941 -137.052 -6.11534 0.5
1 483.574 -87.9083 -93.2342 0.5
1 439.364 -98.0359 -99.741 0.5
1 261.499 42.5502 -41.6022 0.5
1 398.319 -42.9784 -98.8365 0.5
1 358.024 -1.70454 95.5591 0.5
1 440.068 44.1499 76.4097 0.5
1 345.493 -19.8189 86.9584 0.5
1 507.347 -48.6489 64.5505 0.5
1 395.608 -207.803 -2.44387 0.5
1 569.456 -110.684 13.0357 0.5
1 444.699 -128.849 -98.3705 0.5
1 391.528 -48.7725 -97.0801 0.5
1 544.594 -128.567 -72.6905 0.5
1 468.006 -132.595 99.9994 0.5
1 496.857 -77.5954 -84.9135 0.5
1 488.168 10.5109 44.9133 0.5
1 361.667 41.5259 -99.8895 0.5
1 385.855 -52.336 95.1764 0.5
1 458.951 -201.45 90.7815 0.5
1 515.774 -70.1434 68.4226 0.5
1 365.865 -93.7192 72.6786 0.5
1 547.506 -93.2363 45.8664 0.5
1 293.921 -20.9882 -32.341 0.5
1 399.346 129.153 -69.6614 0.5
2 436.699 -98.4992 -4.28442 0.5
2 682.961 27.6954 86.4497 0.5
2 705.895 -10.938 -44.7239 0.5
2 506.049 -103.408 92.745 0.5
2 607.582 -154.682 -64.7901 0.5
2 727.713 45.017 -59.518 0.5
2 565.498 100.676 -47.5842 0.5
2 599.824 81.1833 87.4629 0.5
2 614.152 19.3927 -99.866 0.5
2 714.022 -14.1244 -19.5345 0.5
2 572.82 -177.908 -81.688 0.5
2 548.35 -115.13 -99.8699 0.5
2 527.28 30.2184 51.3288 0.5
2 708.016 -26.8188 -12.4726 0.5
2 506.8 3.34646 -43.336 0.5
2 492.252 -32.1932 -52.7577 0.5
2 737.449 23.1358 7.31868 0.5
2 455.07 -69.3234 16.753 0.5
2 467.219 -51.5975 24.5974 0.5
2 540.351 -3.01768 -81.5445 0.5
2 544.562 -51.3915 -95.3781 0.5
2 443.32 -126.486 -59.7588 0.5
2 561.961 99.1246 43.0903 0.5
2 446.203 -89.6212 -27.5981 0.5
2 527.012 54.7046 18.3766 0.5
2 419.403 -138.087 -30.9395 0.5
2 561.21 -68.7847 99.7592 0.5
2 649.564 30.8522 -98.0277 0.5
2 590.312 -124.487 88.7302 0.5
2 696.995 -46.9755 -7.02577 0.5
2 661.068 92.024 99.9963 0.5
2 534.487 -100.939 99.015 0.5
2 554.241 -158.641 -94.7562 0.5
2 566.969 -123.77 96.6825 0.5
2 663.225 27.6261 94.3256 0.5
2 557.77 92.8784 -42.0123 0.5
2 675.45 -47.4205 58.203 0.5
2 562.11 110.682 -28.3744 0.5
2 470.77 -126.809 -82.6816 0.5
2 476.396 -57.6335 51.093 0.5
2 708.172 -2.21136 -49.2158 0.5
2 647.465 104.3 98.2209 0.5
2 497.679 -9.53853 -40.1676 0.5
2 718.231 17.1948 -50.9298 0.5
2 645.634 -132.045 20.8256 0.5
2 661.512 62.9495 -99.0064 0.5
2 480.884 -86.7056 73.7453 0.5
2 696.173 44.3908 84.5751 0.5
2 567.865 82.8462 -63.8186 0.5
2 574.203 -218.591 -61.0268 0.5
2 461.426 -87.3911 -54.1845 0.5
2 581.996 65.4223 -82.8233 0.5
2 512.373 -143.313 99.2816 0.5
2 576.654 -224.008 -54.1808 0.5
2 533.247 -54.0818 -92.2901 0.5
2 498.98 4.80651 21.6691 0.5
2 438.163 -97.2846 12.2464 0.5
2 546.147 -70.6973 98.1737 0.5
2 596.161 102.818 78.088 0.5
2 569.648 128.283 19.0823 0.5
2 611.49 -141.884 68.1757 0.5
2 555.608 48.7086 -70.8874 0.5
2 527.526 52.8102 -24.6884 0.5
2 656.613 42.2772 97.9478 0.5
2 518.015 -88.7514 -93.9116 0.5
2 428.962 -124.284 34.8888 0.5
2 573.238 -199.4 -72.5816 0.5
2 684.91 35.1388 -87.6006 0.5
2 548.066 89.1009 23.2427 0.5
2 460.253 -57.6488 -3.60128 0.5
2 450.5 -148.447 -77.6738 0.5
2 650.666 30.3917 97.7816 0.5
2 648.241 -58.8609 -77.2734 0.5
2 425.913 -122.675 23.6582 0.5
2 446.374 -81.7044 3.82976 0.5
2 608.242 -146.665 68.6267 0.5
2 624.384 52.4689 99.1707 0.5
2 513.957 -43.286 79.5408 0.5
2 649.994 40.5108 -98.8218 0.5
2 462.205 -69.7023 -38.6773 0.5
2 567.084 127.414 -3.23445 0.5
2 594.688 -224.67 0.164225 0.5
2 562.442 -113.689 98.6154 0.5
2 620.685 -116.68 -72.8367 0.5
2 560.778 -176.929 88.3929 0.5
2 737.362 53.8995 53.8323 0.5
2 498.789 -31.1632 -60.2601 0.5
2 494.477 -2.0135 -19.3285 0.5
2 666.828 80.78 -99.5236 0.5
2 596.868 -220.876 1.3795 0.5
2 429.918 -135.845 -49.1149 0.5
2 728.35 39.6319 -54.8676 0.5
2 735.27 56.5194 -58.4319 0.5
2 607.854 -145.163 69.7603 0.5
2 533.649 -161.234 98.8039 0.5
2 632.666 -130.273 -51.5461 0.5
2 649.934 -100.327 -51.5775 0.5
2 500.535 -120.997 94.2658 0.5
2 656.539 -67.7448 66.0286 0.5
2 652.681 0.823645 92.7121 0.5
2 488.44 -106.195 85.8676 0.5
2 522.709 50.5463 -3.34345 0.5
2 584.959 -66.2632 -99.2319 0.5
2 623.093 -155.107 43.9645 0.5
2 596.802 -55.1352 98.5336 0.5
2 619.524 -181.651 0.430956 0.5
2 487.438 -105.645 85.1756 0.5
2 504.655 -88.669 88.8066 0.5
2 662.932 -16.1152 -83.6326 0.5
2 714.895 -16.4649 0.221767 0.5
2 612.78 -193.007 5.72464 0.5
2 597.1 139.542 -59.976 0.5
2 476.073 -102.461 -76.9804 0.5
2 610.263 -19.6513 -99.3955 0.5
2 668.46 -53.0875 -62.4575 0.5
2 588.072 -2.87787 -98.6082 0.5
2 485.291 -67.491 67.99 0.5
2 533.068 -113.203 -99.5852 0.5
2 721.837 42.7215 64.5006 0.5
2 495.93 -113.868 91.2407 0.5
2 652.005 -124.353 -10.1941 0.5
2 718.997 -2.52596 -25.9194 0.5
2 543.603 -31.1171 -91.2008 0.5
2 600.204 -28.3576 -99.7806 0.5
2 652.409 -124.492 -4.49897 0.5
2 690.289 -42.4428 39.9367 0.5
2 561.241 -25.5944 95.8515 0.5
2 567.142 -115.832 97.6116 0.5
2 720.376 60.4086 74.8536 0.5
2 676.315 -80.3143 -17.1833 0.5
2 566.767 91.6842 -56.7204 0.5
2 607.251 57.5495 -95.3212 0.5
2 697.075 -43.1711 -20.2915 0.5
2 490.596 -86.3282 -80.5075 0.5
2 714.866 57.5355 77.6808 0.5
2 601.582 -120.138 84.3558 0.5
2 573.101 -187.7 -77.8054 0.5
2 497.857 7.49344 -3.46575 0.5
2 574.117 103.222 -57.5776 0.5
2 501.172 -122.47 94.7119 0.5
2 681.096 -57.256 -41.1879 0.5
2 505.926 -178.755 99.9999 0.5
2 655.837 -28.8989 83.4697 0.5
2 586.581 -39.1492 99.9998 0.5
2 556.667 99.8401 -30.6642 0.5
2 598.958 41.234 95.6251 0.5
2 609.669 -10.9739 99.8122 0.5
2 697.86 -43.4185 -15.9285 0.5
2 446.562 -81.7143 -6.93682 0.5
2 584.5 103.725 -68.3221 0.5
2 658.831 79.9814 99.948 0.5
2 691.393 -53.0231 -20.2656 0.5
2 595.094 66.0894 -89.2884 0.5
2 706.014 -31.8291 1.4176 0.5
2 532.295 -112.498 99.4866 0.5
2 722.486 -1.91564 -11.8191 0.5
2 723.401 4.76377 25.2801 0.5
2 629.412 97.9562 94.9946 0.5
2 533.99 -107.469 -99.3746 0.5
2 577.07 -154.802 -86.7129 0.5
2 472.648 -56.07 43.6101 0.5
2 597.836 94.4902 82.2652 0.5
2 587.031 -235.901 -14.2199 0.5
2 423.298 -137.072 38.6531 0.5
2 524.644 -16.9782 -76.413 0.5
2 716.756 60.1357 -77.4062 0.5
2 559.725 91.329 46.9777 0.5
2 533.945 -19.2049 -83.2929 0.5
2 679.047 -27.7633 -66.5908 0.5
2 606.359 -37.1789 -98.6524 0.5
2 740.616 52.4468 -47.8314 0.5
2 543.923 68.8976 42.0103 0.5
2 630.04 -136.666 49.9809 0.5
2 597.119 -97.55 92.2729 0.5
2 537.635 71.5033 22.2351 0.5
2 664.728 30.452 94.3648 0.5
2 571.883 -219.487 63.0011 0.5
2 487.276 -142.699 94.0401 0.5
2 602.674 33.1059 -97.5562 0.5
2 664.639 -103.512 -0.150407 0.5
2 477.215 -172.358 -96.0316 0.5
2 602.296 -180.478 53.4889 0.5
2 605.193 -137.564 75.5244 0.5
2 543.806 51.7255 56.857 0.5
2 483.998 -18.8993 15.7872 0.5
2 649.114 -41.4332 -83.1747 0.5
2 656.488 -113.116 21.1257 0.5
2 700.411 -41.521 -1.81257 0.5
2 612.384 63.1431 -95.8283 0.5
2 639.222 -136.253 33.1122 0.5
2 553.901 -160.119 94.6053 0.5
2 556.433 -115.598 -99.2364 0.5
2 616.671 89.467 -92.4858 0.5
2 507.148 7.34283 39.6157 0.5
2 722.157 9.65088 36.1676 0.5
2 530.058 -179.671 97.6549 0.5
2 450.944 -136.494 -72.7844 0.5
2 717.919 -5.08381 24.5978 0.5
2 746.548 39.9925 12.7566 0.5
2 604.367 -139.505 -75.3022 0.5
2 501.473 2.42015 -33.3585 0.5
2 501.264 -56.1384 -75.8445 0.5
2 567.35 111.329 39.9454 0.5
2 635.972 -152.621 7.36501 0.5
2 603.561 121.634 -75.5908 0.5
2 439.308 -140.746 -64.3732 0.5
2 590.324 -200.395 -54.1307 0.5
2 600.927 -68.8109 96.1521 0.5
2 597.153 101.792 79.1659 0.5
2 509.329 -191.868 99.5308 0.5
2 521.772 -27.3345 78.6062 0.5
2 563.825 114.287 27.2808 0.5
2 445.3 -116.919 -55.4029 0.5
2 626.88 -81.8638 82.526 0.5
2 432.466 -111.381 23.7722 0.5
2 575.273 -189.843 -75.326 0.5
2 624.675 -13.6196 -97.888 0.5
2 554.427 -179.532 -90.4894 0.5
2 624.624 116.277 89.5288 0.5
2 575.281 137.585 -20.2169 0.5
2 596.111 -33.639 99.8365 0.5
2 501.019 -113.986 93.1157 0.5
2 609.813 -168.309 52.8098 0.5
2 660.177 -90.6946 44.1483 0.5
2 678.972 -6.85493 76.7674 0.5
2 504.512 -22.2203 60.8968 0.5
2 600.996 -122.234 -84.0092 0.5
2 479.273 -126.801 -87.2356 0.5
2 715.493 65.0858 -80.1929 0.5
2 596.931 -133.221 -82.7016 0.5
2 561.754 -210.532 76.4947 0.5
2 597.94 -212.157 -26.0037 0.5
2 521.722 -119.446 98.7435 0.5
2 694.672 -47.5738 19.7011 0.5
2 598.843 -196.236 -44.8444 0.5
2 712.496 7.13601 -50.8242 0.5
2 709.164 -0.559669 49.1581 0.5
2 619.914 -33.8802 96.4382 0.5
2 544.506 -158.745 -97.1805 0.5
2 530.293 -146.259 -99.8736 0.5
2 590.765 -124.637 -88.486 0.5
2 604.309 -183.523 47.9431 0.5
2 661.847 -84.7827 -47.0926 0.5
2 621.323 -132.179 -64.0205 0.5
2 620.988 -15.0015 98.3773 0.5
2 679.121 -76.2682 -14.6555 0.5
2 507.43 -154.187 99.4141 0.5
2 560.194 112.611 -17.1772 0.5
2 622.214 64.1003 -97.8663 0.5
2 629.26 30.1003 99.9674 0.5
2 677.281 -44.1494 -58.2727 0.5
2 631.767 -42.6578 91.1613 0.5
2 563.743 89.4443 -54.4801 0.5
2 568.784 127.698 -16.5694 0.5
2 616.784 -186.324 2.73427 0.5
2 708.33 -16.61 33.0329 0.5
2 524.905 47.3126 26.4969 0.5
2 660.67 84.698 99.9698 0.5
2 668.301 34.7186 -94.0223 0.5
2 567.283 -36.4813 98.398 0.5
2 446.011 -133.428 66.8407 0.5
2 682.89 90.2606 -98.194 0.5
2 608.675 -2.61231 -99.9941 0.5
2 592.039 52.7178 91.2137 0.5
2 569.568 124.212 -27.3193 0.5
2 593.014 -227.565 -0.763568 0.5
2 608.07 5.96841 99.9304 0.5
2 695.062 5.87459 69.7544 0.5
2 470.318 -96.9517 -69.8434 0.5
2 614.029 95.3689 -90.1538 0.5
2 607.367 -199.785 17.0416 0.5
2 534.031 69.6918 7.58838 0.5
2 616.558 -178.671 28.2032 0.5
2 654.532 -29.9609 -83.8619 0.5
2 662.799 -82.9358 -47.2769 0.5
2 440.699 -131.895 -60.3367 0.5
2 558.974 37.2874 78.5322 0.5
2 578.77 -79.0459 99.0978 0.5
2 635.093 68.0784 99.3501 0.5
2 492.805 -151.434 -96.8629 0.5
2 592.751 40.935 93.8675 0.5
2 553.713 -174.077 -91.9889 0.5
2 555.279 103.722 18.2221 0.5
2 576.436 -47.0104 99.8924 0.5
2 430.791 -131.153 46.1812 0.5
2 565.734 116.773 28.688 0.5
2 492.646 -46.281 63.115 0.5
2 445.51 -123.348 -60.1958 0.5
2 726.524 3.68356 -0.920537 0.5
2 523.931 -77.5519 -93.7358 0.5
2 427.399 -114.768 -5.85955 0.5
2 633.812 87.6648 97.4853 0.5
2 673.052 44.6663 94.3292 0.5
2 634.527 88.7575 97.5017 0.5
2 656.534 -108.241 -30.1532 0.5
2 590.871 -34.0093 99.9907 0.5
2 696.971 -39.4378 -28.1264 0.5
2 650.526 18.6586 96.3718 0.5
2 516.33 30.8606 29.2524 0.5
2 441.827 -103.281 -36.5624 0.5
2 690.546 -14.6051 62.5993 0.5
2 578.447 -81.1837 98.988 0.5
2 457.323 -129.175 74.4973 0.5
2 711.113 -1.93292 44.6909 0.5
2 647.553 -89.7035 -62.2035 0.5
2 562.507 96.5 46.6451 0.5
2 618.651 -101.11 -80.7608 0.5
2 685.512 -56.9417 -31.8536 0.5
2 645.821 -110.497 -48.9578 0.5
2 550.899 87.8141 -33.6588 0.5
2 582.413 -116.239 93.6175 0.5
2 552.513 -178.665 91.444 0.5
2 574.438 -118.459 -95.5937 0.5
2 635.018 -141.121 36.3695 0.5
2 438.773 -144.97 66.2834 0.5
2 667.76 -91.528 25.4367 0.5
2 626.157 117.535 -89.8734 0.5
2 514.206 -29.3561 73.9129 0.5
2 563.919 -119.147 -97.857 0.5
2 581.366 92.1049 71.4879 0.5
2 642.052 -103.749 59.2494 0.5
2 463.676 -66.0875 -37.3795 0.5
2 625.031 -163.743 -28.6299 0.5
2 593.079 -151.069 78.6134 0.5
2 545.264 -71.1987 98.0727 0.5
2 557.233 -4.26953 -90.4546 0.5
2 701.9 25.1301 73.3696 0.5
2 675.743 -8.26582 -78.4653 0.5
2 589.561 -43.4701 99.8769 0.5
2 576.715 103.247 60.6302 0.5
2 559.53 99.3771 -38.0647 0.5
2 571.706 -124.073 95.4572 0.5
2 500.55 0.173986 34.2588 0.5
2 661.126 -76.191 55.331 0.5
2 645.799 -133.422 -16.4384 0.5
2 417.405 -133.734 14.1083 0.5
2 512.479 30.5738 -15.3334 0.5
2 661.432 -3.48274 -88.1555 0.5
2 501.169 -114.523 -93.2705 0.5
2 612.594 74.194 -94.0695 0.5
2 576.931 -161.911 -84.6482 0.5
2 596.237 42.6033 -94.6416 0.5
2 586.244 -237.171 14.5375 0.5
2 640.831 -30.3752 -90.3715 0.5
2 486.408 -17.4522 22.7287 0.5
2 743.752 34.8304 -11.445 0.5
2 723.413 41.199 61.893 0.5
2 431.512 -109.183 13.6889 0.5
2 536.468 68.4381 -24.412 0.5
2 511.503 12.8289 -41.9189 0.5
2 607.443 24.595 -99.0727 0.5
2 472.198 -164.834 93.2961 0.5
2 681.668 56.7026 93.8086 0.5
2 733.197 26.614 -33.2516 0.5
2 591.626 -226.794 -17.761 0.5
2 562.857 -179.176 -86.7829 0.5
2 549.792 53.6615 -62.5192 0.5
2 628.028 -164.074 16.8225 0.5
2 609.52 -162.684 -57.4483 0.5
2 722.562 23.1522 49.6034 0.5
2 678.94 -49.6631 -51.9272 0.5
2 541.803 -5.856 -83.3799 0.5
2 749.301 43.17 -2.05877 0.5
2 568.379 115.223 37.4286 0.5
2 517.024 38.7301 -14.3879 0.5
2 644.951 -68.7309 75.5113 0.5
2 742.919 36.7829 21.5757 0.5
2 595.408 -30.703 -99.9337 0.5
2 625.752 36.0313 99.9405 0.5
2 498.948 -36.9618 -64.0838 0.5
2 632.353 -90.6468 75.4702 0.5
2 500.916 12.9033 0.862282 0.5
2 446.53 -104.307 -46.5768 0.5
2 564.056 -19.8948 95.728 0.5
2 565.706 124.832 -5.46818 0.5
2 596.871 74.9461 87.7715 0.5
2 445.357 -157.006 77.5319 0.5
2 751.914 48.1949 -7.36049 0.5
2 561.737 45.3955 -77.1937 0.5
2 433.845 -132.044 -51.6852 0.5
2 561.38 -38.1028 -97.5207 0.5
2 526.309 -123.246 -99.5057 0.5
2 578.558 -173.433 -79.6891 0.5
2 620.594 -165.302 -37.3788 0.5
2 496.726 -5.0295 32.2452 0.5
2 649.725 -69.2006 -71.4844 0.5
2 524.534 -64.1635 91.2048 0.5
2 721.881 -3.63652 -8.53784 0.5
2 546.289 69.1225 45.962 0.5
2 670.829 -92.7901 0.356095 0.5
2 674.982 -68.6842 -40.2478 0.5
2 451.941 -141.546 -75.8352 0.5
2 626.813 83.5198 96.4866 0.5
2 732.684 42.8023 51.4118 0.5
2 543.696 -128.72 99.6903 0.5
2 667.443 -97.1962 -12.0581 0.5
2 694.452 -21.6164 52.8862 0.5
2 473.488 -86.2508 67.0711 0.5
2 520.928 -73.6901 91.9247 0.5
2 696.024 23.427 -77.0775 0.5
2 605.716 -182.102 47.0004 0.5
2 637.432 -128.458 45.7682 0.5
2 570.66 -130.948 -94.6295 0.5
2 586.079 -195.549 62.5989 0.5
2 498.646 -19.62 -51.5317 0.5
2 687.772 67.8665 -93.9174 0.5
2 572.603 -17.8103 -97.4229 0.5
2 495.202 -29.2852 -54.4899 0.5
2 539.931 -92.3452 -99.0731 0.5
2 625.325 -132.881 59.1398 0.5
2 743.636 35.5456 -14.8962 0.5
2 535.233 -178.635 -96.6961 0.5
2 647.427 100.104 98.5933 0.5
2 712.652 2.80178 -46.7039 0.5
2 605.651 76.9956 91.0556 0.5
2 564.263 -68.1511 -99.8937 0.5
2 538.47 77.1612 -8.90635 0.5
2 643.681 -15.5381 92.5547 0.5
2 592.782 -204.891 -46.6366 0.5
2 504.931 -25.5597 63.4556 0.5
2 567.705 114.553 -36.8064 0.5
2 569.492 96.0782 56.9559 0.5
2 481.794 -56.5713 57.4952 0.5
2 475.357 -74.3462 61.9424 0.5
2 541.839 -98.7969 -99.6203 0.5
2 478.402 -115.951 -83.4726 0.5
2 573.326 -111.029 -96.9069 0.5
2 478.612 -39.3513 36.2853 0.5
2 575.74 69.6299 77.2023 0.5
2 684.458 -45.2066 -47.4763 0.5
2 503.401 -149.822 -98.6325 0.5
2 483.084 -32.2135 -37.0573 0.5
2 423.439 -121.353 -2.66178 0.5
2 590.699 48.2759 91.6831 0.5
2 561.538 90.8037 -50.2706 0.5
2 535.07 41.8905 52.8209 0.5
2 650.142 -82.0749 64.133 0.5
2 605.48 -123.312 80.9824 0.5
2 536.607 -97.2081 99.0107 0.5
2 470.555 -154.366 -90.4465 0.5
2 648.427 -103.951 -50.7256 0.5
2 507.233 -95.739 91.562 0.5
2 459.489 -97.4193 59.0397 0.5
2 661.489 102.342 -99.84 0.5
2 491.542 -42.9246 59.7326 0.5
2 565.936 34.7698 83.7651 0.5
2 567.945 -56.4721 -99.7361 0.5
2 505.831 -184.137 99.9613 0.5
2 421.567 -124.542 1.29073 0.5
2 512.303 -114.651 -96.464 0.5
2 539.1 79.0477 0.115692 0.5
2 637.734 -93.7973 -69.5604 0.5
2 646.383 -108.415 -49.9326 0.5
2 601.915 -211.001 10.7178 0.5
2 485.273 -22.7834 29.0093 0.5
2 544.584 -105.479 -99.9554 0.5
2 517.891 -45.074 82.6414 0.5
2 523.168 -37.7161 83.2414 0.5
2 489.123 -150.155 -95.7991 0.5
2 562.4 87.0405 -54.5397 0.5
2 613.35 -192.167 4.2566 0.5
2 503.243 -188.575 99.9619 0.5
2 712.453 -10.9866 -30.7783 0.5
2 583.965 122.464 55.9942 0.5
2 531.378 23.6914 -61.2984 0.5
2 505.252 -190.172 99.8596 0.5
2 484.765 -94.3611 -79.7359 0.5
2 579.233 -188.735 -72.7151 0.5
2 512.318 -87.5137 91.6895 0.5
2 693.496 -52.9709 7.46865 0.5
2 570.594 -103.511 -98.2637 0.5
2 582.348 -47.3225 -99.998 0.5
2 611.289 102.886 86.9454 0.5
2 571.745 -120.961 95.9191 0.5
2 593.113 -97.3087 -93.6919 0.5
2 671.108 -89.232 17.4675 0.5
2 685.167 -23.9942 62.555 0.5
2 610.742 -100.512 -85.5235 0.5
2 602.343 -85.9634 -92.7929 0.5
2 618.273 -60.7291 92.3107 0.5
2 613.134 74.1161 94.2508 0.5
2 583.934 -22.261 -99.4453 0.5
2 517.392 10.2798 -53.6092 0.5
2 555.138 98.6814 28.2484 0.5
2 650.909 -54.8279 -77.0303 0.5
2 518.993 -176.531 -99.4602 0.5
2 604.823 -205.437 12.9342 0.5
2 473.373 -62.7206 -50.9664 0.5
2 672.481 -14.8647 -78.0881 0.5
2 688.36 45.8556 -88.8647 0.5
2 526.655 -102.391 97.9677 0.5
2 512.127 -170.727 99.9883 0.5
2 682.948 11.8298 81.3295 0.5
2 545.249 -57.8627 96.5016 0.5
2 456.418 -68.0104 19.5231 0.5
2 450.087 -137.514 -72.5648 0.5
2 546.354 -204.905 -87.5846 0.5
2 706.592 -25.35 -23.284 0.5
2 642.543 -140.62 10.7714 0.5
2 529.858 40.016 46.5817 0.5
2 666.398 79.1574 99.4796 0.5
2 557.163 -217.529 76.8949 0.5
2 449.861 -110.774 56.6991 0.5
2 597.376 -192.298 50.7894 0.5
2 564.603 79.4602 62.4286 0.5
2 588.854 -5.69242 98.9371 0.5
2 516.244 -159.69 -99.9991 0.5
2 443.086 -93.4407 -24.681 0.5
2 511.849 -121.188 97.2039 0.5
2 598.705 -217.693 1.3946 0.5
2 473.067 -91.068 -69.2645 0.5
2 658.041 -91.1544 47.2975 0.5
2 715.27 59.9909 -78.3839 0.5
2 450.526 -83.3596 29.6487 0.5
2 554.194 96.0908 29.8235 0.5
2 600.267 -107.607 -88.6358 0.5
2 514.359 23.0268 -35.6861 0.5
2 637.303 -137.687 35.6921 0.5
2 454.916 -69.0246 14.996 0.5
3 738.217 134.436 93.8839 0.5
3 930.084 119.436 -98.0931 0.5
3 978.727 12.8143 48.9761 0.5
3 747.643 13.9924 -51.0165 0.5
3 723.342 0.681414 11.6541 0.5
3 799.446 0.425932 9.21981 0.5
3 955.177 41.0275 -80.7604 0.5
3 698.946 7.6587 38.3808 0.5
3 964.96 53.9945 -88.789 0.5
3 685.188 0.373289 8.63241 0.5
3 761.848 70.1707 -95.4474 0.5
3 822.052 61.5079 92.295 0.5
3 983.305 125.157 96.784 0.5
3 979.158 119.53 98.0743 0.5
3 712.347 191.273 -40.8557 0.5
3 773.265 196.237 27.1756 0.5
3 938.158 138.651 92.2284 0.5
3 926.325 171.675 69.7328 0.5
3 765.944 94.5823 -99.8531 0.5
3 978.831 131.542 94.8953 0.5
3 804.533 195.943 -28.1951 0.5
3 672.076 43.0782 82.2186 0.5
3 736.099 176.658 64.2148 0.5
3 837.777 183.356 55.2434 0.5
3 796.749 110.617 -99.4348 0.5
3 904.658 0.0902924 4.24857 0.5
3 792.777 46.3132 84.3666 0.5
3 766.331 171.31 70.1059 0.5
3 779.888 140.813 -91.2922 0.5
3 691.11 114.009 -99.0139 0.5
3 888.063 169.694 71.713 0.5
3 938.287 16.272 -54.6775 0.5
3 685.179 91.6142 -99.6478 0.5
3 722.829 32.1679 73.4766 0.5
3 843.973 53.6406 -88.6048 0.5
3 678.847 171.14 70.2785 0.5
3 686.515 125.056 96.8101 0.5
3 746.291 49.4535 86.2847 0.5
3 835.558 3.09356 -24.6808 0.5
3 956.957 1.70909 -18.4092 0.5
3 764.455 105.513 -99.8479 0.5
3 740.03 1.07071 14.5943 0.5
3 916.288 50.7158 -87.0119 0.5
3 953.422 196.981 -24.3881 0.5
3 696.987 176.078 64.9012 0.5
3 740.432 1.5391 -17.4772 0.5
3 895.316 131.296 -94.9765 0.5
3 772.66 193.793 -34.6833 0.5
3 766.12 83.4593 -98.6225 0.5
3 883.811 36.2671 -77.0591 0.5
3 816.526 184.909 -52.825 0.5
3 687.689 193.705 -34.9187 0.5
3 868.408 12.6203 -48.6291 0.5
3 699.321 199.639 8.48835 0.5
3 829.279 176.353 -64.5777 0.5
3 703.093 120.617 97.8516 0.5
3 713.329 43.192 82.2974 0.5
3 976.835 116.974 -98.549 0.5
3 821.824 89.4702 -99.4441 0.5
3 902.314 62.2791 92.6128 0.5
3 898.743 199.052 13.74 0.5
3 873.555 198.135 -19.2235 0.5
3 810.11 194.999 -31.2269 0.5
3 750.74 199.98 2.0002 0.5
3 711.048 0.0541163 -3.28943 0.5
3 825.827 77.8022 97.5052 0.5
3 688.942 16.2941 54.7113 0.5
3 820.994 199.793 6.42804 0.5
3 679.181 37.0028 77.6618 0.5
3 848.588 153.104 84.7344 0.5
3 829.834 159.716 -80.2125 0.5
3 719.823 198.239 -18.6822 0.5
3 683.086 124.609 96.9246 0.5
3 904.18 8.26744 -39.8138 0.5
3 895.877 170.162 71.2551 0.5
3 852.933 45.082 83.5704 0.5
3 704.934 81.3407 98.2437 0.5
3 861.664 176.854 -63.9803 0.5
3 681.32 42.5978 -81.884 0.5
3 861.625 0.363953 8.52397 0.5
3 728.308 73.3213 -96.3755 0.5
3 935.304 100.839 99.9965 0.5
3 808.481 50.2593 86.7517 0.5
3 839.906 193.869 34.4761 0.5
3 843.741 197.977 20.0114 0.5
3 735.759 173.956 67.3087 0.5
3 672.982 29.4347 70.8558 0.5
3 853.406 88.9647 -99.3892 0.5
3 844.348 50.1806 86.7066 0.5
3 861.356 48.6616 -85.8159 0.5
3 868.803 30.692 72.0861 0.5
3 969.96 10.0932 43.7809 0.5
3 797.162 13.8903 -50.8441 0.5
3 775.552 13.4828 50.1476 0.5
3 858.455 187.099 -49.13 0.5
3 938.472 199.711 7.59695 0.5
3 794.116 196.945 -24.5293 0.5
3 830.911 199.772 -6.74639 0.5
3 871.028 0.384856 -8.76487 0.5
3 735.649 78.7972 97.7264 0.5
3 785.393 15.3731 -53.2756 0.5
3 821.529 48.0205 -85.4291 0.5
3 757.004 38.4745 -78.8328 0.5
3 847.366 84.7559 -98.8313 0.5
3 986.975 177.569 -63.1113 0.5
3 972.797 18.8434 -58.4261 0.5
3 708.834 187.517 -48.3809 0.5
3 957.375 109.442 -99.5532 0.5
3 922.235 176.208 64.7488 0.5
3 718.801 57.6673 -90.5977 0.5
3 946.034 15.4818 -53.4478 0.5
3 947.484 5.64396 33.12 0.5
3 744.925 198.799 -15.4548 0.5
3 819.269 170.425 -70.9949 0.5
3 826.771 113.175 99.1283 0.5
3 979.379 19.9429 59.9238 0.5
3 949.908 140.731 -91.3288 0.5
3 744.018 77.5419 -97.4455 0.5
3 791.481 7.06932 -36.9309 0.5
3 775.146 52.8373 -88.1798 0.5
3 925.147 150.21 86.4809 0.5
3 699.021 194.149 -33.704 0.5
3 699.39 43.6969 82.6435 0.5
3 812.2 0.473591 -9.7208 0.5
3 892.462 197.029 -24.1932 0.5
3 794.047 189.322 -44.9627 0.5
3 721.868 0.649496 11.3788 0.5
3 698.103 11.1658 45.9183 0.5
3 910.674 85.0314 98.8734 0.5
3 897.85 0.26981 7.34093 0.5
3 840.451 118.64 -98.2474 0.5
3 845.236 179.083 -61.2034 0.5
3 988.359 95.6056 99.9034 0.5
3 703.444 50.1058 86.6635 0.5
3 792.244 199.631 8.57742 0.5
3 752.224 70.3936 -95.5168 0.5
3 877.726 2.63488 22.8043 0.5
3 903.231 185.389 -52.0462 0.5
3 831.31 199.834 -5.75216 0.5
3 764.848 77.6381 97.4677 0.5
3 726.034 13.2509 -49.7453 0.5
3 692.724 4.78871 -30.5747 0.5
3 964.564 95.051 99.8775 0.5
3 819.607 162.457 -78.0967 0.5
3 911.153 5.29392 -32.1054 0.5
3 983.859 61.9262 -92.4683 0.5
3 726.246 13.4102 50.0221 0.5
3 727.729 193.808 34.6426 0.5
3 672.786 84.7952 -98.8373 0.5
3 799.58 110.807 -99.4144 0.5
3 760.856 21.3282 61.7312 0.5
3 677.664 178.577 -61.8515 0.5
3 682.61 194.995 -31.2407 0.5
3 774.161 191.041 -41.3708 0.5
3 867.459 17.3593 56.3074 0.5
3 816.28 24.2873 -65.3268 0.5
3 720.487 65.4868 93.8554 0.5
3 921.781 180.155 59.7932 0.5
3 757.384 199.999 0.320748 0.5
3 887.336 15.6148 53.6576 0.5
3 777.413 162.478 -78.0802 0.5
3 846.323 199.428 -10.6848 0.5
3 731.797 195.405 -29.9656 0.5
3 770.595 114.06 99.0067 0.5
3 787.65 150.37 86.3879 0.5
3 790.007 8.36109 -40.0289 0.5
3 982.765 22.691 -63.4296 0.5
3 855.093 24.4015 -65.4589 0.5
3 923.395 0.434576 9.31269 0.5
3 895.865 92.9647 -99.7522 0.5
3 906.898 131.003 95.0726 0.5
3 735.797 191.398 -40.576 0.5
3 804.253 6.63523 -35.8193 0.5
3 877.455 166.559 74.6315 0.5
3 868.292 121.433 -97.676 0.5
3 784.151 133.661 94.1642 0.5
3 718.417 150.115 86.536 0.5
3 845.824 13.402 50.0079 0.5
3 785.986 10.9148 45.4293 0.5
3 997.829 144.113 89.7445 0.5
3 709.49 199.914 -4.15144 0.5
3 700.494 38.1001 -78.5392 0.5
3 724.116 94.1072 99.8262 0.5
3 821.44 148.143 87.6485 0.5
3 785.607 93.9236 99.8152 0.5
3 986.199 153.345 -84.5829 0.5
3 989.753 131.206 -95.0063 0.5
3 726.114 50.4169 -86.8419 0.5
3 757.792 174.344 -66.8808 0.5
3 972.988 164.807 76.1577 0.5
3 805.337 165.392 75.6567 0.5
3 928.787 166.585 -74.609 0.5
3 968.76 0.0154699 -1.7589 0.5
3 827.643 0.210304 6.48203 0.5
3 966.225 89.7539 -99.4737 0.5
3 798.879 164.704 76.2454 0.5
3 918.28 11.1519 -45.8913 0.5
3 841.915 50.3686 -86.8143 0.5
3 926.244 42.5773 -81.8696 0.5
3 854.779 196.179 27.3791 0.5
3 725.185 8.39311 -40.1021 0.5
3 764.725 0.386898 -8.78805 0.5
3 989.318 150.296 -86.431 0.5
3 770.188 199.307 -11.752 0.5
3 944.033 177.675 -62.9814 0.5
3 885.456 5.70166 -33.284 0.5
3 941.202 63.6338 -93.1531 0.5
3 799.244 41.4605 -81.0748 0.5
3 876.628 128.215 -95.9371 0.5
3 935.26 15.1846 -52.975 0.5
3 906.382 159.355 80.4795 0.5
3 729.651 85.1989 -98.8986 0.5
3 775.828 29.9173 71.3332 0.5
3 864.576 163.028 77.637 0.5
3 807.438 110.165 -99.482 0.5
3 901.705 171.991 69.4069 0.5
3 828.537 22.7769 -63.5342 0.5
3 793.77 196.495 -26.2426 0.5
3 691.693 46.2416 -84.321 0.5
3 930.338 160.968 -79.2646 0.5
3 804.852 0.878465 13.2258 0.5
3 927.075 2.35096 -21.5561 0.5
3 768.459 86.5723 -99.0944 0.5
3 937.282 171.189 -70.2296 0.5
3 693.712 185.517 -51.8353 0.5
3 712.47 0.0825297 4.06191 0.5
3 784.749 58.3206 -90.9001 0.5
3 758.191 24.377 65.4306 0.5
3 993.485 167.012 -74.2257 0.5
3 984.643 0.00125035 -0.500069 0.5
3 717.439 154.903 83.5805 0.5
3 795.595 187.381 -48.6273 0.5
3 675.33 199.986 1.68401 0.5
3 699.909 51.5044 -87.4538 0.5
3 774.918 186.221 50.6557 0.5
3 750.758 154.334 -83.9512 0.5
3 828.301 184.868 -52.8909 0.5
3 704.676 34.5339 -75.5922 0.5
3 871.865 1.89857 -19.3935 0.5
3 967.167 4.26138 28.8811 0.5
3 936.778 107.705 -99.7028 0.5
3 820.422 139.765 91.7537 0.5
3 782.359 193.417 35.6841 0.5
3 912.15 65.7649 93.9572 0.5
3 700.93 122.688 97.3924 0.5
3 994.141 5.70406 33.2908 0.5
3 867.036 11.457 -46.4773 0.5
3 892.559 1.72799 18.5098 0.5
3 866.811 173.033 -68.3097 0.5
3 836.213 130.717 95.1656 0.5
3 915.576 5.32926 32.2095 0.5
3 708.056 38.0127 -78.4702 0.5
3 754.923 190.846 -41.7977 0.5
3 698.843 108.812 -99.611 0.5
3 824.14 183.99 -54.2737 0.5
3 739.4 139.649 91.8037 0.5
3 706.142 110.845 -99.4102 0.5
3 954.116 4.92882 -31.0076 0.5
3 681.954 58.4314 -90.9508 0.5
3 755.44 200 0.00121083 0.5
3 873.473 186.151 -50.7743 0.5
3 882.228 96.7638 99.9476 0.5
3 992.733 15.3403 53.2235 0.5
3 893.042 66.9409 -94.3774 0.5
3 957.309 1.42416 16.8168 0.5
3 812.899 183.989 54.276 0.5
3 920.891 40.8952 -80.6636 0.5
3 798.936 46.6522 84.5814 0.5
3 844.613 199.248 -12.2421 0.5
3 766.621 1.06075 14.5267 0.5
3 982.035 50.851 87.0883 0.5
3 892.649 3.25855 25.3198 0.5
3 810.633 171.48 69.9327 0.5
3 978.479 165.549 -75.5206 0.5
3 707.017 55.177 -89.3918 0.5
3 671.922 3.80582 -27.3254 0.5
3 830.325 38.6429 78.964 0.5
3 984.91 119.59 -98.0625 0.5
3 711.125 199.914 4.13571 0.5
3 692.775 7.62033 -38.2883 0.5
3 864.417 0.676773 11.6145 0.5
3 725.859 30.8371 72.2253 0.5
3 924.01 61.6767 92.3652 0.5
3 757.769 0.836441 12.9069 0.5
3 907.074 194.328 -33.1991 0.5
3 944.515 134.781 -93.7564 0.5
3 828.078 182.763 56.1269 0.5
3 885.14 119.222 98.1351 0.5
3 835.03 2.79294 -23.4689 0.5
3 796.207 133.72 -94.1433 0.5
3 892.902 78.1523 -97.5842 0.5
3 848.028 185.588 -51.7173 0.5
3 867.732 196.843 24.9286 0.5
3 792.651 136.113 -93.2514 0.5
3 929.445 0.576683 10.724 0.5
3 959.81 126.731 96.361 0.5
3 855.264 47.81 -85.3006 0.5
3 838.319 1.76092 18.6838 0.5
3 848.964 186.854 -49.5621 0.5
3 961.062 0.65201 11.4007 0.5
3 878.332 42.9525 82.1315 0.5
3 792.499 2.92619 -24.0141 0.5
3 813.106 93.4571 99.7857 0.5
3 809.092 185.569 -51.749 0.5
3 841.935 53.6179 -88.5929 0.5
3 985.919 87.0685 99.1604 0.5
3 870.578 167.661 73.6343 0.5
3 805.888 8.57675 40.519 0.5
3 947.119 137.139 -92.8475 0.5
3 713.748 70.0068 -95.3961 0.5
3 740.157 199.294 -11.8632 0.5
3 893.422 192.98 36.8074 0.5
3 797.153 0.0621692 -3.52562 0.5
3 676.458 140.479 91.441 0.5
3 960.097 129.346 -95.597 0.5
3 914.607 115.319 -98.8197 0.5
3 837.376 199.042 13.8076 0.5
3 995.031 198.896 14.8177 0.5
3 906.583 151.268 -85.858 0.5
3 711.719 185.324 52.1512 0.5
3 810.486 146.664 88.4447 0.5
3 697.123 156.466 82.5324 0.5
3 723.369 36.6365 -77.3632 0.5
3 764.076 0.22552 6.71216 0.5
3 687.21 89.7321 -99.4715 0.5
3 799.442 173.004 68.3401 0.5
3 794.316 130.983 95.0791 0.5
3 711.866 143.281 -90.1483 0.5
3 888.315 188.957 45.6801 0.5
3 819.634 74.362 96.6576 0.5
3 730.479 198.454 -17.5183 0.5
3 876.015 66.5166 -94.2277 0.5
3 762.432 0.0161857 -1.79913 0.5
3 912.056 190.966 41.5344 0.5
3 767.541 0.243138 -6.9691 0.5
3 961.86 0.0369592 -2.71854 0.5
3 818.72 6.18632 34.6265 0.5
3 889.901 19.889 59.8517 0.5
3 951.125 128.269 -95.9213 0.5
3 770.863 163.711 -77.0776 0.5
3 834.905 189.254 45.0977 0.5
3 897 155.072 83.4687 0.5
3 866.996 133.99 -94.0463 0.5
3 938.455 0.829978 -12.8572 0.5
3 763.435 174.449 -66.763 0.5
3 945.625 24.6375 -65.7304 0.5
3 923.422 51.323 -87.353 0.5
3 688.635 175.219 -65.8952 0.5
3 907.531 189.348 44.9106 0.5
3 703.08 106.094 99.8142 0.5
3 893.122 16.5553 -55.1088 0.5
3 726.408 139.181 92.0045 0.5
3 766.897 42.7676 -82.0028 0.5
3 829.668 53.8437 -88.7108 0.5
3 925.212 0.125847 5.01533 0.5
3 973.749 8.17744 39.6058 0.5
3 792.171 43.8962 82.779 0.5
3 817.519 136.875 92.9527 0.5
3 678.931 138.752 -92.1862 0.5
3 949.584 10.5016 44.6098 0.5
3 886.242 56.6044 90.0934 0.5
3 930.767 5.25806 -31.9994 0.5
3 953.765 2.45832 22.0368 0.5
3 980.088 18.7772 -58.3339 0.5
3 946.285 42.7077 81.9609 0.5
3 799.892 160.888 -79.3265 0.5
3 886.697 139.628 91.8128 0.5
3 742.197 182.134 -57.0434 0.5
3 988.463 194.414 32.9557 0.5
3 734.76 58.9172 91.1713 0.5
3 684.518 199.617 -8.74112 0.5
3 824.964 0.0664898 -3.64603 0.5
3 729.714 8.26355 -39.8048 0.5
3 862.887 183.488 55.043 0.5
3 980.736 0.0173975 -1.86526 0.5
3 714.024 193.523 -35.4047 0.5
3 994.699 98.8509 99.9934 0.5
3 821.981 182.252 56.8741 0.5
3 953.93 6.15406 -34.539 0.5
3 900.701 131.102 -95.0403 0.5
3 675.4 194.661 -32.2371 0.5
3 997.509 196.519 -26.1533 0.5
3 888.41 14.0014 -51.0317 0.5
3 822.974 124.046 -97.0659 0.5
3 941.977 197.115 -23.8456 0.5
3 797.061 19.2746 59.0205 0.5
3 809.375 64.3371 -93.4246 0.5
3 775.739 146.435 88.5653 0.5
3 960.011 16.8194 55.5067 0.5
3 898.825 1.22518 15.6056 0.5
3 801.032 199.984 1.8036 0.5
3 779.962 163.574 -77.1903 0.5
3 697.444 103.641 99.9337 0.5
3 736.078 51.2694 87.3231 0.5
3 981.23 71.6987 95.9116 0.5
3 854.025 6.72722 36.0581 0.5
3 870.817 121.858 97.5818 0.5
3 865.935 37.666 -78.1951 0.5
3 822.855 65.9633 94.0293 0.5
3 968.706 199.351 -11.3721 0.5
3 988.916 81.9102 -98.3502 0.5
3 972.777 179.143 -61.1266 0.5
3 878.177 198.163 -19.0813 0.5
3 833.787 187.619 48.1963 0.5
3 961.781 0.773686 -12.4153 0.5
3 913.657 155.904 82.914 0.5
3 699.156 159.571 -80.3198 0.5
3 995.961 0.535493 -10.335 0.5
3 770.007 157.107 82.0902 0.5
3 790.535 121.003 97.7694 0.5
3 962.329 6.74128 36.0945 0.5
3 930.639 199.682 -7.96586 0.5
3 858.238 20.6125 60.8081 0.5
3 897.386 159.879 -80.0903 0.5
3 960.916 52.6652 88.0875 0.5
3 678.352 25.6647 66.8899 0.5
3 933.134 130.71 95.1677 0.5
3 749.462 53.0922 -88.3157 0.5
3 839.358 31.9067 73.2346 0.5
3 859.629 30.0322 -71.4459 0.5
3 868.171 44.1636 -82.9596 0.5
3 750.904 89.6479 99.4627 0.5
3 693.863 160.153 -79.8849 0.5
3 908.592 135.576 -93.4578 0.5
3 987.761 190.068 -43.4474 0.5
3 778.247 163.161 -77.529 0.5
3 952.502 7.70467 38.4912 0.5
3 997.375 120.517 -97.8727 0.5
3 919.684 154.165 -84.0603 0.5
3 809.972 119.876 -98.0048 0.5
3 925.089 109.196 -99.5763 0.5
3 937.931 15.539 53.5383 0.5
3 708.068 120.749 -97.8236 0.5
3 882.759 33.6676 74.8332 0.5
3 878.193 27.6191 69 0.5
3 898.541 108.981 99.5959 0.5
3 808.078 156.142 82.7534 0.5
3 832.198 13.4694 -50.1243 0.5
3 779.243 179.892 60.1435 0.5
3 808.348 4.81406 -30.6535 0.5
3 864.443 3.53753 26.3627 0.5
3 874.682 174.678 -66.5069 0.5
3 953.261 199.289 11.8996 0.5
3 801.998 188.045 -47.4141 0.5
3 723.279 186.301 50.5188 0.5
3 935.189 158.746 -80.9256 0.5
3 971.033 186.602 -50.0001 0.5
3 897.29 63.2865 -93.0168 0.5
3 818.458 195.406 -29.9629 0.5
3 928.089 190.603 -42.3213 0.5
3 726.529 34.4015 -75.4774 0.5
3 929.587 61.2473 92.1859 0.5
3 930.793 189.083 45.4332 0.5
3 757.465 14.9165 -52.5433 0.5
3 979.392 0.909549 13.4567 0.5
3 872.109 19.1184 -58.8061 0.5
3 937.043 15.686 -53.7694 0.5
3 809.315 131.956 94.7568 0.5
3 877.101 177.368 63.3577 0.5
3 876.937 115.269 -98.8275 0.5
3 795.565 152.201 85.2939 0.5
3 857.869 114.017 99.0127 0.5
3 932.215 178.9 61.4388 0.5
3 959.474 199.07 13.6052 0.5
3 950.31 37.3459 77.9388 0.5
3 897.837 135.937 -93.3193 0.5
3 707.341 144.455 -89.5753 0.5
3 827.796 75.6128 -96.9807 0.5
3 975.34 155.073 83.468 0.5
3 939.5 0.729969 -12.0607 0.5
3 727.329 101.358 -99.9908 0.5
3 822.142 160.895 79.3211 0.5
3 684.235 164.516 76.4048 0.5
3 757.662 126.254 96.492 0.5
3 680.004 39.6095 -79.7056 0.5
3 888.15 193.672 -35.0079 0.5
3 944.655 38.9705 -79.2174 0.5
3 836.994 112.631 -99.199 0.5
3 907.801 197.678 21.4253 0.5
3 785.483 108.332 -99.6523 0.5
3 977.773 30.6 71.9975 0.5
3 889.427 88.4095 -99.326 0.5
3 804.52 193.979 -34.1765 0.5
3 908.916 83.0979 98.5612 0.5
3 851.99 138.372 -92.345 0.5
3 804.379 80.5214 -98.0846 0.5
3 992.094 0.251098 7.08213 0.5
3 780.113 199.501 -9.9728 0.5
3 726.389 46.098 84.2293 0.5
3 732.784 27.2089 -68.5672 0.5
3 748.222 48.6593 85.8145 0.5
3 985.119 190.415 -42.7209 0.5
3 959.859 0.102114 -4.518 0.5
3 738.44 29.456 70.877 0.5
3 721.25 196.553 26.0278 0.5
3 894.976 94.677 -99.8582 0.5
3 787.511 189.111 -45.3792 0.5
3 701.452 84.2088 -98.7453 0.5
3 770.717 76.2007 97.1267 0.5
3 697.103 191.533 -40.2698 0.5
3 882.063 199.497 -10.0149 0.5
3 962.839 169.329 72.0655 0.5
3 902.849 3.96729 27.8876 0.5
3 894.918 189.661 44.2815 0.5
3 999.272 137.658 92.6385 0.5
3 959.056 0.52347 -10.2186 0.5
3 826.796 59.9644 91.636 0.5
3 951.105 186.888 -49.5029 0.5
3 844.091 1.38343 -16.5762 0.5
3 699.55 84.0469 98.7193 0.5
3 693.891 115.612 98.7739 0.5
3 698.444 41.7822 -81.3061 0.5
3 762.657 0.112623 4.74468 0.5
3 831.895 187.877 -47.7245 0.5
3 941.825 135.141 93.622 0.5
3 806.488 72.1662 96.0483 0.5
3 730.948 86.1532 99.0367 0.5
3 909.301 196.569 -25.9694 0.5
3 926.372 101.201 99.9928 0.5
3 762.838 0.0254303 2.25509 0.5
3 790.479 199.999 -0.514537 0.5
3 886.226 193.505 35.4522 0.5
3 798.621 111.007 99.3924 0.5
3 920.415 19.1551 58.8567 0.5
3 733.089 25.0603 66.212 0.5
3 678.714 67.3554 -94.5216 0.5
3 822.264 162.454 -78.0992 0.5
3 860.753 13.7086 -50.535 0.5
3 896.114 116.173 98.6836 0.5
3 955.483 100.548 99.9985 0.5
