0 52.1222 36.6432 -77.3687 0.5
0 234.694 94.5406 -99.8509 0.5
0 129.832 88.3616 99.3204 0.5
0 9.86503 168.745 72.6236 0.5
0 36.3771 123.499 -97.1998 0.5
0 196.23 10.8867 -45.3742 0.5
0 277.372 16.5112 -55.0419 0.5
0 90.941 49.9111 86.5512 0.5
0 263.983 162.003 78.4576 0.5
0 120.325 198.929 -14.5954 0.5
0 72.608 9.51789 -42.5792 0.5
0 138.023 187.367 48.6523 0.5
0 195.928 52.3581 -87.9218 0.5
0 19.6849 140.125 -91.597 0.5
0 14.6188 174.798 66.3722 0.5
0 221.194 137.694 92.6236 0.5
0 8.94893 11.7982 47.1216 0.5
0 308.832 2.68323 -23.0097 0.5
0 105.111 0.0350257 2.64649 0.5
0 293.206 112.837 99.1727 0.5
0 304.745 39.7146 -79.7852 0.5
0 146.225 52.4766 -87.986 0.5
0 48.3844 4.45166 29.5045 0.5
0 31.1253 10.4972 -44.6009 0.5
0 195.407 196.187 27.3523 0.5
0 47.6178 0.0466542 3.05429 0.5
0 75.6895 194.66 32.2413 0.5
0 286.324 38.8227 79.1034 0.5
0 226.726 118.827 -98.2117 0.5
0 86.3672 158.281 81.2606 0.5
0 179.878 198.865 -15.0232 0.5
0 48.5204 89.4904 99.4462 0.5
0 286.443 75.8261 97.0341 0.5
0 33.4702 8.50628 -40.3596 0.5
0 12.1295 192.587 -37.7833 0.5
0 223.851 121.679 97.6218 0.5
0 185.455 22.8608 63.636 0.5
0 298.67 6.58213 -35.6805 0.5
0 257.823 94.809 99.8652 0.5
0 197.42 164.497 76.4208 0.5
0 225.897 78.3839 97.6358 0.5
0 26.1574 106.604 -99.7817 0.5
0 200.625 127.018 96.2808 0.5
0 24.633 0.0302304 -2.45869 0.5
0 49.357 52.1338 87.7999 0.5
0 70.1953 3.53801 26.3645 0.5
0 257.36 13.3991 50.0029 0.5
0 109.573 55.9151 89.7581 0.5
0 148.613 198.116 -19.3181 0.5
0 82.946 23.3646 -64.2419 0.5
0 314.106 111.282 -99.3615 0.5
0 113.144 38.3345 78.7233 0.5
0 208.703 147.933 -87.7634 0.5
0 160.871 196.423 26.507 0.5
0 238.152 199.994 -1.12938 0.5
0 14.4195 179.204 61.0475 0.5
0 229.601 4.5975 29.9727 0.5
0 145.399 3.46557 26.098 0.5
0 79.2597 164.888 -76.0893 0.5
0 168.582 104.656 -99.8915 0.5
0 252.843 65.3653 93.8106 0.5
0 94.4995 55.6682 -89.6364 0.5
0 176.089 76.9383 97.3045 0.5
0 92.2599 142.868 -90.3458 0.5
0 101.642 83.8459 -98.6866 0.5
0 172.362 168.681 72.6836 0.5
0 43.0977 131.965 94.7537 0.5
0 244.356 199.477 10.2108 0.5
0 17.7989 189.909 -43.7762 0.5
0 241.237 190.939 41.5936 0.5
0 223.978 5.30993 -32.1526 0.5
0 65.7223 91.049 99.5986 0.5
0 273.401 194.381 33.0497 0.5
0 9.17655 34.2372 75.3343 0.5
0 32.2577 199.636 8.52694 0.5
0 124.323 17.5394 -56.5707 0.5
0 23.9952 189.2 45.2033 0.5
0 40.4545 188.36 46.8249 0.5
0 213.292 22.2255 62.8579 0.5
0 55.829 22.9054 -63.69 0.5
0 49.0637 89.2201 -99.4173 0.5
0 82.601 198.794 15.4811 0.5
0 231.622 196.098 27.6625 0.5
0 11.3482 182.184 -56.9723 0.5
0 118.874 43.2956 82.3688 0.5
0 53.2272 147.312 88.0999 0.5
0 65.9332 179.275 60.9541 0.5
0 226.888 129.215 95.6373 0.5
0 44.4374 172.122 -69.2706 0.5
0 283.282 26.3283 67.6201 0.5
0 283.992 198.979 -14.2505 0.5
0 261.465 107.463 -99.7211 0.5
0 9.48408 136.777 -92.9916 0.5
0 4.48032 0.106696 -4.61821 0.5
0 90.1035 85.8955 -99.0003 0.5
0 89.0575 77.1079 97.3445 0.5
0 259.065 7.55787 -38.1373 0.5
0 104.71 134.744 -93.7703 0.5
0 260.197 109.935 -99.5052 0.5
0 286.393 161.153 -79.1224 0.5
0 243.354 37.3137 77.913 0.5
0 332.287 42.1589 -81.5745 0.5
0 17.2051 79.2674 97.8272 0.5
0 173.138 192.959 36.86 0.5
0 290.726 199.719 7.49263 0.5
0 75.5294 186.682 49.862 0.5
0 225.59 0.00200002 0.632456 0.5
0 78.7909 199.933 -3.66321 0.5
0 168.544 140.024 91.641 0.5
0 54.6189 103.797 -99.9279 0.5
0 207.407 83.1402 98.5685 0.5
0 185.996 83.8983 98.6952 0.5
0 278.355 0.129982 5.097 0.5
0 331.995 15.0033 -52.6836 0.5
0 262.105 196.14 27.5166 0.5
0 304.691 56.1559 -89.876 0.5
0 89.5992 3.94313 -27.8043 0.5
0 52.6365 40.6615 -80.4919 0.5
0 176.293 198.01 -19.8515 0.5
1 343.743 10.1947 69.6294 0.5
1 379.894 83.4943 -76.7209 0.5
1 365.034 -48.9942 -33.878 0.5
1 370.36 124.468 -46.3699 0.5
1 382.338 -60.0487 65.9511 0.5
1 377.364 17.2322 -99.7882 0.5
1 343.593 -17.3093 -9.59587 0.5
1 352.805 23.5626 -90.4199 0.5
1 369.361 -59.1723 25.2076 0.5
1 345.104 30.3458 87.0213 0.5
1 376.351 124.296 -15.4123 0.5
1 367.391 127.593 -50.0343 0.5
1 376.932 24.3267 99.9999 0.5
1 372.463 -13.36 -89.0059 0.5
1 363.793 69.8949 97.4005 0.5
1 348.823 65.1081 -99.6744 0.5
1 351.462 165.048 26.4152 0.5
1 335.111 186.84 43.7552 0.5
1 352.915 -30.2803 26.7233 0.5
1 335.024 -2.56132 8.56895 0.5
1 341.069 177.36 -41.9853 0.5
1 342.724 96.363 -99.1995 0.5
1 341.621 -13.4581 13.3638 0.5
1 363.512 101.622 84.235 0.5
1 337.685 172.448 -60.0199 0.5
1 357.411 157.167 14.9861 0.5
1 334.105 189.066 -42.7475 0.5
1 333.757 45.4411 84.2789 0.5
1 372.123 -36.837 71.7539 0.5
1 351.11 -26.5084 28.951 0.5
1 348.383 131.349 81.8742 0.5
1 360.875 19.5782 94.4961 0.5
1 353.414 132.941 73.5783 0.5
1 375.476 -21.8761 87.2382 0.5
1 367.642 -27.1428 -73.5821 0.5
1 342.122 80.0597 99.8887 0.5
1 384.621 -78.0985 -45.075 0.5
1 338.433 2.02725 45.3236 0.5
1 381.72 84.0043 -73.4948 0.5
1 346.43 156.466 -61.1168 0.5
1 385.903 108.282 11.5115 0.5
1 362.311 -15.3596 -75.8486 0.5
1 379.197 53.4474 -94.4379 0.5
1 353.28 94.7566 -95.6097 0.5
1 365.546 3.93295 91.5317 0.5
1 338.997 25.7482 -76.4674 0.5
1 382.016 115.623 -3.36516 0.5
1 353.828 -4.6164 -72.2674 0.5
1 377.66 -4.18634 96.1698 0.5
1 347.215 87.3646 -99.3472 0.5
1 364.772 105.931 79.7108 0.5
1 362.239 137.567 -48.1702 0.5
1 361.599 -2.24038 84.6219 0.5
1 354.377 163.376 5.93649 0.5
1 376.655 87.5406 78.0022 0.5
1 368.531 33.6091 -99.8527 0.5
1 351.995 90.1428 97.4437 0.5
1 346.529 176.023 14.9345 0.5
1 375.113 -61.1995 -45.9157 0.5
1 380.257 -70.7261 -44.7044 0.5
1 344.808 166.903 -49.6946 0.5
1 384.436 -86.3706 20.5819 0.5
1 348.155 -19.7867 33.8017 0.5
1 382.944 -57.4907 69.849 0.5
1 363.821 145.377 18.9739 0.5
1 383.689 79.1963 74.7606 0.5
1 378.457 48.9747 -96.2493 0.5
1 375.123 -29.867 81.8258 0.5
1 337.717 188.102 -29.0267 0.5
1 357.235 137.943 -60.8669 0.5
1 334.913 190.128 -37.0965 0.5
1 384.397 -63.2675 66.3445 0.5
1 339.118 32.9169 -82.1198 0.5
1 382.998 112.493 -17.1753 0.5
1 363.98 142.796 -28.417 0.5
1 335.345 -2.87926 -10.9799 0.5
1 378.283 -70.2483 38.2548 0.5
1 342.955 54.5103 -95.7556 0.5
1 354.335 162.72 -13.4151 0.5
1 372.446 -49.4843 -57.6087 0.5
1 386.17 -91.5104 -1.08647 0.5
1 341.527 -11.8856 21.354 0.5
1 380.058 -77.1828 -27.119 0.5
1 373.921 28.2151 99.989 0.5
1 357.547 157.987 3.82503 0.5
1 378.915 -45.1875 -74.9167 0.5
1 347.009 77.8657 -99.988 0.5
1 356.868 157.949 15.9925 0.5
1 371.236 -45.084 60.7465 0.5
1 351.159 122.331 -84.671 0.5
1 358.188 127.016 -71.3496 0.5
1 381.276 -63.9678 58.7408 0.5
1 348.211 163.121 -45.811 0.5
1 362.86 4.54424 -89.6448 0.5
1 370.144 76.8635 -91.3781 0.5
1 385.559 -4.26189 99.0427 0.5
1 366.855 56.1978 98.9781 0.5
1 351.649 138.602 71.0939 0.5
1 383.837 84.613 69.3053 0.5
1 361.192 -44.2794 27.9104 0.5
1 383.037 55.7672 -90.8183 0.5
1 382.073 -66.1583 57.6082 0.5
1 335.492 163.557 -73.9686 0.5
1 376.498 83.1565 81.5185 0.5
1 358.349 148.647 39.2507 0.5
1 365.318 138.297 34.9455 0.5
1 362.841 148.853 2.7747 0.5
1 355.279 -16.684 61.7304 0.5
1 384.79 107.752 -24.7962 0.5
1 348.182 142.654 -72.9729 0.5
1 339.268 6.7844 55.8716 0.5
1 387.615 90.5172 53.4209 0.5
1 361.155 151.442 -8.58416 0.5
1 364.235 125.432 -61.3677 0.5
1 334.476 -1.06752 13.4709 0.5
1 380.177 -44.551 -77.3203 0.5
1 376.278 73.5704 -87.7529 0.5
1 373.466 34.6663 99.9127 0.5
1 386.403 -0.878368 99.5979 0.5
1 345.501 146.207 73.9812 0.5
1 344.559 169.213 -46.2595 0.5
1 351.615 147.246 -61.4253 0.5
1 347.701 110.744 -93.4374 0.5
1 360.355 -26.123 -60.8963 0.5
1 357.795 62.4683 -99.883 0.5
1 386.444 -84.8689 -37.0617 0.5
1 352.022 167.616 -1.62013 0.5
1 356.587 33.7243 96.5613 0.5
1 365.107 119.754 66.383 0.5
1 365.238 142.47 21.1816 0.5
1 384.342 17.3898 -99.8351 0.5
2 369.553 -105.392 -65.3693 0.5
2 351.983 20.946 58.513 0.5
2 383.274 48.8178 -83.6691 0.5
2 388.644 25.9886 97.4038 0.5
2 342.927 -166.455 -42.2826 0.5
2 351.297 -82.5177 -97.731 0.5
2 367.359 -130.889 22.7728 0.5
2 365.189 50.6682 -47.6045 0.5
2 361.742 -81.6517 92.3306 0.5
2 361.012 -126.634 57.0578 0.5
2 334.106 -58.6119 -94.5713 0.5
2 350.04 -112.563 -87.1446 0.5
2 385.303 -102.109 -8.06427 0.5
2 358.105 -140.073 42.4788 0.5
2 338.196 -165.11 58.5289 0.5
2 339.385 -83.398 99.9898 0.5
2 386.346 -78.5562 62.6683 0.5
2 352.904 -157.841 -11.9126 0.5
2 370.583 -18.3423 99.5392 0.5
2 359.189 -81.1179 -94.239 0.5
2 353.452 29.7443 48.6874 0.5
2 338.863 -140.578 81.67 0.5
2 338.375 -169.913 -50.6976 0.5
2 341.666 -33.0012 -89.2946 0.5
2 346.276 -15.785 84.0072 0.5
2 386.056 51.6947 84.9078 0.5
2 375.791 -47.2085 -95.9127 0.5
2 374.584 -105.718 -53.1333 0.5
2 341.706 14.7827 -37.4305 0.5
2 342.828 -66.8605 99.5811 0.5
2 349.222 2.67482 -73.6853 0.5
2 373.257 21.2108 -89.5479 0.5
2 348.283 -35.5756 -95.0799 0.5
2 367.989 -51.8648 -98.0924 0.5
2 333.895 8.32002 6.35951 0.5
2 360.278 -128.084 -56.7984 0.5
2 342.856 -107.798 94.795 0.5
2 368.693 -27.1291 99.9169 0.5
2 341.729 -48.0686 -95.444 0.5
2 336.318 -29.3664 81.5225 0.5
2 384.756 45.6396 -87.1597 0.5
2 362.532 -9.76572 -94.7041 0.5
2 347.363 -104.135 -93.3007 0.5
2 354.356 27.7886 -54.5259 0.5
2 351.933 -130.723 -70.9317 0.5
2 356.513 -133.344 -58.5861 0.5
2 355.329 -120.935 -74.6103 0.5
2 378.147 32.0142 -88.3489 0.5
2 380.331 46.0584 82.091 0.5
2 388.831 -32.047 -93.4021 0.5
2 354.645 -88.0372 -94.5715 0.5
2 359.468 -52.0272 99.8826 0.5
2 354.658 -38.9776 98.6231 0.5
2 346.662 -38.6105 95.1537 0.5
2 364.505 -26.2872 -99.2565 0.5
2 344.335 -173.187 6.43628 0.5
2 338.267 -154.606 70.7198 0.5
2 342.309 -123.22 -88.6276 0.5
2 335.14 -13.9351 65.7035 0.5
2 375.589 -77.1649 81.53 0.5
2 341.772 -5.13389 68.6643 0.5
2 387.721 -49.9358 -85.6062 0.5
2 383.474 37.9555 90.0146 0.5
2 383.031 84.3905 -41.9812 0.5
2 345.547 -138.365 -74.1722 0.5
2 363.817 -139.064 10.8247 0.5
2 357.577 -136.533 -50.9039 0.5
2 384.504 -89.7373 51.1686 0.5
2 374.148 56.911 61.7354 0.5
2 364.043 53.6573 36.9656 0.5
2 358.013 -50.0343 -99.9995 0.5
2 369.499 44.7328 -66.6596 0.5
2 379.733 -53.466 -91.036 0.5
2 382.573 -22.2912 98.8492 0.5
2 385.995 96.7771 -19.8256 0.5
2 345.399 7.79403 60.8617 0.5
2 342.725 -91.3424 -98.8442 0.5
2 354.86 -151.509 -26.7903 0.5
2 340.938 20.6628 3.42564 0.5
2 363.393 -33.7929 99.7824 0.5
2 378.926 -82.2379 72.6121 0.5
2 381.296 70.7131 59.8817 0.5
2 375.971 -117.911 -11.7069 0.5
2 368.248 10.4466 90.5557 0.5
2 353.252 -45.5739 -99.2313 0.5
2 353.678 -142.718 51.853 0.5
2 380.971 -105.371 -29.8814 0.5
2 366.236 -22.9524 99.2146 0.5
2 336.613 -41.9016 89.3696 0.5
2 361.727 -4.1575 -92.0333 0.5
2 380.465 -97.032 -50.6627 0.5
2 373.158 75.5787 13.749 0.5
2 379.953 63.8916 -65.4637 0.5
2 371.241 -20.4204 -99.7968 0.5
2 341.855 19.2548 24.5265 0.5
2 359.684 -47.6199 99.9967 0.5
2 334.332 -62.381 -95.9004 0.5
2 359.291 -48.3938 -99.9959 0.5
2 364.86 -78.7223 91.263 0.5
2 375.123 -119.252 12.76 0.5
2 374.896 -103.994 54.9768 0.5
2 345.236 -50.2278 97.6378 0.5
2 340.408 15.5088 28.9905 0.5
2 380.609 -95.0737 -53.4645 0.5
2 386.959 53.35 84.8511 0.5
2 361.482 -58.3513 98.9201 0.5
2 384.49 -3.24652 -99.9982 0.5
2 375.268 -119.806 1.48784 0.5
2 341.393 -150.75 -69.1268 0.5
2 367.726 65.4675 18.1057 0.5
2 358.011 -66.6152 98.5602 0.5
2 385.081 69.6122 -68.9451 0.5
2 344.847 -111.683 -92.0071 0.5
2 344.149 -172.474 -15.719 0.5
2 363.692 -139.655 -6.49975 0.5
2 341.888 -125.85 87.6075 0.5
2 388.639 72.7922 -71.9495 0.5
2 376.264 71.7523 43.9075 0.5
2 349.396 -51.3561 -99.1153 0.5
2 367.307 26.8315 -79.6695 0.5
2 345.367 -8.37393 77.4692 0.5
2 336.883 -54.6614 94.8624 0.5
2 386.621 98.6188 -15.6247 0.5
2 379.537 -60.9689 87.4259 0.5
2 337.848 -156.526 -69.5053 0.5
2 380.85 87.481 -21.6421 0.5
2 344.311 -95.6761 97.4954 0.5
2 355.228 -34.2592 97.9244 0.5
2 382.722 -68.3715 -78.8804 0.5
2 358.066 -142.087 -38.0587 0.5
2 381.788 62.8946 -69.9948 0.5
2 376.988 -90.7656 67.3405 0.5
2 353.869 -54.7253 99.9768 0.5
2 372.588 18.0154 -90.5315 0.5
2 379.337 1.65016 98.9549 0.5
2 384.284 94.2753 17.3936 0.5
2 385.564 82.4878 53.5203 0.5
2 362.115 -130.376 -47.907 0.5
2 365.698 34.3494 70.6791 0.5
2 341.438 -67.893 99.4452 0.5
2 379.326 41.7614 83.8108 0.5
2 347.701 -89.6016 97.5418 0.5
2 370.433 70.4826 16.2277 0.5
2 352.144 -121.864 78.4633 0.5
2 364.719 -65.8348 -96.0739 0.5
2 347.568 -7.36885 -79.6781 0.5
2 388.342 4.02588 -99.9928 0.5
2 384.185 91.7875 27.4442 0.5
2 336.658 12.4397 13.1468 0.5
2 381.798 -90.6945 -56.9668 0.5
2 336.393 -184.691 22.0404 0.5
2 340.696 -145.296 -75.4779 0.5
2 385.592 -95.1848 -36.119 0.5
2 344.06 -173.809 -3.53018 0.5
2 373.845 -93.1801 -70.5224 0.5
2 339.553 -158.683 -63.7975 0.5
2 385.982 -32.2261 -95.0845 0.5
2 384.494 -66.0421 78.2983 0.5
2 388.011 -52.9471 -83.3831 0.5
2 369.736 -56.6048 96.2282 0.5
2 369.97 -93.5286 -76.388 0.5
2 388.718 100.077 -25.8589 0.5
2 378.399 -19.5296 99.8681 0.5
2 346.751 -168.002 15.4896 0.5
2 345.965 3.22748 -67.4813 0.5
2 345.588 -170.621 -10.9654 0.5
3 353.45 -129.762 -92.7784 0.5
3 380.137 -61.8979 95.2185 0.5
3 403.786 6.76305 -12.5201 0.5
3 427.756 -18.6733 67.5054 0.5
3 373.675 -73.0623 98.1026 0.5
3 405.508 -60.3272 -94.7001 0.5
3 366.967 7.53475 1.74093 0.5
3 400.959 -36.1129 -82.6203 0.5
3 437.669 -76.3364 98.6932 0.5
3 437.527 -192.102 8.33276 0.5
3 356.912 -117.167 96.8972 0.5
3 340.31 -9.46707 55.8016 0.5
3 397.789 -178.697 50.6106 0.5
3 361.034 -77.1093 98.8163 0.5
3 419.921 -152.556 79.9205 0.5
3 342.687 -181.737 -45.0308 0.5
3 380.337 -39.6539 -84.9268 0.5
3 376.192 -0.0308894 38.1928 0.5
3 430.628 -28.0926 -76.5383 0.5
3 365.411 -86.0264 -99.7935 0.5
3 352.924 -48.1348 89.6446 0.5
3 346.752 1.88397 33.1826 0.5
3 377.903 -124.883 -94.5945 0.5
3 385.887 -134.457 90.7493 0.5
3 425.374 -191.016 -16.8732 0.5
3 376.453 -156.899 76.4616 0.5
3 337.7 7.03095 10.1746 0.5
3 415.856 -58.1892 93.9478 0.5
3 335.31 -32.2442 79.8451 0.5
3 348.352 7.14345 9.007 0.5
3 345.673 6.80703 -12.1665 0.5
3 413.925 -8.19197 -53.8569 0.5
3 435.74 -22.6752 71.6342 0.5
3 426.227 -88.3226 -99.9148 0.5
3 363.029 -121.237 95.7669 0.5
3 420.904 7.54932 -0.342441 0.5
3 355.262 -107.309 98.8899 0.5
3 352.011 4.51254 24.4591 0.5
3 433.52 -106.004 -99.0773 0.5
3 411.122 -38.3928 -84.1297 0.5
3 349.877 -54.0574 -92.3363 0.5
3 379.217 -125.954 94.2203 0.5
3 354.918 -168.349 -65.1106 0.5
3 371.783 -154.425 -78.4799 0.5
3 424.636 6.83023 -11.9758 0.5
3 389.984 -176.546 -54.1103 0.5
3 428.629 -66.2582 96.509 0.5
3 404.654 -192.391 3.4434 0.5
3 356.775 -158.574 -75.0177 0.5
3 355.077 -133.992 90.963 0.5
3 341.14 -192.45 -0.154293 0.5
3 406.557 -125.064 -94.5323 0.5
3 422.526 -142.614 86.5077 0.5
3 364.748 -91.8803 -99.9984 0.5
3 424.321 -93.7032 99.9921 0.5
3 442.602 -100.739 -99.6559 0.5
3 367.999 -192.437 1.61549 0.5
3 373.013 -142.642 -86.4917 0.5
3 383.981 -174.466 57.2134 0.5
3 441.693 -6.31115 50.7945 0.5
3 390.491 -146 84.4533 0.5
3 435.765 -78.4444 99.0143 0.5
3 430.391 -184.515 39.0403 0.5
3 373.872 -49.6328 -90.3697 0.5
3 363.739 -168.897 64.4661 0.5
3 341.283 -159.177 -74.4818 0.5
3 354.397 -48.7154 -89.9293 0.5
3 334.068 -166.186 -67.5497 0.5
3 442.301 -143.732 -85.8499 0.5
3 429.961 -190.517 19.5675 0.5
3 405.879 -140.003 87.9699 0.5
3 348.086 -140.096 87.9197 0.5
3 351.713 -136.161 89.9406 0.5
3 380.365 -173.495 58.5804 0.5
3 438.62 -95.627 99.9495 0.5
3 431.228 -37.4009 -83.484 0.5
3 406.608 -54.9034 92.6836 0.5
3 372.252 -19.7735 68.6885 0.5
3 441.619 7.3157 6.84008 0.5
3 335.782 -20.0813 69.0127 0.5
3 352.666 -188.171 28.9386 0.5
3 416.386 -29.9647 78.0741 0.5
3 368.232 -35.5879 82.2599 0.5
3 356.646 5.13833 -21.8289 0.5
3 385.733 -43.512 87.207 0.5
3 410.189 6.13885 16.7398 0.5
3 385.929 -0.32449 -38.8957 0.5
3 337.707 -192.431 1.96049 0.5
3 422.071 -173.871 58.0566 0.5
3 387.522 4.56178 24.2631 0.5
3 391.188 -189.772 22.9865 0.5
3 444.33 -9.88307 -56.4153 0.5
3 420.663 -51.6807 -91.3119 0.5
3 434.879 -129.574 -92.8536 0.5
3 378.725 -169.704 63.4962 0.5
3 414.259 -159.31 -74.3627 0.5
3 385.87 -25.9152 -74.6532 0.5
3 337.214 -190.426 -20.0166 0.5
3 428.733 -19.8762 -68.797 0.5
3 359.46 -55.7929 -93.039 0.5
3 430.052 -190.811 18.0296 0.5
3 354.597 -180.878 46.6965 0.5
3 428.031 -152.549 79.9258 0.5
3 400.244 -182.798 42.8625 0.5
3 370.209 -79.3871 -99.1431 0.5
3 364.541 -169.053 -64.2805 0.5
3 369.374 -20.7826 69.7408 0.5
3 439.94 -16.2352 -64.7402 0.5
3 431.663 4.0421 26.2537 0.5
3 428.951 -182.9 -42.6486 0.5
3 397.634 -192.253 -6.27215 0.5
3 335.345 -178.808 -50.4211 0.5
3 436.497 -1.47806 -41.5222 0.5
3 404.909 -192.281 -5.80908 0.5
3 390.72 -76.2383 -98.6771 0.5
3 406.485 -129.86 -92.7387 0.5
3 430.174 -84.4201 -99.6771 0.5
3 435.36 -102.933 99.449 0.5
3 429.472 -45.4595 88.2716 0.5
3 417.754 3.09704 29.5084 0.5
3 437.563 -191.56 -13.3136 0.5
3 378.045 5.90078 18.0861 0.5
3 433.378 -22.5335 71.4959 0.5
4 461.301 -177.881 -82.6903 0.5
4 482.139 -114.396 -90.1187 0.5
4 493 -243.129 74.6139 0.5
4 471.239 -110.835 95.9929 0.5
4 471.18 -233.263 -32.688 0.5
4 472.978 -46.3199 -29.4961 0.5
4 444.591 6.47516 -12.7852 0.5
4 496.593 -83.0859 7.89143 0.5
4 476.069 -230.854 54.8292 0.5
4 496.022 -106.199 65.4738 0.5
4 471.473 -215.713 64.4642 0.5
4 497.933 -127.736 81.9146 0.5
4 475.53 -55.1442 -41.1355 0.5
4 491.668 -108 -74.9116 0.5
4 462.643 -212.151 47.162 0.5
4 459.714 -53.504 75.6553 0.5
4 466.401 -30.8758 8.89733 0.5
4 469.002 -34.9921 1.11616 0.5
4 488.078 -129.075 -92.1021 0.5
4 499.588 -88.0004 2.77552 0.5
4 467.597 -113.273 -98.1241 0.5
4 498.598 -276.864 42.2899 0.5
4 471.261 -184.479 89.0078 0.5
4 489.394 -97.1373 68.166 0.5
4 458.199 -61.3599 83.5731 0.5
4 485.603 -263.452 -7.57809 0.5
4 455 -52.5165 81.307 0.5
4 469.497 -37.5189 -18.2299 0.5
4 463.182 -212.823 -47.6466 0.5
4 497.233 -262.853 -61.3486 0.5
4 468.581 -35.8964 18.0384 0.5
4 452.17 -167.714 78.5523 0.5
4 446.743 -194.286 20.6064 0.5
4 452.996 -206.495 12.3537 0.5
4 475.639 -230.912 53.5856 0.5
4 474.146 -200.131 82.6898 0.5
4 455.31 -112.594 -99.9912 0.5
4 476.91 -63.6036 52.5518 0.5
4 464.637 -168.987 -90.9536 0.5
4 458.934 -206.195 -46.2757 0.5
4 467.131 -57.2446 -66.7062 0.5
4 451.065 -31.18 68.6248 0.5
4 473.803 -96.625 -88.4388 0.5
4 489.729 -138.858 94.7324 0.5
4 471.79 -67.0925 -68.6419 0.5
4 459.187 -179.902 78.5258 0.5
4 490.603 -103.816 -72.7762 0.5
4 470.074 -41.0491 28.6994 0.5
4 481.072 -212.047 82.7437 0.5
4 453.131 -98.3914 99.5847 0.5
4 484.97 -193.024 95.2728 0.5
4 486.065 -163.178 99.9907 0.5
4 490.999 -246.874 -67.4929 0.5
4 490.853 -120.762 85.3736 0.5
4 478.999 -251.822 9.76426 0.5
4 475.143 -45.832 6.48734 0.5
4 446.57 -11.206 52.799 0.5
4 491.507 -74.0558 -4.26646 0.5
4 473.216 -234.587 38.4738 0.5
4 499.402 -272.6 -52.7408 0.5
4 472.466 -42.2766 16.0252 0.5
4 481.058 -90.8582 75.9864 0.5
4 474.107 -169.664 -96.6044 0.5
4 463.969 -108.82 98.4662 0.5
4 452.334 -62.842 90.1522 0.5
4 452.249 -115.184 -99.5745 0.5
4 494.335 -136.513 90.5895 0.5
4 448.29 -173.807 -66.4857 0.5
4 483.704 -144.822 -98.7713 0.5
4 457.549 -47.2169 -73.3846 0.5
4 447.572 -155.371 -81.8128 0.5
4 471.779 -58.2211 -57.8409 0.5
4 444.815 -110.876 -98.4061 0.5
4 471.548 -39.7075 7.89417 0.5
4 474.017 -103.514 -91.5826 0.5
4 485.952 -247.045 56.2182 0.5
4 451.363 -163.893 80.4025 0.5
4 461.711 -43.1674 -61.0661 0.5
4 447.858 -193.876 29.6195 0.5
4 493.19 -183.094 99.8067 0.5
4 476.201 -71.8998 -65.509 0.5
4 492.821 -85.7211 -42.4985 0.5
4 493.045 -94.3077 -56.7726 0.5
4 486.13 -91.4784 -68.159 0.5
4 472.284 -151.557 -99.4055 0.5
4 464.478 -67.2965 80.1098 0.5
4 474.412 -181.593 -92.8082 0.5
4 451.31 -105.926 99.9875 0.5
4 465.889 -60.8144 72.5908 0.5
4 446.131 -40.675 -83.716 0.5
4 467.519 -147.305 -98.8853 0.5
4 465.647 -46.6201 -56.4341 0.5
4 448.163 -196.477 21.8335 0.5
4 444.74 -126.508 -94.2054 0.5
4 494.744 -158.443 97.7425 0.5
4 486.476 -263.695 -17.567 0.5
4 484.319 -227.34 75.2794 0.5
4 468.405 -37.8459 27.64 0.5
4 474.372 -153.469 99.5774 0.5
4 458.166 -22.2798 -34.29 0.5
4 498.474 -131.883 84.0704 0.5
4 471.76 -162.756 97.3205 0.5
4 460.005 -195.088 -65.3585 0.5
4 467.429 -60.5085 69.6536 0.5
4 483.124 -247.327 47.7154 0.5
4 480.38 -220.53 -75.2693 0.5
4 476.866 -84.5474 -76.7888 0.5
4 444.778 -135.355 -90.6001 0.5
4 494.59 -171.15 -99.667 0.5
4 499.652 -99.3824 -46.1952 0.5
4 481.249 -105.851 86.4016 0.5
4 494.153 -217.524 92.0913 0.5
4 457.814 -70.5211 89.2595 0.5
4 487.654 -254.123 -49.6024 0.5
4 446.564 -30.0217 75.0392 0.5
4 457.239 -82.7008 94.7718 0.5
4 485.36 -184.574 -97.7148 0.5
4 469.012 -114.782 -97.9346 0.5
4 493.414 -82.79 -32.7718 0.5
4 483.54 -253.06 37.0228 0.5
4 479.134 -176.928 -96.9793 0.5
4 476.923 -151.84 -99.9508 0.5
4 457.92 -17.3835 17.778 0.5
4 457.649 -88.9634 -96.464 0.5
4 499.354 -241.821 83.9952 0.5
4 449.605 -43.8242 81.7698 0.5
4 468.718 -234.331 -5.69739 0.5
4 489.089 -80.8077 45.6556 0.5
5 517.283 -253.351 32.3876 0.5
5 537.003 -25.022 9.34929 0.5
5 550.267 -177.617 64.9842 0.5
5 518.572 -245.159 -46.2715 0.5
5 536.848 -222.821 20.0539 0.5
5 517.129 -257.735 -15.897 0.5
5 519.905 -97.897 -82.644 0.5
5 529.498 -70.2756 73.9577 0.5
5 545.497 -46.055 -76.9894 0.5
5 538.86 -23.5466 20.7597 0.5
5 520.457 -161.61 -99.6493 0.5
5 551.439 -187.387 -47.8532 0.5
5 536.744 -187.784 77.8603 0.5
5 548.633 -38.9244 -75.5487 0.5
5 517.982 -64.395 -36.4149 0.5
5 547.267 -14.9409 39.5046 0.5
5 529.307 -236.871 14.405 0.5
5 525.054 -236.994 -39.8573 0.5
5 514.755 -142.954 -97.9459 0.5
5 503.423 -189.275 99.7866 0.5
5 538.112 -47.0451 -65.4356 0.5
5 543.829 -18.2238 -32.6005 0.5
5 504.291 -91.6526 44.4251 0.5
5 505.661 -80.7612 19.3543 0.5
5 531.507 -34.1872 4.07393 0.5
5 512.09 -239.775 -69.3547 0.5
5 505.496 -257.239 -62.4755 0.5
5 517.884 -256.557 15.0743 0.5
5 551.39 -82.967 -98.5959 0.5
5 539.475 -38.9415 -58.1408 0.5
5 530.376 -99.5419 93.093 0.5
5 553.707 -22.205 -67.8635 0.5
5 525.942 -239.77 27.9083 0.5
5 530.201 -227.58 40.9862 0.5
5 539.264 -71.7335 -87.2089 0.5
5 552.42 -38.3258 80.3323 0.5
5 523.88 -48.0305 -11.9503 0.5
5 550.707 -75.9272 96.8449 0.5
5 506.554 -270.082 37.3606 0.5
5 524.184 -220.098 -68.0109 0.5
5 528.5 -130.355 -99.5981 0.5
5 546.413 -13.2663 31.165 0.5
5 550.032 -190.263 -47.0387 0.5
5 519.132 -193.618 92.4657 0.5
5 544.383 -202.528 -42.057 0.5
5 501.608 -243.442 -81.7783 0.5
5 517.208 -144.737 98.9962 0.5
5 523.789 -162.409 -98.8782 0.5
5 503.457 -122.112 79.5649 0.5
5 526.229 -240.276 24.1863 0.5
5 514.261 -205.476 90.9814 0.5
5 540.324 -66.496 85.2111 0.5
5 554.055 -14.5507 -59.33 0.5
5 512.768 -250.259 54.7216 0.5
5 509.567 -154.734 98.4799 0.5
5 517.116 -60.4572 16.8349 0.5
5 527.081 -241.398 -8.61525 0.5
5 547.366 -52.6109 -84.1511 0.5
5 521.846 -212.063 -79.065 0.5
5 553.357 -35.2197 79.2099 0.5
5 540.869 -17.8943 -1.08579 0.5
5 535.381 -218.866 40.4054 0.5
5 518.195 -76.1425 -58.6184 0.5
5 548.594 -189.841 -52.1387 0.5
5 510.118 -206.286 93.6241 0.5
5 548.23 -11.8848 -36.1061 0.5
5 521.398 -205.133 -84.4724 0.5
5 507.716 -263.487 -47.1689 0.5
5 551.739 -112.878 99.0408 0.5
5 532.307 -41.6991 41.4202 0.5
5 528.434 -56.3991 -55.7364 0.5
5 535.4 -176.379 87.162 0.5
5 505.289 -79.548 2.59303 0.5
5 548.974 -183.455 -60.5225 0.5
5 544.756 -33.7592 63.3233 0.5
5 548.233 -119.239 -99.0001 0.5
5 538.04 -146.679 97.1043 0.5
5 521.624 -158.385 99.743 0.5
5 518.543 -238.618 -57.1498 0.5
5 510.251 -77.9225 36.7627 0.5
5 530.059 -93.5157 -90.2375 0.5
5 543.951 -24.537 -47.4721 0.5
5 536.224 -27.3623 16.8437 0.5
5 544.889 -112.456 99.9883 0.5
5 504.634 -242.151 78.8513 0.5
5 546.757 -13.4913 -33.5668 0.5
5 505.595 -93.0479 -51.1375 0.5
5 531.397 -118.756 98.7854 0.5
5 510.412 -224.704 -84.1259 0.5
5 500.542 -114.092 -67.6501 0.5
5 538.143 -136.758 -98.9941 0.5
5 540.051 -171.583 85.2467 0.5
5 512.324 -108.433 -80.8156 0.5
5 555.5 -50.8383 -90.8866 0.5
5 507.901 -164.039 -99.3985 0.5
5 547.702 -202.443 26.6279 0.5
5 548.296 -33.5714 69.9617 0.5
5 524.544 -244.812 -16.3807 0.5
5 511.704 -268.079 8.04687 0.5
5 551.194 -40.4442 -80.3273 0.5
5 528.302 -230.496 -41.8074 0.5
5 529.212 -169.953 -94.7843 0.5
5 549.663 -184.001 58.1636 0.5
5 543.859 -25.6575 49.2125 0.5
5 553.475 -115.471 -98.097 0.5
5 548.225 -107.832 99.964 0.5
5 548.726 -25.7359 -61.8938 0.5
5 540.999 -167.264 86.8316 0.5
5 508.06 -269.325 32.3871 0.5
5 536.347 -175.454 86.756 0.5
5 549.61 -198.078 -30.2008 0.5
5 516.104 -114.955 -88.8811 0.5
5 544.568 -211.066 9.09951 0.5
5 502.973 -84.0255 9.9901 0.5
5 535.211 -226.956 -12.0724 0.5
5 517.027 -88.6811 70.9176 0.5
5 502.655 -283.44 11.2748 0.5
5 548.595 -138.039 94.21 0.5
5 526.447 -211.509 72.7213 0.5
5 511.116 -90.952 -61.9873 0.5
5 507.119 -248.994 -68.7169 0.5
5 548.089 -197.349 -39.2709 0.5
5 554.518 -48.0423 -88.6856 0.5
5 507.675 -129.196 -88.6951 0.5
5 539.638 -120.06 -100 0.5
5 512.107 -70.8067 24.7141 0.5
5 523.075 -176.166 -96.1566 0.5
5 500.382 -109.242 -61.6041 0.5
5 519.4 -89.2762 75.3043 0.5
6 584.327 -18.4345 -67.2435 0.5
6 641.522 -107.629 98.8413 0.5
6 627.76 -84.399 -99.6754 0.5
6 643.744 0.778838 36.1714 0.5
6 621.398 -60.3258 -94.6997 0.5
6 646.525 -188.199 28.8481 0.5
6 626.238 -173.667 58.3416 0.5
6 660.616 -101.428 99.5962 0.5
6 595.806 -165.236 68.5727 0.5
6 606.111 -56.9084 -93.4708 0.5
6 598.269 4.65563 23.8847 0.5
6 643.338 -23.114 72.0591 0.5
6 661.197 -151.011 81.0591 0.5
6 575.418 -173.369 -58.7542 0.5
6 578.792 -60.4249 94.7332 0.5
6 630.13 -175.06 -56.3528 0.5
6 652.433 -167.104 -66.534 0.5
6 609.366 -175.081 56.3218 0.5
6 659.252 6.8656 -11.6788 0.5
6 660.201 -10.3045 -57.0272 0.5
6 627.295 -104.766 99.2387 0.5
6 557.095 -76.5085 -98.7212 0.5
6 593.814 -192.442 -1.24451 0.5
6 575.207 7.394 5.58187 0.5
6 572.289 -192.179 7.36494 0.5
6 654.597 -39.6445 84.921 0.5
6 616.187 -141.758 -86.9982 0.5
6 574.872 -64.0736 95.8894 0.5
6 629.897 -145.91 84.5104 0.5
6 577.025 -192.22 6.77791 0.5
6 576.028 -73.5963 -98.2066 0.5
6 569.605 6.61692 13.6282 0.5
6 650.935 -45.6253 88.3597 0.5
6 559.107 7.09355 -9.54273 0.5
6 653.891 -150.604 81.3518 0.5
6 601.202 -66.2285 -96.5009 0.5
6 628.819 -191.103 -16.3604 0.5
6 663.354 6.49329 14.4986 0.5
6 616.215 -94.616 -99.9765 0.5
6 642.516 -188.522 27.7524 0.5
6 607.412 6.43128 14.9156 0.5
6 579.357 -138.488 88.7725 0.5
6 644.849 -191.982 9.6624 0.5
6 636.366 -89.1914 99.9469 0.5
6 597.263 -140.711 -87.5836 0.5
6 652.215 -24.9515 73.7831 0.5
6 629.155 4.62602 -24.0048 0.5
6 610.968 -97.1017 -99.8918 0.5
6 557.142 -182.965 -42.5093 0.5
6 612.29 -185.426 -36.816 0.5
6 569.256 -173.739 -58.2416 0.5
6 604.547 -183.154 42.1057 0.5
6 619.417 7.47792 -3.79376 0.5
6 577.452 -189.955 -22.1971 0.5
6 618.686 -192.425 2.21922 0.5
6 658.319 -190.816 18.0048 0.5
6 597.08 -127.163 93.7816 0.5
6 647.656 5.38302 20.7046 0.5
6 607.343 -135.196 -90.4033 0.5
6 631.232 -164.874 68.9551 0.5
6 584.483 -75.665 -98.5812 0.5
6 604.474 4.88659 22.9253 0.5
6 626.777 -181.568 -45.3657 0.5
6 605.806 6.52739 -14.2639 0.5
6 653.597 -77.456 -98.8695 0.5
6 595.971 -184.904 -38.1086 0.5
6 623.388 -118.982 -96.4161 0.5
6 643.352 -77.7376 98.9118 0.5
6 560.919 -27.4125 75.9613 0.5
6 567.398 -76.7539 -98.7605 0.5
6 666.23 -46.315 -88.7218 0.5
6 577.874 -69.8677 -97.4168 0.5
6 613.912 -81.6859 -99.419 0.5
6 559.64 7.24459 7.80844 0.5
6 581.428 -99.5188 -99.7499 0.5
6 604.201 -151.086 81.0051 0.5
6 626.749 -191.454 -14.0793 0.5
6 632.618 -43.4794 87.1887 0.5
6 632.91 -149.845 81.8893 0.5
6 574.472 -191.96 -9.89034 0.5
6 596.182 -161.017 72.7917 0.5
6 609.691 -80.6978 99.307 0.5
6 640.838 -181.082 -46.3071 0.5
6 633.643 -180.356 -47.6721 0.5
6 593.103 6.77136 -12.4541 0.5
6 662.43 -21.5628 70.5337 0.5
6 665.799 -48.988 90.0614 0.5
6 651.196 -191.586 -13.1179 0.5
6 621.575 -36.4222 82.8304 0.5
6 579.635 -145.254 84.9223 0.5
6 591.193 -24.9776 73.8069 0.5
6 606.487 3.82695 27.0321 0.5
6 643.413 -11.7594 59.0679 0.5
6 641.452 -182.603 43.2727 0.5
6 596.329 -3.87391 -46.414 0.5
6 623.814 -192.201 -7.05605 0.5
6 557.549 -179.518 -49.1859 0.5
6 640.395 -191.323 14.9744 0.5
6 565.571 -12.2271 59.7015 0.5
6 598.15 7.47162 3.95629 0.5
6 661.221 -3.72475 46.1282 0.5
6 568.207 -96.4796 -99.9188 0.5
6 593.634 -13.5893 -61.4897 0.5
6 584.286 -191.333 -14.905 0.5
6 586.225 -59.8559 -94.539 0.5
6 593.823 -16.8862 65.4988 0.5
6 608.336 -153.622 -79.1078 0.5
6 628.16 -81.6725 99.4175 0.5
6 655.422 5.95661 17.7798 0.5
6 638.335 1.27019 34.8785 0.5
6 580.011 7.54385 -1.10118 0.5
6 559.815 -58.6683 94.1212 0.5
6 604.152 -90.8175 -99.9867 0.5
6 587.631 -27.8639 76.3454 0.5
6 663.564 -54.9676 92.7096 0.5
6 628.261 -1.29001 41.1077 0.5
6 630.579 -37.32 -83.4306 0.5
6 571.331 -141.164 -87.3323 0.5
6 617.436 7.17746 8.62275 0.5
6 563.544 -145.169 -84.9747 0.5
6 570.205 -192.112 8.21463 0.5
6 636.752 -91.8611 99.9983 0.5
7 656.72 24.4392 8.22877 0.5
7 664.307 -173.631 52.2446 0.5
7 614.944 -101.96 -13.409 0.5
7 642.804 -142.086 -41.5329 0.5
7 621.482 58.8613 -68.2914 0.5
7 653.17 -136.119 74.1946 0.5
7 640.249 43.464 43.2634 0.5
7 632.13 -121.059 -46.696 0.5
7 628.206 -21.4568 -99.9042 0.5
7 642.328 4.38074 -83.7293 0.5
7 665.381 8.71375 14.547 0.5
7 616.03 -99.5171 -31.9088 0.5
7 624.714 -109.943 -43.2631 0.5
7 627.423 47.7724 69.1373 0.5
7 621.203 -113.701 -0.850127 0.5
7 657.642 -17.3616 -80.404 0.5
7 622.749 9.28449 -96.6499 0.5
7 615.163 -86.6491 55.1662 0.5
7 622.264 -88.0695 -68.8473 0.5
7 628.88 70.8095 20.8049 0.5
7 633.755 63.0548 -17.2541 0.5
7 641.569 -68.7902 98.0182 0.5
7 625.902 71.1527 -36.7666 0.5
7 647.812 33.9568 34.799 0.5
7 655.514 25.9046 13.8353 0.5
7 644.553 -130.467 -64.6178 0.5
7 660.989 -147.873 -75.7733 0.5
7 637.939 -112.952 71.1577 0.5
7 658.065 -113.35 93.3731 0.5
7 649.431 -10.8681 -85.5811 0.5
7 654.825 20.7411 -37.5516 0.5
7 615.411 -52.0936 87.495 0.5
7 643.116 45.4941 23.6904 0.5
7 611.609 -90.9453 34.5079 0.5
7 651.113 -77.9643 99.2215 0.5
7 650.409 32.5742 -24.8409 0.5
7 660.298 -180.668 12.2311 0.5
7 651.26 -155.662 43.8007 0.5
7 622.857 -112.73 -27.4404 0.5
7 649.554 -129.934 -74.1232 0.5
7 642.616 48.9564 -7.07442 0.5
7 632.322 -111.456 -61.9584 0.5
7 642.013 -2.7938 88.2907 0.5
7 650.101 -154.638 -41.7218 0.5
7 659.855 -172.11 -40.4423 0.5
7 637.926 6.56837 87.0383 0.5
7 617.667 -99.7445 -38.8029 0.5
7 649.142 -14.1412 -87.7517 0.5
7 613.599 67.851 72.9617 0.5
7 622.468 82.2851 18.9879 0.5
7 629.221 8.28845 -93.3409 0.5
7 648.426 39.1354 -1.25039 0.5
7 624.079 -17.9192 99.9971 0.5
7 652.691 -24.5975 89.9725 0.5
7 621.094 -61.7053 -87.6229 0.5
7 641.562 -39.9855 99.5959 0.5
7 611.572 87.2929 53.765 0.5
7 633.339 -27.0606 -99.7059 0.5
7 662.374 -87.0417 99.9794 0.5
7 647.718 37.8079 -22.4912 0.5
7 658.248 -161.96 -54.1153 0.5
7 634.684 -93.9864 82.2114 0.5
7 641.493 -49.9208 -99.9942 0.5
7 638.85 -138.371 33.837 0.5
7 640.642 -109.635 -78.2538 0.5
7 650.216 29.4011 35.8393 0.5
7 652.404 -27.4505 91.5215 0.5
7 664.555 -182.957 33.6632 0.5
7 631.524 -111.449 60.1761 0.5
7 616.458 93.3851 14.9819 0.5
7 651.35 -159.282 35.8291 0.5
7 645.583 41.6114 -22.0269 0.5
7 661.401 15.1522 -17.3628 0.5
7 616.232 72.9968 -62.4648 0.5
7 663.451 -9.73679 -63.63 0.5
7 637.806 -140.309 -20.6375 0.5
7 613.377 -79.9918 -60.2096 0.5
7 634.73 -131.42 -33.3212 0.5
7 652.583 -36.5843 94.9181 0.5
7 646.613 -148.682 -41.5336 0.5
7 659.877 -157.675 63.8213 0.5
7 649.886 20.1431 54.983 0.5
7 627.966 -26.6245 -99.9927 0.5
7 658.452 12.4489 -42.1774 0.5
7 647.466 -137.897 -61.6906 0.5
7 644.447 33.0054 -49.3573 0.5
7 616.295 94.2305 10.6246 0.5
7 644.013 -12.4898 -91.3324 0.5
7 632.586 63.0562 26.312 0.5
7 665.65 -65.7772 -96.8473 0.5
7 640.462 35.5339 56.3715 0.5
7 628.141 63.3766 -45.4045 0.5
7 655.539 25.1983 17.956 0.5
7 656.575 3.16445 62.4088 0.5
7 635.036 28.7904 -74.7245 0.5
7 655.878 -101.187 -96.1662 0.5
7 642.364 -112.715 -78.1752 0.5
7 629.458 22.0857 86.5512 0.5
7 643.252 -121.584 71.7174 0.5
7 666.115 -112.632 -97.7405 0.5
7 639.911 33.8298 -60.0826 0.5
7 651.135 -163.031 22.2951 0.5
7 621.035 -65.932 -85.0994 0.5
7 650.361 -89.7897 -96.6723 0.5
7 621.969 -105.62 -42.3519 0.5
7 652.964 -161.55 37.1739 0.5
7 640.592 46.6569 -34.2715 0.5
7 656.036 -170.416 26.667 0.5
7 654.532 0.957988 68.9907 0.5
7 629.603 23.4283 -85.6091 0.5
7 665.331 -145.126 -83.5233 0.5
7 620.736 85.2224 19.3112 0.5
7 638.219 22.2512 -75.625 0.5
7 645.755 -118.689 78.0949 0.5
7 656.6 -95.6708 -97.8434 0.5
7 631.576 -116.738 -52.5709 0.5
7 666.633 -8.61976 -54.6112 0.5
7 664.803 -106.775 -98.4476 0.5
7 654.231 -1.04432 -71.5442 0.5
7 656.639 18.7226 -34.6509 0.5
7 650.133 -156.434 -37.7012 0.5
7 615.746 -93.6885 44.7363 0.5
7 638.15 55.9934 -13.746 0.5
7 665.614 -38.3113 -85.2234 0.5
8 666.278 120.027 97.8341 0.5
8 644.416 145.346 54.4375 0.5
8 618.761 -63.7351 58.9738 0.5
8 642.148 121.495 76.8692 0.5
8 623.145 -38.8956 77.2395 0.5
8 647.802 148.862 57.8954 0.5
8 629.033 132.609 -20.8972 0.5
8 615.508 62.3793 -86.0245 0.5
8 660.96 -5.67124 -28.7217 0.5
8 616.36 94.9408 57.1284 0.5
8 623.506 117.485 38.6194 0.5
8 634.703 143.56 14.6391 0.5
8 640.31 -43.2055 -21.9805 0.5
8 654.873 162.507 55.8749 0.5
8 617.553 91.0326 64.8752 0.5
8 665.352 90.4376 -99.7342 0.5
8 626.299 110.304 59.7007 0.5
8 634.186 -54.1416 -20.4647 0.5
8 635.84 56.9109 99.4677 0.5
8 611.492 91.799 -48.6581 0.5
8 617.497 107.929 -36.5175 0.5
8 623.831 -56.2005 -57.2257 0.5
8 642.873 66.8862 99.6716 0.5
8 634.119 135.895 -38.5563 0.5
8 616.896 23.8369 -99.4945 0.5
8 636.243 -47.3656 -32.2122 0.5
8 642.574 75.3754 98.5263 0.5
8 635.96 6.4275 -91.4817 0.5
8 612.524 -10.0217 -98.672 0.5
8 625.03 -5.6125 94.2236 0.5
8 661.588 176.484 52.2227 0.5
8 621.262 -35.8393 -82.0278 0.5
8 659.326 48.0941 -91.9999 0.5
8 664.577 117.158 -97.8178 0.5
8 641.29 145.193 -45.3092 0.5
8 633.082 68.3557 96.4175 0.5
8 621.927 -77.233 7.1724 0.5
8 637.217 27.5611 97.6766 0.5
8 631.675 75.4488 -93.2734 0.5
8 649.415 106.707 -93.0662 0.5
8 658.076 125.738 -91.3794 0.5
8 655.189 9.47721 -70.779 0.5
8 624.256 120.431 -34.4217 0.5
8 646.823 129.854 -76.6494 0.5
8 631.299 -1.44815 -91.5688 0.5
8 628.675 -0.905163 -93.6366 0.5
8 629.72 93.8076 -81.6028 0.5
8 621.246 8.01476 99.1097 0.5
8 619.185 -42.0117 -80.1712 0.5
8 649.128 160.677 -41.339 0.5
8 630.966 132.104 34.2806 0.5
8 654.852 171.281 39.7856 0.5
8 632.691 79.8314 -92.2168 0.5
8 615.693 4.69468 -99.7536 0.5
8 659.966 39.0766 -86.9925 0.5
8 642.5 -2.89953 79.2083 0.5
8 625.027 -66.7017 32.478 0.5
8 642.12 -23.9403 58.0513 0.5
8 649.897 62.9646 -99.6804 0.5
8 642.137 14.4995 -90.2764 0.5
8 650.655 128.264 -82.851 0.5
8 632.906 85.8396 -89.6448 0.5
8 654.429 -13.7606 37.8377 0.5
8 613.525 -70.251 62.3197 0.5
8 645.938 33.4681 95.1941 0.5
8 651.68 4.87381 72.2191 0.5
8 618.482 101.886 -52.1178 0.5
8 636.225 -33.6496 -58.7498 0.5
8 615.099 -46.0759 82.3317 0.5
8 615.65 -85.0791 -25.4174 0.5
8 617.773 104.131 45.9506 0.5
8 611.385 -63.6842 -73.3829 0.5
8 617.989 -82.2797 -20.0581 0.5
8 639.855 114.159 79.5473 0.5
8 634.508 13.6473 -95.1863 0.5
8 646.931 82.2253 -98.6446 0.5
8 666.387 7.32096 -38.7319 0.5
8 628.151 102.91 71.784 0.5
8 651.512 71.2264 -99.9681 0.5
8 620.921 -70.4797 40.9162 0.5
8 617.54 -14.1696 -95.6787 0.5
8 611.123 101.988 -18.9299 0.5
8 618.408 24.8365 -99.6446 0.5
8 661.399 8.10929 -56.1224 0.5
8 638.802 -34.6919 -50.2994 0.5
8 638.86 -9.84298 78.7112 0.5
8 632.176 134.333 -33.9142 0.5
8 646.658 157.292 39.3161 0.5
8 621.347 65.9248 89.5926 0.5
8 622.826 -70.8923 -31.354 0.5
8 647.371 12.3593 -84.0254 0.5
8 659.465 63.3016 -97.0216 0.5
8 622.901 36.2135 -99.2752 0.5
8 621.937 -65.7622 -46.9584 0.5
8 621.997 -19.135 90.8607 0.5
8 645.718 110.635 -88.3095 0.5
8 654.624 90.4393 -99.3597 0.5
8 657.156 176.286 -37.3612 0.5
8 665.853 194.933 26.8004 0.5
8 631.086 83.6869 -89.144 0.5
8 613.708 102.67 33.0034 0.5
8 639.744 -28.8465 -56.9266 0.5
8 643.862 40.9396 -98.068 0.5
8 621.531 -71.0179 37.1546 0.5
8 629.351 125.949 -42.3663 0.5
8 642.337 83.6044 96.6295 0.5
8 663.091 12.1521 -57.7275 0.5
8 629.204 -57.7253 -37.1647 0.5
8 642.209 130.165 68.8474 0.5
8 659.868 160.183 -69.4394 0.5
8 614.905 36.9591 -96.3937 0.5
8 624.745 123.93 -26.0776 0.5
8 645.167 15.0406 87.879 0.5
8 630.235 73.7685 -92.9547 0.5
8 619.004 10.6154 -99.7664 0.5
8 621.391 -75.6281 -23.4631 0.5
8 622.788 -37.3966 -78.9339 0.5
8 617.72 -39.7606 -83.5279 0.5
8 640.476 78.8719 -97.0189 0.5
8 661.676 0.359781 -41.4705 0.5
8 612.813 16.8472 -99.4861 0.5
8 654.315 -2.74249 58.1573 0.5
9 679.835 69.149 95.1221 0.5
9 724.532 81.6578 -98.3034 0.5
9 969.439 70.0835 -95.4202 0.5
9 776.733 57.056 90.3096 0.5
9 683.607 63.4538 93.0826 0.5
9 811.795 9.4276 42.3868 0.5
9 898.177 179.328 -60.8854 0.5
9 874.824 171.789 -69.6159 0.5
9 672.847 2.48954 22.1745 0.5
9 720.094 199.181 12.7737 0.5
9 856.045 107.104 -99.7474 0.5
9 746.176 127.716 -96.0824 0.5
9 870.846 128.119 95.9653 0.5
9 944.132 28.7432 70.1603 0.5
9 949.439 71.5839 -95.8777 0.5
9 906.711 199.132 13.1478 0.5
9 918.746 199.915 4.12356 0.5
9 768.522 107.018 99.7534 0.5
9 705.838 103.858 -99.9256 0.5
9 972.409 167.396 73.8765 0.5
9 752.45 48.1322 85.4969 0.5
9 722.768 68.184 -94.8037 0.5
9 941.364 149.085 -87.1242 0.5
9 755.595 115.594 98.7767 0.5
9 710.299 196.645 -25.6861 0.5
9 780.609 9.65423 -42.8677 0.5
9 713.127 199.817 -6.05125 0.5
9 806.661 197.914 -20.3169 0.5
9 717.738 75.7253 97.009 0.5
9 886.375 31.9382 73.2638 0.5
9 827.171 9.14375 41.7749 0.5
9 915.287 198.978 14.2582 0.5
9 944.183 150.234 86.4672 0.5
9 836.002 181.646 57.7402 0.5
9 984.359 22.3899 63.0608 0.5
9 774.092 141.794 -90.8473 0.5
9 841.331 55.7779 -89.6906 0.5
9 974.161 198.375 -17.9557 0.5
9 825.221 155.055 -83.4802 0.5
9 808.639 68.0939 -94.7734 0.5
9 752.088 105.717 -99.8365 0.5
9 717.872 196.317 -26.8906 0.5
9 745.805 40.2701 80.2019 0.5
9 944.659 1.58175 17.7157 0.5
9 779.079 135.653 -93.4282 0.5
9 741.011 188.664 -46.2468 0.5
9 854.818 73.3611 -96.3866 0.5
9 952.506 199.406 10.886 0.5
9 699.97 25.5262 -66.7357 0.5
9 695.875 183.29 -55.3422 0.5
9 865.949 41.0682 80.7902 0.5
9 739.886 179.364 60.8393 0.5
9 858.188 88.8798 99.3798 0.5
9 876.288 178.154 -62.3858 0.5
9 847.038 2.58062 -22.5713 0.5
9 890.896 165.875 -75.2361 0.5
9 987.503 44.9135 83.4594 0.5
9 699.958 199.979 -2.07319 0.5
9 711.01 179.745 -60.3388 0.5
9 814.724 150.298 86.4297 0.5
9 746.985 24.4727 -65.5411 0.5
9 969.905 123.91 97.0995 0.5
9 900.241 104.547 99.8966 0.5
9 929.367 199.814 -6.09757 0.5
9 980.079 44.1734 82.9662 0.5
9 802.675 82.1942 -98.402 0.5
9 813.087 113.827 -99.0395 0.5
9 809.001 156.397 -82.5793 0.5
9 861.44 68.3461 94.8579 0.5
9 734.72 198.373 -17.9629 0.5
9 889.227 182.091 57.1054 0.5
9 672.974 183.175 55.5148 0.5
9 912.305 54.6674 -89.1345 0.5
9 974.109 8.25732 -39.7905 0.5
9 701.188 86.5213 99.0875 0.5
9 799.912 73.6786 -96.4737 0.5
9 762.339 2.99347 24.2844 0.5
9 987.137 0.362455 8.50644 0.5
9 831.22 161.476 -78.8712 0.5
9 745.179 134.091 94.0094 0.5
9 767.087 85.5236 98.9466 0.5
9 761.211 28.7155 70.1322 0.5
9 844.628 199.923 -3.93326 0.5
9 964.268 14.2702 51.482 0.5
9 728.625 6.30612 -34.9493 0.5
9 988.138 191.037 -41.3792 0.5
9 863.151 5.38977 32.3868 0.5
9 673.511 17.5024 56.5168 0.5
9 720.996 65.4036 -93.8248 0.5
9 958.587 0.226921 6.73296 0.5
9 800.471 199.967 2.55432 0.5
9 765.013 76.8226 97.277 0.5
9 686.293 69.5419 -95.2487 0.5
9 891.52 159.973 80.0199 0.5
9 892.678 196.551 -26.0377 0.5
9 923.378 15.4596 -53.4127 0.5
9 673.729 39.6646 -79.7473 0.5
9 902.904 21.683 62.1807 0.5
9 946.717 129.17 -95.651 0.5
9 875.409 0.923814 13.5613 0.5
9 719.142 115.289 98.8243 0.5
9 973.962 89.8891 -99.4875 0.5
9 878.938 189.008 45.5795 0.5
9 718.569 89.4536 99.4423 0.5
9 803.706 36.4288 -77.1927 0.5
9 847.078 133.532 94.2104 0.5
9 744.063 115.993 98.7128 0.5
9 784.15 31.0945 72.4709 0.5
9 762.895 4.66888 -30.199 0.5
9 706.419 190.546 42.4421 0.5
9 953.729 1.1548 -15.1534 0.5
9 872.251 55.613 -89.6091 0.5
9 999.108 30.45 -71.8526 0.5
9 885.638 33.6458 -74.8139 0.5
9 849.905 123.841 -97.1164 0.5
9 687.449 41.7529 -81.2852 0.5
9 981.311 0.0656631 3.6233 0.5
9 787.586 169.675 71.7312 0.5
9 876.139 77.5298 -97.4428 0.5
9 932.561 170.797 -70.6239 0.5
9 739.121 199.959 2.87858 0.5
9 695.902 32.6116 73.8837 0.5
9 801.944 115.985 98.7141 0.5
9 922.273 179.021 -61.2841 0.5
9 784.918 197.872 20.5208 0.5
9 825.522 153.479 -84.4984 0.5
9 730.433 10.7901 -45.1839 0.5
9 930.023 119.536 -98.0732 0.5
9 689.51 35.2766 -76.2291 0.5
9 719.388 160.14 79.8948 0.5
9 831.163 193.939 34.2852 0.5
9 670.383 147.589 87.9503 0.5
9 888.641 195.656 -29.1533 0.5
9 926.466 16.486 -55.0037 0.5
9 708.3 153.552 -84.4526 0.5
9 815.56 50.7098 87.0085 0.5
9 958.927 2.29255 -21.2898 0.5
9 994.761 124.919 -96.8454 0.5
9 769.282 82.7748 -98.5053 0.5
9 841.391 188.67 -46.2337 0.5
9 892.973 2.1013 -20.3923 0.5
9 729.52 199.986 1.67635 0.5
9 950.588 195.082 30.9756 0.5
9 798.927 137.768 92.5935 0.5
9 742.378 0.0718364 -3.78974 0.5
9 698.348 18.442 -57.8645 0.5
