0 325.189 97.6417 -14.8135 0.5
0 8.74368 111.069 10.1233 0.5
0 118.664 92.9513 -13.2407 0.5
0 9.55276 114.164 4.93882 0.5
0 34.245 93.0659 -13.3011 0.5
0 93.3008 102.704 14.7543 0.5
0 217.003 107.616 12.9225 0.5
0 110.943 89.4138 10.6269 0.5
0 289.878 86.6126 6.76589 0.5
0 63.6688 106.334 13.5971 0.5
0 215.629 108.922 -12.0579 0.5
0 176.752 105.783 13.8405 0.5
0 212.933 109.271 -11.7922 0.5
0 303.995 111.021 10.1755 0.5
0 143.583 97.8406 -14.8437 0.5
0 219.174 90.6287 11.7124 0.5
0 220.847 85.7571 -4.70536 0.5
0 95.1917 113.849 -5.76169 0.5
0 262.816 95.9159 14.4333 0.5
0 290.991 113.668 -6.17976 0.5
0 163.663 89.5589 -10.7696 0.5
0 29.5049 115 -0.115348 0.5
0 319.923 113.899 5.64163 0.5
0 317.061 86.8046 7.13304 0.5
0 112.911 108.491 12.3656 0.5
0 214.809 90.8432 11.8808 0.5
0 212.432 104.613 -14.2731 0.5
0 176.601 104.832 -14.2004 0.5
0 28.9093 88.0341 9.0453 0.5
0 45.7779 110.391 10.818 0.5
0 177.299 85.009 0.519128 0.5
0 64.6356 94.8857 -14.1012 0.5
0 94.9354 93.2968 13.4189 0.5
0 198.089 90.2621 11.4094 0.5
0 39.3178 111.401 9.74789 0.5
0 108.176 92.2907 -12.8673 0.5
0 26.9744 111.414 -9.7324 0.5
0 113.007 110.45 -10.7609 0.5
0 196.915 86.036 -5.47796 0.5
0 56.8892 85.0314 -0.970076 0.5
0 175.648 109.145 11.8895 0.5
0 138.153 104.843 14.1965 0.5
0 284.945 107.015 -13.2585 0.5
0 173.711 113.355 6.82918 0.5
0 215.625 85.5117 -3.88435 0.5
0 25.1364 113.821 5.82872 0.5
0 5.60686 97.1478 14.7263 0.5
0 87.7147 93.9268 13.7155 0.5
0 295.382 85.6488 -4.36383 0.5
0 34.7917 113.314 -6.9083 0.5
0 139.838 86.7755 7.07904 0.5
0 192.933 104.494 14.3109 0.5
0 92.7226 112.031 8.95832 0.5
0 1.85741 85.5907 -4.16815 0.5
0 18.0846 85.0097 -0.538203 0.5
0 120.503 114.99 -0.552627 0.5
0 154.388 91.847 12.5908 0.5
0 129.74 103.587 14.5648 0.5
0 163.496 107.225 13.1453 0.5
0 249.396 98.9274 14.9616 0.5
0 314.672 113.187 7.14773 0.5
0 267.868 105.648 13.8959 0.5
0 25.4845 102.138 14.8468 0.5
0 113.153 114.337 4.41174 0.5
0 276.37 98.3331 14.9071 0.5
0 117.043 86.5953 6.73153 0.5
0 309.361 106.153 13.6801 0.5
0 55.8666 90.7011 11.7699 0.5
0 234.417 91.6078 -12.4327 0.5
0 110.876 101.238 14.9489 0.5
0 9.17 86.4641 -6.46369 0.5
0 331.04 92.4591 12.9667 0.5
0 135.367 102.689 -14.7571 0.5
0 179.479 114.654 -3.20427 0.5
0 129.936 110.313 10.8919 0.5
0 30.5785 90.0263 -11.2039 0.5
0 132.232 100.196 -14.9987 0.5
0 194.547 94.1389 13.8075 0.5
0 161.858 105.268 -14.0447 0.5
0 238.109 114.615 3.37636 0.5
0 289.106 88.4317 -9.54859 0.5
0 233.707 111.996 9.00569 0.5
0 280.623 114.944 -1.29815 0.5
0 141.187 89.8412 -11.0362 0.5
0 28.5334 85.2024 2.45582 0.5
0 23.1906 85.0036 -0.328097 0.5
0 95.0887 87.5523 8.36987 0.5
0 216.978 102.739 14.7479 0.5
0 127.695 90.9361 -11.9518 0.5
0 140.225 85.224 2.58287 0.5
0 70.6235 104.841 -14.1973 0.5
0 11.7063 85.5505 -4.02641 0.5
0 170.263 113.182 -7.15853 0.5
0 224.089 92.2914 12.8677 0.5
0 262.929 112.625 -8.09951 0.5
0 273.22 94.3288 -13.8866 0.5
0 87.5599 106.875 13.3319 0.5
0 44.512 104.607 14.2749 0.5
0 13.2621 85.0927 -1.66485 0.5
0 314.538 111.446 -9.69514 0.5
0 138.418 114.626 -3.32906 0.5
0 132.475 113.972 5.45644 0.5
0 95.2904 104.935 -14.1649 0.5
0 313.355 86.3644 6.25058 0.5
0 255.083 85.0341 1.01115 0.5
0 228.738 99.643 14.9958 0.5
0 263.656 88.9885 -10.1857 0.5
0 237.564 87.8876 8.84822 0.5
0 34.4341 108.856 12.1064 0.5
0 156.545 114.979 0.794767 0.5
0 141.591 95.106 -14.1792 0.5
0 197.178 106.48 -13.5282 0.5
0 323.555 111.459 -9.67938 0.5
0 235.287 114.281 4.58772 0.5
0 141.623 85.0242 -0.851654 0.5
0 84.4711 105.674 -13.8856 0.5
0 301.297 114.1 -5.11859 0.5
0 328.566 114.122 5.05727 0.5
0 114.466 100.192 -14.9988 0.5
0 307.791 114.821 2.31309 0.5
0 266.446 114.57 -3.5647 0.5
0 204.072 99.8299 -14.999 0.5
0 271.225 95.8094 -14.4027 0.5
0 61.7111 111.022 10.1747 0.5
0 270.828 114.985 -0.680949 0.5
0 74.9778 109.229 -11.825 0.5
0 185.033 114.652 -3.21415 0.5
0 308.682 89.3987 -10.6119 0.5
0 68.304 112.788 7.83978 0.5
0 47.2056 85.174 2.2779 0.5
0 267.237 88.9135 10.1039 0.5
0 239.071 104.4 -14.3403 0.5
0 84.269 86.309 6.12839 0.5
0 58.3737 91.9436 -12.6528 0.5
0 232.564 99.4083 -14.9883 0.5
0 238.181 99.0091 14.9672 0.5
0 301.301 90.6452 11.7255 0.5
0 159.735 95.0937 -14.1749 0.5
0 178.939 97.6321 14.8119 0.5
0 213.335 105.233 -14.0576 0.5
0 320.902 92.3315 -12.8916 0.5
0 125.492 114.584 3.50659 0.5
0 298.184 99.5326 14.9927 0.5
0 234.356 101.394 -14.9351 0.5
0 215.097 86.7806 7.08858 0.5
0 110.505 109.728 -11.4175 0.5
0 79.9128 109.62 11.5091 0.5
0 187.497 86.0097 5.41034 0.5
0 253.641 114.695 3.01136 0.5
0 303.559 94.9823 14.1359 0.5
0 101.948 103.731 14.5286 0.5
0 143.639 111.727 9.35315 0.5
0 258.903 111.414 -9.73222 0.5
0 38.4358 91.6525 12.4627 0.5
0 129.763 87.593 8.43014 0.5
0 1.90707 86.1406 5.73726 0.5
0 41.865 107.72 12.8608 0.5
0 213.781 112.987 7.50539 0.5
0 314.533 114.773 2.59932 0.5
0 172.809 86.3989 6.32533 0.5
0 293.461 109.307 11.7635 0.5
0 229.681 108.002 -12.6873 0.5
0 67.2265 95.3742 -14.2689 0.5
0 230.507 106.951 13.2922 0.5
0 122.184 94.02 -13.7564 0.5
0 258.311 99.8322 14.9991 0.5
0 320.575 114.858 -2.06056 0.5
0 80.0303 104.438 -14.3284 0.5
0 56.9661 86.0246 5.44871 0.5
0 294.319 111.543 9.57933 0.5
0 98.2309 108.391 -12.4337 0.5
0 19.7648 112.217 -8.70253 0.5
0 33.1912 104.199 14.4002 0.5
0 194.855 87.8116 -8.7431 0.5
0 19.3286 114.46 3.98685 0.5
0 218.738 97.8431 -14.8441 0.5
0 95.0388 93.886 -13.6974 0.5
0 43.8567 110.874 10.3326 0.5
0 41.1661 88.8611 10.0461 0.5
0 246.276 96.666 14.6248 0.5
0 102.376 112.667 -8.03472 0.5
0 207.198 85.0046 -0.372919 0.5
0 212.014 100.451 14.9932 0.5
0 40.2689 114.879 -1.89798 0.5
0 118.908 85.8219 4.897 0.5
0 31.5628 97.5033 14.7908 0.5
0 284.153 96.4404 14.5715 0.5
0 92.7776 98.2205 14.8941 0.5
0 168.366 87.1335 -7.71056 0.5
0 194.981 85.0618 1.36023 0.5
0 59.75 111.613 -9.49426 0.5
0 108.227 110.909 10.2948 0.5
0 302.887 85.4746 3.74354 0.5
0 99.3376 85.6607 4.40289 0.5
0 108.456 93.9506 13.7261 0.5
0 7.32258 99.5737 -14.9939 0.5
0 57.3792 112.669 -8.03053 0.5
0 186.612 107.698 -12.8742 0.5
0 216.872 111.518 -9.60969 0.5
0 229.658 85.1756 -2.28834 0.5
0 160.3 85.4245 -3.54313 0.5
0 264.654 92.1385 12.7749 0.5
0 324.268 86.9593 7.41218 0.5
0 191.424 89.5139 -10.7258 0.5
0 263.705 108.951 12.0367 0.5
0 251.894 112.979 7.52007 0.5
0 87.3056 105.383 14.001 0.5
0 225.542 113.868 5.7165 0.5
0 22.074 112.985 -7.50929 0.5
0 42.8161 96.4685 14.5784 0.5
0 180.845 102.669 14.7606 0.5
0 62.0235 87.0984 7.65166 0.5
0 116.004 86.9246 -7.35069 0.5
0 298.553 113.822 -5.82689 0.5
0 234.931 86.7313 6.99582 0.5
0 298.571 114.975 0.864595 0.5
0 327.907 86.8454 -7.20807 0.5
0 10.1571 88.7514 -9.92312 0.5
0 144.431 111.873 -9.16713 0.5
0 183.42 101.122 14.958 0.5
0 54.7217 108.312 12.4862 0.5
0 276.856 114.983 0.717361 0.5
0 191.122 101.077 -14.9613 0.5
0 217.968 91.309 -12.2257 0.5
0 302.281 102.89 -14.719 0.5
0 153.936 105.22 -14.0622 0.5
0 40.2202 113.425 6.69163 0.5
0 196.19 114.938 -1.36517 0.5
0 30.1932 98.1815 -14.8894 0.5
0 43.3377 110.516 -10.6963 0.5
0 96.6885 91.7896 -12.5535 0.5
0 132.799 92.81 -13.1645 0.5
0 311.366 114.202 -4.82606 0.5
0 41.7279 114.07 -5.19908 0.5
0 99.6587 88.2496 9.32358 0.5
0 33.747 114.983 0.710132 0.5
0 16.6433 114.307 -4.5068 0.5
0 286.121 112.488 -8.30896 0.5
0 48.3063 90.0469 11.2221 0.5
0 80.7828 113.078 7.34593 0.5
0 88.2594 86.182 -5.83633 0.5
0 284.773 111.419 9.72609 0.5
0 128.213 90.1469 -11.31 0.5
0 71.0782 93.8874 13.6981 0.5
0 261.563 86.5718 -6.68453 0.5
0 205.73 94.7883 -14.0655 0.5
0 264.471 101.37 14.9373 0.5
0 63.5298 86.306 6.12164 0.5
0 21.6932 101.467 14.9281 0.5
0 230.034 101.312 14.9425 0.5
0 188.61 85.8063 -4.85174 0.5
0 108.737 102.54 14.7834 0.5
0 87.4126 85.012 -0.599038 0.5
0 98.2766 86.4499 6.43393 0.5
0 240.859 85.2873 -2.9217 0.5
0 252.201 109.945 -11.2294 0.5
0 329.603 88.6141 9.76535 0.5
0 221.484 114.717 -2.90211 0.5
0 124.806 97.9893 -14.8646 0.5
0 149.967 97.4382 -14.7796 0.5
0 58.0793 85.0081 0.494368 0.5
0 6.33638 85.3161 -3.06309 0.5
0 304.553 113.022 7.44416 0.5
0 92.4031 92.3035 -12.875 0.5
0 316.575 100.54 14.9903 0.5
0 78.6449 114.999 0.187965 0.5
0 283.129 113.682 -6.14853 0.5
0 160.673 108.94 -12.0447 0.5
0 234.896 85.0161 -0.695581 0.5
0 330.674 85.1175 -1.87415 0.5
0 45.1373 86.003 -5.39308 0.5
0 80.707 86.814 -7.15046 0.5
0 193.089 107.56 -12.9557 0.5
0 103.274 104.474 14.3173 0.5
0 190.682 114.399 4.20346 0.5
0 65.5354 85.7228 4.60015 0.5
0 71.4625 96.9357 14.6837 0.5
0 325.111 90.8326 11.8726 0.5
0 95.7978 113.296 -6.9436 0.5
0 129.897 86.4855 -6.50826 0.5
0 164.48 105.943 13.7727 0.5
0 165.182 114.976 -0.847741 0.5
0 207.779 104.823 -14.2034 0.5
0 92.1674 111.908 -9.1209 0.5
0 66.703 88.9418 10.1349 0.5
0 235.885 109.671 11.4658 0.5
0 288.237 105.8 13.8331 0.5
0 3.79139 85.1091 1.80561 0.5
0 195.766 113.561 6.41174 0.5
0 26.8924 112.365 8.491 0.5
0 60.3193 91.1109 12.0824 0.5
0 258.97 86.4168 6.36368 0.5
0 110.673 113.532 -6.47255 0.5
0 167.362 90.7316 -11.794 0.5
0 29.0486 88.8708 10.0569 0.5
0 2.43736 85.2762 -2.86528 0.5
0 19.6427 114.826 -2.27702 0.5
0 276.612 112.848 -7.74209 0.5
0 144.899 96.4818 -14.5816 0.5
0 217.058 106.72 -13.4106 0.5
0 260.956 111.553 -9.56742 0.5
0 17.9497 103.784 14.5148 0.5
0 4.22338 97.616 -14.8093 0.5
0 317.672 113.025 7.43992 0.5
0 94.8313 102.362 14.8129 0.5
0 55.7633 85.1323 1.98753 0.5
0 161.709 109.05 11.9622 0.5
0 49.9245 113.017 -7.4536 0.5
0 63.6036 90.8841 11.9122 0.5
0 64.7976 100.564 -14.9894 0.5
0 118.77 109.661 -11.4746 0.5
0 65.5122 94.0506 -13.7697 0.5
0 190.865 103.102 14.6757 0.5
0 289.307 86.9936 -7.47214 0.5
0 68.7759 114.353 4.35942 0.5
0 208.627 114.993 0.460955 0.5
0 19.3661 100.063 -14.9999 0.5
1 396.208 -6.56717 -14.8172 0.5
1 363.269 37.1763 10.2273 0.5
1 454.523 -100.602 -11.7648 0.5
1 429.674 -52.0299 2.20071 0.5
1 386.149 -3.56006 -8.89104 0.5
1 411.476 -22.6041 7.91436 0.5
1 492.271 -164.409 -10.3261 0.5
1 410.276 -35.8478 -14.7765 0.5
1 486.682 -169.161 -14.5733 0.5
1 448.753 -92.728 13.1675 0.5
1 372.904 31.3323 14.9994 0.5
1 493.751 -167.173 -10.5332 0.5
1 481.976 -151.197 -13.6314 0.5
1 424.356 -70.8891 -7.06271 0.5
1 354.349 77.9032 4.52063 0.5
1 448.708 -85.542 -4.55048 0.5
1 392.165 -16.353 4.0124 0.5
1 339.629 104.054 1.10661 0.5
1 495.609 -192.158 -10.1028 0.5
1 415.1 -38.3551 14.6394 0.5
1 463.161 -119.676 14.0729 0.5
1 379.36 27.8744 12.9353 0.5
1 434.646 -83.2159 12.8507 0.5
1 439.612 -91.1214 -13.2447 0.5
1 337.345 104.608 -9.56267 0.5
1 372.763 46.22 -3.78499 0.5
1 375.029 15.6703 8.8504 0.5
1 340.513 93.9137 13.5896 0.5
1 459.836 -132.352 7.04309 0.5
1 497.469 -185.064 -14.9801 0.5
1 416.915 -52.2147 -13.021 0.5
1 339.664 76.1651 7.70606 0.5
1 406.203 -11.4495 2.64835 0.5
1 420.136 -63.9908 6.23282 0.5
1 355.858 46.0965 -1.8128 0.5
1 427.737 -77.1569 6.22933 0.5
1 393.946 -11.602 -13.4613 0.5
1 445.853 -79.9469 1.31581 0.5
1 441.245 -71.9829 1.48811 0.5
1 376.416 15.9705 -11.6821 0.5
1 344.425 93.2664 -8.32431 0.5
1 376.521 11.2737 5.58281 0.5
1 336.333 87.0377 -12.8322 0.5
1 483.095 -172.434 -7.41679 0.5
1 391.296 -11.4843 10.1002 0.5
1 428.663 -51.5013 6.29683 0.5
1 349.268 57.5696 -2.24998 0.5
1 348.151 60.4697 5.72174 0.5
1 456.15 -127.722 -0.21093 0.5
1 439.683 -87.0381 -14.7296 0.5
1 485.561 -167.656 14.4597 0.5
1 383.585 23.9413 10.2193 0.5
1 346.027 68.8681 -11.8885 0.5
1 377.913 8.03156 -2.70031 0.5
1 388.755 9.02911 -14.1343 0.5
1 406.038 -32.7755 13.3457 0.5
1 364.363 32.7374 6.50186 0.5
1 381.503 1.57115 0.324647 0.5
1 415.083 -27.0859 3.80859 0.5
1 353.746 79.4545 -2.37398 0.5
1 440.564 -83.563 14.8427 0.5
1 407.118 -24.9051 14.7182 0.5
1 396.029 3.66529 8.647 0.5
1 451.818 -92.143 7.34676 0.5
1 351.016 57.7524 -9.48607 0.5
1 437.32 -94.5758 3.9693 0.5
1 378.64 31.8826 10.8521 0.5
1 453.356 -103.773 14.4254 0.5
1 420.556 -41.9563 -11.9106 0.5
1 403.996 -34.163 -9.29707 0.5
1 419.731 -64.0857 -4.05899 0.5
1 495.219 -165.767 -3.32577 0.5
1 499.623 -174.155 5.71923 0.5
1 457.634 -113.926 14.9374 0.5
1 487.311 -152.738 5.49103 0.5
1 474.26 -136.956 13.1936 0.5
1 408.004 -15.276 5.23298 0.5
1 466.569 -115.771 0.0145124 0.5
1 352.553 66.9768 14.9976 0.5
1 495.793 -174.598 13.3749 0.5
1 371.948 34.6416 14.9223 0.5
1 445.096 -106.441 7.71686 0.5
1 345.104 87.4097 -12.8139 0.5
1 410.114 -32.6338 -14.9958 0.5
1 427.018 -50.2941 -9.03572 0.5
1 486.905 -177.855 9.18323 0.5
1 430.212 -76.2495 12.3929 0.5
1 355.693 48.2421 -7.43106 0.5
1 360.278 38.6642 -3.14489 0.5
1 421.492 -38.3005 4.21718 0.5
1 344.45 95.0767 -4.42757 0.5
1 417.259 -58.9449 -6.36866 0.5
1 482.48 -147.937 10.8165 0.5
1 363.685 35.4811 9.06813 0.5
1 483.898 -158.457 14.818 0.5
1 345.502 92.5838 -6.19706 0.5
1 484.322 -169.036 12.9813 0.5
1 407.163 -15.3748 -8.28969 0.5
1 371.937 38.9783 -13.8159 0.5
1 427.251 -61.0755 14.915 0.5
1 420.945 -55.0457 -14.6328 0.5
1 398.257 -26.576 5.04811 0.5
1 417.814 -38.1208 -12.5575 0.5
1 425.955 -54.5264 13.7912 0.5
1 454.131 -113.98 -14.2272 0.5
1 359.866 41.4125 -8.0899 0.5
1 402.158 -25.4826 13.6244 0.5
1 462.937 -111.107 -6.7931 0.5
1 396.787 -16.7692 13.3373 0.5
1 391.629 6.92445 -12.7536 0.5
1 463.572 -131.392 13.8279 0.5
1 390.871 -14.6572 -0.176249 0.5
1 478.767 -138.477 6.69856 0.5
1 482.721 -172.656 -5.61593 0.5
1 433.213 -85.8573 -7.72139 0.5
1 383.074 0.733022 -7.28243 0.5
1 362.903 43.0126 13.845 0.5
1 446.025 -81.2743 5.60363 0.5
1 456.073 -101.159 9.71118 0.5
1 402.522 -8.87105 10.2332 0.5
1 449.039 -85.6488 2.67202 0.5
1 427.485 -48.109 -0.995147 0.5
1 373.607 40.9926 -10.4623 0.5
1 419.57 -59.0737 -11.4353 0.5
1 441.641 -87.0716 14.9909 0.5
1 499.999 -186.458 14.8354 0.5
1 383.785 10.2318 14.8094 0.5
1 492.584 -186.627 -10.4133 0.5
1 396.806 -22.1363 8.72871 0.5
1 375.514 39.198 8.64728 0.5
1 437.438 -95.2282 1.60916 0.5
1 336.492 81.9506 -8.17242 0.5
1 465.93 -144.209 3.66717 0.5
1 398.964 -16.655 -14.7012 0.5
1 366.384 57.5711 -2.33555 0.5
1 372.796 16.6807 -0.990137 0.5
1 414.736 -31.2575 11.4112 0.5
1 455.14 -106.276 -14.2451 0.5
1 462.97 -137.786 -7.03363 0.5
1 464.095 -119.379 13.2099 0.5
1 340.058 102.282 5.5644 0.5
1 439.616 -97.0902 -7.47671 0.5
1 487.608 -154.983 -8.68628 0.5
1 406.937 -31.266 14.5156 0.5
1 348.953 57.9774 0.959469 0.5
1 386.306 16.7421 12.3642 0.5
1 452.048 -109.875 -14.3836 0.5
1 482.326 -149.482 12.3027 0.5
1 399.147 -10.2988 -14.5382 0.5
1 350.658 80.9307 10.2646 0.5
1 347.673 61.4099 -5.98603 0.5
1 382.669 27.9885 6.66102 0.5
1 394.396 -6.76125 -14.9667 0.5
1 468.294 -141.959 -12.5604 0.5
1 342.011 99.3031 -4.42041 0.5
1 347.251 90.0639 4.91926 0.5
1 407.43 -42.4225 -5.16277 0.5
1 453.302 -115.583 12.8171 0.5
1 394.431 5.61842 -9.69904 0.5
1 424.126 -55.6671 14.9154 0.5
1 473.465 -145.551 14.7296 0.5
1 402.593 -21.4448 -14.9264 0.5
1 477.549 -155.488 13.8751 0.5
1 435.946 -74.5369 -14.6562 0.5
1 472.032 -151.294 10.131 0.5
1 458.934 -104.167 -6.78151 0.5
1 469.411 -128.217 13.0035 0.5
1 436.92 -64.4971 -1.54798 0.5
1 411.36 -49.6848 3.68816 0.5
1 422.161 -65.1924 -9.8204 0.5
1 352.76 57.9948 -12.456 0.5
1 487.545 -159.557 -12.964 0.5
1 339.757 99.3705 -10.7148 0.5
1 498.643 -199.317 -7.4973 0.5
1 478.244 -163.715 -7.94689 0.5
1 351.509 66.0902 -14.8021 0.5
1 491.981 -185.278 -10.7196 0.5
1 440.74 -95.4615 11.6671 0.5
1 457.768 -101.604 5.58066 0.5
1 442.822 -104.623 -0.703123 0.5
1 362.472 52.4161 14.7198 0.5
1 340.426 101.102 6.76757 0.5
1 491.611 -159.495 -3.22505 0.5
1 360.006 43.7743 -11.1553 0.5
1 459.943 -108.545 -10.4624 0.5
1 482.952 -163.751 -14.2763 0.5
1 399.389 -23.3146 -12.0722 0.5
1 490.71 -175.055 14.7951 0.5
1 349.31 64.5161 -12.8053 0.5
1 453.348 -113.156 -14.0381 0.5
1 482.485 -160.38 -14.8605 0.5
1 489.776 -180.202 -11.82 0.5
1 432.984 -75.5013 14.7166 0.5
1 431.124 -74.7298 -14.0128 0.5
1 478.875 -164.234 8.79766 0.5
1 465.591 -125.842 -14.6468 0.5
1 453.789 -101.478 -13.1817 0.5
1 486.082 -174.739 11.0256 0.5
1 416.909 -59.4601 -2.96733 0.5
1 443.471 -105.611 2.13235 0.5
1 350.968 68.773 14.9844 0.5
1 453.096 -114.251 13.3618 0.5
1 498.149 -187.708 14.8319 0.5
1 430.365 -81.8172 -5.98578 0.5
1 336.289 100.601 13.8661 0.5
1 384.25 4.46996 13.0811 0.5
1 482.784 -160.988 14.8479 0.5
1 401.038 -5.22824 -8.94588 0.5
1 379.289 20.9986 14.9882 0.5
1 475.124 -150.695 -14.1044 0.5
1 409.272 -37.9993 -13.5328 0.5
1 480.746 -151.163 -14.4109 0.5
1 459.097 -107.888 11.233 0.5
1 469.717 -133.071 -14.6651 0.5
1 489.136 -170.598 14.9817 0.5
1 345.948 92.5296 -4.27238 0.5
1 374.118 25.8866 14.5927 0.5
1 425.016 -71.5941 -7.82852 0.5
1 375.273 16.9554 -10.8064 0.5
1 477.918 -155.595 -14.0816 0.5
1 450.763 -116.33 7.59466 0.5
1 484.597 -173.912 -9.11267 0.5
1 334.863 90.9263 -13.5549 0.5
1 357.757 60.2333 14.7841 0.5
1 402.578 -16.4808 -14.5968 0.5
1 369.04 24.9723 -7.15806 0.5
1 441.327 -72.7004 -4.36972 0.5
1 399.667 -6.66038 12.5385 0.5
1 376.932 12.568 -9.10985 0.5
1 428.478 -60.7467 -14.4433 0.5
1 405.074 -38.8854 3.32288 0.5
1 409.119 -44.7314 6.60612 0.5
1 393.966 9.78848 2.40138 0.5
1 333.716 113.814 -3.92733 0.5
1 337.07 89.5405 14.4602 0.5
1 487.179 -154.375 8.87355 0.5
1 352.558 78.758 -8.92466 0.5
1 394.088 -19.6565 4.10811 0.5
1 397.145 -24.9651 4.05931 0.5
1 415.089 -55.4101 5.86764 0.5
1 468.624 -148.961 -3.30795 0.5
1 428.302 -71.8944 -13.0452 0.5
1 492.089 -160.86 -5.08012 0.5
1 482.204 -171.787 -5.54957 0.5
1 415.445 -28.4811 -6.0149 0.5
1 417.749 -31.3052 1.67118 0.5
1 352.266 52.8044 4.18919 0.5
1 493.505 -164.169 7.01834 0.5
1 402.611 -29.9935 -11.1799 0.5
1 367.684 52.0345 9.59304 0.5
1 398.276 2.39087 1.93944 0.5
1 493.831 -173.322 -14.255 0.5
1 494.689 -171.254 -12.5451 0.5
1 402.209 -5.91489 6.77908 0.5
1 447.338 -109.04 -9.53706 0.5
1 404.26 -8.48142 4.30917 0.5
1 386.676 12.7475 14.0922 0.5
1 429.898 -80.7046 -6.64095 0.5
1 356.88 54.7194 14.3101 0.5
1 463.866 -112.48 -6.30715 0.5
1 376.652 9.97234 0.282383 0.5
1 348.028 76.5633 -14.8641 0.5
1 365.773 58.8083 -0.392596 0.5
1 363.76 59.8988 8.13953 0.5
1 426.623 -52.1587 -11.6704 0.5
1 474.387 -143.863 -14.9933 0.5
1 375.997 40.009 -5.6265 0.5
1 484.969 -168.973 -13.5978 0.5
1 362.27 37.3683 8.27425 0.5
1 428.279 -54.6221 11.3316 0.5
1 350.451 80.3138 11.2135 0.5
1 405.963 -40.7538 1.15787 0.5
1 363.901 52.4955 13.979 0.5
1 479.332 -156.469 14.5635 0.5
1 356.373 75.0928 0.126337 0.5
1 386.425 -6.88173 -1.49864 0.5
1 356.016 75.1697 3.99889 0.5
1 478.993 -144.314 -12.7035 0.5
1 336.709 108.858 2.96328 0.5
1 342.366 87.5429 -14.6574 0.5
1 444.64 -82.8413 11.2265 0.5
1 409.256 -31.6214 14.9995 0.5
1 474.62 -149.017 14.37 0.5
1 395.833 5.096 -6.84149 0.5
1 402.605 -5.69858 4.57943 0.5
1 387.562 -0.284054 13.5859 0.5
1 460.532 -106.65 -6.18754 0.5
1 449.276 -112.311 -9.63894 0.5
1 352.076 59.5129 12.674 0.5
1 363.435 58.9071 10.149 0.5
1 467.534 -143.555 10.0744 0.5
1 471.784 -126.339 6.6103 0.5
1 376.521 20.6015 14.2787 0.5
1 365.974 32.007 -9.68155 0.5
1 463.893 -125.644 -14.992 0.5
1 354.437 64.6117 -14.9548 0.5
1 333.781 102.244 -14.6929 0.5
1 493.799 -163.467 -3.96075 0.5
1 474.914 -155.216 -11.1881 0.5
1 380.503 33.2786 -0.783461 0.5
1 455.726 -97.0921 1.7463 0.5
1 420.843 -47.0727 -14.3097 0.5
1 457.984 -110.213 13.8795 0.5
1 372.968 40.8876 -11.5778 0.5
1 450.197 -116.473 -5.23005 0.5
1 333.849 84.1339 -0.908352 0.5
1 472.896 -147.743 13.7417 0.5
1 431.11 -65.6113 -14.5257 0.5
1 348.629 83.4755 -11.208 0.5
1 433.085 -79.414 -13.4506 0.5
1 469.247 -127.057 -12.4596 0.5
1 427.316 -51.7168 -10.1258 0.5
1 465.8 -115.791 -6.22549 0.5
1 367.841 55.1109 1.89888 0.5
1 449.443 -116.047 1.34339 0.5
1 499.304 -173.035 -4.07863 0.5
1 444.494 -107.479 -1.3098 0.5
1 454.02 -99.2969 11.4087 0.5
1 380.307 31.8835 -7.04224 0.5
1 475.488 -138.638 -12.9433 0.5
1 486.94 -180.813 2.68579 0.5
1 395.837 -9.47531 14.9506 0.5
1 359.034 64.9984 -11.597 0.5
1 413.247 -31.5506 13.3373 0.5
1 417.468 -55.5596 11.3265 0.5
1 431.125 -73.8832 14.308 0.5
1 397.407 -23.9258 7.57422 0.5
1 361.965 35.4384 0.95492 0.5
1 475.929 -157.402 -10.7904 0.5
1 370.887 21.1723 5.91925 0.5
1 425.179 -59.7596 -14.9846 0.5
1 448.319 -105.066 -13.7893 0.5
1 442.164 -99.3204 10.3878 0.5
1 475.986 -139.737 -13.079 0.5
1 337.369 105.7 7.99904 0.5
1 494.6 -193.153 -5.80787 0.5
1 337.868 104.387 -8.66937 0.5
1 401.043 -6.42394 10.3556 0.5
1 406.81 -19.9688 -13.1057 0.5
1 423.38 -70.0432 5.17693 0.5
1 468.399 -121.282 -8.04669 0.5
1 409.108 -42.4667 -9.95326 0.5
1 408.427 -24.1046 -13.7644 0.5
1 445.598 -104.983 -10.6777 0.5
1 431.321 -83.9858 -4.63611 0.5
1 477.634 -159.794 11.3055 0.5
1 468.717 -125.009 11.6223 0.5
1 385.932 -3.32285 8.69966 0.5
1 448.542 -110.933 9.7647 0.5
1 494.891 -171.668 12.5878 0.5
1 442.507 -103.008 5.60408 0.5
1 368.828 23.6631 2.06025 0.5
1 391.871 -7.40164 13.743 0.5
1 477.591 -159.303 -11.6554 0.5
1 425.533 -63.1099 -14.6059 0.5
1 422.085 -45.6538 12.6453 0.5
1 398.287 -22.4193 11.2552 0.5
1 443.745 -76.2414 -0.297537 0.5
1 394.198 -19.4829 -5.22243 0.5
1 497.745 -189.016 -14.3864 0.5
1 451.689 -113.233 -12.5367 0.5
1 367.018 36.176 13.9632 0.5
1 341.532 76.4351 11.7185 0.5
1 394.56 -9.18556 -14.6681 0.5
1 438.916 -68.6088 4.6344 0.5
1 404.485 -32.7909 11.565 0.5
1 372.205 47.6462 -0.878872 0.5
1 344.555 69.6701 10.3124 0.5
1 407.967 -38.19 12.0591 0.5
1 369.992 40.0927 14.5646 0.5
1 401.383 -9.45794 -12.4224 0.5
1 346.339 68.4741 12.001 0.5
1 334.865 105.293 12.7221 0.5
1 461.29 -136.168 3.68011 0.5
1 417.429 -49.1396 14.5904 0.5
1 404.678 -27.3097 -14.5269 0.5
1 398.57 -5.53168 -13.0123 0.5
1 421.248 -59.2287 -13.2898 0.5
1 475.633 -136.208 10.9412 0.5
2 625.467 41.7846 7.22574 0.5
2 547.55 -98.9275 -13.0542 0.5
2 582.402 -55.7384 -11.3666 0.5
2 561.046 -69.2354 -6.09898 0.5
2 515.989 -147.023 5.49274 0.5
2 509.723 -162.86 12.0193 0.5
2 517.189 -148.653 -10.9525 0.5
2 659.306 101.086 -5.79644 0.5
2 638.253 41.4179 -11.7145 0.5
2 665.775 108.434 11.1991 0.5
2 651.516 75.021 14.9468 0.5
2 562.673 -94.2875 -4.93624 0.5
2 539.257 -116.888 -14.5127 0.5
2 569.619 -82.556 -3.9719 0.5
2 583.389 -39.0394 -14.0693 0.5
2 532.779 -124.473 -13.0323 0.5
2 644.23 62.4394 -14.9434 0.5
2 544.622 -119.892 12.3555 0.5
2 506.188 -164.23 6.04879 0.5
2 583.662 -46.4891 14.7513 0.5
2 538.805 -136.445 -0.710399 0.5
2 635.634 37.0016 11.8096 0.5
2 614.705 23.6964 6.11534 0.5
2 585.488 -37.5884 -14.6935 0.5
2 537.142 -131.087 13.3987 0.5
2 576.221 -44.4555 -8.72452 0.5
2 526.867 -144.439 -14.8228 0.5
2 506.653 -191.769 3.36748 0.5
2 602.523 -23.9875 -7.6757 0.5
2 654.228 78.3938 -14.9999 0.5
2 532.452 -143.27 -10.4066 0.5
2 624.75 14.4976 7.65223 0.5
2 581.828 -33.9575 7.5038 0.5
2 557.242 -87.8471 -14.9054 0.5
2 548.708 -116.956 -8.06758 0.5
2 652.125 88.2227 -6.72021 0.5
2 504.525 -165.902 -1.39376 0.5
2 603.613 -0.723489 12.3665 0.5
2 508.65 -177.329 -14.5525 0.5
2 614.449 -3.47214 -7.43389 0.5
2 572.273 -64.8924 14.9347 0.5
2 586.871 -53.007 -2.46021 0.5
2 554.23 -108.945 -4.83635 0.5
2 508.256 -187.659 6.96564 0.5
2 643.826 75.4302 0.505442 0.5
2 665.218 111.837 -4.38342 0.5
2 608.968 4.49398 14.3305 0.5
2 537.087 -139.438 0.0497269 0.5
2 519.111 -169.787 4.79347 0.5
2 645.582 78.4776 0.29455 0.5
2 535.603 -135.196 -12.5683 0.5
2 554.681 -97.6561 -14.5389 0.5
2 552.39 -99.9319 14.8663 0.5
2 599.611 -2.15373 -5.41089 0.5
2 552.068 -89.1988 11.775 0.5
2 524.291 -136.245 10.8496 0.5
2 550.35 -88.9285 8.23527 0.5
2 537.919 -133 11.1782 0.5
2 655.644 65.9857 1.52135 0.5
2 660.571 104.44 -0.24542 0.5
2 591.181 -45.6537 -1.65163 0.5
2 656.501 86.6666 -14.3781 0.5
2 597.311 -15.3665 14.2246 0.5
2 607.747 12.4212 -3.93796 0.5
2 662.712 105.167 -8.97632 0.5
2 655.793 93.8856 -7.95114 0.5
2 533.715 -134.142 -14.4943 0.5
2 528.358 -154.411 2.08596 0.5
2 562.04 -95.0665 5.76501 0.5
2 538.595 -111.274 10.6599 0.5
2 627.022 46.3311 0.25693 0.5
2 516.08 -145.917 1.66481 0.5
2 547.029 -119.847 8.09492 0.5
2 610.778 4.02574 -14.9771 0.5
2 545.778 -106.541 -14.728 0.5
2 635.044 55.7399 10.701 0.5
2 626.589 45.3773 2.48082 0.5
2 564.381 -75.945 14.9504 0.5
2 624.548 26.8223 -14.9983 0.5
2 615.153 24.9728 -4.84083 0.5
2 593.421 -40.7915 -5.57309 0.5
2 613.704 22.4011 -5.02006 0.5
2 535.057 -142.954 -0.146401 0.5
2 646.809 56.8295 12.1645 0.5
2 616.809 26.4049 7.88348 0.5
2 572.555 -74.6882 -9.41016 0.5
2 639.996 68.6801 -1.93022 0.5
2 549.379 -113.411 10.9405 0.5
2 635.944 57.5419 -10.4568 0.5
2 595.987 -23.3939 -14.9684 0.5
2 516.821 -167.228 12.8799 0.5
2 518.615 -169.789 6.8298 0.5
2 545.098 -123.912 -6.8413 0.5
2 550.008 -100.107 14.8725 0.5
2 560.137 -87.5223 -14.6956 0.5
2 653.335 69.2167 -12.878 0.5
2 598.799 -12.7182 14.2006 0.5
2 607.842 12.1414 5.31184 0.5
2 520.892 -143.407 11.9376 0.5
2 587.378 -24.9422 8.45659 0.5
2 657.413 86.9985 -14.6916 0.5
2 578.26 -49.492 -14.5534 0.5
2 610.049 -5.84664 12.823 0.5
2 593.895 -40.3771 4.42292 0.5
2 664.558 109.497 7.21813 0.5
2 573.903 -73.2942 -8.10365 0.5
2 663.981 106.257 -10.2964 0.5
2 558.819 -76.6866 -11.0796 0.5
2 538.488 -135.279 7.00051 0.5
2 512.478 -159.971 -13.2183 0.5
2 548.775 -104.715 -14.991 0.5
2 649.249 78.2012 -12.4477 0.5
2 650.135 81.9091 10.6696 0.5
2 501.363 -182.587 -14.5293 0.5
2 605.475 8.98501 0.924842 0.5
2 573.893 -60.0152 -14.9849 0.5
2 523.918 -133.358 -5.66354 0.5
2 653.044 63.0304 -6.79012 0.5
2 656.297 80.238 14.8916 0.5
2 665.075 88.2427 -12.0002 0.5
2 634.215 28.7945 0.251148 0.5
2 641.033 41.9769 6.27545 0.5
2 560.394 -91.9661 -12.7528 0.5
2 595.865 -23.3902 14.9808 0.5
2 500.991 -200.794 5.79646 0.5
2 515.843 -147.428 -5.86308 0.5
2 588.822 -48.3854 6.42502 0.5
2 575.864 -65.3505 12.6402 0.5
2 664.133 104.735 -11.906 0.5
2 619.129 32.4324 -2.61169 0.5
2 599.7 -13.1725 -14.7332 0.5
2 619.292 4.52091 -6.69401 0.5
2 666.433 90.4761 -11.9099 0.5
2 522.157 -151.625 14.9412 0.5
2 566.769 -61.3837 -9.45565 0.5
2 555.078 -100.296 -13.2568 0.5
2 544.228 -111.627 -14.9935 0.5
2 604.886 -17.0493 -11.1429 0.5
2 656.208 81.8122 14.9998 0.5
2 648.576 56.7297 9.08512 0.5
2 658.479 99.48 -6.19572 0.5
2 511.73 -154.319 5.27985 0.5
2 509.97 -169.584 -14.8888 0.5
2 583.399 -48.5764 14.3545 0.5
2 619.488 33.2663 0.728764 0.5
2 589.078 -49.2215 -2.22553 0.5
2 616.496 26.8534 -5.99294 0.5
2 637.419 42.2986 13.2434 0.5
2 646.173 79.501 -0.32728 0.5
2 598.104 -8.13594 -10.5959 0.5
2 514.351 -152.408 9.73703 0.5
2 646.076 49.5144 2.3018 0.5
2 578.752 -66.3056 5.29744 0.5
2 524.327 -148.185 14.9094 0.5
2 517.384 -170.56 -9.00683 0.5
2 539.658 -105.357 3.31885 0.5
2 512.036 -165.66 -14.8424 0.5
2 559.909 -97.2205 -8.56906 0.5
2 616.934 28.1039 4.70286 0.5
2 565.233 -61.0707 3.36211 0.5
2 549.474 -92.3743 10.6042 0.5
2 585.638 -25.9872 -4.33743 0.5
2 641.158 59.1128 14.6338 0.5
2 653.873 84.9368 -13.2154 0.5
2 535.297 -141.397 5.73865 0.5
2 560.389 -80.9302 -14.666 0.5
2 633.976 35.8387 -12.9671 0.5
2 508.589 -185.003 9.97324 0.5
2 630.568 30.8385 -13.4518 0.5
2 522.919 -140.249 12.1975 0.5
2 518.954 -146.972 12.0938 0.5
2 590.626 -17.2423 -3.97303 0.5
2 520.534 -138.113 -0.368791 0.5
2 600.493 -0.0640052 -3.63517 0.5
2 664.142 97.6625 14.8612 0.5
2 583.926 -35.646 12.894 0.5
2 576.627 -40.9912 1.06346 0.5
2 534.755 -122.693 -13.8399 0.5
2 600.223 -30.0237 1.3476 0.5
2 571.039 -79.4574 5.817 0.5
2 542.259 -100.749 2.82753 0.5
2 611.847 11.4184 13.5804 0.5
2 602.123 -15.4071 -14.5582 0.5
2 657.668 96.5764 -8.77838 0.5
2 527.23 -156.261 -2.72297 0.5
2 634.912 43.244 14.8969 0.5
2 577.53 -46.6591 -12.8544 0.5
2 519.711 -143.302 9.9411 0.5
2 538.266 -123.253 14.9755 0.5
2 579.882 -56.1166 13.8329 0.5
2 505.523 -174.306 -14.21 0.5
2 574.164 -47.2383 7.51716 0.5
2 663.312 107.775 6.35659 0.5
2 586.628 -23.7985 2.23542 0.5
2 537.775 -137.553 4.50619 0.5
2 653.391 63.553 6.63384 0.5
2 596.224 -29.3668 13.0721 0.5
2 504.303 -195.92 -2.99501 0.5
2 660.063 84.4509 -14.4254 0.5
2 656.846 76.1097 -13.329 0.5
2 608.99 12.0482 -9.06985 0.5
2 636.672 56.2049 12.5877 0.5
2 648.494 82.7924 4.62754 0.5
2 518.009 -142.92 -3.59863 0.5
2 624.017 29.4766 -14.6214 0.5
2 641.132 48.3221 13.0184 0.5
2 500.017 -173.685 -1.07226 0.5
2 593.433 -31.6089 14.2234 0.5
2 526.319 -129.019 5.19722 0.5
2 547.456 -93.7311 -7.90383 0.5
2 627.434 38.8867 -13.3501 0.5
2 601.76 -15.7363 14.6292 0.5
2 557.711 -103.548 2.2468 0.5
2 660.075 103.583 0.0780423 0.5
2 503.137 -194.856 -9.49316 0.5
2 555.476 -88.3355 14.3848 0.5
2 592.125 -43.3246 4.79037 0.5
2 627.633 46.3588 -5.46856 0.5
2 592.052 -31.9167 14.7587 0.5
2 654.892 82.3542 14.746 0.5
2 565.386 -69.4371 -13.754 0.5
2 606.506 -3.65772 14.9901 0.5
2 629.608 50.7257 1.61384 0.5
2 535.485 -125.89 14.9416 0.5
2 648.832 82.4316 -6.89313 0.5
2 586.824 -23.3329 -1.10913 0.5
2 652.407 90.2817 -0.769161 0.5
2 628.705 49.2478 -0.136498 0.5
2 600.877 -19.3693 -13.987 0.5
2 585.485 -25.6314 -0.793238 0.5
2 565.563 -61.5148 6.32512 0.5
2 527.874 -134.722 -13.8854 0.5
2 596.903 -14.0248 13.3649 0.5
2 588.72 -26.0325 12.0182 0.5
2 583.094 -50.3401 -13.92 0.5
2 602.312 1.7735 7.05017 0.5
2 647.123 80.5726 -4.1184 0.5
2 562.482 -68.9157 -9.5858 0.5
2 551.213 -84.9759 -0.367067 0.5
2 645.412 53.2357 -11.2241 0.5
2 619.269 3.26382 3.26224 0.5
2 519.199 -168.608 -7.14961 0.5
2 615.425 26.247 0.137992 0.5
2 579.911 -39.0786 9.99232 0.5
2 509.788 -180.54 -12.134 0.5
2 592.019 -38.0389 -12.1867 0.5
2 663.181 106.94 7.52433 0.5
2 627.559 47.2476 0.687122 0.5
2 598.782 -14.8772 14.7546 0.5
2 540.112 -132.61 -6.72 0.5
2 647.188 77.3991 10.049 0.5
2 644.765 74.5548 8.30806 0.5
2 563.592 -93.5304 -0.0498975 0.5
2 628.849 47.1853 -8.00262 0.5
2 581.976 -44.0897 -14.773 0.5
2 658.325 89.3008 -14.5238 0.5
2 617.355 19.7312 -14.0912 0.5
2 518.333 -159.652 14.7494 0.5
2 609.414 5.22467 -14.3434 0.5
2 596.656 -10.6237 -10.5745 0.5
2 576.752 -41.359 4.27289 0.5
2 653.249 91.6647 1.68333 0.5
2 619.201 20.2947 14.7889 0.5
2 593.715 -17.8946 -12.3859 0.5
2 505.21 -169.186 -10.7463 0.5
2 645.12 48.8005 5.68642 0.5
2 647.911 81.3899 -5.69846 0.5
2 637.145 55.3284 13.5366 0.5
2 581.106 -33.3232 1.95455 0.5
2 642.692 69.7375 -9.90738 0.5
2 630.283 22.6661 -4.47957 0.5
2 527.732 -133.341 13.1028 0.5
2 514.188 -154.812 11.7782 0.5
2 616.526 1.83445 -9.84248 0.5
2 552.137 -104.113 13.8579 0.5
2 576.228 -42.7471 5.64652 0.5
2 592.985 -42.6114 0.541057 0.5
2 665.697 85.746 8.17852 0.5
2 509.728 -184.718 7.66775 0.5
2 568.126 -77.9865 -13.0983 0.5
2 602.304 -25.1699 6.1301 0.5
2 568.289 -85.2135 2.32916 0.5
2 555.623 -88.3706 -14.4672 0.5
2 527.016 -138.753 -14.6698 0.5
2 538.063 -137.745 0.287293 0.5
2 638.875 36.9523 1.63495 0.5
2 656.816 68.7979 5.00693 0.5
2 656.41 73.5716 -12.2448 0.5
2 500.315 -193.31 14.0771 0.5
2 628.635 22.8395 -9.87881 0.5
2 538.774 -136.297 2.56184 0.5
2 534.967 -120.403 12.8684 0.5
2 584.623 -56.1477 5.27146 0.5
2 508.308 -160.778 6.52478 0.5
2 571.837 -79.1786 -1.46658 0.5
2 607.78 8.59465 10.6241 0.5
2 517.929 -145.996 9.47953 0.5
2 556.719 -104.076 -6.239 0.5
2 561.416 -80.7316 14.9178 0.5
2 570.028 -61.9386 -13.977 0.5
2 650.463 74.5094 14.7774 0.5
2 562.976 -68.4605 10.0475 0.5
2 650.725 68.3343 14.4417 0.5
2 595.87 -34.8712 8.65903 0.5
2 526.497 -147.877 -14.108 0.5
2 637.884 65.0595 1.61037 0.5
2 649.715 74.9486 -14.3677 0.5
2 609.964 -12.5244 4.48667 0.5
2 609.567 7.38236 13.6213 0.5
2 530.508 -148.06 -8.68977 0.5
2 576.598 -58.759 -14.7448 0.5
2 527.811 -142.145 -14.9102 0.5
2 539.892 -104.99 -3.47891 0.5
2 540.833 -105.126 -7.77875 0.5
2 551.024 -91.8161 -12.3704 0.5
2 653.314 71.271 13.9146 0.5
2 520.797 -141.63 10.1718 0.5
2 590.211 -18.1799 4.70011 0.5
2 582.087 -51.8049 -14.0294 0.5
2 542.077 -103.077 -7.95025 0.5
2 502.767 -195.941 -8.92204 0.5
2 553.531 -80.9894 0.979169 0.5
3 741.518 108.38 12.4408 0.5
3 920.82 111.588 9.52487 0.5
3 685.331 109.217 -11.8338 0.5
3 696.94 85.8713 -5.03787 0.5
3 842.895 91.9753 12.673 0.5
3 964.028 89.0889 -10.2931 0.5
3 685.115 88.6719 -9.83231 0.5
3 967.324 85.8954 5.10486 0.5
3 726.012 92.1995 12.8122 0.5
3 876.384 112.624 -8.10106 0.5
3 911.275 86.9732 7.43662 0.5
3 782.877 110.394 10.8153 0.5
3 973.951 89.0245 10.2244 0.5
3 980.751 91.7153 12.5045 0.5
3 947.224 98.7034 -14.9439 0.5
3 926.232 108.729 -12.1989 0.5
3 785.099 86.4653 -6.46629 0.5
3 997.045 110.296 -10.9083 0.5
3 880.24 85.0038 0.336656 0.5
3 888.756 107.455 -13.0164 0.5
3 842.319 93.8933 -13.7007 0.5
3 796.674 92.3447 -12.8995 0.5
3 691.97 99.2877 14.9831 0.5
3 669.794 115 0.0586777 0.5
3 697.434 96.3258 -14.5431 0.5
3 704.576 109.217 -11.8344 0.5
3 979.476 87.3417 -8.04789 0.5
3 694.022 91.3955 12.2867 0.5
3 915.963 87.5168 8.31682 0.5
3 859.657 105.504 13.9537 0.5
3 964.452 95.5988 -14.3398 0.5
3 835.161 90.9166 11.937 0.5
3 985.406 114.982 0.738117 0.5
3 797.743 98.7796 -14.9503 0.5
3 971.747 101.071 -14.9618 0.5
3 772.738 90.7937 -11.8424 0.5
3 720.442 91.8472 12.591 0.5
3 860.109 113.682 -6.14792 0.5
3 821.281 114.341 4.39731 0.5
3 937.153 85.8923 -5.09647 0.5
3 821.984 85.525 -3.93363 0.5
3 762.961 85.0094 -0.531497 0.5
3 996.824 89.1529 -10.3605 0.5
3 870.345 85.5086 3.87287 0.5
3 768.066 85.8889 5.08683 0.5
3 670.528 86.4368 -6.40626 0.5
3 700.445 93.4828 13.5102 0.5
3 897.339 87.4037 -8.14457 0.5
3 838.662 100.567 14.9893 0.5
3 697.97 110.327 -10.8795 0.5
3 901.403 92.5901 -13.042 0.5
3 675.935 104.771 -14.221 0.5
3 723.22 97.372 14.768 0.5
3 954.377 109.943 -11.2307 0.5
3 833.741 86.5415 -6.62342 0.5
3 826.814 98.9078 -14.9602 0.5
3 951.19 91.5961 -12.4247 0.5
3 962.138 112.712 7.96301 0.5
3 956.63 111.856 9.18827 0.5
3 783.096 96.8529 -14.6661 0.5
3 734.555 93.1854 13.3627 0.5
3 850.46 98.6513 14.9392 0.5
3 819.644 85.1101 1.81424 0.5
3 980.962 112.533 8.24134 0.5
3 818.23 100.381 14.9952 0.5
3 919.263 102.104 14.8516 0.5
3 750.834 89.5895 -10.7992 0.5
3 732.926 108.895 12.0781 0.5
3 946.342 111.704 9.38131 0.5
3 671.326 97.4251 -14.7773 0.5
3 946.443 86.4678 -6.4714 0.5
3 917.457 92.5758 13.0339 0.5
3 890.466 107.411 13.0411 0.5
3 861.74 111.196 -9.98225 0.5
3 949.073 85.0094 -0.5312 0.5
3 835.392 108.955 12.0337 0.5
3 815.782 102.492 -14.7916 0.5
3 933.875 86.5215 -6.58257 0.5
3 994.881 109.852 11.3109 0.5
3 874.855 100.72 14.9827 0.5
3 695.556 93.1131 -13.3256 0.5
3 753.338 85.1805 -2.31995 0.5
3 795.684 100.258 14.9978 0.5
3 749.063 106.242 13.6395 0.5
3 688.886 107.023 -13.2541 0.5
3 858.836 101.697 -14.9037 0.5
3 720.143 88.0459 9.06094 0.5
3 852.828 97.9881 -14.8645 0.5
3 782.248 104.763 -14.2238 0.5
3 846.296 104.703 -14.2436 0.5
3 681.477 99.8023 -14.9987 0.5
3 838.125 101.474 -14.9274 0.5
3 834.794 92.419 12.9433 0.5
3 978.577 100.313 14.9967 0.5
3 692.28 85.0004 0.104176 0.5
3 794.14 104.645 14.2628 0.5
3 813.664 113.913 5.60686 0.5
3 726.162 85.0757 1.50481 0.5
3 964.814 106.824 -13.3581 0.5
3 773.187 113.897 -5.64489 0.5
3 832.965 96.7133 14.6355 0.5
3 702.701 86.8248 7.17045 0.5
3 716.833 113.469 -6.60115 0.5
3 671.749 89.9551 11.14 0.5
3 943.083 113.44 -6.6602 0.5
3 726.741 111.623 9.48211 0.5
3 842.921 107.113 13.2061 0.5
3 754.309 108.686 12.229 0.5
3 675.754 100.205 -14.9986 0.5
3 767.889 101.611 -14.9132 0.5
3 952.257 111.637 9.46467 0.5
3 744.495 110.479 10.7326 0.5
3 719.482 86.518 6.57547 0.5
3 776.73 85.0311 -0.965208 0.5
3 808.008 90.1389 11.303 0.5
3 981.308 85.0269 0.897411 0.5
3 897.382 114.754 -2.70785 0.5
3 694.321 85.4312 3.5709 0.5
3 821.985 92.1508 12.7824 0.5
3 671.664 85.7388 -4.64951 0.5
3 961.765 100.502 -14.9916 0.5
3 796.509 103.249 14.644 0.5
3 790.459 100.524 -14.9909 0.5
3 858.24 113.725 -6.05071 0.5
3 917.491 114.716 2.90502 0.5
3 764.276 104.041 14.4453 0.5
3 908.626 102.969 14.7032 0.5
3 678.572 114.962 1.07265 0.5
3 707.941 90.7131 11.7793 0.5
3 720.934 90.3933 -11.5201 0.5
3 944.855 102.621 -14.7692 0.5
3 807.791 113.997 5.39254 0.5
3 804.017 87.3498 8.06062 0.5
3 982.364 106.264 13.6293 0.5
3 686.927 110.409 -10.8005 0.5
3 760.697 90.4381 -11.5572 0.5
3 903.229 114.914 -1.60466 0.5
3 873.571 114.613 -3.38665 0.5
3 921.221 113.118 7.27414 0.5
3 806.745 104.362 14.3516 0.5
3 852.149 95.5708 -14.3312 0.5
3 876.502 109.968 -11.2093 0.5
3 800.781 98.9179 -14.9609 0.5
3 784.198 96.6084 -14.6115 0.5
3 861.604 109.42 -11.6729 0.5
3 710.811 88.8448 -10.0281 0.5
3 770.758 98.0532 -14.8731 0.5
3 831.879 113.752 5.99016 0.5
3 962.237 85.8657 5.02211 0.5
3 782.61 88.2621 9.3392 0.5
3 961.939 104.052 14.4422 0.5
3 761.608 97.1345 -14.7238 0.5
3 849.652 110.818 -10.3912 0.5
3 884.87 90.8664 11.8986 0.5
3 904.664 109.91 -11.2598 0.5
3 776.963 90.1065 -11.2747 0.5
3 755.031 88.8071 9.98596 0.5
3 881.123 85.2768 -2.86845 0.5
3 936.824 85.3772 -3.3427 0.5
3 691.063 90.8899 11.9166 0.5
3 893.298 100.822 14.9774 0.5
3 718.089 90.9239 -11.9425 0.5
3 908.424 85.473 -3.73719 0.5
3 683.842 104.539 -14.2966 0.5
3 875.554 108.016 -12.6783 0.5
3 968.381 108.735 12.1944 0.5
3 709.524 85.3788 3.34972 0.5
3 720.743 97.7724 14.8337 0.5
3 670.758 85.0358 -1.03503 0.5
3 688.098 92.4494 -12.961 0.5
3 833.109 113.227 7.07399 0.5
3 682.895 113.867 -5.71877 0.5
3 855.597 106.976 13.2791 0.5
3 667.048 114.924 1.50503 0.5
3 719.817 98.0714 -14.8755 0.5
3 888.164 114.704 -2.96598 0.5
3 875.596 87.5872 8.4215 0.5
3 859.624 88.3102 9.39938 0.5
3 882.208 99.9469 -14.9999 0.5
3 783.375 106.202 -13.6577 0.5
3 789.251 114.343 -4.39018 0.5
3 893.532 102.38 -14.81 0.5
3 856.487 110.619 10.5946 0.5
3 930.815 85.9839 -5.34305 0.5
3 944.398 108.247 12.5292 0.5
3 686.308 114.738 2.79057 0.5
3 693.252 106.431 -13.5515 0.5
3 758.076 107.868 12.7707 0.5
3 908.528 107.972 12.7064 0.5
3 716.659 91.4973 -12.3574 0.5
3 888.72 88.5582 9.69971 0.5
3 673.098 85.0125 -0.611874 0.5
3 992.082 92.887 -13.2062 0.5
3 914.163 108.109 -12.619 0.5
3 916.169 114.975 0.859774 0.5
3 880.256 97.1919 -14.7348 0.5
3 758.542 88.4913 -9.62024 0.5
3 960.806 97.6056 14.8077 0.5
3 945.42 89.1602 10.3681 0.5
3 754.257 107.223 13.1462 0.5
3 821.652 106.203 13.6573 0.5
3 754.638 101.828 14.8882 0.5
3 825.856 113.404 -6.73257 0.5
3 756.011 85.1763 -2.29313 0.5
3 757.463 88.0425 -9.05634 0.5
3 914.371 85.1156 -1.859 0.5
3 940.022 111.26 -9.91064 0.5
3 738.37 114.827 2.27422 0.5
3 819.653 98.4197 14.9165 0.5
3 951.75 114.475 3.93364 0.5
3 761.081 85.1012 -1.73936 0.5
3 838.004 93.1701 -13.3548 0.5
3 962.612 114.369 -4.3035 0.5
3 943.513 91.8563 -12.5968 0.5
3 978.448 88.6039 -9.75335 0.5
3 813.72 102.008 -14.865 0.5
3 680.576 112.852 -7.73508 0.5
3 866.011 100.248 -14.9979 0.5
3 932.627 108.318 12.4826 0.5
3 840.164 110.725 -10.4872 0.5
3 903.205 102.993 14.6983 0.5
3 755.158 85.5348 3.9696 0.5
3 828.469 110.384 10.8248 0.5
3 903.476 110.772 10.4391 0.5
3 799.496 114.134 5.02254 0.5
3 874.413 111.657 -9.43979 0.5
3 811.559 85.8288 -4.91692 0.5
3 677.24 102.545 -14.7824 0.5
3 728.37 91.8147 -12.5698 0.5
3 706.116 88.6316 9.78568 0.5
3 804.827 114.062 -5.22023 0.5
3 691.823 111.833 -9.21825 0.5
3 783.746 114.887 -1.83496 0.5
3 962.533 86.2176 -5.91989 0.5
3 989.451 108.122 12.6107 0.5
3 816.165 85.1029 -1.75361 0.5
3 871.508 95.3988 14.2769 0.5
3 839.791 113.438 -6.66477 0.5
3 778.482 85.0254 0.873303 0.5
3 930.293 85.0346 -1.01879 0.5
3 919.268 92.0738 -12.7348 0.5
3 941.197 100.801 14.9786 0.5
3 816.948 106.935 13.3005 0.5
3 841.948 112.577 8.17489 0.5
3 802.045 108.135 -12.6024 0.5
3 920.364 103.012 14.6945 0.5
3 913.693 86.4101 6.3493 0.5
3 686.58 98.4005 -14.9145 0.5
3 823.648 85.0741 1.48891 0.5
3 729.356 105.949 -13.7698 0.5
3 859.297 108.091 -12.6306 0.5
3 997.579 109.302 11.7675 0.5
3 988.923 88.9956 10.1933 0.5
3 934.73 104.554 -14.2919 0.5
3 991.13 91.8317 12.5809 0.5
3 839.073 109.963 -11.2136 0.5
3 886.399 85.0916 1.65558 0.5
3 817.488 91.4278 -12.3093 0.5
3 700.593 114.553 3.63383 0.5
3 956.129 94.9001 14.1064 0.5
3 942.421 96.5368 -14.5947 0.5
3 841.272 114.359 -4.33944 0.5
3 934.703 85.4527 -3.65739 0.5
3 852.912 100.403 -14.9946 0.5
3 668.774 114.766 -2.63828 0.5
3 967.683 111.586 -9.5272 0.5
3 704.17 113.148 7.21959 0.5
3 898.325 85.5923 -4.1736 0.5
3 836.863 109.678 -11.4604 0.5
3 893.399 85.1497 2.11413 0.5
3 702.872 86.8339 -7.187 0.5
3 700.502 91.2346 -12.1724 0.5
3 698.248 114.302 -4.52206 0.5
3 986.363 92.0266 12.7053 0.5
3 925.012 85 0.0368444 0.5
3 827.631 92.4549 12.9642 0.5
3 746.665 85.4726 3.73565 0.5
3 841.951 114.283 4.5836 0.5
3 770.931 86.4612 6.45767 0.5
3 970.501 86.4126 6.35477 0.5
3 743.562 114.114 5.07889 0.5
3 711.609 85.8469 -4.96877 0.5
3 856.522 114.326 4.44455 0.5
3 975.719 85.0058 0.418633 0.5
3 742.007 85.1233 1.919 0.5
3 736.804 103.617 14.5573 0.5
3 844.426 87.4031 -8.14363 0.5
3 751.598 114.878 1.91157 0.5
3 749.372 89.7115 10.9155 0.5
3 935.445 96.5748 -14.6037 0.5
3 849.7 114.056 -5.23797 0.5
3 695.605 112.965 -7.54417 0.5
3 900.735 86.8654 -7.24455 0.5
3 946.169 92.8164 -13.168 0.5
3 841.015 88.3871 9.49423 0.5
3 734.348 87.6987 8.58366 0.5
3 921.86 103.093 14.6777 0.5
3 680.827 103.179 -14.6593 0.5
3 924.117 87.8879 8.8486 0.5
3 710.1 96.158 -14.4996 0.5
3 920.017 114.976 -0.844934 0.5
3 717.865 106.573 -13.4832 0.5
3 936.578 86.3594 6.23965 0.5
3 994.34 114.071 5.19715 0.5
3 790.888 102.14 14.8465 0.5
3 858.513 104.811 14.2074 0.5
3 971.079 85.6543 4.38185 0.5
3 792.424 92.0747 12.7354 0.5
3 811.156 102.542 14.783 0.5
3 852.376 85.6367 4.32383 0.5
3 950.42 111.778 -9.28878 0.5
3 802.624 93.4735 13.5058 0.5
3 675.908 95.515 -14.3138 0.5
3 759.975 113.373 6.79416 0.5
3 720.434 94.7244 14.0417 0.5
3 759.381 102.91 -14.7151 0.5
3 747.201 97.3835 14.77 0.5
3 873.862 106.416 13.5586 0.5
3 817.682 108.671 12.2401 0.5
3 890.239 111.404 -9.74399 0.5
3 779.854 85.4066 3.46888 0.5
3 751.48 90.837 11.876 0.5
3 882.91 100.998 14.9667 0.5
3 878.523 107.086 13.2209 0.5
3 971.974 102.511 14.7883 0.5
3 898.588 110.143 11.0505 0.5
3 711.984 102.254 -14.8297 0.5
3 705.029 86.8232 7.16734 0.5
3 994.661 94.1373 -13.8068 0.5
3 795.902 110.689 10.5237 0.5
3 782.717 92.8691 13.1966 0.5
3 712.471 94.9198 14.1135 0.5
3 876.521 90.7982 -11.8459 0.5
3 780.102 85.0394 1.08629 0.5
3 760.973 102.571 14.778 0.5
3 834.977 114.777 2.57753 0.5
3 845.923 86.9665 7.42475 0.5
3 846.453 85.6151 4.25149 0.5
3 957.037 85.7602 -4.71466 0.5
3 678.136 112.837 -7.75975 0.5
3 914.581 107.757 12.8384 0.5
3 938.225 86.1095 -5.66154 0.5
