0 43.7909 155.233 83.3625 0.5
0 88.0005 41.2018 -80.8874 0.5
0 68.0465 199.561 9.36176 0.5
0 53.2039 31.2373 72.6064 0.5
0 5.75019 5.75674 33.4396 0.5
0 40.1333 181.854 57.4444 0.5
0 97.823 70.5654 -95.5699 0.5
0 84.3992 175.685 65.3586 0.5
0 95.2163 200 -0.0818837 0.5
0 26.5877 178.694 -61.7032 0.5
0 83.5038 23.0354 -63.8471 0.5
0 57.0289 110.942 -99.3995 0.5
0 70.584 77.6929 -97.4802 0.5
0 54.4164 172.662 68.7039 0.5
0 11.9464 74.3518 96.6549 0.5
0 42.843 77.0971 97.342 0.5
0 77.7151 181.074 58.5409 0.5
0 36.0519 197.737 -21.1545 0.5
0 77.5223 169 72.3809 0.5
0 81.3933 100.568 99.9984 0.5
0 32.4891 0.122523 4.94869 0.5
0 56.1173 50.3011 -86.7757 0.5
0 28.2196 190.006 -43.5774 0.5
0 105.608 86.9837 99.1493 0.5
0 3.69446 198.287 18.4308 0.5
0 11.5535 11.477 46.5153 0.5
0 4.88718 29.1877 -70.6089 0.5
0 31.0154 52.7249 88.1196 0.5
0 46.8235 2.24752 21.082 0.5
0 101.584 198.135 19.2218 0.5
0 59.2911 4.01723 28.059 0.5
0 108.389 185.4 52.027 0.5
0 32.1543 47.0839 84.8521 0.5
0 48.9125 18.8595 58.4485 0.5
0 23.9788 34.5405 75.598 0.5
0 46.5884 12.1546 -47.7828 0.5
0 76.6674 140.463 -91.4479 0.5
0 7.67827 120.606 -97.8538 0.5
0 3.60546 75.1039 -96.8514 0.5
0 60.6738 135.142 93.6218 0.5
0 17.0128 12.528 48.4629 0.5
0 47.9264 79.6697 97.9116 0.5
0 68.61 30.2004 -71.6102 0.5
0 15.2089 10.6567 -44.9195 0.5
0 45.2251 123.774 97.1328 0.5
0 77.7442 23.4623 64.3582 0.5
0 51.432 141.063 -91.1803 0.5
0 31.6994 136.457 93.1175 0.5
0 107.403 6.39602 35.1894 0.5
0 12.8411 137.703 -92.6201 0.5
0 24.1327 42.5638 81.8602 0.5
0 4.80023 72.8976 96.2572 0.5
0 32.2818 194.703 32.1131 0.5
0 86.8457 1.3287 -16.2473 0.5
0 36.0617 193.608 35.1775 0.5
0 1.66992 140.981 91.217 0.5
0 27.9006 32.6954 -73.96 0.5
0 36.4369 118.089 -98.3503 0.5
0 76.3898 122.006 -97.5487 0.5
0 17.4032 13.0824 -49.4503 0.5
0 16.344 180.603 59.187 0.5
0 105.675 195.681 29.0724 0.5
0 43.0498 91.6756 -99.6529 0.5
0 31.1614 47.4591 -85.085 0.5
0 9.3281 195.256 30.4352 0.5
0 38.575 45.9846 84.1566 0.5
0 38.5002 47.4676 -85.0903 0.5
0 20.4636 1.59641 17.797 0.5
0 59.2653 10.4246 -44.4551 0.5
0 48.4793 194.485 -32.7503 0.5
0 84.2365 1.89037 19.352 0.5
0 69.1938 0.205768 -6.4118 0.5
0 3.22217 83.0301 98.5496 0.5
0 71.4327 29.8582 71.275 0.5
0 45.1778 102.52 -99.9682 0.5
0 75.9552 146.44 88.5626 0.5
0 44.1244 20.9415 61.2352 0.5
0 81.6154 58.7521 91.0967 0.5
0 28.0911 131.332 94.9646 0.5
0 3.46062 15.1325 52.8915 0.5
0 86.9907 1.74541 18.602 0.5
0 66.2384 55.6413 -89.6231 0.5
0 53.2289 20.0936 -60.1246 0.5
0 43.5795 21.6988 62.2007 0.5
0 61.0646 198.715 -15.9785 0.5
0 79.4887 182.407 56.6484 0.5
0 49.6277 99.8042 99.9998 0.5
0 54.4378 40.1105 -80.0828 0.5
0 17.0764 20.4316 -60.5712 0.5
0 57.202 6.46496 35.3723 0.5
0 16.7565 29.2981 70.7194 0.5
0 12.3992 199.965 2.62745 0.5
0 3.87098 36.4604 -77.2186 0.5
0 35.0139 125.892 -96.5897 0.5
0 99.9831 134.399 93.8975 0.5
0 84.7709 160.103 -79.9225 0.5
0 38.1262 166.474 -74.7076 0.5
0 1.11031 5.04897 31.3736 0.5
0 48.044 190.916 -41.6445 0.5
0 59.5366 28.9679 -70.3878 0.5
0 30.3193 86.9114 -99.1397 0.5
0 27.1975 6.40182 -35.2049 0.5
0 5.93968 134.214 93.9648 0.5
0 32.6321 21.8394 62.3772 0.5
0 77.4368 75.8054 97.029 0.5
0 98.0429 117.079 98.5307 0.5
0 81.7561 39.1019 -79.3185 0.5
0 8.61566 177.676 -62.9792 0.5
0 19.5567 73.357 -96.3854 0.5
0 19.9784 12.0476 -47.5854 0.5
0 5.91011 40.1498 -80.1121 0.5
0 18.1425 0.7189 -11.9693 0.5
0 84.1432 51.6795 -87.5507 0.5
0 109.383 83.5639 -98.64 0.5
0 46.7813 5.84076 -33.6755 0.5
0 106.598 77.1938 -97.3647 0.5
0 77.6583 94.1859 -99.8308 0.5
0 9.96957 149.426 -86.9316 0.5
1 118.127 177.608 -44.0827 0.5
1 114.134 19.5876 -65.9439 0.5
1 147.877 59.4351 97.2916 0.5
1 121.873 131.38 86.5911 0.5
1 127.866 80.4763 99.548 0.5
1 158.397 0.562735 98.4504 0.5
1 157.305 88.9166 72.4501 0.5
1 123.767 155.701 -63.0473 0.5
1 130.861 13.4256 85.1927 0.5
1 113.881 -1.34159 -26.0625 0.5
1 122.618 12.985 74.1597 0.5
1 119.136 36.2124 -86.6669 0.5
1 164.37 -36.9348 89.4596 0.5
1 125.919 128.52 -84.0581 0.5
1 149.861 127.265 33.0465 0.5
1 143.85 69.7179 -96.4459 0.5
1 145.196 -58.8639 -5.89191 0.5
1 125.115 67.3026 -99.6431 0.5
1 115.292 15.832 63.8935 0.5
1 158.261 -77.3551 29.0461 0.5
1 156.124 -56.8745 -61.4269 0.5
1 127.19 132.534 79.7106 0.5
1 148.298 17.0295 98.2622 0.5
1 154.689 -71.0929 -29.2902 0.5
1 153.833 -24.523 86.2965 0.5
1 133.805 -24.4296 52.4799 0.5
1 128.323 74.1829 -99.9202 0.5
1 126.643 -26.5005 -8.95533 0.5
1 161.399 -54.3527 74.0086 0.5
1 129.164 81.3626 99.199 0.5
1 129.336 68.7018 99.9996 0.5
1 137.201 153.286 17.3974 0.5
1 149.111 -47.7296 57.3624 0.5
1 152.805 73.3436 89.0191 0.5
1 133.707 106.22 89.1223 0.5
1 165.315 -89.4861 29.3299 0.5
1 112.71 31.1742 75.0772 0.5
1 125.043 164.306 -46.6789 0.5
1 160.14 82.7737 73.6039 0.5
1 131.409 1.17926 77.1168 0.5
1 140.589 48.7116 99.9997 0.5
1 111.834 51.4411 88.1026 0.5
1 166.273 -7.8646 -99.238 0.5
1 164.008 -67.0515 65.6514 0.5
1 133.484 -12.8871 -67.1114 0.5
1 130.199 7.70547 80.569 0.5
1 131.368 48.6084 98.6617 0.5
1 143.856 -56.031 -11.6788 0.5
1 135.167 -20.8109 61.1242 0.5
1 160.315 54.8327 91.6268 0.5
1 139.765 149.797 10.6866 0.5
1 124.535 37.5465 91.9956 0.5
1 142.164 140.883 32.2172 0.5
1 160.552 110.968 25.8481 0.5
1 130.993 155.13 -44.473 0.5
1 153.157 16.2706 99.4038 0.5
1 123.756 177.895 6.37453 0.5
1 121.316 4.30249 62.5512 0.5
1 150.832 -4.31488 93.4808 0.5
1 119.351 30.0894 83.0922 0.5
1 115.774 190.451 17.0968 0.5
1 147.419 57.7963 97.8375 0.5
1 161.959 -77.6631 44.4225 0.5
1 128.239 116.47 88.7209 0.5
1 148.972 -5.98957 91.4703 0.5
1 134.019 -38.2109 17.0691 0.5
1 111.291 149.291 -86.8305 0.5
1 164.257 31.7586 -97.124 0.5
1 139.728 -43.9722 -32.976 0.5
1 136.527 16.2756 -91.7808 0.5
1 139.064 149.77 18.9592 0.5
1 138.249 29.736 97.2574 0.5
1 144.967 139.999 -16.4379 0.5
1 136.581 118.084 78.3023 0.5
1 147.454 45.7457 99.6214 0.5
1 140.604 -48.3862 -23.0644 0.5
1 117.457 185.543 26.1003 0.5
1 152.113 -0.393643 95.5879 0.5
1 117.752 100.343 99.296 0.5
1 159.302 6.47696 99.4933 0.5
1 122.926 130.052 -86.303 0.5
1 145.302 -16.824 -81.7419 0.5
1 112.392 113.215 98.8018 0.5
1 128.029 170.457 -6.92037 0.5
1 133.036 26.2544 93.3831 0.5
1 111.859 175.295 64.2946 0.5
1 147.567 105.162 -73.0356 0.5
1 156.856 -26.9879 -87.8604 0.5
1 119.931 128.179 90.0647 0.5
1 149.552 130.647 -23.3826 0.5
1 135.573 117.192 80.3274 0.5
1 121.982 51.5115 -95.5001 0.5
1 113.471 186.624 -42.0872 0.5
1 159.678 92.8027 63.8971 0.5
1 165.627 88.0942 -56.4858 0.5
1 133.093 159.887 -20.0889 0.5
1 127.229 155.004 -55.8933 0.5
1 126.511 142.635 -72.0855 0.5
2 176.248 106.772 50.3476 0.5
2 195.437 -46.3815 -1.51414 0.5
2 184.656 0.345611 -93.828 0.5
2 196.421 -43.4105 15.937 0.5
2 201.529 -26.9055 41.3214 0.5
2 214.131 44.779 91.1153 0.5
2 174.486 103.257 51.1325 0.5
2 195.54 16.8449 -92.9272 0.5
2 199.729 160.916 -4.98763 0.5
2 167.553 79.8701 -66.6399 0.5
2 207.334 85.7887 99.3276 0.5
2 201.688 -34.3836 15.3362 0.5
2 172.054 88.1936 66.0435 0.5
2 176.629 -8.3725 95.5799 0.5
2 220.528 14.4801 -56.3885 0.5
2 187.787 64.8521 -96.9533 0.5
2 173.151 -44.5481 80.3329 0.5
2 194.937 57.0615 -99.9066 0.5
2 188.803 -43.829 51.1225 0.5
2 201.744 59.0673 -99.8506 0.5
2 207.539 159.968 52.0264 0.5
2 205.115 168.876 17.2136 0.5
2 216.659 157.429 -74.1782 0.5
2 182.301 122.451 -40.1277 0.5
2 208.997 23.1695 84.2151 0.5
2 196.068 -45.2896 1.51847 0.5
2 194.942 8.47996 89.6671 0.5
2 173.403 34.3886 -98.1888 0.5
2 193.314 -7.4332 -81.9111 0.5
2 172.719 13.8684 -99.9992 0.5
2 175.903 -28.3512 87.6588 0.5
2 198.398 -26.9675 -51.5271 0.5
2 184.77 -41.9621 63.6923 0.5
2 199.298 85.1214 96.8688 0.5
2 183.261 111.429 -61.4249 0.5
2 197.684 4.53128 84.8198 0.5
2 203.851 109.559 -91.0373 0.5
2 193.662 -23.4597 -67.2699 0.5
2 207.607 15.8069 -80.8285 0.5
2 188.057 -47.4513 46.9846 0.5
2 200.877 -34.9522 -19.993 0.5
2 201.238 -33.6498 -23.0645 0.5
2 174.786 113.947 27.6206 0.5
2 193.061 138.331 45.9088 0.5
2 218.811 58.4482 -93.432 0.5
2 193.949 114.395 77.361 0.5
2 204.363 51.035 -98.3609 0.5
2 190.505 -50.4362 -29.6608 0.5
2 217.013 75.2682 -98.7584 0.5
2 214.197 17.3568 -72.6245 0.5
2 221.715 60.6514 -92.3038 0.5
2 212.382 33.8477 -87.1109 0.5
2 183.319 -26.469 -80.6766 0.5
2 212.643 -16.5525 2.80928 0.5
2 181.673 -9.75887 -91.8574 0.5
2 217.035 -7.75367 -15.6396 0.5
2 214.074 45.2921 -91.3895 0.5
2 204.858 124.369 83.8791 0.5
2 216.526 33.1558 82.1793 0.5
2 208.498 -15.6892 39.3852 0.5
2 175.963 9.66466 99.4772 0.5
2 173.253 114.223 -13.8228 0.5
2 197.443 8.48716 87.3993 0.5
2 169.282 -91.4084 7.55837 0.5
2 199.143 -29.6401 44.2709 0.5
2 204.405 61.9997 99.7448 0.5
2 177.15 -49.9981 69.4696 0.5
2 216.751 -4.46579 31.2575 0.5
2 181.141 127.133 -18.4283 0.5
2 204.408 149.012 -60.1772 0.5
2 198.077 10.989 88.1647 0.5
2 183.944 88.271 -83.7974 0.5
2 221.407 198.025 -10.5973 0.5
2 204.129 138.889 71.1903 0.5
2 215.096 47.5925 -91.6232 0.5
2 203.62 -31.6151 10.9787 0.5
2 184.069 -56.5229 42.6691 0.5
2 213.898 12.0836 -67.8086 0.5
2 219.652 182.99 48.5186 0.5
2 206.921 -16.5287 -43.5336 0.5
2 180.12 81.5665 -83.8499 0.5
2 205.524 61.7473 99.5638 0.5
2 184.592 -5.96926 -91.302 0.5
2 175.338 -64.7214 55.0003 0.5
2 179.733 50.8339 96.9708 0.5
2 175.006 -25.8173 -89.7815 0.5
2 220.701 7.66799 -44.2078 0.5
2 212.093 175.218 -37.35 0.5
2 167.675 104.384 -15.038 0.5
2 203.665 1.41184 -74.7316 0.5
2 196.414 145.904 -42.3147 0.5
2 200.612 35.6196 96.2998 0.5
2 204.335 -23.3398 -38.3393 0.5
2 187.874 133.71 36.2359 0.5
2 174.615 65.8161 -87.576 0.5
2 188.01 136.432 -29.0447 0.5
2 186.517 76.4568 -92.3751 0.5
2 199.522 -38.3274 14.0375 0.5
2 206.117 170.367 18.5588 0.5
2 205.299 87.8192 -98.5218 0.5
2 193.525 -3.11801 -84.5406 0.5
2 199.856 -17.888 61.1196 0.5
2 197.603 12.9233 89.5856 0.5
2 203.168 93.4903 96.4269 0.5
2 176.919 5.92206 -98.7742 0.5
2 178.955 -15.1558 91.5576 0.5
2 186.095 38.7376 99.9914 0.5
2 195.506 153.717 1.29606 0.5
2 205.813 -7.38782 61.3538 0.5
2 204.56 122.507 84.7374 0.5
2 211.238 -15.1797 -27.4622 0.5
2 192.115 117.281 -71.9711 0.5
2 180.484 122.941 30.5078 0.5
2 175.635 70.3712 -85.9801 0.5
2 167.824 -58.7377 -76.4041 0.5
3 302.934 60.3884 91.82 0.5
3 326.392 132.753 -94.4841 0.5
3 252.127 14.3217 -51.5677 0.5
3 233.93 47.0256 84.8158 0.5
3 237.872 195.044 31.0919 0.5
3 297.521 28.493 69.9053 0.5
3 280.748 199.523 9.7523 0.5
3 275.895 193.092 36.5224 0.5
3 319.392 122.033 -97.5424 0.5
3 276.768 73.9926 -96.5589 0.5
3 305.629 173.804 -67.4761 0.5
3 227.721 147.236 -88.1407 0.5
3 308.905 105.356 99.8565 0.5
3 314.656 1.04319 -14.4066 0.5
3 325.659 185.557 -51.7683 0.5
3 300.686 2.85727 23.7337 0.5
3 314.316 102.355 -99.9723 0.5
3 307.96 199.987 1.59254 0.5
3 295.611 132.056 94.7227 0.5
3 284.876 2.24507 21.0707 0.5
3 294.579 184.007 -54.2476 0.5
3 225.032 147.071 88.2287 0.5
3 322.305 129.866 -95.4361 0.5
3 307.472 76.4214 97.1805 0.5
3 294.657 196.731 25.3612 0.5
3 298.251 119.152 98.1488 0.5
3 276.965 168.698 -72.6676 0.5
3 258.687 5.87435 33.7692 0.5
3 284.275 21.6702 -62.1646 0.5
3 223.546 153.893 -84.2349 0.5
3 238.048 116.643 98.6053 0.5
3 326.883 155.44 83.2251 0.5
3 310.954 147.016 88.2581 0.5
3 286.381 180.173 -59.7681 0.5
3 229.339 187.754 -47.9503 0.5
3 333.247 2.42091 21.8705 0.5
3 329.907 9.29512 -42.1025 0.5
3 255.343 129.751 -95.472 0.5
3 278.05 45.822 -84.0521 0.5
3 282.513 17.8477 -57.0175 0.5
3 242.609 59.3949 -91.385 0.5
3 332.295 150.066 -86.5646 0.5
3 310.512 187.042 49.2311 0.5
3 326.179 36.7577 77.4623 0.5
3 299.325 107.742 99.6999 0.5
3 243.02 137.055 92.8814 0.5
3 306.08 180.072 -59.9033 0.5
3 299.447 192.451 38.1166 0.5
3 259.343 8.26206 39.8014 0.5
3 262.069 151.158 85.9234 0.5
3 234.548 18.9677 58.5983 0.5
3 267.795 199.612 -8.79906 0.5
3 292.635 11.8117 -47.1468 0.5
3 298.112 13.9204 -50.8949 0.5
3 240.576 74.1904 -96.6119 0.5
3 297.051 0.039135 2.7974 0.5
3 271.44 131.636 94.8638 0.5
3 272.017 191.019 -41.4193 0.5
3 228.282 199.987 1.61227 0.5
3 289.359 199.75 -7.06977 0.5
3 281.163 191.731 -39.8169 0.5
3 271.232 184.548 -53.4004 0.5
3 325.216 122.437 -97.4504 0.5
3 225.954 35.8528 76.7146 0.5
3 242.027 196.892 -24.739 0.5
3 244.97 136.723 -93.0129 0.5
3 295.04 33.004 74.2397 0.5
3 299.377 12.4972 -48.4072 0.5
3 256.853 198.196 18.9079 0.5
3 266.115 36.9047 77.5821 0.5
3 278.872 198.693 -16.118 0.5
3 303.158 32.092 -73.4064 0.5
3 289.701 60.5082 91.8716 0.5
3 332.629 197.37 -22.7832 0.5
3 263.753 18.2438 57.5841 0.5
3 244.932 98.7639 -99.9924 0.5
3 235.354 191.03 41.3942 0.5
3 287.271 124.481 -96.957 0.5
3 256.217 199.531 -9.67811 0.5
3 243.237 166.509 74.6766 0.5
3 250.851 15.2763 53.1215 0.5
3 226.447 72.5391 96.1556 0.5
3 282.34 14.4745 -51.8208 0.5
3 243.551 195.616 -29.2847 0.5
3 304.241 166.517 74.6693 0.5
3 324.558 159.057 80.6988 0.5
3 312.541 2.80634 23.5243 0.5
3 271.196 81.1805 98.2132 0.5
3 326.021 7.18853 -37.2294 0.5
3 298.574 133.898 94.0793 0.5
3 282.48 187.86 47.7564 0.5
3 267.808 9.80098 -43.1757 0.5
3 316.857 1.54348 -17.5018 0.5
4 379.214 -40.602 79.1363 0.5
4 349.954 124.589 -84.5633 0.5
4 337.628 68.7874 97.1329 0.5
4 333.499 196.572 24.8657 0.5
4 367.49 97.3143 82.5257 0.5
4 345.237 168.846 -44.6795 0.5
4 360.416 -11.132 76.6513 0.5
4 333.77 14.9128 53.7418 0.5
4 353.518 1.30522 -77.0588 0.5
4 367.51 -32.2324 68.3049 0.5
4 343.221 47.2611 -93.4438 0.5
4 338.767 130.554 91.6663 0.5
4 346.508 -13.5506 -42.0464 0.5
4 372.29 53.6425 -97.7448 0.5
4 352.276 98.3851 -95.01 0.5
4 358.329 80.7215 97.0737 0.5
4 359.612 -17.4864 -69.4273 0.5
4 386.431 -86.4278 32.8214 0.5
4 358.028 147.261 43.5188 0.5
4 351.987 86.8639 98.1447 0.5
4 354.923 -15.4151 -62.5531 0.5
4 348.458 173.581 -6.6754 0.5
4 349.192 98.6485 -96.5293 0.5
4 362.397 144.332 -32.2046 0.5
4 345.991 -18.3376 26.5402 0.5
4 340.86 127.894 91.2397 0.5
4 385.038 -89.0006 -10.509 0.5
4 360.047 100.74 -88.2613 0.5
4 377.029 103.946 -60.4911 0.5
4 357.79 59.3005 -99.9862 0.5
4 376.434 -31.5619 -82.2276 0.5
4 338.617 190.842 -1.06484 0.5
4 340.303 -11.8602 6.51405 0.5
4 363.318 1.67339 88.5876 0.5
4 362.374 142.055 38.3476 0.5
4 370.499 55.4723 98.0112 0.5
4 354.281 66.9534 99.9477 0.5
4 353.757 145.455 -58.8765 0.5
4 373.871 -70.2018 -1.56704 0.5
4 377.115 -66.4186 42.3567 0.5
4 382.574 -19.1678 94.0855 0.5
4 357.494 -17.6762 65.1916 0.5
4 372.934 83.3262 85.4678 0.5
4 339.924 61.0096 -96.1231 0.5
4 361.468 47.1065 99.9133 0.5
4 333.599 47.4425 85.3569 0.5
4 378.664 106.948 -51.9232 0.5
4 378.715 120.515 -13.2429 0.5
4 384.688 -19.8924 95.092 0.5
4 372.293 -60.2941 -37.2235 0.5
4 338.978 14.8164 -65.6799 0.5
4 358.342 62.7965 99.813 0.5
4 339.117 162.151 69.2216 0.5
4 388.602 -60.0099 -76.602 0.5
4 387.632 105.381 10.677 0.5
4 348.993 -21.8314 32.1012 0.5
4 335.977 142.296 -88.3331 0.5
4 349.918 4.10557 74.0825 0.5
4 362.507 63.5618 99.0021 0.5
4 376.964 119.783 30.1291 0.5
4 369.66 120.412 -55.2792 0.5
4 380.582 -5.74946 97.099 0.5
4 362.003 132.174 -57.4758 0.5
4 338.731 80.0027 -99.4315 0.5
4 382.505 51.159 93.1686 0.5
4 360.972 107.41 83.3302 0.5
4 372.87 104.471 68.398 0.5
4 366.371 24.0897 98.2383 0.5
4 377.183 21.29 99.9619 0.5
4 350.288 35.8602 93.7596 0.5
4 378.136 -14.6697 -92.8753 0.5
4 338.197 136.918 89.1301 0.5
4 383.654 103.103 43.0457 0.5
4 366.829 -50.6397 -37.6956 0.5
4 369.22 33.6994 99.9141 0.5
4 369.765 116.097 61.0542 0.5
4 376.927 63.595 -92.0386 0.5
4 364.459 140.681 32.4375 0.5
4 343.492 143.05 -79.5116 0.5
4 382.27 -67.5353 56.1114 0.5
4 346.009 137.319 80.539 0.5
4 335.912 5.81608 44.1662 0.5
4 354.769 8.44354 83.8895 0.5
4 354.715 98.1729 93.5974 0.5
4 382.06 -84.0124 -8.76942 0.5
4 335.351 96.0503 -99.999 0.5
4 372.376 -67.4958 5.05909 0.5
4 336.796 169.887 -65.1276 0.5
4 334.478 172.177 -67.0849 0.5
4 336.786 32.5017 78.839 0.5
4 377.909 -59.8464 -56.3094 0.5
4 341.792 -13.9675 11.674 0.5
4 385.535 -72.083 57.7114 0.5
4 356.043 -24.2709 -52.7802 0.5
4 336.164 93.3212 -99.9842 0.5
4 369.012 5.61298 -94.5406 0.5
4 343.843 -7.82831 -44.3559 0.5
4 338.471 179.414 -46.9145 0.5
4 371.75 108.685 -65.8884 0.5
4 362.544 60.3787 -99.3961 0.5
4 382.632 -52.8491 -73.8166 0.5
4 373.979 83.1218 -84.4711 0.5
4 339.343 -8.31867 -20.3361 0.5
4 385.246 92.7262 56.3073 0.5
4 335.664 187.281 -40.7558 0.5
4 377.349 45.4219 97.6261 0.5
4 376.225 56.7868 -95.0482 0.5
4 372.259 128.97 -26.6242 0.5
4 374.005 88.9315 80.4638 0.5
4 380.889 50.1714 -94.5577 0.5
4 368.564 107.484 -72.8497 0.5
4 372.971 99.6003 73.0839 0.5
4 343.627 16.0418 -75.0128 0.5
4 384.894 -23.206 94.0785 0.5
4 347.441 84.3572 -99.6126 0.5
4 334.947 139.251 -90.7314 0.5
4 365.095 133.222 47.0595 0.5
4 367.578 -55.5114 27.3135 0.5
4 362.733 111.635 -78.0172 0.5
4 386.652 87.9797 59.557 0.5
4 378.78 103.622 -56.749 0.5
4 346.856 131.565 -83.5257 0.5
5 386.982 47.0763 88.4761 0.5
5 356.601 -14.2647 -92.5459 0.5
5 385.183 -82.457 60.2487 0.5
5 379.616 53.9561 -74.9135 0.5
5 357.373 14.8779 -75.3982 0.5
5 383.458 -19.0929 99.0898 0.5
5 354.5 -53.269 -99.9683 0.5
5 340.449 -21.8442 81.2611 0.5
5 386.727 -91.0084 41.3738 0.5
5 385.809 89.1648 42.0593 0.5
5 385.424 -7.50165 99.8608 0.5
5 375.422 -108.158 46.3525 0.5
5 372.601 66.1719 42.3103 0.5
5 333.861 -80.2372 99.3597 0.5
5 340.768 -86.5797 99.7543 0.5
5 375.634 76.9073 -27.688 0.5
5 378.635 77.8958 39.4679 0.5
5 335.154 -16.4118 68.4684 0.5
5 347.495 -144.732 64.032 0.5
5 351.483 -160.755 7.18789 0.5
5 361.784 -75.1217 94.759 0.5
5 351.853 -32.5987 -96.0656 0.5
5 346.669 -6.18994 -77.5284 0.5
5 387.413 100.077 15.0592 0.5
5 344.668 13.3644 -50.7224 0.5
5 356.162 -14.4624 92.3136 0.5
5 338.012 -18.6243 75.3705 0.5
5 353.765 -157.055 1.14582 0.5
5 345.07 -103.05 -95.097 0.5
5 338.886 -59.338 97.2008 0.5
5 359.576 -101.107 -84.0956 0.5
5 348.081 -50.2798 -98.608 0.5
5 353.831 -18.2384 92.2046 0.5
5 363.302 -134.974 32.9031 0.5
5 339.5 -149.477 -73.5912 0.5
5 365.997 18.2765 84.0693 0.5
5 383.971 17.1592 -97.5718 0.5
5 364.937 33.0227 -70.6871 0.5
5 344.604 -105.787 -94.4477 0.5
5 380.997 -92.5659 -56.2605 0.5
5 374.023 -48.5949 96.3915 0.5
5 381.755 -105.397 25.0371 0.5
5 359.047 50.6448 16.9209 0.5
5 370.894 -55.9256 95.8433 0.5
5 369.659 -118.936 44.798 0.5
5 388.617 33.5157 95.3273 0.5
5 383.949 -103.116 -18.1769 0.5
5 372.858 22.6514 88.456 0.5
5 380.479 -66.3901 -83.119 0.5
5 384.549 10.1458 -99.031 0.5
5 344.782 -40.2953 -94.6315 0.5
5 341.705 -151.275 -67.9969 0.5
5 358.851 40.6012 -45.88 0.5
5 339.416 -136.267 83.9397 0.5
5 370.926 -58.0913 -95.1534 0.5
5 345.875 2.66021 67.9282 0.5
5 344.201 -1.50973 -69.2763 0.5
5 340.643 -52.7268 -96.2686 0.5
5 370.11 31.1828 -80.0496 0.5
5 347.753 -131.937 76.4494 0.5
5 342.377 -65.1345 99.3189 0.5
5 366.702 -133.349 -16.1055 0.5
5 388.356 74.1959 -70.0726 0.5
5 349.05 34.3287 -9.40668 0.5
5 381.509 -101.865 37.1139 0.5
5 361.494 -125.422 57.5963 0.5
5 365.772 -116.397 59.8218 0.5
5 386.899 29.8217 -95.5519 0.5
5 340.49 19.2507 11.7614 0.5
5 385.792 12.04 99.0669 0.5
5 349.489 -45.5298 -98.1904 0.5
5 363.48 -10.6468 -95.5226 0.5
5 363.45 57.5584 20.6485 0.5
5 378.757 69.3123 55.6487 0.5
5 337.615 -160.838 65.221 0.5
5 382.617 26.7769 -94.0909 0.5
5 359.905 52.8687 11.8542 0.5
5 386.317 94.3205 31.2236 0.5
5 382.271 -48.7427 -91.1837 0.5
5 350.708 -64.617 -99.9744 0.5
5 336.182 -123.273 93.3883 0.5
5 378.924 -95.0338 -57.8771 0.5
5 355.463 40.578 32.1262 0.5
5 383.873 37.2445 -90.6795 0.5
5 376.068 -80.9016 -78.0862 0.5
5 364.123 -72.023 -94.4319 0.5
5 387.003 -70.6584 70.2522 0.5
5 383.234 -97.9207 -39.4244 0.5
5 347.673 -70.5567 99.9567 0.5
5 334.518 -117.944 96.1311 0.5
5 347.626 -163.643 -28.1762 0.5
5 374.985 67.0989 48.5801 0.5
5 386.617 41.4722 90.9213 0.5
5 361.416 -128.643 52.9465 0.5
5 358.93 -141.915 34.6677 0.5
5 347.156 5.01522 -67.7814 0.5
5 359.666 38.1176 52.7468 0.5
5 374.302 -34.0625 -99.2065 0.5
5 361.849 -142.976 4.0697 0.5
5 376.01 -70.6089 85.3697 0.5
5 373.633 -55.7754 94.3538 0.5
5 352.412 -22.0833 -92.7746 0.5
5 385.063 -50.5902 -87.8694 0.5
5 340.01 -80.8038 -100 0.5
5 335.924 2.38088 -42.8733 0.5
5 339.406 -104.525 97.4144 0.5
5 338.189 15.7927 -5.7766 0.5
5 387.752 -59.366 79.1074 0.5
5 344.074 20.0815 -34.3135 0.5
5 366.496 -92.6732 81.7013 0.5
5 367.188 53.733 48.3293 0.5
5 386.442 55.8923 -82.6081 0.5
5 382.546 -34.586 -96.1803 0.5
5 382.822 0.910048 99.7074 0.5
5 356.864 -150.221 17.0936 0.5
5 367.498 -126.415 -36.3998 0.5
5 385.944 66.1284 73.824 0.5
5 343.401 24.9753 1.56262 0.5
5 371.851 -124.243 -17.2196 0.5
5 337.202 -108.771 97.3139 0.5
5 340.384 -63.087 -98.5183 0.5
5 368.405 67.4698 12.8274 0.5
5 344.296 -109.545 -93.2632 0.5
5 348.044 -135.357 -72.9604 0.5
5 353.277 15.3432 -68.0773 0.5
5 373.418 -42.7186 -98.041 0.5
5 344.924 -40.8517 94.9016 0.5
5 367.54 -99.5171 74.849 0.5
5 351.027 37.9606 6.85157 0.5
5 352.13 -141.501 57.7943 0.5
5 381.35 -85.1661 65.1285 0.5
5 351.962 39.4375 8.69908 0.5
5 353.041 39.4206 21.1603 0.5
5 361.748 -134.807 -40.1813 0.5
5 339.443 -72.4332 99.5539 0.5
5 365.884 20.8369 82.229 0.5
5 339.908 -3.22907 62.7841 0.5
5 364.628 29.1239 -73.9008 0.5
5 350.376 16.4603 60.8028 0.5
5 357.561 -5.68971 -89.4049 0.5
6 356.114 -176.977 -53.4335 0.5
6 377.436 -60.5059 94.7606 0.5
6 433.698 3.72504 27.3924 0.5
6 362.826 -157.25 -76.164 0.5
6 442.536 6.987 10.5955 0.5
6 369.11 -96.7911 99.9057 0.5
6 353.115 -131.671 -91.9875 0.5
6 407.786 -160.944 -72.8604 0.5
6 401.231 -36.2367 82.7046 0.5
6 424.685 -47.2004 -89.1766 0.5
6 422.493 -118.714 -96.4893 0.5
6 336.874 -62.9742 -95.5572 0.5
6 406.477 5.99596 -17.5606 0.5
6 406.164 -80.7322 -99.3111 0.5
6 346.066 -114.809 97.4682 0.5
6 360.971 6.72456 12.8214 0.5
6 427.317 -32.9725 -80.3892 0.5
6 344.501 7.46967 4.00525 0.5
6 361.03 -164.291 69.5616 0.5
6 422.597 7.28535 -7.26932 0.5
6 377.72 7.54595 0.89007 0.5
6 359.592 6.55028 14.1041 0.5
6 378.108 5.00419 22.4202 0.5
6 379.103 -38.3433 -84.0979 0.5
6 343.435 -152.483 79.9755 0.5
6 361.62 -169.923 -63.2289 0.5
6 362.167 -190.047 -21.7919 0.5
6 378.11 -113.565 -97.7453 0.5
6 340.558 -64.9342 96.1399 0.5
6 424.494 -80.5944 99.2947 0.5
6 392.712 6.03369 -17.3478 0.5
6 364.116 -141.965 86.8809 0.5
6 421.572 -42.2342 -86.4775 0.5
6 438.07 5.04715 22.2326 0.5
6 439.041 -192.023 -9.23402 0.5
6 414.957 -41.6753 86.1506 0.5
6 435.689 -97.2651 99.884 0.5
6 413.385 -66.0466 -96.4513 0.5
6 346.175 -94.1522 99.9855 0.5
6 424.723 -169.913 -63.2416 0.5
6 408.934 -31.5005 -79.279 0.5
6 355.885 -41.9186 -86.2935 0.5
6 349.924 -1.35758 -41.2572 0.5
6 366.295 -165.729 -68.0451 0.5
6 442.685 -46.4029 88.7674 0.5
6 396.45 -191.81 -11.2955 0.5
6 341.292 6.29412 -15.7981 0.5
6 414.088 -136.166 89.9387 0.5
6 401.502 -137.442 89.3067 0.5
6 431.156 -101.455 99.5937 0.5
6 415.999 -14.0508 62.077 0.5
6 441.425 -146.911 -83.8691 0.5
6 366.375 -129.072 -93.0528 0.5
6 421.489 -178.152 -51.5293 0.5
6 423.483 -138.785 88.6177 0.5
6 403.152 -52.7905 91.7993 0.5
6 364.39 -7.4968 52.7536 0.5
6 412.433 -12.238 59.7162 0.5
6 422.379 -168.763 64.6246 0.5
6 421.555 -141.301 87.2556 0.5
6 351.669 7.43586 4.77455 0.5
6 436.532 -50.6956 90.8656 0.5
6 357.023 -9.38188 -55.6747 0.5
6 442.403 6.92565 -11.1562 0.5
6 415.917 -141.897 86.9196 0.5
6 361.406 7.34547 6.39112 0.5
6 394.894 -61.8543 -95.2045 0.5
6 434.004 -168.41 65.0386 0.5
6 414.218 -60.2137 -94.6616 0.5
6 364.071 6.84814 -11.8263 0.5
6 408.04 -192.263 6.11257 0.5
6 431.765 -99.0902 -99.7793 0.5
6 400.612 -74.0853 -98.2992 0.5
6 422.12 -72.7922 -98.0488 0.5
6 415.155 -164.669 -69.1694 0.5
6 366.522 -189.499 24.1158 0.5
6 377.727 -192.446 0.853338 0.5
6 423.639 -173.809 58.1442 0.5
6 349.186 -33.8682 81.0442 0.5
6 351.704 -8.25925 -53.9621 0.5
6 427.283 -175.336 -55.9462 0.5
6 379.425 -22.1021 71.0715 0.5
6 405.431 -123.13 95.1775 0.5
6 393.91 -155.791 -77.382 0.5
6 380.721 -30.974 78.8713 0.5
6 373.782 -41.9295 -86.2999 0.5
6 336.463 -134.327 -90.8091 0.5
6 434.511 5.40345 20.6079 0.5
6 391.995 -33.9617 81.1117 0.5
6 390.609 -158.648 74.9519 0.5
6 384.372 -105.057 99.2021 0.5
6 427.174 6.74647 12.6508 0.5
6 391.035 -63.8692 -95.8287 0.5
6 389.805 -153.565 79.1519 0.5
6 410.189 -177.667 -52.326 0.5
6 424.188 -88.8954 -99.9368 0.5
6 415.613 6.65366 -13.3584 0.5
6 353.436 -171.842 60.8025 0.5
6 396.294 7.45683 -4.31371 0.5
6 373.017 -180.19 47.9754 0.5
6 340.753 -91.7181 -99.9973 0.5
6 424.187 -128.416 93.3083 0.5
6 392.003 -16.8968 65.5111 0.5
6 372.137 -170.754 62.1974 0.5
6 352.584 -4.94815 48.4088 0.5
6 356.966 -9.13831 55.3096 0.5
6 349.594 -36.8043 -83.0876 0.5
6 431.125 -72.678 98.0258 0.5
6 444.269 -174.173 57.631 0.5
6 397.82 6.1926 16.4201 0.5
6 400.174 -63.8373 -95.8191 0.5
6 355.271 5.51585 20.0668 0.5
6 346.063 -115.387 -97.334 0.5
6 375.448 -9.73527 56.1984 0.5
6 433.788 -13.4805 -61.3498 0.5
6 359.873 -8.5475 54.4091 0.5
6 434.402 -192.413 -2.73347 0.5
6 333.87 -186.283 -34.5747 0.5
6 389.397 -5.25419 48.9579 0.5
6 343.029 5.4825 20.2289 0.5
6 400.597 -138.086 88.9796 0.5
7 496.122 -118.526 -77.3072 0.5
7 492.789 -242.57 74.787 0.5
7 484.593 -159.192 99.9608 0.5
7 479.121 -182.824 95.2953 0.5
7 468.72 -183.342 -87.2594 0.5
7 478.519 -73.8734 -63.0796 0.5
7 445 -193.334 3.94142 0.5
7 447.677 -4.74841 35.9838 0.5
7 452.878 -149.568 90.5144 0.5
7 482.855 -163.141 99.9134 0.5
7 474.568 -197.175 -85.0798 0.5
7 487.687 -168.846 99.9888 0.5
7 483.366 -207.328 88.018 0.5
7 489.617 -71.3775 -11.6877 0.5
7 498.419 -280.405 -32.7972 0.5
7 497.584 -180.215 99.9086 0.5
7 489.529 -137.411 -94.3536 0.5
7 488.891 -70.3873 13.7771 0.5
7 491.822 -145.916 -95.8249 0.5
7 468.327 -206.639 68.5329 0.5
7 452.097 -159.644 84.2054 0.5
7 459.647 -188.103 -72.0741 0.5
7 476.227 -110.093 -92.7403 0.5
7 480.329 -158.227 -99.9344 0.5
7 474.992 -194.965 -86.8293 0.5
7 482.745 -68.0016 -41.9258 0.5
7 494.569 -261.607 56.7492 0.5
7 497.052 -213.699 -95.3529 0.5
7 457.454 -110.222 -99.8866 0.5
7 450.427 -202.378 9.31267 0.5
7 487.842 -156.622 99.3937 0.5
7 472.455 -160.423 -98.0888 0.5
7 471.588 -177.427 -92.514 0.5
7 473.951 -85.0161 81.0738 0.5
7 498.122 -281.61 27.3476 0.5
7 468.197 -191.834 -81.2879 0.5
7 490.511 -131.451 91.3029 0.5
7 492.898 -275.972 -8.96797 0.5
7 486.399 -194.153 95.6921 0.5
7 474.281 -165.216 97.7514 0.5
7 462.787 -187.312 -77.5856 0.5
7 479.692 -54.1493 -11.3646 0.5
7 448.724 -86.4087 -99.0909 0.5
7 450.738 -25.603 62.8908 0.5
7 461.906 -80.7171 -90.7629 0.5
7 449.141 -101.757 -99.9931 0.5
7 476.732 -57.6702 42.1042 0.5
7 481.196 -56.1051 0.173878 0.5
7 481.127 -56.2006 6.54484 0.5
7 471.241 -214.156 65.8087 0.5
7 461.187 -76.0397 -89.0958 0.5
7 498.741 -96.243 -43.0648 0.5
7 497.361 -277.742 -35.1001 0.5
7 447.411 -14.7254 55.9796 0.5
7 497.59 -260.463 -65.0358 0.5
7 445.585 -140.353 -88.8291 0.5
7 451.857 -107.965 99.9642 0.5
7 455.362 -55.6407 83.0379 0.5
7 499.029 -167.373 -98.0564 0.5
7 460.395 -189.026 72.4295 0.5
7 499.519 -225.29 92.7236 0.5
7 480.273 -239.492 -52.7029 0.5
7 460.03 -211.698 -38.5951 0.5
7 472.285 -52.6128 47.3898 0.5
7 469.166 -44.4952 -41.9547 0.5
7 479.898 -87.3844 -74.7084 0.5
7 492.716 -171.556 -99.8986 0.5
7 489.674 -268.034 23.3181 0.5
7 492.197 -75.3012 5.29726 0.5
7 468.637 -213.846 -60.6689 0.5
7 466.733 -162.161 -95.0387 0.5
7 462.005 -23.9765 14.861 0.5
7 493.823 -117.102 79.3366 0.5
7 476.542 -55.7315 -38.4496 0.5
7 493.663 -246.062 72.9825 0.5
7 462.279 -112.773 -99.4401 0.5
7 447.972 -196.53 20.0467 0.5
7 469.424 -175.236 -91.8592 0.5
7 448.46 -152.079 -85.0029 0.5
7 499.17 -141.783 -89.0719 0.5
7 469.014 -179.127 89.7405 0.5
7 485.568 -258.345 32.2198 0.5
7 469.88 -63.0194 -67.8213 0.5
7 471.531 -140.406 -99.9946 0.5
7 457.677 -51.4962 76.9434 0.5
7 458.334 -49.9872 -74.6664 0.5
7 471.574 -152.776 -99.1068 0.5
7 451.748 -6.38939 -16.0043 0.5
7 466.955 -34.1633 23.1808 0.5
7 498.482 -97.9431 47.3078 0.5
7 469.177 -89.82 -89.0653 0.5
7 457.602 -43.1267 -69.2804 0.5
7 458.757 -42.0666 65.9459 0.5
7 457.067 -211.597 -23.1443 0.5
7 485.973 -216.31 -85.4586 0.5
7 460.753 -205.597 -52.8409 0.5
7 455.827 -13.2532 14.709 0.5
7 452.671 -10.1524 -26.0539 0.5
7 459.703 -213.254 33.066 0.5
7 475.782 -195.541 -87.2773 0.5
7 474.84 -77.3064 73.5155 0.5
7 489.454 -203.908 94.2225 0.5
7 462.238 -134.353 -99.3839 0.5
7 471.662 -206.414 74.3962 0.5
7 463.691 -37.7746 47.4769 0.5
8 534.86 -153.529 -96.7639 0.5
8 547.933 -137.565 94.7717 0.5
8 514.879 -231.481 72.7825 0.5
8 505.015 -89.6607 42.9058 0.5
8 521.444 -147.927 99.9349 0.5
8 548.917 -59.6654 89.6602 0.5
8 539.719 -19.893 1.67455 0.5
8 554.903 -91.1251 -99.9699 0.5
8 504.002 -168.865 99.1672 0.5
8 502.68 -279.129 30.9323 0.5
8 554.294 -100.625 -99.8204 0.5
8 523.655 -235.365 -48.1179 0.5
8 508.438 -116.243 -81.5913 0.5
8 503.123 -92.5568 42.0951 0.5
8 544.342 -170.571 -80.9602 0.5
8 500.923 -97.7068 44.8682 0.5
8 510.837 -221.193 -85.8458 0.5
8 522.465 -133.808 98.7187 0.5
8 548.367 -4.9252 -2.23544 0.5
8 507.54 -189.754 98.9955 0.5
8 511.04 -77.1175 38.1545 0.5
8 526.799 -146.02 99.9292 0.5
8 515.591 -154.64 -99.7525 0.5
8 551.627 -180.996 -57.6052 0.5
8 542.677 -59.2965 83.2118 0.5
8 533.341 -149.556 98.2496 0.5
8 536.626 -182.695 81.8451 0.5
8 535.336 -198.324 -70.5691 0.5
8 548.045 -34.071 70.0275 0.5
8 536.466 -78.3293 88.1681 0.5
8 541.265 -58.6185 81.0426 0.5
8 546.052 -208.343 10.6452 0.5
8 504.434 -276.219 -30.5346 0.5
8 542.676 -42.0195 -68.6225 0.5
8 549.987 -145.71 89.9873 0.5
8 533.525 -116.926 99.0595 0.5
8 542.663 -15.5874 12.6753 0.5
8 509.396 -166.607 -99.832 0.5
8 500.444 -286.645 -15.8361 0.5
8 503.913 -106.571 65.7718 0.5
8 532.021 -205.447 -69.1541 0.5
8 542.163 -160.39 -89.4315 0.5
8 545.918 -31.6782 63.2392 0.5
8 523.976 -200.365 -84.6632 0.5
8 543.865 -101.125 99.3281 0.5
8 511.215 -86.6676 56.3915 0.5
8 524.139 -186.632 91.7531 0.5
8 512.136 -79.2706 -46.7775 0.5
8 545.143 -151.134 -91.3658 0.5
8 518.376 -209.964 84.7266 0.5
8 503.307 -90.5747 38.3039 0.5
8 525.037 -239.218 -34.3696 0.5
8 520.316 -143.374 99.4874 0.5
8 500.648 -272.507 -52.7504 0.5
8 516.534 -89.5321 -70.9155 0.5
8 545.889 -200.538 -40.6965 0.5
8 530.537 -222.708 49.4384 0.5
8 539.213 -186.957 -74.9507 0.5
8 510.042 -158.093 -99.1263 0.5
8 539.57 -31.3272 45.9642 0.5
8 504.803 -279.765 -10.8609 0.5
8 535.077 -51.0987 64.0191 0.5
8 513.543 -81.8932 -55.2907 0.5
8 538.492 -176.736 -83.6929 0.5
8 500.178 -255.444 74.1657 0.5
8 516.172 -260.647 1.796 0.5
8 528.353 -57.2619 -56.7979 0.5
8 547.873 -100.711 99.8726 0.5
8 503.936 -266.453 53.3241 0.5
8 540.227 -21.3677 21.6294 0.5
8 555.533 4.24187 25.3619 0.5
8 513.214 -167.499 99.9854 0.5
8 513.525 -194.663 95.5765 0.5
8 506.93 -114.112 -78.0149 0.5
8 505.525 -80.0715 -13.8623 0.5
8 501.52 -184.411 99.9867 0.5
8 544.005 -35.6959 -64.0932 0.5
8 540.724 -211.63 -35.4912 0.5
8 532.49 -55.2217 63.5873 0.5
8 503.733 -218.91 93.0217 0.5
8 520.455 -183.228 -95.3998 0.5
8 526.864 -211.88 71.6728 0.5
8 529.902 -236.29 -10.8829 0.5
8 541.856 -215.276 13.4082 0.5
8 522.686 -225.334 65.0479 0.5
8 514.44 -240.167 -64.4005 0.5
8 515.87 -249.255 -47.3731 0.5
8 501.481 -218.05 94.7619 0.5
8 538.489 -195.59 -67.72 0.5
8 506.046 -232.162 -84.1928 0.5
8 501.77 -285.409 6.33794 0.5
8 545.103 -109.396 -99.9933 0.5
8 505.75 -275.198 -26.2883 0.5
8 534.736 -155.049 -96.4145 0.5
8 536.716 -206.278 58.3702 0.5
8 525.156 -229.922 52.9717 0.5
8 509.786 -271.344 8.725 0.5
8 532.183 -189.049 -82.7699 0.5
8 510.682 -260.6 -42.6974 0.5
8 511.995 -83.5974 -53.7873 0.5
8 542.818 -48.6183 75.2203 0.5
8 505.503 -255.081 -65.065 0.5
8 501.372 -204.323 98.3621 0.5
8 526.636 -89.9673 85.0654 0.5
8 532.669 -182.526 86.3495 0.5
8 527.041 -238.898 24.0704 0.5
8 545.466 -145.793 -93.3466 0.5
8 554.899 -54.7742 92.1608 0.5
8 538.15 -22.6428 -2.99585 0.5
8 502.767 -87.7509 -27.5453 0.5
8 520.348 -161.7 -99.6575 0.5
8 503.523 -272.754 -43.2136 0.5
8 554.969 -5.71989 47.9652 0.5
8 500.82 -191.293 99.9185 0.5
8 537.92 -217.906 -31.4997 0.5
8 527.577 -84.1173 -82.3076 0.5
8 554.769 -93.3622 99.999 0.5
8 531.235 -153.94 98.1069 0.5
8 509.096 -73.3229 -8.95466 0.5
8 527.998 -40.1925 1.53425 0.5
8 503.971 -210.816 -95.6969 0.5
8 535.477 -224.874 21.5667 0.5
8 550.704 -55.1363 88.9379 0.5
9 626.177 -3.47841 -45.6513 0.5
9 641.498 -64.8316 96.1105 0.5
9 584.265 -48.0491 89.6022 0.5
9 614.826 -136.435 -89.807 0.5
9 653.294 -120.742 -95.9143 0.5
9 607.268 -190.608 -19.1059 0.5
9 606.057 -115.646 -97.2725 0.5
9 646.692 3.83234 27.0128 0.5
9 557.494 2.49684 31.386 0.5
9 655.131 5.70453 19.1225 0.5
9 627.367 -47.6586 -89.4076 0.5
9 581.743 -33.382 -80.6905 0.5
9 631.335 -37.155 83.3214 0.5
9 599.225 -172.503 -59.9296 0.5
9 642.217 -190.257 -20.8278 0.5
9 577.562 -75.3365 98.5247 0.5
9 623.715 -19.7402 68.6533 0.5
9 574.999 -21.8738 -70.8449 0.5
9 582.539 -170.489 62.5292 0.5
9 649.654 -46.3997 88.7658 0.5
9 571.556 0.0614823 37.9685 0.5
9 577.238 -15.3295 -63.6586 0.5
9 620.896 -66.2706 96.5124 0.5
9 645.519 -87.0287 99.8529 0.5
9 642.287 -98.5252 99.8153 0.5
9 625.995 -19.7495 68.6631 0.5
9 624.83 3.99539 -26.4248 0.5
9 656.377 -6.00663 -50.2745 0.5
9 638.131 -184.232 39.6989 0.5
9 646.09 -13.5561 -61.4471 0.5
9 589.816 -118.43 96.5662 0.5
9 580.501 -184.616 -38.7999 0.5
9 621.055 -52.3201 -91.5947 0.5
9 607.153 -27.5803 -76.1046 0.5
9 572.535 -14.7706 -62.9754 0.5
9 638.667 -5.88064 50.0573 0.5
9 624.298 -96.2402 99.9282 0.5
9 599.51 -177.438 52.697 0.5
9 590.551 -10.7708 57.6931 0.5
9 635.468 7.52927 -2.03147 0.5
9 626.374 -125.255 -94.4662 0.5
9 618.411 -191.419 -14.3209 0.5
9 616.068 -108.052 -98.7754 0.5
9 625.056 -157.482 -75.966 0.5
9 652.23 -6.08459 50.4083 0.5
9 630.117 -17.176 -65.8317 0.5
9 635.966 4.35087 25.0913 0.5
9 629.255 -110.024 98.4437 0.5
9 580.32 -102.897 -99.4529 0.5
9 615.957 -57.7426 -93.7838 0.5
9 575.85 -118.754 96.4785 0.5
9 585.322 0.43033 -37.0571 0.5
9 637.42 -188.833 -26.6511 0.5
9 607.451 -79.9074 -99.2103 0.5
9 627.898 -192.23 -6.63237 0.5
9 566.674 -156.459 -76.8304 0.5
9 603.242 -142.789 -86.4061 0.5
9 618.632 -184.034 40.1552 0.5
9 630.545 -10.6529 57.5258 0.5
9 597.528 -34.9223 81.7958 0.5
9 611.825 -159.727 73.9851 0.5
9 605.152 -167.651 -65.9151 0.5
9 577.59 -190.275 -20.7411 0.5
9 620.61 -102.98 99.4441 0.5
9 621.818 5.03104 -22.3031 0.5
9 602.102 1.77774 33.4831 0.5
9 639.919 -125.487 -94.385 0.5
9 602.018 -160.448 -73.3236 0.5
9 558.97 -63.074 -95.5879 0.5
9 645.26 4.67095 23.8223 0.5
9 592.37 -117.56 96.7961 0.5
9 640.106 -72.6914 -98.0285 0.5
9 662.825 -102.311 -99.5126 0.5
9 612.317 -178.696 50.6128 0.5
9 616.171 -50.022 90.5531 0.5
9 565.604 -154.849 -78.1432 0.5
9 590.014 -191.948 10.0095 0.5
9 567.09 7.50348 -3.04685 0.5
9 555.647 -114.6 -97.516 0.5
9 556.288 -142.931 86.3232 0.5
9 559.477 -156.635 -76.6831 0.5
9 577.664 -91.4159 99.9947 0.5
9 634.991 -87.8977 99.8963 0.5
9 610.512 -177.867 -51.9993 0.5
9 656.238 -49.7726 -90.4358 0.5
9 605.183 -58.1877 93.9473 0.5
9 569.281 -35.2321 82.0128 0.5
9 565.739 -155.216 77.8487 0.5
9 663.4 -73.1139 -98.1128 0.5
9 600.461 -45.5441 88.3166 0.5
9 634.767 -184.929 38.0482 0.5
9 557.111 -76.2225 98.6745 0.5
9 660.081 -179.563 49.1048 0.5
9 596.488 -104.395 99.284 0.5
9 637.623 -37.2845 -83.4072 0.5
9 653.958 -166.474 -67.2344 0.5
9 569.317 6.1309 -16.7866 0.5
9 635.203 -64.2783 -95.9497 0.5
9 569.796 2.1338 32.4636 0.5
9 655.174 5.99545 -17.5635 0.5
9 631.258 -134.835 90.5732 0.5
9 568.526 -15.7338 64.1452 0.5
9 636.304 7.25734 -7.64386 0.5
9 555.963 -75.5788 -98.5665 0.5
9 628.844 -129.999 -92.6826 0.5
9 630.32 -72.2137 97.931 0.5
10 632.124 55.2626 -47.7122 0.5
10 619.92 -107.335 28.4995 0.5
10 626.736 -93.5025 -71.2038 0.5
10 627.599 28.5808 -84.5714 0.5
10 617.291 79.9276 -49.5564 0.5
10 647.621 -159.143 7.98006 0.5
10 665.403 -174.542 53.822 0.5
10 611.595 35.3809 94.5903 0.5
10 629.421 -124.144 -27.282 0.5
10 621.182 -68.5506 -83.5938 0.5
10 655.619 -66.678 -99.7795 0.5
10 623.363 39.0434 -82.5161 0.5
10 644.082 45.562 -14.8288 0.5
10 659.606 5.80655 -50.983 0.5
10 664.273 -15.1565 -68.1869 0.5
10 638.82 -32.4558 -99.3058 0.5
10 662.412 -11.8742 -68.1235 0.5
10 645.006 34.6989 -44.3427 0.5
10 621.117 10.6329 97.0305 0.5
10 624.681 -68.7267 -87.1735 0.5
10 645.501 -154.096 -18.3319 0.5
10 649.992 -139.417 -65.1686 0.5
10 618.141 -104.497 27.6732 0.5
10 615.947 23.1771 -96.0645 0.5
10 652.034 -84.912 98.4019 0.5
10 611.729 61.1743 -81.1258 0.5
10 661.516 8.42856 39.2928 0.5
10 613.51 -97.3913 -24.2652 0.5
10 644.232 -142.213 -46.3263 0.5
10 658.829 -89.4301 99.4413 0.5
10 645.311 -73.3947 -98.3788 0.5
10 642.309 -142.736 38.0588 0.5
10 644.027 -17.977 -93.5771 0.5
10 629.256 -18.1227 99.5449 0.5
10 660.053 -56.6632 96.9945 0.5
10 647.085 -16.3829 90.6828 0.5
10 614.656 51.7367 84.1011 0.5
10 654.105 -21.0416 -86.803 0.5
10 663.742 -143.905 -82.4943 0.5
10 642.345 -99.6955 86.9619 0.5
10 612.066 -12.8455 98.8735 0.5
10 614.225 -78.8721 -63.4962 0.5
10 639.726 -41.7074 -99.9167 0.5
10 654.195 22.7334 35.2478 0.5
10 648.684 33.0948 -32.9977 0.5
10 644.117 23.2913 64.1832 0.5
10 666.198 -115.325 97.1544 0.5
10 646.413 28.8729 -50.6182 0.5
10 647.787 -139.676 -60.0989 0.5
10 617.237 -75.8537 -72.3635 0.5
10 634.391 -58.285 97.6085 0.5
10 617.482 85.2318 -38.0188 0.5
10 641.085 -93.8816 -88.9264 0.5
10 646.817 -158.057 -1.52603 0.5
10 655.112 -129.089 -82.4049 0.5
10 641.96 -15.896 -94.1286 0.5
10 657.055 13.2558 -45.4836 0.5
10 626.997 13.905 92.6436 0.5
10 630.353 -17.4283 -99.2623 0.5
10 647.193 -155.006 27.0059 0.5
10 637.908 -33.1758 -99.5513 0.5
10 616.489 -104.402 15.0498 0.5
10 613.651 -91.8976 -40.8565 0.5
10 650.032 34.9513 16.7346 0.5
10 664.416 -116.243 -96.0894 0.5
10 659.431 -178.032 19.3318 0.5
10 632.46 -85.439 85.2724 0.5
10 633.405 -12.7432 97.5282 0.5
10 614.322 -66.0121 -76.6488 0.5
10 635.887 -138.874 -7.26265 0.5
10 662.939 -10.1671 65.1953 0.5
10 646.275 -16.3188 -91.2926 0.5
10 665.816 -153.294 -78.2091 0.5
10 655.943 -26.0731 -87.8339 0.5
10 621.19 -76.379 -77.905 0.5
10 624.144 75.6471 -32.8626 0.5
10 624.529 -13.8786 -99.8438 0.5
10 626.655 -61.7717 92.2401 0.5
10 612.426 -36.9929 -92.2954 0.5
10 635.099 -128.59 -41.8596 0.5
10 619.59 -110.105 -12.6635 0.5
10 627.027 -53.86 -95.3727 0.5
10 623.987 81.3552 -4.87458 0.5
10 611.387 54.355 -85.9828 0.5
10 646.021 -152.869 27.3795 0.5
10 622.39 -87.1205 -70.0556 0.5
10 616.039 88.8997 35.0385 0.5
10 642.623 43.4793 33.3215 0.5
10 652.768 -18.994 86.9554 0.5
10 654.299 -83.7976 -99.1813 0.5
10 632.659 5.95417 -91.8678 0.5
10 658.188 -100.007 97.4951 0.5
10 613.059 -94.2365 32.3071 0.5
10 633.57 -128.396 -36.0646 0.5
10 651.738 -103.644 -92.883 0.5
10 611.206 -91.0051 32.3721 0.5
10 615.706 89.7464 34.3113 0.5
10 666.243 -16.1866 65.5388 0.5
10 628.862 -112.105 -52.4595 0.5
10 655.703 10.5795 -54.1974 0.5
10 628.165 63.5884 44.9016 0.5
10 651.121 -115.205 86.7854 0.5
10 613.182 0.140928 -100 0.5
10 650.114 -115.948 -85.314 0.5
10 653.47 -77.1552 99.7136 0.5
11 629.604 88.1449 -85.209 0.5
11 636.476 117.583 -71.5366 0.5
11 625.532 -70.1392 14.8487 0.5
11 631.623 -52.5622 39.507 0.5
11 618.907 -66.6867 -54.3126 0.5
11 652.952 107.463 95.0026 0.5
11 638.728 48.7933 -99.9604 0.5
11 652.534 -14.9293 42.6462 0.5
11 634.293 37.7565 -99.8094 0.5
11 656.436 124.997 90.417 0.5
11 661.503 3.75087 -48.7617 0.5
11 645.303 160.464 22.3643 0.5
11 645.692 43.8645 98.0188 0.5
11 657.961 90.9293 -99.8193 0.5
11 664.568 2.89946 -35.5572 0.5
11 631.579 95.7874 -82.4674 0.5
11 619.779 118.287 10.0019 0.5
11 652.206 98.952 97.0774 0.5
11 625.494 64.4012 -93.4053 0.5
11 628.233 131.825 -17.8522 0.5
11 632.805 65.8845 -96.9437 0.5
11 621.124 -14.5182 93.4348 0.5
11 615.096 108.258 21.8635 0.5
11 626.45 -4.43738 93.7569 0.5
11 657.361 110.195 -96.4757 0.5
11 638.57 -32.3793 54.6978 0.5
11 624.048 30.749 -99.8957 0.5
11 618.924 36.4528 -98.1503 0.5
11 616.654 2.49828 99.4067 0.5
11 621.853 93.577 -70.2207 0.5
11 648.028 99.9408 94.6657 0.5
11 621.8 72.5653 -86.4425 0.5
11 636.997 144.302 29.0346 0.5
11 661.328 72.8885 98.3914 0.5
11 636.955 46.299 99.975 0.5
11 653.585 69.1241 -99.6617 0.5
11 632.137 -42.4954 56.2374 0.5
11 626.554 -67.3816 -20.3657 0.5
11 661.714 -6.98039 -17.8065 0.5
11 624.322 89.3651 77.8952 0.5
11 652.091 173.323 -16.8549 0.5
11 628.975 9.97264 96.8905 0.5
11 658.51 40.1517 88.936 0.5
11 663.64 179.893 -52.4585 0.5
11 661.355 162.728 69.4714 0.5
11 653.644 -21.3851 15.2616 0.5
11 640.136 -45.8713 -4.02147 0.5
11 613.521 40.2629 -94.6349 0.5
11 642.724 11.6352 -88.3222 0.5
11 663.648 192.166 -22.6778 0.5
11 641.773 4.38111 -85.1092 0.5
11 650.393 118.52 -88.4216 0.5
11 647.262 -26.3211 -37.4767 0.5
11 648.448 64.6965 -99.9298 0.5
11 642.866 155.351 -25.9451 0.5
11 658.294 5.49609 59.9978 0.5
11 647.094 -9.38797 -65.5881 0.5
11 626.964 96.8484 -75.4622 0.5
11 619.058 24.7285 99.7413 0.5
11 624.996 119.128 40.7885 0.5
11 661.494 185.336 -33.2915 0.5
11 619.865 -80.8325 -6.7846 0.5
11 617.029 111.479 -22.4244 0.5
11 624.619 -15.4826 90.4465 0.5
11 665.1 83.608 -99.0601 0.5
11 652.215 117.356 -90.5723 0.5
11 658.719 -13.7531 1.59158 0.5
11 624.509 44.0932 -98.5249 0.5
11 620.668 -50.5413 70.5522 0.5
11 649.58 156.097 51.5439 0.5
11 613.846 105.581 24.0288 0.5
11 661.309 100.142 -99.5552 0.5
11 615.682 10.4285 -99.992 0.5
11 666.128 61.0815 92.5044 0.5
11 621.326 -78.2099 -8.01438 0.5
11 615.877 18.5464 -99.7875 0.5
11 656.632 117.723 -93.6366 0.5
11 644.27 154.764 35.3147 0.5
11 661.446 34.7132 82.6838 0.5
11 659.67 10.3058 63.1024 0.5
11 645.805 -26.5637 42.6875 0.5
11 651.8 170 28.8409 0.5
11 614.065 -1.57138 -99.4512 0.5
11 657.288 183.603 -5.51941 0.5
11 663.756 173.393 62.0317 0.5
11 624.673 76.1269 87.2494 0.5
11 659.146 179.761 -37.2902 0.5
11 621.014 4.65579 98.6674 0.5
11 637.341 149.156 3.17411 0.5
11 656.83 100.772 -98.4013 0.5
11 651.244 -11.0161 53.7863 0.5
11 658.086 170.217 52.5522 0.5
11 627.936 0.527565 -94.6093 0.5
11 643.922 64.9657 -99.9049 0.5
11 629.153 130.837 28.6375 0.5
11 660.73 121.244 -94.9004 0.5
11 629.605 -52.3184 -47.2643 0.5
11 653.439 -13.3242 -42.7263 0.5
11 654.072 130.794 85.0436 0.5
11 661 142.142 85.4425 0.5
11 624.734 -63.2861 42.2066 0.5
11 623.263 107.263 56.5992 0.5
11 634.404 117.857 -67.5494 0.5
11 631.301 -27.9228 74.5343 0.5
11 646.702 162.916 22.2423 0.5
11 617.34 -75.5003 43.4572 0.5
11 615.89 105.331 -36.042 0.5
11 628.813 110.201 65.2651 0.5
11 631.278 90.8511 -85.3276 0.5
11 644.489 41.042 97.8666 0.5
11 652.445 2.94412 68.9549 0.5
11 648.157 156.48 -46.4839 0.5
11 664.73 150.247 84.4207 0.5
11 645.205 105.581 -90.3996 0.5
12 741.37 133.021 94.3908 0.5
12 725.493 15.7919 -53.9351 0.5
12 732.326 131.683 -94.8481 0.5
12 733.262 46.5458 84.5142 0.5
12 745.059 199.391 -11.0171 0.5
12 772.448 197.399 22.6612 0.5
12 669.121 196.264 27.0788 0.5
12 758.886 150.224 -86.4731 0.5
12 753.669 0.131675 5.13008 0.5
12 668.01 13.3705 49.9532 0.5
12 715.052 189.591 44.4236 0.5
12 709.164 57.1732 -90.3652 0.5
12 725.227 7.3154 37.5442 0.5
12 773.789 199.157 -12.9559 0.5
12 736.35 145.493 -89.053 0.5
12 758.032 69.5356 -95.2466 0.5
12 749.248 121.645 97.6294 0.5
12 703.421 17.6008 56.6601 0.5
12 752.048 3.49394 -26.2027 0.5
12 769.039 195.726 -28.9223 0.5
12 767.567 47.7766 -85.2802 0.5
12 667.906 197.445 22.4593 0.5
12 723.407 10.1799 43.9585 0.5
12 735.65 123.885 -97.1057 0.5
12 761.579 4.54469 29.8041 0.5
12 706.242 129.664 -95.4989 0.5
12 698.604 22.9494 -63.7432 0.5
12 747.418 47.0252 84.8155 0.5
12 744.165 0.00339533 0.824048 0.5
12 670.03 142.994 -90.2858 0.5
12 738.892 61.0128 92.0869 0.5
12 726.108 0.324335 8.04747 0.5
12 770.965 125.312 96.7434 0.5
12 729.067 185.807 -51.3541 0.5
12 700.72 180.955 58.705 0.5
12 747.027 3.03276 24.4408 0.5
12 754.013 196.854 24.8877 0.5
12 723.247 111.852 99.2952 0.5
12 711.324 154.587 83.787 0.5
12 752.856 190.083 43.4175 0.5
12 687.125 146.047 -88.7673 0.5
12 702.618 129.767 95.467 0.5
12 710.981 196.851 -24.8959 0.5
12 728.795 53.6658 -88.6179 0.5
12 729.5 192.573 -37.8181 0.5
12 725.056 35.5052 76.4226 0.5
12 668.805 7.32904 37.5778 0.5
12 684.168 12.0773 -47.6403 0.5
12 682.357 0.966228 13.8677 0.5
12 695.533 189.727 44.1475 0.5
12 688.62 33.1747 74.3934 0.5
12 675.639 73.7926 -96.5048 0.5
12 733.028 135.812 -93.3676 0.5
12 736.39 94.5794 -99.853 0.5
12 741.814 193.772 34.7405 0.5
12 667.96 189.174 -45.255 0.5
12 736.957 158.424 -81.1582 0.5
12 735.79 2.57714 -22.5563 0.5
12 714.819 23.7348 -64.6808 0.5
12 673.658 167.938 73.379 0.5
12 688.955 199.968 -2.52788 0.5
12 732.886 50.6044 86.9487 0.5
12 774.425 0.923694 -13.5604 0.5
12 710.875 143.26 90.1587 0.5
12 769.856 153.623 -84.4069 0.5
12 683.691 105.874 -99.8273 0.5
12 755.237 185.244 52.2826 0.5
12 685.689 27.2812 68.6438 0.5
12 735.024 187.982 -47.5303 0.5
12 699.747 24.5025 65.5754 0.5
12 757.218 172.414 68.9657 0.5
12 668.109 118.372 -98.2978 0.5
12 715.022 97.316 99.964 0.5
12 714.156 3.93419 27.7734 0.5
12 693.109 149.291 87.008 0.5
12 742.805 107.717 -99.7018 0.5
12 773.091 63.9641 -93.2814 0.5
12 741.256 165.922 75.195 0.5
12 696.88 195.88 -28.4095 0.5
12 760.888 134.739 93.7721 0.5
12 685.793 198.09 19.4523 0.5
12 736.956 47.502 85.1114 0.5
12 696.109 198.125 19.2745 0.5
12 755.558 16.2957 54.7136 0.5
12 725.541 29.7748 -71.1929 0.5
12 699.982 96.6718 -99.9446 0.5
12 693.346 0.0453496 3.01129 0.5
12 738.413 91.8356 99.6662 0.5
12 747.234 28.8959 70.315 0.5
12 760.705 70.5441 -95.5633 0.5
12 714.75 0.738282 -12.1289 0.5
12 734.84 34.4968 75.5601 0.5
12 711.133 130.117 -95.3571 0.5
12 700.031 83.6787 98.6591 0.5
12 684.466 165.508 -75.5561 0.5
12 765.439 194.928 31.4428 0.5
12 748.557 198.439 17.6017 0.5
12 741.899 199.771 -6.75948 0.5
12 699.039 173.537 -67.7665 0.5
12 690.365 34.4123 75.4868 0.5
12 734.782 149.485 86.8976 0.5
12 733.715 59.0251 91.2198 0.5
12 744.22 18.299 -57.6624 0.5
13 833.015 -64.4259 -72.6161 0.5
13 784.275 177.659 45.7671 0.5
13 794.535 163.639 -37.5991 0.5
13 817.148 81.0423 87.0407 0.5
13 814.098 -3.18056 91.5323 0.5
13 805.997 -22.004 68.2091 0.5
13 794.434 159.713 -46.4417 0.5
13 829.791 105.489 29.4093 0.5
13 778.392 38.7392 79.8516 0.5
13 822.397 60.0566 92.7673 0.5
13 812.739 107.965 72.8359 0.5
13 796.262 166.222 -18.6934 0.5
13 807.728 -26.3801 66.7002 0.5
13 792.136 27.7777 -88.0778 0.5
13 795.765 166.297 22.4327 0.5
13 795.584 60.1646 -99.5947 0.5
13 805.097 152.208 9.71654 0.5
13 778.557 46.4619 85.3019 0.5
13 780.099 195.173 -12.6684 0.5
13 802.539 147.846 42.0402 0.5
13 795.696 51.8359 -98.5222 0.5
13 826.107 115.413 13.2299 0.5
13 796.114 -29.4084 21.5532 0.5
13 801.805 9.89159 -87.456 0.5
13 802.495 137.067 60.163 0.5
13 810.287 133.635 43.7074 0.5
13 800.131 96.9097 -93.4382 0.5
13 794.997 35.3472 -93.7391 0.5
13 810.496 2.9584 91.488 0.5
13 830.736 71.5454 77.4385 0.5
13 816.239 133.065 -7.96246 0.5
13 788.901 125.079 -89.6297 0.5
13 814.953 -26.9442 78.0184 0.5
13 785.005 -12.4214 4.37293 0.5
13 803.465 62.6454 99.745 0.5
13 821.342 123.255 -16.0013 0.5
13 788.871 178.72 20.2219 0.5
13 829.191 71.6501 79.4695 0.5
13 803.938 132.371 -62.9728 0.5
13 800.672 153.377 36.6763 0.5
13 806.131 133.014 57.0598 0.5
13 818.334 -59.1951 -45.6941 0.5
13 820.284 -19.5468 -88.8311 0.5
13 784.073 15.7777 -68.0023 0.5
13 816.895 78.1338 -88.8505 0.5
13 819.177 -66.5366 31.736 0.5
13 803.547 -14.4489 -71.5954 0.5
13 798.147 138.695 -67.2874 0.5
13 822.015 119.833 -26.3945 0.5
13 790.6 165.981 -47.1424 0.5
13 785.279 31.0647 -82.8876 0.5
13 825.255 73.3694 83.1162 0.5
13 813.961 52.8611 98.7865 0.5
13 818.298 19.0375 -99.4173 0.5
13 817.25 -55.6084 -48.8772 0.5
13 832.05 -58.1078 76.7491 0.5
13 809.224 12.7218 94.4637 0.5
13 781.836 166.664 -67.597 0.5
13 798.621 -23.4131 48.7513 0.5
13 827.399 -84.8255 14.9356 0.5
13 826.206 1.44673 98.9177 0.5
13 792.334 142.806 73.3047 0.5
13 820.752 87.296 -78.6735 0.5
13 809.79 44.1876 -99.9993 0.5
13 803.014 -37.6833 -34.1903 0.5
13 793.785 162.658 42.7876 0.5
13 796.921 17.849 87.1756 0.5
13 798.738 151.511 -47.8376 0.5
13 802.642 71.9579 98.865 0.5
13 804.625 150.59 23.9436 0.5
13 799.043 -30.932 -33.8405 0.5
13 826.768 74.5619 80.4352 0.5
13 789.396 55.2473 96.9196 0.5
13 809.694 63.0956 -98.2971 0.5
13 818.208 83.6941 84.3441 0.5
13 799.011 -8.93958 -69.2292 0.5
13 787.855 102.541 97.9807 0.5
13 817.495 17.9346 -99.1152 0.5
13 822.585 55.26 -94.444 0.5
13 797.039 129.969 77.3906 0.5
13 797.001 159.222 -37.9537 0.5
13 803.953 -0.844803 83.1796 0.5
13 787.116 168.567 -53.0922 0.5
13 830.762 80.086 69.5451 0.5
13 783.357 91.2714 -99.9956 0.5
13 805.459 -8.26686 79.7583 0.5
13 811.429 137.301 29.3822 0.5
13 781.292 38.8003 -83.4419 0.5
13 810.252 -20.4031 -76.7069 0.5
13 812.426 -5.05136 -89.2836 0.5
13 806.538 58.413 99.661 0.5
13 786.565 46.6807 -92.4581 0.5
13 779.099 14.6831 55.7341 0.5
13 805.905 47.4283 99.9257 0.5
13 780.046 47.8181 -87.5883 0.5
13 828.064 65.048 -85.3271 0.5
13 806.442 147.133 25.1651 0.5
13 800.854 -28.404 46.6828 0.5
13 803.539 145.257 -43.8444 0.5
13 806.594 -4.39421 83.8551 0.5
13 790.146 2.38159 64.7627 0.5
13 789.857 147.663 -72.774 0.5
13 803.66 -33.9998 45.2607 0.5
13 805.39 -21.2166 -67.9243 0.5
13 792.471 -16.6636 40.9888 0.5
13 824.732 48.0128 95.5991 0.5
14 851.042 28.8064 -99.8408 0.5
14 878.267 115.107 -94.2202 0.5
14 839.264 108.897 31.6768 0.5
14 858.785 117.64 71.6283 0.5
14 872.03 28.2799 90.5103 0.5
14 863.502 28.7757 96.2147 0.5
14 845.884 124.947 10.6383 0.5
14 878.661 180.472 -18.9525 0.5
14 867.217 3.15231 -80.5128 0.5
14 879.729 4.23637 60.1345 0.5
14 883.532 189.032 18.3095 0.5
14 856.195 59.0708 -98.7602 0.5
14 853.921 -42.8406 -56.8404 0.5
14 877.507 -18.1994 17.3398 0.5
14 846.333 74.1334 87.8133 0.5
14 866.469 -25.0128 -50.7246 0.5
14 869.681 102.199 93.4992 0.5
14 883.098 167.19 -63.5386 0.5
14 841.145 -8.67674 96.5657 0.5
14 848.32 -53.0657 56.0747 0.5
14 883.648 110.026 -98.1584 0.5
14 883.115 -4.78617 -31.8687 0.5
14 854.533 -59.496 -1.47473 0.5
14 861.185 -36.2841 -46.9366 0.5
14 834.056 56.4395 -85.7718 0.5
14 885.474 8.2965 -51.3839 0.5
14 850.39 -64.1427 22.3919 0.5
14 880.587 -13.7902 -10.8444 0.5
14 837.427 -0.748757 99.3233 0.5
14 867.438 -28.1325 -41.5061 0.5
14 841.583 -67.8886 -51.1104 0.5
14 851.559 121.313 51.0811 0.5
14 851.926 -56.2747 -38.591 0.5
14 849.884 8.20459 -97.0185 0.5
14 875.302 169.952 35.5053 0.5
14 877.575 178.966 16.8955 0.5
14 881.159 165.5 -61.4533 0.5
14 834.756 -88.3943 -32.3175 0.5
14 853.135 126.079 47.487 0.5
14 843.386 -76.9354 19.2914 0.5
14 834.397 91.2592 51.6284 0.5
14 874.247 121.395 88.397 0.5
14 837.735 -46.8962 81.2503 0.5
14 863.28 82.5359 96.3165 0.5
14 863.57 -19.8508 -64.9959 0.5
14 850.527 -47.6282 58.3893 0.5
14 880.938 136.871 86.2285 0.5
14 866.019 133.761 67.9446 0.5
14 837.951 -19.1161 95.1095 0.5
14 871.804 170.273 -5.20031 0.5
14 843.988 30.1565 -99.6853 0.5
14 880.656 25.1306 79.5385 0.5
14 841.101 114.184 24.4896 0.5
14 881.238 -0.976276 -48.0043 0.5
14 877.536 52.346 96.0028 0.5
14 856.177 130.445 -49.1223 0.5
14 887.466 104.911 99.7276 0.5
14 849.008 30.6927 99.9997 0.5
14 841.08 20.6465 99.9403 0.5
14 848.418 -69.2074 -13.3076 0.5
14 846.804 -62.7858 43.8084 0.5
14 887.397 -2.36297 -6.64527 0.5
14 847.659 -70.2415 15.2592 0.5
14 879.168 151.99 -72.5445 0.5
14 877.209 173.704 34.2979 0.5
14 841.584 97.5769 -60.6469 0.5
14 865.687 -26.0168 51.3153 0.5
14 863.969 127.928 70.3289 0.5
14 833.773 -55.754 -79.7818 0.5
14 846.267 75.5182 -86.9795 0.5
14 834.121 51.7264 -88.4855 0.5
14 887.996 133.455 93.6742 0.5
14 875.781 139.929 77.9565 0.5
14 857.304 -43.5417 -45.9174 0.5
14 858.078 26.3423 97.9197 0.5
14 856.644 27.6639 -98.6315 0.5
14 873.147 -22.4279 -30.7289 0.5
14 858.802 50.6519 -99.9618 0.5
14 876.91 45.29 -94.0561 0.5
14 865.596 -33.3889 36.6444 0.5
14 870.019 94.8002 96.1492 0.5
14 885.326 -5.95832 6.52566 0.5
14 841.446 6.29543 99.333 0.5
14 837.765 21.603 -99.4834 0.5
14 838.745 37.0087 -97.1116 0.5
14 842.564 -69.86 -44.3575 0.5
14 861.795 -46.7583 5.81961 0.5
14 840.275 32.2757 98.6331 0.5
14 855.042 -10.1434 -85.7077 0.5
14 845.39 -23.446 87.6701 0.5
14 886.51 51.7951 89.7581 0.5
14 848.007 47.9435 -98.226 0.5
14 856.028 40.4573 -99.9655 0.5
14 851.968 -60.4988 -26.0382 0.5
14 860.399 -43.1842 34.56 0.5
14 885.361 1.15466 -37.4203 0.5
14 847.392 126.47 -18.1133 0.5
14 833.631 49.745 -89.0721 0.5
14 873.26 171.845 -14.6888 0.5
14 840.098 -80.6135 27.6378 0.5
14 885.405 16.7768 -63.5756 0.5
14 885.688 193.5 -13.7953 0.5
14 852.557 -6.6868 89.9182 0.5
14 846.389 -64.6492 41.3786 0.5
14 856.858 81.8731 -92.7621 0.5
14 866.886 25.5142 93.1492 0.5
14 853.837 11.9371 -96.187 0.5
14 865.094 46.7234 -99.2698 0.5
14 849.819 99.7424 -73.8607 0.5
14 873.33 62.3003 99.4205 0.5
14 885.327 -4.16973 19.8937 0.5
14 881.89 -10.7744 16.363 0.5
14 850.595 -48.9621 56.3151 0.5
14 887.557 62.8797 -93.7443 0.5
14 876.763 16.4718 -78.0426 0.5
14 870.714 121.77 84.6432 0.5
14 836.646 -13.1798 -97.391 0.5
14 844.11 -35.499 81.505 0.5
14 838.816 -85.9457 12.4894 0.5
14 845.946 54.028 95.8804 0.5
14 840.881 78.4768 78.7522 0.5
14 853.848 116.282 63.8358 0.5
14 854.569 83.9522 90.0928 0.5
14 884.753 -6.1658 -14.0912 0.5
14 883.815 187.061 28.5092 0.5
14 846.982 -72.223 -8.50534 0.5
14 852.095 125.877 44.3928 0.5
14 852.385 106.198 71.9727 0.5
15 939.159 199.465 10.3302 0.5
15 937.206 174.508 -66.6976 0.5
15 979.914 159.888 -80.0837 0.5
15 922.95 148.147 87.6462 0.5
15 961.239 8.29506 39.8774 0.5
15 907.559 63.5997 -93.1398 0.5
15 996.731 151.409 -85.7738 0.5
15 993.548 199.463 10.3538 0.5
15 948.685 195.691 -29.0378 0.5
15 923.055 60.8074 91.9997 0.5
15 931.783 9.26075 -42.0284 0.5
15 894.186 199.026 13.9255 0.5
15 921.895 104.258 99.9093 0.5
15 939.183 196.516 -26.1661 0.5
15 971.682 131.519 94.9029 0.5
15 920.985 95.8039 99.9119 0.5
15 969.174 199.967 -2.57624 0.5
15 982.208 185.527 -51.819 0.5
15 980.09 162.871 -77.7644 0.5
15 937.819 22.5396 63.2446 0.5
15 997.055 196.266 -27.0697 0.5
15 996.698 80.2462 98.0295 0.5
15 977.494 79.2582 97.8252 0.5
15 985.837 173.066 -68.2742 0.5
15 942.367 194.067 -33.9321 0.5
15 911.064 79.6322 -97.9038 0.5
15 925.822 81.7193 98.3149 0.5
15 927.287 41.4854 -81.0928 0.5
15 971.494 142.622 90.462 0.5
15 934.226 195.38 30.0436 0.5
15 891.904 199.992 -1.25002 0.5
15 968.367 24.3596 -65.4105 0.5
15 971.761 37.2102 77.8295 0.5
15 951.337 27.7413 -69.128 0.5
15 915.133 196.532 -26.1065 0.5
15 994.023 186.475 -50.2198 0.5
15 906.866 61.8228 -92.4256 0.5
15 890.456 108.436 -99.6435 0.5
15 890.348 31.7354 -73.075 0.5
15 910.391 114.241 -98.9808 0.5
15 920.858 116.716 98.593 0.5
15 945.068 147.055 88.2373 0.5
15 939.877 156.256 -82.6754 0.5
15 940.017 1.00667 -14.1534 0.5
15 972.197 154.996 -83.5191 0.5
15 976.722 166.964 -74.2683 0.5
15 994.69 6.21653 34.7082 0.5
15 910.55 90.8032 -99.5762 0.5
15 888.965 30.3286 -71.7349 0.5
15 969.242 6.53065 35.5455 0.5
15 909.735 80.5083 98.082 0.5
15 937.767 76.1741 97.1202 0.5
15 996.011 182.996 -55.7821 0.5
15 920.594 93.1382 99.7643 0.5
15 957.599 125.779 -96.6202 0.5
15 979.416 199.842 -5.62613 0.5
15 967.697 21.5884 -62.0615 0.5
15 949.99 168.843 72.5304 0.5
15 993.299 13.2056 49.6662 0.5
15 952.823 180.583 -59.2143 0.5
15 993.124 158.692 80.9648 0.5
15 952.565 188.266 -47.0019 0.5
15 970.135 199.671 -8.10677 0.5
15 986.032 148.255 -87.587 0.5
15 944.867 95.1064 99.8802 0.5
15 939.162 198.47 -17.4233 0.5
15 963.214 116.247 98.6713 0.5
15 981.87 8.06662 -39.3479 0.5
15 989.437 11.9145 -47.3387 0.5
15 923.509 54.5364 -89.0677 0.5
15 915.975 142.464 -90.5362 0.5
15 924.034 90.558 -99.5532 0.5
15 985.028 154.824 -83.6319 0.5
15 904.57 97.3858 99.9658 0.5
15 933.551 4.60916 -30.0098 0.5
15 891.766 120.484 97.8795 0.5
15 964.921 196.897 24.7178 0.5
15 983.328 34.9801 -75.9764 0.5
15 958.956 66.0479 -94.0599 0.5
15 955.077 0.00679371 1.16563 0.5
15 948.828 31.9057 73.2337 0.5
15 960.211 161.369 -78.9545 0.5
15 971.286 57.5893 90.5612 0.5
15 909.299 67.7571 -94.6594 0.5
15 973.737 199.826 -5.89178 0.5
15 912.664 180.222 -59.7032 0.5
15 950.528 121.78 97.5993 0.5
15 946.441 156.855 82.2649 0.5
15 909.024 1.92296 19.5165 0.5
15 959.476 149.17 -87.0767 0.5
15 896.29 125.257 -96.7577 0.5
15 928.974 5.74491 -33.4063 0.5
15 897.927 6.15201 -34.5334 0.5
15 926.17 199.697 7.78218 0.5
15 892.397 2.96956 24.1887 0.5
15 890.071 198.295 -18.3851 0.5
15 955.966 196.25 27.1291 0.5
15 918.79 120.245 -97.9292 0.5
15 968.954 17.0267 55.8161 0.5
15 936.196 1.48345 17.1607 0.5
15 916.969 76.9212 97.3004 0.5
15 988.125 79.3212 97.8386 0.5
15 929.94 29.4556 -70.8766 0.5
15 930.024 1.67953 -18.2506 0.5
15 973.447 147.582 -87.9544 0.5
15 929.579 104.214 99.9112 0.5
15 891.368 21.46 61.8989 0.5
15 915.634 109.535 -99.5444 0.5
15 929.468 63.0189 92.9107 0.5
15 939.104 0.823561 -12.8076 0.5
15 945.101 199.033 13.8748 0.5
15 906.059 195.78 -28.7448 0.5
15 972.226 191.16 -41.1077 0.5
