0 61.4689 194.897 31.5367 0.5
0 313.48 16.4864 55.0043 0.5
0 226.462 0.419658 -9.15181 0.5
0 104.089 190.693 42.1273 0.5
0 115.203 6.66029 35.8845 0.5
0 262.298 159.322 80.5041 0.5
0 264.018 98.5067 99.9888 0.5
0 177.231 3.69719 26.9401 0.5
0 32.8733 62.1194 -92.5476 0.5
0 98.7131 96.2525 -99.9298 0.5
0 154.692 197.895 20.4121 0.5
0 29.0473 23.4468 -64.3398 0.5
0 303.714 0.297947 -7.71366 0.5
0 107.499 141.134 -91.1482 0.5
0 48.0094 173.965 67.2988 0.5
0 79.4877 42.7773 82.0095 0.5
0 86.0132 196.174 -27.3975 0.5
0 95.9539 43.8242 -82.7302 0.5
0 246.543 110.505 -99.4467 0.5
0 84.2356 1.79085 18.8404 0.5
0 233.702 151.547 85.6906 0.5
0 8.5318 12.2006 -47.8671 0.5
0 322.319 0.368938 8.58205 0.5
0 39.1516 37.4335 78.0092 0.5
0 281.057 195.221 -30.5444 0.5
0 161.272 197.046 24.1245 0.5
0 312.311 134.907 -93.7098 0.5
0 304.617 159.863 80.1026 0.5
0 257.024 164.806 76.1591 0.5
0 122.796 8.0529 -39.3158 0.5
0 142.557 38.6606 78.9777 0.5
0 3.01396 6.82071 36.299 0.5
0 300.712 10.2867 -44.1761 0.5
0 328.804 96.1034 -99.9241 0.5
0 249.636 119.254 -98.129 0.5
0 160.061 0.995365 -14.0742 0.5
0 315.956 49.9013 -86.5455 0.5
0 322.3 39.5213 79.6387 0.5
0 120.051 99.2447 99.9971 0.5
0 156.19 199.973 -2.30242 0.5
0 135.952 188.72 46.1384 0.5
0 57.0876 113.991 99.0164 0.5
0 85.7888 122.545 -97.4254 0.5
0 311.622 16.748 55.3995 0.5
0 60.4164 120.029 97.9736 0.5
0 69.3271 193.95 34.2555 0.5
0 291.319 178.872 61.4751 0.5
0 27.3108 91.0407 -99.5978 0.5
0 3.02381 3.47341 26.127 0.5
0 326.563 91.4727 -99.6358 0.5
0 245.001 171.223 -70.1949 0.5
0 78.5873 1.46368 -17.0468 0.5
0 149.94 158.098 -81.3918 0.5
0 142.391 4.86458 30.8099 0.5
0 228.41 122.305 97.4807 0.5
0 244.23 97.1425 99.9592 0.5
0 26.3746 128.212 -95.9379 0.5
0 314.05 106.893 -99.7621 0.5
0 312.617 160.026 -79.9804 0.5
0 91.6772 13.5764 -50.3086 0.5
0 234.533 56.5754 -90.0794 0.5
0 282.04 83.1978 98.5783 0.5
0 317.713 187.026 -49.26 0.5
0 38.4177 18.6144 -58.1066 0.5
0 66.9659 112.829 -99.1736 0.5
0 174.328 199.795 -6.40631 0.5
0 283.712 68.1651 -94.7973 0.5
0 264.278 194.27 33.3653 0.5
0 303.748 175.404 -65.6834 0.5
0 177.106 166.688 74.5164 0.5
0 99.8095 184.783 53.0275 0.5
0 330.626 143.336 -90.122 0.5
0 80.0215 3.73885 -27.0886 0.5
0 12.0294 0.0230398 -2.14649 0.5
0 292.983 154.939 -83.5567 0.5
0 298.792 1.41835 16.7827 0.5
0 327.015 80.6544 98.1109 0.5
0 193.325 198.321 -18.2487 0.5
0 298.299 4.69819 30.2913 0.5
0 1.38145 18.588 58.0696 0.5
0 119.76 171.725 69.6815 0.5
0 138.625 125.559 96.6786 0.5
0 199.858 38.477 -78.8348 0.5
0 236.79 163.46 77.2837 0.5
0 199.204 74.3204 96.6466 0.5
0 331.268 1.87344 19.266 0.5
0 256.663 42.1683 -81.5812 0.5
0 131.802 38.7259 79.0284 0.5
0 211.282 10.9295 -45.4583 0.5
0 239.143 82.3313 -98.4267 0.5
0 195.355 142.891 -90.3346 0.5
0 176.167 34.8032 75.8247 0.5
0 324.37 127.414 96.1689 0.5
0 169.357 112.792 99.1784 0.5
0 265.572 120.126 97.9538 0.5
0 190.909 55.8893 89.7455 0.5
0 40.5822 0.0270138 -2.32423 0.5
0 230.54 191.034 -41.3868 0.5
0 317.378 182.085 57.1146 0.5
0 43.1965 17.3547 -56.3005 0.5
0 251.764 4.67313 30.2124 0.5
0 297.806 197.611 -21.7263 0.5
0 128.698 19.0365 58.6934 0.5
0 98.7525 58.1645 90.8284 0.5
0 181.29 133.699 -94.1508 0.5
0 320.725 9.9017 43.3854 0.5
0 267.785 160.745 79.4358 0.5
0 213.049 191.821 39.6104 0.5
0 235.997 126.526 96.4178 0.5
0 240.221 12.4676 -48.3537 0.5
0 235.264 60.6685 -91.9404 0.5
0 300.521 195.411 29.9471 0.5
0 12.7315 183.954 54.3304 0.5
0 289.417 123.002 97.3186 0.5
0 85.0944 193.697 34.9408 0.5
0 203.357 8.39763 -40.1124 0.5
0 83.049 136.618 -93.0544 0.5
0 59.4233 161.455 78.8879 0.5
0 33.2945 0.40241 -8.96214 0.5
0 214.572 76.7148 97.2512 0.5
0 288.432 14.8147 -52.3782 0.5
0 294.07 154.403 83.9063 0.5
0 175.7 159.085 80.6778 0.5
0 168.723 103.062 99.9531 0.5
0 87.8991 26.4693 67.7734 0.5
0 240.53 63.2653 93.0084 0.5
0 218.242 187.18 -48.9857 0.5
0 35.4604 129.715 95.4831 0.5
0 290.69 199.225 12.422 0.5
1 386.127 105.345 -25.1458 0.5
1 386.959 89.9455 56.031 0.5
1 344.439 -18.419 12.754 0.5
1 344.288 134.78 -84.3242 0.5
1 364.616 145.341 -9.74041 0.5
1 379.956 -70.3814 -44.348 0.5
1 363.897 87.0457 -91.6589 0.5
1 375.359 66.1991 92.0856 0.5
1 379.964 88.1224 -72.486 0.5
1 357.819 -26.3753 54.3141 0.5
1 386.948 81.8202 66.5002 0.5
1 339.757 93.4618 99.8947 0.5
1 352.837 -33.622 5.63195 0.5
1 366.384 -43.3644 50.8295 0.5
1 355.137 -17.9407 59.764 0.5
1 382.174 -82.1587 -21.9346 0.5
1 347.232 154.807 -61.4658 0.5
1 344.604 98.9224 -98.2843 0.5
1 371.222 24.5112 -99.5123 0.5
1 381.985 4.27328 99.3412 0.5
1 367.432 -57.7584 -16.0859 0.5
1 387.81 -71.1214 -64.0859 0.5
1 386.428 99.5617 -40.2904 0.5
1 386.398 87.7563 60.4415 0.5
1 347.101 150.681 66.6756 0.5
1 358.413 114.293 81.6513 0.5
1 341.431 -11.9945 20.0491 0.5
1 372.561 85.2334 -84.6881 0.5
1 358.004 136.585 -60.9022 0.5
1 364.317 43.8044 -99.968 0.5
1 350.557 12.2214 -81.5 0.5
1 385.063 -37.9635 87.5263 0.5
1 383.958 31.0971 98.2203 0.5
1 386.694 107.559 1.92005 0.5
1 344.869 155.252 65.8796 0.5
1 356.587 133.485 67.5231 0.5
1 341.01 34.964 85.5747 0.5
1 335.673 170.41 -66.7481 0.5
1 358.711 37.7625 98.3147 0.5
1 386.564 107.475 8.07847 0.5
1 376.204 -53.339 61.2016 0.5
1 387.118 -20.1876 96.2776 0.5
1 376.794 -69.9593 32.1743 0.5
1 357.716 145.762 -47.5076 0.5
1 367.779 21.3986 98.19 0.5
1 344.485 -6.63685 48.7348 0.5
1 351.483 144.878 64.6223 0.5
1 379.463 102.702 56.3657 0.5
1 346.28 88.5455 -99.3966 0.5
1 386.032 65.674 -82.1981 0.5
1 339.869 188.291 -8.82206 0.5
1 374.077 -67.5599 -24.354 0.5
1 370.057 136.127 7.29574 0.5
1 355.935 29.9026 95.0898 0.5
1 339.694 54.6989 -93.9395 0.5
1 369.037 -52.0279 -43.201 0.5
1 342.861 177.115 35.1538 0.5
1 361.536 65.3401 -98.9884 0.5
1 351.82 19.6668 -87.5547 0.5
1 382.967 22.3545 99.6531 0.5
1 372.886 52.1387 -97.8456 0.5
1 373.313 20.0972 -99.4306 0.5
1 369.337 92.0461 83.9045 0.5
1 337.525 192.369 -8.60386 0.5
1 367.005 139.773 19.4301 0.5
1 347.435 130.047 -83.8621 0.5
1 365.135 91.8654 -88.2947 0.5
1 333.411 1.36334 17.2459 0.5
1 346.238 19.3622 81.257 0.5
1 377.309 5.90391 -98.3799 0.5
1 365.294 73.869 95.634 0.5
1 380.294 -25.9775 -89.4836 0.5
1 354.007 82.8225 98.2491 0.5
1 364.904 50.4907 99.8661 0.5
1 348.674 19.3857 -84.138 0.5
1 343.133 178.602 -29.4174 0.5
1 381.667 116.28 0.819713 0.5
1 362.056 -48.9402 -12.6906 0.5
1 371.725 116.958 55.0949 0.5
1 338.026 127.049 93.6088 0.5
1 336.884 193.187 -11.5005 0.5
1 382.079 -42.0993 -81.6962 0.5
1 371.135 58.8167 97.0047 0.5
1 385.764 -42.5146 -85.5972 0.5
1 370.542 132.085 -26.1059 0.5
1 371.828 -9.24631 90.486 0.5
1 346.953 176.305 -4.60229 0.5
1 347.564 25.7928 -86.8553 0.5
1 343.373 118.382 -93.3829 0.5
1 343.607 85.8282 99.9343 0.5
1 335.423 27.7352 72.7167 0.5
1 376.976 110.028 51.664 0.5
1 346.051 139.28 79.0031 0.5
1 366.73 -47.6918 -43.9049 0.5
1 371.613 3.35024 95.2841 0.5
1 378.292 39.1413 98.5424 0.5
1 363.048 -51.4662 -0.532023 0.5
1 333.356 117.86 98.3851 0.5
1 334.871 100.619 -99.9461 0.5
1 354.187 147.113 55.429 0.5
1 340.976 61.4114 -96.7333 0.5
1 385.726 100.415 41.1047 0.5
1 341.755 39.5018 -88.8378 0.5
1 361.006 -47.9286 0.572467 0.5
1 355.641 67.2997 99.8236 0.5
1 346.663 146.445 -71.8702 0.5
1 387.113 -16.2291 97.3001 0.5
1 374.13 -46.5967 -65.0685 0.5
1 370.742 82.7529 -87.9738 0.5
1 341.151 169.443 -55.8001 0.5
1 381.784 -78.8992 31.2874 0.5
1 349.738 155.666 -54.1349 0.5
1 352.256 68.0851 -99.9963 0.5
1 374.382 1.82913 96.2657 0.5
1 359.122 31.4066 -97.0956 0.5
2 359.478 -123.424 64.6902 0.5
2 357.08 -6.36539 -89.3257 0.5
2 360.348 23.4884 -72.2403 0.5
2 352.716 -0.892818 -81.4723 0.5
2 377.534 48.0837 76.8567 0.5
2 378.083 68.2868 55.4363 0.5
2 378.578 -111.034 24.5086 0.5
2 355.745 46.3678 0.110536 0.5
2 380.42 80.0476 41.5888 0.5
2 337.574 14.7103 6.0667 0.5
2 338.981 -23.7548 80.8038 0.5
2 349.725 -43.3994 -97.8428 0.5
2 361.504 -103.133 80.3898 0.5
2 343.739 -51.2931 97.2871 0.5
2 365.984 -65.4714 -95.5268 0.5
2 342.545 -155.248 -61.6272 0.5
2 381.068 -96.5662 -49.6638 0.5
2 370.014 -61.8659 94.4161 0.5
2 364.253 -55.5859 -98.5974 0.5
2 349.232 -164.747 -5.77714 0.5
2 333.855 -190.674 13.1792 0.5
2 361.026 -143.627 -13.067 0.5
2 359.307 -28.5568 -98.1966 0.5
2 364.141 -67.7922 95.7922 0.5
2 368.244 64.7969 -25.1749 0.5
2 374.671 76.458 23.0402 0.5
2 366.35 49.6982 -52.7403 0.5
2 372.378 74.4348 12.1647 0.5
2 375.072 45.5311 -75.3999 0.5
2 349.928 36.1306 -5.68702 0.5
2 351.078 -11.4981 86.4767 0.5
2 347.002 -148.649 60.1684 0.5
2 370.769 -126.271 -16.3102 0.5
2 356.072 -153.029 2.69077 0.5
2 381.887 54.1562 78.056 0.5
2 363.67 59.6346 -9.58854 0.5
2 355.278 -150.221 -28.742 0.5
2 372.081 42.1396 -73.8022 0.5
2 364.429 48.3231 -49.4578 0.5
2 337.73 13.9845 15.3219 0.5
2 359.816 51.7904 17.9729 0.5
2 334.237 -2.98546 47.6837 0.5
2 352.822 -54.5965 99.916 0.5
2 344.984 -22.6165 -86.8016 0.5
2 347.219 -163.528 30.8302 0.5
2 348.578 -14.4805 85.6802 0.5
2 364.898 43.1409 -58.7553 0.5
2 373.455 76.7979 7.00201 0.5
2 333.889 -4.87422 -49.9822 0.5
2 383.824 48.6178 84.4123 0.5
2 388.418 -60.1739 -77.5511 0.5
2 355.89 30.051 -55.1295 0.5
2 353.728 40.499 21.6665 0.5
2 360.633 -127.322 57.0114 0.5
2 345.551 -141.528 71.1796 0.5
2 349.67 8.01911 -69.2179 0.5
2 379.507 15.9816 -95.8658 0.5
2 353.667 -76.2571 98.1733 0.5
2 333.4 -4.1805 -47.2094 0.5
2 365.898 -128.204 38.8179 0.5
2 381.119 -44.8357 93.6175 0.5
2 333.555 -181.561 -44.6159 0.5
2 350.262 -79.4521 -98.6587 0.5
2 365.471 61.3271 19.3312 0.5
2 354.635 -23.2379 94.6342 0.5
2 380.738 -9.49332 -99.9964 0.5
2 346.688 -168.762 -10.5321 0.5
2 380.545 -105.732 -31.0584 0.5
2 360.089 -83.7214 92.6563 0.5
2 380.41 -93.8055 -55.932 0.5
2 371.301 -126.285 -8.9698 0.5
2 333.651 -186.82 31.4684 0.5
2 339.268 -35.6163 88.5027 0.5
2 345.586 -26.6506 89.5147 0.5
2 335.063 -185.426 28.0957 0.5
2 343.457 -168.727 34.6315 0.5
2 366.664 -36.9001 -99.9762 0.5
2 337.499 -127.798 90.4894 0.5
2 385.536 -100.514 17.3663 0.5
2 361.748 37.848 58.5298 0.5
2 363.178 -13.3278 -96.1645 0.5
2 377.396 81.4765 21.7388 0.5
2 343.644 -172.886 -18.3881 0.5
2 366.859 -3.07632 94.9736 0.5
2 338.902 -52.3918 -95.2628 0.5
2 379.519 -112.033 -9.16233 0.5
2 336.865 -181.109 31.8988 0.5
2 361.952 -10.1199 94.4811 0.5
2 387.634 89.2652 48.1165 0.5
2 364.81 -126.322 46.765 0.5
2 353.487 -143.651 50.846 0.5
2 336.426 -186.532 10.5809 0.5
2 353.608 -20.237 92.8645 0.5
2 370.764 33.1208 79.4401 0.5
2 377.254 -115.829 10.4599 0.5
2 377.461 29.8697 88.8495 0.5
2 356.034 -138.508 52.0652 0.5
2 359.806 -129.342 56.1542 0.5
2 337.594 -182.266 23.5207 0.5
2 342.486 -78.6327 99.9793 0.5
2 336.108 -164.159 64.3862 0.5
2 337.076 -45.9305 -91.6351 0.5
2 351.295 -31.8385 -95.5494 0.5
2 339.197 -95.9158 -99.0679 0.5
2 370.484 62.0571 43.2554 0.5
2 346.535 -169.263 8.00019 0.5
2 377.267 53.2255 -71.824 0.5
2 387.144 -82.3121 55.6785 0.5
2 339.092 -68.6996 99.0464 0.5
2 345.192 -11.0192 79.3239 0.5
2 360.929 -45.6393 -99.9951 0.5
2 347.569 -55.7105 -99.2674 0.5
2 378.349 29.0407 90.0329 0.5
2 378.037 -92.183 63.6083 0.5
2 361.39 13.68 81.7906 0.5
2 375.388 80.1519 6.90948 0.5
2 335.159 -63.0349 -96.4921 0.5
2 384.228 78.5655 55.9794 0.5
2 338.733 11.4207 32.6554 0.5
2 344.233 -143.865 -71.126 0.5
2 374.412 48.6987 -71.4156 0.5
2 349.285 -32.5503 94.6499 0.5
2 369.897 -94.0105 -76.0869 0.5
2 367.766 -114.48 57.7073 0.5
2 333.733 -68.8383 97.3381 0.5
2 337.233 -67.849 -98.3947 0.5
2 338.671 -102.584 -98.1042 0.5
2 336.977 -182.88 -25.3215 0.5
2 357.908 -1.50128 87.5153 0.5
3 375.693 -27.3541 -75.9112 0.5
3 438.481 -7.98371 -53.5297 0.5
3 381.585 6.91192 -11.2779 0.5
3 422.771 -164.654 69.1849 0.5
3 432.34 -111.56 -98.1571 0.5
3 360.073 -98.9985 99.7854 0.5
3 411.875 -45.8217 88.4635 0.5
3 386.104 -32.8444 80.2942 0.5
3 338.43 7.46316 -4.16432 0.5
3 342.349 -31.416 79.2139 0.5
3 429.4 2.93595 -30.025 0.5
3 403.41 -20.3191 69.2612 0.5
3 396.445 -175.043 56.377 0.5
3 336.256 -191.272 15.3073 0.5
3 373.912 -153.187 79.4423 0.5
3 433.989 -171.805 -60.8507 0.5
3 354.143 -144.548 85.3571 0.5
3 409.532 -149.155 -82.3681 0.5
3 368.719 -190.81 -18.036 0.5
3 338.786 -72.0041 97.8875 0.5
3 407.923 4.07384 -26.1368 0.5
3 351.818 -163.753 70.1133 0.5
3 417.858 -18.948 67.8044 0.5
3 425.716 -19.2077 -68.0848 0.5
3 351.234 4.18818 -25.7108 0.5
3 405.245 -181.984 -44.5387 0.5
3 376.701 3.35433 28.662 0.5
3 408.814 -61.8488 -95.2027 0.5
3 422.989 -166.836 66.8332 0.5
3 342.87 -49.2956 90.2092 0.5
3 398.762 -106.725 -98.9759 0.5
3 343.27 -31.0988 -78.9685 0.5
3 397.065 -46.648 -88.8942 0.5
3 430.985 2.4576 -31.5044 0.5
3 424.848 -129.509 -92.8797 0.5
3 372.064 -116.938 96.9553 0.5
3 377.424 -38.475 -84.1825 0.5
3 346.004 -75.9581 -98.6307 0.5
3 370.249 -165.711 -68.0649 0.5
3 383.201 -191.132 -16.1841 0.5
3 360.224 -189.669 23.4187 0.5
3 360.164 -180.07 48.1957 0.5
3 376.616 -73.7009 98.2266 0.5
3 361.946 -178.97 -50.1421 0.5
3 340.274 -164.652 -69.1874 0.5
3 390.732 -31.2021 79.0486 0.5
3 415.868 -167.205 -66.4204 0.5
3 369.036 -138.647 88.6894 0.5
3 383.82 -144.427 -85.4309 0.5
3 377.464 -190.817 17.9994 0.5
3 408.777 -17.3062 -65.9803 0.5
3 440.78 -114.895 97.4485 0.5
3 436.678 -186.569 33.7876 0.5
3 396.852 -188.631 27.3721 0.5
3 431.645 -14.7709 -62.9757 0.5
3 342.622 -165.147 -68.6671 0.5
3 343.209 -140.36 -87.776 0.5
3 336.29 -135.509 90.2547 0.5
3 339.746 -74.7666 -98.4241 0.5
3 358.351 -27.5388 76.0692 0.5
3 434.524 -173.211 -58.9721 0.5
3 391.592 -163.501 -70.3687 0.5
3 442.443 -30.2044 -78.2654 0.5
3 405.514 6.87943 11.5606 0.5
3 387.381 -174.816 56.7086 0.5
3 336.586 -170.265 -62.808 0.5
3 435.496 -191.205 15.7281 0.5
3 421.272 -15.6756 -64.0755 0.5
3 407.88 -179.03 -50.0396 0.5
3 423.471 -88.0652 99.9038 0.5
3 364.191 -139.894 -88.0291 0.5
3 412.26 -44.7819 87.9076 0.5
3 346.708 -19.017 -67.8791 0.5
3 424.692 -190.884 -17.6289 0.5
3 392.11 -189.956 -22.1941 0.5
3 391.382 -191.608 -12.9487 0.5
3 393.063 -113.856 -97.6821 0.5
3 419.404 -145.771 84.5983 0.5
3 437.654 -84.8948 99.7142 0.5
3 407.232 5.99746 -17.5522 0.5
3 438.611 -1.76727 42.15 0.5
3 369.375 -124.369 -94.7689 0.5
3 347.505 5.14491 -21.7994 0.5
3 341.119 -139.954 87.9966 0.5
3 443.136 -37.4557 83.5202 0.5
3 361.776 -167.754 -65.7979 0.5
3 375.305 -192.436 1.6535 0.5
3 411.808 -45.497 -88.2916 0.5
3 368.246 -98.4954 -99.8171 0.5
3 356.983 -182.837 -42.7801 0.5
3 403.528 -33.2637 80.6038 0.5
3 356.692 -192.449 -0.473132 0.5
3 342.07 -91.5531 99.996 0.5
3 347.165 -167.545 -66.0361 0.5
3 352.785 -121.291 -95.7508 0.5
3 365.761 -12.0747 -59.4962 0.5
3 385.072 -22.0785 71.0482 0.5
3 373.406 -150.12 -81.6955 0.5
3 421.31 -174.381 57.3357 0.5
3 416.373 -120.08 96.1072 0.5
3 409.838 -179.576 -49.0819 0.5
3 338.626 -183.403 41.5633 0.5
3 427.581 -8.32542 -54.0652 0.5
3 395.061 -38.8911 -84.4479 0.5
3 380.5 -156.342 -76.9275 0.5
3 443.451 -14.0503 -62.0764 0.5
3 348.699 -172.518 59.9096 0.5
3 440.474 -120.933 95.8579 0.5
3 372.241 -113.73 -97.7096 0.5
3 387.896 -192.316 5.1744 0.5
3 358.141 -189.64 23.5402 0.5
3 409.603 -76.2605 -98.6808 0.5
3 363.806 -41.7295 -86.1825 0.5
3 375.09 -93.4069 99.9954 0.5
3 345.42 -190.667 18.8022 0.5
3 414.972 -10.9851 -57.9953 0.5
3 337.211 -186.8 33.1384 0.5
3 433.425 -74.8901 -98.4462 0.5
3 406.219 -170.665 -62.3091 0.5
3 433.66 -101.655 -99.5754 0.5
3 426.576 -174.783 56.757 0.5
3 380.125 6.96238 10.8241 0.5
3 388.452 -191.833 11.0925 0.5
3 434.799 -171.124 -61.728 0.5
3 391.424 -43.577 87.2435 0.5
3 429.874 -135.055 90.4698 0.5
3 423.002 -179.524 -49.175 0.5
3 347.047 -64.2109 95.9299 0.5
3 416.654 3.58379 27.8836 0.5
3 357.794 -81.5778 -99.4072 0.5
3 408.598 -181.597 -45.3089 0.5
3 432.456 -52.8442 -91.8225 0.5
3 349.339 -2.73028 44.1628 0.5
3 427.547 5.78499 18.7048 0.5
3 403.888 -125.708 94.3077 0.5
3 334.128 4.11663 -25.9782 0.5
3 356.315 -192.31 5.29702 0.5
3 363.583 2.80456 -30.4393 0.5
3 404.43 -28.353 -76.7565 0.5
3 336.545 -47.4571 89.3064 0.5
3 369.545 -183.19 -42.026 0.5
3 394.536 -192.449 0.539522 0.5
3 413.216 0.385493 -37.1693 0.5
3 397.86 -76.3634 -98.6976 0.5
3 353.397 -192.289 5.6758 0.5
3 395.554 3.50604 28.15 0.5
3 426.689 -21.5698 70.5406 0.5
4 483.386 -166.807 99.7612 0.5
4 498.251 -249.927 -76.602 0.5
4 498.726 -89.2855 23.571 0.5
4 466.392 -168.561 92.4594 0.5
4 487.172 -257.457 -41.4614 0.5
4 457.32 -19.8004 31.3736 0.5
4 496.899 -92.4617 41.804 0.5
4 476.05 -67.7097 60.6842 0.5
4 453.436 -52.0329 -82.8552 0.5
4 472.026 -61.2483 -61.3444 0.5
4 484.322 -174.108 99.2046 0.5
4 491.498 -94.2641 60.4186 0.5
4 486.812 -142.621 97.2691 0.5
4 488.074 -216.668 87.3683 0.5
4 448.076 -16.1458 -56.3763 0.5
4 497.817 -141.641 90.1617 0.5
4 456.097 -209.6 -24.4412 0.5
4 456.525 -211.528 19.1262 0.5
4 449.302 -122.965 97.5271 0.5
4 456.456 -206 37.3937 0.5
4 460.627 -77.5555 90.3196 0.5
4 469.841 -234.451 19.8369 0.5
4 445.017 1.56359 31.2087 0.5
4 471.923 -230.329 -42.9975 0.5
4 479.511 -105.956 88.143 0.5
4 463.067 -114.621 99.4902 0.5
4 489.934 -269.853 16.6022 0.5
4 497.827 -87.3111 -21.7752 0.5
4 494.558 -244.383 -75.8784 0.5
4 465.992 -90.5399 -91.9832 0.5
4 496.192 -118.493 77.1796 0.5
4 494.753 -262.927 -55.2689 0.5
4 474.579 -78.0725 74.6195 0.5
4 493.082 -226.093 86.9461 0.5
4 497.011 -170.975 -99.2127 0.5
4 473.926 -52.691 -41.8462 0.5
4 460.667 -141.379 -97.8064 0.5
4 445.773 2.67758 -22.5269 0.5
4 491.087 -208.367 -93.6261 0.5
4 478.66 -129.63 97.5311 0.5
4 448.374 -184.89 -51.641 0.5
4 490.414 -80.6619 -40.5482 0.5
4 496.591 -193.268 99.4474 0.5
4 469.995 -37.3926 -11.7006 0.5
4 492.231 -269.426 -33.5394 0.5
4 477.411 -51.1384 17.7557 0.5
4 449.095 -8.89882 40.1044 0.5
4 487.864 -122.79 -89.3711 0.5
4 471.132 -124.423 98.9793 0.5
4 477.395 -249.24 -7.50592 0.5
4 465.394 -32.4453 26.9864 0.5
4 471.167 -42.1324 25.8467 0.5
4 477.593 -231.907 -57.177 0.5
4 465.989 -75.9627 84.292 0.5
4 458.378 -136.519 -97.9928 0.5
4 474.276 -44.2856 5.76419 0.5
4 457.554 -38.7376 64.4996 0.5
4 468.758 -139.742 99.8657 0.5
4 462.599 -56.0928 -73.5044 0.5
4 473.883 -207.758 76.5703 0.5
4 463.237 -224.812 6.13159 0.5
4 476.438 -235.5 48.1661 0.5
4 498.847 -284.967 -18.4166 0.5
4 476.9 -248.086 -10.7412 0.5
4 465.46 -115.349 -99.0845 0.5
4 474.423 -45.5761 15.4521 0.5
4 457.039 -208.816 32.5598 0.5
4 456.334 -13.1617 -4.87094 0.5
4 449.33 -137.166 -93.1971 0.5
4 481.244 -150.466 99.8361 0.5
4 478.003 -212.746 78.3247 0.5
4 475.688 -171.246 96.9064 0.5
4 468.828 -58.0894 64.2912 0.5
4 481.761 -89.6651 -73.8558 0.5
4 467.911 -33.9189 -12.8054 0.5
4 450.277 -20.2987 56.8702 0.5
4 487.688 -228.086 -79.4419 0.5
4 466.14 -157.989 96.0112 0.5
4 445.674 -193.402 15.2994 0.5
4 473.684 -198.59 -83.188 0.5
4 483.709 -253.47 -36.7236 0.5
4 462.829 -112.201 99.2662 0.5
4 472.561 -239.993 -15.1692 0.5
4 496.311 -85.9545 26.839 0.5
4 446.154 -182.687 48.8148 0.5
4 497.099 -84.6727 -14.2635 0.5
4 482.208 -253.413 29.487 0.5
4 457.595 -18.9821 -27.1431 0.5
4 457.791 -23.4048 -38.8096 0.5
4 467.687 -222.044 -44.9339 0.5
4 471.991 -181.218 -91.1834 0.5
4 467.106 -113.382 98.3076 0.5
4 480.328 -250.225 29.2584 0.5
4 466.338 -219.774 -44.8012 0.5
4 492.806 -129.358 88.3429 0.5
4 478.727 -114.77 92.8792 0.5
4 451.677 -61.997 -90.2925 0.5
4 494.361 -267.807 45.7904 0.5
4 471.083 -123.646 -98.8771 0.5
4 461.766 -203.09 -59.1384 0.5
4 469.169 -104.447 95.1297 0.5
4 497.118 -135.92 -87.8557 0.5
4 460.102 -88.6688 95.1061 0.5
4 455.289 -29.0129 56.9195 0.5
4 445.086 -163.985 70.9967 0.5
4 497.684 -91.0129 35.0656 0.5
4 496.092 -200.622 -98.233 0.5
4 479.039 -61.4868 41.7178 0.5
4 469.27 -214.858 60.7787 0.5
4 482.107 -105.023 85.0105 0.5
4 455.074 -13.3725 22.2741 0.5
4 481.098 -56.7659 -12.8558 0.5
4 445.877 -192.532 -21.7789 0.5
4 461.675 -221.228 14.5615 0.5
4 491.471 -267.401 -35.4688 0.5
4 490.391 -271.035 14.0816 0.5
4 455.552 -32.9017 -61.5846 0.5
4 489.771 -185.448 -98.9445 0.5
5 505.987 -274.077 28.7689 0.5
5 515.596 -112.842 87.2726 0.5
5 526.898 -116.774 -96.7435 0.5
5 504.654 -146.102 93.8553 0.5
5 547.681 -124.747 -98.244 0.5
5 504.85 -94.0753 -50.6926 0.5
5 542.491 -15.0852 1.13106 0.5
5 543.023 -115.784 99.9868 0.5
5 534.108 -77.9416 -85.6248 0.5
5 519.612 -254.543 -5.71638 0.5
5 506.69 -118.041 80.7055 0.5
5 551.869 -198.832 -0.720366 0.5
5 541.21 -207.956 42.2033 0.5
5 534.341 -83.6261 -89.0141 0.5
5 544.23 -118.219 -99.8106 0.5
5 532.663 -141.823 -99.5263 0.5
5 550.214 -153.833 85.3365 0.5
5 509.554 -217.105 89.3145 0.5
5 508.136 -117.219 81.9104 0.5
5 542.612 -67.3946 -88.012 0.5
5 515.703 -133.603 96.0368 0.5
5 500.664 -278.86 40.7184 0.5
5 515.271 -191.238 95.6987 0.5
5 525.32 -54.9687 43.8971 0.5
5 549.954 -5.52208 25.7404 0.5
5 501.625 -88.7765 23.976 0.5
5 533.514 -210.996 59.5053 0.5
5 550.611 -200.944 -3.74179 0.5
5 542.162 -187.855 -69.1827 0.5
5 547.046 -205.64 17.5368 0.5
5 502.691 -151.954 94.7211 0.5
5 501.891 -86.6149 15.5395 0.5
5 549.438 -84.8263 -98.3263 0.5
5 536.977 -187.759 -77.554 0.5
5 520.304 -82.6469 -70.56 0.5
5 518.579 -147.931 99.6326 0.5
5 501.08 -88.2881 17.1614 0.5
5 553.649 3.78158 -9.64632 0.5
5 535.611 -93.6464 -94.2755 0.5
5 502.293 -112.131 -68.799 0.5
5 501.398 -262.405 64.8141 0.5
5 533.861 -55.3348 -66.4916 0.5
5 506.002 -239.673 -78.9364 0.5
5 502.731 -267.519 -54.9128 0.5
5 554.604 2.86569 -24.4547 0.5
5 542.087 -189.134 -67.9628 0.5
5 506.251 -247.267 71.9787 0.5
5 530.339 -183.167 -88.2452 0.5
5 528.747 -131.48 99.7255 0.5
5 542.722 -120.489 -99.8311 0.5
5 504.427 -250.007 72.381 0.5
5 555.306 -188.775 -28.3647 0.5
5 514.532 -263.44 3.6015 0.5
5 524.122 -48.8943 -19.9016 0.5
5 533.448 -89.7866 91.2291 0.5
5 537.302 -45.3363 61.6567 0.5
5 554.431 -60.5349 -94.0922 0.5
5 529.122 -177.051 -92.1587 0.5
5 528.447 -40.4798 -14.627 0.5
5 508.614 -207.577 -94.1068 0.5
5 552.848 -166.188 72.3347 0.5
5 514.309 -254.181 42.9868 0.5
5 546.666 -129.062 97.7237 0.5
5 537.937 -27.9801 -31.2662 0.5
5 503.487 -96.5392 50.8662 0.5
5 544.73 -89.0311 97.5117 0.5
5 532.947 -118.867 -99.1849 0.5
5 529.813 -209.199 69.2297 0.5
5 522.245 -61.0497 -45.4097 0.5
5 528.145 -40.8392 13.4765 0.5
5 543.598 -16.6586 -26.2158 0.5
5 506.071 -103.011 65.9754 0.5
5 546.058 -153.961 -89.2719 0.5
5 513.733 -175.991 99.3817 0.5
5 541.816 -87.9511 -95.9128 0.5
5 527.601 -238.143 -23.1903 0.5
5 554.893 -176.246 -56.2952 0.5
5 552.931 -126.243 95.6273 0.5
5 535.802 -58.2805 -72.9633 0.5
5 516.53 -223.637 -77.1756 0.5
5 549.786 -157.65 83.3801 0.5
5 530.293 -52.8668 -55.2687 0.5
5 513.314 -141.09 96.9462 0.5
5 535.744 -160.832 94.0183 0.5
5 501.852 -209.158 -97.1532 0.5
5 503.284 -87.3406 29.1845 0.5
5 539.309 -152.201 -94.8719 0.5
5 507.089 -83.2226 36.3138 0.5
5 520.291 -93.0863 -79.6646 0.5
5 540.412 -117.043 -99.9866 0.5
5 530.514 -89.0085 88.3652 0.5
5 510.967 -217.359 -87.9016 0.5
5 516.505 -228.715 72.7339 0.5
5 508.014 -273.839 13.7903 0.5
5 521.507 -229.834 -62.0641 0.5
5 514.43 -196.71 -94.3879 0.5
5 542.78 -201.184 -49.9944 0.5
5 533.286 -121.474 -99.5431 0.5
5 500.362 -208.288 97.9302 0.5
5 511.672 -134.262 93.9709 0.5
5 537.308 -24.9736 -13.5195 0.5
5 509.47 -237.773 -75.5628 0.5
5 537.205 -33.5881 42.2288 0.5
5 541.402 -40.3179 64.2273 0.5
5 534.917 -227.03 15.2357 0.5
5 535.012 -214.313 -50.5532 0.5
5 548.426 -6.52268 18.4854 0.5
5 514.541 -155.429 -99.6747 0.5
5 505.48 -270.015 41.8281 0.5
5 544.066 -22.0144 42.8872 0.5
5 504.9 -160.686 -98.08 0.5
5 503.843 -88.7837 36.1553 0.5
5 528.749 -81.3052 81.7618 0.5
5 505.418 -276.362 -24.0276 0.5
5 554.846 -178.81 -52.4649 0.5
5 512.472 -116.05 -86.0041 0.5
5 528.536 -229.447 -43.1806 0.5
5 519.327 -220.967 75.3295 0.5
5 500.781 -262.958 -65.415 0.5
5 544.436 -20.5536 -41.1164 0.5
5 534.46 -227.666 -16.2104 0.5
5 517.86 -257.332 -9.02373 0.5
5 533.889 -45.3692 53.3038 0.5
5 539.822 -155.77 -93.269 0.5
5 546.81 -76.4326 95.0195 0.5
5 505.682 -105.914 68.4301 0.5
5 524.407 -46.4887 -4.17118 0.5
5 519.391 -101.02 -84.1218 0.5
5 508.888 -223.529 86.4584 0.5
6 569.499 -116.858 96.9755 0.5
6 662.187 -110.611 -98.3371 0.5
6 588.754 -57.1776 93.5727 0.5
6 632.07 -78.2118 -98.9812 0.5
6 660.274 -184.42 -39.2617 0.5
6 646.311 -15.9013 -64.345 0.5
6 620.431 7.54364 -1.11979 0.5
6 652.776 -102.401 99.5036 0.5
6 582.628 -13.4045 61.2519 0.5
6 598.369 -28.752 -77.0879 0.5
6 586.824 -192.276 -5.899 0.5
6 593.963 -187.442 31.2487 0.5
6 609.371 -3.31381 -45.3291 0.5
6 593.023 -163.054 -70.8174 0.5
6 606.839 -173.073 -59.1609 0.5
6 626.087 -192.167 7.51939 0.5
6 601.491 -192.244 -6.41031 0.5
6 571.642 -88.4388 -99.9195 0.5
6 650.694 -22.997 71.9463 0.5
6 559.705 7.2209 -8.10513 0.5
6 638.755 3.8689 26.8822 0.5
6 632.138 -170.444 -62.5855 0.5
6 577.302 -109.923 -98.4616 0.5
6 665.787 -167.782 65.7652 0.5
6 595.544 -24.5457 -73.4097 0.5
6 611.256 7.10461 9.42666 0.5
6 586.349 -166.46 67.2498 0.5
6 622.96 -131.924 -91.8793 0.5
6 618.027 -56.1306 93.1713 0.5
6 618.885 -13.8497 -61.8222 0.5
6 560.458 -102.412 99.5026 0.5
6 653.436 -25.4639 74.2486 0.5
6 654.653 -175.722 -55.3693 0.5
6 641.231 -29.8221 77.9598 0.5
6 657.085 -177.88 -51.9786 0.5
6 651.921 -143.793 -85.8132 0.5
6 637.247 -160.845 72.9529 0.5
6 622.27 -175.77 55.2971 0.5
6 571.048 -41.4121 85.9949 0.5
6 580.218 -179.62 -49.0038 0.5
6 624.912 4.78963 23.3332 0.5
6 569.005 -123.808 94.9561 0.5
6 606.325 -17.2767 -65.9466 0.5
6 627.031 -9.43625 -55.7557 0.5
6 655.866 1.17075 -35.1445 0.5
6 656.733 -133.281 -91.2845 0.5
6 595.019 -128.167 93.4038 0.5
6 622.683 -141.826 86.9598 0.5
6 571.775 -54.5325 92.5325 0.5
6 651.47 -131.606 92.0153 0.5
6 579.472 -192.38 3.75636 0.5
6 645.106 -175.439 55.7922 0.5
6 568.004 -185.44 36.7824 0.5
6 611.472 -167.127 -66.5084 0.5
6 606.119 7.51377 -2.68817 0.5
6 633.786 -180.567 47.2795 0.5
6 664.73 -4.49043 47.572 0.5
6 652.267 -18.1903 66.9738 0.5
6 661.078 2.76475 -30.5636 0.5
6 600.958 -64.0298 -95.8764 0.5
6 581.505 4.3878 24.9484 0.5
6 628.025 0.742333 -36.2653 0.5
6 575.463 3.92995 -26.6625 0.5
6 616.05 -192.134 -7.94845 0.5
6 654.477 -65.8404 96.3946 0.5
6 631.665 -68.2867 97.0368 0.5
6 642.585 6.44623 14.8161 0.5
6 627.45 -156.989 76.3853 0.5
6 577.311 -182.546 43.3909 0.5
6 599.782 -176.391 54.3508 0.5
6 594.517 -11.5432 -58.7714 0.5
6 588.633 -189.546 23.9262 0.5
6 655.791 -155.188 77.8716 0.5
6 609.327 -42.768 86.7853 0.5
6 590.367 6.54509 14.1405 0.5
6 607.898 -12.0549 -59.4694 0.5
6 572.254 -42.683 -86.7366 0.5
6 645.521 -73.8006 -98.2456 0.5
6 571.847 -12.9152 60.6151 0.5
6 626.09 -190.899 -17.5444 0.5
6 582.456 -74.1305 98.3076 0.5
6 581.401 -56.9781 -93.4973 0.5
6 626.637 -40.796 -85.6262 0.5
6 560.91 -175.378 55.8831 0.5
6 611.294 -2.05217 -42.7576 0.5
6 609.388 0.167063 37.7103 0.5
6 592.846 -131.438 92.0866 0.5
6 601.462 -131.899 91.8902 0.5
6 664.035 5.4256 20.5024 0.5
6 571.275 -74.7937 -98.4289 0.5
6 624.221 -109.317 -98.5673 0.5
6 558.528 -139.674 -88.1469 0.5
6 582.164 -91.4588 99.9951 0.5
6 584.218 -30.1137 -78.1932 0.5
6 557.027 -153.287 79.3655 0.5
6 648.032 -97.3581 -99.8795 0.5
6 563.667 -138.155 -88.9442 0.5
6 646.282 -156.537 76.7646 0.5
6 592.405 -179.792 -48.6965 0.5
6 610.642 -8.67619 54.6071 0.5
6 609.152 4.89072 22.9078 0.5
6 634.271 -11.6594 58.931 0.5
6 572.327 -4.41518 47.4326 0.5
6 599.777 -73.1145 -98.1129 0.5
6 613.006 -119.942 96.1467 0.5
6 665.881 -44.2866 87.6372 0.5
6 654.563 -173.517 -58.5508 0.5
6 607.141 -173.353 58.7773 0.5
6 655.363 -9.13381 55.3028 0.5
6 564.038 -82.9876 -99.5513 0.5
6 591.555 -86.2963 99.8105 0.5
6 592.847 -164.372 -69.4783 0.5
6 557.174 -65.3465 96.2569 0.5
6 557.009 3.45 28.3403 0.5
6 566.021 -181.268 -45.9494 0.5
6 595.52 -174.106 57.7257 0.5
6 567.724 -0.931849 -40.304 0.5
6 664.926 -159.785 73.9324 0.5
6 559.309 -188.401 28.1694 0.5
6 617.857 -12.6477 60.2626 0.5
6 576.658 -18.1165 66.8919 0.5
6 609.714 -13.0675 60.8146 0.5
6 658.079 -58.8356 94.181 0.5
6 579.306 -161.462 -72.3692 0.5
6 665.813 -176.173 -54.6849 0.5
6 558.845 -180.034 48.2596 0.5
6 602.149 -56.5705 -93.3416 0.5
6 596.507 -30.166 -78.2348 0.5
6 647.701 -192.143 7.8256 0.5
6 577.174 -19.4929 -68.3904 0.5
6 620.723 -121.33 95.7391 0.5
6 566.673 -97.1513 99.8894 0.5
6 606.339 -47.1209 -89.1362 0.5
7 620.501 -47.6455 93.6163 0.5
7 636.589 -58.63 -98.3159 0.5
7 641.278 -146.684 -18.8468 0.5
7 616.065 47.2527 -85.3816 0.5
7 614.904 89.375 38.7922 0.5
7 653.944 -144.753 -66.8844 0.5
7 652.824 -142.521 -67.2077 0.5
7 632.395 -34.7129 -99.9868 0.5
7 626.195 54.7967 63.626 0.5
7 663.693 -71.6394 98.7662 0.5
7 651.773 -18.6765 -87.739 0.5
7 625.647 -110.974 -44.4622 0.5
7 656.582 -94.9545 -97.9855 0.5
7 624.275 -117.104 -19.5056 0.5
7 617.137 91.821 -17.3475 0.5
7 621.428 64.0985 -62.3365 0.5
7 664.811 -185.824 -25.8969 0.5
7 661.33 15.8721 13.5359 0.5
7 648.603 -19.5726 -90.9412 0.5
7 666.553 7.73216 -1.70624 0.5
7 637.075 -115.078 -67.3897 0.5
7 642.201 -44.6657 99.8536 0.5
7 637.052 -129.5 46.8543 0.5
7 619.8 -71.7725 -79.6241 0.5
7 638.952 53.7833 18.7321 0.5
7 631.906 -112.761 59.3023 0.5
7 634.348 20.9042 81.9018 0.5
7 659.965 -15.4972 75.6963 0.5
7 662.286 11.6876 -26.0396 0.5
7 639.146 54.3297 -13.2985 0.5
7 659.488 -41.3517 92.2227 0.5
7 655.711 -160.737 -48.8392 0.5
7 655.215 13.9064 50.1395 0.5
7 633.078 -134.267 -1.0766 0.5
7 654.715 -112.491 -91.324 0.5
7 652.56 31.9514 2.50255 0.5
7 636.809 51.0991 -39.5782 0.5
7 627.343 -94.2868 -71.4668 0.5
7 664.307 -16.7644 69.8118 0.5
7 650.569 -140.198 -65.4233 0.5
7 616.524 -76.1932 70.8281 0.5
7 644.138 -151.717 -18.4254 0.5
7 639.714 -114.598 72.5417 0.5
7 615.208 45.409 87.3235 0.5
7 630.72 53.4247 54.8522 0.5
7 635.514 -75.4859 92.9053 0.5
7 660.797 -25.9356 -82.6129 0.5
7 623.299 -12.7271 99.8938 0.5
7 643.26 -2.61165 -87.0043 0.5
7 622.896 4.80842 -97.6735 0.5
7 624.86 -101.917 -57.4102 0.5
7 625.315 78.9612 6.51054 0.5
7 655.709 9.2755 -56.1507 0.5
7 611.757 102.381 -7.40487 0.5
7 634.942 -100.388 -77.7512 0.5
7 635.722 -48.395 99.5437 0.5
7 623.656 -17.5003 -99.999 0.5
7 640.035 -99.1445 -84.9104 0.5
7 611.271 73.6 71.3138 0.5
7 629.983 38.7133 -73.6661 0.5
7 617.023 -104.326 20.5698 0.5
7 637.537 -25.7816 -98.6768 0.5
7 644.268 -145.42 39.7378 0.5
7 626.096 -98.1058 65.0795 0.5
7 631.651 -94.6096 -77.8152 0.5
7 629.859 1.30435 95.3931 0.5
7 615.198 -91.1246 47.8277 0.5
7 634.808 -136.922 -8.33144 0.5
7 616.413 -55.793 -86.3791 0.5
7 646.969 29.9731 -46.9249 0.5
7 623.985 -111.037 -37.9653 0.5
7 619.798 -100.599 44.9503 0.5
7 656.798 -166.717 -40.6602 0.5
7 636.336 40.8267 58.9962 0.5
7 627.255 -90.1098 -75.1937 0.5
7 617.448 -74.3615 74.0901 0.5
7 616.888 10.5563 98.5808 0.5
7 639.923 52.002 -19.2448 0.5
7 653.092 30.1616 13.3868 0.5
7 653.391 23.7 -36.361 0.5
7 632.851 -118.153 53.8331 0.5
7 635.154 37.0467 -66.2391 0.5
7 648.654 -35.917 -96.7376 0.5
7 661.145 -111.306 -95.8769 0.5
7 622.824 14.4586 -95.083 0.5
7 640.483 52.746 5.56759 0.5
7 633.626 4.36965 91.8285 0.5
7 638.509 34.3237 62.5746 0.5
7 626.96 71.1441 31.7643 0.5
7 612.22 -97.1995 -13.7185 0.5
7 631.967 65.4691 20.776 0.5
7 651.744 21.4199 47.4547 0.5
7 627.593 -24.2687 -99.9987 0.5
7 639.236 43.8513 -46.003 0.5
7 655.28 -172.386 -8.25871 0.5
7 619.511 -51.6388 -91.2695 0.5
7 621.77 -114.332 -8.41538 0.5
7 622.801 -89.0552 -68.7879 0.5
7 618.849 89.8786 9.92207 0.5
7 629.726 -58.9322 -95.2463 0.5
7 639.437 -83.5067 92.408 0.5
7 645.182 -150.733 -29.6789 0.5
7 652.341 -50.5403 -98.5275 0.5
7 626.211 -102.642 59.648 0.5
7 657.233 -0.555502 65.5094 0.5
7 657.107 -159.95 -54.169 0.5
7 650.82 11.4744 -64.4297 0.5
7 638.03 33.7129 -64.3279 0.5
7 651.593 13.289 -60.4887 0.5
7 620.748 26.061 92.0908 0.5
7 645.645 40.4123 26.404 0.5
7 651.11 24.9342 -42.6702 0.5
7 664.568 -158.808 -71.4207 0.5
7 647.113 -147.039 -46.6385 0.5
7 614.071 -100 -16.3819 0.5
7 618.096 1.84956 -99.4811 0.5
7 642.688 -0.191796 86.179 0.5
7 646.663 -157.646 -5.60391 0.5
7 612.332 -98.1234 6.57034 0.5
7 650.821 24.2462 45.1026 0.5
7 660.911 -108.294 -96.6109 0.5
7 632.589 52.7826 50.6779 0.5
7 638.455 -101.761 81.3369 0.5
7 625.561 -114.13 37.0685 0.5
8 620.747 -46.5714 -74.2038 0.5
8 618.013 -17.1924 94.4251 0.5
8 655.44 -19.1452 -7.73689 0.5
8 611.725 -88.0284 37.0898 0.5
8 623.109 -66.7163 40.8597 0.5
8 618.88 71.8231 -83.7839 0.5
8 656.217 178.265 -26.7214 0.5
8 632.018 130.665 -42.1598 0.5
8 611.577 27.368 97.3692 0.5
8 627.686 82.4965 -86.5946 0.5
8 656.115 180.289 16.8827 0.5
8 638.552 143.601 38.4874 0.5
8 627.137 20.5736 99.3976 0.5
8 624.837 45.3248 98.4075 0.5
8 625.576 62.7978 94.0536 0.5
8 658.418 184.69 14.2703 0.5
8 634.461 143.529 11.7123 0.5
8 621.922 -58.7775 -58.2575 0.5
8 644.177 156.648 29.3335 0.5
8 656.174 141.963 79.8969 0.5
8 657.722 184.228 -7.46953 0.5
8 653.234 -22.0779 -15.3728 0.5
8 622.514 117.42 -34.403 0.5
8 640.466 58.7635 -99.9141 0.5
8 639.187 145.662 36.0975 0.5
8 664.818 191.645 -31.69 0.5
8 614.542 73.7662 76.7961 0.5
8 641.35 43.4983 99.1964 0.5
8 658.148 168.71 -55.0785 0.5
8 643.175 97.88 92.2629 0.5
8 642.913 43.3054 -98.7832 0.5
8 643.326 129.087 71.8878 0.5
8 632.034 109.682 -71.7379 0.5
8 628.493 -44.2114 -62.4629 0.5
8 651.84 169.791 -29.7501 0.5
8 636.459 95.9952 -87.5533 0.5
8 644.618 -37.8716 7.9657 0.5
8 644.067 -39.0048 5.27177 0.5
8 642.64 -15.1334 -67.7881 0.5
8 666.653 5.74068 33.4635 0.5
8 659.124 -6.74368 34.989 0.5
8 619.676 60.075 -90.9979 0.5
8 639.446 45.8145 -99.7521 0.5
8 663.655 1.346 35.6287 0.5
8 639.571 5.90225 88.1781 0.5
8 647.488 78.8745 -99.2661 0.5
8 646.103 103.91 91.8565 0.5
8 647.656 110.919 89.8749 0.5
8 622.912 43.9486 98.0336 0.5
8 641.054 104.927 -87.0093 0.5
8 650.973 138.398 -75.4932 0.5
8 664.19 -0.206854 -28.2841 0.5
8 617.639 -4.00552 98.1616 0.5
8 640.949 -39.6102 -31.0261 0.5
8 613.661 79.693 -69.9109 0.5
8 651.958 75.6224 99.994 0.5
8 623.81 124.91 -13.089 0.5
8 619.811 118.079 12.336 0.5
8 644.394 136.776 65.7403 0.5
8 631.282 138.635 -3.9133 0.5
8 647.019 -32.6228 16.7219 0.5
8 615.051 11.9205 99.9913 0.5
8 612.855 -1.04272 99.6924 0.5
8 628.616 -61.9086 27.9874 0.5
8 654.509 115.385 93.1232 0.5
8 659.849 -9.60197 -20.8924 0.5
8 612.362 78.4252 -68.893 0.5
8 662.371 185.666 36.484 0.5
8 643.591 158.973 -14.5117 0.5
8 634.744 -42.4488 -49.028 0.5
8 648.954 77.5061 99.6644 0.5
8 615.894 43.6119 -94.8917 0.5
8 627.681 121.05 46.4166 0.5
8 635.071 145.261 1.68646 0.5
8 655.229 -9.8293 -43.5517 0.5
8 664.327 167.566 69.791 0.5
8 623.458 7.60641 98.4473 0.5
8 666.537 59.9452 -91.7258 0.5
8 635.769 133.832 -48.6855 0.5
8 647.997 167.653 -1.45572 0.5
8 645.335 139.529 -64.4301 0.5
8 663.847 79.5115 -98.7749 0.5
8 612.4 -92.9061 14.6981 0.5
8 645.536 149.807 -50.3372 0.5
8 630.915 49.5311 -99.3417 0.5
8 641.1 27.6718 -95.9867 0.5
8 664.266 -1.81605 -21.5122 0.5
8 646.414 127.755 -77.7944 0.5
8 646.695 28.6785 93.0103 0.5
8 652.678 171.44 -29.1101 0.5
8 619.565 101.301 55.9484 0.5
8 631.455 -60.521 9.65387 0.5
8 642.99 -30.5551 -44.515 0.5
8 644.773 160.752 16.2383 0.5
8 626.114 22.0033 99.6986 0.5
8 614.958 17.2694 99.7664 0.5
8 652.139 104.955 95.3567 0.5
8 636.148 144.246 -23.8851 0.5
8 654.92 179.585 -3.70696 0.5
8 660.075 125.175 93.0647 0.5
8 660.556 3.73715 51.5681 0.5
8 649.089 100.382 95.1297 0.5
8 616.157 98.1596 -51.6218 0.5
8 627.336 66.4462 93.8351 0.5
8 634.346 73.5154 95.5509 0.5
8 613.008 -33.9277 91.2142 0.5
8 625.52 128.323 9.0315 0.5
8 657.708 -5.55018 43.5202 0.5
8 660.186 91.7118 99.9569 0.5
8 629.962 89.8961 84.5043 0.5
8 614.767 108.092 -19.9734 0.5
8 632.797 141.25 -4.14245 0.5
8 634.319 129.11 52.4554 0.5
8 634.391 30.1792 -99.0268 0.5
8 650.771 -26.5712 13.8254 0.5
8 662.892 55.8796 92.6691 0.5
8 643.979 -37.8459 16.9704 0.5
8 633.768 -3.81265 88.3566 0.5
9 727.017 74.2291 96.6222 0.5
9 814.99 33.7047 74.8661 0.5
9 798.24 47.459 85.0849 0.5
9 725.197 52.7831 -88.1508 0.5
9 767.089 174.899 -66.2584 0.5
9 923.618 11.4415 46.4478 0.5
9 944.006 64.8187 -93.607 0.5
9 891.331 187.248 -48.8655 0.5
9 785.375 188.887 45.8152 0.5
9 699.545 19.3528 -59.1273 0.5
9 918.28 38.1252 -78.559 0.5
9 877.696 26.2334 -67.5166 0.5
9 775.153 199.753 7.02846 0.5
9 912.445 198.705 16.0418 0.5
9 876.662 60.4184 -91.833 0.5
9 725.195 40.3536 80.264 0.5
9 896.947 4.09786 -28.3334 0.5
9 692.446 164.398 -76.5041 0.5
9 761.675 0.119741 -4.89222 0.5
9 701.931 177.971 -62.6135 0.5
9 944.209 199.433 10.6348 0.5
9 799.86 20.8594 61.1291 0.5
9 713.398 152.232 -85.2748 0.5
9 909.693 108.955 -99.5983 0.5
9 858.151 128.627 95.815 0.5
9 976.137 193.588 35.2324 0.5
9 790.254 192.059 -39.0521 0.5
9 714.987 189.527 -44.5532 0.5
9 884.328 197.315 -23.0182 0.5
9 765.71 6.76849 36.1647 0.5
9 677.064 61.2068 92.1688 0.5
9 745.067 115.324 -98.8189 0.5
9 858.993 18.6746 -58.1909 0.5
9 838.491 98.9281 -99.9943 0.5
9 978.083 146.893 -88.3237 0.5
9 674.562 48.4364 -85.6808 0.5
9 879.684 166.614 -74.5823 0.5
9 784.557 197.631 -21.6382 0.5
9 926.818 33.8796 75.0206 0.5
9 751.185 190.469 42.6061 0.5
9 668.167 165.53 -75.537 0.5
9 927.825 7.4676 -37.9177 0.5
9 896.816 152.148 -85.3264 0.5
9 872.149 194.311 -33.2486 0.5
9 971.188 175.907 -65.1014 0.5
9 772.592 6.15298 -34.536 0.5
9 761.648 33.0986 74.325 0.5
9 999.469 17.9566 -57.1742 0.5
9 999.03 120.379 97.9014 0.5
9 779.223 109.571 -99.541 0.5
9 872.166 46.6703 -84.5928 0.5
9 964.235 116.097 -98.696 0.5
9 978.038 69.7175 95.3046 0.5
9 702.639 73.8469 96.5195 0.5
9 902.063 54.1407 88.8646 0.5
9 688.847 42.9979 82.163 0.5
9 816.334 178.35 62.1387 0.5
9 789.927 158.35 81.211 0.5
9 910.72 185.7 -51.5317 0.5
9 712.847 7.16723 37.1763 0.5
9 677.124 48.3568 -85.6328 0.5
9 775.159 187.325 48.7268 0.5
9 710.383 3.06016 -24.5493 0.5
9 937.124 3.9112 -27.6937 0.5
9 706.754 199.851 5.4484 0.5
9 786.028 64.7035 93.5637 0.5
9 946.796 119.383 -98.1036 0.5
9 850.266 141.701 90.8902 0.5
9 759.204 194.698 32.1289 0.5
9 944.562 22.82 -63.5865 0.5
9 981.132 92.937 -99.7503 0.5
9 692.852 30.7025 -72.0961 0.5
9 891.856 156.823 82.2868 0.5
9 943.402 19.5659 -59.4168 0.5
9 703.167 138.301 -92.3743 0.5
9 915.368 183.958 -54.3242 0.5
9 713.207 89.7077 99.4689 0.5
9 988.641 30.6131 -72.0101 0.5
9 810.09 23.9686 -64.9555 0.5
9 920.061 13.5557 50.273 0.5
9 703.315 72.6077 -96.1752 0.5
9 768.632 49.363 86.2316 0.5
9 688.377 0.0080842 1.27152 0.5
9 984.907 145.909 88.8392 0.5
9 960.98 113.253 -99.1179 0.5
9 780.077 104.194 -99.912 0.5
9 784.891 166.467 -74.7135 0.5
9 693.155 194.189 -33.5915 0.5
9 714.271 126.762 96.3525 0.5
9 851.69 9.48048 42.4996 0.5
9 985.129 37.6714 78.1994 0.5
9 862.102 16.0938 -54.4035 0.5
9 762.974 43.5743 -82.5599 0.5
9 958.19 64.4369 -93.4627 0.5
9 961.896 77.1095 97.3449 0.5
9 803.142 11.1503 45.8882 0.5
9 832.008 31.709 -73.0502 0.5
9 713.936 137.613 -92.6568 0.5
9 771.835 4.04873 -28.1665 0.5
9 987.429 196.602 25.8479 0.5
9 728.512 3.20756 25.1242 0.5
9 955.41 112.96 99.1566 0.5
9 703.221 199.984 1.78962 0.5
9 792.771 102.116 -99.9776 0.5
9 975.528 155.69 83.0583 0.5
9 675.052 21.4945 61.9426 0.5
9 680.743 196.711 25.434 0.5
9 934.744 199.974 -2.27383 0.5
9 806.422 167.59 73.6993 0.5
9 849.306 88.3568 -99.3199 0.5
9 837.162 178.99 61.3238 0.5
9 754.211 102.165 -99.9766 0.5
9 975.852 2.50539 -22.2441 0.5
9 837.841 190.273 -43.0211 0.5
9 685.927 79.8096 -97.9405 0.5
9 968.707 195.792 -28.7019 0.5
9 778.576 3.34508 -25.6481 0.5
9 967.214 10.5918 44.7903 0.5
9 807.386 105.65 99.8403 0.5
9 938.691 142.119 90.6973 0.5
9 802.156 119.614 -98.0575 0.5
9 716.734 97.1453 -99.9592 0.5
9 821.585 0.117455 4.84533 0.5
9 844.33 168.357 -72.9887 0.5
9 896.915 3.97398 27.9106 0.5
9 831.647 98.7423 99.9921 0.5
9 672.265 29.8241 -71.2415 0.5
9 751.485 191.927 -39.3626 0.5
