0 133.158 93.2745 13.4078 0.5
0 181.018 114.106 -5.09983 0.5
0 268.924 99.7824 -14.9984 0.5
0 197.974 98.0306 -14.8702 0.5
0 241.722 109.297 -11.7712 0.5
0 296.794 95.2373 -14.2238 0.5
0 122.745 114.368 -4.30952 0.5
0 175.81 104.673 -14.2536 0.5
0 17.5045 99.1594 -14.9764 0.5
0 202.873 104.204 14.3988 0.5
0 16.3026 89.6695 -10.8757 0.5
0 187.535 92.1938 12.8087 0.5
0 80.8614 108.177 12.5755 0.5
0 131.601 85.0416 1.11638 0.5
0 35.1995 114.413 4.15581 0.5
0 113.933 85.3843 -3.37383 0.5
0 81.6728 102.413 14.8046 0.5
0 88.4243 111.777 -9.29037 0.5
0 312.265 111.104 -10.0842 0.5
0 27.2117 92.7788 -13.1474 0.5
0 146.275 89.6468 -10.8541 0.5
0 164.885 96.0093 -14.4594 0.5
0 50.2846 106.856 -13.3417 0.5
0 97.9105 91.2411 -12.1771 0.5
0 71.9773 112.85 -7.73816 0.5
0 224.063 87.1823 -7.79141 0.5
0 119.23 87.9993 -8.999 0.5
0 314.124 113.74 6.01752 0.5
0 172.855 108.475 -12.3767 0.5
0 43.1844 101.172 14.9542 0.5
0 168.448 100.773 -14.98 0.5
0 319.109 102.416 -14.8041 0.5
0 170.826 114.97 -0.941164 0.5
0 4.46314 93.9972 13.7465 0.5
0 107.007 114.111 5.08736 0.5
0 124.35 114.44 -4.05938 0.5
0 30.3358 99.9954 15 0.5
0 317.091 114.22 4.77388 0.5
0 250.629 92.5089 -12.9955 0.5
0 308.648 111.232 9.94218 0.5
0 298.577 112.286 -8.60535 0.5
0 124.944 87.5976 -8.4369 0.5
0 125.857 106.933 13.3016 0.5
0 114.729 87.5601 -8.38148 0.5
0 186.062 89.6785 10.8842 0.5
0 269.021 114.982 0.734716 0.5
0 297.431 91.9079 -12.63 0.5
0 74.1101 94.6493 -14.0132 0.5
0 49.6051 94.5965 -13.9929 0.5
0 128.869 107.05 13.24 0.5
0 150.957 106.237 13.6419 0.5
0 177.425 113.98 -5.43719 0.5
0 272.581 105.816 -13.8266 0.5
0 210.976 102.832 14.7302 0.5
0 145.629 85.1413 2.05416 0.5
0 332.704 98.8255 14.9539 0.5
0 157.643 106.331 13.5982 0.5
0 85.9672 99.4845 -14.9911 0.5
0 45.9302 110.299 -10.9059 0.5
0 59.6771 85.0309 -0.963004 0.5
0 254.397 114.076 -5.18357 0.5
0 158.375 89.8971 -11.0875 0.5
0 272.616 85.5152 -3.89737 0.5
0 156.432 101.547 -14.92 0.5
0 265.931 86.2275 -5.94294 0.5
0 328.123 114.756 2.69393 0.5
0 215.538 85.0023 0.265098 0.5
0 287.941 111.571 -9.54476 0.5
0 119.025 114.543 -3.67603 0.5
0 99.0685 98.493 -14.9241 0.5
0 277.441 89.7132 10.917 0.5
0 314.065 88.6072 -9.75724 0.5
0 165.128 94.3014 13.8754 0.5
0 244.499 98.9446 -14.9628 0.5
0 286.429 90.1239 11.29 0.5
0 148.627 113.408 6.72465 0.5
0 303.387 110.776 -10.4347 0.5
0 179.144 85.1475 2.09831 0.5
0 141.222 85.549 -4.02084 0.5
0 237.242 101.643 14.9098 0.5
0 279.274 99.6076 -14.9949 0.5
0 291.027 98.0096 14.8674 0.5
0 101.581 113.248 7.03509 0.5
0 324.679 107.761 -12.836 0.5
0 92.2735 87.8567 -8.80573 0.5
0 251.523 113.082 7.3392 0.5
0 142.355 95.4395 -14.2899 0.5
0 187.997 102.391 -14.8083 0.5
0 207.836 102.696 14.7558 0.5
0 108.473 105.408 -13.9913 0.5
0 50.1239 85.0189 0.753197 0.5
0 328.613 86.2676 6.03497 0.5
0 60.4654 102.641 14.7657 0.5
0 255.459 114.03 -5.30623 0.5
0 205.373 114.999 -0.179939 0.5
0 118.741 94.0122 13.753 0.5
0 247.09 101.225 -14.9499 0.5
0 34.6941 85.1529 -2.1361 0.5
0 94.7935 94.7078 -14.0354 0.5
0 189.608 93.43 13.4846 0.5
0 158.073 112.172 -8.76552 0.5
0 64.6106 88.8176 9.99765 0.5
0 66.3572 85.6261 -4.28847 0.5
0 117.886 96.1543 14.4987 0.5
0 109.815 85.1086 1.80174 0.5
0 36.5276 94.2504 13.8543 0.5
0 320.63 100.636 -14.9865 0.5
0 95.0509 90.6202 11.7055 0.5
0 79.2271 114.999 0.15287 0.5
0 251.885 85.0291 -0.933763 0.5
0 258.676 109.309 11.7618 0.5
0 241.913 88.1008 -9.13279 0.5
0 322.257 104.93 14.1666 0.5
0 138.446 109.638 11.4943 0.5
0 271.025 108.294 12.4982 0.5
0 31.5357 91.4255 -12.3076 0.5
0 222.662 88.5165 9.65037 0.5
0 329.944 113.289 -6.95633 0.5
0 256.685 100.911 -14.9723 0.5
0 134.834 112.588 8.15725 0.5
0 210.722 102.145 -14.8458 0.5
0 273.045 87.9228 -8.89617 0.5
0 187.462 108.855 12.1077 0.5
0 2.94708 114.648 -3.22962 0.5
0 172.4 85.322 -3.09133 0.5
0 95.9275 106.042 -13.7293 0.5
0 100.462 86.7063 -6.94829 0.5
0 59.601 85.8079 -4.85651 0.5
0 180.358 114.041 5.27685 0.5
0 145.037 88.0533 -9.07058 0.5
0 311.735 85.1119 -1.82894 0.5
0 320.062 106.794 -13.3731 0.5
0 255.77 112.805 -7.8129 0.5
0 279.046 111.408 -9.73942 0.5
0 324.355 85.0006 -0.134269 0.5
0 3.86931 104.659 -14.2582 0.5
0 144.81 98.8625 -14.9568 0.5
0 310.169 96.6918 14.6306 0.5
0 3.58102 114.906 1.6791 0.5
0 250.026 85.9034 5.12708 0.5
0 121.109 85.0043 -0.359365 0.5
0 272.14 104.723 14.2371 0.5
0 136.245 110.609 10.6046 0.5
0 65.4101 114.078 5.1787 0.5
0 160.135 112.909 7.63883 0.5
0 227.361 112.159 8.7837 0.5
0 126.598 99.2734 -14.9824 0.5
0 19.2679 114.139 5.0098 0.5
0 170.297 114.301 4.52488 0.5
0 325.381 104.604 14.2761 0.5
0 314.017 95.1938 -14.2092 0.5
0 152.836 114.68 -3.08401 0.5
0 57.4072 85.0146 -0.661668 0.5
0 209.104 93.5768 -13.5552 0.5
0 284.013 86.8462 7.20959 0.5
0 94.6651 105.319 14.0252 0.5
0 271.347 85.2979 -2.97463 0.5
0 171.593 101.552 14.9195 0.5
0 308.204 86.7504 7.03187 0.5
0 172.506 110.28 10.9237 0.5
0 322.579 111.946 -9.07211 0.5
0 257.971 114.241 -4.71145 0.5
0 28.7822 94.5333 13.9684 0.5
0 27.1183 114.261 -4.65056 0.5
0 68.0664 114.797 2.45703 0.5
0 156.241 97.5972 14.8063 0.5
0 103.011 113.228 -7.07331 0.5
0 263.36 110.527 10.6852 0.5
0 153.966 100.028 15 0.5
0 248.323 114.037 5.28842 0.5
0 53.8721 106.958 13.2883 0.5
0 37.9021 88.1286 -9.16892 0.5
0 82.668 112.163 8.7785 0.5
0 330.79 94.4847 -13.9492 0.5
0 111.807 108.574 -12.3079 0.5
0 212.361 85.0498 -1.22069 0.5
0 257.363 86.0728 5.57063 0.5
0 287.147 104.885 -14.1823 0.5
0 114.259 105.961 -13.7646 0.5
0 312.118 88.8063 -9.98501 0.5
0 312.439 104.477 14.3163 0.5
0 202.847 113.999 -5.38883 0.5
0 88.3349 89.3558 -10.5689 0.5
0 102.491 114.189 -4.8659 0.5
0 47.104 99.4407 -14.9896 0.5
0 136.601 85.1453 -2.08242 0.5
0 259.327 94.9408 -14.1211 0.5
0 250.093 114.338 -4.40813 0.5
0 33.3461 92.9351 -13.232 0.5
0 295.933 91.1489 -12.1102 0.5
0 32.1654 87.5238 -8.32731 0.5
0 10.1995 96.7435 14.6422 0.5
0 281.788 85.5257 3.93627 0.5
0 268.593 100.09 14.9997 0.5
0 147.127 114.553 -3.63486 0.5
0 235.076 114.985 0.663513 0.5
0 210.762 107.098 13.2141 0.5
0 197.077 86.6635 -6.86566 0.5
0 297.302 114.874 1.94097 0.5
0 293.561 85.1151 -1.85504 0.5
0 112.365 87.8275 8.76531 0.5
0 95.6982 113.946 -5.52444 0.5
0 328.73 85.0563 -1.29847 0.5
0 13.3341 114.406 -4.17869 0.5
0 186.055 106.395 -13.5683 0.5
0 46.7604 111.427 9.71697 0.5
0 249.168 114.972 -0.917774 0.5
0 10.3085 114.041 5.27815 0.5
0 203.053 114.903 -1.69888 0.5
0 157.948 89.4904 10.7027 0.5
0 203.911 103.796 -14.5117 0.5
0 48.7475 101.12 -14.9581 0.5
0 321.686 93.7098 13.6174 0.5
0 332.674 97.2508 -14.7459 0.5
0 233.12 85.1028 1.75289 0.5
0 113.474 111.144 -10.0409 0.5
0 8.96437 97.6291 14.8114 0.5
0 315.832 104.805 14.2097 0.5
0 146.396 114.859 2.0497 0.5
0 118.422 88.6619 -9.82075 0.5
0 213.252 97.2789 -14.7511 0.5
1 467.236 -130.144 14.8937 0.5
1 489.503 -163.203 13.109 0.5
1 444.752 -107.267 4.5792 0.5
1 458.908 -103.392 5.08954 0.5
1 432.892 -59.801 -8.07685 0.5
1 402.74 -9.56683 -10.5646 0.5
1 415.877 -51.4835 -12.3501 0.5
1 487.336 -156.707 -11.1508 0.5
1 462.449 -125.753 -14.8497 0.5
1 450.934 -113.171 11.6249 0.5
1 346.503 75.2172 -14.8698 0.5
1 363.976 33.5502 6.79006 0.5
1 355.64 46.5813 -2.54064 0.5
1 443.94 -80.9529 -10.5897 0.5
1 413.905 -42.6771 14.6714 0.5
1 414.183 -27.4595 -8.17518 0.5
1 460.559 -121.905 -14.9204 0.5
1 353.64 50.0993 -2.84327 0.5
1 473.482 -132.617 11.0653 0.5
1 375.872 11.3225 -0.259175 0.5
1 487.996 -182.058 -4.90823 0.5
1 386.531 -7.14102 0.160487 0.5
1 421.15 -42.2608 -11.319 0.5
1 433.596 -60.059 -6.32507 0.5
1 349.02 60.2454 8.16378 0.5
1 335.316 105.122 -12.3205 0.5
1 419.161 -61.7941 -7.24094 0.5
1 349.506 83.8242 -9.2144 0.5
1 369.964 45.4447 12.0807 0.5
1 475.737 -153.241 13.4752 0.5
1 406.721 -27.0378 14.9998 0.5
1 339.466 87.943 -14.9313 0.5
1 351.19 80.5799 9.6199 0.5
1 438.76 -93.3873 -10.428 0.5
1 473.601 -138.099 14.1935 0.5
1 344.867 65.0821 -1.33263 0.5
1 360.707 65.4956 7.64052 0.5
1 365.47 29.3518 -0.639224 0.5
1 463.171 -111.066 5.83261 0.5
1 400.051 -29.3637 -5.86808 0.5
1 341.438 94.4388 -12.3755 0.5
1 479.277 -160.371 -12.9388 0.5
1 486.176 -179.347 -3.37166 0.5
1 343.437 96.1237 -6.27539 0.5
1 361.364 59.395 12.7223 0.5
1 389.698 15.8053 -6.67787 0.5
1 372.191 23.2128 -11.6216 0.5
1 364.333 57.9078 -9.50853 0.5
1 419.521 -37.11 -8.76562 0.5
1 394.427 -1.22314 -14.279 0.5
1 415.859 -29.7032 -7.05717 0.5
1 343.43 92.8142 -10.9019 0.5
1 476.344 -145.452 -14.8303 0.5
1 443.402 -75.688 1.13364 0.5
1 422.424 -40.148 4.94701 0.5
1 333.706 88.9464 -10.8012 0.5
1 386.761 8.89043 14.9316 0.5
1 379.817 31.5367 -8.93493 0.5
1 390.913 2.13802 14.8832 0.5
1 350.688 84.0788 -5.00997 0.5
1 451.728 -99.6539 13.9899 0.5
1 390.768 -12.8427 6.81479 0.5
1 333.91 98.7428 14.9978 0.5
1 453.809 -115.262 -13.4739 0.5
1 390.545 1.6452 -14.9818 0.5
1 376.815 12.2769 8.42543 0.5
1 445.336 -80.7612 7.06182 0.5
1 463.395 -139.868 -3.46095 0.5
1 360.553 64.4521 -9.51331 0.5
1 348.527 83.8093 11.0662 0.5
1 384.4 -3.2496 -2.4485 0.5
1 477.056 -152.92 14.4608 0.5
1 370.692 47.1472 9.19148 0.5
1 388.683 18.7785 3.23394 0.5
1 344.147 83.8086 14.7836 0.5
1 457.296 -104.598 11.0795 0.5
1 463.662 -140.716 0.789754 0.5
1 447.65 -85.7374 -8.63659 0.5
1 448.068 -104.502 -13.8438 0.5
1 437.012 -66.4671 -7.29086 0.5
1 361.188 39.3691 8.46267 0.5
1 428.392 -55.4747 -11.8696 0.5
1 495.956 -185.259 14.5645 0.5
1 409.647 -17.5357 3.25269 0.5
1 494.661 -164.873 -3.62373 0.5
1 399.689 -25.1853 -10.9483 0.5
1 375.144 42.1138 -3.71532 0.5
1 433.17 -61.8279 -10.0947 0.5
1 433.007 -67.5476 -14.109 0.5
1 369.899 36.83 14.9991 0.5
1 483.023 -146.798 8.33464 0.5
1 385.493 -2.88073 -8.23384 0.5
1 427.582 -60.8621 14.8097 0.5
1 498.156 -179.903 -13.9241 0.5
1 343.501 79.834 -14.7809 0.5
1 396.008 2.70435 -9.9099 0.5
1 413.031 -23.6507 -4.23437 0.5
1 486.88 -180.303 4.36339 0.5
1 380.122 13.8632 14.1074 0.5
1 427.928 -49.7662 5.18051 0.5
1 420.233 -65.1759 3.17085 0.5
1 455.73 -110.92 -14.9613 0.5
1 465.226 -137.594 -11.8862 0.5
1 428.849 -76.2568 10.3908 0.5
1 335.941 86.2932 11.8548 0.5
1 389.394 17.6714 2.61196 0.5
1 404.3 -16.42 13.5197 0.5
1 354.685 71.8381 -12.1327 0.5
1 417.047 -34.738 -10.9437 0.5
1 338.222 100.352 12.1335 0.5
1 385.617 12.6919 -14.6437 0.5
1 404.359 -29.9622 13.2973 0.5
1 389.276 1.35294 -14.8975 0.5
1 496.312 -169.127 -7.19861 0.5
1 495.441 -179.224 -14.9191 0.5
1 388.385 13.436 12.1554 0.5
1 366.309 36.8736 13.7427 0.5
1 363.5 42.2901 13.9708 0.5
1 484.723 -147.225 -0.571341 0.5
1 340.186 99.1216 10.2079 0.5
1 441.073 -89.0348 -14.8029 0.5
1 376.234 24.2096 -14.9263 0.5
1 335.543 83.6703 8.28701 0.5
1 374.298 44.0463 0.153042 0.5
1 365.267 56.6456 -9.05761 0.5
1 389.3 -5.55526 12.2766 0.5
1 399.836 -29.3733 -4.87062 0.5
1 337.585 85.8925 13.3989 0.5
1 334.132 110.719 8.86332 0.5
1 482.133 -171.45 6.05969 0.5
1 405.136 -14.2037 -11.0333 0.5
1 482.289 -150.118 12.7626 0.5
1 391.132 -3.85819 14.524 0.5
1 385.033 25.2499 2.46376 0.5
1 448.304 -112.447 6.91365 0.5
1 427.852 -78.706 -0.393581 0.5
1 485.317 -156.892 13.5885 0.5
1 460.598 -134.312 -5.67931 0.5
1 424.485 -70.4222 8.22697 0.5
1 363.078 61.45 7.53497 0.5
1 402.001 -26.2346 13.1043 0.5
1 471.549 -138.103 -14.944 0.5
1 477.752 -136.358 -5.91912 0.5
1 359.52 43.786 10.3493 0.5
1 408.159 -44.5613 1.09872 0.5
1 338.857 102.187 -9.31815 0.5
1 449.968 -94.1739 12.7858 0.5
1 453.716 -122.911 4.19209 0.5
1 487.933 -163.284 14.3123 0.5
1 476.957 -134.056 -2.94876 0.5
1 342.159 90.315 13.915 0.5
1 387.016 21.3992 4.26435 0.5
1 476.896 -135.965 -7.99451 0.5
1 429.008 -53.7904 -9.10234 0.5
1 363.46 36.9437 -10.3308 0.5
1 352.191 52.9156 -4.12444 0.5
1 492.368 -181.348 -13.7939 0.5
1 476.093 -141.398 -13.804 0.5
1 388.661 10.2252 -13.7235 0.5
1 358.288 70.4874 6.08437 0.5
1 426.689 -67.1619 -13.9686 0.5
1 498.379 -182.233 -14.5531 0.5
1 333.685 93.6984 13.8778 0.5
1 343.327 95.374 8.00774 0.5
1 421.893 -41.4545 9.08524 0.5
1 417.939 -59.5255 7.51019 0.5
1 416.286 -29.3675 4.4954 0.5
1 337.343 81.3305 -9.35609 0.5
1 371.588 44.5507 10.3993 0.5
1 394.097 -5.0165 -14.9982 0.5
1 392.599 -17.0165 -4.3168 0.5
1 464.026 -111.754 -3.39026 0.5
1 407.895 -26.0026 14.6671 0.5
1 423.449 -57.6754 14.9155 0.5
1 421.539 -67.6251 -2.13028 0.5
1 384.937 10.549 14.9998 0.5
1 373.527 29.2701 -14.9587 0.5
1 470.85 -123.274 -1.61751 0.5
1 442.62 -82.274 -13.2584 0.5
1 371.952 34.7923 -14.9054 0.5
1 382.134 0.631802 2.16313 0.5
1 399.758 -29.7686 2.90009 0.5
1 412.08 -49.5564 7.19277 0.5
1 462.603 -128.509 -14.275 0.5
1 339.279 95.3039 -13.9144 0.5
1 465 -143.05 -0.276215 0.5
1 387.118 -6.91242 -5.98222 0.5
1 425.467 -74.569 -0.591023 0.5
1 481.1 -141.221 -2.89339 0.5
1 456.661 -111.485 -14.8487 0.5
1 357.466 51.6233 13.4809 0.5
1 385.547 23.2512 6.13526 0.5
1 359.504 44.1745 -10.7151 0.5
1 499.817 -173.483 1.93911 0.5
1 407.293 -40.6184 -8.26661 0.5
1 496.861 -190.915 12.8868 0.5
1 476.843 -156.259 12.8768 0.5
1 397.422 -25.1496 4.99048 0.5
1 464.764 -118.772 -12.094 0.5
1 437.996 -66.4995 -2.54955 0.5
1 450.344 -92.1262 10.6712 0.5
1 398.175 -27.2603 1.21507 0.5
1 422.606 -50.0076 -14.2716 0.5
1 438.907 -69.4764 6.7769 0.5
1 439.079 -84.5886 14.9315 0.5
1 358.207 71.8194 1.70768 0.5
1 372.693 33.1741 14.9394 0.5
1 375.757 25.7609 14.9808 0.5
1 462.808 -116.872 13.0561 0.5
1 459.967 -129.072 -11.4118 0.5
1 497.794 -193.555 12.2185 0.5
1 419.521 -42.4507 13.3542 0.5
1 470.708 -141.122 -14.6586 0.5
1 442.569 -103.517 -4.48248 0.5
1 354.796 76.8582 5.29787 0.5
1 433.959 -59.5396 2.7311 0.5
1 407.74 -13.9319 -1.28921 0.5
1 384.329 24.6181 7.57872 0.5
1 462.835 -112.747 9.56375 0.5
1 353.935 51.1458 -7.1782 0.5
1 401.4 -12.7372 14.0853 0.5
2 500.865 -172.258 1.55318 0.5
2 597.407 -33.8834 -5.58494 0.5
2 600.519 -12.6675 14.8786 0.5
2 564.807 -70.8832 13.9386 0.5
2 615.558 18.5674 -13.2181 0.5
2 506.426 -168.054 -11.6156 0.5
2 577.77 -67.1739 -7.1225 0.5
2 620.327 9.51989 -10.982 0.5
2 643.165 74.144 -2.11434 0.5
2 546.681 -105.561 14.8287 0.5
2 632.011 25.2896 3.05825 0.5
2 660.633 88.9723 14.9889 0.5
2 546.966 -105.636 -14.9043 0.5
2 514.61 -149.26 5.08988 0.5
2 591.048 -16.3912 -3.50479 0.5
2 517.067 -150.738 12.443 0.5
2 624.12 40.9317 -3.33524 0.5
2 573.209 -66.3524 -14.3159 0.5
2 623.56 14.9003 10.773 0.5
2 657.724 80.9974 14.5825 0.5
2 593.621 -15.9008 10.5952 0.5
2 535.816 -138.723 -8.88902 0.5
2 554.073 -109.906 -1.81951 0.5
2 582.801 -42.1709 -14.6785 0.5
2 514.659 -165.259 -14.8695 0.5
2 529.481 -152.372 -2.67092 0.5
2 664.521 107.357 -10.1188 0.5
2 612.894 1.57472 -14.0369 0.5
2 544.803 -120.644 -11.5499 0.5
2 558.056 -92.0912 -14.4645 0.5
2 577.271 -69.3909 -3.63246 0.5
2 580.646 -63.6603 -3.13413 0.5
2 500.328 -200.006 9.13276 0.5
2 592.361 -15.5318 7.18148 0.5
2 593.227 -14.8258 -8.47766 0.5
2 516.385 -175.023 2.84509 0.5
2 605.954 5.04096 -10.999 0.5
2 562.715 -65.8215 4.74916 0.5
2 558.618 -87.248 -14.9996 0.5
2 566.323 -84.874 10.1181 0.5
2 622.145 35.6433 -7.88955 0.5
2 588.76 -34.972 -15 0.5
2 526.934 -134.26 -12.8335 0.5
2 566.639 -81.4854 12.5394 0.5
2 632.851 28.536 -7.66602 0.5
2 598.858 -10.1506 13.1056 0.5
2 665.896 87.8027 -10.3445 0.5
2 546.356 -116.262 12.7652 0.5
2 658.645 97.8908 -9.2791 0.5
2 593.891 -41.0375 0.633531 0.5
2 552.27 -84.3895 -5.99197 0.5
2 507.652 -187.253 -9.22049 0.5
2 643.544 72.8604 -7.63666 0.5
2 532.486 -145.522 7.28237 0.5
2 562.287 -68.6942 -8.87011 0.5
2 522.221 -165.175 -0.594914 0.5
2 652.181 59.9143 -0.364778 0.5
2 608.077 -16.4155 -1.38567 0.5
2 547.703 -120.864 2.36374 0.5
2 638.928 42.8425 11.9146 0.5
2 542.097 -108.335 -13.0325 0.5
2 538.952 -135.271 -5.21938 0.5
2 562.439 -86.4132 -13.7969 0.5
2 554.47 -107.086 -7.89302 0.5
2 607.284 11.5522 -4.17789 0.5
2 554.659 -79.1971 2.40986 0.5
2 550.079 -95.8791 -13.7231 0.5
2 598.782 -32.2338 -3.20032 0.5
2 657.176 87.2388 14.5422 0.5
2 616.28 1.16717 9.55744 0.5
2 598.622 -4.63465 7.08435 0.5
2 659.129 75.7171 -9.94718 0.5
2 623.31 12.592 8.56859 0.5
2 587.266 -44.1003 13.4829 0.5
2 511.57 -153.635 0.0412242 0.5
2 547.238 -116.532 11.4618 0.5
2 582.344 -61.0503 -0.102016 0.5
2 589.942 -45.5819 -7.99702 0.5
2 617.193 -0.0195181 -4.4392 0.5
2 626.128 41.9669 8.75118 0.5
2 608.293 -14.399 6.94912 0.5
2 637.587 56.6607 13.2515 0.5
2 512.425 -154.091 -7.37064 0.5
2 633.13 55.3299 -6.70555 0.5
2 602.18 0.231921 -9.09847 0.5
2 559.735 -77.4216 -12.8188 0.5
2 615.332 25.7108 3.33424 0.5
2 536.824 -134.464 11.5507 0.5
2 633.888 28.9835 4.70727 0.5
2 547.654 -91.8331 -4.51826 0.5
2 510.724 -174.926 14.2025 0.5
2 526.494 -142.27 14.9911 0.5
2 566.959 -73.3939 14.9839 0.5
2 502.369 -188.759 -14.4041 0.5
2 617.28 1.68444 7.86074 0.5
2 546.705 -120.19 -8.42498 0.5
2 623.538 21.3969 -14.4837 0.5
2 614.115 23.1612 4.88414 0.5
2 516.717 -145.574 4.98755 0.5
2 521.491 -149.079 -14.8112 0.5
2 593.356 -23.7547 -14.6498 0.5
2 592.457 -39.6634 -10.0575 0.5
2 656.848 97.8624 1.98329 0.5
2 510.134 -169.858 14.9466 0.5
2 501.732 -172.109 6.39876 0.5
2 538.942 -106.853 4.28886 0.5
2 655.405 67.1361 6.82326 0.5
2 536.33 -119.47 13.6221 0.5
2 570.544 -59.082 -13.0436 0.5
2 533.157 -126.061 14.0757 0.5
2 609.098 14.6698 4.25982 0.5
2 503.246 -182.438 14.9874 0.5
2 538.108 -137.606 1.38825 0.5
2 641.763 56.6744 14.9988 0.5
2 557.032 -104.153 4.65029 0.5
2 629.22 50.0076 1.99695 0.5
2 521.689 -136.195 -1.61483 0.5
2 511.842 -158.511 -11.4819 0.5
2 663.515 93.2497 14.9443 0.5
2 552.231 -110.513 -8.57937 0.5
2 502.494 -171.243 7.28343 0.5
2 585.177 -31.7353 -11.6823 0.5
2 594.932 -34.8782 10.5826 0.5
2 520.601 -167.232 -4.7147 0.5
2 656.358 79.4011 -14.7469 0.5
2 506.79 -183.428 13.5118 0.5
2 509.215 -179.204 13.5234 0.5
2 613.89 -6.38409 0.912495 0.5
2 599.609 -30.1691 -5.33029 0.5
2 636.412 32.6011 -0.366313 0.5
2 627.738 23.4814 -11.9308 0.5
2 516.914 -155.895 -14.5899 0.5
2 559.011 -101.259 -2.47946 0.5
2 627.571 46.9422 3.18378 0.5
2 528.46 -154.372 -0.483095 0.5
2 511.722 -179.829 9.68272 0.5
2 598.987 -31.7579 3.71297 0.5
2 611.517 17.1984 7.94937 0.5
2 615.536 12.9534 14.9235 0.5
2 538.249 -107.838 -3.49041 0.5
2 502.88 -193.047 -11.7216 0.5
2 532.864 -122.194 11.5595 0.5
2 601.223 1.29882 -3.2161 0.5
2 535.192 -121.854 13.8048 0.5
2 608.79 4.74842 -14.1443 0.5
2 591.022 -19.9677 -10.1408 0.5
2 595.557 -18.3054 14.1906 0.5
2 631.486 30.134 12.0517 0.5
2 549.346 -105.133 -14.8757 0.5
2 662.566 88.7238 -14.4076 0.5
2 584.928 -34.7528 -13.3582 0.5
2 551.278 -108.059 12.5601 0.5
2 590.015 -23.9636 -12.147 0.5
2 525.244 -133.075 9.16205 0.5
2 660.899 104.809 2.44774 0.5
2 572.674 -72.1404 -11.7369 0.5
2 618.634 30.5964 5.8993 0.5
2 540.95 -102.75 0.274046 0.5
2 592.802 -39.6277 9.39911 0.5
2 552.207 -99.7043 -14.9293 0.5
2 655.713 80.8597 -14.9991 0.5
2 629.951 48.9672 8.20033 0.5
2 553.095 -93.3528 -14.6192 0.5
2 606.684 3.23243 -13.2 0.5
2 619.051 32.508 -0.776586 0.5
2 597.997 -28.3136 11.7097 0.5
2 515.293 -176.566 -4.2715 0.5
2 646.587 58.1689 13.2386 0.5
2 660.194 96.4502 -12.8962 0.5
2 537.556 -138.31 -3.06343 0.5
2 613.748 7.80605 -14.9904 0.5
2 508.84 -165.023 12.4669 0.5
2 621.28 16.4318 -14.1576 0.5
2 536.764 -118.334 -13.438 0.5
2 571.824 -68.958 -14.2495 0.5
2 577.16 -60.4638 -13.9813 0.5
2 560.528 -76.0602 -12.8259 0.5
2 627.766 43.8259 -9.97344 0.5
2 563.813 -93.0875 1.33626 0.5
2 525.592 -155.393 10.1495 0.5
2 502.16 -197.995 7.3771 0.5
2 629.015 46.6089 9.23154 0.5
2 664.183 100.725 14.1324 0.5
2 612.244 -4.47377 -10.9873 0.5
2 551.362 -111.295 -9.53345 0.5
2 592.035 -17.5943 9.42145 0.5
2 578.315 -52.9541 -14.9998 0.5
2 537.323 -137.755 6.05327 0.5
2 624.525 41.0933 -5.16114 0.5
2 511.85 -183.139 -0.57796 0.5
2 663.115 101.574 12.8574 0.5
2 590.312 -41.0772 12.1276 0.5
2 518.892 -147.853 12.6248 0.5
2 550.649 -89.8267 -10.0657 0.5
2 582.372 -39.3668 -13.4521 0.5
2 503.229 -198.056 0.904627 0.5
2 601.941 -16.5204 -14.3365 0.5
2 618.528 14.9057 14.9016 0.5
2 655.8 76.9779 -14.3997 0.5
2 531.384 -121.968 -8.5161 0.5
2 618.641 21.1844 -14.3499 0.5
2 610.556 -6.7922 11.5208 0.5
2 511.629 -180.215 -9.40875 0.5
2 500.621 -178.253 11.7326 0.5
2 593.638 -37.8667 9.77572 0.5
2 626.613 41.7629 10.0476 0.5
2 623.348 33.496 -12.3412 0.5
2 528.684 -148.293 11.7684 0.5
2 599.097 -19.3405 14.8217 0.5
2 516.889 -146 6.69473 0.5
2 553.871 -106.604 9.93632 0.5
2 546.497 -107.447 -14.984 0.5
2 621.322 29.2758 -12.8035 0.5
2 545.76 -103.575 -13.816 0.5
2 624.828 12.6297 1.70513 0.5
2 634.234 58.7895 -1.02747 0.5
2 618.753 2.49415 3.77329 0.5
2 629.508 20.9703 -3.13493 0.5
2 554.992 -93.9671 -14.9903 0.5
2 521.579 -160.17 -12.096 0.5
2 630.459 25.8347 -9.68704 0.5
2 617.569 0.0407187 -1.54483 0.5
2 653.476 65.5494 9.5045 0.5
2 658.547 100.453 -3.77859 0.5
2 647.757 76.2139 12.0252 0.5
2 525.299 -129.911 1.28264 0.5
2 564.993 -82.5315 -13.5532 0.5
2 663.369 105.975 9.4029 0.5
2 548.245 -91.0569 -5.23864 0.5
2 633.426 33.007 -11.6745 0.5
2 599.066 -23.11 -13.7377 0.5
2 589.391 -18.856 -0.573811 0.5
2 610.043 -3.3522 14.041 0.5
3 724.911 114.518 -3.77102 0.5
3 864.892 93.7792 13.6492 0.5
3 858.301 104.01 -14.4539 0.5
3 703.914 99.115 14.9739 0.5
3 908.201 86.5 -6.53825 0.5
3 922.426 111.061 10.132 0.5
3 748.783 106.804 13.3681 0.5
3 707.659 86.1922 -5.86054 0.5
3 825.064 96.3562 -14.5507 0.5
3 955.117 111.346 9.81148 0.5
3 928.592 86.9332 -7.36611 0.5
3 867.054 100.534 14.9905 0.5
3 852.802 97.0393 -14.7049 0.5
3 812.93 111.226 -9.94852 0.5
3 824.275 85.3318 -3.13762 0.5
3 725.068 98.7799 -14.9503 0.5
3 799.569 86.2319 -5.95301 0.5
3 741.937 111.677 9.41554 0.5
3 983.478 115 -0.0377647 0.5
3 930.789 85.0014 -0.202916 0.5
3 766.977 85.5325 3.96124 0.5
3 996.349 91.6338 12.4502 0.5
3 885.75 109.982 11.1963 0.5
3 816.969 104.921 -14.1698 0.5
3 901.058 88.298 -9.38422 0.5
3 718.149 94.4547 -13.9373 0.5
3 746.601 85.0614 1.35606 0.5
3 814.664 85.001 0.173975 0.5
3 996.943 87.6178 8.46641 0.5
3 777.526 85.2372 -2.65683 0.5
3 740.908 92.0888 -12.7441 0.5
3 909.54 92.0558 -12.7236 0.5
3 806.214 114.937 -1.37572 0.5
3 818.886 111.378 -9.77508 0.5
3 900.305 114.988 0.588611 0.5
3 951.188 107.934 12.7302 0.5
3 744.559 86.8953 7.29847 0.5
3 690.599 112.368 8.48754 0.5
3 952.893 101.955 -14.872 0.5
3 760.112 90.8227 -11.8649 0.5
3 894.773 85.5094 3.87593 0.5
3 966.322 107.652 12.9016 0.5
3 695.646 114.819 2.32125 0.5
3 825.217 114.752 2.71781 0.5
3 932.413 101.168 -14.9545 0.5
3 798.429 94.852 14.0889 0.5
3 944.797 95.7411 14.3827 0.5
3 900.423 114.656 -3.19447 0.5
3 666.833 88.9653 10.1605 0.5
3 939.559 92.5028 12.992 0.5
3 948.557 90.4167 -11.5395 0.5
3 818.202 110.489 -10.7229 0.5
3 799.984 94.2827 -13.8677 0.5
3 805.944 107.516 -12.9813 0.5
3 723.637 87.2039 7.82683 0.5
3 943.582 94.5176 -13.9622 0.5
3 737.616 86.621 -6.7825 0.5
3 885.734 111.626 -9.47867 0.5
3 993.254 112.237 8.67463 0.5
3 783.622 101.973 -14.8697 0.5
3 713.029 104.193 14.4021 0.5
3 709.374 85.306 -3.01439 0.5
3 774.142 113.695 6.11961 0.5
3 833.693 107.101 -13.2127 0.5
3 752.683 88.1342 -9.17616 0.5
3 809.301 93.6365 -13.5833 0.5
3 703.47 101.699 14.9035 0.5
3 765.607 89.542 10.7532 0.5
3 765.911 87.7184 8.61178 0.5
3 944.323 111.008 -10.1895 0.5
3 709.666 113.926 5.57393 0.5
3 772.899 113.913 5.60625 0.5
3 990.827 85.8188 -4.88796 0.5
3 928.598 104.617 14.2719 0.5
3 780.316 109.245 11.8127 0.5
3 882.066 114.965 1.01742 0.5
3 745.017 89.6276 10.8357 0.5
3 992.689 106.87 13.334 0.5
3 883.836 96.5314 14.5935 0.5
3 718.945 95.4993 14.3089 0.5
3 732.318 89.8416 -11.0366 0.5
3 694.829 111.212 -9.96454 0.5
3 892.584 91.7072 -12.4992 0.5
3 987.62 114.251 4.67945 0.5
3 944.091 101.881 -14.8816 0.5
3 940.19 93.6899 13.6082 0.5
3 707.81 107.404 -13.0454 0.5
3 957.032 114.352 -4.36001 0.5
3 783.606 98.1928 -14.8907 0.5
3 987.49 108.778 12.1634 0.5
3 957.186 108.295 -12.4976 0.5
3 721.175 85.001 0.177441 0.5
3 868.308 85.0611 -1.35253 0.5
3 919.11 111.437 -9.70545 0.5
3 784.113 92.0384 -12.7127 0.5
3 945.593 87.2621 7.9212 0.5
3 931.234 87.23 -7.86934 0.5
3 799.931 86.0493 5.51159 0.5
3 844.178 113.083 7.33743 0.5
3 999.813 106.357 -13.5862 0.5
3 945.451 88.3767 -9.48144 0.5
3 776.704 112.89 -7.67059 0.5
3 690.709 112.647 -8.06485 0.5
3 944.733 114.241 4.71156 0.5
3 897.569 114.894 1.77999 0.5
3 715.271 90.2904 11.4334 0.5
3 689.784 91.8467 12.5906 0.5
3 904.886 109.596 -11.5287 0.5
3 850.322 89.259 10.4705 0.5
3 867.052 86.0714 -5.56714 0.5
3 766.182 114.18 4.89136 0.5
3 851.723 106.078 13.7135 0.5
3 994.644 87.4636 8.23642 0.5
3 821.157 85.1296 1.96719 0.5
3 824.512 85.0531 -1.2609 0.5
3 760.271 101.587 -14.9158 0.5
3 852.067 111.915 -9.11209 0.5
3 686.883 96.1095 14.4867 0.5
3 712.704 85.3796 -3.35299 0.5
3 903.771 112.894 7.66458 0.5
3 886.052 114.862 -2.03349 0.5
3 684.611 93.397 13.4685 0.5
3 822.739 101.952 14.8724 0.5
3 867.775 114.729 -2.83906 0.5
3 782.528 90.0347 11.2112 0.5
3 995.757 107.538 -12.9686 0.5
3 678.725 114.688 -3.04341 0.5
3 705.654 113.729 -6.04213 0.5
3 959.649 89.1947 10.4041 0.5
3 962.324 113.474 -6.59081 0.5
3 910.052 112.817 -7.79259 0.5
3 758.51 100.822 14.9775 0.5
3 790.697 111.224 9.9506 0.5
3 968.339 105.556 13.9332 0.5
3 800.505 106.58 -13.4796 0.5
3 959.644 87.3551 -8.06886 0.5
3 912.499 89.1217 -10.3278 0.5
3 772.435 85.0351 1.0262 0.5
3 982.31 90.6886 11.76 0.5
3 755.446 101.421 -14.9325 0.5
3 729.821 95.1602 -14.1978 0.5
3 744.142 114.71 2.93282 0.5
3 845.048 111.209 -9.96786 0.5
3 789.923 109.78 -11.3735 0.5
3 681.682 87.0934 7.64332 0.5
3 745.774 96.9964 -14.6962 0.5
3 801.113 85.3908 3.40186 0.5
3 770.703 89.3707 10.5838 0.5
3 807.172 113.52 6.49611 0.5
3 732.889 105.221 14.0622 0.5
3 878.954 88.6288 9.78247 0.5
3 713.375 112.472 -8.33304 0.5
3 824.821 114.989 -0.570791 0.5
3 900.467 114.989 -0.586383 0.5
3 795.754 115 0.102905 0.5
3 749.029 89.181 -10.3898 0.5
3 691.967 112.456 8.35799 0.5
3 670.836 112.871 -7.70337 0.5
3 688.447 98.0319 14.8703 0.5
3 964.712 97.1978 -14.7359 0.5
3 759.496 112.946 -7.57651 0.5
3 870.681 96.9691 14.6906 0.5
3 745.464 107.618 12.9215 0.5
3 952.699 85.4949 -3.82132 0.5
3 741.596 104.873 -14.1864 0.5
3 952.658 114.613 -3.385 0.5
3 689.096 85.0485 1.20509 0.5
3 935.515 114.056 -5.23741 0.5
3 969.048 94.7323 -14.0446 0.5
3 864.368 114.395 4.21711 0.5
3 936.953 85.469 -3.72139 0.5
3 724.488 92.8244 -13.1723 0.5
3 667.84 112.974 -7.52751 0.5
3 939.202 114.129 5.03578 0.5
3 967.486 89.3427 -10.5557 0.5
3 827.953 89.7461 10.9479 0.5
3 935.926 87.996 -8.99465 0.5
3 897.055 85.3105 -3.03631 0.5
3 707.339 110.982 -10.2175 0.5
3 866.941 92.6592 -13.081 0.5
3 722.624 94.3395 13.891 0.5
3 783.442 114.998 -0.236734 0.5
3 811.077 91.03 12.0224 0.5
3 684.124 99.9083 -14.9997 0.5
3 922.548 85.4619 -3.69378 0.5
3 673.197 85.0742 -1.48991 0.5
3 948.975 108.13 12.6058 0.5
3 695.511 99.7187 14.9974 0.5
3 855.929 114.446 4.03889 0.5
3 728.306 111.556 9.56292 0.5
3 924.509 114.56 3.6068 0.5
3 826.561 85.9733 -5.31535 0.5
3 959.241 93.8796 -13.6945 0.5
3 743.582 114.255 -4.6681 0.5
3 750.105 103.441 14.6 0.5
3 692.271 89.7323 10.935 0.5
3 937.089 95.7269 14.3785 0.5
3 741.564 109.885 11.282 0.5
3 682.604 113.008 7.47008 0.5
3 758.357 111.87 9.17031 0.5
3 916.768 94.6673 -14.0201 0.5
3 868.606 114.608 3.40711 0.5
3 947.433 112.27 -8.62764 0.5
3 921.021 86.6915 6.91989 0.5
3 806.141 113.215 7.09755 0.5
3 717.727 109.411 -11.6806 0.5
3 961.75 101.708 14.9024 0.5
3 792.34 94.4511 13.9359 0.5
3 937.294 114.665 -3.15335 0.5
3 917.574 114.635 -3.28895 0.5
3 938.666 85.0568 1.30446 0.5
3 797.006 114.949 -1.23766 0.5
3 926.564 114.97 -0.948301 0.5
3 986.597 105.263 14.0464 0.5
3 719.447 110.968 10.2326 0.5
