0 332.08 101.024 14.965 0.5
0 136.519 108.313 12.4856 0.5
0 255.379 85.2799 -2.88423 0.5
0 67.5916 92.4751 -12.976 0.5
0 80.5229 108.619 -12.2768 0.5
0 22.2835 95.8335 14.4097 0.5
0 317.119 110.59 10.6234 0.5
0 69.5585 102.722 14.751 0.5
0 111.141 96.3646 -14.5528 0.5
0 236.518 93.6977 13.6118 0.5
0 147.457 110.884 -10.3219 0.5
0 109.42 91.0086 -12.0065 0.5
0 27.0019 114.998 0.257832 0.5
0 273.51 89.6657 -10.8721 0.5
0 65.1672 96.012 -14.4602 0.5
0 81.1085 89.7902 -10.9891 0.5
0 212.312 92.7054 13.1068 0.5
0 31.8929 97.4875 14.7881 0.5
0 330.214 86.5048 -6.54816 0.5
0 145.414 99.1098 14.9736 0.5
0 243.412 111.221 9.95457 0.5
0 237.015 85.0447 1.15661 0.5
0 96.4678 112.385 8.46225 0.5
0 332.177 112.737 7.92282 0.5
0 89.2422 92.6103 -13.0534 0.5
0 297.293 86.6056 6.75204 0.5
0 187 100.694 14.9839 0.5
0 85.9754 106.029 -13.735 0.5
0 317.116 99.7491 14.9979 0.5
0 54.5139 105.462 -13.9703 0.5
0 148.374 105.538 13.9404 0.5
0 99.1504 92.4857 12.9821 0.5
0 135.024 85.2209 2.56459 0.5
0 264.89 114.975 0.861071 0.5
0 46.1178 107.893 -12.7553 0.5
0 18.4653 92.8919 13.2089 0.5
0 161.662 112.938 7.59044 0.5
0 322.969 106.324 13.6018 0.5
0 158.281 88.7769 9.95201 0.5
0 79.8857 85.9863 5.34938 0.5
0 161.157 114.555 3.62843 0.5
0 328.832 98.5089 14.9257 0.5
0 189.302 91.2879 -12.2106 0.5
0 22.1167 108.574 -12.3079 0.5
0 247.279 86.2936 -6.09374 0.5
0 246.296 90.9598 -11.9698 0.5
0 263.12 94.2383 13.8493 0.5
0 203.257 93.3858 -13.463 0.5
0 64.1058 102.778 14.7404 0.5
0 220.524 103.296 -14.6334 0.5
0 330.876 109.147 11.8884 0.5
0 184.254 85.7141 -4.57297 0.5
0 200.084 109.289 11.778 0.5
0 153.686 113.108 7.29326 0.5
0 314.715 100.902 14.9728 0.5
0 268.052 85.6456 -4.35318 0.5
0 70.8143 100.758 -14.9808 0.5
0 226.515 114.984 0.683645 0.5
0 253.876 114.083 -5.16539 0.5
0 97.7521 114.768 2.628 0.5
0 119.847 105.281 14.0397 0.5
0 80.0125 87.0554 -7.57882 0.5
0 198.606 105.205 14.0678 0.5
0 61.85 109.235 11.8197 0.5
0 289.864 114.797 2.45752 0.5
0 119.321 114.725 2.86158 0.5
0 260.546 93.3896 13.4649 0.5
0 200.937 111.692 -9.39706 0.5
0 267.73 85.0441 -1.14935 0.5
0 264.783 90.5146 -11.6202 0.5
0 97.9422 89.2634 10.475 0.5
0 167.458 90.4309 -11.5513 0.5
0 304.157 85.1153 1.8561 0.5
0 187.044 88.2137 9.27809 0.5
0 113.585 113.178 -7.16542 0.5
0 311.799 85.7076 4.55276 0.5
0 61.7499 101.399 -14.9347 0.5
0 167.142 109.612 -11.5156 0.5
0 163.799 87.9034 -8.86972 0.5
0 107.296 109.43 11.665 0.5
0 40.1146 112.265 -8.63552 0.5
0 306.123 85.0252 0.869346 0.5
0 104.694 105.322 -14.0241 0.5
0 321.516 93.0625 -13.2993 0.5
0 162.978 113.676 -6.16155 0.5
0 57.7985 85.5024 -3.84981 0.5
0 24.3051 85.9577 -5.27384 0.5
0 67.3792 85.1189 -1.88499 0.5
0 295.309 101.341 -14.9399 0.5
0 23.6646 88.4276 9.54353 0.5
0 134.965 111.026 -10.1698 0.5
0 187.559 114.261 4.64908 0.5
0 0.00858897 88.4607 9.58361 0.5
0 218.391 97.7619 -14.8321 0.5
0 295.455 103.516 14.5821 0.5
0 138.527 110.165 -11.0307 0.5
0 242.324 94.0265 13.7593 0.5
0 319.72 113.303 6.93104 0.5
0 273.407 114.706 -2.95763 0.5
0 286.687 87.5037 -8.29719 0.5
0 149.395 92.0351 12.7106 0.5
0 128.729 97.1225 -14.7214 0.5
0 79.3462 114.806 -2.40601 0.5
0 150.431 114.884 1.8617 0.5
0 329.394 89.5077 -10.7196 0.5
0 274.273 90.1549 11.317 0.5
0 29.8447 114.321 4.46261 0.5
0 68.9002 114.679 -3.08611 0.5
0 219.098 89.2078 -10.4177 0.5
0 155.815 111.064 10.128 0.5
0 53.5472 88.9213 -10.1125 0.5
0 106.382 88.4172 9.53098 0.5
0 32.7906 110.175 11.021 0.5
0 326.238 107.685 12.8816 0.5
0 325.789 101.663 -14.9075 0.5
0 116.886 114.638 3.27395 0.5
0 284.758 114.696 3.00467 0.5
0 312.048 86.3889 -6.30388 0.5
0 281.732 114.972 -0.911865 0.5
0 8.37863 95.9089 14.4313 0.5
0 18.4953 99.6927 -14.9969 0.5
0 146.39 113.841 5.78191 0.5
0 116.6 110.481 -10.7305 0.5
0 138.79 114.906 1.67545 0.5
0 131.837 110.418 10.7922 0.5
0 212.515 96.9357 14.6837 0.5
0 24.3172 90.1032 11.2718 0.5
0 327.783 96.503 14.5867 0.5
0 229.254 114.278 4.59776 0.5
0 316.002 101.607 14.9137 0.5
0 72.9388 87.5947 8.43264 0.5
0 47.4625 85.1502 2.11709 0.5
0 197.955 86.1658 5.79786 0.5
0 22.3995 105.238 -14.0559 0.5
0 63.9485 92.0707 12.7329 0.5
0 173.964 101.269 14.9462 0.5
0 188.37 102.201 14.8376 0.5
0 27.6902 94.436 13.9299 0.5
0 171.866 86.8699 -7.25257 0.5
0 254.48 99.8347 -14.9991 0.5
0 124.889 85.001 0.175007 0.5
0 146.362 109.123 -11.9068 0.5
0 19.4193 85.6332 4.31218 0.5
0 221.812 113.797 5.88518 0.5
0 40.508 114.676 3.0996 0.5
0 109.469 93.5214 13.5288 0.5
0 9.33938 112.557 -8.20455 0.5
0 304.437 110.079 11.1096 0.5
0 249.288 87.2372 -7.88103 0.5
0 174.869 95.8044 14.4013 0.5
0 211.726 104.759 14.2249 0.5
0 220.184 113.255 -7.02172 0.5
0 117.458 105.908 13.7875 0.5
0 331.294 85.3373 3.1629 0.5
0 117.406 102.282 14.8254 0.5
0 64.6378 114.361 4.33082 0.5
0 290.544 94.2199 -13.8416 0.5
0 205.558 86.239 5.96953 0.5
0 108.804 104.489 -14.3126 0.5
0 188.383 94.542 -13.9717 0.5
0 174.828 93.259 13.4 0.5
0 139.061 107.692 12.8777 0.5
0 188.738 95.6509 -14.3557 0.5
0 119.618 114.717 -2.90158 0.5
0 131.645 93.9714 13.7352 0.5
0 324.166 114.88 1.89731 0.5
0 154.022 104.612 -14.2735 0.5
0 136.651 115 0.0572222 0.5
0 282.665 88.4029 -9.51352 0.5
0 235.657 113.29 6.9546 0.5
0 127.365 96.4539 14.5748 0.5
0 162.363 103.79 14.5132 0.5
0 89.1539 111.923 9.10197 0.5
0 38.1633 86.3071 -6.12404 0.5
0 3.37525 114.215 4.78799 0.5
0 312.695 97.5215 -14.7938 0.5
0 264.746 112.006 8.99164 0.5
0 331.243 114.853 -2.09505 0.5
0 176.639 93.6728 13.6002 0.5
0 150.07 102.563 14.7794 0.5
0 176.93 113.078 -7.34614 0.5
0 246.43 108.1 -12.6249 0.5
0 1.1706 88.2324 -9.30175 0.5
0 319.86 113.978 -5.44095 0.5
0 26.3865 101.425 14.9322 0.5
0 305.52 111.963 -9.04922 0.5
0 261 100.661 14.9854 0.5
0 177.916 109.478 -11.626 0.5
0 122.225 111.884 9.15234 0.5
0 250.503 111.551 9.56975 0.5
0 9.57834 97.4075 -14.7743 0.5
0 169.884 91.0992 12.0738 0.5
0 323.098 113.158 -7.20105 0.5
0 53.7909 109.496 -11.6114 0.5
0 226.168 98.7747 -14.9499 0.5
0 317.732 85.5062 3.86383 0.5
0 62.7444 86.0868 5.60571 0.5
0 37.7016 114.982 -0.739364 0.5
0 110.934 89.2024 -10.4121 0.5
0 53.5867 114.161 4.94493 0.5
0 166.892 106.386 -13.5728 0.5
0 287.15 85.0079 0.487331 0.5
0 299.587 98.6369 14.9379 0.5
0 324.751 112.815 7.79667 0.5
0 241.186 111.832 -9.21994 0.5
0 252.646 103.939 -14.4735 0.5
0 161.7 101.358 -14.9384 0.5
0 72.2535 113.814 5.8467 0.5
0 247.355 91.0457 12.0342 0.5
0 162.058 92.2361 12.8344 0.5
0 107.805 111.299 -9.86595 0.5
0 62.4817 85.1397 2.04256 0.5
0 332.379 114.294 4.54823 0.5
0 263.168 91.1263 12.0937 0.5
0 272.748 98.4182 -14.9164 0.5
1 349.222 78.6163 13.6875 0.5
1 382.232 0.492456 -2.36162 0.5
1 387.478 15.5971 11.7061 0.5
1 367.724 47.4755 13.2448 0.5
1 362.518 49.6703 -14.9984 0.5
1 349.728 57.1598 -4.04435 0.5
1 361.107 36.9911 -1.69657 0.5
1 383.179 27.5869 5.58223 0.5
1 366.284 56.6359 6.08861 0.5
1 334.426 112.247 -5.00826 0.5
1 375.123 24.8707 -14.7462 0.5
1 359.97 42.7064 -10.0253 0.5
1 374.572 41.6177 7.4047 0.5
1 374.609 43.3451 -2.21185 0.5
1 348.007 60.2379 4.38048 0.5
1 343.225 74.9868 -12.763 0.5
1 355.048 75.4912 7.30393 0.5
1 376.081 36.9674 10.1888 0.5
1 345.059 69.9153 -11.3768 0.5
1 382.883 7.64869 13.505 0.5
1 336.817 104.385 10.7907 0.5
1 367.889 38.4759 -14.9065 0.5
1 359.966 68.8677 0.345107 0.5
1 388.73 -8.42946 8.32265 0.5
1 384.89 25.2496 -3.6549 0.5
1 340.193 76.591 9.59745 0.5
1 349.344 86.9195 -3.22059 0.5
1 335.888 96.3736 -14.9788 0.5
1 353.533 56.2171 12.1497 0.5
1 385.293 -0.627401 -10.582 0.5
1 339.66 98.4835 11.6556 0.5
1 347.608 70.7961 14.3155 0.5
1 360.955 37.1628 -0.407578 0.5
1 365.112 31.0433 -5.60184 0.5
1 361.364 62.4274 -10.2225 0.5
1 344.539 66.7324 -5.73885 0.5
1 380.112 11.4867 12.9964 0.5
1 359.777 67.1108 -7.63379 0.5
1 336.43 88.2819 13.5877 0.5
1 375.172 20.1624 13.0643 0.5
1 342.271 70.7059 -5.84612 0.5
1 365.706 46.0445 14.85 0.5
1 347.754 88.6588 -6.24765 0.5
1 369.942 46.872 10.9231 0.5
1 338.182 81.9879 11.5141 0.5
1 366.414 42.553 14.9993 0.5
1 359.81 44.4713 11.4671 0.5
1 382.233 23.7632 12.3862 0.5
1 388.522 5.32537 14.9721 0.5
1 373.648 38.5541 -12.4397 0.5
1 370.124 49.8898 -6.30095 0.5
1 370.76 39.2585 14.4335 0.5
1 372.771 17.2795 4.15415 0.5
1 378.647 21.4098 14.9996 0.5
1 383.193 -1.34064 -0.755079 0.5
1 365.88 48.2011 -14.2856 0.5
1 333.353 91.5955 12.4477 0.5
1 350.441 61.3436 -11.9808 0.5
1 347.061 77.0555 -14.9769 0.5
1 375.969 39.491 6.86239 0.5
1 348.77 73.1275 -14.9994 0.5
1 363.244 56.9289 -12.1934 0.5
1 347.261 71.6378 -14.3885 0.5
1 387.295 -1.87953 12.4175 0.5
1 372.613 45.9476 -5.43008 0.5
1 335.566 101.155 -14.1344 0.5
1 347.556 89.8883 3.75152 0.5
1 387.057 6.46739 -14.9923 0.5
1 336.035 80.6696 3.21815 0.5
1 382.066 30.2409 3.22735 0.5
1 359.55 68.2686 6.15987 0.5
1 351.171 79.1404 -11.1482 0.5
1 373.162 32.7242 14.9024 0.5
1 337.985 77.1385 -2.41755 0.5
1 351.09 84.0342 -2.50298 0.5
1 360.334 68.1256 1.80057 0.5
1 365.887 34.9208 -12.2233 0.5
1 366.185 33.6647 -11.6617 0.5
1 350.245 59.1245 -9.5297 0.5
1 388.485 18.7602 4.57368 0.5
1 353.308 56.5094 -12.0796 0.5
1 351.819 76.2088 12.5423 0.5
1 343.789 76.124 -13.8477 0.5
1 365.632 30.7289 6.88335 0.5
1 354.816 50.9731 9.23858 0.5
1 364.95 30.5218 -2.90559 0.5
1 359.428 40.6727 -5.03423 0.5
1 385.514 21.184 -9.55335 0.5
1 346.474 69.9629 -13.1166 0.5
1 364.379 59.7029 6.58907 0.5
1 362.908 58.617 11.3194 0.5
1 381.054 3.42925 -5.59676 0.5
1 352.393 81.4876 3.83869 0.5
1 377.241 24.2659 14.9967 0.5
1 369.639 51.459 -4.39145 0.5
1 379.751 33.0451 -6.65473 0.5
1 351.884 82.8023 1.40788 0.5
1 379.726 12.9893 -13.442 0.5
1 335.92 108.35 -7.77085 0.5
1 333.475 114.084 4.43584 0.5
1 379.903 27.1384 -12.8132 0.5
1 381.937 26.4213 10.6086 0.5
1 368.183 24.7648 -1.94783 0.5
1 341.256 100.37 5.13624 0.5
1 357.722 44.082 -6.16156 0.5
1 382.58 6.7711 -12.7321 0.5
1 349.609 83.8844 -8.90041 0.5
1 336.208 80.5571 -3.9776 0.5
1 337.822 102.478 -10.9494 0.5
1 383.868 5.5774 -13.3223 0.5
1 341.19 99.7024 6.91624 0.5
1 343.911 83.9057 14.8338 0.5
1 356.18 46.1372 4.55449 0.5
1 346.469 62.3186 1.44631 0.5
1 347.885 78.5206 14.5301 0.5
1 385.972 1.89318 -13.3009 0.5
1 377.197 38.8152 2.5077 0.5
1 344.774 72.49 -12.8763 0.5
1 333.906 85.5894 -6.70233 0.5
1 363.655 38.1291 -11.7277 0.5
1 375.582 13.3512 6.59745 0.5
1 368.664 38.9059 14.9997 0.5
1 363.171 62.9225 -3.43115 0.5
1 363.555 35.4887 8.77507 0.5
1 381.118 2.43634 -2.45191 0.5
1 376.566 21.4761 14.551 0.5
1 377.553 31.1201 12.8661 0.5
1 353.665 63.6097 -14.954 0.5
1 371.037 48.1753 -6.57806 0.5
1 378.394 6.95261 0.142758 0.5
1 384.48 21.2294 -11.3398 0.5
1 354.642 49.3923 -6.1065 0.5
1 344.885 93.8548 5.73083 0.5
1 345.333 81.3893 14.8416 0.5
1 362.066 35.3389 1.7721 0.5
1 384.618 2.1095 -11.9531 0.5
1 340.515 101.785 -4.76216 0.5
1 353.408 77.4329 8.72314 0.5
1 353.957 57.7958 -13.5268 0.5
1 363.224 33.2439 -0.689288 0.5
1 385.1 -1.51849 9.18844 0.5
1 377.591 21.2062 14.8469 0.5
1 388.646 -4.06041 12.5235 0.5
1 378.98 6.12861 -2.38494 0.5
1 354.535 70.2587 -13.2765 0.5
1 349.531 71.7344 14.9985 0.5
1 348.521 81.9655 12.5132 0.5
1 341.748 74.2665 -10.0242 0.5
1 366.508 34.1211 12.4153 0.5
1 375.014 36.0649 -12.522 0.5
1 353.083 52.513 6.97627 0.5
1 337.081 108.242 2.81491 0.5
1 344.017 67.0345 -3.98235 0.5
1 344.146 69.628 9.4571 0.5
1 385.118 -1.98895 -8.59305 0.5
1 368.898 26.2442 8.78937 0.5
1 341.856 87.0401 -14.8913 0.5
1 343.093 68.926 -4.9202 0.5
1 358.235 41.9707 1.74759 0.5
1 340.786 95.3305 -12.5349 0.5
1 346.064 89.2612 9.85204 0.5
1 338.469 76.7963 4.50445 0.5
1 351.714 64.8569 -14.6309 0.5
1 363.046 62.9417 4.17825 0.5
1 361.134 37.1991 3.22664 0.5
1 355.842 63.837 14.7319 0.5
1 382.363 4.44002 -10.5743 0.5
1 368.834 32.7389 -13.8453 0.5
1 376.144 40.4968 -3.23269 0.5
1 351.391 64.9782 14.5248 0.5
1 347.343 90.6353 1.71831 0.5
1 335.278 110.745 5.08205 0.5
1 355.371 58.2286 -14.5615 0.5
1 362.012 35.5284 -2.44891 0.5
1 362.874 35.8526 7.51422 0.5
1 372.592 21.3283 -10.5391 0.5
1 365.317 40.7698 14.5021 0.5
1 350.283 56.5031 -5.00646 0.5
1 339.638 87.5086 -14.9175 0.5
1 355.359 63.0183 -14.9545 0.5
1 338.466 105.801 -3.03244 0.5
1 336.063 105.379 11.0839 0.5
1 353.814 58.6266 13.7914 0.5
1 336.606 80.3674 -5.47568 0.5
1 364.145 44.3182 14.8204 0.5
1 351.485 63.2323 14.0217 0.5
1 376.822 37.6319 -7.55933 0.5
1 365.656 29.3884 3.32321 0.5
1 357.722 43.3104 4.03694 0.5
1 371.568 45.9346 -8.78361 0.5
1 372.417 20.0745 -8.68282 0.5
1 346.118 84.7211 13.3366 0.5
1 357.401 56.0225 -14.824 0.5
1 358.328 52.9471 -14.521 0.5
1 341.414 74.6819 9.83953 0.5
1 340.716 97.6806 10.7438 0.5
1 346.602 89.4537 -8.38743 0.5
1 386.003 -3.6322 8.43216 0.5
1 335.409 111.088 3.06348 0.5
1 371.532 48.8303 0.4923 0.5
1 388.701 -5.51345 -11.5144 0.5
1 384.28 23.8037 8.93962 0.5
1 350.838 84.1406 3.98729 0.5
1 333.779 114.152 -1.49857 0.5
1 384.554 11.1078 -14.999 0.5
1 358.605 71.2159 -0.589463 0.5
1 386.718 -7.2216 2.69068 0.5
1 363.412 39.2068 12.2227 0.5
1 372.614 21.463 10.7121 0.5
1 367.386 55.6596 -3.26533 0.5
1 375.125 28.7942 14.9535 0.5
1 366.548 53.898 9.7161 0.5
1 363.889 61.0421 -5.47239 0.5
1 342.107 83.5844 -14.9504 0.5
1 370.386 40.744 14.1699 0.5
1 372.03 18.254 2.87953 0.5
1 383.552 -1.96314 0.738546 0.5
1 334.058 109.06 -10.8896 0.5
2 387.476 -5.87514 13.1576 0.5
2 347.606 -52.9208 2.38838 0.5
2 362.314 -28.0062 4.69269 0.5
2 367.859 -17.7245 1.48884 0.5
2 382.24 -22.0965 -4.34758 0.5
2 383.111 -13.3458 -13.206 0.5
2 377.911 -15.5722 -14.9963 0.5
2 388.41 -10.9275 -5.70275 0.5
2 340.288 -74.7221 13.8823 0.5
2 351.132 -74.6656 -7.40552 0.5
2 367.742 -38.1067 -14.0499 0.5
2 345.641 -85.202 5.19998 0.5
2 343.565 -67.2164 12.9835 0.5
2 382.962 -4.1017 -14.8085 0.5
2 368.814 -16.1105 -1.85613 0.5
2 338.357 -72.0354 9.36901 0.5
2 333.846 -106.353 -2.49502 0.5
2 344.516 -87.4468 -4.31593 0.5
2 365.379 -42.9258 13.7561 0.5
2 353.403 -42.7435 -1.29144 0.5
2 356.823 -45.5284 -13.6419 0.5
2 380.464 -0.805575 11.1705 0.5
2 354.566 -50.3071 14.007 0.5
2 339.076 -67.8087 -3.0111 0.5
2 361.005 -59.519 -0.263169 0.5
2 359.642 -32.6275 4.67084 0.5
2 349.883 -62.5176 -14.9464 0.5
2 378.43 -28.6009 -4.65036 0.5
2 364.401 -23.6409 0.199991 0.5
2 367.137 -29.7028 14.401 0.5
2 384.346 5.42516 -11.5935 0.5
2 350.658 -57.1775 -14.0457 0.5
2 357.426 -41.9748 12.1865 0.5
2 370.062 -26.5587 14.8264 0.5
2 381.285 -13.8161 -14.3335 0.5
2 370.681 -18.3786 -11.7025 0.5
2 362.057 -42.4028 -14.9971 0.5
2 359.645 -37.3301 11.5699 0.5
2 341.006 -64.1703 -0.554965 0.5
2 380.414 2.57869 6.57306 0.5
2 340.243 -80.0123 14.9926 0.5
2 377.5 -11.3079 14.2634 0.5
2 362.96 -41.5072 -14.9954 0.5
2 358.254 -45.8929 -14.611 0.5
2 369.293 -30.7591 -14.9883 0.5
2 360.75 -48.9764 -14.4529 0.5
2 338.483 -89.5468 13.7408 0.5
2 334.128 -79.648 -9.7183 0.5
2 333.985 -88.9777 14.8158 0.5
2 351.895 -64.6926 -14.3426 0.5
2 349.764 -53.8861 -11.0849 0.5
2 376.2 -28.6839 10.7314 0.5
2 377.931 -14.2493 -14.9695 0.5
2 358.239 -61.5265 8.70698 0.5
2 382.211 -21.401 6.30829 0.5
2 344.04 -64.238 11.4689 0.5
2 363.662 -27.4824 8.38718 0.5
2 339.447 -70.829 10.1628 0.5
2 377.644 -5.48 10.9787 0.5
2 376.189 -12.3907 13.82 0.5
2 360.298 -37.7608 12.6976 0.5
2 379.149 -7.4786 -13.9085 0.5
2 377.28 -4.92731 9.74254 0.5
2 337.129 -71.0507 2.28114 0.5
2 352.743 -59.8359 -14.9664 0.5
2 342.976 -71.8855 14.4939 0.5
2 381.283 1.52948 10.2756 0.5
2 380.488 -9.44297 -14.9407 0.5
2 377.872 -1.75769 6.43537 0.5
2 351.871 -61.1841 14.9763 0.5
2 383.801 -4.86914 14.999 0.5
2 355.7 -63.1678 -11.6424 0.5
2 335.501 -75.2825 -6.7132 0.5
2 359.87 -58.0127 9.60114 0.5
2 357.825 -46.4054 14.5555 0.5
2 365.944 -50.6822 -2.90964 0.5
2 354.97 -40.2624 2.93019 0.5
2 364.555 -30.9398 -13.0287 0.5
2 368.069 -47.28 0.40077 0.5
2 373.871 -31.7563 -11.5918 0.5
2 341.31 -66.5503 -8.88828 0.5
2 354.584 -42.214 6.68243 0.5
2 342.172 -92.0456 1.69171 0.5
2 366.821 -48.2416 5.89497 0.5
2 376.525 -19.7417 -14.852 0.5
2 375.514 -27.5381 12.5951 0.5
2 341.9 -62.7271 1.85941 0.5
2 368.173 -31.6035 -14.9916 0.5
2 350.324 -53.0802 11.2329 0.5
2 387.669 -8.18364 11.3159 0.5
2 372.43 -28.2342 -14.5855 0.5
2 369.986 -43.9434 -0.82655 0.5
2 376.958 -7.30582 -11.5395 0.5
2 356.142 -43.9408 11.9972 0.5
2 345.971 -81.8696 9.85376 0.5
2 346.428 -73.4731 14.5355 0.5
2 354.638 -70.5111 -1.08042 0.5
2 349.986 -76.7108 -7.29907 0.5
2 363.793 -38.5297 -14.9549 0.5
2 336.985 -73.623 8.28833 0.5
2 383.056 -19.5456 -7.09181 0.5
2 367.547 -19.9557 7.05979 0.5
2 353.615 -71.943 -3.3478 0.5
2 364.916 -23.3094 4.06974 0.5
2 355.319 -65.8249 9.68472 0.5
2 379.278 1.82921 2.98216 0.5
2 355.513 -43.0341 10.1988 0.5
2 371.477 -12.7932 6.34761 0.5
2 352.206 -44.7805 -0.74032 0.5
2 369.383 -36.5762 -13.4862 0.5
2 352.391 -60.2116 14.9802 0.5
2 368.59 -27.7025 -14.5411 0.5
2 375.593 -5.86152 -6.75416 0.5
2 334.951 -96.3732 -13.4077 0.5
2 346.004 -61.2714 11.8215 0.5
2 347.178 -66.9702 14.9248 0.5
2 375.782 -32.1483 -7.08419 0.5
2 346.738 -84.1406 -1.65143 0.5
2 381.37 -9.16561 14.9998 0.5
2 383.105 -15.6783 -11.661 0.5
2 355.588 -61.0571 13.1841 0.5
2 343.299 -60.6899 3.84297 0.5
2 361.489 -31.3854 -8.58968 0.5
2 371.806 -17.213 -12.2889 0.5
2 351.256 -64.0494 14.7655 0.5
2 384.786 -17.143 5.85147 0.5
2 344.799 -60.7208 -9.17008 0.5
2 352.769 -72.894 -5.09593 0.5
2 368.817 -45.9494 -1.1036 0.5
2 369.514 -15.1087 3.10616 0.5
2 378.706 -11.7329 14.848 0.5
2 360.158 -60.377 4.23932 0.5
2 360.915 -32.7973 -9.15852 0.5
2 342.839 -63.7053 -8.61311 0.5
2 350.287 -48.4885 3.45095 0.5
2 352.805 -57.4389 14.9449 0.5
2 377.638 -28.378 -8.03587 0.5
2 355.703 -41.9738 9.34882 0.5
2 335.976 -74.9527 7.62132 0.5
2 388.146 -9.69009 -8.75615 0.5
2 352.18 -51.4375 12.4481 0.5
2 335.219 -77.5693 9.49217 0.5
2 373.212 -12.7333 -10.5682 0.5
2 344.377 -73.2761 14.9999 0.5
2 358.098 -53.5691 14.4533 0.5
2 341.619 -65.6653 -8.39147 0.5
2 356.624 -37.5238 3.50272 0.5
2 357.607 -37.7408 -8.03453 0.5
2 348.08 -64.6981 14.8364 0.5
2 369.464 -44.7246 -2.07835 0.5
2 370.574 -30.3209 14.8111 0.5
2 363.555 -52.74 -8.08483 0.5
2 341.403 -64.2452 -4.74912 0.5
2 367.386 -19.2744 -4.85052 0.5
2 378.428 -14.9258 14.9887 0.5
2 338.462 -98.2673 -2.98707 0.5
2 350.007 -49.1959 -4.28614 0.5
2 370.924 -41.9001 -3.6124 0.5
2 333.466 -96.6213 -14.3399 0.5
2 388.24 17.0279 4.27576 0.5
2 354.413 -49.2714 -13.4363 0.5
2 378.724 0.87498 -2.95126 0.5
2 347.362 -62.4734 13.8835 0.5
2 355.531 -48.9146 -14.1109 0.5
2 337.18 -87.1647 14.9367 0.5
2 364.36 -53.5317 -2.3068 0.5
2 337.604 -70.3661 3.05163 0.5
2 357.855 -40.6875 11.7777 0.5
2 346.932 -83.1249 4.74657 0.5
2 382.396 -0.59804 -13.3331 0.5
2 363.916 -44.5974 14.1 0.5
2 344.916 -84.2488 9.18309 0.5
2 375.721 -12.1712 -13.3386 0.5
2 355.046 -69.8116 0.952756 0.5
2 368.977 -18.5357 8.75792 0.5
2 363.567 -25.7448 -4.40097 0.5
2 357.461 -65.1976 -3.69347 0.5
2 383.858 7.21663 8.78972 0.5
2 363.08 -39.9086 14.9654 0.5
2 361.154 -39.686 -14.2847 0.5
2 360.037 -35.3574 -10.3682 0.5
2 346.662 -83.9444 3.52488 0.5
2 359.36 -36.5477 10.3864 0.5
2 362.259 -34.0788 12.5139 0.5
2 369.78 -37.7238 12.4271 0.5
2 334.898 -97.8002 12.65 0.5
2 385.818 4.6791 -13.6486 0.5
2 335.908 -78.0778 -11.2573 0.5
2 374.709 -9.5609 -9.95105 0.5
2 388.855 -6.85197 -10.644 0.5
2 337.272 -99.7651 -5.01574 0.5
2 367.211 -18.7833 -0.596276 0.5
2 373.691 -32.4187 11.2955 0.5
2 335.186 -74.4117 2.25979 0.5
2 352.692 -46.4442 8.32936 0.5
2 374.226 -36.3231 2.97597 0.5
2 340.859 -76.2073 -14.6531 0.5
2 354.443 -66.3275 10.7698 0.5
2 346.026 -71.7703 14.9432 0.5
2 335.355 -103.844 -1.76912 0.5
2 343.488 -67.0526 -12.8073 0.5
2 387.247 9.58745 12.2508 0.5
2 352.496 -54.7592 14.3092 0.5
2 345.366 -56.6306 0.811792 0.5
2 381.715 3.47817 8.82543 0.5
2 374.325 -7.27588 -4.9051 0.5
2 379.606 -15.6917 -14.6125 0.5
2 364.507 -25.6493 -7.80988 0.5
2 379.817 -3.08631 12.1104 0.5
2 349.65 -49.197 0.486341 0.5
2 368.308 -29.9492 14.8761 0.5
2 366.42 -45.4896 10.8599 0.5
2 345.42 -58.3617 -7.20911 0.5
2 370.245 -26.7263 -14.8928 0.5
2 354.009 -41.7672 -1.95662 0.5
2 341.501 -91.1743 -7.70354 0.5
2 343.395 -62.1521 -7.70249 0.5
2 369.036 -39.2573 -12.2578 0.5
2 380.961 -6.84296 -14.6732 0.5
2 344.362 -67.8043 13.938 0.5
2 380.081 3.28154 -2.6643 0.5
2 380.529 -15.6333 -14.1671 0.5
2 362.376 -46.9043 -14.2252 0.5
2 380.328 -20.1954 -11.8914 0.5
2 362.317 -35.7628 -13.5255 0.5
2 383.747 -7.55033 14.8035 0.5
2 351.299 -75.8799 -3.65814 0.5
2 374.765 -5.72285 -1.00943 0.5
2 340.423 -83.7158 14.575 0.5
2 343.156 -78.3918 14.7061 0.5
2 357.578 -56.4274 -13.7603 0.5
3 411.509 -77.8479 3.43147 0.5
3 357.686 -77.5277 -1.52346 0.5
3 420.941 -89.4409 14.6951 0.5
3 440.815 -87.7752 14.2529 0.5
3 362.957 -80.2562 -8.73552 0.5
3 335.442 -83.9115 -12.3326 0.5
3 425.888 -99.4799 13.2507 0.5
3 440.1 -87.2501 -14.0698 0.5
3 402.333 -100.28 -12.7941 0.5
3 433.695 -87.8152 -14.266 0.5
3 354.837 -82.493 -11.2186 0.5
3 350.125 -90.0781 14.8113 0.5
3 370.395 -90.0866 -14.8126 0.5
3 424.688 -107.27 2.31421 0.5
3 427.867 -83.7183 12.1965 0.5
3 337.914 -82.9985 -11.6476 0.5
3 411.179 -107.115 3.1535 0.5
3 333.357 -107.087 3.27881 0.5
3 432.146 -82.3402 -11.0811 0.5
3 364.289 -91.7171 -14.9821 0.5
3 406.671 -98.3382 13.796 0.5
3 369.943 -86.4533 -13.7491 0.5
3 369.014 -77.8444 -3.41691 0.5
3 387.253 -105.27 7.78728 0.5
3 429.977 -104.254 9.25575 0.5
3 384.65 -77.4585 0.502469 0.5
3 374.105 -85.0916 -13.0711 0.5
3 402.686 -97.0727 14.27 0.5
3 399.791 -100.194 12.8465 0.5
3 379.317 -82.4347 11.1665 0.5
3 363.372 -78.1099 4.39994 0.5
3 354.302 -107.07 3.35491 0.5
3 338.104 -106.899 4.02746 0.5
3 379.482 -85.806 13.4483 0.5
3 436.466 -106.234 5.91558 0.5
3 338.266 -80.7819 9.42625 0.5
3 354.686 -107.306 -2.07499 0.5
3 395.377 -77.4628 -0.618074 0.5
3 384.555 -84.9206 -12.9733 0.5
3 437.607 -92.5018 14.9999 0.5
3 403.261 -91.2795 -14.9543 0.5
3 423.408 -77.4788 -0.92814 0.5
3 432.359 -101.554 -11.9217 0.5
3 400.832 -107.44 0.546348 0.5
3 337.003 -102.955 10.7074 0.5
3 336.258 -105.612 7.19479 0.5
3 379.499 -104.266 9.24085 0.5
3 342.372 -77.9543 -3.85655 0.5
3 422.726 -95.8036 14.6203 0.5
3 376.453 -81.8199 -10.583 0.5
3 392.872 -84.9852 13.0106 0.5
3 415.997 -107.39 -1.34236 0.5
3 346.445 -91.0481 14.9343 0.5
3 364.192 -98.4673 13.7402 0.5
3 386.007 -86.634 13.8265 0.5
3 389.057 -102.136 11.4538 0.5
3 434.13 -99.4341 13.2749 0.5
3 402.741 -103.944 -9.63828 0.5
3 352.618 -80.6028 -9.20005 0.5
3 387.652 -106.935 -3.89652 0.5
3 425.651 -77.4944 -1.15202 0.5
3 438.592 -91.9233 14.9907 0.5
3 428.494 -80.4964 9.06137 0.5
3 390.221 -82.5838 -11.2985 0.5
3 337.72 -107.432 0.740927 0.5
3 425.221 -94.084 14.9107 0.5
3 389.701 -83.6083 -12.117 0.5
3 369.197 -92.4297 -15 0.5
3 382.842 -87.76 -14.2479 0.5
3 435.403 -98.2368 13.8389 0.5
3 425.608 -107.33 1.89539 0.5
3 438.799 -106.996 3.66344 0.5
3 361.525 -101.338 -12.0831 0.5
3 367.75 -80.9693 -9.65359 0.5
3 441.859 -107.341 1.80946 0.5
3 427.278 -85.0174 -13.029 0.5
3 416.136 -77.4556 -0.407915 0.5
3 391.741 -78.454 -5.39527 0.5
3 356.691 -81.5978 -10.3551 0.5
3 358.75 -80.0674 8.46577 0.5
3 390.987 -107.286 -2.20936 0.5
3 397.233 -83.7282 -12.2036 0.5
3 406.658 -90.0858 -14.8125 0.5
3 427.367 -77.701 -2.7321 0.5
3 371.801 -78.3158 5.02218 0.5
3 346.71 -78.4265 5.32331 0.5
3 372.676 -82.3043 11.0482 0.5
3 373.543 -100.217 12.8326 0.5
3 335.504 -81.7668 10.5294 0.5
3 444.36 -78.1385 4.49212 0.5
3 407.659 -88.0419 -14.3376 0.5
3 394.368 -107.04 -3.48199 0.5
3 363.128 -103.665 -9.96163 0.5
3 376.934 -94.1521 -14.9031 0.5
3 362.681 -100.337 -12.7594 0.5
3 368.245 -107.09 3.26497 0.5
3 350.078 -104.925 8.32887 0.5
3 403.44 -89.732 14.7517 0.5
3 357.438 -77.456 -0.419932 0.5
3 377.015 -87.9789 14.3181 0.5
3 424.26 -100.479 12.6701 0.5
3 441.239 -99.9792 12.9735 0.5
3 418.284 -107.3 -2.11815 0.5
3 404.261 -77.6818 -2.62606 0.5
3 384.36 -102.379 11.2435 0.5
3 377.422 -85.5688 13.3285 0.5
3 370.527 -97.2401 -14.2146 0.5
3 384.288 -97.7164 -14.0452 0.5
3 400.625 -79.118 -6.87427 0.5
3 408.571 -79.6452 -7.81249 0.5
3 335.067 -107.239 -2.50732 0.5
3 395.711 -98.2714 13.8243 0.5
3 407.965 -78.1884 -4.64789 0.5
3 431.393 -106.793 -4.38958 0.5
3 346.993 -107.007 -3.61887 0.5
3 342.444 -79.5753 7.6968 0.5
3 388.123 -100.415 12.7107 0.5
3 430.088 -107.184 -2.8107 0.5
3 403.575 -105.779 -6.88116 0.5
3 372.32 -107.261 2.37535 0.5
3 368.482 -79.7044 7.90869 0.5
3 433.493 -86.1216 13.5997 0.5
3 437.965 -106.305 -5.74787 0.5
3 337.283 -77.5357 -1.60074 0.5
3 353.192 -82.1874 -10.9397 0.5
3 413.02 -85.2988 -13.1856 0.5
3 389.477 -92.1399 14.9968 0.5
3 380.201 -105.281 -7.77013 0.5
3 420.742 -105.214 7.87874 0.5
3 334.324 -106.887 4.07219 0.5
3 395.006 -103.162 -10.5007 0.5
3 354.925 -91.2665 14.9532 0.5
3 423.706 -77.7101 -2.78074 0.5
3 414.205 -81.6203 10.3787 0.5
3 347.547 -101.792 11.7354 0.5
3 340.644 -104.833 -8.46588 0.5
3 419.998 -96.7482 -14.371 0.5
3 375.621 -79.8895 -8.19945 0.5
3 386.408 -89.5266 -14.7124 0.5
3 404.527 -86.6513 -13.8338 0.5
3 415.492 -84.285 -12.583 0.5
3 340.515 -93.3293 14.9742 0.5
3 367.098 -106.96 3.8038 0.5
3 367.138 -107.447 0.290205 0.5
3 419.836 -78.481 5.46497 0.5
3 424.269 -82.3947 11.1305 0.5
3 340.988 -78.0583 -4.22817 0.5
3 426.365 -104.728 8.61747 0.5
3 346.144 -99.3099 13.3395 0.5
3 437.639 -81.1159 9.82522 0.5
3 405.907 -79.6903 7.88588 0.5
3 341.897 -94.1408 14.9044 0.5
3 368.281 -81.3853 10.1277 0.5
3 338.313 -103 -10.6626 0.5
3 346.59 -103.431 -10.2183 0.5
3 364.76 -77.4503 -0.087337 0.5
3 348.603 -107.435 0.668757 0.5
3 437.186 -93.7658 -14.9422 0.5
3 417.543 -97.7111 14.0471 0.5
3 404.804 -105.326 -7.69474 0.5
3 372.591 -83.6836 12.1716 0.5
3 415.66 -77.9633 -3.89028 0.5
3 359.03 -104.597 8.80027 0.5
3 411.015 -81.4207 -10.1662 0.5
3 361.869 -84.5756 -12.7669 0.5
3 339.263 -79.6757 7.86223 0.5
3 370.288 -98.2376 13.8385 0.5
3 382.782 -106.575 5.04909 0.5
3 362.482 -78.8585 -6.34568 0.5
3 383.697 -107.275 2.28458 0.5
3 417.39 -104.95 -8.29131 0.5
3 392.984 -77.453 -0.296257 0.5
3 381.339 -89.2064 14.6451 0.5
3 356.958 -106.408 5.49397 0.5
3 362.813 -104.516 8.91132 0.5
3 405.331 -77.4508 0.147417 0.5
3 370.658 -88.6787 -14.5181 0.5
3 335.57 -105.411 -7.5506 0.5
3 355.483 -101.489 11.9706 0.5
3 399.828 -92.1849 -14.9977 0.5
3 379.22 -92.7065 14.9978 0.5
3 382.095 -105.954 6.5297 0.5
3 399.448 -107.131 -3.07855 0.5
3 386.8 -78.0165 4.08324 0.5
3 398.71 -105.975 -6.48722 0.5
3 416.679 -107.346 1.76344 0.5
3 434.949 -93.52 -14.9618 0.5
3 369.07 -103.913 -9.67438 0.5
3 356.031 -100.722 -12.5132 0.5
3 406.7 -106.669 4.77686 0.5
3 440.972 -98.1291 13.8834 0.5
3 435.862 -107.225 2.5891 0.5
3 394.247 -105.058 -8.12583 0.5
3 341.452 -80.8393 -9.49679 0.5
3 346.912 -100.025 -12.9468 0.5
3 370.349 -102.236 -11.368 0.5
3 366.656 -78.2945 4.96173 0.5
3 413.073 -77.5023 -1.25065 0.5
3 339.335 -91.8022 -14.986 0.5
3 414.113 -96.4995 14.4431 0.5
3 359.814 -103.288 10.3706 0.5
3 349.073 -100.297 12.7837 0.5
3 422.449 -77.5192 -1.43829 0.5
3 375.856 -93.6785 -14.9496 0.5
3 397.78 -77.4517 -0.216631 0.5
3 354.344 -95.4501 14.6969 0.5
3 414.343 -77.4523 0.259636 0.5
3 384.457 -100.612 12.5852 0.5
3 390.292 -79.8324 8.11141 0.5
3 357.979 -91.9107 14.9903 0.5
3 423.995 -77.618 2.23802 0.5
3 437.736 -107.099 -3.22666 0.5
3 439.087 -77.5328 -1.57292 0.5
3 354.715 -86.1801 -13.6267 0.5
3 354.009 -99.8046 -13.0733 0.5
3 347.655 -105.957 -6.52427 0.5
3 418.716 -91.4325 -14.9654 0.5
4 474.369 -156.977 7.98779 0.5
4 498.345 -186.772 14.969 0.5
4 446.403 -105.992 -11.0438 0.5
4 489.774 -184.353 6.76198 0.5
4 486.188 -177.506 7.89606 0.5
4 488.602 -160.879 12.6537 0.5
4 481.315 -147.143 -11.8714 0.5
4 455.852 -100.289 -9.1048 0.5
4 480.998 -155.231 14.9905 0.5
4 449.145 -109.371 12.1627 0.5
4 482.868 -157.852 -14.9559 0.5
4 456.001 -114.428 -14.8712 0.5
4 463.314 -139.017 -5.67997 0.5
4 487.158 -152.362 5.19717 0.5
4 489.151 -156.639 -7.03921 0.5
4 482.157 -157.267 14.9916 0.5
4 482.844 -154.723 -14.3889 0.5
4 453.144 -122.083 3.58926 0.5
4 447.537 -97.8414 15 0.5
4 468.134 -120.327 7.20784 0.5
4 448.532 -106.098 13.4857 0.5
4 469.228 -120.959 -4.13974 0.5
4 451.811 -90.3094 -1.72529 0.5
4 473.306 -136.476 13.7635 0.5
4 478.875 -139.519 8.19011 0.5
4 483.595 -158.823 14.9309 0.5
4 470.55 -123.805 5.73112 0.5
4 453.893 -108.861 -14.9999 0.5
4 452.896 -120.424 6.86778 0.5
4 497.903 -174.287 10.455 0.5
4 488.809 -163.167 13.6926 0.5
4 492.456 -161.67 -5.54011 0.5
4 459.385 -129.099 -10.4383 0.5
4 463.251 -113.286 9.33854 0.5
4 485.41 -155.039 -12.45 0.5
4 447.16 -96.7017 -14.9932 0.5
4 445.65 -93.3437 14.9524 0.5
4 488.58 -154.653 4.70752 0.5
4 485.462 -166.921 14.6033 0.5
4 472.565 -126.899 4.6599 0.5
4 495.489 -195.597 -2.81185 0.5
4 477.76 -137.668 8.31189 0.5
4 471.562 -125.98 6.66152 0.5
4 447.061 -110.2 7.09133 0.5
4 469.689 -121.333 2.17229 0.5
4 488.578 -154.293 -3.44989 0.5
4 498.963 -192.899 13.739 0.5
4 457.687 -106.118 11.7936 0.5
4 466.063 -121.441 12.3917 0.5
4 469.171 -144.973 -11.4453 0.5
4 491.035 -172.918 -14.9983 0.5
4 475.851 -137.916 12.0504 0.5
4 463.328 -134.269 -11.9147 0.5
4 492.406 -176.044 14.9909 0.5
4 464.854 -142.412 -3.39123 0.5
4 484.574 -171.315 11.7226 0.5
4 468.008 -118.265 0.250009 0.5
4 472.735 -140.916 14.9905 0.5
4 448.114 -88.3693 -10.774 0.5
4 466.733 -145.939 -1.85947 0.5
4 462.068 -108.319 -3.19929 0.5
4 451.346 -112.924 -12.3447 0.5
4 483.708 -165.501 -14.1262 0.5
4 472.397 -138.282 14.7761 0.5
4 466.074 -144.121 -4.81201 0.5
4 474.057 -129.873 5.71648 0.5
4 499.181 -199.679 8.40857 0.5
4 451.492 -115.161 10.708 0.5
4 471.487 -130.116 -11.8678 0.5
4 472.348 -125.982 -2.4489 0.5
4 454.502 -123.67 5.88092 0.5
4 466.628 -118.876 -9.00444 0.5
4 479.48 -149.632 14.5859 0.5
4 474.455 -159.418 -0.592232 0.5
4 488.778 -171.117 -14.8818 0.5
4 464.693 -114.73 7.83405 0.5
4 471.757 -151.15 -9.75683 0.5
4 448.163 -110.779 -9.1478 0.5
4 458.513 -110.133 13.4285 0.5
4 470.921 -123.727 -3.51758 0.5
4 471.206 -125.301 -6.53399 0.5
4 484.713 -177.191 0.416065 0.5
4 457.587 -100.337 1.91137 0.5
4 480.412 -164.45 -11.44 0.5
4 495.524 -195.077 4.9648 0.5
4 466.657 -121.819 -11.9206 0.5
4 488.254 -166.878 14.9295 0.5
4 456.432 -128.201 -0.619978 0.5
4 486.007 -170.447 -13.7443 0.5
4 475.856 -150.832 -14.4637 0.5
4 479.515 -139.397 -5.88652 0.5
4 496.459 -182.2 14.9961 0.5
4 494.346 -187.948 11.9505 0.5
4 470.286 -130.104 13.2106 0.5
4 468.727 -144.506 11.1828 0.5
4 466.708 -138.746 12.8519 0.5
4 484.281 -149.429 -8.9738 0.5
4 492.618 -190.868 0.781193 0.5
4 460.616 -107.474 7.50642 0.5
4 468.659 -122.848 9.57858 0.5
4 469.176 -140.627 14.0171 0.5
4 476.342 -155.08 -13.0577 0.5
4 463.071 -138.231 6.50115 0.5
4 494.271 -165.748 7.47457 0.5
4 457.036 -99.265 -0.399416 0.5
4 470.556 -152.324 -3.23687 0.5
4 448.838 -94.4816 13.9245 0.5
4 449.588 -113.551 -8.73794 0.5
4 467.953 -147.219 5.25086 0.5
4 472.22 -130.942 -11.5113 0.5
4 478 -156.569 -13.7481 0.5
4 447.495 -88.5882 11.8897 0.5
4 470.361 -147.208 11.2965 0.5
4 477.105 -145.358 -14.546 0.5
4 464.31 -117.599 11.8019 0.5
4 479.319 -167.427 -3.55233 0.5
4 456.952 -122.791 12.2357 0.5
4 455.026 -115.258 -14.3151 0.5
4 485.341 -178.19 1.67958 0.5
4 456.638 -114.867 14.9438 0.5
4 471.011 -153.453 -0.596418 0.5
4 478.836 -137.537 -3.90672 0.5
4 465.349 -113.677 0.740975 0.5
4 489.291 -181.518 9.75806 0.5
4 480.568 -150.538 -14.3156 0.5
4 484.729 -153.732 -12.3645 0.5
4 490.575 -179.489 -13.1923 0.5
4 471.577 -145.8 -13.5876 0.5
4 444.803 -89.1771 -14.4856 0.5
4 451.098 -117.867 5.65565 0.5
4 477.236 -135.391 5.74391 0.5
4 495.836 -190.764 -11.7684 0.5
4 474.064 -128.963 -2.50174 0.5
4 491.274 -171.846 -14.9016 0.5
4 498.963 -174.596 8.60942 0.5
4 465.004 -127.668 -14.9949 0.5
4 462.927 -109.722 2.77913 0.5
4 480.867 -169.199 6.18902 0.5
4 492.58 -166.643 -11.8633 0.5
4 470.656 -144.774 13.3067 0.5
4 493.548 -163.93 -6.39069 0.5
4 494.832 -172.255 -13.0087 0.5
4 450.945 -91.5115 8.72968 0.5
4 473.136 -131.68 -10.7461 0.5
4 468.846 -133.438 -14.9456 0.5
4 468.65 -120.238 -5.01714 0.5
4 462.987 -133.192 12.2728 0.5
4 476.89 -134.461 -4.87505 0.5
4 493.165 -162.585 -4.67977 0.5
4 461.396 -106.846 -1.01916 0.5
4 473.477 -154.04 -9.85908 0.5
4 455.842 -101.993 10.9994 0.5
4 495.874 -175.974 13.9334 0.5
4 487.802 -153.155 4.22754 0.5
4 487.315 -159.8 -13.317 0.5
4 459.589 -124.656 13.7588 0.5
4 489.844 -161.421 11.473 0.5
4 455.699 -112.704 14.9807 0.5
4 469.326 -142.492 13.2949 0.5
4 489.442 -163.247 -13.191 0.5
4 460.629 -133.244 -7.88234 0.5
4 456.471 -128.235 1.15899 0.5
4 491.242 -170.45 -14.6855 0.5
4 497.117 -175.068 12.2802 0.5
4 480.862 -167.868 -8.52574 0.5
4 482.917 -162.077 -14.699 0.5
4 464.375 -135.211 12.5333 0.5
4 486.547 -164.468 -14.9726 0.5
4 469.656 -135.985 14.9994 0.5
4 459.883 -104.916 4.60603 0.5
4 455.985 -97.7436 -3.00514 0.5
4 484.972 -163.975 -14.9409 0.5
4 485.079 -170.577 -12.8455 0.5
4 452.3 -114.054 12.6901 0.5
4 446.202 -96.9407 14.9301 0.5
4 482.625 -165.441 -13.3397 0.5
4 484.438 -161.063 14.9855 0.5
4 489.325 -162.558 12.9165 0.5
4 479.678 -153.18 14.9971 0.5
4 467.658 -133.145 -14.9921 0.5
4 446.401 -80.9291 1.6446 0.5
4 477.777 -142.676 12.9861 0.5
4 486.427 -172.69 -12.9765 0.5
4 483.083 -174.33 1.13314 0.5
4 499.25 -178.74 12.2647 0.5
4 465.601 -124.825 -14.3798 0.5
4 496.289 -178.056 -14.4024 0.5
4 494.752 -164.946 3.26497 0.5
4 487.542 -167.66 14.9895 0.5
4 475.679 -132.647 -5.62884 0.5
4 459.307 -124.839 -13.447 0.5
4 464.726 -136.522 12.0423 0.5
4 482.753 -165.138 13.596 0.5
4 468.774 -120.089 -3.83544 0.5
4 484.013 -173.512 8.25039 0.5
4 490.847 -186.504 -6.14694 0.5
4 499.071 -172.079 -0.646894 0.5
4 495.584 -195.927 -1.72593 0.5
4 464.972 -122.153 -13.8113 0.5
4 450.403 -114.883 8.84691 0.5
4 480.863 -155.3 -14.9983 0.5
5 512.024 -154.051 -5.88596 0.5
5 537.259 -109.603 -3.69602 0.5
5 501.054 -196.378 11.5846 0.5
5 520.185 -155.802 14.8539 0.5
5 531.312 -149.385 1.29264 0.5
5 501.12 -177.227 11.6013 0.5
5 506.102 -192.639 -3.71782 0.5
5 510.667 -157.987 -8.70906 0.5
5 501.713 -185.555 14.9992 0.5
5 520.176 -139.025 -2.96366 0.5
5 515.337 -163.828 -14.9015 0.5
5 507.936 -183.876 -12.0399 0.5
5 540.122 -105.744 6.66613 0.5
5 514.142 -150.067 -5.08168 0.5
5 507.286 -161.392 -3.15475 0.5
5 529.276 -145.351 -13.0572 0.5
5 546.327 -117.684 11.8093 0.5
5 515.367 -175.074 -7.4569 0.5
5 532.331 -120.87 -9.25277 0.5
5 528.696 -135.695 14.6379 0.5
5 539.239 -127.019 13.6096 0.5
5 523.157 -161.144 -8.17147 0.5
5 507.915 -174.851 -14.9996 0.5
5 540.719 -103.382 2.6414 0.5
5 503.597 -170.457 -9.01653 0.5
5 552.816 -111.124 5.56862 0.5
5 507.109 -174.213 14.8452 0.5
5 516.107 -147.467 6.9173 0.5
5 508.978 -169.709 -14.6059 0.5
5 529.173 -149.824 9.41471 0.5
5 526.312 -129.219 -5.68089 0.5
5 548.591 -113.301 -12.1559 0.5
5 514.62 -161.153 14.8379 0.5
5 535.791 -112.654 5.30769 0.5
5 539.989 -110.748 12.2449 0.5
5 516.715 -149.613 -11.0806 0.5
5 510.49 -183.392 -7.67923 0.5
5 552.96 -82.0437 -1.71178 0.5
5 518.888 -170.764 2.42314 0.5
5 520.28 -162.837 11.7785 0.5
5 542.511 -129.661 -3.37004 0.5
5 538.394 -108.348 -5.81763 0.5
5 548.006 -112.361 13.3527 0.5
5 541.201 -102.316 -0.244052 0.5
5 525.927 -132.78 -10.2093 0.5
5 504.586 -195.285 3.63379 0.5
5 549.668 -88.8596 5.90487 0.5
5 525.547 -154.116 -11.4506 0.5
5 501.883 -188.684 14.6394 0.5
5 501.329 -195.838 -11.6371 0.5
5 538.649 -135.052 -6.90011 0.5
5 526.601 -155.921 6.89956 0.5
5 543.741 -121.812 12.0755 0.5
5 532.992 -117.699 -5.80412 0.5
5 534.358 -120.044 -11.9076 0.5
5 553.242 -108.111 -9.44339 0.5
5 517.593 -147.976 -10.9735 0.5
5 528.668 -124.044 -0.821534 0.5
5 518.242 -169.511 -8.39255 0.5
5 522.926 -148.496 -14.9926 0.5
5 551.875 -91.3708 13.0162 0.5
5 545.372 -96.9702 -7.27278 0.5
5 514.854 -155.083 -12.7726 0.5
5 535.169 -142.596 2.21872 0.5
5 543.792 -125.849 -7.44256 0.5
5 502.145 -197.199 -8.67198 0.5
5 516.001 -173.803 7.75189 0.5
5 541.066 -119.794 14.8306 0.5
5 535.314 -141.936 -4.10687 0.5
5 545.189 -111.886 -14.9269 0.5
5 549.504 -106.615 -14.5406 0.5
5 538.655 -109.795 9.09471 0.5
5 537.015 -125.075 14.9913 0.5
5 519.491 -151.17 14.5247 0.5
5 505.006 -183.621 -14.5575 0.5
5 541.594 -101.768 -2.01073 0.5
5 513.881 -179.218 3.50605 0.5
5 512.285 -166.673 -14.9825 0.5
5 549.77 -101.046 14.9322 0.5
5 552.019 -101.444 -14.7233 0.5
5 539.887 -132.908 -6.89685 0.5
5 525.699 -138.08 -13.7112 0.5
5 522.709 -138.616 10.4853 0.5
5 541.658 -115.271 -14.9477 0.5
5 544.692 -120.726 -11.6415 0.5
5 528.829 -132.267 -13.5311 0.5
5 523.004 -158.914 -11.1054 0.5
5 513.113 -174.043 -12.6383 0.5
5 515.987 -175.984 0.0448029 0.5
5 519.354 -170.153 -0.162254 0.5
5 526.821 -157.212 -0.450336 0.5
5 509.279 -182.044 -11.6571 0.5
5 521.76 -145.386 13.9158 0.5
5 533.916 -131.659 14.9 0.5
5 517.284 -172.598 5.7363 0.5
5 545.65 -102.289 -13.0934 0.5
5 508.729 -187.52 -5.47616 0.5
5 550.443 -96.7535 14.2928 0.5
5 522.399 -152.207 14.8181 0.5
5 501.394 -175.067 -9.98433 0.5
5 552.309 -109.421 9.80955 0.5
5 545.242 -96.3442 -5.46311 0.5
5 522.823 -134.812 -4.42137 0.5
5 546.368 -99.511 -12.1091 0.5
5 513.735 -173.238 -12.4591 0.5
5 505.99 -173.562 14.2316 0.5
5 502.457 -171.355 -7.3705 0.5
5 540.093 -130.736 -9.62657 0.5
5 551.097 -88.1494 -8.96835 0.5
5 510.956 -179.741 -11.1433 0.5
5 538.843 -110.369 -10.1668 0.5
5 502.337 -194.282 -11.48 0.5
5 513.255 -152.468 -7.03255 0.5
5 516.24 -167.066 -13.5091 0.5
5 549.898 -87.9957 -4.67271 0.5
5 541.68 -103.451 7.42781 0.5
5 537.774 -135.865 -8.11304 0.5
5 526.007 -155.358 9.35156 0.5
5 546.53 -109.066 -14.9677 0.5
5 554.903 -108.438 -2.07055 0.5
5 515.148 -174.068 -9.47326 0.5
5 503.088 -184.401 14.9615 0.5
5 552.689 -82.4365 -0.807292 0.5
5 512.117 -153.023 -3.15222 0.5
5 523.019 -135.57 7.05989 0.5
5 518.263 -159.411 -14.8118 0.5
5 542.933 -122.309 12.6904 0.5
5 513.654 -164.496 -14.9907 0.5
5 543.886 -115.063 -14.8066 0.5
5 523.864 -149.402 14.8577 0.5
5 535.259 -120.518 -13.2208 0.5
5 535.466 -130.855 -14.5595 0.5
5 534.34 -136.139 13.2963 0.5
5 543.821 -126.823 5.25778 0.5
5 501.838 -198.811 6.89864 0.5
5 500.687 -173.323 -4.94402 0.5
5 542.677 -126.494 9.34004 0.5
5 526.623 -156.402 -5.78744 0.5
5 534.823 -113.717 -3.25822 0.5
5 514.239 -158.868 -14.0903 0.5
5 550.599 -86.4968 3.69038 0.5
5 533.207 -132.581 -14.9325 0.5
5 535.444 -117.408 11.2897 0.5
5 539.016 -109.171 -9.09818 0.5
5 536.242 -137.338 -9.70716 0.5
5 525.738 -132.332 9.30815 0.5
5 523.913 -158.729 -9.66247 0.5
5 546.436 -101.417 -13.3561 0.5
5 524.074 -142.192 -14.2161 0.5
5 536.944 -117.575 -13.2069 0.5
5 540.71 -131.922 -5.97437 0.5
5 541.359 -102.292 2.73969 0.5
5 530.779 -136.294 14.9712 0.5
5 512.064 -170.991 14.6522 0.5
5 548.915 -97.4732 -13.5285 0.5
5 552.214 -84.8079 -6.68167 0.5
5 545.661 -95.8368 5.9925 0.5
5 519.911 -150.102 14.433 0.5
5 525.464 -155.834 -9.90611 0.5
5 544.01 -105.235 -13.1523 0.5
5 543.209 -106.315 -12.9788 0.5
5 551.004 -85.5117 -2.30778 0.5
5 536.579 -126.923 14.9139 0.5
5 528.094 -146.625 -13.4646 0.5
5 527.701 -129.805 -10.3136 0.5
5 524.183 -148.033 -14.9483 0.5
5 508.035 -169.319 13.979 0.5
5 546.08 -97.3075 -9.56429 0.5
5 532.553 -140.423 -12.6047 0.5
5 519.398 -167.605 8.24887 0.5
5 501.242 -201.34 -2.34518 0.5
5 538.64 -106.988 -2.66503 0.5
5 500.447 -172.911 0.540608 0.5
5 544.907 -117.962 13.2304 0.5
5 520.441 -140.743 8.2512 0.5
5 514.315 -159.431 14.3251 0.5
5 535.08 -114.089 5.81821 0.5
5 549.893 -105.063 -14.7353 0.5
5 524.505 -159.254 7.44379 0.5
5 503.472 -187.906 14.0533 0.5
5 551.963 -111.321 8.06411 0.5
6 620.453 -106.063 -6.3003 0.5
6 640.792 -80.0367 -8.4206 0.5
6 643.687 -87.9336 14.3039 0.5
6 602.066 -81.571 -10.327 0.5
6 650.958 -100.156 -12.8692 0.5
6 639.456 -102.087 -11.4946 0.5
6 606.835 -85.7679 13.4294 0.5
6 618.35 -95.348 14.7174 0.5
6 595.792 -104.153 9.38287 0.5
6 656.15 -104.845 -8.44757 0.5
6 650.672 -105.99 -6.45427 0.5
6 604.535 -79.0488 -6.73839 0.5
6 642.343 -83.2227 -11.826 0.5
6 581.416 -83.9065 12.3291 0.5
6 578.34 -105.505 -7.3873 0.5
6 576.037 -77.4521 0.245835 0.5
6 632.894 -102.916 10.7455 0.5
6 642.137 -100.125 12.8876 0.5
6 609.993 -107.049 -3.44523 0.5
6 622.585 -106.099 -6.22235 0.5
6 594.359 -86.4595 13.7518 0.5
6 556.959 -102.46 -11.1711 0.5
6 567.757 -89.5885 -14.7245 0.5
6 576.455 -91.0279 14.9324 0.5
6 600.578 -84.8333 12.9223 0.5
6 586.953 -79.0032 6.64683 0.5
6 634.488 -85.9464 13.5168 0.5
6 588.448 -81.1378 9.85052 0.5
6 579.792 -102.692 -10.9594 0.5
6 589.989 -79.2425 7.1106 0.5
6 661.539 -101.604 11.8828 0.5
6 578.864 -87.8749 14.2852 0.5
6 613.911 -89.4169 -14.6901 0.5
6 633.293 -85.4938 -13.2895 0.5
6 648.786 -105.572 7.26809 0.5
6 642.644 -78.9344 -6.50577 0.5
6 582.667 -107.361 1.62931 0.5
6 566.096 -88.1248 14.3629 0.5
6 582.338 -107.066 3.37437 0.5
6 641.309 -106.831 -4.26633 0.5
6 593.279 -85.0047 -13.0217 0.5
6 663.933 -81.71 10.4714 0.5
6 562.519 -78.5492 -5.63602 0.5
6 604.605 -79.3565 7.31827 0.5
6 563.336 -79.9018 -8.21834 0.5
6 589.718 -81.6748 -10.4352 0.5
6 585.96 -92.7964 -14.996 0.5
6 590.134 -102.927 10.7345 0.5
6 607.773 -97.0982 -14.2617 0.5
6 621.951 -106.877 -4.10616 0.5
6 560.339 -80.9906 9.67883 0.5
6 627.47 -88.6082 -14.4997 0.5
6 612.101 -77.4958 1.17068 0.5
6 658.241 -97.6922 14.0542 0.5
6 571.26 -99.7105 -13.1258 0.5
6 662.325 -106.1 6.22005 0.5
6 555.65 -78.5447 -5.6249 0.5
6 628.035 -84.5002 -12.72 0.5
6 587.484 -106.094 6.23139 0.5
6 655.344 -77.4533 0.311361 0.5
6 616.755 -95.7171 14.6399 0.5
6 567.222 -105.986 -6.46386 0.5
6 660.06 -80.1351 8.564 0.5
6 625.639 -105.88 -6.68102 0.5
6 599.983 -98.0903 13.8992 0.5
6 638.581 -78.8145 6.25057 0.5
6 624.236 -100.017 12.9513 0.5
6 611.162 -107.416 1.00948 0.5
6 583.299 -83.4147 -11.9734 0.5
6 602.406 -83.6027 12.1129 0.5
6 555.593 -78.1732 -4.60106 0.5
6 623.953 -91.2762 14.954 0.5
6 579.742 -90.0467 14.8062 0.5
6 564.67 -106.438 -5.41525 0.5
6 615.047 -77.4687 0.746448 0.5
6 636.577 -89.7783 -14.7601 0.5
6 597.254 -93.346 -14.9732 0.5
6 642.476 -79.5637 -7.67738 0.5
6 641.925 -91.4359 14.9657 0.5
6 557.57 -87.5601 14.1806 0.5
6 622.288 -96.539 14.4319 0.5
6 561.854 -85.6211 -13.3553 0.5
6 600.347 -107.45 -0.0557523 0.5
6 581.058 -88.2409 14.3973 0.5
6 603.343 -79.1127 -6.8639 0.5
6 571.019 -98.0466 -13.9169 0.5
6 581.401 -105.184 7.92754 0.5
6 646.353 -78.6506 5.88002 0.5
6 583.415 -95.9443 -14.5873 0.5
6 576.74 -107.421 0.936043 0.5
6 659.802 -79.2804 -7.18053 0.5
6 572.612 -78.3257 -5.0499 0.5
6 628.98 -103.3 10.3573 0.5
6 665.535 -103.069 10.5944 0.5
6 611.258 -104.146 -9.39189 0.5
6 600.356 -78.6055 5.77308 0.5
6 592.721 -95.875 -14.6038 0.5
6 664.298 -93.412 14.9691 0.5
6 627.698 -90.669 14.8939 0.5
6 583.29 -102.128 -11.46 0.5
6 663.627 -100.467 12.6779 0.5
6 592.312 -103.424 -10.2265 0.5
6 573.905 -106.394 5.52835 0.5
6 621.845 -90.9794 -14.9277 0.5
6 572.975 -100.746 -12.4974 0.5
6 596.722 -107.35 -1.72994 0.5
6 664.575 -77.8534 -3.4548 0.5
6 661.449 -77.5106 1.34632 0.5
6 594.856 -78.6885 5.96819 0.5
6 625.109 -104.393 9.07557 0.5
6 664.572 -100.092 12.9072 0.5
6 624.872 -101.619 11.8715 0.5
6 588.78 -103.484 10.1611 0.5
6 572.595 -83.9062 -12.3289 0.5
6 617.843 -98.4595 -13.7436 0.5
6 658.293 -80.0447 -8.43241 0.5
6 627.556 -82.2101 10.9609 0.5
6 614.504 -87.2968 14.087 0.5
6 646.987 -107.048 3.45178 0.5
6 653.554 -88.5191 14.4757 0.5
6 596.934 -93.6458 14.9523 0.5
6 594.931 -86.9755 -13.9653 0.5
6 594.272 -105.738 6.95844 0.5
6 656.929 -77.4919 1.11892 0.5
6 598.879 -92.0549 14.9948 0.5
6 572.363 -101.725 -11.7888 0.5
6 662.309 -88.6049 14.4988 0.5
6 591.522 -107.421 0.937952 0.5
6 614.031 -95.4143 -14.7042 0.5
6 598.658 -79.166 6.96648 0.5
6 599.949 -82.329 11.0709 0.5
6 601.685 -79.1131 6.86475 0.5
6 636.334 -82.5839 -11.2986 0.5
6 612.05 -77.8456 -3.42199 0.5
6 648.603 -100.597 -12.5949 0.5
6 563.964 -77.5869 2.02098 0.5
6 571.809 -78.099 4.36412 0.5
6 585.232 -101.763 11.7586 0.5
6 644.077 -81.8 -10.5629 0.5
6 594.857 -98.4695 -13.7393 0.5
6 597.295 -103.268 10.3908 0.5
6 619.644 -79.0226 -6.68595 0.5
6 578.875 -103.772 9.83947 0.5
6 661.156 -105.933 6.57387 0.5
6 599.073 -83.4974 -12.0353 0.5
6 600.524 -106.654 -4.82045 0.5
6 647.435 -104.424 -9.03416 0.5
6 666.509 -107.445 0.386386 0.5
6 619.58 -83.2468 11.8448 0.5
6 591.237 -104.548 -8.86818 0.5
6 605.582 -86.932 -13.9481 0.5
6 662.715 -78.1375 4.48879 0.5
6 662.696 -78.2957 -4.96534 0.5
6 627.412 -107.365 1.59139 0.5
6 609.858 -84.8918 12.9565 0.5
6 581.042 -107.048 3.45112 0.5
6 648.828 -107.449 0.216317 0.5
6 569.085 -92.0537 -14.9948 0.5
6 649.761 -84.3813 12.6449 0.5
6 658.324 -98.4629 -13.7421 0.5
6 594.856 -106.995 3.6677 0.5
6 588.12 -94.5346 -14.8545 0.5
6 569.501 -83.7805 -12.2409 0.5
6 632.095 -83.2105 -11.8165 0.5
6 657.571 -77.6299 2.31586 0.5
6 578.871 -79.2952 7.20759 0.5
6 618.212 -107.449 0.152185 0.5
6 593.554 -82.795 -11.4795 0.5
6 661.734 -106.941 -3.87602 0.5
6 581.378 -78.5301 5.58872 0.5
6 645.957 -92.7149 -14.9977 0.5
6 663.453 -86.1303 -13.6037 0.5
6 574.154 -77.5135 -1.37766 0.5
6 595.357 -92.4614 -15 0.5
6 610.586 -84.2656 12.5704 0.5
6 604.904 -93.6674 -14.9505 0.5
6 579.64 -99.5694 -13.2028 0.5
6 581.017 -104.478 -8.9623 0.5
6 615.876 -81.3808 -10.1227 0.5
6 585.867 -77.8953 -3.62754 0.5
6 576.739 -88.3612 -14.432 0.5
6 635.831 -101.527 -11.942 0.5
6 631.988 -104.718 8.63161 0.5
6 571.777 -96.8343 14.345 0.5
6 647.227 -107.297 -2.13767 0.5
6 584.503 -80.689 9.31009 0.5
6 605.923 -89.5787 14.7226 0.5
6 566.747 -107.435 0.666042 0.5
6 572.142 -102.333 11.2837 0.5
6 598.565 -94.7685 -14.8197 0.5
6 660.415 -79.1449 6.92626 0.5
6 619.769 -77.4503 0.0724508 0.5
6 597.553 -79.5708 7.68924 0.5
6 653.593 -102.996 10.6667 0.5
6 559.281 -94.914 14.7963 0.5
6 636.799 -102.774 -10.8817 0.5
6 633.2 -106.56 -5.09066 0.5
6 662.306 -107.096 3.23876 0.5
6 597.626 -107.446 -0.338922 0.5
6 587.043 -102.157 11.4355 0.5
6 652.927 -77.6113 -2.19334 0.5
6 596.362 -82.6625 -11.3667 0.5
6 585.017 -77.8005 3.22322 0.5
6 565.234 -78.9171 -6.4698 0.5
6 602.227 -98.7486 13.6135 0.5
6 633.326 -91.2987 -14.9557 0.5
6 583.809 -84.5871 12.7739 0.5
6 561.012 -86.5371 -13.7854 0.5
6 576.198 -93.7697 -14.9418 0.5
6 594.091 -90.1153 -14.8172 0.5
6 594.089 -106.214 5.96196 0.5
6 573.353 -100.263 12.8047 0.5
6 569.721 -77.512 1.36176 0.5
6 655.58 -77.5537 -1.76041 0.5
6 608.894 -93.283 14.9769 0.5
6 655.205 -102.797 -10.8601 0.5
7 620.614 -3.20348 -11.6231 0.5
7 637.044 -32.9736 -12.5807 0.5
7 628.509 -15.3046 -10.1395 0.5
7 646.728 -72.751 -2.21122 0.5
7 614.248 1.54248 14.6547 0.5
7 611.244 -5.84679 -11.6966 0.5
7 658.325 -81.897 -14.4852 0.5
7 638.956 -39.453 -14.142 0.5
7 649.881 -68.7505 -14.0042 0.5
7 642.592 -48.0779 14.7599 0.5
7 618.98 -14.216 -14.3521 0.5
7 635.283 -41.9649 14.4912 0.5
7 625.459 -24.6851 -14.5593 0.5
7 636.474 -48.7256 12.31 0.5
7 626.398 -36.5823 5.68844 0.5
7 640.109 -56.4289 11.2001 0.5
7 626.501 -34.9505 8.90558 0.5
7 659.777 -73.4647 -13.2387 0.5
7 633.212 -45.8189 -9.84863 0.5
7 624.817 -13.2776 -13.4267 0.5
7 613.343 -15.0459 1.15688 0.5
7 655.464 -59.3274 6.06455 0.5
7 645.475 -46.1165 -11.5013 0.5
7 634.917 -52.4514 0.447431 0.5
7 651.045 -63.7969 -14.9148 0.5
7 640.032 -61.1752 2.06091 0.5
7 623.619 -28.0943 10.9941 0.5
7 614.048 13.4454 2.68439 0.5
7 632.148 -19.4904 -7.1778 0.5
7 647.797 -69.2403 11.6302 0.5
7 632.935 -42.4995 12.3771 0.5
7 643.098 -40.5008 10.0586 0.5
7 652.798 -53.5329 -1.76303 0.5
7 640.057 -60.9608 3.43749 0.5
7 658.595 -69.085 11.7023 0.5
7 625.801 -21.6666 15 0.5
7 664.451 -78.3758 10.9646 0.5
7 646.325 -58.2788 14.9624 0.5
7 618.066 -22.9459 -3.10918 0.5
7 645.212 -40.4274 2.02566 0.5
7 647.376 -61.3666 -14.818 0.5
7 627.634 -25.8435 14.9666 0.5
7 648.597 -49.0213 8.82283 0.5
7 658.996 -76.884 -14.8256 0.5
7 621.045 -2.2499 9.99965 0.5
7 659.915 -91.8812 10.061 0.5
7 662.991 -79.4729 -13.4647 0.5
7 638.716 -31.3902 8.06486 0.5
7 663.194 -71.7117 2.8666 0.5
7 635.988 -27.2868 8.96501 0.5
7 651.265 -78.56 -7.84263 0.5
7 663.226 -101.486 -0.367008 0.5
7 632.16 -45.2043 -8.25829 0.5
7 621.678 0.00178859 3.72604 0.5
7 656.115 -82.9931 -12.1342 0.5
7 642.242 -48.162 -14.8684 0.5
7 642.653 -42.9744 -12.7613 0.5
7 625.302 -32.3595 9.56382 0.5
7 615.112 10.5022 -6.20341 0.5
7 634.547 -31.4847 -14.0199 0.5
7 654.462 -66.9029 -14.3379 0.5
7 614.001 12.7005 -5.56234 0.5
7 645.3 -60.2827 -14.1973 0.5
7 632.888 -20.205 -6.02139 0.5
7 652.247 -65.2948 -14.8407 0.5
7 635.271 -28.3108 -11.3902 0.5
7 616.261 9.66751 -2.36568 0.5
7 643.848 -39.8477 7.34295 0.5
7 614.075 -3.96767 -14.7714 0.5
7 662.62 -72.9058 -8.23907 0.5
7 624.458 -4.45916 -1.87263 0.5
7 613.286 -3.36187 14.6167 0.5
7 635.132 -24.3173 6.51022 0.5
7 634.368 -50.5227 5.34549 0.5
7 631.248 -38.2838 -13.17 0.5
7 650.102 -48.759 0.0703283 0.5
7 620.748 -7.14296 -13.8441 0.5
7 656.009 -75.4179 -14.932 0.5
7 639.861 -33.2528 7.87196 0.5
7 665.436 -105.113 2.47691 0.5
7 648.093 -71.5678 -9.87771 0.5
7 633.465 -47.5449 8.13728 0.5
7 613.544 4.15639 -14.2786 0.5
7 648.902 -58.2774 -14.6087 0.5
7 632.775 -23.8074 -11.2335 0.5
7 643.291 -40.9107 -10.143 0.5
7 620.361 -24.1296 -9.15305 0.5
7 617.106 -18.5808 -9.03665 0.5
7 629.269 -13.3163 4.33972 0.5
7 634.208 -43.7033 -13.0061 0.5
7 644.865 -68.9195 4.73968 0.5
7 613.45 10.1147 -10.8184 0.5
7 620.422 -2.16094 11.0063 0.5
7 664.862 -74.3248 -0.0576404 0.5
7 612.225 6.89508 -14.1243 0.5
7 618.358 5.09193 -5.71368 0.5
7 623.635 -32.8183 -1.71586 0.5
7 630.873 -27.9036 -14.7817 0.5
7 636.679 -47.1392 13.456 0.5
7 618.321 -17.0454 12.4723 0.5
7 639.219 -56.0579 10.0359 0.5
7 655.291 -61.5278 9.95649 0.5
7 645.149 -60.1296 14.1602 0.5
7 618.45 -19.0582 11.071 0.5
7 650.05 -73.5704 11.2686 0.5
7 638.065 -31.2845 9.47893 0.5
7 649.561 -51.9904 10.3766 0.5
7 659.689 -65.3807 -0.688434 0.5
7 641.321 -60.3056 9.31598 0.5
7 656.047 -88.9323 1.92316 0.5
7 625.466 -8.93217 -8.7883 0.5
7 646.722 -54.2963 -14.5597 0.5
7 614.21 -5.47368 14.489 0.5
7 642.216 -51.9901 14.8805 0.5
7 650.92 -60.3296 14.1956 0.5
7 613.648 -12.7531 -8.81799 0.5
7 633.216 -20.3162 4.84795 0.5
7 616.684 -13.2612 13.0572 0.5
7 638.028 -56.5644 6.06832 0.5
7 630.736 -45.2071 0.529161 0.5
7 636.24 -28.6137 -10.05 0.5
7 658.84 -70.9592 12.7298 0.5
7 612.53 -10.8718 8.74271 0.5
7 653.608 -78.8533 11.9836 0.5
7 647.747 -74.2717 3.47582 0.5
7 658.173 -64.4234 -6.90573 0.5
7 652.7 -83.0157 2.69495 0.5
7 619.837 -15.5104 -14.4083 0.5
7 653.351 -64.2526 14.0943 0.5
7 627.33 -32.4911 12.5774 0.5
7 629.979 -38.0827 11.8652 0.5
7 631.445 -46.0729 -3.31397 0.5
7 617.101 -3.08623 -14.5826 0.5
7 650.147 -64.7609 -14.9715 0.5
7 619.366 -17.9599 13.0265 0.5
7 651.281 -80.0113 -4.80589 0.5
7 659.736 -95.2881 -2.17453 0.5
7 659.626 -77.7503 -14.7894 0.5
7 613.233 -8.52819 -12.2697 0.5
7 647.255 -71.2785 -8.36569 0.5
7 618.543 -19.3789 -10.9216 0.5
7 650.734 -50.2598 3.46592 0.5
7 633.918 -21.4021 -4.44482 0.5
7 657.55 -65.2794 9.77215 0.5
7 625.78 -36.5152 -1.86652 0.5
7 622.025 -27.4001 -8.6251 0.5
7 658.573 -86.3769 12.723 0.5
7 663.783 -73.7854 6.17605 0.5
7 630.146 -16.381 7.7979 0.5
7 640.247 -53.6107 -13.308 0.5
7 664.11 -80.1113 12.745 0.5
7 665.176 -99.2481 11.706 0.5
7 629.679 -40.2085 -9.23082 0.5
7 641.094 -43.5281 -14.2679 0.5
7 615.137 11.666 -2.01796 0.5
7 622.388 -25.6346 -11.2891 0.5
7 614.757 7.44771 11.1919 0.5
7 615.83 -10.5139 13.6964 0.5
7 615.81 0.977939 -14.0169 0.5
7 660.829 -82.3187 -15 0.5
7 635.361 -31.1386 13.2197 0.5
7 665.14 -92.3258 -14.7869 0.5
7 655.246 -73.938 14.9462 0.5
7 625.845 -32.3065 -10.6506 0.5
7 621.552 -28.6213 4.49198 0.5
7 621.141 -8.64194 -14.1581 0.5
7 657.043 -88.3961 8.11629 0.5
7 620.41 -20.3943 -12.6486 0.5
7 618.749 -5.22254 14.3907 0.5
7 664.561 -103.18 4.27702 0.5
7 645.573 -43.0786 7.76006 0.5
7 632.789 -39.8259 -13.7245 0.5
7 655.862 -71.8232 14.8777 0.5
7 634.282 -26.872 -11.6194 0.5
7 611.625 3.73679 14.9758 0.5
7 656.723 -84.8529 11.5046 0.5
7 613.359 0.761531 -14.9741 0.5
7 638.319 -53.9367 -10.6269 0.5
7 660.68 -77.8468 -14.3898 0.5
7 623.604 -32.4252 3.59619 0.5
7 611.484 -10.7828 -5.61053 0.5
7 662.296 -98.3545 -6.58885 0.5
7 647.541 -73.468 4.99377 0.5
8 620.912 31.8789 -10.0587 0.5
8 627.022 38.0753 -13.3995 0.5
8 653.231 88.9181 -8.74117 0.5
8 626.247 28.4969 14.9253 0.5
8 647.933 54.6634 -7.67295 0.5
8 664.043 109.377 5.58522 0.5
8 617.234 21.8573 13.0032 0.5
8 663.295 104.6 10.7702 0.5
8 662.9 83.4516 11.158 0.5
8 641.129 70.4581 3.03429 0.5
8 659.735 76.2958 9.38829 0.5
8 630.356 42.02 -14.1729 0.5
8 641.553 70.7804 -4.59817 0.5
8 654.086 63.2172 0.50017 0.5
8 658.573 97.447 9.67201 0.5
8 619.318 11.6378 -13.5887 0.5
8 647.132 57.5091 -12.2505 0.5
8 658.482 70.9446 1.90504 0.5
8 612.156 -7.60734 7.13961 0.5
8 643.779 62.1536 14.8921 0.5
8 638.387 62.259 9.93259 0.5
8 661.124 97.2462 13.3467 0.5
8 661.929 96.1762 -14.3454 0.5
8 645.925 67.9877 14.4807 0.5
8 629.149 31.695 14.6273 0.5
8 650.09 81.5187 10.9694 0.5
8 618.519 1.67852 1.4688 0.5
8 622.793 10.5481 -6.61836 0.5
8 657.257 68.7395 1.04968 0.5
8 629.107 49.7706 2.28451 0.5
8 638.366 36.546 4.07242 0.5
8 615.476 16.0313 14.2462 0.5
8 618.584 7.56012 -11.8798 0.5
8 642.764 66.9493 -12.4611 0.5
8 659.576 91.6718 -14.4697 0.5
8 614.845 23.9205 -6.15844 0.5
8 654.499 92.1094 7.15412 0.5
8 664.871 95.4982 14.9354 0.5
8 621.782 37.1334 -1.91955 0.5
8 652.859 61.1656 1.55618 0.5
8 637.133 54.5226 13.8843 0.5
8 648.382 59.9206 -12.4212 0.5
8 647.865 53.0246 4.16715 0.5
8 629.501 26.7388 -12.0828 0.5
8 649.565 74.31 -14.476 0.5
8 653.824 74.3851 14.6162 0.5
8 618.305 29.0873 7.73321 0.5
8 649.814 65.9667 -14.1966 0.5
8 623.602 11.3898 -5.33063 0.5
8 659.397 79.375 12.6676 0.5
8 640.87 70.0343 -2.91032 0.5
8 623.966 17.0908 12.0383 0.5
8 650.23 58.8773 8.05601 0.5
8 624.954 40.5765 -7.77923 0.5
8 637.204 44.9064 14.4393 0.5
8 636.226 51.4018 -14.4215 0.5
8 640.439 60.3824 13.8292 0.5
8 635.352 59.0388 6.97904 0.5
8 654.805 90.6672 -9.96405 0.5
8 615.306 20.8948 -11.3087 0.5
8 641.03 46.51 -11.9343 0.5
8 653.374 66.2097 10.4435 0.5
8 645.273 67.893 -14.1607 0.5
8 651.164 85.885 7.92382 0.5
8 662.044 80.1041 9.14586 0.5
8 664.181 103.167 13.0065 0.5
8 664.527 93.3075 14.6998 0.5
8 647.082 58.1501 12.7337 0.5
8 639.415 45.6387 -13.1804 0.5
8 654.031 72.3984 -13.868 0.5
8 642.053 42.5196 2.13317 0.5
8 659.016 75.4432 9.85908 0.5
8 627.819 20.7754 -9.08061 0.5
8 618.547 26.3421 11.452 0.5
8 652.141 60.2424 3.45033 0.5
8 613.566 23.0167 -0.553543 0.5
8 649.447 85.1075 -1.42695 0.5
8 650.189 86.3054 -2.14791 0.5
8 663.222 107.767 6.03258 0.5
8 650.611 74.0554 -14.8836 0.5
8 618.236 11.3551 -14.2244 0.5
8 658.456 98.4294 -8.05884 0.5
8 620.411 16.5512 -14.6251 0.5
8 644.667 61.4087 -14.9921 0.5
8 655.851 93.8734 -8.12854 0.5
8 623.554 21.2661 14.44 0.5
8 628.309 45.9653 8.43713 0.5
8 664.525 83.1186 -7.17651 0.5
8 618.692 31.9006 -0.358095 0.5
8 635.008 57.8955 -7.93482 0.5
8 658.277 100.461 -0.478542 0.5
8 633.376 33.9114 12.4085 0.5
8 636.477 33.6362 5.19139 0.5
8 660.491 93.4305 14.4212 0.5
8 664.841 95.2704 -14.9179 0.5
8 664.361 109.195 -7.14644 0.5
8 658.506 76.0022 11.3016 0.5
8 653.637 68.9293 12.3576 0.5
8 653.502 63.7678 -6.6801 0.5
8 615.2 -4.1248 -0.739388 0.5
8 644.608 70.8053 11.991 0.5
8 654.38 66.5455 8.76467 0.5
8 654.721 94.3088 0.0243404 0.5
8 646.584 60.9148 -14.3704 0.5
8 655.222 86.9987 13.3595 0.5
8 658.174 99.4551 4.93706 0.5
8 657.466 70.399 -6.18787 0.5
8 614.352 5.13266 14.3836 0.5
8 653.434 77.1397 14.9999 0.5
8 632.429 51.3492 -10.5622 0.5
8 649.798 74.8931 14.4257 0.5
8 617.313 -0.325775 2.16376 0.5
8 625.925 38.5767 11.8915 0.5
8 623.654 28.8375 -14.6239 0.5
8 665.134 90.149 13.1608 0.5
8 644.01 54.3319 13.5539 0.5
8 616.395 -2.06539 -0.463379 0.5
8 652.886 67.9344 12.5625 0.5
8 616.225 -2.02394 3.19296 0.5
8 638.917 50.9591 -14.9682 0.5
8 646.062 49.3983 1.61453 0.5
8 655.191 76.5931 14.5785 0.5
8 648.284 53.1869 -0.887793 0.5
8 622.641 37.2658 -6.49647 0.5
8 659.253 73.8426 -6.90442 0.5
8 634.045 33.3681 -11.0625 0.5
8 646.745 76.4382 10.2594 0.5
8 649.929 78.9643 12.7173 0.5
8 630.637 52.1851 3.48374 0.5
8 664.484 92.7055 -14.5825 0.5
8 646.728 52.1207 6.8487 0.5
8 661.367 87.9079 14.7143 0.5
8 649.744 71.3582 -14.985 0.5
8 637.565 35.2316 4.32412 0.5
8 629.854 47.7221 9.65026 0.5
8 652.915 61.5897 3.47583 0.5
8 613.451 2.74728 14.1134 0.5
8 624.202 27.4408 -14.9672 0.5
8 615.187 -1.23195 8.91087 0.5
8 657.005 90.5447 13.1152 0.5
8 640.845 42.8557 8.41119 0.5
8 649.405 84.5639 3.98042 0.5
8 655.593 87.1752 -13.5871 0.5
8 639.519 53.5406 -14.9895 0.5
8 635.806 60.5583 -5.35773 0.5
8 623.629 38.1394 -8.00824 0.5
8 629.633 50.1525 4.53758 0.5
8 633.803 28.4748 3.42756 0.5
8 611.748 12.0335 13.1834 0.5
8 611.215 18.1393 4.8797 0.5
8 647.265 71.3181 14.169 0.5
8 638.995 57.4745 -13.9928 0.5
8 664.29 83.2546 8.09436 0.5
8 621.992 32.7927 11.0249 0.5
8 644.155 75.7401 -2.82202 0.5
8 661.046 83.7511 13.5121 0.5
8 662.548 95.304 14.8007 0.5
8 620.445 33.9879 -5.26188 0.5
8 654.439 93.1492 -4.43712 0.5
8 658.074 73.1427 -9.03289 0.5
8 628.341 24.876 -12.1891 0.5
8 635.589 35.9057 10.9359 0.5
8 659.673 75.2653 -8.10495 0.5
8 662.022 79.0865 7.70556 0.5
8 616.755 2.38342 10.0158 0.5
8 646.683 51.5609 5.818 0.5
8 636.063 42.4242 -14.2873 0.5
8 614.302 17.0302 12.8553 0.5
8 624.158 20.5329 -13.8162 0.5
8 626.863 17.6476 -6.72126 0.5
8 639.812 55.1543 14.9069 0.5
8 626.238 44.8595 -1.85729 0.5
8 611.453 4.50295 -14.9994 0.5
8 640.276 49.813 -14.3165 0.5
8 628.339 48.0247 -4.16441 0.5
8 647.542 51.9557 1.55196 0.5
8 640.248 43.0351 9.97113 0.5
8 640.989 63.1687 -12.9061 0.5
8 612.058 20.0542 -3.26745 0.5
8 650.847 65.4658 -13.1955 0.5
8 626.727 45.7321 1.64672 0.5
8 623.015 24.4811 14.9997 0.5
8 656.08 73.6725 12.6947 0.5
8 611.748 -10.1204 -0.201042 0.5
8 619.373 4.2621 -5.82422 0.5
8 646.148 51.586 7.69701 0.5
8 651.975 61.6816 -7.70263 0.5
8 613.896 10.0415 -14.9304 0.5
8 611.324 -6.48294 10.5858 0.5
9 992.377 92.4534 -12.9633 0.5
9 844.183 93.5537 -13.5442 0.5
9 844.605 97.2138 -14.739 0.5
9 880.461 108.386 -12.4369 0.5
9 893.025 112.518 8.264 0.5
9 879.163 91.0698 -12.0521 0.5
9 787.978 100.709 14.9832 0.5
9 804.449 110.136 -11.0576 0.5
9 888.202 108.56 -12.3179 0.5
9 901.088 114.717 2.89816 0.5
9 888.829 103.946 -14.4718 0.5
9 941.329 112.293 8.59617 0.5
9 741.602 85.4565 -3.6725 0.5
9 728.729 85.2939 -2.95468 0.5
9 914.718 114.343 -4.38994 0.5
9 918.657 114.919 -1.56104 0.5
9 877.26 87.1209 7.68947 0.5
9 734.222 107.633 -12.9126 0.5
9 684.331 94.7986 -14.0693 0.5
9 788.372 114.601 3.43762 0.5
9 905.89 108.144 -12.5966 0.5
9 942.193 88.4971 9.6272 0.5
9 986.043 106.356 13.5868 0.5
9 808.073 85.0456 1.16815 0.5
9 932.486 85.6365 4.32311 0.5
9 951.684 105.346 14.0149 0.5
9 901.815 112.05 -8.93359 0.5
9 857.614 101.331 14.9408 0.5
9 879.86 111.81 -9.2485 0.5
9 776.869 114.507 3.81508 0.5
9 789.39 114.29 4.55941 0.5
9 668.179 111.609 9.49885 0.5
9 830.571 105.461 13.9706 0.5
9 700.539 111.089 10.1011 0.5
9 670.289 91.5397 -12.3864 0.5
9 924.465 110.254 -10.9478 0.5
9 699.676 90.8962 -11.9214 0.5
9 710.102 107.081 13.2235 0.5
9 821.034 109.136 11.8966 0.5
9 813.876 113.426 6.68855 0.5
9 882.607 92.933 -13.2309 0.5
9 789.352 115 -0.114753 0.5
9 812.044 94.0816 13.7831 0.5
9 842.257 90.6355 -11.7178 0.5
9 954.352 114.635 3.28735 0.5
9 687.943 96.776 14.6494 0.5
9 758.452 86.0795 5.58751 0.5
9 875.292 94.829 14.0805 0.5
9 787.93 101.072 -14.9617 0.5
9 908.305 114.996 -0.336242 0.5
9 714.574 98.9285 -14.9617 0.5
9 849.725 95.6939 14.3686 0.5
9 776.285 110.076 11.1118 0.5
9 931.624 90.958 11.9684 0.5
9 819.437 107.995 -12.6917 0.5
9 750.86 114.559 3.6089 0.5
9 966.902 107.522 -12.9775 0.5
9 743.906 85.6188 4.26378 0.5
9 938.222 88.5966 -9.74492 0.5
9 920.831 112.563 -8.19617 0.5
9 818.153 109.491 11.6154 0.5
9 823.333 85.2703 2.8349 0.5
9 820.591 114.991 0.52221 0.5
9 674.505 110.164 -11.0312 0.5
9 970.15 85.7677 -4.73739 0.5
9 693.976 85.3519 3.23013 0.5
9 750.429 87.8543 8.80245 0.5
9 694.966 114.63 3.31262 0.5
9 947.387 104.933 14.1656 0.5
9 769.679 106.179 13.6682 0.5
9 855.442 114.257 4.66152 0.5
9 954.106 88.5386 9.67656 0.5
9 842.801 110.608 10.605 0.5
9 778.453 108.611 12.2822 0.5
9 692.593 90.6855 -11.7575 0.5
9 767.311 108.086 -12.6343 0.5
9 836.168 85.0036 -0.327154 0.5
9 684.236 85.909 -5.14246 0.5
9 863.695 90.931 11.9479 0.5
9 879.18 111.372 9.78121 0.5
9 983.889 113.579 -6.37363 0.5
9 692.81 104.163 -14.4108 0.5
9 868.823 90.1239 -11.2899 0.5
9 768.086 109.323 -11.7507 0.5
9 865.528 111.415 9.73145 0.5
9 806.103 114.594 3.4658 0.5
9 924.226 103.132 -14.6694 0.5
9 973.114 89.1608 -10.3688 0.5
9 722.067 110.471 -10.74 0.5
9 872.834 86.5399 6.62003 0.5
9 836.613 112.609 -8.12557 0.5
9 670.347 88.1842 9.24051 0.5
9 671.265 112.16 8.78198 0.5
9 772.3 113.338 6.86242 0.5
9 950.106 112.97 7.53592 0.5
9 693.508 112.961 7.55052 0.5
9 789.354 85.3898 3.39746 0.5
9 827.907 87.5987 8.43844 0.5
9 836.663 87.4425 -8.20428 0.5
9 811.093 94.715 -14.0381 0.5
9 990.92 94.1484 13.8116 0.5
9 953.734 91.609 -12.4335 0.5
9 760.936 88.2458 -9.31869 0.5
9 790.256 114.52 3.76239 0.5
9 829.284 104.793 14.2137 0.5
9 993.957 86.2728 -6.04692 0.5
9 817.245 89.7788 -10.9785 0.5
9 827.625 111.547 -9.57483 0.5
9 833.102 110.718 -10.4942 0.5
9 929.79 85.9821 -5.33838 0.5
9 830.205 89.9626 11.1468 0.5
9 828.795 88.1714 -9.22415 0.5
9 838.102 105.044 -14.1266 0.5
9 957.287 113.298 6.93933 0.5
9 868.176 114.894 -1.78281 0.5
9 855.248 106.081 13.7122 0.5
9 960.472 100.908 14.9725 0.5
9 675.279 89.4103 -10.6235 0.5
9 965.187 111.063 10.1299 0.5
9 709.903 104.303 14.3695 0.5
9 996.639 85.6873 4.48855 0.5
9 736.771 93.0307 -13.2827 0.5
9 884.341 109.568 11.552 0.5
9 796.498 91.7395 -12.5206 0.5
9 691.289 112.852 7.73477 0.5
9 823.733 85.3164 -3.06475 0.5
9 995.798 109.148 11.8876 0.5
9 925.714 105.916 -13.7842 0.5
9 801.434 85.0027 0.287197 0.5
9 774.296 100.24 -14.9981 0.5
9 746.489 85.007 0.457863 0.5
9 996.484 112.087 8.88346 0.5
9 824.024 99.1993 14.9786 0.5
9 675.04 90.8854 11.9132 0.5
9 943.654 92.0647 -12.7292 0.5
9 777.49 85.4295 -3.56389 0.5
9 714.305 110.031 -11.1523 0.5
9 669.543 111.639 9.46278 0.5
9 946.177 85.6655 4.41829 0.5
9 797.756 86.8192 7.16003 0.5
9 720.47 110.201 -10.997 0.5
9 695.162 109.431 -11.6645 0.5
9 785.92 88.2033 9.26482 0.5
9 825.32 92.9088 -13.218 0.5
9 701.939 114.904 1.69541 0.5
9 743.318 114.954 -1.17579 0.5
9 867.69 114.964 1.03727 0.5
9 711.457 111.488 9.64483 0.5
9 864.207 87.6506 -8.51422 0.5
9 947.449 88.672 9.83239 0.5
9 699.962 100.911 14.9723 0.5
9 683.56 111.194 -9.98501 0.5
9 851.441 111.548 -9.57311 0.5
9 806.659 93.5179 -13.5271 0.5
9 861.331 89.1288 -10.3352 0.5
9 956.272 85.6137 -4.24665 0.5
9 992.953 104.059 -14.4405 0.5
9 842.252 103.602 -14.561 0.5
9 998.412 89.9784 11.161 0.5
9 946.19 103.583 -14.5658 0.5
9 694.816 113.578 6.37488 0.5
9 988.911 90.9535 -11.965 0.5
9 725.293 86.298 6.10365 0.5
9 783.986 87.9218 -8.89479 0.5
9 974.119 111.086 -10.1045 0.5
9 960.201 96.7065 -14.634 0.5
9 907.735 92.6733 -13.0889 0.5
9 940.861 114.919 1.5547 0.5
9 677.748 94.2905 -13.8709 0.5
9 874.945 87.928 8.90322 0.5
9 718.322 85.885 5.07613 0.5
9 989.112 93.3975 13.4687 0.5
9 673.561 85.0048 0.379841 0.5
9 757.051 85.0631 1.37489 0.5
9 833.457 98.4729 -14.9221 0.5
9 993.091 113.715 -6.07388 0.5
9 962.833 105.202 -14.0689 0.5
9 833.666 94.8328 -14.0819 0.5
9 921.636 94.5009 -13.9556 0.5
9 920.936 107.448 -13.0205 0.5
9 715.172 113.163 -7.19334 0.5
9 899.996 88.952 -10.1461 0.5
9 869.013 85.1439 2.07277 0.5
9 837.044 105.593 -13.9184 0.5
9 891.804 111.513 9.61568 0.5
9 768.95 108.662 -12.2464 0.5
9 931.82 114.228 4.74898 0.5
9 914.225 111.917 9.10934 0.5
9 772.292 106.68 13.4306 0.5
9 738.61 114.032 5.30219 0.5
9 744.589 85.0872 -1.61474 0.5
9 776.34 114.88 -1.88967 0.5
9 859.581 87.9102 8.87907 0.5
9 922.025 114.949 -1.23784 0.5
9 823.456 104.973 -14.1518 0.5
9 848.632 96.8081 -14.6565 0.5
9 921.256 93.3789 13.4596 0.5
9 947.423 89.7978 10.9961 0.5
9 804.311 90.8886 11.9157 0.5
9 980.801 113.665 -6.18556 0.5
9 757.836 89.5503 -10.7612 0.5
9 971.164 102.277 14.8262 0.5
9 906.833 114.003 -5.37787 0.5
9 880.925 85.5673 4.08609 0.5
9 845.999 85.4977 -3.8317 0.5
9 774.023 92.5454 -13.0165 0.5
9 996.374 85.9255 -5.1872 0.5
9 762.157 86.8907 7.29023 0.5
9 953.116 85.8114 4.86648 0.5
