0 239.542 36.8934 77.5729 0.5
0 182.109 196.654 25.6524 0.5
0 321.524 158.392 81.1808 0.5
0 24.2716 38.102 78.5407 0.5
0 192.314 172.177 -69.2134 0.5
0 258.602 90.6207 -99.5592 0.5
0 36.6034 35.9827 -76.8231 0.5
0 71.6911 121.598 -97.6399 0.5
0 140.223 122.585 -97.4161 0.5
0 35.5312 185.808 51.3518 0.5
0 146.449 0.772642 12.4069 0.5
0 215.125 5.51141 -32.74 0.5
0 86.3636 174.987 -66.1588 0.5
0 205.111 142.652 -90.4478 0.5
0 188.42 4.13286 -28.4516 0.5
0 133.578 58.9606 91.1909 0.5
0 287.73 143.062 90.2534 0.5
0 213.331 199.915 -4.1288 0.5
0 209.707 12.3531 48.1459 0.5
0 286.717 40.5105 80.3803 0.5
0 17.626 196.856 24.8779 0.5
0 95.4194 191.429 -40.505 0.5
0 77.4177 167.605 -73.6858 0.5
0 167.231 198.937 -14.5398 0.5
0 203.942 37.2686 -77.8766 0.5
0 304.811 170.303 -71.1162 0.5
0 186.707 6.99439 36.7417 0.5
0 10.5603 193.605 35.1875 0.5
0 142.503 105.417 99.8531 0.5
0 73.6027 199.413 -10.8193 0.5
0 176.338 0.313726 -7.91498 0.5
0 254.611 5.86668 33.7478 0.5
0 42.7338 124.573 96.9339 0.5
0 65.5055 6.85179 -36.3787 0.5
0 306.637 174.559 66.6409 0.5
0 311.877 39.2982 -79.4688 0.5
0 123.431 116.021 98.7084 0.5
0 197.502 196.49 -26.2634 0.5
0 109.899 80.2584 -98.032 0.5
0 62.3815 144.208 89.6976 0.5
0 143.86 96.3797 99.9344 0.5
0 190.766 167.018 -74.2194 0.5
0 78.01 187.845 -47.7842 0.5
0 192.752 11.0811 -45.7541 0.5
0 195.946 164.955 76.0323 0.5
0 32.0516 1.28107 -15.9553 0.5
0 76.6813 9.76767 43.106 0.5
0 148.593 143.013 -90.2766 0.5
0 230.138 36.0386 76.8696 0.5
0 49.8013 199.729 7.36142 0.5
0 184.376 55.6807 89.6426 0.5
0 190.162 122.192 -97.5066 0.5
0 8.49122 39.494 79.618 0.5
0 235.158 34.8572 -75.8711 0.5
0 188.132 78.5373 -97.6696 0.5
0 319.625 199.947 3.26452 0.5
0 181.968 154.419 83.8962 0.5
0 271.669 2.22391 20.9723 0.5
0 148.123 194.738 32.012 0.5
0 257.726 1.76135 18.686 0.5
0 61.2831 140.919 91.2447 0.5
0 96.6132 7.35754 37.648 0.5
0 122.056 159.243 80.5622 0.5
0 252.46 193.565 -35.2932 0.5
0 290.441 104.228 99.9106 0.5
0 60.7728 11.0068 -45.6094 0.5
0 175.888 3.47482 -26.1321 0.5
0 243.394 71.0322 95.7124 0.5
0 43.8153 198.308 18.3167 0.5
0 292.888 100.338 -99.9994 0.5
0 191.057 78.8254 -97.7325 0.5
0 230.871 89.3848 99.435 0.5
0 210.8 73.6694 -96.4712 0.5
0 286.301 46.5411 84.5112 0.5
0 168.334 80.2181 98.0239 0.5
0 12.7111 138.078 92.4666 0.5
0 103.777 0.053548 -3.27211 0.5
0 227.366 1.64772 18.0784 0.5
0 253.901 172.511 -68.8638 0.5
0 60.5753 187.029 -49.2536 0.5
0 81.8273 10.3771 44.3592 0.5
0 117.689 31.4832 -72.8385 0.5
0 14.169 3.38705 25.8058 0.5
0 85.9264 139.774 -91.7497 0.5
0 142.282 69.0137 95.0781 0.5
0 11.3575 199.972 -2.38278 0.5
0 146.431 175.611 65.444 0.5
0 74.7082 25.9966 -67.257 0.5
0 250.006 1.00782 -14.1615 0.5
0 166.45 1.16298 -15.2067 0.5
0 141.022 120.463 -97.8838 0.5
0 259.897 34.8689 75.8811 0.5
0 56.6772 1.47138 -17.0913 0.5
0 321.612 51.2783 87.3281 0.5
0 52.7589 19.624 59.4953 0.5
0 167.976 130.876 95.1138 0.5
0 114.821 143.001 90.2823 0.5
0 212.288 135.487 93.4916 0.5
0 326.894 101.483 -99.989 0.5
0 153.07 196.422 -26.5085 0.5
0 191.835 189.291 -45.0237 0.5
0 122.414 74.546 -96.7062 0.5
0 33.1087 21.887 62.4369 0.5
0 306.237 9.04055 41.5497 0.5
0 49.1595 89.281 -99.4239 0.5
0 214.813 95.7289 99.9087 0.5
0 235.653 60.6487 91.9319 0.5
0 294.921 56.29 89.9413 0.5
0 201.106 1.44115 16.9161 0.5
0 215.109 90.4523 -99.5432 0.5
0 131.529 59.1451 91.2737 0.5
0 133.98 169.622 -71.7829 0.5
0 107.589 166.462 -74.7178 0.5
0 91.8802 184.404 -53.6273 0.5
0 201.672 31.2456 72.6143 0.5
0 49.148 36.965 77.6311 0.5
0 174.036 18.0035 57.2414 0.5
0 249.086 1.25081 15.767 0.5
0 85.2388 147.312 88.1 0.5
0 48.9259 196.255 -27.109 0.5
0 28.2227 81.8705 98.3429 0.5
0 196.69 27.5891 -68.9685 0.5
0 284.086 99.4639 99.9986 0.5
0 185.599 3.39832 25.8479 0.5
0 324.022 178.371 62.1122 0.5
0 205.949 16.2784 54.6872 0.5
0 70.3002 177.264 -63.4843 0.5
0 41.6251 112.645 99.1973 0.5
0 208.594 48.3098 85.6044 0.5
0 125.954 40.8332 80.6182 0.5
0 302.525 9.85939 43.2975 0.5
0 68.9474 41.3813 -81.0176 0.5
0 78.0939 115.902 98.7275 0.5
0 183.501 0.0276181 2.35008 0.5
0 152.445 14.8786 52.4819 0.5
0 75.8352 22.8726 -63.6504 0.5
0 103.445 196.47 26.336 0.5
0 231.482 134.379 93.9048 0.5
0 24.9471 97.4911 -99.9685 0.5
0 135.35 40.4302 80.3209 0.5
0 212.164 149.349 86.9752 0.5
0 120.828 136.997 -92.9042 0.5
0 208.311 11.7225 46.9797 0.5
0 301.56 0.034336 -2.62031 0.5
0 18.1276 192.226 -38.6559 0.5
0 170.308 0.630617 -11.2127 0.5
0 267.125 95.3142 -99.8902 0.5
0 280.925 190.386 -42.7819 0.5
0 222.011 0.466271 -9.64556 0.5
0 317.327 121.576 -97.6446 0.5
0 329.537 84.6839 98.8201 0.5
0 125.9 177.257 -63.4928 0.5
0 144.215 132.871 -94.4431 0.5
0 75.1685 76.4078 97.1772 0.5
0 13.4006 8.36665 -40.0416 0.5
0 215.584 145.808 88.8912 0.5
0 197.38 100.149 99.9999 0.5
0 104.032 198.046 19.6737 0.5
0 87.9088 5.06974 31.4364 0.5
0 101.301 197.731 -21.1802 0.5
0 126.501 198.195 18.9154 0.5
0 256.787 169.934 -71.4788 0.5
0 32.6627 173.135 -68.2002 0.5
0 171.81 36.2771 77.0675 0.5
0 171.123 199.636 8.52839 0.5
0 186.54 41.7628 81.2922 0.5
0 256.245 0.248543 7.04605 0.5
0 109.766 1.23363 -15.659 0.5
0 30.0111 170.075 71.3411 0.5
0 295.215 180.538 59.2762 0.5
0 272.028 107.403 -99.7256 0.5
0 260.435 65.8266 93.9797 0.5
0 270.241 174.726 66.4527 0.5
0 194.83 198.66 -16.3181 0.5
0 247.256 119.669 98.0465 0.5
0 147.988 1.83531 -19.0708 0.5
0 134.396 187.618 -48.1985 0.5
0 270.425 133.492 -94.2245 0.5
0 239.746 29.0165 -70.4368 0.5
0 247.511 198.424 17.6829 0.5
0 74.5072 107.029 99.7527 0.5
0 67.5543 128.57 -95.8318 0.5
0 26.0808 68.4959 94.9078 0.5
0 90.9902 109.889 -99.5098 0.5
0 86.7342 33.2291 -74.4423 0.5
0 145.952 199.658 8.26492 0.5
0 307.482 118.901 -98.1974 0.5
0 138.443 194.576 -32.4865 0.5
0 98.625 192.2 38.7185 0.5
0 298.276 65.9963 94.0412 0.5
0 276.47 74.1898 96.6118 0.5
0 18.1456 83.0523 -98.5534 0.5
0 235.744 146.98 88.2771 0.5
0 162.02 12.8616 -49.0601 0.5
0 63.168 198.494 -17.291 0.5
0 6.54325 199.993 1.21843 0.5
0 249.733 4.36119 29.2099 0.5
0 297.687 100.704 99.9975 0.5
0 292.678 25.9379 67.1923 0.5
0 249.17 192.447 38.1259 0.5
0 159.726 2.55339 22.4535 0.5
0 22.937 151.626 -85.6432 0.5
0 33.9457 97.5172 -99.9692 0.5
0 250.301 91.0878 -99.6021 0.5
0 73.2729 142.815 -90.371 0.5
0 119.725 13.6501 -50.4351 0.5
0 218.522 183.051 -55.7007 0.5
0 113.455 183.275 55.3654 0.5
0 2.98392 114.058 99.0069 0.5
0 30.1483 192.308 38.4607 0.5
0 286.968 3.55541 -26.428 0.5
0 144.338 140.121 -91.5987 0.5
0 145.513 0.310747 -7.87737 0.5
0 265.742 116.604 98.612 0.5
0 197.568 4.37112 -29.2424 0.5
0 185.425 124.412 -96.9746 0.5
0 84.3868 45.7313 -83.9935 0.5
0 0.218396 29.7038 71.1227 0.5
0 226.515 178.45 -62.0126 0.5
0 212.955 188.737 -46.1065 0.5
0 240.348 31.7165 -73.0573 0.5
0 255.179 159.455 -80.4056 0.5
0 228.795 165.408 -75.6427 0.5
0 157.135 0.348687 8.34361 0.5
0 60.9671 157.845 -81.572 0.5
0 69.7175 197.87 20.5307 0.5
0 259.017 125.139 96.7885 0.5
0 261.761 191.103 41.2337 0.5
0 64.4998 49.3624 -86.2313 0.5
0 18.9318 18.7345 58.2745 0.5
0 241.927 2.28621 -21.2607 0.5
0 194.734 59.979 91.6423 0.5
0 146.605 196.444 -26.43 0.5
0 159.912 150.492 86.3164 0.5
0 115.032 11.834 -47.1885 0.5
0 298.544 191.683 -39.9268 0.5
0 194.715 172.813 -68.5441 0.5
0 97.7415 191.668 -39.9628 0.5
0 181.347 134.66 -93.8011 0.5
0 322.711 122.249 97.4935 0.5
0 329.911 196.566 -25.9793 0.5
0 188.8 159.333 -80.4961 0.5
0 212.979 4.53897 -29.7858 0.5
0 29.0698 110.988 99.3944 0.5
0 223.429 13.0325 49.3625 0.5
0 108.654 144.673 89.4668 0.5
0 81.5688 29.5048 -70.9255 0.5
0 47.0328 99.3354 99.9978 0.5
0 7.83907 78.4658 -97.6539 0.5
0 201.777 36.3271 -77.1088 0.5
0 260.28 1.58838 17.7525 0.5
0 115.946 193.702 -34.9287 0.5
0 46.6193 194.39 -33.0223 0.5
0 72.3151 172.942 -68.4068 0.5
0 226.421 192.392 38.2579 0.5
0 151.028 199.699 7.75268 0.5
0 39.2734 14.8929 52.5051 0.5
0 69.6421 74.0967 96.5868 0.5
0 41.4111 70.0521 95.4103 0.5
0 321.279 0.112917 4.75085 0.5
0 149.756 199.805 -6.24226 0.5
0 74.5145 156.185 82.7238 0.5
0 48.643 1.25702 15.8058 0.5
0 247.199 2.756 23.3153 0.5
0 203.096 195.498 29.6668 0.5
0 60.1011 188.637 -46.2971 0.5
0 284.683 198.024 19.7827 0.5
0 155.405 199.874 5.02626 0.5
0 226.917 97.8147 99.9761 0.5
0 170.957 189.607 -44.3917 0.5
0 261.726 186.424 50.3078 0.5
0 234.131 143.987 89.8061 0.5
0 109.813 145.834 88.8778 0.5
0 67.6358 173.148 -68.186 0.5
0 179.886 56.8273 90.2005 0.5
0 225.345 50.7389 87.025 0.5
0 304.564 13.8471 -50.7709 0.5
0 94.0002 117.458 98.4644 0.5
0 318.873 163.623 77.1496 0.5
0 259.623 161.905 -78.535 0.5
0 264.32 10.8688 45.3391 0.5
0 117.685 111.986 99.2791 0.5
0 132.979 189.579 -44.4471 0.5
0 82.5773 112.689 -99.1917 0.5
0 311.123 134.419 -93.89 0.5
0 290.691 198.579 16.7978 0.5
0 168.117 175.113 66.0149 0.5
0 217.653 136.49 93.1046 0.5
0 13.0224 172.857 68.4974 0.5
0 305.509 166.254 74.9029 0.5
0 206.572 81.5605 98.2852 0.5
0 88.4321 188.787 46.0095 0.5
0 248.221 135.879 93.342 0.5
0 272.243 170.98 -70.4401 0.5
0 311.849 103.916 -99.9233 0.5
0 331.907 16.8179 55.5043 0.5
0 174.192 2.72145 23.1708 0.5
0 78.001 182.982 -55.8026 0.5
0 164.517 182.365 -56.7101 0.5
0 292.351 17.8214 -56.9796 0.5
0 288.399 122.396 97.4597 0.5
0 272.577 0.0206466 2.03197 0.5
0 284.742 23.7835 64.7382 0.5
0 241.077 184.356 -53.704 0.5
0 213.35 0.666161 -11.5234 0.5
0 3.78117 6.33542 -35.0278 0.5
0 127.103 0.141901 -5.32542 0.5
0 88.785 134.691 93.7898 0.5
0 293.487 130.373 -95.2758 0.5
0 75.1908 154.031 -84.1463 0.5
0 84.01 119.557 98.0689 0.5
0 302.102 0.526569 -10.2487 0.5
0 27.379 197.892 20.4245 0.5
0 226.179 31.9034 73.2315 0.5
0 229.24 60.5845 -91.9044 0.5
0 94.5951 192.042 -39.093 0.5
0 103.721 47.5806 -85.1599 0.5
0 323.393 196.199 -27.307 0.5
0 181.056 2.13148 -20.5366 0.5
0 281.168 40.7373 -80.5477 0.5
0 64.3916 145.493 -89.0527 0.5
0 111.829 189.909 43.7774 0.5
0 51.8269 43.5583 82.549 0.5
0 272.61 105.506 -99.8483 0.5
0 47.871 15.7384 -53.8516 0.5
0 192.74 124.284 97.0066 0.5
0 26.3023 4.60673 30.0021 0.5
0 294.482 193.437 35.6309 0.5
0 289.781 60.9534 92.0617 0.5
0 257.96 166.68 74.5235 0.5
0 13.6845 158.381 81.1889 0.5
0 41.1852 172.461 -68.9156 0.5
0 194.704 199.817 6.04996 0.5
0 217.394 124.58 96.932 0.5
0 308.216 2.20921 20.9036 0.5
1 437.6 -164.492 54.4175 0.5
1 363.223 119.98 69.6551 0.5
1 475.6 -190.45 89.7821 0.5
1 487.126 -101.357 75.9764 0.5
1 396.226 -57.2433 87.5565 0.5
1 356.52 -12.5127 -69.0294 0.5
1 366.679 -12.3159 83.8045 0.5
1 491.334 -273.622 -2.93745 0.5
1 476.474 -217.346 -71.9788 0.5
1 389.624 19.8021 98.4922 0.5
1 338.192 118.179 96.399 0.5
1 456.042 -12.5676 2.41741 0.5
1 455.175 -168.693 81.7045 0.5
1 386.03 -71.3313 59.9237 0.5
1 446.333 3.88076 8.92289 0.5
1 401.773 -108.326 -44.0297 0.5
1 366.67 91.7762 86.8801 0.5
1 392.966 20.1452 97.2161 0.5
1 393.407 -60.5203 82.5298 0.5
1 442.003 -169.264 58.5857 0.5
1 422.759 -64.9181 99.4959 0.5
1 425.898 -151.293 41.5343 0.5
1 478.912 -213.819 -78.72 0.5
1 499.603 -287.424 10.6042 0.5
1 465.574 -85.2826 89.9146 0.5
1 373.236 -51.4319 -56.778 0.5
1 337.389 -0.652209 35.1276 0.5
1 381.814 -83.2172 -12.2562 0.5
1 457.2 -112.005 99.9678 0.5
1 402.928 62.0646 56.3572 0.5
1 499.071 -286.919 -5.41529 0.5
1 333.611 42.4704 -82.1311 0.5
1 450.135 -200.333 19.7703 0.5
1 371.347 113.682 60.6307 0.5
1 375.798 -18.6869 -89.2339 0.5
1 337.636 66.615 96.5792 0.5
1 417.057 -14.6663 -95.2838 0.5
1 346.11 -17.2903 -30.7345 0.5
1 470.699 -149.129 99.3703 0.5
1 496.733 -85.343 -21.4464 0.5
1 478.898 -222.208 71.3337 0.5
1 479.662 -53.5315 -4.05589 0.5
1 460.821 -55.5327 -75.7514 0.5
1 496.716 -92.895 -43.3971 0.5
1 429.197 -150.456 -53.6105 0.5
1 442.124 -60.5285 -96.0284 0.5
1 466.368 -50.0023 59.4357 0.5
1 339.002 189.97 6.49086 0.5
1 336.508 163.19 -72.6768 0.5
1 422.975 -53.5268 99.9849 0.5
1 410.655 -24.7413 -99.5774 0.5
1 357.548 71.0377 99.1543 0.5
1 413.796 -96.7638 81.8861 0.5
1 346.678 134.604 81.662 0.5
1 383.452 6.43193 -99.7713 0.5
1 385.231 77.257 74.1036 0.5
1 385.417 -23.1031 94.4361 0.5
1 349.863 152.684 58.2078 0.5
1 364.503 129.169 55.5426 0.5
1 441.145 -162.461 -65.3116 0.5
1 428.092 29.1079 36.1587 0.5
1 388.416 -90.2159 31.7977 0.5
1 427.132 9.67282 69.2559 0.5
1 344.256 125.75 89.4693 0.5
1 403.912 46.67 72.4618 0.5
1 465.314 -91.0266 92.6737 0.5
1 444.468 0.109179 -37.7511 0.5
1 416.596 -4.42832 91.7441 0.5
1 498.212 -195.095 99.5462 0.5
1 386.975 -65.4571 68.8262 0.5
1 339.886 185.045 -26.6133 0.5
1 410.755 -55.5781 -97.6656 0.5
1 389.069 -79.4277 -55.9374 0.5
1 490.084 -76.7968 -32.1125 0.5
1 351.369 153.133 53.6797 0.5
1 391.186 40.1086 91.5143 0.5
1 430.332 12.1813 -59.7482 0.5
1 347.206 147.629 69.7511 0.5
1 335.943 70.1387 96.7356 0.5
1 380.389 11.1903 -99.7327 0.5
1 335.599 7.44485 46.3085 0.5
1 339.642 113.962 -96.853 0.5
1 483.188 -96.8677 -77.9113 0.5
1 355.862 15.8596 -89.2423 0.5
1 490.676 -272.03 9.95281 0.5
1 428.685 -136.117 70.4578 0.5
1 447.563 -99.3804 99.9883 0.5
1 476.227 -132.906 -98.9295 0.5
1 335.15 12.9584 54.4205 0.5
1 400.5 81.4002 21.1539 0.5
1 414.739 -101.151 -79.8856 0.5
1 415.361 -30.2274 99.2955 0.5
1 486.372 -147.601 98.4623 0.5
1 413.321 -116.86 -62.1794 0.5
1 451.148 -39.4933 -76.3606 0.5
1 453.119 -9.20517 -18.5231 0.5
1 392.951 -62.1553 -80.817 0.5
1 427.251 -9.13645 -84.4633 0.5
1 333.98 71.6548 96.2225 0.5
1 491.225 -77.2356 27.1602 0.5
1 450.53 -200.203 -23.4443 0.5
1 457.743 -215.162 8.02813 0.5
1 360.866 38.841 99.0884 0.5
1 357.17 140.031 58.2005 0.5
1 382.375 -22.4993 -92.6795 0.5
1 436.944 10.3327 -44.0167 0.5
1 415.345 -127.21 52.4164 0.5
1 385.263 -35.802 -88.8658 0.5
1 491.628 -225.709 -85.6982 0.5
1 485.693 -75.4491 46.6608 0.5
1 348.639 169.891 -26.586 0.5
1 389.771 -59.616 -78.5677 0.5
1 420.255 28.4379 -61.3229 0.5
1 473.119 -86.2037 82.9082 0.5
1 498.166 -87.1466 18.0759 0.5
1 368.804 138.135 -9.2486 0.5
1 402.285 -116.143 25.4192 0.5
1 405.434 -122.665 -20.937 0.5
1 361.127 54.6657 99.9606 0.5
1 375.007 -70.6385 17.4982 0.5
1 494.588 -105.833 67.8402 0.5
1 369.908 31.4667 99.8655 0.5
1 334.562 197.579 -7.64417 0.5
1 476.722 -55.1981 36.3522 0.5
1 347.979 133.741 80.6605 0.5
1 487.348 -114.548 85.2859 0.5
1 495.124 -95.2541 -52.7171 0.5
1 356.29 90.0886 -95.4406 0.5
1 375.176 -50.2393 -62.8696 0.5
1 368.41 128.428 45.2379 0.5
1 419.025 -19.9205 95.8524 0.5
1 454.797 -141.441 95.0544 0.5
1 412.719 -136.322 15.3051 0.5
1 339.874 37.411 -85.8624 0.5
1 458.081 -72.2551 -89.8905 0.5
1 425.535 -111.181 -85.7298 0.5
1 470.222 -93.1305 -89.8159 0.5
1 438.086 -117.773 -93.1649 0.5
1 441.934 -134.589 -88.5373 0.5
1 384.406 75.9755 -76.4727 0.5
1 397.666 -75.3835 -76.8741 0.5
1 384.98 -59.4256 -71.4435 0.5
1 410.205 -129.293 27.488 0.5
1 421.342 -5.26487 88.1754 0.5
1 401.68 69.6537 -47.4338 0.5
1 361.044 19.811 94.6767 0.5
1 343.327 51.9773 95.1667 0.5
1 479.239 -53.0125 7.70295 0.5
1 493.088 -143.213 -94.2249 0.5
1 357.996 22.9713 -93.9293 0.5
1 386.576 -17.3917 -96.7796 0.5
1 400.681 46.1651 -77.8093 0.5
1 460.26 -23.1934 25.6678 0.5
1 463.119 -173.338 87.4276 0.5
1 390.523 72.8279 -69.5184 0.5
1 387.786 19.4361 -99.0501 0.5
1 359.681 87.3358 -94.4079 0.5
1 374.132 127.643 -18.317 0.5
1 439.971 -147.992 -77.4225 0.5
1 436.688 -171.156 38.8609 0.5
1 495.119 -157.766 -97.4462 0.5
1 343.58 47.4442 93.7462 0.5
1 475.829 -191.999 89.2076 0.5
1 434.016 -105.604 95.003 0.5
1 458.765 -144.401 96.2446 0.5
1 359.008 79.551 -97.072 0.5
1 460.93 -21.8806 -13.2151 0.5
1 391.252 63.0231 77.3815 0.5
1 416.603 -13.2629 95.0852 0.5
1 427.399 -132.523 71.808 0.5
1 381.819 77.1257 -79.1595 0.5
1 337.767 182.982 -42.195 0.5
1 393.387 40.3671 89.6115 0.5
1 428.952 -162.541 24.6107 0.5
1 453.46 -21.3534 49.8104 0.5
1 436.614 -130.205 85.8285 0.5
1 438.852 -165.861 -55.6316 0.5
1 460.149 -162.233 -90.481 0.5
1 352.538 -23.0608 -44.0059 0.5
1 465.858 -66.5476 -77.6667 0.5
1 365.173 133.192 46.8622 0.5
1 414.185 54.1388 33.6238 0.5
1 459.55 -131.837 -99.1218 0.5
1 408.694 -39.6599 99.5822 0.5
1 346.35 141.015 77.2016 0.5
1 369.735 -63.0486 -0.357144 0.5
1 400.855 -49.2405 94.6437 0.5
1 443.848 8.48102 -4.51169 0.5
1 485.189 -243.728 -59.0455 0.5
1 360.573 2.98325 -86.6971 0.5
1 362.872 124.733 -65.1143 0.5
1 377.662 -76.5208 -7.18525 0.5
1 366.801 -8.89768 -86.0588 0.5
1 402.195 -15.1227 -99.9138 0.5
1 382.907 19.8212 99.8383 0.5
1 438.537 -39.9273 -90.6175 0.5
1 388.273 -91.3416 27.3648 0.5
1 390.697 -6.50526 -99.7441 0.5
1 362.266 -27.7722 63.0006 0.5
1 490.874 -200.298 96.1646 0.5
1 420.864 -150.873 -12.1042 0.5
1 439.054 -157.617 -66.702 0.5
1 470.955 -237.888 -9.78435 0.5
1 442.368 -187.991 13.105 0.5
1 388.44 17.9424 -99.0995 0.5
1 372.588 126.782 -31.9084 0.5
1 396.711 -55.5411 -88.9115 0.5
1 419.294 -1.51878 -88.0691 0.5
1 478.119 -91.9978 -80.9013 0.5
1 360.08 69.1987 98.7875 0.5
1 357.984 -33.9277 40.9491 0.5
1 459.461 -169.976 85.7089 0.5
1 342.228 149.88 75.7482 0.5
1 455.037 -107.367 99.9412 0.5
1 497.995 -177.502 99.7031 0.5
1 469.229 -159.349 -97.0843 0.5
1 407.984 69.5161 15.3474 0.5
1 475.416 -125.459 -97.8477 0.5
1 376.906 -10.3165 -93.732 0.5
1 495.087 -276.745 -25.9328 0.5
1 447.239 -88.927 -99.6497 0.5
1 473.403 -169.874 96.211 0.5
1 437.71 -41.737 -92.0611 0.5
1 481.433 -103.505 84.7928 0.5
1 403.581 -120.092 -17.7113 0.5
1 467.946 -228.854 29.0137 0.5
1 483.113 -63.7006 28.9246 0.5
1 412.695 7.71075 -89.2174 0.5
1 454.574 -199.394 44.8102 0.5
1 343.145 -9.17746 38.7595 0.5
1 480.781 -173.421 -98.3604 0.5
1 369.064 103.428 75.7225 0.5
1 372.229 110.592 62.626 0.5
1 473.398 -48.0266 32.4952 0.5
1 493.779 -160.841 98.5342 0.5
1 336.575 127.383 -94.3993 0.5
1 394.943 -105.015 -18.3354 0.5
1 463.56 -143.718 -98.3374 0.5
1 338.889 119.494 95.6675 0.5
1 491.851 -274.345 6.57749 0.5
1 454.571 -199.6 -44.3871 0.5
1 454.935 -21.3819 -45.1291 0.5
1 471.565 -227.275 -47.7723 0.5
1 385.7 -54.3595 77.1213 0.5
1 412.619 -106.632 72.0892 0.5
1 455.752 -210.04 -19.8805 0.5
1 373.357 -61.3095 39.2228 0.5
1 406.581 71.7102 -16.8006 0.5
1 421.12 40.2913 38.3786 0.5
1 414.716 46.0887 49.2196 0.5
1 457.34 -142.759 96.0076 0.5
1 352.581 156.854 -43.189 0.5
1 379.423 117.542 -22.7777 0.5
1 418.775 45.6832 -35.0076 0.5
1 365.853 3.02464 91.3655 0.5
1 459.347 -218.222 2.83406 0.5
1 372.219 53.0601 97.8945 0.5
1 441.156 -182.292 -29.5363 0.5
1 398.49 17.6592 95.2305 0.5
1 441.824 -68.3864 98.0755 0.5
1 340.793 20.3216 -74.4534 0.5
1 429.041 30.0983 -28.4473 0.5
1 365.957 -3.69166 -88.1674 0.5
1 470.207 -226.563 -44.6252 0.5
1 341.53 -11.721 22.1132 0.5
1 493.448 -239.569 78.2686 0.5
1 435.362 -146.353 71.7719 0.5
1 499.455 -274.08 50.4384 0.5
1 477.27 -49.3169 -1.46677 0.5
1 443.579 -96.8201 99.8277 0.5
1 448.524 -0.304834 -12.5329 0.5
1 437.222 -26.4046 84.4628 0.5
1 490.469 -151.972 97.9396 0.5
1 446.525 -146.643 -86.2603 0.5
1 497.397 -284.167 0.236905 0.5
1 490.773 -86.1938 50.1788 0.5
1 434.281 -54.75 97.9599 0.5
1 448.383 -62.666 93.0591 0.5
1 482.691 -113.113 -89.0072 0.5
1 394.223 -76.9224 69.9549 0.5
1 408.51 18.1403 -87.5341 0.5
1 410.102 61.2795 -33.4293 0.5
1 359.714 -35.7532 43.462 0.5
1 449.668 -114.76 -99.1166 0.5
1 342.71 -3.29299 -49.214 0.5
1 341.916 183.472 18.1583 0.5
1 417.192 45.2699 42.5045 0.5
1 403.372 -36.1247 -98.8965 0.5
1 413.369 -111.244 -68.7507 0.5
1 489.647 -251.897 -58.4304 0.5
1 490.29 -101.771 71.3305 0.5
1 423.9 -155.036 -19.0461 0.5
1 442.712 -2.86074 50.0234 0.5
1 372.042 49.0471 98.6967 0.5
1 346.396 37.7819 -91.8283 0.5
1 363.885 -52.405 10.1089 0.5
1 352.896 73.2696 -99.7438 0.5
1 375.496 84.6296 81.7042 0.5
1 338.887 -9.54894 3.72644 0.5
1 447.193 -24.8753 69.0469 0.5
1 384.067 -42.3469 83.8606 0.5
1 408.253 -78.4777 87.3328 0.5
1 494.26 -278.703 2.47575 0.5
1 400.203 -42.6425 96.3361 0.5
1 476.424 -174.649 -96.3394 0.5
1 409.529 -56.2613 -97.0061 0.5
1 382.403 -31.9244 -88.3026 0.5
1 430.557 -46.7985 -97.6399 0.5
1 484.179 -256.208 31.419 0.5
1 402.215 -97.9756 -61.7351 0.5
1 352.307 -32.3636 -9.97798 0.5
1 379.763 83.9202 76.554 0.5
1 378.776 -78.6155 4.31157 0.5
1 343.855 83.2323 -99.9894 0.5
1 357.354 131.507 -68.2253 0.5
1 423.411 -147.135 41.2051 0.5
1 395.869 -78.9561 70.7809 0.5
1 481.376 -233.597 -63.587 0.5
1 340.457 -11.696 -11.3169 0.5
1 351.927 -29.8331 21.655 0.5
1 341.276 143.79 81.7822 0.5
1 404.185 -116.046 35.9189 0.5
1 456.316 -57.4427 83.1384 0.5
1 456.44 -52.8936 79.7488 0.5
1 422.234 23.1005 -63.7064 0.5
1 476.692 -67.4671 -58.8675 0.5
1 464.727 -106.508 -97.7546 0.5
1 404.926 -40.1378 -98.6895 0.5
1 351.823 13.641 83.9509 0.5
1 445.963 -149.843 -83.6731 0.5
1 381.072 -33.1858 86.3117 0.5
1 452.626 -203.483 -24.8518 0.5
1 347.528 -15.804 -40.9805 0.5
1 490.765 -162.941 -99.5246 0.5
1 441.813 -40.509 -88.061 0.5
1 350.501 -22.7672 -36.6741 0.5
1 498.995 -132.837 -84.1045 0.5
1 392.247 -39.9962 92.517 0.5
1 457.619 -25.3165 -43.6864 0.5
1 377.927 -61.9458 53.1466 0.5
2 556.945 -117.11 -96.2673 0.5
2 598.078 -22.1878 99.9426 0.5
2 659.854 8.53073 -60.4394 0.5
2 661.62 133.836 90.4835 0.5
2 651.007 25.761 88.2048 0.5
2 509.595 -271.362 -11.7664 0.5
2 529.299 -101.61 -93.1719 0.5
2 620.514 116.366 26.9341 0.5
2 621.011 -43.3158 76.639 0.5
2 630.048 -41.4239 -62.5801 0.5
2 586.354 -131.795 37.5345 0.5
2 649.059 154.674 -52.4003 0.5
2 537.761 -221.009 21.1481 0.5
2 598.998 -2.97322 -98.982 0.5
2 529.953 -82.0827 -83.7049 0.5
2 665.464 88.6723 99.5717 0.5
2 604.904 92.1118 -13.4803 0.5
2 598.891 -101.805 53.6119 0.5
2 544.963 -152.527 90.8765 0.5
2 530.942 -234.298 -12.4926 0.5
2 606.98 95.6273 14.055 0.5
2 513.025 -151.802 98.9704 0.5
2 523.194 -241.386 -37.0464 0.5
2 543.926 -39.1817 67.9018 0.5
2 564.78 -171.1 32.3386 0.5
2 537.843 -216.577 -35.6018 0.5
2 525.272 -147.482 -99.9667 0.5
2 666.628 122.486 -97.4238 0.5
2 633.792 136.893 34.5723 0.5
2 545.875 -178.093 -72.4996 0.5
2 615.845 108.275 -26.9478 0.5
2 524.812 -132.961 99.1855 0.5
2 520.265 -253.572 -0.877211 0.5
2 503.687 -261.089 61.5671 0.5
2 560.502 -23.5685 -79.7632 0.5
2 633.769 142.28 -12.1473 0.5
2 612.563 45.1984 92.12 0.5
2 567.046 -50.1253 -97.4539 0.5
2 529.803 -39.0479 19.8648 0.5
2 632.336 14.2131 96.4729 0.5
2 648.635 167.608 15.1867 0.5
2 528.316 -108.292 94.9628 0.5
2 524.735 -245.454 8.6891 0.5
2 621.52 100.431 61.7882 0.5
2 537.22 -39.1018 52.5064 0.5
2 516.258 -233.312 -68.5607 0.5
2 637.922 -6.69481 -82.2287 0.5
2 578.31 46.2513 -11.9012 0.5
2 583.385 3.74621 87.7295 0.5
2 645.928 141.217 63.6379 0.5
2 514.295 -194.436 95.2286 0.5
2 547.117 -153.466 88.5836 0.5
2 619.953 -73.0447 -38.8739 0.5
2 554.366 -186.201 39.9106 0.5
2 527.525 -133.674 -99.7312 0.5
2 664.662 -1.62164 -19.1506 0.5
2 537.661 -90.6863 -94.4826 0.5
2 596.432 -74.3369 -84.9945 0.5
2 623.302 35.6138 -99.4233 0.5
2 635.515 14.8144 94.9984 0.5
2 602.124 -44.9557 -94.3405 0.5
2 535.988 -195.648 -72.0888 0.5
2 600.226 -114.796 7.50787 0.5
2 589.515 60.9257 -32.5458 0.5
2 502.64 -99.9512 -54.0234 0.5
2 640.006 11.0097 90.3719 0.5
2 654.884 177.399 -20.8224 0.5
2 621.712 -64.5632 -49.8309 0.5
2 662.588 -7.06384 0.197056 0.5
2 546.732 -10.2049 -22.0956 0.5
2 530.527 -229.463 -35.0355 0.5
2 645.09 129.375 74.4645 0.5
2 642.043 46.3607 -99.3942 0.5
2 514.044 -80.6633 54.7401 0.5
2 565.297 -174.766 -12.7047 0.5
2 625.488 -70.842 9.80315 0.5
2 537.18 -223.477 12.6234 0.5
2 511.256 -129.138 -91.6332 0.5
2 515.524 -256.441 -32.2551 0.5
2 534.437 -173.597 -89.5186 0.5
2 530.06 -110.467 -96.5222 0.5
2 591.046 -116.749 51.4146 0.5
2 586.005 -92.4577 -84.9573 0.5
2 553.075 -183.4 -49.9129 0.5
2 630.175 106.612 71.5925 0.5
2 565.901 -74.3278 -99.9998 0.5
2 526.535 -201.518 80.884 0.5
2 646.041 160.264 -28.0419 0.5
2 507.706 -113.682 -78.7385 0.5
2 547.241 -206.191 11.4678 0.5
2 660.596 5.58362 -54.4107 0.5
2 575.077 -70.4592 -99.2988 0.5
2 665.715 191.262 36.9818 0.5
2 542.973 -133.247 98.1776 0.5
2 635.396 26.7225 98.1559 0.5
2 588.632 -64.3531 95.644 0.5
2 607.114 91.8072 31.3583 0.5
2 601.549 60.7801 -67.7332 0.5
2 591.776 -40.9919 -99.3621 0.5
2 604.212 88.5317 25.4561 0.5
2 549.652 -103.711 99.9946 0.5
2 588.491 31.9892 -73.8794 0.5
2 607.675 -89.4148 -48.882 0.5
2 529.955 -126.789 99.4985 0.5
2 646.57 164.845 -8.31577 0.5
2 561.843 -175.508 34.2596 0.5
2 548.009 -202.609 23.9564 0.5
2 567.351 -19.1806 -84.9002 0.5
2 589.215 -132.959 -15.3858 0.5
2 637.275 57.7193 99.6271 0.5
2 535.224 -152.623 96.8356 0.5
2 627.763 -61.9984 -32.3711 0.5
2 637.741 24.2455 -96.6536 0.5
2 606.056 -88.5492 54.921 0.5
2 533.941 -108.958 97.7853 0.5
2 549.153 -193.675 43.3057 0.5
2 606.273 -20.3839 -98.7473 0.5
2 641.736 28.1198 95.7935 0.5
2 512.526 -140.139 96.331 0.5
2 621.522 119.69 -20.4703 0.5
2 549.765 -8.30845 33.643 0.5
2 646.401 62.4559 -99.9702 0.5
2 631.136 125.818 48.6658 0.5
2 634.92 131.875 -49.5467 0.5
2 571.396 -67.0324 99.9796 0.5
2 544.632 -129.213 -98.3954 0.5
2 608.276 -30.0779 95.7201 0.5
2 589.884 -110.631 63.0237 0.5
2 646.195 83.4858 98.1892 0.5
2 635.054 76.2967 95.0567 0.5
2 541.671 -94.0909 -97.457 0.5
2 557.914 -12.8802 65.5902 0.5
2 532.919 -231.449 6.44834 0.5
2 625.222 114.272 -50.9329 0.5
2 656.54 175.871 -35.7018 0.5
2 573.043 37.7454 4.32301 0.5
2 664.546 81.4224 98.8831 0.5
2 625.976 -69.1609 16.1769 0.5
2 517.36 -198.461 91.715 0.5
2 646.373 -8.46588 68.0048 0.5
2 539.101 -219.486 17.0452 0.5
2 613.127 105.823 -16.9363 0.5
2 530.373 -97.4833 -92.2565 0.5
2 626.289 -20.9201 86.0271 0.5
2 523.061 -88.9931 80.1952 0.5
2 548.944 -193.518 44.3726 0.5
2 661.03 -6.21216 -26.4092 0.5
2 529.555 -111.723 96.6248 0.5
2 502.086 -234.554 -86.8936 0.5
2 518.571 -98.3893 81.3766 0.5
2 568.026 1.20478 -69.3402 0.5
2 568.994 -94.4522 96.7523 0.5
2 636.335 -26.1016 -67.7347 0.5
2 508.331 -270.397 27.4768 0.5
2 626.489 33.7231 -99.9451 0.5
2 615.733 82.1868 71.0144 0.5
2 568.818 -142.715 -68.0913 0.5
2 618.328 80.2803 76.8324 0.5
2 513.42 -98.1813 -74.0102 0.5
2 615.598 14.3385 99.961 0.5
2 537.637 -186.71 -77.4781 0.5
2 518.358 -56.8803 -0.622139 0.5
2 505.219 -96.1282 -55.014 0.5
2 609.217 66.6131 75.0216 0.5
2 524.995 -202.739 81.9157 0.5
2 570.724 -14.1149 85.3787 0.5
2 652.791 12.906 -77.6098 0.5
2 552.346 -187.643 44.3386 0.5
2 563.498 15.7031 -33.0061 0.5
2 596.095 43.244 75.5828 0.5
2 655.223 31.044 87.0961 0.5
2 652.163 -18.2733 36.3697 0.5
2 634.745 -26.8413 69.8593 0.5
2 591.397 45.3358 -65.3347 0.5
2 597.176 -119.692 11.5556 0.5
2 640.658 23.2759 -94.8508 0.5
2 552.382 -193.028 -30.976 0.5
2 568.909 -40.0378 -95.6164 0.5
2 553.891 1.46704 25.0954 0.5
2 637.976 35.3559 98.8761 0.5
2 582.55 54.285 -1.99132 0.5
2 583.008 -43.7294 99.9931 0.5
2 509.304 -271.638 13.5465 0.5
2 570.508 7.07758 -67.6661 0.5
2 653.113 -21.7196 18.6601 0.5
2 515.879 -236.765 -65.4653 0.5
2 564.428 -119.918 90.3617 0.5
2 629.447 119.435 54.4107 0.5
2 610.085 99.3081 23.0344 0.5
2 626.575 121.157 42.3308 0.5
2 532.721 -85.0587 -88.2972 0.5
2 561.676 -158.646 64.0473 0.5
2 559.264 1.78462 47.8443 0.5
2 616.747 0.810001 99.1868 0.5
2 512.998 -139.158 -96.2851 0.5
2 563.166 20.7319 -0.306778 0.5
2 515.733 -69.8913 -40.2685 0.5
2 558.852 -133.636 -88.3221 0.5
2 569.555 -140.04 -69.5658 0.5
2 626.407 -60.2407 42.5205 0.5
2 514.787 -149.364 -99.0573 0.5
2 563.004 -179.456 4.3081 0.5
2 629.174 37.4949 -99.9704 0.5
2 504.709 -130.934 -86.8407 0.5
2 653.059 -3.38566 -60.244 0.5
2 540.65 -18.3028 -2.67167 0.5
2 573.336 -36.452 -96.7726 0.5
2 610.518 -38.5785 91.0611 0.5
2 664.124 -4.37883 2.28098 0.5
2 514.611 -68.3217 31.0823 0.5
2 626.331 109.702 60.5754 0.5
2 665.094 179.887 -56.3509 0.5
2 557.524 -188.368 11.587 0.5
2 634.212 141.464 21.4267 0.5
2 596.847 12.3112 94.3128 0.5
2 510.473 -143.611 96.307 0.5
2 542.058 -38.2959 -63.1561 0.5
2 659.729 62.108 96.5942 0.5
2 593.193 -103.225 65.0335 0.5
2 578.6 -82.1749 -95.5068 0.5
2 523.035 -206.788 81.4535 0.5
2 536.958 -91.4359 94.3185 0.5
2 601.69 9.87634 -97.4546 0.5
2 549.214 -180.743 -63.4289 0.5
2 663.6 3.96781 -42.0696 0.5
2 641.75 144.15 -48.7604 0.5
2 619.144 -45.7615 77.2925 0.5
2 540.944 -185.769 73.3104 0.5
2 589.832 5.39052 92.3032 0.5
2 566.488 2.8766 64.5321 0.5
2 545.195 -26.5118 54.4396 0.5
2 665.718 1.32866 -24.1987 0.5
2 548.068 -14.2225 41.0273 0.5
2 530.727 -230.114 -32.2422 0.5
2 585.566 -139.38 14.7279 0.5
2 516.791 -69.8213 44.0577 0.5
2 591.786 67.5741 23.2052 0.5
2 579.819 -18.6856 -94.8298 0.5
2 618.675 116.561 7.93812 0.5
2 612.753 18.6827 99.2696 0.5
2 526.907 -240.641 16.845 0.5
2 574.874 -158.701 -7.59522 0.5
2 587.114 8.69701 88.5382 0.5
2 511.932 -219.258 -85.8689 0.5
2 648.92 -29.3655 -16.5158 0.5
2 604.974 73.8264 59.0796 0.5
2 647.34 165.735 12.5396 0.5
2 537.816 -63.6152 80.327 0.5
2 610.46 96.9946 -33.1466 0.5
2 616.883 -61.9364 65.3306 0.5
2 638.64 -8.44374 80.0748 0.5
2 558.41 -158.881 70.0393 0.5
2 628.702 133.847 -8.89208 0.5
2 513.007 -144.765 -97.6875 0.5
2 628.931 131.12 26.2998 0.5
2 595.739 -54.09 -94.9954 0.5
2 612.957 88.3073 -58.1764 0.5
2 588.623 64.0715 -12.2463 0.5
2 637.702 120.189 -71.0632 0.5
2 611.118 84.3946 -59.1812 0.5
2 599.711 -67.57 -85.6595 0.5
2 633.142 -29.0618 70.4245 0.5
2 612.066 60.7397 83.3104 0.5
2 587.634 -54.7013 -98.4009 0.5
2 512.715 -173.524 99.7636 0.5
2 640.332 115.268 -79.3319 0.5
2 569.273 18.7565 -48.5065 0.5
2 657.846 138.401 -84.3712 0.5
2 511.289 -69.3931 -7.36095 0.5
2 634.798 49.6814 -99.8809 0.5
2 609.248 99.8461 -11.8256 0.5
2 620.758 11.2803 -99.5755 0.5
2 572.832 -2.90515 -80.2831 0.5
2 581.379 52.1162 -5.6638 0.5
2 621.691 116.841 -32.0003 0.5
2 522.101 -81.7609 -72.7283 0.5
2 606.873 -71.936 -72.976 0.5
2 609.465 -79.8314 -58.9795 0.5
2 656.748 19.7591 77.61 0.5
2 601.428 9.75173 97.3783 0.5
2 640.523 143.953 45.1359 0.5
2 550.283 -198.456 -24.8113 0.5
2 569.831 -163.724 27.9992 0.5
2 531.863 -81.1766 -85.227 0.5
2 632.373 54.1764 99.0744 0.5
2 655.827 117.056 -93.3604 0.5
2 663.286 187.121 -36.8164 0.5
2 604.752 -35.1515 96.0256 0.5
2 645.637 36.3827 -96.2318 0.5
2 563.708 21.2203 -9.48076 0.5
2 596.793 -74.5261 84.4845 0.5
2 639.293 -28.8652 58.0132 0.5
2 657.862 123.271 -92.2831 0.5
2 599.294 -24.6638 -99.6819 0.5
2 517.568 -66.2975 39.3094 0.5
2 658.754 140.805 -83.8371 0.5
2 652.785 51.4251 -96.9445 0.5
2 613.375 -24.6999 -94.6069 0.5
2 594.72 -102.711 -62.4581 0.5
2 536.153 -64.9046 -79.1229 0.5
2 552.144 -18.6865 60.4347 0.5
2 592.831 -13.8914 -99.0158 0.5
2 517.13 -223.914 -76.0712 0.5
2 658.258 157.206 69.6357 0.5
2 533.28 -179.201 87.6343 0.5
2 522.901 -243.715 32.105 0.5
2 662.105 -1.43324 35.3804 0.5
2 650.821 19.3949 84.7002 0.5
2 624.547 -16.2948 90.1193 0.5
2 650.875 53.9307 98.2326 0.5
2 527.034 -140.212 99.9866 0.5
2 518.595 -65.1612 -40.7833 0.5
2 551.762 -55.9342 -90.2418 0.5
2 559.387 -3.07352 56.1616 0.5
2 538.119 -71.4399 85.892 0.5
2 598.892 37.366 -83.677 0.5
2 577.186 -110.946 -82.8753 0.5
2 555.502 -4.49177 47.4014 0.5
2 603.317 90.2205 -3.31165 0.5
2 652.256 20.0538 -83.5251 0.5
2 595.948 -116.563 -33.9098 0.5
2 527.308 -70.0867 -70.1275 0.5
2 526.847 -177.955 93.3795 0.5
2 557.505 -183.126 -33.9721 0.5
2 617.473 -80.4828 -30.3709 0.5
2 622.457 72.644 87.0494 0.5
2 570.836 -165.058 -13.5782 0.5
2 523.386 -69.4412 -61.6601 0.5
2 630.479 31.5922 99.8358 0.5
2 571.838 -126.204 78.4954 0.5
2 656.197 11.7224 -71.2739 0.5
2 619.739 74.0235 83.3149 0.5
2 519.711 -184.203 95.4975 0.5
2 629.867 114.022 -62.876 0.5
2 566.084 -173.26 -13.7767 0.5
2 640.034 132.56 61.7087 0.5
2 613.797 94.8184 50.3652 0.5
2 593.847 -47.9538 -97.589 0.5
2 596.528 -106.516 52.6257 0.5
2 549.001 -85.9323 -98.3902 0.5
2 565.93 -115.784 91.0719 0.5
2 565.624 -35.1154 -91.6968 0.5
2 649.113 -14.0548 54.7959 0.5
2 520.792 -53.0058 -8.27894 0.5
2 607.54 90.4933 -36.9996 0.5
2 578.614 -115.755 -77.4619 0.5
2 566.4 -162.332 46.2435 0.5
2 636.214 84.0136 -92.9986 0.5
2 513.745 -213.687 87.2735 0.5
2 511.89 -81.9008 -50.7232 0.5
3 972.34 197.712 -21.2711 0.5
3 756.429 133.798 -94.1153 0.5
3 867.318 169.482 -71.9186 0.5
3 719.731 17.6643 56.7524 0.5
3 666.934 149.697 -86.7769 0.5
3 980.476 196.785 25.1546 0.5
3 769.737 1.2719 -15.8985 0.5
3 976.733 118.078 -98.3523 0.5
3 765.713 55.2981 89.4525 0.5
3 850.631 22.1372 -62.7485 0.5
3 802.656 124.469 -96.96 0.5
3 717.691 199.999 -0.436013 0.5
3 838.302 104.795 -99.885 0.5
3 772.072 4.67958 30.2327 0.5
3 923.519 39.276 79.4519 0.5
3 822.702 35.7516 76.6299 0.5
3 826.455 30.4898 71.8911 0.5
3 910.041 109.064 -99.5884 0.5
3 911.933 13.6017 -50.352 0.5
3 765.838 196.627 25.7549 0.5
3 946.517 97.3148 -99.9639 0.5
3 914.107 77.3546 97.4022 0.5
3 996.939 151.244 -85.8723 0.5
3 785.706 7.68061 38.4335 0.5
3 767.343 110.29 99.4691 0.5
3 801.046 164.567 -76.3617 0.5
3 742.017 20.2272 -60.3017 0.5
3 762.894 139.35 91.9326 0.5
3 719.442 91.5454 -99.642 0.5
3 909.696 166.391 74.7813 0.5
3 863.387 187.505 48.4024 0.5
3 959.977 186.846 -49.5753 0.5
3 974.469 8.4432 -40.2163 0.5
3 999.158 2.10025 20.3872 0.5
3 675.875 12.5318 -48.4696 0.5
3 958.711 76.9833 -97.3151 0.5
3 741.179 3.78864 27.2649 0.5
3 824.647 143.451 -90.0666 0.5
3 911.065 165.181 75.8383 0.5
3 985.631 180.956 58.7032 0.5
3 852.629 183.764 -54.6224 0.5
3 940.928 172.626 -68.7419 0.5
3 709.271 2.1848 -20.7891 0.5
3 883.411 117.811 -98.401 0.5
3 704.01 199.992 -1.25574 0.5
3 698.345 198.501 17.2524 0.5
3 851.767 149.196 -87.0618 0.5
3 886.798 55.8736 89.7377 0.5
3 706.358 129.491 -95.5526 0.5
3 869.324 111.671 99.3166 0.5
3 667.406 184.954 52.7531 0.5
3 714.749 111.75 99.3073 0.5
3 878.401 42.8527 -82.0621 0.5
3 995.934 3.57259 26.4906 0.5
3 841.633 136.153 93.2359 0.5
3 918.137 20.8963 61.1768 0.5
3 844.958 149.062 -87.1374 0.5
3 721.184 67.3482 -94.5191 0.5
3 756.733 1.28682 -15.9909 0.5
3 954.381 36.763 77.4667 0.5
3 684.99 5.96995 -34.0345 0.5
3 980.179 110.403 -99.4574 0.5
3 914.82 39.6591 79.7432 0.5
3 971.282 199.55 9.47635 0.5
3 739.793 114.499 98.9433 0.5
3 890.45 64.9578 93.6592 0.5
3 811.526 172.202 69.1874 0.5
3 697.588 173.463 67.8464 0.5
3 950.515 119.41 -98.0981 0.5
3 977.41 165.178 75.8405 0.5
3 712.73 39.1103 -79.325 0.5
3 974.051 8.13717 39.5123 0.5
3 825.196 41.0168 -80.7526 0.5
3 897.534 0.909074 -13.4532 0.5
3 781.373 143.632 -89.9792 0.5
3 858.963 28.576 69.9901 0.5
3 802.633 143.708 89.9422 0.5
3 854.291 199.906 4.32682 0.5
3 971.575 33.4922 74.6774 0.5
3 710.6 165.244 -75.7843 0.5
3 854.208 102.048 99.979 0.5
3 736.383 148.146 87.6468 0.5
3 893.419 18.0923 -57.3683 0.5
3 757.722 199.032 -13.8801 0.5
3 837.61 19.6008 59.464 0.5
3 844.553 88.3213 99.3157 0.5
3 750.485 193.37 -35.8053 0.5
3 740.2 44.7529 83.3532 0.5
3 854.154 163.943 76.8846 0.5
3 711.433 199.981 -1.9401 0.5
3 830.452 199.103 -13.3659 0.5
3 894.675 130.615 95.1984 0.5
3 888.4 126.407 -96.4502 0.5
3 996.609 22.6948 63.4342 0.5
3 916.829 15.4148 53.3417 0.5
3 722.804 103.569 99.9363 0.5
3 924.453 19.005 -58.6498 0.5
3 833.746 182.126 -57.0555 0.5
3 889.823 164.772 -76.1875 0.5
3 680.403 199.842 -5.61911 0.5
3 698 138.468 92.3051 0.5
3 781.861 95.2984 99.8894 0.5
3 841.666 147.266 -88.1244 0.5
3 992.536 106.057 99.8164 0.5
3 800.951 100.048 100 0.5
3 983.222 111.098 -99.3823 0.5
3 703.156 142.08 -90.7155 0.5
3 963.647 60.3698 -91.812 0.5
3 824.371 133.722 94.1427 0.5
3 990.157 182.736 56.1665 0.5
3 710.934 114.644 -98.922 0.5
3 824.199 173.486 67.8218 0.5
3 902.508 199.086 13.4878 0.5
3 976.05 0.00111636 -0.472516 0.5
3 783.221 3.81651 -27.363 0.5
3 957.891 40.847 -80.6283 0.5
3 707.472 192.553 -37.8669 0.5
3 943.326 198.091 -19.4467 0.5
3 977.173 156.784 -82.314 0.5
3 680.554 188.069 47.3685 0.5
3 896.231 149.673 -86.7907 0.5
3 918.568 35.8836 -76.7404 0.5
3 828.62 17.024 55.812 0.5
3 678.761 117.614 -98.4365 0.5
3 982.727 120.852 97.8018 0.5
3 670.415 6.15343 -34.5373 0.5
3 848.661 109.079 -99.587 0.5
3 873.173 183.693 -54.7304 0.5
3 712.094 169.144 -72.2438 0.5
3 758.196 42.164 -81.5782 0.5
3 864.321 75.0959 96.8493 0.5
3 792.178 111.362 -99.3525 0.5
3 987.647 131.251 -94.9914 0.5
3 863.53 64.4269 93.4588 0.5
3 881.562 195.193 -30.6325 0.5
3 858.452 113.429 -99.0941 0.5
3 933.659 5.50857 -32.7318 0.5
3 938.555 153.584 84.4318 0.5
3 733.162 27.1381 68.492 0.5
3 724.951 145.483 89.0576 0.5
3 821.766 6.40882 -35.2234 0.5
3 938.418 2.92385 24.0046 0.5
3 935.055 30.9076 72.2928 0.5
3 774.053 88.5449 -99.3417 0.5
3 856.984 135.742 93.3944 0.5
3 698.071 17.9699 57.1932 0.5
3 859.115 73.7633 -96.4968 0.5
3 679.955 197.007 -24.2842 0.5
3 711.284 0.00536854 -1.03619 0.5
3 881.788 94.1667 -99.8297 0.5
3 973.847 13.5428 50.2509 0.5
3 948.335 157.211 82.0175 0.5
3 936.942 106.128 -99.812 0.5
3 672.703 20.5756 -60.7599 0.5
3 691.363 93.7501 99.8045 0.5
3 804.146 8.25391 39.7826 0.5
3 901.259 69.1311 -95.1163 0.5
3 814.694 199.888 4.73459 0.5
3 725.746 1.99896 -19.8946 0.5
3 912.232 104.616 -99.8934 0.5
3 816.523 24.5017 65.5745 0.5
3 883.161 75.5681 -96.9695 0.5
3 694.792 181.959 57.2949 0.5
3 735.096 177.743 -62.8971 0.5
3 669.543 4.63222 30.083 0.5
3 932.641 100.454 99.999 0.5
3 682.315 177.416 -63.2995 0.5
3 680.102 138.327 -92.3637 0.5
3 835.789 122.275 97.4875 0.5
3 787.403 158.219 -81.3052 0.5
3 721.351 94.5685 99.8524 0.5
3 968.327 188.564 46.4366 0.5
3 868.467 154.582 83.7903 0.5
3 883.578 2.39425 -21.7513 0.5
3 848.942 199.341 -11.4613 0.5
3 963.898 144.505 89.5507 0.5
3 955.099 1.39348 -16.6359 0.5
3 913.638 2.51332 22.2788 0.5
3 905.988 15.9628 -54.201 0.5
3 894.414 0.662545 -11.4922 0.5
3 956.882 61.5186 92.2994 0.5
3 739.647 126.447 -96.4395 0.5
3 847.226 21.4643 -61.9043 0.5
3 831.512 22.1286 -62.7379 0.5
3 703.282 26.6235 -67.9404 0.5
3 971.068 172.387 -68.9933 0.5
3 823.288 196.364 26.7189 0.5
3 837.73 98.2967 99.9855 0.5
3 848.855 199.586 -9.0846 0.5
3 849.009 141.243 -91.0989 0.5
3 999.023 139.569 -91.8386 0.5
3 701.173 193.915 34.3499 0.5
3 831.375 57.3703 90.4583 0.5
3 980.514 173.37 -67.947 0.5
3 864.197 198.837 15.2082 0.5
3 886.008 197.268 23.2139 0.5
3 729.07 183.747 -54.6479 0.5
3 817.11 5.04741 31.3689 0.5
3 725.666 49.9204 -86.5565 0.5
3 821.1 143.154 90.2096 0.5
3 813.485 191.718 -39.8476 0.5
3 789.956 15.7245 53.8298 0.5
3 721.873 71.8106 95.9446 0.5
3 850.414 2.6878 23.029 0.5
3 899.843 0.651077 -11.3926 0.5
3 857.706 8.82052 41.0646 0.5
3 880.828 34.2769 -75.3689 0.5
3 754.526 25.7968 -67.0365 0.5
3 810.882 113.621 99.068 0.5
3 888.019 6.67197 -35.9149 0.5
3 845.291 7.55649 38.1339 0.5
3 760.273 75.8748 -97.0463 0.5
3 686.898 118.252 -98.3203 0.5
3 815.422 149.967 -86.6214 0.5
3 758.59 73.8072 -96.5087 0.5
3 840.201 127.877 -96.0359 0.5
3 851.282 6.61069e-06 -0.0363612 0.5
3 833.851 126.932 96.3049 0.5
3 775.342 23.1374 -63.9698 0.5
3 962.481 197.031 -24.1882 0.5
3 980.101 135.698 93.4111 0.5
3 792.969 10.1877 -43.9744 0.5
3 830.096 96.1513 -99.9259 0.5
3 974.343 190.689 -42.1368 0.5
3 814.857 191.835 39.5775 0.5
3 913.865 162.831 77.796 0.5
3 719.263 14.2013 -51.3671 0.5
3 809.422 30.5128 71.9133 0.5
3 985.239 4.59073 -29.9511 0.5
3 910.83 0.615013 -11.0736 0.5
3 732.066 84.6893 98.821 0.5
3 802.708 131.004 -95.0725 0.5
3 711.725 83.6998 -98.6626 0.5
3 945.812 195.05 -31.072 0.5
3 977.354 51.3878 87.3891 0.5
3 781.688 135.48 -93.4942 0.5
3 863.637 171.328 -70.088 0.5
3 721.285 170.393 71.0267 0.5
3 937.056 137.298 92.784 0.5
3 942.494 138.98 92.0899 0.5
3 820.919 93.4885 99.7878 0.5
3 742.533 194.082 33.8903 0.5
3 745.336 3.12961 -24.8219 0.5
3 781.084 77.1858 -97.3628 0.5
3 892.391 18.8043 -58.3718 0.5
3 908.41 4.66501 30.1868 0.5
3 695.865 199.528 9.70747 0.5
3 971.854 0.226665 6.72917 0.5
3 731.434 106.911 -99.7609 0.5
3 999.945 193.515 -35.4249 0.5
3 852.689 25.5129 66.7208 0.5
3 677.118 18.1597 -57.4645 0.5
3 918.547 0.137574 5.24365 0.5
3 684.29 143.727 -89.9333 0.5
3 784.737 47.7221 -85.2468 0.5
3 916.052 4.69462 30.2801 0.5
3 769.866 128.274 95.9196 0.5
3 749.606 187.127 49.0795 0.5
3 701.187 121.441 -97.6744 0.5
3 775.51 78.8562 -97.7391 0.5
3 981.687 196.171 27.4052 0.5
3 929.137 15.2924 -53.1472 0.5
3 765.529 1.15402 15.1483 0.5
3 746.179 0.675301 -11.6019 0.5
3 736.583 3.22796 -25.2026 0.5
3 942.881 48.9108 -85.9645 0.5
3 881.798 84.8118 98.8399 0.5
3 940.743 49.2095 86.1413 0.5
3 868.275 81.8429 -98.3378 0.5
3 724.812 121.736 -97.6092 0.5
3 761.59 133.424 -94.2488 0.5
3 702.917 181.683 -57.6877 0.5
3 690.884 19.5299 -59.3681 0.5
3 819.004 132.99 -94.4015 0.5
3 748.341 72.093 96.0271 0.5
3 801.108 27.3117 -68.6761 0.5
3 932.69 190.995 -41.472 0.5
3 784.44 16.936 55.681 0.5
3 829.974 91.9005 -99.6715 0.5
3 733.33 31.1252 -72.5001 0.5
3 925.124 113.269 99.1158 0.5
3 768.021 6.98385 -36.7151 0.5
3 790.249 5.6923 33.2574 0.5
3 704.297 174.876 66.2845 0.5
3 811.044 6.86137 36.4032 0.5
3 847.649 176.592 64.2931 0.5
3 783.771 80.7062 -98.1211 0.5
3 994.169 192.958 -36.8626 0.5
3 726.463 45.4503 -83.8113 0.5
3 844.379 8.53414 40.4227 0.5
3 809.722 90.3694 99.5352 0.5
3 863.871 33.6056 -74.7782 0.5
3 695.134 12.3041 48.0565 0.5
3 720.111 161.195 -79.0896 0.5
3 830.908 149.474 -86.904 0.5
3 854.302 28.8475 70.2661 0.5
3 813.74 199.388 11.0459 0.5
3 789.61 37.1353 -77.7691 0.5
3 912.633 2.20961 20.9055 0.5
3 687.453 0.0177415 -1.88361 0.5
3 692.066 12.4595 -48.339 0.5
3 944.47 98.5724 99.9898 0.5
3 731.389 190.951 41.569 0.5
3 965.836 0.0455138 -3.01673 0.5
3 981.673 14.0786 -51.1616 0.5
3 989.717 193.923 -34.3293 0.5
3 753.715 191.592 -40.1365 0.5
3 840.576 4.59298 29.9583 0.5
3 943.438 7.76181 -38.6279 0.5
3 865.383 1.69808 18.3503 0.5
3 820.588 53.0132 88.2737 0.5
3 801.625 198.875 -14.9574 0.5
3 886.571 99.7182 99.9996 0.5
3 764.529 81.5812 98.2891 0.5
3 773.897 3.70741 -26.9766 0.5
3 894.593 48.6846 85.8297 0.5
3 954.925 131.655 94.8576 0.5
3 805.749 1.68521 18.2812 0.5
3 842.577 55.8431 -89.7227 0.5
3 981.385 78.0677 97.5652 0.5
3 908.229 2.75141 -23.2962 0.5
3 860.385 35.6869 76.5756 0.5
3 831.814 153.816 84.2841 0.5
3 669.65 14.8686 52.4656 0.5
3 738.636 188.968 45.6591 0.5
3 985.887 18.7806 58.3387 0.5
3 931.764 199.884 4.8169 0.5
3 819.796 50.8075 -87.0637 0.5
3 753.773 178.198 -62.3308 0.5
3 809.139 42.5747 81.8678 0.5
3 722.388 106.602 -99.7818 0.5
3 939.785 191.827 -39.5949 0.5
3 757.276 0.0844281 4.10834 0.5
3 764.58 6.98063 36.7069 0.5
3 773.5 152.975 -84.8152 0.5
