0 0.159997 1.77673 18.7667 0.5
0 205.424 4.22075 28.746 0.5
0 332.489 37.4296 78.006 0.5
0 23.0721 93.0569 -99.7587 0.5
0 322.601 140.337 91.5039 0.5
0 34.6419 169.679 -71.728 0.5
0 215.102 198.12 19.3001 0.5
0 20.3342 199.32 11.6407 0.5
0 257.715 132.53 -94.5611 0.5
0 96.6273 10.7052 -45.0159 0.5
0 41.3881 109.264 -99.5699 0.5
0 154.161 199.967 -2.57393 0.5
0 9.89934 153.979 -84.1802 0.5
0 106.231 140.911 91.2487 0.5
0 11.8067 26.7589 68.0862 0.5
0 47.3127 4.76439 30.4988 0.5
0 231.249 1.07902 14.6506 0.5
0 202.504 50.2229 86.7308 0.5
0 284.444 176.707 64.1562 0.5
0 134.373 31.7053 73.0468 0.5
0 81.363 82.7082 98.4936 0.5
0 136.239 116.826 98.5743 0.5
0 305.073 29.0802 -70.501 0.5
0 172.166 7.62938 -38.3102 0.5
0 140.019 188.516 46.5294 0.5
0 289.31 91.5178 -99.6396 0.5
0 208.759 195.637 -29.2159 0.5
0 228.583 188.737 -46.1063 0.5
0 49.2317 196.884 -24.7678 0.5
0 124.424 0.0909082 4.26302 0.5
0 123.999 161.877 -78.5575 0.5
0 60.8634 87.2633 -99.1856 0.5
0 135.771 180.12 -59.8403 0.5
0 197.598 82.0068 -98.3679 0.5
0 77.6666 0.964552 -13.8557 0.5
0 264.393 33.6452 -74.8134 0.5
0 314.838 193.406 35.7125 0.5
0 292.056 26.5705 -67.883 0.5
0 258.688 29.2488 -70.6701 0.5
0 106.79 148.243 -87.5933 0.5
0 129.434 1.96001 -19.7018 0.5
0 44.0464 13.6587 -50.4498 0.5
0 200.07 12.2928 -48.0359 0.5
0 151.769 80.9218 -98.1632 0.5
0 21.2352 48.075 -85.4623 0.5
0 302.646 161.753 -78.655 0.5
0 202.642 22.7659 63.5208 0.5
0 17.759 168.227 -73.1103 0.5
0 264.97 187.666 -48.1114 0.5
0 82.5652 197.153 -23.6901 0.5
0 101.722 199.905 4.34938 0.5
0 15.0273 0.510808 10.0946 0.5
0 140.984 155.772 -83.003 0.5
0 143.065 1.18013 15.3178 0.5
0 293.657 30.3371 -71.7432 0.5
0 191.141 46.8889 -84.7302 0.5
0 266.978 95.2243 -99.8859 0.5
0 292.399 11.0793 -45.7505 0.5
0 225.326 199.298 11.8314 0.5
0 190.345 33.9081 75.0457 0.5
0 118.061 199.989 -1.5017 0.5
0 326.749 38.2638 -78.6679 0.5
0 103.375 161.51 78.845 0.5
0 161.552 54.7985 89.201 0.5
0 331.413 26.0716 67.3393 0.5
0 237.483 82.4925 -98.4555 0.5
0 64.5885 22.1134 -62.719 0.5
0 79.5334 179.743 60.3409 0.5
0 167.133 64.7322 -93.5745 0.5
0 202.946 160.883 -79.3304 0.5
0 52.2504 189.781 -44.0377 0.5
0 24.7049 77.7869 97.5017 0.5
0 23.9035 152.723 84.9722 0.5
0 266.011 166.549 74.6403 0.5
0 58.6272 166.391 74.7815 0.5
0 54.9709 88.3138 -99.3148 0.5
0 50.8346 126.896 -96.3151 0.5
0 57.0738 169.065 -72.3191 0.5
0 122.246 3.7446 -27.109 0.5
0 203.356 109.464 99.5512 0.5
0 47.3139 192.518 -37.9536 0.5
0 267.386 158.677 -80.9756 0.5
0 126.587 17.3016 56.2226 0.5
0 111.56 199.584 -9.10674 0.5
0 322.117 197.855 -20.603 0.5
0 206.786 159.383 -80.4588 0.5
0 235.532 14.365 -51.6397 0.5
0 218.12 85.5447 98.9497 0.5
0 302.393 104.769 99.8862 0.5
0 259.184 167.454 73.8238 0.5
0 327.358 196.974 24.4156 0.5
0 105.08 127.383 96.1779 0.5
0 232.337 153.182 -84.6856 0.5
0 274.439 199.993 1.16252 0.5
0 291.02 0.158651 -5.63073 0.5
0 70.2332 135.589 -93.4527 0.5
0 174.919 51.4334 87.4144 0.5
0 227.449 145.975 -88.805 0.5
0 270.337 197.352 22.8598 0.5
0 22.2834 174.051 67.2041 0.5
0 299.534 4.02607 -28.0892 0.5
0 149.528 106.91 -99.761 0.5
0 240.739 195.251 30.4498 0.5
0 319.23 186.187 -50.7126 0.5
0 137.324 1.00752 -14.1594 0.5
0 69.3513 123.842 97.1161 0.5
0 241.225 9.29678 42.1061 0.5
0 318.612 12.9475 49.2124 0.5
0 63.2848 97.4628 99.9678 0.5
0 297.286 184.247 53.8737 0.5
0 326.811 103.653 -99.9333 0.5
0 115.816 118.08 98.352 0.5
0 18.9988 5.492 32.6839 0.5
0 246.439 199.673 -8.08628 0.5
0 203.728 78.9669 97.763 0.5
0 237.697 61.0148 92.0878 0.5
0 44.9967 126.891 -96.3165 0.5
0 153.893 192.391 38.26 0.5
0 298.849 195.276 -30.3713 0.5
0 160.842 22.6097 -63.3304 0.5
0 223.876 17.0643 55.8719 0.5
0 280.717 0.00506932 -1.0069 0.5
0 289.943 19.449 59.2583 0.5
0 173.926 199.772 -6.74805 0.5
0 1.93262 124.654 96.9133 0.5
0 0.34848 115.022 98.8653 0.5
0 283.03 169.637 71.7679 0.5
0 255.529 165.631 75.449 0.5
0 37.2629 30.2092 -71.6187 0.5
0 277.378 196.53 26.1129 0.5
0 32.8575 107.567 -99.7133 0.5
0 228.879 11.4733 46.5084 0.5
0 133.439 188.22 -47.0867 0.5
0 329.575 107.766 99.698 0.5
0 320.773 5.3289 32.2084 0.5
0 160.882 1.05591 14.4937 0.5
0 293.838 23.1234 63.953 0.5
0 95.4071 191.462 -40.4305 0.5
0 298.706 189.226 45.1513 0.5
0 189.073 26.8744 68.2104 0.5
0 73.0174 134.368 -93.9086 0.5
0 106.762 28.8895 70.3086 0.5
0 125.98 108.544 -99.6344 0.5
0 250.151 67.2722 94.4928 0.5
0 50.5213 65.7516 93.9524 0.5
0 44.4111 0.379435 -8.70305 0.5
0 304.168 151.795 85.5409 0.5
0 264.255 15.5751 -53.5951 0.5
0 171.092 42.4297 81.7659 0.5
0 301.632 127.771 96.0666 0.5
0 312.747 25.6089 66.8279 0.5
0 286.568 6.00323 34.1263 0.5
0 297.955 26.5017 -67.8085 0.5
0 330.758 148.117 -87.6628 0.5
0 308.515 108.558 -99.6332 0.5
0 89.9768 0.793496 -12.5726 0.5
0 190.421 3.04917 24.5059 0.5
0 229.877 15.6792 -53.7588 0.5
0 318.476 158.165 81.3441 0.5
0 169.914 126.253 -96.4923 0.5
0 291.874 5.74811 33.4153 0.5
0 139.089 188.227 -47.074 0.5
0 260.026 156.231 82.6926 0.5
0 241.552 3.63453 26.7151 0.5
0 151.362 196.813 25.0464 0.5
0 258.035 4.04598 -28.1572 0.5
0 9.6324 34.2328 75.3305 0.5
0 7.05129 53.7465 -88.6601 0.5
0 267.107 62.9124 -92.8683 0.5
0 237.331 48.7108 85.8453 0.5
0 6.27663 16.0707 -54.3679 0.5
0 236.377 88.7841 -99.369 0.5
0 275.648 107.87 -99.6898 0.5
0 124.116 66.8207 -94.3352 0.5
0 45.4828 167.56 73.7272 0.5
0 207.526 9.69609 42.9558 0.5
0 110.862 6.224 -34.7284 0.5
0 284.626 164.905 76.0743 0.5
0 326.697 186.455 -50.2539 0.5
0 273.948 71.0675 95.7231 0.5
0 156.872 32.9965 -74.233 0.5
0 209.207 73.35 96.3835 0.5
0 34.3926 149.11 -87.1102 0.5
0 188.887 10.9761 45.5494 0.5
0 213.377 187.691 48.0661 0.5
0 256.764 42.2129 -81.6128 0.5
0 211.307 146.398 88.5845 0.5
0 306.176 158.349 81.2123 0.5
0 288.506 196.972 24.4212 0.5
0 183.591 73.3209 96.3754 0.5
0 168.652 51.4101 87.4015 0.5
0 178.585 9.09412 -41.6668 0.5
0 169.893 10.4044 -44.4142 0.5
0 199.443 163.349 77.375 0.5
0 276.809 198.382 17.9147 0.5
0 205.065 63.674 -93.1688 0.5
0 37.9208 183.679 54.753 0.5
0 236.25 196.599 -25.8591 0.5
0 267.523 193.6 -35.1996 0.5
0 267.225 173.736 67.5495 0.5
0 270.578 121.121 97.7441 0.5
0 156.399 190.679 42.1581 0.5
0 84.8916 40.8416 80.6243 0.5
0 294.223 34.79 -75.8133 0.5
0 147.77 0.769054 -12.3782 0.5
0 118.314 182.791 56.0855 0.5
0 310.408 31.3286 -72.6928 0.5
0 150.549 183.394 55.1858 0.5
0 110.572 167.768 73.5356 0.5
0 81.5009 126.435 -96.4427 0.5
0 308.456 109.703 99.5282 0.5
0 87.5197 6.20081 -34.6657 0.5
0 107.679 186.015 51.0036 0.5
0 9.0987 64.3283 93.4212 0.5
0 73.2366 186.016 -51.0017 0.5
0 108.878 161.122 79.1462 0.5
0 125.324 196.009 27.968 0.5
0 209.78 198.884 14.8971 0.5
0 135.654 64.0733 -93.3235 0.5
0 231.668 176.528 -64.3703 0.5
0 199.272 198.948 -14.4704 0.5
0 207.788 1.13334 -15.0128 0.5
0 81.5339 186.809 49.6408 0.5
0 289.493 147.423 -88.0399 0.5
0 210.745 30.6369 72.0331 0.5
0 94.6782 123.033 97.3113 0.5
0 297.896 6.60823 -35.7488 0.5
0 79.2289 85.7809 -98.9839 0.5
0 93.1144 115.72 -98.7566 0.5
0 151.973 125.379 -96.726 0.5
0 254.145 37.8475 78.3394 0.5
0 162.724 171.321 -70.095 0.5
0 76.3085 40.0366 -80.0274 0.5
0 114.637 197.713 21.2641 0.5
0 69.6987 63.1065 92.9455 0.5
0 291.247 61.5967 -92.3319 0.5
0 9.14835 193.637 -35.1012 0.5
0 132.886 72.4835 96.1397 0.5
0 219.104 145.556 89.0203 0.5
0 197.367 129.28 -95.6174 0.5
0 206.149 185.537 51.8017 0.5
0 251.178 19.2834 -59.0325 0.5
0 2.85126 194.518 32.6536 0.5
0 140.08 191.296 40.8047 0.5
0 34.5206 179.164 61.0986 0.5
0 305.784 80.7725 98.1341 0.5
0 179.688 119.354 -98.1092 0.5
0 275.36 198.862 -15.0436 0.5
0 156.588 83.7085 -98.664 0.5
0 5.20818 11.7214 -46.9775 0.5
0 271.429 115.329 -98.8182 0.5
0 269.902 3.61394 26.6407 0.5
0 54.6358 197.071 -24.0263 0.5
0 160.222 8.23614 -39.7416 0.5
0 70.5498 188.834 -45.9189 0.5
0 315.329 190.546 42.4442 0.5
0 13.5811 199.931 3.70959 0.5
0 282.908 195.184 30.6594 0.5
0 185.587 199.599 8.94573 0.5
0 166.167 0.0677849 3.68136 0.5
0 291.045 173.41 -67.9043 0.5
0 26.0389 7.26918 37.4299 0.5
0 13.4464 0.0137761 1.65983 0.5
0 136.158 103.073 -99.9528 0.5
0 323.807 189.332 -44.9417 0.5
0 44.1676 79.6886 97.9155 0.5
0 315.576 198.526 17.1064 0.5
0 0.13027 8.37931 40.0705 0.5
0 203.308 3.26784 25.3552 0.5
0 251.653 186.559 50.0747 0.5
0 250.066 3.56024 26.4457 0.5
0 51.1472 199.085 13.4934 0.5
0 307.25 191.677 -39.9407 0.5
0 194.588 36.5251 -77.2718 0.5
0 175.853 101.17 -99.9932 0.5
0 313.89 32.8118 74.0658 0.5
0 299.909 167.153 -74.0978 0.5
0 198.989 44.8587 -83.4232 0.5
0 187.67 1.49986 17.2546 0.5
0 276.994 199.348 -11.4025 0.5
0 327.556 29.2856 70.7069 0.5
0 200.218 144.313 89.6457 0.5
0 51.5853 107.546 99.7149 0.5
0 211.398 94.0385 99.8221 0.5
0 3.93354 161.674 -78.7166 0.5
0 157.73 198.012 -19.842 0.5
0 204.258 168.935 -72.4433 0.5
0 0.364947 130.641 -95.1899 0.5
0 161.576 173.457 -67.8529 0.5
0 138.379 5.39692 -32.4077 0.5
0 301.394 188.457 -46.6399 0.5
0 98.3579 1.19915 -15.44 0.5
0 32.9628 11.8092 -47.1421 0.5
0 292.65 182.219 56.922 0.5
0 5.28501 1.1221 14.9386 0.5
0 180.67 197.849 20.6303 0.5
0 158.421 1.78593 18.8148 0.5
0 313.184 195.889 28.3794 0.5
0 265.922 156.94 -82.2058 0.5
0 153.278 37.3215 -77.9192 0.5
0 25.0477 196.452 -26.4022 0.5
0 219.052 105.947 99.823 0.5
0 115.565 80.3653 98.0534 0.5
0 204.378 0.553395 10.5058 0.5
0 275.577 60.5133 91.8738 0.5
0 59.9226 0.00149286 -0.546416 0.5
1 334.061 47.4236 -85.8298 0.5
1 340.024 166.003 63.0834 0.5
1 379.992 28.882 99.5287 0.5
1 377.935 27.9466 -99.8647 0.5
1 386.819 -92.5835 -3.35159 0.5
1 334.517 0.122281 -20.7329 0.5
1 385.614 37.9307 95.8577 0.5
1 377.061 21.5883 -99.9643 0.5
1 379.968 -67.4961 49.7911 0.5
1 347.622 -16.5737 39.6016 0.5
1 366.791 105.315 77.4445 0.5
1 363.289 -14.8082 77.7218 0.5
1 353.142 13.2115 -85.1234 0.5
1 359.304 -43.886 14.7701 0.5
1 340.554 10.6272 63.9662 0.5
1 376.064 93.8579 73.4424 0.5
1 337.675 8.08778 53.6454 0.5
1 381.009 11.7069 99.8364 0.5
1 388.016 21.6665 -98.6495 0.5
1 377.134 93.1741 72.3441 0.5
1 365.74 56.5626 99.1913 0.5
1 378.875 16.2159 99.8797 0.5
1 373.759 129.843 5.24859 0.5
1 353.806 -35.4594 0.472399 0.5
1 339.78 182.305 35.5409 0.5
1 388.304 -55.1507 80.046 0.5
1 372.533 -23.7929 -82.9186 0.5
1 338.038 -8.08466 3.57207 0.5
1 380.19 -22.5236 -91.0433 0.5
1 376.989 -48.2304 68.7518 0.5
1 356.184 114.885 83.8671 0.5
1 350.666 -30.0209 0.255026 0.5
1 379.093 -22.7882 90.0286 0.5
1 344.123 175.336 34.048 0.5
1 383.441 111.974 15.6807 0.5
1 360.903 151.706 10.3965 0.5
1 336.859 110.56 98.6014 0.5
1 350.519 169.981 7.094 0.5
1 336.332 163.382 72.7835 0.5
1 348.548 -2.10608 65.279 0.5
1 361.82 0.996034 -86.7962 0.5
1 348.443 170.155 -26.8598 0.5
1 375.897 116.603 42.9101 0.5
1 374.417 -51.0078 -60.2009 0.5
1 376.894 -42.8003 -73.9178 0.5
1 362.103 -31.093 58.2791 0.5
1 341.016 183.869 -23.6011 0.5
1 347.068 176.046 -5.75322 0.5
1 346.498 41.8205 93.533 0.5
1 353.668 80.6086 98.7392 0.5
1 364.946 70.2672 96.8189 0.5
1 369.095 -49.089 -49.0425 0.5
1 335.71 94.1984 99.9858 0.5
1 348.176 -11.1556 -51.9496 0.5
1 346.234 -7.69911 52.1015 0.5
1 372.346 131.659 -12.3835 0.5
1 361.537 12.7041 92.3144 0.5
1 334.977 109.458 99.24 0.5
1 377.113 123.69 -9.80309 0.5
1 347.739 116.748 90.8908 0.5
1 383.879 -36.8871 86.9801 0.5
1 372.927 -64.6357 -27.8047 0.5
1 342.368 181.684 22.9465 0.5
1 334.735 162.75 -75.8412 0.5
1 334.074 0.404601 -18.2972 0.5
1 377.289 118.379 -32.6692 0.5
1 365.007 23.7945 97.6953 0.5
1 359.67 135.662 -58.2559 0.5
1 381.434 57.6051 -91.2456 0.5
1 350.005 -19.9193 -41.365 0.5
1 348.741 18.3714 83.5548 0.5
1 359.943 -33.7093 48.1955 0.5
1 356.282 82.6799 97.4523 0.5
1 350.17 70.3077 -99.9986 0.5
1 364.749 28.5789 98.5431 0.5
1 374.645 -62.8804 40.7373 0.5
1 377.93 69.4342 -88.4375 0.5
1 375.348 95.4866 -73.0811 0.5
1 387.548 51.8765 88.9056 0.5
1 370.122 -20.8052 82.1054 0.5
1 368.747 -36.0832 -66.4321 0.5
1 368.008 136.772 -24.9783 0.5
1 361.687 101.961 85.9758 0.5
1 355.467 -38.078 7.18997 0.5
1 357.427 113.256 83.5243 0.5
1 333.748 27.9224 -70.0564 0.5
1 335.688 -2.57135 -17.2983 0.5
1 356.741 16.4022 -90.2572 0.5
1 335.049 -1.80991 15.2014 0.5
1 360.868 -34.6499 -49.3791 0.5
1 371.619 125.483 39.6673 0.5
1 338.788 -0.704423 -40.8913 0.5
1 338.558 71.8873 98.1662 0.5
1 381.97 43.9722 95.9378 0.5
1 365.336 -43.8803 46.6552 0.5
1 365.375 17.4773 -96.2792 0.5
1 374.417 90.354 78.8431 0.5
1 379.342 37.0725 98.5853 0.5
1 373.703 -16.3174 88.5863 0.5
1 345.103 -8.77135 -46.775 0.5
1 368.721 94.0174 -83.3112 0.5
1 373.63 -46.9654 -63.599 0.5
1 369.962 -9.66023 -88.6787 0.5
1 371.839 68.0842 93.7576 0.5
1 381.265 85.6436 72.7002 0.5
1 339.754 145.51 -82.4197 0.5
1 354.723 52.5751 99.4602 0.5
1 386.125 -28.436 92.9036 0.5
1 352.852 163.618 22.5489 0.5
1 339.357 132.031 -90.5362 0.5
1 350.287 74.9624 99.9063 0.5
1 357.778 157.218 9.39846 0.5
1 359.645 -38.9829 35.6995 0.5
1 337.39 163.712 70.6824 0.5
1 354.207 51.0645 99.1798 0.5
1 365.454 133.309 -45.7054 0.5
1 379.93 -50.8239 71.2995 0.5
1 375.59 37.7289 -99.4021 0.5
1 362.381 74.4015 -96.8979 0.5
1 345.002 151.785 69.4021 0.5
1 336.971 5.20435 -46.5686 0.5
1 379.014 -45.5857 74.7157 0.5
1 335.947 192.481 -24.2779 0.5
1 380.315 6.96251 -99.3175 0.5
1 378.438 -77.3633 12.3021 0.5
1 349.874 -13.2313 -53.3477 0.5
1 365.223 -42.4296 48.9603 0.5
1 385.918 96.2602 -48.7017 0.5
1 350.57 122.052 85.4737 0.5
1 373.845 127.298 -22.3668 0.5
1 346.32 -7.24671 53.0739 0.5
1 376.776 -34.9614 -80.212 0.5
1 350.578 -19.8794 -43.5682 0.5
1 372.055 113.521 59.2073 0.5
1 376.298 67.5647 90.7611 0.5
1 356.675 85.9618 96.4548 0.5
1 380.206 118.632 6.02357 0.5
1 348.396 111.06 92.8439 0.5
1 342.616 37.4892 88.5662 0.5
1 376.504 -34.3226 80.336 0.5
1 356.601 -40.1299 -5.84263 0.5
1 341.688 121.112 93.4551 0.5
1 336.401 12.6715 57.2143 0.5
1 340.62 158.801 -69.9935 0.5
1 349.462 162.791 -42.0574 0.5
1 348.892 117.539 -89.5596 0.5
1 373.581 -10.6238 91.2473 0.5
1 365.08 87.3997 -90.5729 0.5
1 370.213 -60.443 -25.9845 0.5
1 353.374 59.552 -99.8353 0.5
1 345.878 -20.5384 -15.3799 0.5
1 381.447 112.072 -29.9561 0.5
1 352.536 -16.0084 -56.1499 0.5
1 360.624 125.131 68.9801 0.5
1 349.962 -27.2443 17.5751 0.5
1 382.627 49.3117 -93.7899 0.5
1 335.527 194.342 -19.1882 0.5
1 353.26 140.16 -66.5113 0.5
1 353.986 141.668 -63.2693 0.5
1 341.17 185.321 14.8301 0.5
1 370.027 -9.70295 88.7148 0.5
1 341.331 -12.6328 -15.5694 0.5
1 378.292 -61.8396 54.3057 0.5
1 367.861 -51.3619 40.2132 0.5
1 386.32 1.53509 99.776 0.5
1 388.78 -64.9965 -72.4191 0.5
1 364.448 -42.798 -45.7795 0.5
1 372.773 107.172 65.5907 0.5
1 349.892 110.856 -91.8526 0.5
1 353.989 163.448 -12.4349 0.5
1 373.03 22.9956 99.6594 0.5
1 336.741 -5.48137 9.16754 0.5
1 333.476 162.448 -77.9062 0.5
1 373.187 121.938 -41.5331 0.5
1 344.324 136.322 -83.2793 0.5
1 343.275 159.852 -63.7174 0.5
1 363.131 -51.4968 4.7636 0.5
1 374.017 -51.1727 -59.0458 0.5
1 344.672 -10.933 40.8107 0.5
1 349.709 6.15829 75.5824 0.5
1 383.118 -85.7331 -9.9577 0.5
1 343.23 31.5663 -85.8436 0.5
1 354.066 138.289 -67.0413 0.5
1 383.292 -56.3397 -71.6011 0.5
1 333.535 144.688 89.2841 0.5
1 351.287 11.4409 -81.842 0.5
1 351.505 146.207 -62.9731 0.5
1 364.662 37.1662 -99.6321 0.5
1 377.861 16.9778 99.826 0.5
1 346.098 54.6958 97.2728 0.5
1 371.752 49.8131 98.6532 0.5
1 337.27 100.252 -99.7497 0.5
1 360.011 134.698 -58.7751 0.5
1 358.677 156.032 -3.76772 0.5
1 345.407 130.729 85.634 0.5
1 364.181 48.6733 -99.9779 0.5
1 340.717 176.965 -44.0931 0.5
1 344.407 180.81 -1.37722 0.5
1 382.995 111.186 -23.4886 0.5
1 359.717 -41.5121 -28.6277 0.5
1 338.639 136.958 88.7149 0.5
1 367.41 56.2891 98.8208 0.5
1 385.39 -52.553 -78.1523 0.5
1 359.675 -43.8157 -18.9401 0.5
1 378.399 -23.5109 89.0722 0.5
1 377.074 71.8687 -87.9287 0.5
1 386.291 -42.1943 86.3298 0.5
1 350.419 85.3054 98.884 0.5
1 335.779 155.539 -80.1678 0.5
1 336.193 112.416 -98.4799 0.5
1 351.495 126.44 81.5351 0.5
1 339.777 53.0114 93.3617 0.5
1 376.64 18.6903 99.8013 0.5
1 339.633 111.392 -97.4811 0.5
1 370.928 -25.2449 -79.903 0.5
1 377.369 91.7555 73.2953 0.5
1 334.339 183.261 -52.6747 0.5
1 367.325 -46.0871 -48.93 0.5
1 371.429 -23.3376 -81.9178 0.5
1 336.494 133.182 -92.2263 0.5
1 367.632 37.604 -99.9553 0.5
1 380.272 99.9848 -58.2481 0.5
1 368.966 26.0026 99.2432 0.5
1 373.251 -55.3401 -50.6899 0.5
1 342.797 75.5339 -99.6735 0.5
1 364.103 20.6697 96.5511 0.5
1 382.221 30.303 -98.8718 0.5
1 369.695 50.9286 99.0281 0.5
1 376.051 125.951 3.4297 0.5
1 362.103 150.096 3.83033 0.5
1 356.757 -40.5119 -3.43479 0.5
1 369.627 121.984 -52.9263 0.5
1 378.488 -1.95171 -97.1406 0.5
1 358.018 31.2113 -96.5516 0.5
1 381.608 -80.8403 23.3917 0.5
1 370.721 53.6448 -98.2921 0.5
1 356.209 30.8982 -95.556 0.5
1 376.026 113.596 48.3358 0.5
1 368.24 32.6871 -99.7649 0.5
1 334.878 175.774 -62.0137 0.5
1 340.283 -11.7268 7.87939 0.5
1 366.365 90.9893 -87.6159 0.5
1 346.754 170.591 -34.5644 0.5
1 374.433 20.248 99.6325 0.5
1 344.097 142.173 -79.3806 0.5
1 339.121 124.942 -93.6872 0.5
1 342.587 27.3753 82.443 0.5
1 356.298 39.7977 97.8916 0.5
1 339.097 43.2276 -88.3783 0.5
1 342.392 -14.1417 17.5245 0.5
1 337.515 178.95 50.7039 0.5
1 348.28 172.562 -17.5365 0.5
1 335.678 82.0521 -99.031 0.5
1 363.851 107.546 -79.6952 0.5
1 367.446 -18.3899 80.5162 0.5
1 347.393 -21.8857 -22.0691 0.5
1 339.437 -8.80491 18.7179 0.5
1 337.236 -6.71159 3.0714 0.5
1 371.4 132.828 15.6866 0.5
1 364.047 87.9325 -91.1499 0.5
1 356.926 138.578 -60.7366 0.5
1 358.028 -14.8937 69.272 0.5
1 345.058 179.472 6.6344 0.5
1 375.533 -23.5758 -86.3213 0.5
1 361.882 137.605 49.2138 0.5
1 388.181 24.6017 -98.0602 0.5
1 381.107 -70.1267 -48.6293 0.5
1 380.112 43.1128 -97.0436 0.5
1 368.068 84.5041 89.4699 0.5
1 366 -50.4139 -34.5737 0.5
1 338.175 2.92496 46.1985 0.5
1 385.329 85.8445 65.1046 0.5
1 388.153 -83.326 46.7962 0.5
1 355.637 51.9073 99.5513 0.5
1 336.128 45.8189 86.9802 0.5
1 348.946 89.6487 98.5974 0.5
1 345.216 44.2778 -93.6225 0.5
1 358.358 80.1109 97.2105 0.5
1 384.429 108.163 25.6148 0.5
1 361.208 52.0118 99.9996 0.5
1 365.541 -40.9623 -52.393 0.5
1 347.593 49.615 -96.6448 0.5
1 338.736 147.673 -82.1435 0.5
1 386.409 -89.952 -19.7934 0.5
1 373.69 -67.2747 -22.7587 0.5
1 343.22 35.3676 -87.9945 0.5
1 340.755 159.878 -68.6279 0.5
1 337.994 191.254 11.5944 0.5
1 334.582 197.084 -12.2519 0.5
1 346.882 176.263 7.35397 0.5
1 340.13 187.562 11.5143 0.5
1 373.956 -22.1428 85.5486 0.5
1 354.043 132.719 72.7699 0.5
1 355.685 69.805 -99.6365 0.5
1 351.725 160.583 -38.1468 0.5
1 343.106 130.55 88.0114 0.5
1 387.952 78.2528 -68.4993 0.5
1 347.718 74.8809 -99.9998 0.5
1 351.931 166.553 15.6649 0.5
1 370.249 -42.3741 62.0317 0.5
1 344.128 -8.62299 43.7412 0.5
1 368.398 139.026 6.93547 0.5
1 362.308 -9.30342 -80.6539 0.5
1 375.021 88.4561 -79.5003 0.5
2 377.408 38.0051 84.0917 0.5
2 368.036 -7.87209 -96.9594 0.5
2 334.228 -188.549 21.5562 0.5
2 347.287 31.597 4.94161 0.5
2 383.915 -57.304 -85.1326 0.5
2 359.499 -143.326 -27.318 0.5
2 377.58 19.6765 -93.4906 0.5
2 348.259 -123.678 -82.1091 0.5
2 375.869 58.1648 -63.8753 0.5
2 334.709 9.86375 3.72133 0.5
2 333.739 -26.3212 -75.6261 0.5
2 370.971 -55.258 -96.0006 0.5
2 369.019 9.424 91.6234 0.5
2 356.077 39.4182 38.0593 0.5
2 353.255 33.1676 -41.2151 0.5
2 339.519 -28.829 84.8579 0.5
2 368.537 -21.4863 99.4999 0.5
2 351.258 38.5151 4.03978 0.5
2 356.904 -120.064 -72.9118 0.5
2 367.776 -117.132 -53.7319 0.5
2 357.059 -129.917 61.8718 0.5
2 339.475 -80.6396 -99.9931 0.5
2 347.632 -165.743 19.6024 0.5
2 349.674 -155.566 40.5285 0.5
2 375.243 79.8653 7.41099 0.5
2 382.01 -72.0623 -76.9025 0.5
2 346.172 -16.465 84.3281 0.5
2 345.518 2.22064 -67.7355 0.5
2 379.874 -96.5683 -53.1139 0.5
2 361.793 -10.1268 -94.3876 0.5
2 351.903 -105.66 89.1142 0.5
2 335.648 10.7666 -12.5629 0.5
2 369.093 -9.66937 -97.8038 0.5
2 344.985 -122.566 -86.4301 0.5
2 333.561 -41.2521 86.1336 0.5
2 375.353 12.9502 94.5301 0.5
2 339.057 -25.4757 -82.122 0.5
2 340.845 -143.232 -77.0097 0.5
2 382.495 40.8848 -87.6255 0.5
2 384.798 14.768 -98.3523 0.5
2 378.361 -11.4294 99.9541 0.5
2 373.911 -88.2706 -75.0352 0.5
2 385.921 -64.2609 -77.7437 0.5
2 371.468 57.3392 -54.6615 0.5
2 361.188 -128.567 -53.6942 0.5
2 379.935 -56.1956 -89.5716 0.5
2 341.227 -165.876 -49.1321 0.5
2 376.651 79.7625 -23.5636 0.5
2 370.831 64.6806 -38.7616 0.5
2 356.386 -146.588 33.9368 0.5
2 356.124 -152.961 1.71459 0.5
2 386.115 -80.0692 61.2597 0.5
2 364.637 -97.2749 80.708 0.5
2 382.419 -101.943 -32.6749 0.5
2 379.412 -112.088 10.4864 0.5
2 372.336 -83.6288 -80.9343 0.5
2 357.242 40.0737 41.2142 0.5
2 387.415 -6.16425 99.7268 0.5
2 338.879 -74.5255 -99.6533 0.5
2 363.141 -133.87 -36.6321 0.5
2 351.814 -104.19 89.9222 0.5
2 383.936 -21.4046 98.6123 0.5
2 342.426 -137.804 -79.1611 0.5
2 375.384 -79.9162 79.7739 0.5
2 356.294 -120.15 73.8095 0.5
2 333.401 -3.0828 -45.1039 0.5
2 379.936 -107.723 -28.0316 0.5
2 343.683 -102.08 -96.1286 0.5
2 344.525 9.41593 56.5391 0.5
2 338.689 -137.616 83.8806 0.5
2 346.364 -19.1935 86.2022 0.5
2 385.484 55.8626 -81.472 0.5
2 355.269 -128.779 -66.9032 0.5
2 342.47 -159.925 55.327 0.5
2 370.611 -84.0151 82.7604 0.5
2 338.2 -71.6273 99.229 0.5
2 360.405 -123.604 -62.5236 0.5
2 352.12 39.8938 6.23852 0.5
2 379.123 39.4635 -85.0463 0.5
2 374.609 -3.22696 -98.4155 0.5
2 344.25 -42.7659 -95.1463 0.5
2 360.5 12.3021 81.6763 0.5
2 387.837 -71.4226 67.9414 0.5
2 363.036 11.5507 -85.0764 0.5
2 365.226 -12.6895 -96.9472 0.5
2 377.374 -115.99 5.98069 0.5
2 337.607 14.2794 -11.5789 0.5
2 356.845 -109.58 81.5653 0.5
2 388.418 64.7234 -78.6463 0.5
2 386.926 -76.0108 64.5378 0.5
2 387.614 -81.7385 -55.3181 0.5
2 370.623 38.7672 -74.5681 0.5
2 336.807 -164.227 -62.8341 0.5
2 337.022 -168.655 56.3756 0.5
2 350.427 -0.470009 78.1634 0.5
2 378.213 85.1839 -4.46051 0.5
2 342.04 22.1429 -9.86394 0.5
2 347.632 -36.2488 94.9308 0.5
2 377.866 79.7156 31.1272 0.5
2 383.69 94.0465 -12.0086 0.5
2 376.668 -51.9094 93.8537 0.5
2 388.128 -96.9818 10.5744 0.5
2 336.071 -167.488 60.2922 0.5
2 354.934 -129.694 -66.5309 0.5
2 352.816 -66.971 99.6578 0.5
2 346.942 29.9548 -15.2222 0.5
2 351.066 -27.9352 -94.1145 0.5
2 364.891 -113.256 65.6123 0.5
2 349.224 28.9559 -34.4406 0.5
2 366.856 4.70912 -92.0409 0.5
2 387.13 78.8511 62.4243 0.5
2 380.105 36.638 -87.6843 0.5
2 385.777 95.0702 -25.5351 0.5
2 347.032 -41.3584 -96.183 0.5
2 386.706 85.2547 -52.2542 0.5
2 356.28 12.2589 76.0242 0.5
2 337.441 -101.932 98.6131 0.5
2 343.286 -145.923 -70.71 0.5
2 372.146 -117.951 37.4389 0.5
2 336.123 -52.064 -93.4658 0.5
2 385.322 -101.379 14.2716 0.5
2 354.065 -51.2502 -99.8599 0.5
2 334.877 2.83623 -37.72 0.5
2 373.15 70.5179 -34.106 0.5
2 365.649 62.7392 12.4895 0.5
2 379.473 -106.875 -33.1598 0.5
2 341.186 -110.218 -94.9528 0.5
2 357.26 -62.6225 99.3233 0.5
2 335.879 -1.39342 -49.9231 0.5
2 347.139 -66.9347 -99.9871 0.5
2 341.827 -177.143 10.8917 0.5
2 362.477 30.3199 69.0943 0.5
2 384.29 -21.326 -98.521 0.5
2 353.989 -99.624 90.3066 0.5
2 377.558 66.8872 56.1644 0.5
2 359.31 46.7832 33.4466 0.5
2 382.137 57.6317 -75.5177 0.5
2 351.817 38.1735 16.6252 0.5
2 384.247 25.1183 -95.5856 0.5
2 373.752 -115.175 37.426 0.5
2 356.474 -57.1518 -99.8856 0.5
2 350.49 -23.0703 91.7972 0.5
2 379.875 78.3894 43.1176 0.5
2 368.939 -130.467 7.90946 0.5
2 358.298 4.01906 -84.6559 0.5
2 382.979 -78.077 -69.7942 0.5
2 359.113 34.7071 56.505 0.5
2 347.265 25.1581 -35.524 0.5
2 335.584 -10.6112 62.6519 0.5
2 348.163 -71.5111 99.8873 0.5
2 360.21 -34.0038 -99.29 0.5
2 363.696 -138.532 16.2391 0.5
2 370.77 26.0032 -84.4146 0.5
2 351.724 -30.3303 -95.3099 0.5
2 361.356 -110.324 -74.7641 0.5
2 344.407 -15.9348 -81.9315 0.5
2 379.781 11.7011 97.1506 0.5
2 351.733 -159.328 15.7742 0.5
2 372.08 -91.3102 75.1522 0.5
2 375.585 53.0376 69.0789 0.5
2 335.003 -2.24007 -48.7409 0.5
2 387.086 -51.7412 85.176 0.5
2 379.838 52.3866 -76.5961 0.5
2 374.395 -70.3603 -87.1545 0.5
2 338.012 -3.34176 58.6358 0.5
2 380.647 -17.3697 99.7638 0.5
2 385.35 12.1968 98.9357 0.5
2 358.516 -148.803 2.43574 0.5
2 385.215 -7.52924 -99.8779 0.5
2 371.597 73.524 7.74813 0.5
2 356.7 -90.9 -92.1147 0.5
2 337.573 12.8583 20.0748 0.5
2 373.74 -118.921 26.3774 0.5
2 347.77 -45.3443 -97.5273 0.5
2 369.258 37.6374 73.4463 0.5
2 371.68 70.0798 27.6166 0.5
2 366.718 -69.3187 93.7895 0.5
2 342.035 -48.7436 95.8128 0.5
2 385.066 -33.571 95.163 0.5
2 373.23 76.4873 5.7529 0.5
2 373.866 -66.1379 89.8524 0.5
2 362.484 -103.208 -79.0489 0.5
2 352.928 -158.254 -7.16167 0.5
2 335.333 -188.231 -12.2741 0.5
2 368.967 30.5209 -79.0456 0.5
2 363.638 45.4174 -52.0637 0.5
2 346.24 -169.969 -5.02653 0.5
2 381.933 80.4338 -46.1635 0.5
2 335.203 -90.6056 99.9903 0.5
2 355.429 -80.1429 -96.5705 0.5
2 358.605 -96.0154 88.0859 0.5
2 338.424 -25.0523 -81.0458 0.5
2 352.502 40.3394 9.06108 0.5
2 370.437 -118.469 42.9976 0.5
2 361.05 -111.69 -74.0134 0.5
2 388.792 -60.2416 76.9636 0.5
2 382.224 88.4221 -27.3378 0.5
2 373.305 42.8406 -75.0754 0.5
2 386.027 54.873 -82.8123 0.5
2 360.607 -9.50239 93.4071 0.5
2 365.358 39.4231 -64.5156 0.5
2 363.208 48.2566 45.6709 0.5
2 364.937 21.9709 -80.2381 0.5
2 353.6 -91.083 94.1376 0.5
2 342.654 -25.3023 86.0148 0.5
2 350.758 16.3721 61.7701 0.5
2 351.213 -128.992 -73.7725 0.5
2 351.232 -80.8293 -98.1038 0.5
2 342.994 22.9103 -16.5137 0.5
2 352.379 -8.07286 -85.7852 0.5
2 361.575 -85.265 90.8761 0.5
2 380.561 82.5091 -36.3507 0.5
2 377.895 -95.3706 59.8611 0.5
2 361.702 -127.26 -54.3412 0.5
2 360.622 -143.9 -15.9843 0.5
2 336.543 -182.349 -29.7915 0.5
2 348.551 25.5186 40.0922 0.5
2 363.029 -93.0656 -85.386 0.5
2 336.177 -49.0358 92.296 0.5
2 335.275 -30.6023 -81.1148 0.5
2 345.802 -47.7119 -97.2854 0.5
2 355.121 9.14998 76.951 0.5
2 362.669 24.7016 -74.8251 0.5
2 352.393 -53.8466 99.8436 0.5
2 370.177 -1.69118 -96.3017 0.5
2 353.433 -107.97 -86.4093 0.5
2 377.897 -81.0247 -75.3357 0.5
2 353.854 40.1781 23.965 0.5
2 357.223 -96.437 89.1178 0.5
2 341.287 -155.182 64.3943 0.5
2 384.442 77.2491 58.3986 0.5
2 351.25 -13.6465 -87.8517 0.5
2 368.488 -124.799 36.1452 0.5
2 364.418 49.3236 -47.6197 0.5
2 379.684 69.7333 57.3775 0.5
2 355.396 8.08279 78.2072 0.5
2 373.003 -42.4042 98.2429 0.5
2 346.624 -48.4486 97.774 0.5
2 358.583 13.3976 78.3706 0.5
2 338.71 -49.2191 -94.0719 0.5
2 337.285 -120.176 93.834 0.5
2 359.75 -139.593 -37.0111 0.5
2 341.139 -6.9616 -69.4296 0.5
2 359.802 -65.724 98.1552 0.5
2 382.859 -75.8457 -72.2124 0.5
2 386.994 98.3001 20.8306 0.5
2 337.091 1.3078 -48.8635 0.5
2 338.375 -181.943 -18.7554 0.5
2 355.047 28.7076 54.9517 0.5
2 353.099 -83.4465 96.7644 0.5
2 371.254 -124.257 -22.273 0.5
2 357.909 -55.5789 -99.8377 0.5
2 343.237 -23.8774 -85.768 0.5
2 375.955 -94.8582 -64.7205 0.5
2 336.843 -39.1551 -88.1515 0.5
2 334.417 -183.503 -36.9318 0.5
2 358.029 30.9029 59.2204 0.5
2 372.265 -123.999 14.2414 0.5
2 362.688 -94.9813 84.5644 0.5
2 353.85 -133.155 64.7094 0.5
2 336.277 2.6978 -43.4885 0.5
2 347.724 -143.022 -65.5754 0.5
2 382.038 -25.9069 -98.4002 0.5
2 387.605 -49.7804 -85.8196 0.5
2 377.865 64.2561 60.562 0.5
2 372.041 42.3438 73.5512 0.5
2 368.814 23.096 -84.1075 0.5
2 378.888 -108.135 32.4517 0.5
2 380.954 -92.5868 56.3395 0.5
2 349.861 -49.9338 -99.0308 0.5
2 381.589 90.5591 -10.6739 0.5
2 334.119 -164.952 67.4108 0.5
2 376.729 15.4024 -94.5061 0.5
2 356.012 -83.9638 -95.1406 0.5
2 364.354 -115.048 64.6076 0.5
2 380.62 87.5181 19.5764 0.5
2 354.033 -64.3586 -99.6983 0.5
2 368.215 -105.298 68.0609 0.5
2 384.21 59.0937 -77.315 0.5
2 377.802 -113.601 19.0277 0.5
2 348.996 -90.7652 96.7088 0.5
2 360.507 -28.2584 98.5228 0.5
2 335.312 -20.9852 73.2866 0.5
2 350.563 -31.3383 94.9852 0.5
2 338.798 -142.888 80.0729 0.5
2 373.203 32.7277 82.7672 0.5
2 376.246 69.2657 48.6142 0.5
2 379.84 86.7875 16.155 0.5
2 358.245 -14.2363 -93.6503 0.5
2 345.151 -44.097 -96.0337 0.5
2 353.859 -30.5881 -96.4766 0.5
2 357.225 -75.1566 -97.0556 0.5
2 363.734 37.3103 63.6776 0.5
2 345.513 -15.5564 82.9854 0.5
2 343.852 -30.4621 89.9129 0.5
2 376.368 -109.056 41.1418 0.5
2 351.2 -3.2274 -81.2635 0.5
2 358.284 -149.233 -0.353686 0.5
2 379.265 -108.274 30.0457 0.5
2 350.43 36.7899 -8.61803 0.5
2 374.335 35.0694 82.5073 0.5
2 335.146 -32.1129 82.0271 0.5
2 353.371 10.349 73.2356 0.5
2 376.233 73.0803 -40.9595 0.5
2 339.585 -110.484 -95.7444 0.5
2 374.645 37.5482 -81.1437 0.5
2 370.773 66.3917 -34.1345 0.5
2 349.793 32.8964 -24.9503 0.5
2 342.116 -9.67435 73.7232 0.5
2 355.38 -56.1784 99.9817 0.5
2 378.181 82.5554 22.963 0.5
2 340.808 -67.0693 99.2239 0.5
2 387.549 32.5917 95.0288 0.5
2 355.432 -150.151 -28.0763 0.5
2 378.863 -0.655546 -99.1599 0.5
2 369.59 62.0904 39.7902 0.5
2 381.326 -7.72322 -99.9872 0.5
2 387.586 44.6723 -90.2098 0.5
2 375.606 50.617 -71.5627 0.5
2 344.952 -31.4248 -91.253 0.5
2 346.013 -87.3218 98.573 0.5
2 349.977 -125.073 -78.8916 0.5
2 333.471 -166.615 -66.8137 0.5
2 373.827 -104.466 -57.0164 0.5
2 334.416 -159.594 72.3624 0.5
2 380.649 -12.0538 99.9879 0.5
2 381.258 12.6616 -97.5267 0.5
2 356.542 -126.872 66.5707 0.5
2 378.579 56.3113 -71.0256 0.5
2 374.092 37.8577 80.215 0.5
2 364.487 47.3624 -51.2763 0.5
2 358.702 -134.505 -51.0378 0.5
2 367.692 -4.1831 -95.7763 0.5
2 357.862 16.1666 75.0102 0.5
3 408.39 -170.925 -61.9819 0.5
3 436.74 -70.8872 -97.6475 0.5
3 341.455 -174.498 -57.168 0.5
3 347.575 -164.768 69.0663 0.5
3 362.058 6.08487 -17.0547 0.5
3 437.777 -139.987 -87.9784 0.5
3 428.316 -153.723 -79.0295 0.5
3 410.875 -14.5467 62.6982 0.5
3 425.999 -157.832 75.6651 0.5
3 358.163 -41.2357 85.89 0.5
3 428.66 -68.3884 97.062 0.5
3 372.544 -33.1795 80.5419 0.5
3 337.228 -129.108 93.0387 0.5
3 444.129 -164.128 69.7304 0.5
3 374.827 -182.727 43.0128 0.5
3 426.166 7.35369 6.26144 0.5
3 431.131 5.53249 19.9853 0.5
3 342.308 -63.0022 -95.5658 0.5
3 394.14 6.17827 -16.5059 0.5
3 352.877 -192.008 -9.39282 0.5
3 399.366 -172.88 59.4225 0.5
3 420.631 3.18978 -29.2064 0.5
3 370.936 -25.1981 74.0079 0.5
3 394.52 -70.2161 -97.4969 0.5
3 403.913 -30.4062 -78.4255 0.5
3 404.964 -145.34 84.8686 0.5
3 341.859 -108.242 -98.7452 0.5
3 429.566 -185.535 -36.5405 0.5
3 437.442 -191.172 -15.9376 0.5
3 397.259 -108.849 98.6462 0.5
3 338.846 -46.073 88.5955 0.5
3 416.76 -159.802 -73.9173 0.5
3 432.777 6.08505 17.0536 0.5
3 393.826 -181.005 46.4547 0.5
3 428.889 -0.354331 38.9663 0.5
3 404.928 6.73422 -12.7465 0.5
3 391.398 -6.06739 50.3789 0.5
3 412.474 -165.108 68.7086 0.5
3 364.269 5.73053 -18.9886 0.5
3 439.537 -83.9845 -99.641 0.5
3 355.218 -44.8269 -87.932 0.5
3 333.871 -192.018 9.28758 0.5
3 387.465 7.48098 3.71235 0.5
3 438.267 -24.6376 -73.4947 0.5
3 362.548 1.26332 34.897 0.5
3 365.477 3.00634 -29.8005 0.5
3 395.449 -118.995 -96.4126 0.5
3 356.865 -49.734 90.4176 0.5
3 404.341 -192.395 3.30927 0.5
3 420.934 -187.342 31.552 0.5
3 382.321 -154.915 78.0905 0.5
3 405.515 -176.089 54.8141 0.5
3 356.996 -85.3025 99.7442 0.5
3 362.239 -6.42995 -50.9954 0.5
3 441.799 -186.406 -34.2374 0.5
3 439.369 -185.278 37.1884 0.5
3 437.857 7.53563 1.69003 0.5
3 427.754 -186.727 33.3459 0.5
3 390.619 -192.408 2.89266 0.5
3 356.812 6.81889 12.0694 0.5
3 431.223 -25.6225 74.3913 0.5
3 424.581 -180.757 -46.9241 0.5
3 369.728 -107.607 -98.8447 0.5
3 400.491 -137.518 89.2685 0.5
3 392.831 -140.746 -87.5643 0.5
3 352.365 -157.95 -75.5626 0.5
3 395.309 -37.3684 -83.4626 0.5
3 402.312 -183.171 -42.0674 0.5
3 373.938 -105.77 99.1089 0.5
3 429.451 -88.3776 99.917 0.5
3 335.338 -140.733 87.5715 0.5
3 359.277 -150.212 81.6306 0.5
3 344.357 -168.977 -64.3715 0.5
3 425.516 -190.142 21.3592 0.5
3 368.559 -22.2134 71.1815 0.5
3 443.485 2.71219 30.7269 0.5
3 349.69 -186.645 33.5758 0.5
3 384.366 -83.0483 99.557 0.5
3 418.766 -15.5144 63.882 0.5
3 393.471 7.51382 2.68638 0.5
3 364.874 6.02962 -17.3708 0.5
3 399.485 -8.72606 54.6835 0.5
3 424.745 7.54832 -0.56349 0.5
3 434.713 -102.821 99.4607 0.5
3 372.007 5.63816 -19.4601 0.5
3 383.794 -192.336 -4.7762 0.5
3 337.47 -167.651 -65.9149 0.5
3 337.116 -82.2896 99.4825 0.5
3 393.356 -173.198 58.9899 0.5
3 335.746 -168.816 64.5624 0.5
3 391.07 -25.0998 73.9185 0.5
3 374.754 -70.3875 -97.5359 0.5
3 441.683 -180.374 -47.6376 0.5
3 444.172 -165.427 -68.3694 0.5
3 387.586 -167.683 -65.8792 0.5
3 390.842 -185.876 -35.66 0.5
3 399.609 -7.02805 -51.9911 0.5
3 342.216 -168.018 65.4939 0.5
3 416.803 -178.82 50.4015 0.5
3 381.377 -73.7053 98.2275 0.5
3 424.11 -5.87907 50.0545 0.5
3 412.603 -35.0585 -81.8914 0.5
3 370.039 -104.529 -99.2679 0.5
3 397.116 -44.6592 87.8409 0.5
3 349.325 -136.652 -89.7004 0.5
3 352.936 -111.694 -98.1308 0.5
3 409.165 -46.804 -88.9744 0.5
3 334.021 -191.001 16.9614 0.5
3 377.699 -130.488 92.4833 0.5
3 443.093 -13.6101 61.5162 0.5
3 423.509 -45.9684 -88.5407 0.5
3 371.228 0.426926 -37.0656 0.5
3 379.677 1.96931 -32.939 0.5
3 374.332 3.96827 26.5236 0.5
3 442.368 -20.5618 69.5131 0.5
3 428.455 -8.85071 54.8739 0.5
3 413.271 -158.179 -75.3642 0.5
3 420.154 -167.289 -66.3263 0.5
3 385.863 -41.2575 85.903 0.5
3 346.378 -63.3305 -95.6664 0.5
3 415.18 7.44919 -4.48712 0.5
3 394.966 4.38854 24.9455 0.5
3 414.115 -190.246 20.8815 0.5
3 424.567 -13.2391 -61.0378 0.5
3 417.314 -192.089 -8.49084 0.5
3 366.425 -170.663 62.3112 0.5
3 380.32 -179.247 49.6621 0.5
3 423.994 -71.8914 97.8639 0.5
3 391.635 -165.489 -68.3033 0.5
3 431.763 -103.409 -99.3977 0.5
3 371.42 -116.402 -97.0891 0.5
3 397.061 -0.272011 -38.7711 0.5
3 430.332 -139.263 -88.366 0.5
3 392.829 -88.512 -99.9224 0.5
3 435.349 -5.56975 49.5157 0.5
3 410.063 -10.5118 57.3246 0.5
3 337.802 -108.287 -98.738 0.5
3 395.754 2.54186 31.2495 0.5
3 385.354 7.46805 -4.04543 0.5
3 344.675 -33.9826 81.1268 0.5
3 401.581 -66.8621 -96.6709 0.5
3 393.713 7.46884 4.02594 0.5
3 386.312 -161.907 -71.9426 0.5
3 436.865 -144.584 85.3347 0.5
3 361.971 -135.903 -90.0656 0.5
3 351.574 2.81528 30.4057 0.5
3 434.943 -192.322 -5.06013 0.5
3 366.948 -184.77 38.4332 0.5
3 413.327 -34.8477 81.7433 0.5
3 434.673 -27.0652 -75.6625 0.5
3 435.272 5.1304 -21.8643 0.5
3 403.744 -191.159 16.0148 0.5
3 418.451 6.78014 12.3839 0.5
3 358.547 -175.307 55.9894 0.5
3 364.651 4.8064 23.2632 0.5
3 362.668 -40.3137 85.3334 0.5
3 397.679 -190.594 -19.1761 0.5
3 396.462 -175.911 -55.0845 0.5
3 418.668 -157.205 76.2026 0.5
3 435.31 -148.296 82.9534 0.5
3 334.485 -190.828 17.9394 0.5
3 426.341 -187.6 -30.7645 0.5
3 333.749 -5.78602 49.8933 0.5
3 431.828 -190.952 -17.2471 0.5
3 351.436 6.11445 -16.8829 0.5
3 380.292 7.29046 7.19876 0.5
3 346.364 -32.2714 79.8657 0.5
3 396.514 6.67409 -13.2059 0.5
3 443.226 -18.3679 -67.1701 0.5
3 395.166 -25.2163 74.0244 0.5
3 425.36 -121.067 -95.8178 0.5
3 340.291 -192.275 -5.90749 0.5
3 407.452 -16.2742 64.7861 0.5
3 388.26 -171.641 -61.064 0.5
3 379.714 3.78509 -27.1807 0.5
3 405.233 -41.6045 86.1088 0.5
3 378.135 -153.815 78.958 0.5
3 376.381 -3.93987 -46.5397 0.5
3 443.298 -143.348 -86.0778 0.5
3 386.802 -133.301 -91.2756 0.5
3 379.705 -121.027 95.8299 0.5
3 353.033 -26.2019 74.9078 0.5
3 419.868 -192.349 4.48617 0.5
3 401.375 -55.8641 93.067 0.5
3 418.131 -189.113 -25.6164 0.5
3 382.446 -92.5245 100 0.5
3 430.346 -41.0004 -85.7492 0.5
3 400.877 0.72764 36.303 0.5
3 347.389 -17.6473 66.3668 0.5
3 391.155 -4.03102 -46.7126 0.5
3 362.967 -102.202 99.5233 0.5
3 367.078 -178.41 -51.0971 0.5
3 439.651 -41.027 -85.7652 0.5
3 429.789 -152.954 79.6199 0.5
3 352.613 -140.871 -87.4951 0.5
3 397.932 -109.863 -98.4723 0.5
3 377.824 -68.4604 -97.0798 0.5
3 343.553 -165.436 68.36 0.5
3 426.345 -66.6721 96.6204 0.5
3 435.025 -171.16 -61.6823 0.5
3 386.795 -182.922 -42.6008 0.5
3 403.723 -3.7473 46.1716 0.5
3 418.066 -132.204 -91.7586 0.5
3 386.764 -171.944 60.6695 0.5
3 346.061 -182.515 -43.4555 0.5
3 399.052 -56.4476 -93.2943 0.5
3 344.553 -168.133 65.3616 0.5
3 393.822 7.16156 -8.80447 0.5
3 435.64 -69.4389 -97.3164 0.5
3 353.065 -12.2751 -59.766 0.5
3 442.556 -16.6184 -65.1886 0.5
3 402.552 -150.905 -81.1356 0.5
3 346.414 -36.606 -82.9544 0.5
3 428.953 -51.527 -91.2431 0.5
3 438.862 -153.462 79.2307 0.5
3 334.055 -189.647 23.5106 0.5
3 385.636 -108.769 98.6595 0.5
3 425.491 -170.894 62.0207 0.5
3 377.716 -141.04 87.4017 0.5
3 442.107 -180.81 46.8244 0.5
3 400.928 -172.919 -59.3699 0.5
3 436.575 -39.6923 84.9507 0.5
3 366.902 2.85914 -30.268 0.5
3 386.913 -187.18 -32.0357 0.5
3 404.824 1.03985 -35.4913 0.5
3 414.101 -67.0484 96.72 0.5
3 391.149 6.77442 -12.4296 0.5
3 370.205 -157.297 76.1239 0.5
3 421.773 -106.498 99.0084 0.5
3 361.156 -176.915 53.5326 0.5
3 410.606 2.90224 30.1319 0.5
3 349.847 -170.071 63.0473 0.5
3 388.911 6.38531 -15.2172 0.5
3 396.245 7.30293 7.02384 0.5
3 425.913 4.35213 -25.0865 0.5
3 376.582 7.34181 6.448 0.5
3 347.183 -5.29734 49.0347 0.5
3 438.292 -97.8205 99.8557 0.5
3 383.806 -33.8763 -81.05 0.5
3 360.241 -69.7428 97.3878 0.5
3 423.926 -191.86 -10.8453 0.5
3 374.548 -192.365 -4.13054 0.5
3 369.997 6.99121 -10.5559 0.5
3 386.596 -14.0992 62.1381 0.5
3 366.236 -172.138 60.4139 0.5
3 356.821 -94.3624 99.9817 0.5
3 364.895 -170.659 62.3163 0.5
3 338.269 -14.3966 -62.5112 0.5
3 350.551 -167.623 -65.9477 0.5
3 428.856 -150.37 -81.5187 0.5
3 419.553 -77.5877 -98.8894 0.5
3 425.014 -187.897 29.8322 0.5
3 385.275 -68.0226 96.9706 0.5
3 352.161 -150.002 81.7789 0.5
3 412.508 -30.6919 -78.6507 0.5
3 395.941 -151.379 -80.7924 0.5
3 344.013 -160.188 73.5638 0.5
3 386.388 -179.219 49.7101 0.5
3 335.891 -42.5025 86.6328 0.5
3 412.54 5.20464 -21.5303 0.5
3 335.77 -132.895 -91.4561 0.5
3 419.272 -174.651 -56.9474 0.5
3 396.827 -156.088 -77.1377 0.5
3 355.215 -132.262 91.7334 0.5
3 412.965 -27.6896 -76.1976 0.5
3 418.321 6.40249 15.1052 0.5
3 434.069 -178.091 51.6303 0.5
3 423.077 -177.96 51.8467 0.5
3 398.337 7.51007 2.82235 0.5
3 356.625 -188.628 27.3826 0.5
3 422.77 -168.381 -65.0726 0.5
3 381.196 -25.8026 74.5527 0.5
3 422.958 -93.436 99.9951 0.5
3 398.408 -13.5487 -61.4375 0.5
3 374.661 -170.764 -62.1852 0.5
3 366.393 -17.386 66.071 0.5
3 416.424 -31.7544 -79.4735 0.5
3 347.219 0.439172 37.0349 0.5
3 425.672 -191.972 9.76379 0.5
3 352.853 -190.433 19.9838 0.5
3 376.866 -186.3 34.5285 0.5
3 397.925 -189.72 -23.207 0.5
3 336.057 -120.297 96.0446 0.5
3 373.682 -143.394 -86.0506 0.5
3 350.93 -93.7554 -99.9915 0.5
3 438.846 -2.96603 44.6386 0.5
3 380.547 -185.753 35.9792 0.5
3 420.168 -188.973 -26.1423 0.5
3 340.392 -183.16 42.0927 0.5
3 396.742 -189.441 -24.3484 0.5
3 386.561 -20.1408 69.0751 0.5
3 383.521 -0.387176 -39.0438 0.5
3 427.344 5.82285 18.5048 0.5
3 404.034 -180.963 46.5343 0.5
3 424.198 5.49022 20.1915 0.5
3 371.286 -34.1716 81.2626 0.5
3 345.846 -187.036 32.4575 0.5
3 379.305 -24.2731 -73.1566 0.5
3 375.951 -144.167 85.588 0.5
3 394.943 -62.1553 95.3007 0.5
3 438.137 -112.972 -97.8716 0.5
3 442.896 -120.856 -95.8807 0.5
3 400.977 -181.331 45.8271 0.5
3 429.237 -174.773 56.7716 0.5
3 349.176 -161.087 -72.7253 0.5
3 434.822 -39.0461 -84.5459 0.5
3 374.727 -8.8681 -54.9004 0.5
3 444.144 -74.6592 98.4047 0.5
3 357.684 -58.0245 -93.8876 0.5
3 377.132 -127.876 -93.5148 0.5
3 395.365 7.07533 -9.73093 0.5
3 399.128 2.58644 31.1136 0.5
3 357.95 -31.6778 -79.4149 0.5
3 384.163 -23.4461 72.3771 0.5
3 366.976 -188.818 26.7068 0.5
3 365.197 -14.5996 62.7638 0.5
3 348.186 6.18941 -16.4392 0.5
4 482.825 -59.1704 -6.96534 0.5
4 490.777 -267.366 -32.2244 0.5
4 491.471 -75.7434 19.104 0.5
4 497.232 -281.42 -22.0473 0.5
4 448.444 -179.039 60.4479 0.5
4 475.784 -106.96 -91.7506 0.5
4 449.924 -4.95174 -24.351 0.5
4 446.646 -133.395 92.8504 0.5
4 455.871 -77.8729 -93.9086 0.5
4 448.287 -101.181 99.9785 0.5
4 464.281 -50.5788 -64.7234 0.5
4 461.441 -99.8811 97.5484 0.5
4 496.32 -282.157 5.36402 0.5
4 452.827 -92.406 -98.934 0.5
4 494.518 -92.1097 49.1811 0.5
4 478.81 -248.404 -26.4756 0.5
4 491.405 -114.608 -80.6086 0.5
4 478.581 -245.657 33.8937 0.5
4 460.742 -20.8115 5.1675 0.5
4 446.414 -26.5999 -72.1309 0.5
4 490.352 -107.975 76.8458 0.5
4 462.776 -198.393 -67.0499 0.5
4 476.993 -241.8 36.8212 0.5
4 484.035 -233.492 -68.9069 0.5
4 452.854 -142.423 93.522 0.5
4 497.158 -252.632 -72.4952 0.5
4 479.493 -53.3928 -6.87353 0.5
4 485.343 -131.506 -94.8152 0.5
4 473.084 -158.927 -98.5665 0.5
4 476.551 -66.8208 -58.3119 0.5
4 493.938 -276.345 19.0451 0.5
4 481.861 -255.038 20.9495 0.5
4 460.102 -132.406 -99.1727 0.5
4 464.93 -88.9001 -92.0677 0.5
4 490.259 -110.795 79.2342 0.5
4 498.901 -89.9855 25.1472 0.5
4 473.24 -58.1957 -54.0581 0.5
4 478.968 -219.858 73.6802 0.5
4 484.148 -62.2181 -14.108 0.5
4 490.132 -204.525 94.4188 0.5
4 461.393 -63.0575 -80.9231 0.5
4 455.094 -188.894 -62.579 0.5
4 491.148 -77.0856 -27.1027 0.5
4 462.179 -52.8994 71.1501 0.5
4 482.343 -147.571 -99.445 0.5
4 474.871 -169.704 -96.9385 0.5
4 497.718 -272.875 -47.2152 0.5
4 484.233 -102.797 81.0542 0.5
4 458.053 -66.8791 -87.0925 0.5
4 478.51 -250.969 -9.83888 0.5
4 478.413 -82.1176 -72.2208 0.5
4 496.503 -135.364 88.1312 0.5
4 461.923 -30.2405 38.0392 0.5
4 484.871 -62.8499 -8.70555 0.5
4 480.211 -229.007 -66.5858 0.5
4 455.42 -190.536 61.2129 0.5
4 452.394 -61.7247 89.5556 0.5
4 451.002 -137.338 94.2111 0.5
4 446.735 -70.69 96.6339 0.5
4 476.527 -230.03 -57.22 0.5
4 482.23 -83.2651 -66.5587 0.5
4 475.984 -235.322 47.0434 0.5
4 496.827 -273.24 -43.4634 0.5
4 465.086 -69.7146 81.1121 0.5
4 473.653 -242.324 11.9566 0.5
4 483.376 -184.673 -96.8782 0.5
4 445.542 -98.7255 -99.9043 0.5
4 446.447 -53.4364 -90.5279 0.5
4 464.413 -181.34 83.9714 0.5
4 474.97 -100.756 -89.5205 0.5
4 456.867 -63.6216 -86.4022 0.5
4 455.435 -162.757 -85.856 0.5
4 496.755 -120.201 -77.7773 0.5
4 490.19 -116.71 -83.5338 0.5
4 466.924 -37.7986 -35.2348 0.5
4 466.225 -190.559 -79.7109 0.5
4 486.093 -115.464 -87.1027 0.5
4 462.823 -38.4959 -51.3872 0.5
4 490.851 -114.294 81.0781 0.5
4 487.144 -137.665 -95.7802 0.5
4 497.891 -94.8341 -43.1995 0.5
4 446.407 -83.3621 99.2173 0.5
4 466.885 -228.337 24.2314 0.5
4 496.796 -148.568 93.8393 0.5
4 478.954 -84.0049 73.1186 0.5
4 472.179 -46.6614 -34.5924 0.5
4 482.719 -174.241 98.7918 0.5
4 460.074 -217.736 -18.8131 0.5
4 482.493 -254.276 -28.2596 0.5
4 455.7 -95.1375 -98.5775 0.5
4 459.091 -68.7949 -87.1589 0.5
4 482.264 -243.569 -51.6749 0.5
4 493.919 -277.618 10.235 0.5
4 463.545 -132.069 -99.7862 0.5
4 455.172 -210.344 11.6971 0.5
4 472.63 -239.583 -18.2902 0.5
4 455.367 -32.4558 -61.4228 0.5
4 462.884 -64.9322 -80.4056 0.5
4 465.905 -43.4448 50.7307 0.5
4 488.635 -252.882 54.4266 0.5
4 484.211 -259.717 -17.8718 0.5
4 475.446 -95.961 -86.4956 0.5
4 448.242 -90.1291 -99.6033 0.5
4 494.514 -216.861 92.626 0.5
4 461.609 -36.7281 -51.9424 0.5
4 475.045 -227.288 57.4693 0.5
4 471.507 -237.686 18.0301 0.5
4 489.176 -74.2331 -29.025 0.5
4 487.867 -87.6951 -60.0456 0.5
4 475.059 -150.296 -99.8838 0.5
4 461.352 -214.481 -37.3943 0.5
4 445.374 -54.3994 91.799 0.5
4 483.378 -259.803 4.03635 0.5
4 451.283 -5.217 -13.5502 0.5
4 486.763 -65.8953 5.41396 0.5
4 457.062 -208.816 32.672 0.5
4 482.798 -113.04 -88.8743 0.5
4 481.219 -159.545 -99.9422 0.5
4 481.222 -255.923 6.74048 0.5
4 450.977 -8.236 -29.57 0.5
4 449.191 -193.566 -37.0183 0.5
4 465.691 -196.258 74.2286 0.5
4 462.914 -128.417 -99.9209 0.5
4 467.023 -34.1984 -22.8317 0.5
4 454.596 -117.715 99.7046 0.5
4 483.952 -78.5998 -56.8349 0.5
4 484.873 -124.791 92.6281 0.5
4 451.765 -71.5527 94.1944 0.5
4 458.638 -203.556 50.1392 0.5
4 475.802 -235.063 -46.9364 0.5
4 456.424 -212.912 7.58844 0.5
4 466.036 -34.1741 29.0945 0.5
4 459.805 -20.2566 15.4577 0.5
4 474.058 -79.5981 -76.7167 0.5
4 446.192 -162.702 74.032 0.5
4 466.506 -37.1535 35.442 0.5
4 450.104 -202.039 -6.53214 0.5
4 447.414 -197.114 9.78383 0.5
4 466.569 -54.9712 65.2253 0.5
4 494.358 -225.575 -88.4402 0.5
4 463.57 -224.814 12.3349 0.5
4 487.382 -73.9008 -36.9612 0.5
4 470.857 -42.3311 -28.451 0.5
4 449.12 -177.157 -64.2747 0.5
4 493.21 -130.649 88.654 0.5
4 463.76 -146.214 97.9161 0.5
4 455.6 -187.512 65.2956 0.5
4 494.816 -270.098 42.7505 0.5
4 470.678 -50.7065 -48.9823 0.5
4 498.774 -230.235 89.9537 0.5
4 473.232 -52.3413 43.6496 0.5
4 451.13 -95.4898 99.6347 0.5
4 445.993 -113.581 -98.2835 0.5
4 453.084 -104.179 99.9477 0.5
4 490.103 -171.224 -99.9995 0.5
4 482.13 -234.388 -64.2064 0.5
4 444.868 -7.74163 -51.9591 0.5
4 460.486 -178.738 -81.1016 0.5
4 475.992 -160.421 99.1077 0.5
4 485.815 -264.1 -1.09774 0.5
4 467.836 -33.9881 -14.2666 0.5
4 471.91 -239.267 12.269 0.5
4 470.457 -212.689 65.9353 0.5
4 469.052 -224.847 -44.0486 0.5
4 488.121 -90.5253 -63.1038 0.5
4 499.531 -92.7304 30.8178 0.5
4 464.623 -34.6858 37.4688 0.5
4 478.791 -118.09 -94.0966 0.5
4 476.484 -107.768 -91.5746 0.5
4 483.053 -78.3982 58.7472 0.5
4 459.79 -54.0824 -76.039 0.5
4 492.396 -85.6735 -43.9371 0.5
4 451.44 -183.319 -61.6285 0.5
4 487.569 -203.657 -93.0957 0.5
4 473.961 -43.8532 7.45383 0.5
4 489.153 -223.578 84.3648 0.5
4 496.517 -129.538 -84.7345 0.5
4 490.622 -259.503 -49.1797 0.5
4 465.864 -45.3456 53.9404 0.5
4 470.656 -173.545 -93.4123 0.5
4 452.141 -69.7548 -93.2849 0.5
4 485.309 -92.8237 -71.0142 0.5
4 495.173 -277.836 -22.1282 0.5
4 449.208 -5.82417 31.5992 0.5
4 454.518 -20.3185 44.4483 0.5
4 495.211 -274.757 33.0604 0.5
4 448.319 -21.204 -62.6319 0.5
4 490.865 -91.9599 -58.7904 0.5
4 456.765 -213.779 -1.5109 0.5
4 496.116 -268.347 -50.349 0.5
4 489.95 -261.683 -42.7234 0.5
4 449.141 -150.169 -86.8412 0.5
4 484.97 -168.878 -99.8054 0.5
4 462.363 -92.4195 -95.052 0.5
4 482.274 -168.383 -99.4566 0.5
4 462.762 -205.036 -58.8369 0.5
4 494.195 -151.753 96.3232 0.5
4 493.165 -142.894 94.0633 0.5
4 449.717 -195.744 -33.6671 0.5
4 491.119 -174.44 99.9934 0.5
4 471.297 -59.2768 -60.4207 0.5
4 463.025 -36.494 -47.2402 0.5
4 446.354 -184.631 45.8429 0.5
4 492.008 -272.893 -19.5994 0.5
4 498.696 -258.508 69.3028 0.5
4 473.763 -237.68 32.8547 0.5
4 472.849 -58.1544 -55.0337 0.5
4 447.818 -171.424 68.2042 0.5
4 495.483 -242.213 78.9603 0.5
4 495.997 -86.0927 -29.1787 0.5
4 445.218 -171.98 62.3403 0.5
4 446.08 -190.143 31.6487 0.5
4 471.377 -221.148 -57.1669 0.5
4 453.845 -120.502 -99.3051 0.5
4 483.185 -202.833 90.148 0.5
4 491.363 -80.7994 36.9695 0.5
4 490.165 -84.3797 48.8412 0.5
4 482.847 -227.587 -72.7394 0.5
4 499.3 -88.9694 -17.2969 0.5
4 470.159 -83.1824 84.2899 0.5
4 477.512 -135.15 98.9322 0.5
4 454.588 -38.097 -69.4778 0.5
4 477.728 -56.305 -34.6803 0.5
4 494.83 -117.87 78.5783 0.5
4 453.526 -164.273 82.7861 0.5
4 460.252 -135.338 -98.7902 0.5
4 458.95 -32.8367 -53.0991 0.5
4 459.287 -45.437 -68.6422 0.5
4 493.706 -187.941 -99.4817 0.5
4 463.868 -58.8404 -74.0078 0.5
4 459.746 -129.121 -99.4817 0.5
4 476.736 -97.5938 -86.1438 0.5
4 467.785 -231.513 16.461 0.5
4 448.151 -67.6229 94.9928 0.5
4 486.807 -234.002 73.1548 0.5
4 470.199 -92.846 89.6957 0.5
4 493.414 -155.505 -97.6032 0.5
4 448.96 -6.99535 36.0497 0.5
4 476.427 -183.266 93.5166 0.5
4 460.215 -127.046 99.7347 0.5
4 473.021 -241.889 -3.39436 0.5
4 447.639 -63.5815 93.8962 0.5
4 454.304 -126.168 98.6057 0.5
4 457.756 -26.1823 -44.9571 0.5
4 496.343 -151.853 95.2391 0.5
4 478.459 -146.423 -99.8778 0.5
4 467.661 -130.476 99.9761 0.5
4 496.577 -279.498 25.2774 0.5
4 490.915 -272.435 10.0326 0.5
4 484.528 -69.3163 -37.8498 0.5
4 460.643 -69.1883 -85.828 0.5
4 491.764 -77.2432 23.6316 0.5
4 474.059 -60.3398 55.1713 0.5
4 467.217 -223.065 41.0822 0.5
4 485.224 -200.249 -92.837 0.5
4 484.659 -73.666 -46.6781 0.5
4 493.45 -160.788 -98.6221 0.5
4 495.135 -81.2712 14.2642 0.5
4 477.596 -249.226 11.3362 0.5
4 492.375 -97.0091 -62.0008 0.5
4 451.781 -176.167 70.4099 0.5
4 493.628 -271.054 -35.688 0.5
4 497.107 -259.753 64.8879 0.5
4 490.715 -262.869 43.0156 0.5
4 457.746 -99.2089 -98.6658 0.5
4 482.562 -222.515 -76.8019 0.5
4 496.262 -281.79 9.06713 0.5
4 444.889 -0.50216 37.4639 0.5
4 481.242 -174.669 -98.2771 0.5
4 451.501 -134.768 95.364 0.5
4 497.752 -225.443 -91.3602 0.5
4 491.486 -270.833 24.6907 0.5
4 482.057 -187.559 -95.406 0.5
4 470.175 -162.473 96.7057 0.5
4 485.23 -63.1519 3.44631 0.5
4 462.297 -109.202 -98.9912 0.5
4 487.314 -151.499 98.8377 0.5
4 462.323 -23.4403 -2.21507 0.5
4 476.967 -56.2393 37.896 0.5
4 485.767 -223.066 80.7093 0.5
4 476.644 -152.48 -99.9093 0.5
4 461.179 -119.57 99.9826 0.5
4 450.821 -151.981 87.4589 0.5
4 482.208 -231.162 68.0188 0.5
4 470.942 -84.0583 -83.9812 0.5
4 456.983 -104.258 -99.5077 0.5
4 454.301 -201.794 38.548 0.5
4 467.5 -83.7177 -87.3591 0.5
4 495.393 -92.4246 -46.9912 0.5
4 490.807 -181.809 99.5891 0.5
4 464.789 -70.3746 81.9466 0.5
4 457.233 -50.7514 -76.9634 0.5
4 451.733 -99.803 -99.861 0.5
4 467.605 -33.7477 15.3349 0.5
4 470.24 -231.491 33.1035 0.5
4 488.47 -114.449 84.0023 0.5
4 462.715 -222.139 -19.6863 0.5
4 470.696 -152.05 98.9965 0.5
4 498.014 -263.925 -61.709 0.5
4 450.903 -38.6035 -75.9649 0.5
4 499.162 -284.782 21.9679 0.5
4 495.788 -135.882 89.0506 0.5
4 473.301 -49.4133 -36.7093 0.5
4 489.914 -265.648 32.8729 0.5
4 482.653 -215.38 -82.3369 0.5
4 486.405 -230.818 75.3978 0.5
4 477.719 -246.151 27.7642 0.5
4 479.086 -125.403 -96.2727 0.5
4 499.471 -284.906 -23.7152 0.5
4 453.971 -27.7012 58.2963 0.5
4 464.379 -225.874 -14.8163 0.5
4 455.794 -28.5911 -54.9993 0.5
4 444.565 -24.6148 -73.2799 0.5
4 474.686 -53.9458 41.7156 0.5
4 450.475 -201.515 -16.5555 0.5
5 554.073 -111.329 98.6608 0.5
5 547.455 -176.557 71.3401 0.5
5 504.308 -232.777 -85.6804 0.5
5 551.859 -20.3862 -61.9925 0.5
5 521.584 -54.9183 -26.6932 0.5
5 536.017 -153.951 -96.0991 0.5
5 551.234 -174.344 66.8084 0.5
5 531.369 -191.962 81.7309 0.5
5 548.94 -25.9163 -62.5872 0.5
5 514.643 -214.026 -86.187 0.5
5 529.48 -109.193 95.8763 0.5
5 530.267 -50.392 -51.2659 0.5
5 540.011 -23.5588 28.6263 0.5
5 529.553 -78.5301 -80.7718 0.5
5 535.712 -219.476 -37.6145 0.5
5 520.833 -58.342 33.4214 0.5
5 525.974 -43.7457 -3.40845 0.5
5 504.884 -185.233 -99.8741 0.5
5 533.516 -218.566 47.6022 0.5
5 546.212 -14.0169 -32.3677 0.5
5 546.694 -194.495 -49.8368 0.5
5 534.035 -229.485 6.91974 0.5
5 513.705 -157.97 99.757 0.5
5 509.986 -268.848 -22.3556 0.5
5 537.819 -153.924 -95.1536 0.5
5 522.777 -85.6699 77.2059 0.5
5 508.634 -77.6969 27.9212 0.5
5 526.989 -216.98 -66.0866 0.5
5 506.414 -211.566 94.0428 0.5
5 521.901 -197.67 88.3041 0.5
5 522.626 -227.776 -62.2151 0.5
5 552.215 -110.966 99.1866 0.5
5 506.679 -105.969 -70.2811 0.5
5 520.939 -150.558 -99.9829 0.5
5 555.151 -80.5643 99.2046 0.5
5 529.226 -38.7007 -11.345 0.5
5 541.814 -97.0762 -98.1445 0.5
5 547.281 -23.6349 -55.5558 0.5
5 523.92 -195.75 87.4479 0.5
5 538.557 -221.551 -8.25198 0.5
5 553.298 -104.282 -99.6858 0.5
5 553.899 -8.90904 50.3327 0.5
5 514.883 -66.5835 26.9028 0.5
5 541.986 -190.949 -66.1482 0.5
5 526.441 -242.452 -9.21747 0.5
5 519.53 -140.949 -99.0294 0.5
5 506.989 -214.387 -92.5735 0.5
5 543.393 -66.1671 -88.0796 0.5
5 535.822 -52.8826 67.5371 0.5
5 554.977 6.34982 6.29172 0.5
5 554.536 -32.1905 78.4394 0.5
5 522.138 -135.139 98.8394 0.5
5 532.194 -213.077 59.7824 0.5
5 501.198 -98.6253 47.5427 0.5
5 529.09 -188.373 86.5543 0.5
5 501.23 -285.86 11.6889 0.5
5 516.386 -146.317 -99.0185 0.5
5 512.909 -265.729 10.822 0.5
5 519.643 -235.195 -59.2686 0.5
5 506.625 -242.486 -75.7486 0.5
5 529.821 -227.534 42.5203 0.5
5 508.194 -240.007 75.5409 0.5
5 552.031 -52.5272 88.7778 0.5
5 510.342 -270.598 5.73257 0.5
5 513.361 -95.5014 -71.3834 0.5
5 543.489 -151.465 92.4515 0.5
5 526.516 -242.055 11.7641 0.5
5 548.866 -47.6256 82.5701 0.5
5 513.186 -133.815 94.7346 0.5
5 529.777 -53.8029 -55.3326 0.5
5 530.211 -235.56 -12.5238 0.5
5 542.732 -213.976 -11.6897 0.5
5 511.162 -142.464 96.3198 0.5
5 536.81 -217.25 -38.4016 0.5
5 548.817 -35.9781 73.1875 0.5
5 550.721 -99.8614 99.9954 0.5
5 530.639 -232.029 26.5085 0.5
5 515.958 -260.806 6.76277 0.5
5 530.723 -68.7376 74.4849 0.5
5 500.808 -87.3404 3.59956 0.5
5 510.2 -124.882 88.7264 0.5
5 538.824 -85.151 93.1873 0.5
5 551.228 -12.2874 48.1261 0.5
5 550.37 -201.286 -5.41368 0.5
5 549.21 -72.3022 -95.0282 0.5
5 536.788 -166.183 -91.1069 0.5
5 530.935 -94.0602 -91.1933 0.5
5 524.609 -63.0512 55.7771 0.5
5 501.39 -126.396 -80.0969 0.5
5 523.979 -129.616 98.4522 0.5
5 521.965 -148.51 -99.9775 0.5
5 527.058 -41.8541 -3.01869 0.5
5 500.442 -177.792 99.4868 0.5
5 542.983 -15.9748 -18.6161 0.5
5 512.977 -183.903 -98.4202 0.5
5 525.875 -243.305 10.5094 0.5
5 500.992 -163.041 -97.0979 0.5
5 550.917 -1.23329 -12.2142 0.5
5 554.351 -165.613 -70.3439 0.5
5 529.018 -66.0015 68.9665 0.5
5 539.181 -31.8661 45.7028 0.5
5 508.491 -141.871 94.7088 0.5
5 522.209 -248.963 15.7356 0.5
5 546.498 -169.157 -79.2256 0.5
5 524.399 -46.9578 10.4118 0.5
5 525.158 -201.01 -82.9104 0.5
5 535.911 -207.518 -58.5838 0.5
5 543.347 -112.646 99.9955 0.5
5 554.001 -182.794 -48.1362 0.5
5 536.748 -116.914 -99.6705 0.5
5 549.332 -196.833 35.1911 0.5
5 552.345 -1.61983 -26.624 0.5
5 539.429 -47.9058 -68.9007 0.5
5 516.684 -222.658 -77.7565 0.5
5 516.766 -252.766 36.4216 0.5
5 505.569 -276.629 21.7742 0.5
5 509.427 -223.167 86.1242 0.5
5 540.578 -211.856 -35.5577 0.5
5 510.908 -72.4426 22.9166 0.5
5 514.57 -261.517 -19.5125 0.5
5 523.127 -51.923 25.4955 0.5
5 554.57 3.36014 -22.1412 0.5
5 540.691 -203.821 51.6581 0.5
5 555.096 2.60752 -28.4992 0.5
5 501.799 -90.0866 29.7495 0.5
5 534.798 -108.202 97.9383 0.5
5 527.896 -46.7863 -35.2756 0.5
5 523.68 -243.24 29.4042 0.5
5 526.914 -58.4374 -54.84 0.5
5 547.715 -34.4413 69.8217 0.5
5 511.188 -70.2354 -13.6702 0.5
5 515.797 -102.772 81.0735 0.5
5 521.722 -239.925 45.842 0.5
5 511.372 -227.154 81.3355 0.5
5 507.049 -156.976 -98.0824 0.5
5 508.513 -94.5655 -60.838 0.5
5 535.162 -44.2401 -54.9748 0.5
5 516.733 -259.506 6.1125 0.5
5 512.746 -92.8459 -67.5322 0.5
5 535.203 -223.092 30.0098 0.5
5 546.053 -158.974 86.5647 0.5
5 511.193 -268.94 -8.35366 0.5
5 505.269 -96.5254 -55.7404 0.5
5 553.465 -190.823 -31.9732 0.5
5 544.941 -75.1974 93.4341 0.5
5 506.875 -88.8938 47.7302 0.5
5 500.002 -136.788 85.4878 0.5
5 535.759 -198.933 -69.1955 0.5
5 545.082 -33.9471 64.2324 0.5
5 522.18 -51.4591 -15.4554 0.5
5 513.635 -75.5384 44.5657 0.5
5 529.117 -237.012 15.6423 0.5
5 505.593 -85.2861 34.928 0.5
5 544.276 -73.1423 92.147 0.5
5 551.674 -1.32185 -20.6179 0.5
5 533.659 -60.0217 -71.0661 0.5
5 547.883 -8.4121 22.963 0.5
5 509.969 -209.848 -92.317 0.5
5 528.477 -174.724 -93.5353 0.5
5 510.275 -270.872 -1.13484 0.5
5 504.953 -146.879 -94.3217 0.5
5 541.491 -128.148 -99.3553 0.5
5 531.057 -35.3689 9.84954 0.5
5 529.261 -236.919 -14.6213 0.5
5 543.688 -82.0764 95.0969 0.5
5 552.979 -193.699 -25.1491 0.5
5 508.897 -257.879 -53.2972 0.5
5 552.494 -75.2973 -97.4459 0.5
5 505.865 -155.985 97.4285 0.5
5 533.3 -226.185 30.6493 0.5
5 548.07 -5.48234 3.65439 0.5
5 540.444 -148.149 -95.5421 0.5
5 508.839 -75.496 -20.5312 0.5
5 533.628 -214.878 -53.5571 0.5
5 550.66 -139.453 92.2821 0.5
5 546.219 -162.616 84.17 0.5
5 523.327 -205.146 -82.251 0.5
5 514.587 -238.837 65.6565 0.5
5 534.589 -71.4615 -81.9529 0.5
5 540.147 -123.442 99.9074 0.5
5 540.774 -135.93 -98.389 0.5
5 547.976 -142.798 92.8153 0.5
5 544.106 -146.354 94.0166 0.5
5 518.801 -60.8315 -30.363 0.5
5 541.776 -126.648 99.465 0.5
5 538.825 -55.8142 -75.4636 0.5
5 543.186 -200.163 50.5407 0.5
5 535.858 -187.269 79.469 0.5
5 523.383 -51.0525 23.8153 0.5
5 542.075 -107.712 -99.6724 0.5
5 521.012 -90.578 -78.6933 0.5
5 549.417 -28.8231 -66.9738 0.5
5 524.772 -58.7649 49.2998 0.5
5 521.757 -126.486 -96.951 0.5
5 520.959 -252.253 -4.90578 0.5
5 519.536 -253.529 16.1282 0.5
5 552.236 -138.439 91.5469 0.5
5 545.06 -22.1371 -46.5738 0.5
5 525.391 -48.8995 28.6893 0.5
5 503.432 -277.126 33.0102 0.5
5 515.862 -63.1541 -19.6682 0.5
5 548.741 -5.05821 -12.6643 0.5
5 537.507 -190.256 -74.6443 0.5
5 502.949 -229.132 -89.0159 0.5
5 544.894 -39.4911 -69.9894 0.5
5 502.179 -132.293 85.0431 0.5
5 534.446 -215.926 49.4581 0.5
5 550.33 -26.6649 -66.3286 0.5
5 518.389 -206.561 -86.7542 0.5
5 552.277 -17.4651 59.1053 0.5
5 554.262 -155.2 -79.6158 0.5
5 536.01 -43.521 -56.0987 0.5
5 502.602 -215.957 94.8128 0.5
5 500.487 -274.514 49.8592 0.5
5 547.353 -152.293 88.9797 0.5
5 503.195 -111.931 -70.2064 0.5
5 524.259 -119.157 96.1444 0.5
5 502.3 -174.131 99.4408 0.5
5 520.877 -178.772 -96.4912 0.5
5 510.611 -113.518 82.3183 0.5
5 518.48 -139.602 98.5331 0.5
5 503.264 -137.198 -88.8826 0.5
5 506.383 -77.7143 -4.35465 0.5
5 500.409 -114.224 -67.5424 0.5
5 534.954 -209.198 58.5537 0.5
5 514.717 -202.094 92.1199 0.5
5 520.745 -158.515 99.8333 0.5
5 532.097 -33.7018 -11.1186 0.5
5 507.483 -271.441 28.9222 0.5
5 545.697 -118.339 -99.6109 0.5
5 523.06 -207.442 -80.9524 0.5
5 521.012 -196.656 89.615 0.5
5 543.602 -89.7859 -97.2311 0.5
5 504 -81.755 -1.2696 0.5
5 508.01 -187.011 -99.2518 0.5
5 538.814 -221.434 -1.6011 0.5
5 518.04 -109.94 88.0042 0.5
5 549.713 -20.0898 56.5422 0.5
5 509.83 -102.345 -72.0904 0.5
5 503.09 -241.702 81.1897 0.5
5 505.056 -159.4 97.8723 0.5
5 517.253 -258.79 0.668294 0.5
5 514.32 -193.903 -95.3842 0.5
5 550.166 -31.7677 71.3976 0.5
5 518.286 -61.529 -29.7417 0.5
5 540.201 -30.9058 47.2376 0.5
5 508.884 -264.259 -41.5242 0.5
5 540.551 -52.6986 75.3535 0.5
5 502.773 -208.11 -97.0182 0.5
5 531.573 -164.713 95.1628 0.5
5 555.022 6.25908 -8.55907 0.5
5 544.444 -39.0867 68.7607 0.5
5 531.704 -75.9883 81.6227 0.5
5 500.474 -100.009 47.7817 0.5
5 519.813 -94.1787 -79.8653 0.5
5 536.982 -172.518 87.7827 0.5
5 510.816 -70.047 4.59613 0.5
5 530.858 -195.887 79.5014 0.5
5 543.475 -133.579 97.9376 0.5
5 553.784 -11.9329 54.8946 0.5
5 552.553 -196.716 -13.6431 0.5
5 554.605 -10.8799 55.453 0.5
5 520.695 -88.7421 76.7645 0.5
5 541.843 -215.57 -11.2083 0.5
5 544.079 -78.0127 93.9277 0.5
5 539.486 -187.165 74.3422 0.5
5 539.123 -185.128 76.6574 0.5
5 543.794 -61.9326 -86.0831 0.5
5 543.891 -47.904 76.207 0.5
5 549.254 -122.563 98.1399 0.5
5 539.047 -204.716 54.7626 0.5
5 549.818 -105.255 -99.9589 0.5
5 528.751 -122.459 -98.6431 0.5
5 525.396 -232.468 -47.9015 0.5
5 515.848 -61.5507 8.05077 0.5
5 504.379 -271.646 42.4241 0.5
5 547.775 -200.658 32.0275 0.5
5 509.804 -187.719 98.7077 0.5
5 537.329 -53.7323 -71.1311 0.5
5 533.77 -102.926 96.2135 0.5
5 523.281 -85.126 -77.4761 0.5
5 545.462 -199.725 44.0172 0.5
5 507.234 -111.277 76.1059 0.5
5 538.73 -202.116 -59.2957 0.5
5 521.979 -144.697 99.8253 0.5
5 518.184 -80.1232 63.7365 0.5
5 502.808 -108.335 -65.5988 0.5
5 502.228 -116.445 -72.976 0.5
5 508.772 -172.647 -99.9965 0.5
5 528.396 -239.491 0.189684 0.5
5 533.597 -30.9032 9.14591 0.5
5 520.195 -56.5321 -23.6478 0.5
5 545.251 -209.602 11.7814 0.5
5 524.081 -80.833 75.0096 0.5
5 500.022 -287.847 12.5444 0.5
5 506.669 -273.952 -24.9852 0.5
5 547.455 -64.3151 -90.6754 0.5
5 512.32 -250.909 54.9139 0.5
5 544.838 -30.8694 59.8063 0.5
5 519.523 -253.332 -17.4101 0.5
5 553.424 -177.559 -58.0627 0.5
5 509.423 -236.166 -76.9938 0.5
5 552.874 -65.1699 94.7673 0.5
5 543.207 -203.331 44.6227 0.5
5 517.345 -198.577 91.6756 0.5
5 538.597 -221.067 12.267 0.5
5 540.973 -27.1458 -42.4102 0.5
5 516.216 -133.446 -96.246 0.5
5 534.274 -229.302 1.30861 0.5
5 517.381 -131.875 -96.3712 0.5
5 530.233 -156.795 -97.8795 0.5
5 503.748 -112.922 72.1302 0.5
5 500.077 -129.854 -80.967 0.5
5 540.187 -156.129 92.8794 0.5
5 540.695 -100.931 -98.4994 0.5
5 518.024 -248.961 40.3362 0.5
5 550.731 -4.35527 26.404 0.5
5 544.16 -13.7891 -17.8286 0.5
5 533.657 -146.607 98.6747 0.5
5 549.866 -138.082 -93.3809 0.5
5 505.445 -272.039 -37.2691 0.5
5 509.334 -239.168 -74.5416 0.5
5 553.128 -135.012 -92.351 0.5
5 529.029 -211.784 -67.928 0.5
5 520.954 -52.4132 2.52134 0.5
5 534.318 -179.105 86.6772 0.5
5 554.673 -174.168 59.7473 0.5
5 527.755 -222.885 -56.8294 0.5
5 522.644 -249.44 1.69969 0.5
5 516.906 -106.827 -85.0696 0.5
6 575.034 -23.1217 72.0664 0.5
6 587.984 -186.699 33.4226 0.5
6 559.323 -106.171 99.0542 0.5
6 590.829 -16.5006 -65.0513 0.5
6 569.617 -22.3538 71.3198 0.5
6 595.917 -54.5554 92.5419 0.5
6 620.346 -100.885 99.6436 0.5
6 578.913 -1.8346 -42.2946 0.5
6 602.205 -178.168 -51.5021 0.5
6 639.205 -8.74492 54.7124 0.5
6 559.932 -151.31 80.8423 0.5
6 642.424 -191.213 15.6789 0.5
6 563.044 -190.165 21.2554 0.5
6 610.018 3.33004 -28.7431 0.5
6 566.25 -186.657 33.5405 0.5
6 664.456 -154.355 78.5353 0.5
6 578.379 -49.8831 90.4878 0.5
6 580.216 -130.633 -92.4234 0.5
6 652.71 -189.782 22.9446 0.5
6 586.345 -99.1427 -99.7758 0.5
6 560.607 5.24383 -21.3518 0.5
6 589.6 5.67981 -19.249 0.5
6 568.6 7.05274 -9.95928 0.5
6 585.468 -33.1134 80.4932 0.5
6 596.742 -78.2497 -98.9866 0.5
6 611.893 -2.29847 43.2745 0.5
6 555.664 -5.52508 49.4373 0.5
6 650.092 7.49587 3.28722 0.5
6 635.62 -187.419 -31.3182 0.5
6 590.767 -190.79 -18.1453 0.5
6 636.608 -175.55 55.6273 0.5
6 610.774 -115.013 -97.4214 0.5
6 605.467 -81.5605 99.4053 0.5
6 600.883 -67.7082 96.8909 0.5
6 598.24 -63.3713 95.6788 0.5
6 600.25 -188.591 27.5115 0.5
6 620.416 -56.1132 -93.1645 0.5
6 646.694 6.72457 12.8214 0.5
6 570.433 3.24652 -29.02 0.5
6 636.046 7.16597 -8.75447 0.5
6 645.875 6.77197 -12.4492 0.5
6 623.95 -174.671 56.9183 0.5
6 637.949 -39.2396 84.6678 0.5
6 662.706 -105.889 -99.0928 0.5
6 556.36 3.15604 29.3167 0.5
6 567.956 1.84709 -33.2873 0.5
6 619.399 -90.3226 -99.9774 0.5
6 616.325 -2.41249 43.5113 0.5
6 607.606 -132.672 -91.5544 0.5
6 586.871 -151.806 80.4791 0.5
6 607.836 -71.0787 97.6896 0.5
6 621.068 -156.872 -76.4843 0.5
6 646.97 -115.288 97.3572 0.5
6 661.212 -1.5943 41.7759 0.5
6 614.922 -189.395 -24.5273 0.5
6 647.284 2.24 -32.1526 0.5
6 606.61 -112.466 97.9764 0.5
6 649.593 -137.579 89.2376 0.5
6 572.466 -64.4687 96.0054 0.5
6 616.694 -57.8351 93.8179 0.5
6 613.044 6.12057 16.8471 0.5
6 664.049 5.36018 20.8123 0.5
6 636.452 -191.502 13.7408 0.5
6 586.688 -146.973 -83.8288 0.5
6 628.706 -190.82 17.9808 0.5
6 578.716 -1.06578 40.6067 0.5
6 650.129 -117.695 -96.7609 0.5
6 583.515 -76.7377 98.7579 0.5
6 662.269 -181.941 44.6253 0.5
6 644.363 -188.444 -28.0198 0.5
6 558.117 -13.5011 -61.3763 0.5
6 608.412 -26.2349 -74.937 0.5
6 571.367 7.54815 -0.592737 0.5
6 636.917 -190.156 -21.2974 0.5
6 659.397 -144.946 -85.1126 0.5
6 598.718 7.05168 -9.96984 0.5
6 635.329 7.54024 1.39093 0.5
6 623.049 -29.2015 -77.4572 0.5
6 627.768 -177.799 -52.111 0.5
6 590.918 -90.4791 -99.9806 0.5
6 662.97 -39.8135 -85.0258 0.5
6 638.788 -88.1958 99.9095 0.5
6 641.83 -40.3336 -85.3456 0.5
6 598.658 -145.398 84.8322 0.5
6 592.821 5.55675 -19.8661 0.5
6 590.421 -114.174 97.6119 0.5
6 616.954 -74.1563 98.3124 0.5
6 641.888 -112.172 -98.036 0.5
6 655.851 -0.872399 -40.1687 0.5
6 659.153 -24.9478 -73.7797 0.5
6 597.557 -186.333 -34.4378 0.5
6 659.19 -64.8729 -96.1223 0.5
6 567.325 -10.7714 57.6939 0.5
6 599.63 7.49634 -3.27281 0.5
6 618.205 -157.792 -75.7 0.5
6 562.894 -47.8531 -89.5048 0.5
6 599.323 -72.744 98.0391 0.5
6 588.813 -146.787 83.9495 0.5
6 596.163 6.51166 -14.3726 0.5
6 593.663 -128.015 -93.4618 0.5
6 655.719 -159.37 74.3081 0.5
6 645.016 -22.1353 -71.1044 0.5
6 597.818 -37.4253 83.5001 0.5
6 594.999 4.18172 -25.7351 0.5
6 586.286 0.103662 37.8656 0.5
6 565.81 -63.5165 -95.7228 0.5
6 589.171 -143.723 85.855 0.5
6 563.013 -151.768 80.5073 0.5
6 630.277 -64.3416 -95.9683 0.5
6 662.675 -177.833 -52.0546 0.5
6 626.413 -186.105 35.0545 0.5
6 587.332 1.43604 -34.4296 0.5
6 591.321 -0.708791 -39.7936 0.5
6 648.616 -89.1099 -99.9442 0.5
6 618.121 -9.9442 56.5047 0.5
6 602.002 -28.6088 76.9694 0.5
6 608.032 -62.8323 95.5133 0.5
6 640.359 -40.5606 85.4838 0.5
6 641.559 -177.083 -53.2668 0.5
6 605.063 7.30371 -7.01279 0.5
6 605.996 -77.4597 -98.8701 0.5
6 652.471 -82.5301 99.5068 0.5
6 624.663 -191.194 15.7993 0.5
6 651.533 7.06451 9.84098 0.5
6 618.639 -146.328 84.2447 0.5
6 658.633 -55.7081 93.0055 0.5
6 584.74 -167.351 -66.2564 0.5
6 659.265 -59.5016 -94.4161 0.5
6 643.701 -102.025 99.5406 0.5
6 584.002 -84.6112 99.6923 0.5
6 578.32 -139.308 -88.3421 0.5
6 636.159 -121.57 95.6663 0.5
6 633.83 -188.693 27.1536 0.5
6 556.341 -44.9164 -87.9804 0.5
6 653.278 -132.434 91.6585 0.5
6 653.298 7.23998 7.86703 0.5
6 637.403 -154.973 78.0441 0.5
6 589.099 -118.35 -96.5877 0.5
6 661.257 -187.448 31.2307 0.5
6 661.793 -67.1954 -96.7585 0.5
6 661.609 -139.776 -88.0922 0.5
6 589.104 -75.6032 98.5707 0.5
6 613.484 -135.446 90.2849 0.5
6 641.102 -31.4947 -79.2745 0.5
6 587.401 -136.179 -89.932 0.5
6 569.33 -43.0638 -86.954 0.5
6 620.847 -32.4457 79.9967 0.5
6 569.233 -77.0607 -98.8087 0.5
6 596.147 -35.3027 82.062 0.5
6 614.137 -190.923 -17.4079 0.5
6 584.748 -180.377 -47.633 0.5
6 628.14 4.0757 -26.1299 0.5
6 662.36 -185.573 36.443 0.5
6 564.913 -169.715 63.4827 0.5
6 638.928 -45.2966 -88.1847 0.5
6 631.199 -190.691 -18.6767 0.5
6 635.586 -152.038 80.3077 0.5
6 559.308 7.3511 6.30262 0.5
6 631.452 -191.377 -14.6118 0.5
6 565.991 7.3904 5.64596 0.5
6 643.107 -188.777 26.8534 0.5
6 624.106 -24.5364 73.4011 0.5
6 608.811 -36.6943 -83.0138 0.5
6 639.144 -3.54491 45.7807 0.5
6 602.869 -62.1301 -95.2927 0.5
6 642.703 -127.896 93.5071 0.5
6 659.919 -129.523 -92.8742 0.5
6 573.528 -84.0864 99.6496 0.5
6 660.599 -68.5785 -97.1089 0.5
6 664.263 -169.741 63.4512 0.5
6 648.309 -31.7746 -79.4889 0.5
6 629.37 -4.20913 47.0482 0.5
6 589.107 -30.0759 -78.163 0.5
6 577.516 -159.876 73.8498 0.5
6 603.695 -187.666 -30.5596 0.5
6 646.277 -15.008 -63.267 0.5
6 656.231 -120.011 -96.1268 0.5
6 633.525 -176.194 54.653 0.5
6 561.847 -101.435 -99.5955 0.5
6 626.813 -32.3963 -79.9597 0.5
6 564.56 -69.0823 97.2314 0.5
6 564.798 -182.872 -42.7073 0.5
6 611.666 -165.754 68.0189 0.5
6 561.759 5.92348 -17.9622 0.5
6 556.664 4.25158 25.4713 0.5
6 596.369 -45.6632 -88.3798 0.5
6 591.419 -107.394 98.8771 0.5
6 587.563 -69.5722 -97.3478 0.5
6 566.496 -2.87402 -44.4537 0.5
6 589.719 -137.149 -89.454 0.5
6 613.034 6.5792 13.8996 0.5
6 624.229 -118.28 96.6065 0.5
6 567.104 -84.7419 99.7025 0.5
6 573.625 -95.063 -99.9659 0.5
6 625.415 3.15272 -29.3275 0.5
6 640.416 -122.566 -95.3575 0.5
6 593.595 -4.89728 -48.3167 0.5
6 622.304 5.0385 22.2705 0.5
6 619.94 -192.387 3.54483 0.5
6 613.937 -184.836 -38.2733 0.5
6 611.941 -6.08289 -50.4054 0.5
6 576.215 -102.116 -99.5318 0.5
6 597.67 -66.3683 96.5388 0.5
6 558.223 6.98623 -10.6028 0.5
6 648.968 -114.486 97.5419 0.5
6 572.023 -163.144 -70.7272 0.5
6 577.023 -160.241 -73.5148 0.5
6 663.708 -82.4274 -99.4965 0.5
6 557.19 -45.8651 -88.4864 0.5
6 573.245 -176.482 54.2085 0.5
6 611.006 -4.60736 47.7876 0.5
6 638.395 -189.534 -23.9744 0.5
6 596.951 -189.905 22.4176 0.5
6 646.99 -113.374 97.7864 0.5
6 577.602 -5.64934 49.6551 0.5
6 628.123 -189.184 -25.3499 0.5
6 661.656 -162.284 -71.577 0.5
6 659.432 -189.821 22.7784 0.5
6 654.772 -192.372 -3.94185 0.5
6 574.894 -65.8552 96.3987 0.5
6 643.099 -29.182 77.4412 0.5
6 579.234 -37.2843 83.4071 0.5
6 649.361 -177.208 -53.0674 0.5
6 644.773 2.10771 -32.5396 0.5
6 619.31 -169.819 -63.3563 0.5
6 665.346 -173.881 -58.0425 0.5
6 584.206 -90.8115 -99.9866 0.5
6 656.198 -140.488 -87.7059 0.5
6 643.913 -169.75 63.4405 0.5
6 628.207 -76.1145 98.6567 0.5
6 627.14 -182.927 42.5906 0.5
6 662.023 -5.93475 50.1507 0.5
6 568.563 6.29443 -15.7962 0.5
6 557.337 -53.4125 92.0655 0.5
6 624.457 7.49363 -3.35451 0.5
6 654.766 -30.9468 78.8501 0.5
6 584.724 3.74082 -27.3369 0.5
6 640.465 -190.607 19.1117 0.5
6 562.913 -167.359 -66.2468 0.5
6 640.987 -74.7587 98.4226 0.5
6 665.122 -191.158 16.022 0.5
6 591.923 -11.5209 -58.7407 0.5
6 611.128 -85.9918 99.7912 0.5
6 560.009 -178.703 50.6012 0.5
6 658.871 -11.8214 59.1525 0.5
6 658.345 -148.825 82.5947 0.5
6 637.154 -2.36838 -43.4199 0.5
6 588.918 -29.1699 77.4314 0.5
6 590.374 -147.656 83.3803 0.5
6 619.698 5.92633 17.9466 0.5
6 579.982 -170.767 -62.1807 0.5
6 569.118 -7.04854 -52.0248 0.5
6 620.87 -7.00913 51.96 0.5
6 589.498 -107.091 98.9224 0.5
6 575.764 -164.517 69.3276 0.5
6 596.54 -161.29 -72.5336 0.5
6 624.41 -145.874 84.5332 0.5
6 624.928 -191.655 12.584 0.5
6 646.556 7.36651 -6.05363 0.5
6 588.319 -167.727 65.8279 0.5
6 587.691 -48.5513 89.8493 0.5
6 581.178 -182.273 -43.9535 0.5
6 633.292 -25.5869 74.3593 0.5
6 644.69 -171.827 -60.8225 0.5
6 593.403 -92.3524 100 0.5
6 645.156 -166.541 -67.1609 0.5
6 638.952 -1.99259 -42.6315 0.5
6 583.68 -17.7776 66.5133 0.5
6 648.559 -173.618 58.4105 0.5
6 649.234 -180.225 47.9117 0.5
6 640.794 6.14916 -16.679 0.5
6 588.195 -188.033 29.3922 0.5
6 604.77 3.84757 -26.9585 0.5
6 645.994 -128.835 -93.1457 0.5
6 581.768 -126.397 94.0616 0.5
6 587.473 -50.6392 90.8397 0.5
6 618.774 -36.6613 -82.9917 0.5
6 576.268 -86.5737 99.8272 0.5
6 652.442 -85.2407 -99.7398 0.5
6 568.558 -46.6246 88.8821 0.5
6 562.764 -3.14268 44.991 0.5
6 643.709 -181.737 -45.0311 0.5
6 608.475 -15.1461 -63.4358 0.5
6 580.56 -131.79 91.9369 0.5
6 618.904 -130.344 -92.5423 0.5
6 638.822 -152.393 80.043 0.5
6 658.028 -44.3732 -87.6848 0.5
6 591.664 -132.652 91.5631 0.5
6 615.366 -143.549 85.9586 0.5
6 613.995 -95.3727 -99.9573 0.5
6 594.624 -147.053 -83.7765 0.5
6 645.381 -0.896664 40.224 0.5
6 619.228 -114.843 -97.4605 0.5
6 578.316 -67.666 -96.8801 0.5
6 605.319 -87.4706 99.8759 0.5
6 575.647 -162.483 71.3822 0.5
6 569.841 -190.879 17.6555 0.5
6 581.334 -75.0167 98.4687 0.5
6 584.383 -177.213 -53.0594 0.5
6 604.023 -78.6898 -99.0487 0.5
6 598.389 -150.088 -81.7182 0.5
6 639.079 -120.19 96.0754 0.5
6 652.742 -176.416 -54.3118 0.5
6 588.229 -122.055 -95.5172 0.5
6 664.722 -58.4032 94.0256 0.5
6 608.866 -174.247 57.5267 0.5
6 598.386 4.7395 -23.5411 0.5
6 653.533 -24.5543 73.4177 0.5
6 595.55 -66.9687 96.699 0.5
6 565.538 -159.656 74.0499 0.5
6 574.943 -35.8621 82.4488 0.5
6 603.448 -160.794 -73.0005 0.5
6 629.944 -23.2609 -72.2001 0.5
6 645.699 -191.923 10.2521 0.5
6 616.486 -171.204 -61.6266 0.5
6 580.011 -158.732 74.8779 0.5
6 566.323 -191.606 -12.967 0.5
6 564.508 -17.2666 65.9352 0.5
6 620.248 -16.9105 65.5269 0.5
6 594.54 -33.0619 80.4553 0.5
6 653.672 -189.884 22.5075 0.5
6 657.846 -54.0339 92.3266 0.5
6 589.423 -113.683 97.7198 0.5
6 572.993 4.55348 24.2962 0.5
6 641.844 -187.021 32.5017 0.5
7 622.958 81.4665 18.829 0.5
7 626.541 50.8881 -67.4378 0.5
7 661.978 13.6819 -19.8449 0.5
7 642.504 47.6555 -18.6053 0.5
7 628.823 -121.421 32.6577 0.5
7 638.537 -133.444 -44.1713 0.5
7 624.776 -117.354 22.3958 0.5
7 666.274 -65.6415 -96.5264 0.5
7 648.941 35.5701 23.0043 0.5
7 617.735 -65.2329 -81.7904 0.5
7 641.937 -142.244 -37.6862 0.5
7 647.147 -79.4879 97.8028 0.5
7 623.096 46.1668 -77.5377 0.5
7 630.715 -106.336 -64.8098 0.5
7 617.548 -93.0269 51.6092 0.5
7 647.134 -81.6516 97.3113 0.5
7 627.01 -111.192 48.5404 0.5
7 643.418 41.6457 34.5902 0.5
7 613.753 99.1893 -1.40435 0.5
7 649.575 -161.028 -18.9771 0.5
7 621.497 -33.5266 98.1174 0.5
7 646.314 39.0365 -27.1803 0.5
7 651.284 -164.107 18.3608 0.5
7 613.715 -83.5051 56.1164 0.5
7 625.827 -12.4945 99.5742 0.5
7 648.141 -26.418 -94.0624 0.5
7 632.66 -109.483 -65.0687 0.5
7 624.98 -84.7507 -76.4142 0.5
7 656.071 -157.472 55.2153 0.5
7 635.698 -105.708 -74.3283 0.5
7 660.361 4.28882 -51.3348 0.5
7 659.697 -135.596 -83.3728 0.5
7 641.38 -10.729 -92.5303 0.5
7 611.346 -75.1498 61.9276 0.5
7 662.695 -176.49 41.6375 0.5
7 658.517 -76.252 -99.9783 0.5
7 645.133 42.4477 21.7769 0.5
7 624.52 -24.4869 -99.8731 0.5
7 652.516 -22.6568 89.1598 0.5
7 655.106 -161.103 -46.2239 0.5
7 621.931 -114.904 3.52729 0.5
7 616.753 11.0491 98.5363 0.5
7 627.319 59.6612 -54.3216 0.5
7 619.468 72.7424 -55.1126 0.5
7 625.121 75.8139 -26.9309 0.5
7 621.008 -103.962 42.3381 0.5
7 623.396 -113.083 -29.4051 0.5
7 645.109 -136.585 57.9823 0.5
7 636.031 -129.27 -43.8282 0.5
7 645.848 -128.496 69.2889 0.5
7 649.456 -162.596 2.95095 0.5
7 620.223 86.2064 -18.8175 0.5
7 640.71 50.5249 -19.8176 0.5
7 641.568 -111.958 -77.6764 0.5
7 628.325 -122.651 -25.8125 0.5
7 655.854 26.217 -3.50914 0.5
7 641.476 27.6757 -64.4099 0.5
7 611.183 -39.4779 90.222 0.5
7 616.997 7.91956 -98.9666 0.5
7 641.221 -131.817 55.1151 0.5
7 626.144 -122.158 4.59675 0.5
7 632.417 -98.1824 -75.9466 0.5
7 665.012 -107.674 98.3503 0.5
7 624.691 -35.9255 98.6825 0.5
7 663.226 -183.852 22.8224 0.5
7 648.335 -21.2837 -91.905 0.5
7 648.408 -108.982 87.6404 0.5
7 628.009 -75.8501 86.395 0.5
7 650.737 -155.533 42.1673 0.5
7 619.445 84.9654 -29.2551 0.5
7 660.692 -157.653 65.5132 0.5
7 628.989 49.9835 -63.5932 0.5
7 642.138 49.9908 2.95588 0.5
7 617.206 89.6078 -26.6264 0.5
7 631.735 -119.951 -47.4884 0.5
7 659.249 -141.511 -78.533 0.5
7 664.633 -75.4808 99.0918 0.5
7 630.383 -105.223 -65.4359 0.5
7 639.61 -23.6822 97.5717 0.5
7 638.96 55.5361 -0.699387 0.5
7 643.235 46.5628 -17.66 0.5
7 656.669 21.7852 -24.6338 0.5
7 613.026 99.8515 10.9989 0.5
7 660.377 -89.0507 99.7187 0.5
7 651.491 1.3821 73.7383 0.5
7 643.077 1.58449 84.6899 0.5
7 656.484 25.1476 -2.82707 0.5
7 635.496 -126.173 -48.0253 0.5
7 665.546 -23.3844 74.1242 0.5
7 617.86 -15.4861 99.7129 0.5
7 639.166 -132.684 -47.7441 0.5
7 660.269 14.6594 -27.9035 0.5
7 645.887 -156.349 4.67287 0.5
7 644.069 -85.865 -94.5524 0.5
7 651.233 -73.1441 -99.7239 0.5
7 629.934 62.2424 41.3077 0.5
7 662.469 -1.74249 55.1209 0.5
7 639.826 10.0731 -82.8262 0.5
7 629.405 -113.808 51.2029 0.5
7 621.097 40.9015 83.8944 0.5
7 631.241 -2.46227 95.8142 0.5
7 638.144 -89.7814 -88.4077 0.5
7 660.43 -8.36385 68.04 0.5
7 625.783 -90.0958 72.8938 0.5
7 624.05 -118.088 -10.4488 0.5
7 628.859 -52.7641 -96.615 0.5
7 664.331 -115.17 96.3518 0.5
7 645.27 -42.7594 -99.1992 0.5
7 648.102 31.7489 39.0868 0.5
7 633.718 -106.796 -69.9997 0.5
7 612.645 -85.7733 49.4968 0.5
7 666.301 6.80835 -16.5271 0.5
7 642.202 -71.0491 97.7757 0.5
7 657.49 21.3921 20.1577 0.5
7 633.009 29.9779 -76.7283 0.5
7 636.757 -136.095 29.8183 0.5
7 625.985 52.2177 -67.0336 0.5
7 632.598 32.0346 75.5831 0.5
7 649.134 33.8176 -28.3425 0.5
7 615.997 -85.2481 -59.2462 0.5
7 654.845 -133.455 78.8677 0.5
7 621.076 38.3286 -85.5299 0.5
7 659.283 -158.828 61.0959 0.5
7 654.024 21.3705 -39.3739 0.5
7 619.055 -61.4044 -85.7671 0.5
7 645.381 -146.911 40.7322 0.5
7 637.314 -44.9757 -99.9434 0.5
7 616.376 -65.2622 -80.0608 0.5
7 661.227 -178.705 29.0874 0.5
7 616.056 73.5444 62.1586 0.5
7 644.162 21.3748 66.3177 0.5
7 634.847 -76.6047 91.9672 0.5
7 663.12 -54.775 -94.8983 0.5
7 622.119 -110.971 -29.0768 0.5
7 628.013 -105.716 -59.7106 0.5
7 648.573 -155.814 32.1163 0.5
7 665.245 -133.737 -89.9221 0.5
7 657.294 3.87196 59.8823 0.5
7 640.009 -71.3114 96.816 0.5
7 646.245 -78.193 -97.7454 0.5
7 627.234 -40.9714 -98.5751 0.5
7 637.265 -29.955 99.3285 0.5
7 651.902 -68.1432 99.992 0.5
7 642.889 34.842 -50.8476 0.5
7 638.718 -100.478 -82.5531 0.5
7 631.87 1.97939 93.9843 0.5
7 631.225 -96.3217 75.7718 0.5
7 647.458 -98.8381 91.7998 0.5
7 665.141 9.38686 -12.6695 0.5
7 637.18 31.86 -68.0895 0.5
7 663.941 -186.612 -14.9068 0.5
7 611.146 -58.4745 78.3107 0.5
7 662.048 15.499 3.17263 0.5
7 638.674 -143.65 7.93314 0.5
7 664.618 -5.02435 -54.4492 0.5
7 618.711 -77.6728 73.0559 0.5
7 653.385 -135.679 74.9211 0.5
7 617.043 -17.3945 -99.4048 0.5
7 632.384 36.247 -72.0769 0.5
7 640.743 -96.4531 87.2262 0.5
7 630.417 -14.0468 98.7729 0.5
7 624.015 79.5398 19.3286 0.5
7 652.996 17.738 -50.1607 0.5
7 646.643 -152.727 -31.353 0.5
7 657.811 7.47325 -53.3413 0.5
7 653.931 -155.408 52.6516 0.5
7 661.551 8.9809 -37.8255 0.5
7 648.777 -7.53571 -84.2121 0.5
7 611.207 59.0039 83.2552 0.5
7 653.743 -22.8177 88.1338 0.5
7 613.476 70.7817 -70.3159 0.5
7 649.54 25.3195 47.3009 0.5
7 630.682 -45.6433 98.7884 0.5
7 622.008 -37.599 97.4361 0.5
7 648.616 32.8379 34.0554 0.5
7 631.742 -53.2208 -97.7134 0.5
7 626.941 -123.62 -2.12013 0.5
7 627.205 66.2698 42.8161 0.5
7 641.554 42.5475 40.3421 0.5
7 614.95 93.1491 -27.9212 0.5
7 664.23 -100.395 99.2572 0.5
7 648.222 -34.7969 96.6395 0.5
7 613.153 77.2579 -63.7809 0.5
7 623.972 64.0095 -56.498 0.5
7 652.864 -112.468 -89.8363 0.5
7 629.735 -117.943 -44.6864 0.5
7 625.027 -81.9101 -78.7881 0.5
7 653.894 27.1734 -22.215 0.5
7 643.741 -143.453 -42.0886 0.5
7 661.466 -178.093 -32.2653 0.5
7 614.216 96.4543 19.6133 0.5
7 639.713 -110.807 75.9573 0.5
7 619.634 -23.7009 -99.1886 0.5
7 634.132 -85.9378 -86.695 0.5
7 653.84 -0.155093 71.3376 0.5
7 613.35 -91.7576 -39.9917 0.5
7 631.439 61.374 -37.24 0.5
7 611.241 48.6147 89.2704 0.5
7 626.288 -122.05 9.60376 0.5
7 640.916 -91.5397 -89.9505 0.5
7 653.224 -87.0638 -98.3853 0.5
7 654.061 -119.751 87.0962 0.5
7 665.773 -12.8206 62.4769 0.5
7 624.857 -87.3169 73.9797 0.5
7 629.864 62.7561 40.4318 0.5
7 626.042 76.7272 15.3644 0.5
7 655.732 -9.68415 76.982 0.5
7 626.287 -24.2442 -99.985 0.5
7 612.225 100.909 -13.6586 0.5
7 612.366 24.3957 -97.3676 0.5
7 662.951 -39.8253 -88.6936 0.5
7 638.99 54.6598 12.8341 0.5
7 636.327 -50.9613 99.3863 0.5
7 651.337 -24.5526 91.052 0.5
7 635.042 -116.269 61.8293 0.5
7 628.308 63.4524 -44.6788 0.5
7 637.095 -122.018 -58.9348 0.5
7 620.068 -99.3312 -48.2453 0.5
7 645.975 -52.9979 -99.9347 0.5
7 665.829 -47.3579 -89.9746 0.5
7 631.091 -76.777 -88.8198 0.5
7 640.722 -112.195 -76.2645 0.5
7 659.737 -95.2726 -98.895 0.5
7 629.506 -97.1092 -72.3587 0.5
7 662.406 -75.5503 99.5458 0.5
7 612.224 -97.1635 14.0255 0.5
7 625.91 70.5086 -38.3212 0.5
7 638.106 -2.44656 -91.416 0.5
7 646.461 -0.0671073 -81.8955 0.5
7 616.441 -104.574 -13.261 0.5
7 653.762 29.5963 -7.80282 0.5
7 634.943 -85.539 -87.7074 0.5
7 647.967 -155.901 -28.5435 0.5
7 664.518 -186.407 21.4197 0.5
7 639.801 26.0232 69.4599 0.5
7 651.898 32.1942 13.6475 0.5
7 624.298 -104.732 -51.586 0.5
7 665.384 -178.486 47.0158 0.5
7 665.567 -2.61727 47.6314 0.5
7 641.987 -49.5779 -99.9999 0.5
7 660.496 -177.291 29.5695 0.5
7 638.06 -74.427 -94.9007 0.5
7 650.114 -121.003 -82.0091 0.5
7 620.462 70.4282 55.9991 0.5
7 656.669 -155.654 59.2995 0.5
7 662.439 -154.835 71.6996 0.5
7 665.562 -35.441 83.453 0.5
7 659.546 -52.2423 96.0364 0.5
7 648.87 -78.9379 -98.4901 0.5
7 616.13 -88.7333 -54.5448 0.5
7 640.055 -101.778 83.2379 0.5
7 619.039 -81.9451 69.4097 0.5
7 649.468 -162.614 -3.06825 0.5
7 631.551 -23.5567 -99.6737 0.5
7 652.486 -2.25522 75.4474 0.5
7 641.727 -17.2211 -94.7311 0.5
7 627.131 12.5226 -93.1027 0.5
7 633.106 -134.258 3.55284 0.5
7 641.942 48.2468 -20.5171 0.5
7 652.268 -103.999 93.1055 0.5
7 613.606 -97.685 23.7521 0.5
7 664.66 -92.2835 -99.9453 0.5
7 666.506 -159.938 73.5382 0.5
7 636.975 -131.437 -42.7248 0.5
7 650.013 -54.9989 -99.6289 0.5
7 644.153 -30.7411 97.386 0.5
7 649.743 -108.388 -89.1764 0.5
7 649.785 -120.555 81.9245 0.5
7 642.818 -39.8078 99.3556 0.5
7 630.827 -99.7722 71.9988 0.5
7 660.055 -128.216 -88.1504 0.5
7 663.654 5.56044 37.275 0.5
7 612.847 49.3677 -87.3959 0.5
7 621.09 -12.2704 99.9923 0.5
7 648.943 -4.73816 82.1555 0.5
7 615.309 96.301 -6.36515 0.5
7 614.925 -43.8641 91.1936 0.5
7 654.864 -162.472 42.6168 0.5
7 636.954 -88.8923 -87.7783 0.5
7 638.16 40.3421 -55.1513 0.5
7 666.306 -151.338 80.3636 0.5
7 637.247 -98.6744 82.0392 0.5
7 665.886 -145.713 83.7691 0.5
7 651.442 17.928 -54.2459 0.5
7 657.69 -109.022 -94.7011 0.5
7 625.159 29.9263 86.3224 0.5
7 649.474 -133.037 -71.0543 0.5
7 663.182 8.59512 -31.1947 0.5
7 641.392 15.6437 76.5732 0.5
7 618.117 -9.19978 99.9965 0.5
7 643.789 -118.279 -75.6028 0.5
7 634.59 -4.42529 94.5832 0.5
7 651.161 -70.181 99.8948 0.5
7 643.539 38.2453 -42.2485 0.5
7 616.506 61.4638 -74.206 0.5
7 652.252 -60.9552 -99.7867 0.5
7 656.054 -102.709 95.8107 0.5
7 654.874 -67.5329 -99.8991 0.5
7 661.044 9.52769 -38.6246 0.5
7 626.607 -32.4822 99.5555 0.5
7 627.872 -123.4 19.1768 0.5
7 624.274 -20.1551 99.9936 0.5
7 617.89 -107.373 10.8698 0.5
7 619.407 47.5693 81.3446 0.5
7 652.539 -167.751 -6.75155 0.5
7 662.1 -69.5606 98.8715 0.5
7 654.663 -165.12 35.5701 0.5
7 657.859 -164.145 49.3925 0.5
7 657.173 -69.5325 -99.7902 0.5
7 665.506 1.93899 -38.291 0.5
7 645.884 -156.401 3.25671 0.5
7 665.605 -161.216 -70.8165 0.5
7 627.637 -39.8754 -98.8644 0.5
7 634.179 -111.431 65.8567 0.5
7 663.756 6.90047 33.2545 0.5
7 636.052 -87.1951 -87.8517 0.5
7 665.671 5.4519 27.3833 0.5
7 617.61 -46.255 92.1769 0.5
7 657.498 16.2633 37.1745 0.5
7 639.16 -144.355 -9.4939 0.5
7 646.189 36.6764 -35.0464 0.5
7 663.279 -51.5237 -93.6527 0.5
7 632.348 -73.8106 91.2969 0.5
7 626.474 -118.108 -30.3779 0.5
7 615.792 95.0249 11.3172 0.5
7 659.83 -168.544 47.6161 0.5
8 631.429 -38.3345 -63.4401 0.5
8 614.619 -54.3731 76.6509 0.5
8 665.366 120.531 97.3698 0.5
8 627.423 87.5572 83.1656 0.5
8 635.26 0.394058 -89.1982 0.5
8 625.338 41.9975 -99.0735 0.5
8 639.933 -9.68668 -77.3471 0.5
8 644.801 139.475 -63.3827 0.5
8 629.354 74.4781 92.0367 0.5
8 642.5 34.2631 97.1072 0.5
8 650.164 -9.89695 -58.2072 0.5
8 629.467 5.89523 -95.4961 0.5
8 627.261 -12.4405 89.7079 0.5
8 643.909 155.728 30.7798 0.5
8 635.05 -41.538 49.6974 0.5
8 655.719 2.47478 61.8686 0.5
8 624.608 74.7468 87.9478 0.5
8 652.684 19.552 -82.6942 0.5
8 656.265 178.423 26.4469 0.5
8 635.089 -54.6046 -4.22937 0.5
8 625.534 112.252 -55.0304 0.5
8 614.397 108.176 16.0106 0.5
8 654.562 152.733 -67.5912 0.5
8 662.298 108.831 98.6462 0.5
8 649.702 162.576 -39.2872 0.5
8 627.908 77.479 89.4981 0.5
8 627.211 -68.1473 -6.19337 0.5
8 622.562 -60.0241 54.8244 0.5
8 659.918 169.256 58.7194 0.5
8 625.446 29.8196 -99.9926 0.5
8 654.847 176.647 -23.8277 0.5
8 665.046 101.801 -99.8938 0.5
8 616.15 93.3642 58.8325 0.5
8 645.595 55.4543 99.6756 0.5
8 638.562 -4.9068 82.6944 0.5
8 623.548 43.2393 98.3808 0.5
8 612.66 -64.6126 -70.3498 0.5
8 653.15 36.3115 91.53 0.5
8 632.653 78.1046 92.8961 0.5
8 664.363 187.406 -40.5775 0.5
8 623.869 -66.1439 39.1525 0.5
8 646.593 56.7588 -99.6405 0.5
8 651.687 173.904 5.49857 0.5
8 637.903 -49.819 -0.521609 0.5
8 661.232 124.935 93.9159 0.5
8 645.405 160.244 -24.0303 0.5
8 659.759 94.6221 -99.7829 0.5
8 619 113.689 27.1302 0.5
8 617.027 -36.715 86.1736 0.5
8 626.618 0.722059 95.4219 0.5
8 627.431 -31.3206 -77.3644 0.5
8 649.31 128.347 81.1692 0.5
8 649.975 -25.482 25.9647 0.5
8 650.805 12.1104 -79.6864 0.5
8 625.805 95.2139 -75.1373 0.5
8 621.646 60.9984 -92.0914 0.5
8 663.387 109.319 -98.8686 0.5
8 629.814 49.351 -99.1274 0.5
8 663.862 34.4814 -79.5002 0.5
8 634.732 34.1244 99.4405 0.5
8 611.699 80.1359 65.7523 0.5
8 653.808 118.902 -91.13 0.5
8 624.528 63.1145 -93.2561 0.5
8 625.807 40.7951 -99.3289 0.5
8 665.865 152.598 -84.1752 0.5
8 631.704 139.251 6.19455 0.5
8 611.346 -88.501 37.5468 0.5
8 611.451 46.5082 -90.6851 0.5
8 626.981 120.766 -44.5988 0.5
8 652.132 -25.13 2.96502 0.5
8 612.919 -70.0724 63.8291 0.5
8 657.274 -8.55768 -38.5051 0.5
8 628.061 117.039 -54.4032 0.5
8 666.467 36.0763 77.1869 0.5
8 626.574 -53.8202 53.6702 0.5
8 619.645 66.2961 -87.869 0.5
8 626.888 56.123 96.819 0.5
8 622.406 72.3136 87.1862 0.5
8 624.849 90.4042 -77.793 0.5
8 628.189 132.924 9.26638 0.5
8 649.199 3.65415 -75.0471 0.5
8 611.116 103.534 7.05339 0.5
8 652.565 73.0247 -99.9675 0.5
8 628.013 69.5843 93.0872 0.5
8 660.801 60.629 95.6383 0.5
8 635.111 -3.48357 87.269 0.5
8 614.22 -34.7606 -89.8384 0.5
8 612.741 -91.1896 -20.9228 0.5
8 632.698 -54.8683 27.8858 0.5
8 664.906 8.16927 46.0208 0.5
8 624.744 37.621 99.4751 0.5
8 651.047 142.599 71.753 0.5
8 611.355 -5.35928 -99.5423 0.5
8 614.702 -48.4755 81.1251 0.5
8 661.588 -7.71495 -14.6709 0.5
8 621.02 109.316 -46.7902 0.5
8 645.54 27.1274 93.1867 0.5
8 633.263 -56.9328 13.5689 0.5
8 663.723 33.1388 78.6467 0.5
8 660.286 181.841 37.0255 0.5
8 635.117 -28.0768 67.8816 0.5
8 664.897 165.884 -72.4298 0.5
8 649.38 154.721 -53.2209 0.5
8 620.46 -59.5392 -60.653 0.5
8 630.67 25.2078 99.2227 0.5
8 664.996 92.6721 99.9016 0.5
8 647.147 165.849 -8.26216 0.5
8 623.862 -70.8254 25.5348 0.5
8 657.913 -6.53998 40.6187 0.5
8 616.787 -85.4073 -14.0115 0.5
8 629.428 -40.1184 -65.4341 0.5
8 613.813 -89.7321 18.9584 0.5
8 618.9 70.7523 84.4943 0.5
8 638.194 150.334 -8.35722 0.5
8 645.951 -24.2066 -46.8871 0.5
8 613.076 15.7052 -99.6359 0.5
8 665.399 116.286 98.2772 0.5
8 651.87 -21.6841 -27.8088 0.5
8 647.589 165.955 -14.118 0.5
8 636.756 -48.0734 27.0711 0.5
8 651.067 118.03 -89.2776 0.5
8 630.225 105.677 72.5758 0.5
8 616.411 -42.8319 -82.993 0.5
8 648.302 -29.7743 20.0686 0.5
8 636.926 147.194 16.0353 0.5
8 616.499 -49.2043 -78.2137 0.5
8 629.698 64.8514 -95.738 0.5
8 614.173 -88.9122 19.9428 0.5
8 625.819 109.49 59.6776 0.5
8 641.865 137.991 -58.7141 0.5
8 627.125 -54.7185 -50.6391 0.5
8 632.882 10.4118 -95.0503 0.5
8 613.189 -56.0435 -77.3197 0.5
8 625.911 91.8655 -78.0979 0.5
8 627.481 74.8746 -90.4032 0.5
8 632.596 -58.2961 -11.9484 0.5
8 645.28 -36.1721 -13.1671 0.5
8 641.065 34.2071 97.6723 0.5
8 658.132 178.44 -36.188 0.5
8 620.146 49.5015 -95.3696 0.5
8 630.237 75.0626 92.4326 0.5
8 658.023 -5.63664 42.1872 0.5
8 630.689 -62.1886 -5.03062 0.5
8 627.372 -59.9935 -39.3499 0.5
8 655.217 37.2704 90.3313 0.5
8 625.564 45.2339 98.6416 0.5
8 652.333 24.8636 86.423 0.5
8 613.393 88.6669 58.7255 0.5
8 660.662 167.875 -62.2343 0.5
8 641.599 58.1964 99.987 0.5
8 630.314 61.9443 96.8479 0.5
8 642.887 157.674 15.0433 0.5
8 665.831 -0.960758 9.84661 0.5
8 652.442 12.3477 -77.6475 0.5
8 633.41 -5.05759 88.0225 0.5
8 650.601 95.2325 -97.3053 0.5
8 638.312 149.47 16.7886 0.5
8 612.234 -93.9786 -7.75125 0.5
8 638.512 106.164 83.5626 0.5
8 638.75 -39.282 41.6161 0.5
8 624.289 64.7149 -92.4511 0.5
8 651.322 71.872 99.988 0.5
8 656.76 -11.1514 34.136 0.5
8 618.144 61.3252 89.1162 0.5
8 628.679 -60.1393 33.1581 0.5
8 637.511 19.8103 -95.4905 0.5
8 618.578 110.338 -35.1194 0.5
8 613.939 -67.9241 -64.2874 0.5
8 653.791 120.174 -90.5309 0.5
8 638.8 150.262 -17.0939 0.5
8 643.523 138.232 -62.179 0.5
8 640.947 46.1565 -99.5669 0.5
8 657.157 37.4973 -88.7755 0.5
8 648.997 67.1679 99.9752 0.5
8 630.187 -22.7301 -80.3383 0.5
8 653.326 96.436 -98.0719 0.5
8 619.375 -78.7612 24.9058 0.5
8 655.164 101.826 -97.606 0.5
8 622.957 120.493 27.3019 0.5
8 629.338 34.3726 -99.9953 0.5
8 643.855 35.1759 -96.7432 0.5
8 647.853 117.866 -86.3403 0.5
8 647.314 25.4512 -91.1958 0.5
8 657.95 159.621 -66.461 0.5
8 625.285 -44.3612 68.6794 0.5
8 639.996 143.451 44.3122 0.5
8 649.71 -18.2592 45.8099 0.5
8 622.719 -30.1829 84.126 0.5
8 626.835 -29.0482 79.9564 0.5
8 659.164 -3.3823 42.7795 0.5
8 652.261 94.078 98.1729 0.5
8 614.468 -44.6889 -83.987 0.5
8 639.525 96.4052 90.0838 0.5
8 651.258 0.387233 -68.4259 0.5
8 663.406 187.511 -36.3511 0.5
8 653.461 -22.4856 -8.80184 0.5
8 643.928 70.4846 -99.5118 0.5
8 642.804 38.6609 97.9779 0.5
8 643.065 84.1148 96.8259 0.5
8 612.438 66.3935 79.7591 0.5
8 625.409 78.4039 -86.6806 0.5
8 662.835 10.1269 55.4224 0.5
8 618.265 -25.3993 -90.9524 0.5
8 664.314 -3.42702 -11.3588 0.5
8 632.637 70.029 -95.7118 0.5
8 645.205 -3.15589 75.1419 0.5
8 633.553 95.3323 84.9948 0.5
8 658.971 95.6368 99.5972 0.5
8 627.116 -26.0302 -81.7972 0.5
8 661.107 187.401 24.1874 0.5
8 665.296 124.778 96.2435 0.5
8 642.405 20.9473 -92.8914 0.5
8 652.709 32.6339 -90.1921 0.5
8 624.125 -46.6118 68.4213 0.5
8 659.189 -12.9431 1.25078 0.5
8 658.933 175.196 46.3863 0.5
8 660.992 157.149 -74.2559 0.5
8 639.836 107.565 84.1429 0.5
8 666.515 171.764 -69.37 0.5
8 611.289 -51.8017 82.9272 0.5
8 633.543 133.248 42.2844 0.5
8 616.052 79.7175 -73.8872 0.5
8 632.056 -41.5761 57.7656 0.5
8 634.681 62.3839 98.4057 0.5
8 657.253 92.4908 99.6124 0.5
8 636.897 91.0652 -90.4595 0.5
8 615.223 3.62867 -99.7355 0.5
8 624.222 64.4851 92.4979 0.5
8 625.175 -60.4112 46.4723 0.5
8 645.118 -31.552 33.4824 0.5
8 634.533 -17.7258 -78.4063 0.5
8 633.649 92.4215 86.8271 0.5
8 617.691 92.4597 -63.455 0.5
8 630.123 120.739 54.2036 0.5
8 654.184 116.937 92.2681 0.5
8 644.783 42.4154 98.0443 0.5
8 652.327 17.4411 81.6587 0.5
8 617.681 -68.6363 -54.5814 0.5
8 618.866 -82.0755 11.9653 0.5
8 644.887 -36.4838 15.6939 0.5
8 623.066 122.757 18.4921 0.5
8 623.373 -70.033 31.0853 0.5
8 655.372 178.124 21.386 0.5
8 660.849 -4.02048 -34.2696 0.5
8 646.47 -28.7822 34.6628 0.5
8 665.468 46.1332 -85.5435 0.5
8 663.89 -3.40733 16.6834 0.5
8 635.204 -25.6333 70.2807 0.5
8 644.384 121.26 -80.1087 0.5
8 631.371 -59.3399 18.8544 0.5
8 656.986 142.029 80.8885 0.5
8 653.567 170.392 -36.5511 0.5
8 615.304 104.196 -36.3487 0.5
8 665.908 3.95165 -32.021 0.5
8 626.967 3.70678 -96.1352 0.5
8 632.513 129.827 -45.6295 0.5
8 664.238 189.611 -34.6153 0.5
8 629.367 -4.64131 91.6353 0.5
8 652.174 162.79 -47.6972 0.5
8 654.532 101.227 97.4947 0.5
8 640.258 89.9803 -93.4023 0.5
8 643.547 131.832 -69.5261 0.5
8 617.194 -76.3846 42.1228 0.5
8 624.162 109.499 -55.5986 0.5
8 617.37 7.4001 -99.7394 0.5
8 624.656 119.3 -39.0376 0.5
8 612.442 96.6582 42.3757 0.5
8 665.976 68.5127 -95.3022 0.5
8 656.453 182.281 -2.37207 0.5
8 655.884 13.5495 73.53 0.5
8 642.525 -32.7898 -41.5167 0.5
8 664.749 81.7861 98.8848 0.5
8 664.196 -4.27207 -1.26605 0.5
8 638.028 96.6682 -88.6507 0.5
8 657.687 12.8483 69.8108 0.5
8 638.896 139.018 -49.0945 0.5
8 635.12 -22.4548 73.4929 0.5
8 654.96 -19.971 7.81096 0.5
8 614.227 104.258 30.9613 0.5
8 630.946 -29.0933 -74.0338 0.5
8 613.93 67.8725 80.5821 0.5
8 630.03 108.526 69.4154 0.5
8 631.091 69.587 95.0062 0.5
8 631.712 -11.782 -85.8758 0.5
8 645.909 74.8146 -99.4185 0.5
8 634.682 -53.5636 19.0678 0.5
8 664.726 157.067 -79.6763 0.5
8 618.455 -57.2968 67.4882 0.5
8 646.247 -26.9474 40.1644 0.5
8 619.222 38.9411 -97.7449 0.5
8 611.645 101.453 25.272 0.5
8 615.954 -82.1824 33.1493 0.5
8 661.853 0.179389 40.3821 0.5
8 647.755 98.2555 95.0699 0.5
8 616.772 -57.0064 -70.8349 0.5
8 644.184 141.935 58.8145 0.5
8 649.929 140.736 71.6814 0.5
8 639.934 -8.20407 -78.5381 0.5
8 633.979 -20.5104 -76.9264 0.5
8 649.593 154.687 53.856 0.5
8 655.311 2.28721 -62.5237 0.5
8 622.787 1.70528 -97.4837 0.5
8 662.685 188.004 -31.5253 0.5
8 657.79 184.492 -5.15668 0.5
8 637.449 43.153 -99.8051 0.5
9 995.28 112.785 -99.1794 0.5
9 972.99 15.0973 -52.8349 0.5
9 825.446 157.716 -81.6632 0.5
9 910.726 41.4871 81.094 0.5
9 908.11 0.115256 -4.79978 0.5
9 818.547 0.714038 -11.9289 0.5
9 962.206 87.3827 -99.2008 0.5
9 958.691 12.8436 49.0282 0.5
9 940.545 150.535 -86.2913 0.5
9 982.942 102.786 99.9612 0.5
9 943.134 0.00809802 1.27261 0.5
9 784.799 189.054 45.4908 0.5
9 918.792 40.6739 80.501 0.5
9 924.345 104.707 99.8892 0.5
9 915.628 46.5793 -84.5354 0.5
9 678.913 199.214 12.5133 0.5
9 888.997 181.816 -57.4988 0.5
9 761.66 15.4742 53.4358 0.5
9 775.347 18.157 57.4606 0.5
9 828.193 34.1066 75.2201 0.5
9 920.55 81.9624 98.3598 0.5
9 753.775 178.559 61.8744 0.5
9 705.464 35.3663 76.3052 0.5
9 874.762 144.797 89.4048 0.5
9 682.972 199.799 -6.34285 0.5
9 739.365 1.43799 -16.8976 0.5
9 778.969 37.0476 -77.6981 0.5
9 848.641 168.962 72.4174 0.5
9 813.765 192.455 -38.1065 0.5
9 946.023 198.81 15.3808 0.5
9 701.005 99.6159 -99.9993 0.5
9 821.699 7.83862 -38.8108 0.5
9 672.782 9.77119 -43.1134 0.5
9 906.067 118.132 -98.3424 0.5
9 883.113 77.3812 -97.4084 0.5
9 706.561 194.669 -32.216 0.5
9 843.375 154.231 84.0176 0.5
9 870.096 158.585 81.0421 0.5
9 788.574 15.356 53.2485 0.5
9 831.579 53.8586 88.7185 0.5
9 836.554 83.6906 98.6611 0.5
9 815.479 161.024 79.2215 0.5
9 748.932 199.556 -9.40771 0.5
9 999.376 185.952 -51.1097 0.5
9 717.176 13.1479 49.5652 0.5
9 861.704 198.528 -17.0941 0.5
9 683.662 43.0233 -82.1806 0.5
9 957.403 45.4798 83.8305 0.5
9 848.333 155.183 -83.3954 0.5
9 851.861 16.7054 55.3355 0.5
9 824.107 18.5107 -57.9612 0.5
9 883.34 143.337 90.1217 0.5
9 988.097 109.894 99.5094 0.5
9 725.611 86.6078 -99.0992 0.5
9 702.89 125.967 -96.5697 0.5
9 773.593 9.86835 -43.3161 0.5
9 744.182 102.95 -99.9565 0.5
9 904.791 28.5817 -69.9959 0.5
9 880.5 180.82 -58.8912 0.5
9 800.088 199.559 9.38127 0.5
9 698.264 34.316 -75.403 0.5
9 900.414 19.5993 -59.462 0.5
9 816.576 46.2742 84.3418 0.5
9 777.11 109.688 -99.5296 0.5
9 710.821 140.764 -91.3142 0.5
9 999.054 76.7102 -97.2501 0.5
9 812.28 197.924 -20.2704 0.5
9 934.6 51.5337 87.4701 0.5
9 977.954 35.8448 76.7079 0.5
9 817.719 29.5215 -70.9421 0.5
9 827.021 182.825 -56.0364 0.5
9 791.217 158.766 -80.9107 0.5
9 776.862 181.659 -57.7217 0.5
9 991.739 127.156 -96.2421 0.5
9 908.124 2.73975 23.2475 0.5
9 926.342 97.7444 99.9746 0.5
9 674.152 79.1502 97.8023 0.5
9 716.641 61.8793 -92.449 0.5
9 837.241 8.7737 40.9605 0.5
9 681.492 65.0762 -93.7034 0.5
9 899.751 41.0937 80.8087 0.5
9 762.708 69.1408 95.1195 0.5
9 715.152 8.98085 -41.4188 0.5
9 694.337 154.852 -83.6137 0.5
9 841.916 32.7136 73.9766 0.5
9 782.954 120.36 97.9053 0.5
9 669.069 150.011 -86.5961 0.5
9 793.927 76.3963 -97.1744 0.5
9 876.164 6.33278 35.0207 0.5
9 782.458 99.4623 99.9986 0.5
9 852.175 197.637 -21.6092 0.5
9 915.933 126.148 96.5209 0.5
9 904.973 145.653 88.9706 0.5
9 668.717 12.8589 -49.0553 0.5
9 856.836 198.402 -17.8059 0.5
9 795.633 12.0288 -47.5506 0.5
9 891.008 121.292 -97.707 0.5
9 924.05 187.568 48.2893 0.5
9 956.497 149.352 -86.9736 0.5
9 763.704 127.968 96.0092 0.5
9 771.989 143.032 90.2677 0.5
9 844.54 98.9883 -99.9949 0.5
9 706.647 189.694 44.2158 0.5
9 709.283 96.7694 -99.9478 0.5
9 703.382 195.471 29.7539 0.5
9 924.962 164.171 76.695 0.5
9 966.908 24.1137 -65.125 0.5
9 867.316 153.067 -84.7579 0.5
9 697.02 117.13 98.5219 0.5
9 668.074 147.573 -87.9592 0.5
9 904.013 0.354292 -8.41029 0.5
9 871.633 0.000165032 -0.181677 0.5
9 890.661 0.35106 8.37191 0.5
9 748.183 134.306 93.9314 0.5
9 892.944 146.756 -88.3964 0.5
9 805.556 196.084 -27.7115 0.5
9 825.332 0.286134 7.55942 0.5
9 774.354 102.118 99.9776 0.5
9 916.738 173.428 67.8852 0.5
9 669.888 20.0263 -60.0351 0.5
9 884.024 7.47798 37.9431 0.5
9 961.989 2.97062 24.193 0.5
9 848.475 112.936 -99.1598 0.5
9 811.173 13.8219 50.728 0.5
9 857.282 198.622 -16.5461 0.5
9 732.363 199.738 7.23921 0.5
9 788.756 157 -82.1647 0.5
9 716.022 128.126 -95.9631 0.5
9 782.204 6.87225 -36.4311 0.5
9 677.507 196.222 27.2289 0.5
9 671.333 184.132 -54.0536 0.5
9 946.111 7.10731 37.0263 0.5
9 849.379 197.11 23.8673 0.5
9 952.008 7.26822 -37.4275 0.5
9 827.141 36.5081 -77.2578 0.5
9 716.584 173.201 68.1296 0.5
9 802.043 74.8962 96.7977 0.5
9 698.624 118.184 -98.3327 0.5
9 685.227 74.952 -96.8122 0.5
9 837.513 19.3057 -59.0629 0.5
9 997.311 50.0763 -86.6466 0.5
9 958.905 135.662 93.4248 0.5
9 788.474 1.40678 -16.7146 0.5
9 729.733 125.381 -96.7255 0.5
9 698.383 54.5088 89.0536 0.5
9 950.414 15.7164 53.8171 0.5
9 724.949 34.2965 75.386 0.5
9 944.129 20.9595 61.2584 0.5
9 766.635 59.0825 -91.2456 0.5
9 667.521 186.141 -50.7908 0.5
9 934.738 138.659 -92.2251 0.5
9 667.814 173.209 -68.1212 0.5
9 676.615 198.8 15.4429 0.5
9 711.471 67.028 94.4079 0.5
9 886.01 79.2846 97.8308 0.5
9 957.818 195.832 28.5706 0.5
9 835.72 141.573 -90.9488 0.5
9 934.494 193.187 36.2784 0.5
9 804.762 99.3003 -99.9976 0.5
9 707.261 199.658 -8.26397 0.5
9 959.701 72.3378 96.0979 0.5
9 852.909 84.5155 98.7939 0.5
9 924.202 99.4826 99.9987 0.5
9 697.347 92.2704 99.7008 0.5
9 959.519 89.543 -99.4518 0.5
9 902.933 1.41668 -16.7728 0.5
9 757.844 147.669 87.9072 0.5
9 703.679 46.2228 84.309 0.5
9 909.878 129.982 -95.3996 0.5
9 671.305 199.854 5.40069 0.5
9 701.254 108.294 -99.6555 0.5
9 801.636 60.0039 91.6532 0.5
9 877.465 105.22 99.8637 0.5
9 842.134 198.085 -19.4771 0.5
9 733.984 28.9132 -70.3325 0.5
9 891.403 198.283 18.4507 0.5
9 771.438 15.8004 53.9483 0.5
9 916.073 198.446 -17.5607 0.5
9 829.79 199.337 -11.5003 0.5
9 903.637 131.101 -95.0407 0.5
9 813.053 67.3187 94.5089 0.5
9 831.246 199.891 4.66317 0.5
9 989.684 17.1838 56.0489 0.5
9 949.818 6.73944 -36.0897 0.5
9 849.697 171.116 70.3027 0.5
9 957.167 4.14903 28.506 0.5
9 876.474 141.046 -91.1878 0.5
9 723.585 23.7978 64.7552 0.5
9 774.419 19.6422 59.5199 0.5
9 681.2 130.436 95.2556 0.5
9 941.306 29.9083 71.3243 0.5
9 998.845 192.673 37.5729 0.5
9 903.8 127.202 96.2293 0.5
9 772.366 171.469 -69.9445 0.5
9 781.869 87.5897 -99.2269 0.5
9 808.825 171.356 70.0599 0.5
9 955.885 91.7166 99.6563 0.5
9 686.547 113.352 99.1046 0.5
9 910.145 103.453 -99.9404 0.5
9 814.126 155.487 83.1936 0.5
9 975.281 0.0825006 4.0612 0.5
9 747.509 14.5979 52.0239 0.5
9 801.478 24.8913 -66.0203 0.5
9 941.18 42.4539 81.7829 0.5
9 763.253 197.694 21.352 0.5
9 940.233 165.366 -75.6787 0.5
9 773.523 192.382 38.2824 0.5
9 977.026 187.644 48.1512 0.5
9 970.994 30.8664 72.2533 0.5
9 713.207 199.09 13.46 0.5
9 727.524 152.728 -84.9692 0.5
9 855.805 18.739 58.2807 0.5
9 978.034 153.005 84.7969 0.5
9 961.051 199.879 -4.92381 0.5
9 720.472 185.32 -52.1583 0.5
9 935.111 173.302 -68.0207 0.5
9 850.221 63.5236 -93.11 0.5
9 919.098 120.412 -97.8946 0.5
9 842.448 185.334 52.1361 0.5
9 765.657 199.434 10.6209 0.5
9 857.187 35.6854 -76.5744 0.5
9 761.053 15.5224 -53.5121 0.5
9 710.482 194.014 34.0783 0.5
9 939.884 25.3948 66.5888 0.5
9 672.106 48.5609 85.7556 0.5
9 999.632 56.4524 -90.02 0.5
9 965.751 12.9471 49.2117 0.5
9 749.304 117.722 98.417 0.5
9 695.948 51.2583 87.3169 0.5
9 849.263 161.516 -78.8399 0.5
9 964.978 7.80508 38.7311 0.5
9 775.425 40.1266 -80.0948 0.5
9 909.582 96.6125 99.9426 0.5
9 882.391 16.5421 -55.0889 0.5
9 977.756 199.298 11.8321 0.5
9 739.019 49.0802 -86.065 0.5
9 839.203 83.9329 98.7008 0.5
9 964.681 31.1727 -72.5452 0.5
9 894.587 48.054 85.4494 0.5
9 891.947 8.16126 -39.5683 0.5
9 996.585 70.0988 95.4249 0.5
9 714.426 170.654 70.7678 0.5
9 729.867 52.2578 -87.8674 0.5
9 952.719 184.199 53.9492 0.5
9 930.339 112.733 -99.1861 0.5
9 817.141 17.1004 55.9254 0.5
9 729.848 50.3859 -86.8242 0.5
9 827.984 10.5912 -44.7891 0.5
9 948.371 19.3397 -59.1094 0.5
9 733.131 142.92 -90.3212 0.5
9 947.268 193.874 -34.4614 0.5
9 881.16 0.0472409 -3.07342 0.5
9 827.628 179.494 60.6688 0.5
9 810.499 45.9298 -84.1214 0.5
9 938.339 115.785 -98.7464 0.5
9 865.301 24.4796 -65.5489 0.5
9 899.301 105.303 99.8593 0.5
9 948.349 33.8469 -74.9918 0.5
9 985.599 0.28803 7.5844 0.5
9 823.507 0.678144 -11.6262 0.5
9 815.263 192.382 -38.2815 0.5
9 910.272 99.8974 99.9999 0.5
9 667.547 199.402 10.9185 0.5
9 888.887 197.859 -20.5801 0.5
9 978.891 178.107 -62.4446 0.5
9 783.044 190.753 -41.9981 0.5
9 840.97 4.25617 -28.8638 0.5
9 962.304 165.44 -75.6145 0.5
9 745.933 161.856 78.5741 0.5
9 732.406 0.175164 -5.91625 0.5
9 861.979 122.06 -97.5365 0.5
9 932.621 43.1421 82.2629 0.5
9 683.716 11.3227 46.2204 0.5
9 999.101 32.1559 -73.4654 0.5
9 893.237 174.588 66.6077 0.5
9 736.682 198.504 -17.2307 0.5
9 900.93 165.205 -75.8177 0.5
9 763.202 92.2883 99.7022 0.5
9 712.399 159.465 -80.3983 0.5
9 935.85 107.302 -99.733 0.5
9 694.82 38.4015 -78.7758 0.5
9 782.522 1.17839 15.3065 0.5
9 903.422 0.0338526 2.6018 0.5
9 895.21 0.017562 1.87406 0.5
9 689.78 3.02309 -24.4024 0.5
9 887.43 56.4052 89.9972 0.5
9 951.622 95.1576 99.8827 0.5
9 914.267 145.346 -89.1278 0.5
