0 58.372 16.9227 -55.6611 0.5
0 23.5101 184.748 -53.0821 0.5
0 15.0645 15.8639 -54.0473 0.5
0 35.2958 43.5047 82.5123 0.5
0 0.0315858 63.3129 -93.0272 0.5
0 83.6053 199.288 11.9098 0.5
0 55.459 16.496 55.019 0.5
0 89.7143 154.034 84.1444 0.5
0 68.6163 106.065 -99.8159 0.5
0 109.132 13.934 50.918 0.5
0 68.4607 29.7864 71.2043 0.5
0 106.344 199.66 -8.23614 0.5
0 81.2542 198.949 -14.4626 0.5
0 26.8273 180.684 -59.0767 0.5
0 69.7348 73.8928 96.5319 0.5
0 83.2886 34.5915 -75.6421 0.5
0 28.0541 89.1189 99.4062 0.5
0 46.3946 1.16397 15.2131 0.5
0 49.7273 63.9744 93.2854 0.5
0 98.1826 57.5225 -90.5299 0.5
0 68.6543 86.4115 -99.0725 0.5
0 85.3873 76.1636 97.1176 0.5
0 101.75 56.25 89.9219 0.5
0 55.2233 155.584 -83.1292 0.5
0 15.4062 130.606 -95.2012 0.5
0 87.9181 3.23382 25.2251 0.5
0 16.9122 5.94062 -33.9534 0.5
0 0.25824 20.5324 60.7033 0.5
0 66.6906 44.1096 -82.9232 0.5
0 99.4482 199.042 -13.812 0.5
0 8.25031 148.912 -87.2214 0.5
0 32.37 30.6824 72.0768 0.5
0 28.2249 0.89297 13.334 0.5
0 10.4612 6.4542 35.3438 0.5
0 69.0596 35.3102 76.2577 0.5
0 110.78 198.546 -16.9883 0.5
0 16.6542 14.751 52.2743 0.5
0 27.9146 6.18018 34.6098 0.5
0 26.1852 2.45997 22.0441 0.5
0 77.4883 173.564 -67.7372 0.5
0 10.1084 92.8048 -99.7408 0.5
0 60.06 10.099 -43.7928 0.5
0 81.3634 71.9018 95.9713 0.5
0 22.3213 28.5783 -69.9925 0.5
0 31.3176 42.9553 -82.1335 0.5
0 96.6082 117.77 -98.4086 0.5
0 95.3766 4.47801 29.5897 0.5
0 31.7288 177.923 -62.6735 0.5
0 33.7678 32.9614 74.2012 0.5
0 99.0064 141.628 -90.9238 0.5
0 78.2951 151.463 85.7411 0.5
0 26.9979 186.617 49.9755 0.5
0 44.236 55.5789 -89.5922 0.5
0 75.9142 141.422 91.0175 0.5
0 12.2956 107.93 99.6851 0.5
0 81.9509 85.6722 -98.9682 0.5
0 42.8691 146.693 88.4295 0.5
0 10.1861 11.9629 -47.4286 0.5
0 49.2489 162.591 -77.9896 0.5
0 42.9056 186.026 -50.9851 0.5
0 26.4479 199.674 8.06334 0.5
0 53.8391 1.05295 -14.4735 0.5
0 24.1247 0.335238 -8.1814 0.5
0 3.43587 94.097 -99.8256 0.5
0 53.7786 70.9004 -95.6724 0.5
0 67.7779 146.649 88.4527 0.5
0 98.3212 187.222 -48.911 0.5
0 53.0066 172.962 -68.3852 0.5
0 92.9216 2.04454 -20.1178 0.5
0 110.685 67.1365 -94.4457 0.5
0 19.5206 181.442 58.0273 0.5
0 6.54662 105.063 99.8718 0.5
0 89.5879 199.978 2.10734 0.5
0 84.9663 181.6 57.8047 0.5
0 109.511 134.666 93.7989 0.5
0 14.8038 1.48655 17.1785 0.5
0 72.7366 177.279 -63.4659 0.5
0 14.4768 105.905 -99.8255 0.5
0 58.1432 7.71378 -38.513 0.5
0 84.2722 149.48 -86.9006 0.5
0 72.8503 113.931 99.0249 0.5
0 15.8962 120.559 -97.8638 0.5
0 44.5196 27.9425 69.3377 0.5
0 105.888 170.781 70.64 0.5
0 0.173881 52.615 88.0605 0.5
0 48.6779 14.3213 -51.567 0.5
0 65.4435 198.797 -15.4633 0.5
0 50.537 71.6571 -95.8993 0.5
0 61.0082 8.71837 40.837 0.5
0 107.436 98.9421 -99.9944 0.5
0 26.8433 168.135 -73.1954 0.5
0 41.9528 60.773 -91.985 0.5
0 93.3737 22.5402 -63.2454 0.5
0 73.8258 35.8333 -76.6983 0.5
0 25.0437 133.061 94.3769 0.5
0 46.0053 41.5807 -81.1615 0.5
0 63.9421 199.238 -12.3227 0.5
0 21.6966 33.659 -74.8256 0.5
0 56.0133 196.249 -27.1325 0.5
0 49.3467 183.885 -54.4364 0.5
0 60.7267 74.8128 -96.7761 0.5
0 21.7675 199.123 -13.2161 0.5
0 96.8008 164.469 -76.4445 0.5
0 1.34588 157.237 -81.9993 0.5
0 104.207 199.994 1.10078 0.5
0 24.2384 143.121 -90.2252 0.5
0 90.6287 0.164413 5.73198 0.5
0 71.1437 103.214 99.9484 0.5
0 93.7917 199.717 -7.51879 0.5
0 103.429 196.883 24.7742 0.5
0 89.4542 157.783 81.6156 0.5
0 51.2784 16.1077 54.425 0.5
0 22.9294 198.97 14.317 0.5
0 68.6636 2.90624 -23.9333 0.5
0 44.8866 41.7737 81.3 0.5
0 26.5547 42.3051 -81.678 0.5
0 96.2775 197.222 -23.4079 0.5
0 53.3745 90.9856 99.5929 0.5
0 98.0313 8.18664 -39.6271 0.5
0 67.5435 185.745 51.4572 0.5
0 62.7966 3.47196 -26.1216 0.5
0 4.34278 164.888 -76.0889 0.5
0 36.9606 69.4684 -95.2251 0.5
0 27.4632 182.104 57.087 0.5
0 39.9207 168.224 73.113 0.5
0 105.268 118.103 98.3478 0.5
0 64.2719 125.995 -96.5622 0.5
0 65.4671 18.7728 58.3279 0.5
0 49.077 0.300391 -7.74519 0.5
0 1.32851 14.9843 52.6529 0.5
0 100.903 111.029 99.3899 0.5
0 59.9476 144.713 -89.4468 0.5
0 102.715 198.46 17.4846 0.5
0 79.259 21.0809 -61.4148 0.5
0 58.0202 81.9956 -98.3658 0.5
0 0.371901 98.6717 -99.9912 0.5
0 45.6892 183.556 54.9407 0.5
0 10.9195 6.16501 -34.5687 0.5
0 48.7945 3.99553 27.9847 0.5
0 38.5858 23.7987 64.7561 0.5
0 71.1152 199.303 -11.789 0.5
0 51.4851 2.89568 -23.8904 0.5
0 98.8447 3.42781 25.9579 0.5
0 70.6734 183.546 -54.955 0.5
0 33.4402 22.0409 62.6289 0.5
0 49.1474 19.3959 -59.186 0.5
0 61.399 169.127 -72.26 0.5
0 81.7917 167.848 -73.4622 0.5
0 107.222 38.4392 78.8052 0.5
0 21.7113 30.2255 71.6346 0.5
0 104.275 83.7254 98.6668 0.5
0 74.6294 80.4094 98.0623 0.5
0 58.7929 150.576 86.2672 0.5
1 157.209 13.6935 -99.7909 0.5
1 135.245 151.279 -36.5538 0.5
1 122.816 12.692 74.2049 0.5
1 133.665 79.1368 98.3295 0.5
1 153.11 127.218 -2.76178 0.5
1 164.506 102.318 -31.8238 0.5
1 163.969 26.1803 98.415 0.5
1 117.618 4.81269 54.3873 0.5
1 153.511 120.915 33.1251 0.5
1 166.072 70.612 75.2958 0.5
1 138.08 31.3327 97.5598 0.5
1 162.853 -3.90455 -98.9744 0.5
1 112.929 131.15 -93.9344 0.5
1 124.631 153.174 64.2942 0.5
1 164.265 -21.2649 -95.6419 0.5
1 118.744 30.2167 -82.4662 0.5
1 147.829 -48.1554 53.3842 0.5
1 126.842 -25.1068 20.5781 0.5
1 149.205 109.846 65.1944 0.5
1 117.491 178.515 44.4752 0.5
1 160.186 79.6567 -76.2859 0.5
1 121.687 122.212 -91.4182 0.5
1 164.682 -34.3488 -90.9538 0.5
1 130.425 18.5771 -87.7428 0.5
1 118.935 4.00056 56.589 0.5
1 134.614 94.5731 -93.5693 0.5
1 112.317 7.77415 -43.3053 0.5
1 155.015 -67.4414 40.5761 0.5
1 112.232 166.185 -73.2028 0.5
1 158.032 53.9065 -93.6093 0.5
1 163.7 -73.1714 -57.1144 0.5
1 122.699 172.055 38.8935 0.5
1 131.757 113.088 87.2573 0.5
1 151.441 126.096 -28.1765 0.5
1 146.385 -49.7983 -46.1728 0.5
1 125.919 -20.9506 30.2891 0.5
1 158.288 84.0145 75.3646 0.5
1 115.97 186.962 -30.053 0.5
1 111.636 131.569 -94.5793 0.5
1 141.147 -15.2465 -77.4789 0.5
1 142.344 34.1844 -99.311 0.5
1 112.504 58.1321 -91.8876 0.5
1 116.335 134.06 90.2311 0.5
1 144.293 138.046 -29.5996 0.5
1 143.094 10.4404 -93.9832 0.5
1 127.823 -28.9067 2.81927 0.5
1 131.76 2.8096 78.9109 0.5
1 125.21 175.24 -8.22899 0.5
1 157.805 108.384 45.085 0.5
1 121.585 39.4656 -90.5691 0.5
1 119.695 144.51 80.4635 0.5
1 150.18 -33.0493 -75.6665 0.5
1 119.697 79.3684 99.834 0.5
1 160.511 55.8744 91.0103 0.5
1 137.228 153.438 -16.2277 0.5
1 165.533 -65.966 -69.7033 0.5
1 164.82 24.479 -98.4558 0.5
1 113.608 73.1978 -97.441 0.5
1 132.249 62.6199 99.997 0.5
1 153.339 -69.0042 -28.4634 0.5
1 132.046 119.924 -82.7249 0.5
1 113.98 22.106 68.4241 0.5
1 125.202 151.096 -65.571 0.5
1 121.939 149.067 -73.4867 0.5
1 118.005 70.699 -98.4814 0.5
1 128.186 79.3377 99.602 0.5
1 159.078 -49.6232 -74.6471 0.5
1 112.382 114.135 -98.6566 0.5
1 130.107 81.0695 -99.0191 0.5
1 125.614 56.0729 -98.2153 0.5
1 155.29 52.4647 -95.7072 0.5
1 115.904 156.356 -76.285 0.5
1 134.109 107.314 -88.1882 0.5
1 156.937 -67.5736 -47.1227 0.5
1 137.052 57.1694 -99.9779 0.5
1 159.809 -76.921 -37.8178 0.5
1 160.259 -62.9205 62.835 0.5
1 138.611 134.661 56.8169 0.5
1 153.04 116.896 -44.5672 0.5
1 124.708 5.01892 69.9829 0.5
1 116.44 20.7474 71.3914 0.5
1 122.427 123.672 90.1529 0.5
1 116.502 95.2284 -99.8957 0.5
1 122.942 52.7037 96.3407 0.5
1 148.753 -29.7993 76.3329 0.5
1 125.628 -17.1436 39.1911 0.5
1 124.214 157.055 -60.3333 0.5
1 151.128 -65.5406 27.2038 0.5
1 136.836 24.7081 -95.1594 0.5
1 146.882 133.53 29.7029 0.5
1 125.467 52.3081 -97.3599 0.5
1 137.682 152.778 -15.4454 0.5
1 156.555 25.0725 99.9284 0.5
1 148.776 85.2525 86.3176 0.5
1 144.258 75.6502 -94.3762 0.5
1 115.785 174.219 -56.7835 0.5
1 160.922 -19.1049 94.4573 0.5
1 142.86 75.1067 95.3634 0.5
1 143.669 115.638 -69.3668 0.5
1 143.244 50.3623 -99.8188 0.5
1 127.929 116.596 88.9341 0.5
1 111.54 148.729 -86.9057 0.5
1 138.144 -27.0335 59.7165 0.5
1 160.681 98.6123 -53.5255 0.5
1 159.579 97.58 -57.9067 0.5
1 141.101 111.48 77.3132 0.5
1 134.232 159.945 1.28313 0.5
1 149.139 132.995 -15.0523 0.5
1 130.974 134.12 72.8328 0.5
1 124.202 -4.53044 57.4423 0.5
1 161.961 -73.5815 51.8507 0.5
1 147.78 -46.6611 55.5539 0.5
1 144.076 87.2005 -89.6538 0.5
1 115.714 57.9406 94.0112 0.5
1 165.306 105.279 13.0304 0.5
1 151.037 21.8446 -99.594 0.5
1 129.26 148.921 -59.523 0.5
1 155.119 -63.1173 -49.4915 0.5
1 147.083 -59.2861 -24.3834 0.5
1 155.94 113.002 42.2257 0.5
1 119.672 50.0516 93.6297 0.5
1 140.777 148.39 -6.74567 0.5
1 152.272 -41.6893 71.0229 0.5
1 125.624 60.4225 -98.9517 0.5
1 123.586 148.741 71.0704 0.5
1 137.064 -35.3943 42.6636 0.5
1 133.861 156.291 29.0275 0.5
1 133.809 106.22 -89.0317 0.5
1 158.43 10.3436 -99.7033 0.5
1 125.199 -24.2748 -5.03596 0.5
1 115.384 1.30856 40.8164 0.5
1 124.523 -22.2322 -14.0947 0.5
1 163.793 -8.65501 -98.4732 0.5
1 116.16 -3.52232 -31.8968 0.5
1 155.619 102.021 -61.1663 0.5
1 125.717 22.1364 85.0701 0.5
1 164.25 70.654 -77.9076 0.5
1 147.978 13.8268 -97.4777 0.5
1 135.993 73.3745 98.6342 0.5
1 156.648 -77.9428 -13.6022 0.5
1 117.236 54.6153 -93.7581 0.5
1 154.505 124.501 8.2244 0.5
1 130.728 -30.4532 26.3163 0.5
1 164.908 -51.1039 81.5151 0.5
2 174.841 110.245 -38.4512 0.5
2 207.905 -23.0459 -18.6372 0.5
2 205.872 161.445 44.0714 0.5
2 177.931 -44.9729 73.0811 0.5
2 196.01 54.6333 100 0.5
2 203.29 132.959 75.3444 0.5
2 193.604 54.8148 -99.9039 0.5
2 202.626 -5.20155 70.1576 0.5
2 173.969 -83.0501 10.2513 0.5
2 219.089 26.5897 73.3368 0.5
2 190.305 77.4653 -94.4861 0.5
2 179.562 -0.882043 96.2883 0.5
2 214.377 88.2721 -99.9827 0.5
2 187.214 -51.3776 42.0245 0.5
2 182.849 38.8752 99.7496 0.5
2 171.268 111.644 4.47801 0.5
2 190.686 -39.132 -53.4615 0.5
2 212.942 9.61946 -66.9214 0.5
2 217.898 191.583 -13.5912 0.5
2 213.859 -8.73861 33.4135 0.5
2 167.917 -80.6857 49.9594 0.5
2 200.875 47.1288 -98.7284 0.5
2 207.811 94.2463 98.1382 0.5
2 221.367 143.054 89.5352 0.5
2 208.267 -23.1853 -14.0131 0.5
2 206.224 147.405 66.0128 0.5
2 170.289 44.3603 93.9297 0.5
2 178.517 -38.3606 77.9333 0.5
2 220.563 190.064 -36.9157 0.5
2 217.909 27.2104 75.7198 0.5
2 196.488 151.145 -28.9492 0.5
2 168.35 81.3635 -66.5122 0.5
2 220.375 60.0213 92.9907 0.5
2 169.478 3.98638 99.8915 0.5
2 189.196 124.28 57.9698 0.5
2 219.379 194.567 10.0687 0.5
2 191.156 142.308 -27.5966 0.5
2 191.902 16.2329 -94.9914 0.5
2 220.892 57.9625 -91.7673 0.5
2 201.31 162.566 15.5262 0.5
2 190.411 -4.88468 86.7258 0.5
2 179.719 63.4833 92.863 0.5
2 213.613 61.1559 -97.0938 0.5
2 196.805 99.9405 89.817 0.5
2 209.516 18.4382 -80.3327 0.5
2 185.066 63.4377 -96.06 0.5
2 180.395 76.2444 -87.3452 0.5
2 186.017 -50.615 -47.6722 0.5
2 214.855 174.407 -49.0097 0.5
2 174.67 -41.7026 80.4905 0.5
2 186.47 133.241 30.7177 0.5
2 184.676 85.1061 -86.5226 0.5
2 199.631 6.25781 -83.7703 0.5
2 207.764 58.5326 98.6418 0.5
2 185.181 -34.86 70.719 0.5
2 205.799 171.47 4.11226 0.5
2 167.42 79.3351 -66.9796 0.5
2 168.24 -42.5123 -87.1654 0.5
2 201.99 25.2179 -91.7648 0.5
2 217.965 174.513 -57.397 0.5
2 193.369 72.5096 97.4393 0.5
2 174.667 -69.0892 -49.7948 0.5
2 213.713 182.569 23.0498 0.5
2 216.167 186.983 -22.345 0.5
2 190.941 116.286 70.954 0.5
2 210.175 -1.23954 59.4992 0.5
2 197.486 33.2793 -97.1078 0.5
2 197.895 -21.3321 61.0582 0.5
2 180.476 55.7706 -95.9774 0.5
2 173.027 -76.6557 40.4669 0.5
2 188.698 -50.1063 -39.0949 0.5
2 171.271 10.2007 99.988 0.5
2 179.252 -74.282 5.37351 0.5
2 180.588 106.039 62.3897 0.5
2 190.204 56.3109 99.3052 0.5
2 188.143 71.0748 95.3616 0.5
2 193.047 -48.4315 20.3919 0.5
2 216.336 15.9717 67.4434 0.5
2 188.948 100.653 81.2582 0.5
2 191.726 130.691 -55.0078 0.5
2 217.072 28.6717 78.1365 0.5
2 207.515 71.9706 99.9673 0.5
2 174.923 -70.2365 46.915 0.5
2 168.938 107.697 -1.50166 0.5
2 215.578 134.518 88.7786 0.5
2 220.958 72.7287 -96.8036 0.5
2 168.271 69.037 78.0757 0.5
2 189.102 141.904 -12.0586 0.5
2 199.571 107.702 88.3006 0.5
2 189.836 92.8782 87.1878 0.5
2 179.175 -74.379 -6.02421 0.5
2 201.3 -20.7979 53.3834 0.5
2 215.206 115.061 -96.2257 0.5
2 178.061 -66.6073 43.3449 0.5
2 168.751 98.685 -40.7948 0.5
2 209.447 177.838 2.62471 0.5
2 201.078 39.8563 97.1944 0.5
2 204.242 1.83074 -74.2116 0.5
2 212.705 104.054 -97.868 0.5
2 172.876 114.529 -0.399518 0.5
2 203.728 10.5245 -81.856 0.5
2 213.988 -13.0878 15.2819 0.5
2 174.851 -32.9352 -86.0855 0.5
2 175.896 107.957 -47.1306 0.5
2 216.156 -5.43423 31.4464 0.5
2 193.357 147.491 22.2793 0.5
2 191.379 110.843 -76.616 0.5
2 208.593 176.076 -7.96845 0.5
2 211.678 154.577 68.5149 0.5
2 179.281 123.243 -21.6886 0.5
2 188.044 1.03079 -91.7513 0.5
2 185.717 100.136 -77.3626 0.5
2 171.704 -58.3301 70.5906 0.5
2 196.358 2.41142 84.9307 0.5
2 168.664 1.86543 99.8558 0.5
2 192.711 -22.1894 -70.345 0.5
2 179.787 86.5047 -79.9969 0.5
2 213.548 116.637 -94.8556 0.5
2 167.643 -33.636 -92.0384 0.5
2 174.803 82.6409 76.1861 0.5
2 186.385 68.3096 -95.273 0.5
2 215.082 47.1096 -91.4216 0.5
2 217.925 -4.56415 23.8208 0.5
2 176.053 -79.2922 11.6048 0.5
2 191.386 134.159 -48.2865 0.5
2 218.649 100.829 99.7535 0.5
2 216.047 14.2665 66.1015 0.5
2 179.12 -63.5182 45.8631 0.5
2 204.338 68.1986 99.9966 0.5
2 219.791 45.2937 86.315 0.5
2 179.225 48.3954 97.3501 0.5
2 187.806 -39.3505 -60.3449 0.5
2 208.221 -24.0896 5.67585 0.5
2 193.894 -25.2492 -64.7768 0.5
2 216.539 104.969 -98.8969 0.5
2 170.341 36.4559 96.4752 0.5
2 178.037 60.2457 92.992 0.5
2 190.69 -53.5434 -14.6018 0.5
2 213.711 41.8603 90.0926 0.5
2 201.632 141.142 64.04 0.5
2 202.549 118.819 84.8662 0.5
2 187.057 -38.2998 63.3285 0.5
2 204.496 -28.161 22.4064 0.5
2 186.61 128.539 43.1295 0.5
2 169.624 -84.3882 -36.0244 0.5
2 168.227 101.453 31.2959 0.5
2 181.98 -52.0966 56.6651 0.5
3 236.259 176.27 -64.6751 0.5
3 226.741 166.741 74.4693 0.5
3 232.459 104.538 -99.897 0.5
3 289.149 8.88895 41.2162 0.5
3 259.605 40.8005 -80.5942 0.5
3 292.174 199.987 1.61464 0.5
3 324.017 172.715 68.6479 0.5
3 233.475 4.48336 29.607 0.5
3 281.664 165.247 -75.7812 0.5
3 241.289 183.912 -54.3947 0.5
3 275.579 89.9716 99.4959 0.5
3 319.155 195.358 -30.1152 0.5
3 285.155 124.873 -96.8572 0.5
3 251.326 83.5776 98.6423 0.5
3 272.671 73.9153 96.538 0.5
3 255.003 110.809 -99.4141 0.5
3 234.81 149.602 86.8311 0.5
3 248.02 127.57 -96.1244 0.5
3 276.93 2.90128 -23.9131 0.5
3 225.797 169.43 -71.9686 0.5
3 280.728 193.291 36.0104 0.5
3 248.903 194.642 -32.2928 0.5
3 261.66 102.198 -99.9759 0.5
3 312.58 1.78461 18.8079 0.5
3 331.99 79.4278 -97.8611 0.5
3 241.873 106.454 -99.7915 0.5
3 288.255 169.449 71.9507 0.5
3 256.684 176.482 -64.424 0.5
3 244.029 80.4264 98.0657 0.5
3 278.408 2.60098 22.659 0.5
3 261.986 143.705 89.9436 0.5
3 325.343 199.963 2.73031 0.5
3 317.64 177.649 63.0134 0.5
3 309.522 200 0.10288 0.5
3 237.867 154.676 83.7292 0.5
3 283.575 80.309 -98.0422 0.5
3 321.22 28.1927 -69.5968 0.5
3 304.201 0.0206074 2.03004 0.5
3 265.135 27.2203 68.5793 0.5
3 280.386 193.993 -34.1371 0.5
3 258.504 199.983 -1.83555 0.5
3 330.916 85.7576 98.9806 0.5
3 291.834 67.3309 -94.5131 0.5
3 254.086 2.86416 -23.7619 0.5
3 311.352 43.6856 -82.6359 0.5
3 230.532 49.3123 86.2018 0.5
3 252.364 198.442 -17.5826 0.5
3 264.893 168.491 -72.8626 0.5
3 239.393 190.004 43.5802 0.5
3 259.864 101.682 -99.9859 0.5
3 260.202 151.293 85.843 0.5
3 293.532 95.039 -99.8769 0.5
3 333.156 0.168619 -5.80477 0.5
3 228.3 35.9196 76.7705 0.5
3 296.318 4.07874 -28.2686 0.5
3 286.657 191.454 -40.4494 0.5
3 257.02 28.632 70.0472 0.5
3 306.998 38.5285 78.875 0.5
3 310.915 42.692 81.95 0.5
3 312.031 62.4492 -92.6819 0.5
3 230.043 193.414 35.6919 0.5
3 295.331 129.922 -95.4184 0.5
3 263.377 199.829 -5.83968 0.5
3 260.44 75.965 -97.0686 0.5
3 270.02 60.8639 92.0237 0.5
3 311.462 43.8789 82.7673 0.5
3 311.501 110.146 -99.484 0.5
3 266.409 5.21945 -31.8849 0.5
3 253.206 126.392 -96.4545 0.5
3 309.804 194.596 -32.4272 0.5
3 281.104 198.142 19.188 0.5
3 257.027 157.208 -82.0197 0.5
3 295.447 198.671 -16.247 0.5
3 227.999 2.30717 -21.3568 0.5
3 328.106 168.909 72.4678 0.5
3 239.814 182.128 -57.0524 0.5
3 230.288 92.4337 -99.7133 0.5
3 286.601 107.445 -99.7225 0.5
3 252.812 114.134 98.996 0.5
3 311.581 199.508 -9.90754 0.5
3 290.786 5.48187 32.6546 0.5
3 298.008 0.0784004 3.95903 0.5
3 319.499 177.211 63.5494 0.5
3 267.781 196.178 27.3827 0.5
3 331.464 100.606 99.9982 0.5
3 269.209 130.002 95.3933 0.5
3 240.673 63.3557 -93.044 0.5
3 243.141 13.1691 -49.6024 0.5
3 278.206 199.415 -10.8025 0.5
3 312.477 32.3158 73.6128 0.5
3 301.755 138.3 92.3748 0.5
3 234.545 151.867 85.4977 0.5
3 233.884 195.806 28.658 0.5
3 248.846 80.2497 98.0302 0.5
3 256.925 194.986 -31.2682 0.5
3 278.274 157.078 -82.1105 0.5
3 228.247 55.6285 -89.6168 0.5
3 305.1 30.4125 -71.8163 0.5
3 252.332 111.864 -99.2937 0.5
3 243.039 2.62396 22.7576 0.5
3 292.216 54.3557 88.9753 0.5
3 326.559 107.172 99.7425 0.5
3 229.925 3.14741 -24.8913 0.5
3 325.066 191.9 -39.4251 0.5
3 291.984 180.236 59.6843 0.5
3 327.85 28.0592 -69.4588 0.5
3 281.697 0.372441 8.62261 0.5
3 282.909 155.544 83.1557 0.5
3 325.239 178.708 -61.6857 0.5
3 235.734 80.1996 98.0201 0.5
3 265.453 181.22 58.3382 0.5
3 315.315 185.911 -51.1794 0.5
3 255.529 59.1785 -91.2886 0.5
3 278.006 43.2745 82.3542 0.5
3 243.291 115.862 -98.7339 0.5
3 230.765 196.239 27.1671 0.5
3 327.136 180.429 59.4233 0.5
3 225.43 65.1606 -93.7348 0.5
3 315.165 77.6115 -97.4615 0.5
3 269.533 1.54442 -17.5071 0.5
3 291.286 85.9309 99.0053 0.5
3 228.443 182.262 56.8599 0.5
3 292.779 71.2498 -95.778 0.5
3 244.404 1.7215 18.4753 0.5
3 229.066 112.516 -99.2137 0.5
3 234.732 28.4098 69.8201 0.5
3 285.862 75.9639 -97.0684 0.5
3 281.911 199.506 -9.92426 0.5
3 261.453 137.639 92.6461 0.5
3 243.702 155.708 83.046 0.5
3 251.571 37.1362 -77.7698 0.5
3 281.83 183.663 54.777 0.5
4 355.29 70.7436 -99.6143 0.5
4 385.261 -8.60707 -98.2426 0.5
4 347.713 79.9512 -99.882 0.5
4 376.135 -68.8049 -32.2093 0.5
4 352.124 97.1181 -95.4986 0.5
4 376.536 26.7988 99.9867 0.5
4 388.602 103.93 8.26618 0.5
4 376.658 -39.852 76.1543 0.5
4 343.499 164.988 -56.3734 0.5
4 343.441 136.945 -83.8748 0.5
4 363.17 -10.2416 81.0581 0.5
4 358.143 88.9929 -94.7535 0.5
4 382.728 35.3434 -97.7922 0.5
4 361.53 150.913 7.03791 0.5
4 383.545 -29.3987 -90.5522 0.5
4 358.446 129.634 68.2053 0.5
4 368.269 66.4026 -96.3104 0.5
4 376.298 91.4934 75.2046 0.5
4 375.785 -68.9736 -29.8382 0.5
4 366.494 112.522 71.4542 0.5
4 335.235 110.501 99.0438 0.5
4 385.158 -87.3368 -21.8909 0.5
4 340.986 2.07625 53.2082 0.5
4 341.428 47.9038 92.4678 0.5
4 336.485 155.682 -79.1319 0.5
4 361.755 -33.5295 -53.7874 0.5
4 364.587 -53.8885 -6.98108 0.5
4 351.509 132.861 -76.5508 0.5
4 376.575 -13.2055 -92.371 0.5
4 384.796 75.3654 76.4166 0.5
4 375.93 116.468 -43.0749 0.5
4 336.355 97.6553 99.9583 0.5
4 366.559 133.856 40.562 0.5
4 342.951 -5.61066 -45.6894 0.5
4 354.413 112.946 86.9144 0.5
4 376.836 -13.0193 92.6333 0.5
4 345.053 166.681 49.3394 0.5
4 371.552 93.0082 80.5899 0.5
4 361.282 22.0563 -95.5388 0.5
4 377.403 111.015 48.6914 0.5
4 362.262 148.062 19.0536 0.5
4 344.119 -9.84028 -41.1098 0.5
4 364.107 144.24 22.0355 0.5
4 364.729 -41.5187 49.0583 0.5
4 338.251 186.92 29.8572 0.5
4 365.456 70.7792 96.4475 0.5
4 380.296 95.9806 63.4125 0.5
4 345.238 -7.23934 -49.9687 0.5
4 357.14 104.096 89.1352 0.5
4 354.068 78.8865 98.8987 0.5
4 364.88 142.19 -24.9782 0.5
4 372.43 119.42 -49.0638 0.5
4 382.958 -85.7782 -5.90215 0.5
4 371.306 65.3069 -95.0486 0.5
4 347.425 60.3695 -98.8346 0.5
4 351.626 12.5459 83.0038 0.5
4 352.251 95.0674 -96.0483 0.5
4 356.997 81.5395 -97.4298 0.5
4 346.75 63.9776 -99.1795 0.5
4 349.982 -16.9844 -47.2226 0.5
4 377.878 117.816 -31.3171 0.5
4 375.137 19.5563 -99.6765 0.5
4 354.549 -30.7424 34.1288 0.5
4 333.948 82.2059 -98.5907 0.5
4 361.426 119.232 73.4226 0.5
4 388.79 -36.4118 91.4942 0.5
4 355.707 89.2731 -95.9926 0.5
4 382.466 103.995 45.4087 0.5
4 380.876 -76.7788 32.9037 0.5
4 371.737 -21.1465 83.7596 0.5
4 384.098 -82.4599 32.6121 0.5
4 357.629 147.574 44.2917 0.5
4 351.819 86.004 98.3627 0.5
4 383.999 109.582 -22.9177 0.5
4 387.39 -49.2677 -83.0927 0.5
4 336.91 27.7472 75.076 0.5
4 382.78 90.484 64.8428 0.5
4 352.262 -0.269883 73.796 0.5
4 384.809 -38.9281 86.7348 0.5
4 345.585 28.2576 -86.2995 0.5
4 338.009 10.3475 57.8702 0.5
4 376.881 5.62139 -98.1876 0.5
4 339.489 88.0725 99.992 0.5
4 383.33 5.69854 99.7028 0.5
4 381.315 -82.9279 5.98844 0.5
4 338.753 41.4869 -87.1016 0.5
4 380.616 -42.2466 -79.7352 0.5
4 350.195 168.864 19.5501 0.5
4 354.498 65.6587 99.9731 0.5
4 382.912 102.221 -47.3235 0.5
4 382.966 -85.6118 8.41076 0.5
4 383.022 -58.2434 69.2097 0.5
4 365.131 -32.4515 -63.3481 0.5
4 388.744 103.881 -5.38002 0.5
4 388.202 -81.7789 49.756 0.5
4 335.749 37.7952 -81.4465 0.5
4 349.972 -14.5323 51.5087 0.5
4 382.557 -72.4871 -48.8981 0.5
4 362.445 29.8724 98.0393 0.5
4 344.547 -19.0622 8.47371 0.5
4 361.337 145.105 -35.1742 0.5
4 372.037 132.804 5.62623 0.5
4 340.935 37.1996 -86.813 0.5
4 341.718 180.232 31.9624 0.5
4 335.73 -3.52591 -11.162 0.5
4 383.656 -80.9842 -34.6004 0.5
4 375.217 40.1693 99.1885 0.5
4 362.125 150.086 -3.04018 0.5
4 379.623 -64.2565 -54.1342 0.5
4 368.48 -60.0813 12.578 0.5
4 346.986 -14.0055 -42.8409 0.5
4 378.454 37.926 -98.6992 0.5
4 345.824 154.282 -65.0888 0.5
4 356.886 140.807 -57.8039 0.5
4 337.463 65.5238 -96.1947 0.5
4 341.607 72.3598 -99.1103 0.5
4 364.238 25.9623 97.8742 0.5
4 362.874 132.384 -54.9501 0.5
4 341.462 123.623 -92.6202 0.5
4 358.136 56.1925 99.9964 0.5
4 341.397 101.119 98.8555 0.5
4 374.906 96.9868 -72.3878 0.5
4 357.958 -16.8744 -67.0135 0.5
4 380.072 -23.8471 90.3338 0.5
4 340.428 117.837 95.3545 0.5
4 355.225 -37.5851 -8.13643 0.5
4 358.206 -10.4323 73.917 0.5
4 386.197 79.6963 70.1587 0.5
4 345.911 174.249 -27.8864 0.5
4 376.433 -17.6372 90.2891 0.5
4 357.509 83.0815 96.8362 0.5
4 344.79 -5.87231 -50.9798 0.5
4 349.396 140.54 -72.9852 0.5
4 378.373 49.5457 96.1281 0.5
4 358.749 -4.68432 79.4985 0.5
4 342.617 0.0408768 54.4441 0.5
4 371.899 111.258 62.5092 0.5
4 333.555 198.906 -11.8909 0.5
4 355.596 -6.85927 -73.0432 0.5
4 387.844 95.1311 -44.5131 0.5
4 373.554 126.028 -29.0326 0.5
4 357.004 72.6625 -99.0626 0.5
4 372.677 101.711 71.5552 0.5
5 383.589 -105.053 -8.37721 0.5
5 339.85 -181.104 3.42779 0.5
5 359.742 -21.5758 -96.7902 0.5
5 361.592 53.2089 25.4266 0.5
5 377.529 -15.0546 99.9964 0.5
5 364.727 -113.19 66.0121 0.5
5 347.229 -112.438 89.7721 0.5
5 381.675 82.2168 41.5981 0.5
5 384.505 -103.812 1.20064 0.5
5 368.995 -111.729 58.5789 0.5
5 388.351 102.379 9.62403 0.5
5 333.941 -5.20699 50.7058 0.5
5 361.772 43.5973 -49.6733 0.5
5 334.211 0.48289 -40.5416 0.5
5 364.35 -119.373 59.129 0.5
5 352.281 -128.939 72.0857 0.5
5 357.687 -4.42097 -88.8704 0.5
5 373.619 -76.762 84.109 0.5
5 343.119 -109.856 93.9134 0.5
5 334.178 -0.411769 42.3792 0.5
5 386.425 -43.0645 90.4854 0.5
5 378.361 1.66313 -98.6916 0.5
5 385.652 -101.381 -9.49429 0.5
5 386.969 -6.66151 -99.7469 0.5
5 339.352 -59.515 -97.4335 0.5
5 335.733 -174.016 -51.4948 0.5
5 360.141 10.7971 82.2924 0.5
5 373.512 75.5787 17.6116 0.5
5 338.69 -29.0656 84.0978 0.5
5 355.252 -84.4931 -95.3915 0.5
5 336.885 -51.045 -93.5798 0.5
5 373.19 -122.965 9.49032 0.5
5 366.901 24.9193 -80.5733 0.5
5 363.292 59.096 8.27814 0.5
5 349.799 -160.115 -27.3589 0.5
5 367.997 -55.497 -97.2985 0.5
5 355.673 22.4409 -64.7613 0.5
5 369.543 -14.9607 -98.9029 0.5
5 359.545 -130.072 -55.7424 0.5
5 385.571 72.4559 66.7869 0.5
5 359.044 20.7938 72.6546 0.5
5 338.589 -177.871 -32.6354 0.5
5 338.745 10.3878 -35.5584 0.5
5 335.597 -109.635 97.7471 0.5
5 381.543 -56.589 87.923 0.5
5 362.165 56.5542 13.6387 0.5
5 382.499 48.3052 83.1198 0.5
5 336.026 -100.652 99.169 0.5
5 380.839 -87.1504 -63.8257 0.5
5 367.585 -21.9796 -99.377 0.5
5 336.771 -107.215 -97.8298 0.5
5 376.302 37.1598 -83.3932 0.5
5 364.697 47.4828 -51.6832 0.5
5 364.305 49.647 -46.6475 0.5
5 383.569 30.1825 93.4403 0.5
5 388.552 31.5065 -95.9074 0.5
5 377.866 -96.2065 58.795 0.5
5 356.482 24.9564 63.4272 0.5
5 377.733 -91.9318 -64.5404 0.5
5 343.395 -172.903 20.4816 0.5
5 363.111 -35.0695 99.8315 0.5
5 368.253 -11.236 -97.8274 0.5
5 369.328 -14.8899 98.8356 0.5
5 358.979 -4.34793 89.9548 0.5
5 388.888 52.3273 87.4213 0.5
5 341.723 -63.1157 -98.8982 0.5
5 388.035 9.39201 -99.7479 0.5
5 386.436 99.3354 6.18746 0.5
5 384.216 13.6517 -98.3721 0.5
5 379.378 -86.7034 67.2543 0.5
5 360.974 -53.6609 99.5864 0.5
5 366.768 61.1423 29.0657 0.5
5 383.607 80.7988 50.7386 0.5
5 338.64 -132.597 86.9814 0.5
5 340.4 -180.118 -4.27566 0.5
5 365.958 -113.858 -62.6842 0.5
5 370.553 -67.9715 91.6569 0.5
5 354.45 -43.0595 99.1755 0.5
5 334.553 -171.645 58.2155 0.5
5 351.178 -85.3629 97.1215 0.5
5 359.306 -110.441 -77.6791 0.5
5 366.735 49.0085 54.8654 0.5
5 375.223 -50.3927 95.2359 0.5
5 368.253 -3.9494 -95.9947 0.5
5 341.478 -175.461 -23.8379 0.5
5 387.898 -85.1791 -48.8839 0.5
5 338.886 -163.22 59.4785 0.5
5 378.678 -109.403 -29.6837 0.5
5 352.32 -149.544 -43.6306 0.5
5 388.162 87.5477 -52.626 0.5
5 386.549 87.1463 -48.5501 0.5
5 334.969 0.206435 43.9519 0.5
5 336.817 -105.083 -98.2421 0.5
5 387.151 -81.7137 -56.5447 0.5
5 347.084 -164.124 29.6923 0.5
5 360.468 46.0028 40.4484 0.5
5 383.726 -65.758 -79.5531 0.5
5 358.55 -99.485 -86.188 0.5
5 367.106 34.3366 73.0506 0.5
5 366.122 -117.371 -57.6471 0.5
5 372.386 64.6857 -44.618 0.5
5 361.513 -88.827 89.2091 0.5
5 380.549 41.695 85.1928 0.5
5 367.501 17.9532 85.8847 0.5
5 369.2 -47.3159 98.5464 0.5
5 379.057 -111.543 -18.4271 0.5
5 369.985 -118.293 44.9563 0.5
5 349 -78.8279 99.0827 0.5
5 381.183 90.3009 5.04153 0.5
5 367.855 18.3556 -86.0098 0.5
5 353.418 -149.228 40.1961 0.5
5 376.088 -71.2512 84.8909 0.5
5 372.587 72.4167 24.7956 0.5
5 345.62 -164.579 35.701 0.5
5 373.489 76.8998 -6.33789 0.5
5 358.863 50.4133 -16.4085 0.5
5 342.29 -27.0834 86.687 0.5
5 380.563 -107.608 -24.461 0.5
5 366.849 -126.969 -37.8258 0.5
5 340.201 -4.09519 64.4511 0.5
5 351.47 22.339 -55.2131 0.5
5 354.502 -118.004 -78.2862 0.5
5 335.475 -171.99 55.4027 0.5
5 382.7 24.4978 94.9285 0.5
5 372.108 -40.3735 -98.856 0.5
5 351.257 -3.21864 -81.3282 0.5
5 362.182 -136.016 -35.3777 0.5
5 378.988 61.5318 -66.2502 0.5
5 337.021 -173.472 -48.5751 0.5
5 364.877 -47.9443 -99.4857 0.5
5 355.12 -138.622 -54.4016 0.5
5 338.322 -83.7353 100 0.5
5 352.812 -13.4328 89.1619 0.5
5 372.692 -123.778 -9.99463 0.5
5 358.661 -5.03829 -90.0223 0.5
5 360.901 -84.1992 91.8692 0.5
5 352.26 -94.8055 93.6238 0.5
5 364.275 56.0489 31.5103 0.5
5 340.756 -176.586 24.3367 0.5
5 367.12 -48.5611 98.9239 0.5
5 364.371 -137.38 -16.1372 0.5
5 370.334 -81.3229 84.8245 0.5
5 370.836 -124.336 -24.9295 0.5
5 353.114 31.3839 -44.461 0.5
5 356.678 46.82 15.2105 0.5
6 362.291 7.53676 -1.62193 0.5
6 392.133 0.0015955 38.1141 0.5
6 340.293 -18.258 -67.0487 0.5
6 366.434 -147.698 -83.3524 0.5
6 389.586 -63.5597 95.7358 0.5
6 412.784 -192.398 3.2308 0.5
6 354.979 -20.142 -69.0763 0.5
6 349.629 -96.3572 99.9236 0.5
6 412.946 -164.575 69.2676 0.5
6 334.792 1.11502 35.2926 0.5
6 435.447 -61.8401 -95.1999 0.5
6 381.774 -33.784 -80.9833 0.5
6 428.794 -46.3391 88.7343 0.5
6 385.103 -27.354 -75.9111 0.5
6 435.186 -189.903 -22.4261 0.5
6 432.709 -186.699 33.4231 0.5
6 402.459 -178.148 -51.535 0.5
6 351.613 -186.449 -34.1198 0.5
6 424.861 -191.778 -11.5705 0.5
6 421.722 -160.327 73.4349 0.5
6 356.037 -171.291 -61.5157 0.5
6 391.836 -81.4219 99.39 0.5
6 334.032 3.6443 27.6743 0.5
6 347.47 -22.7019 -71.6603 0.5
6 334.886 -158.582 -75.0107 0.5
6 352.316 -3.48238 -45.659 0.5
6 423.329 -92.3262 99.9999 0.5
6 421.443 -107.354 -98.8831 0.5
6 429.15 -91.9358 99.9987 0.5
6 383.95 1.31733 34.7516 0.5
6 380.168 -172.649 59.7338 0.5
6 405.194 1.78384 -33.4659 0.5
6 388.153 -129.592 -92.8465 0.5
6 412.842 -22.6368 71.5968 0.5
6 425.07 -90.9732 -99.9891 0.5
6 432.633 -188.324 28.4303 0.5
6 366.219 -42.8908 -86.8555 0.5
6 428.127 -123.874 -94.9344 0.5
6 379.527 -9.24292 -55.4668 0.5
6 433.527 7.53434 -1.76465 0.5
6 386.007 5.37483 20.7433 0.5
6 436.152 -25.5068 -74.2872 0.5
6 444.335 -14.5715 -62.7289 0.5
6 429.258 -187.845 29.9983 0.5
6 436.329 6.93525 11.0705 0.5
6 390.68 -187.951 29.6592 0.5
6 411.858 -89.8049 99.965 0.5
6 420.878 -80.8137 99.3207 0.5
6 344.99 -58.6303 -94.1075 0.5
6 381.76 -192.4 3.15795 0.5
6 374.117 -151.769 80.5065 0.5
6 348.974 -4.09766 46.8385 0.5
6 341.659 3.49669 -28.1818 0.5
6 441.637 7.46696 4.07219 0.5
6 348.978 -1.42017 -41.3951 0.5
6 351.641 -31.766 79.4823 0.5
6 376.437 -139.214 88.3922 0.5
6 402.332 -110.372 98.381 0.5
6 353.237 -153.296 -79.3587 0.5
6 434.32 -9.54621 55.9191 0.5
6 412.998 -190.816 18.0067 0.5
6 380.548 -192.046 -8.97873 0.5
6 430.42 -47.2846 -89.2193 0.5
6 394.464 -110.041 98.4406 0.5
6 336.872 -1.86949 42.3693 0.5
6 431.567 -180.949 -46.5604 0.5
6 341.325 7.18837 -8.49577 0.5
6 373.174 -150.963 81.0939 0.5
6 377.201 -177.022 -53.3632 0.5
6 372.338 -89.8485 99.9662 0.5
6 345.528 -187.343 31.5503 0.5
6 356.724 -73.2182 98.1333 0.5
6 433.492 -112.649 -97.9388 0.5
6 345.452 -141.478 -87.1566 0.5
6 412.117 -86.1833 -99.8034 0.5
6 369.812 -136.52 89.7654 0.5
6 339.73 5.11547 21.9308 0.5
6 346.483 -97.2391 99.8853 0.5
6 407.155 -36.0867 -82.6025 0.5
6 389.948 7.4954 3.30126 0.5
6 411.956 6.68659 13.1118 0.5
6 380.854 -19.9922 68.9192 0.5
6 413.014 -1.82853 -42.2816 0.5
6 335.894 -129.141 -93.0255 0.5
6 333.861 -183.298 -41.7932 0.5
6 400.305 -117.489 96.8145 0.5
6 442.828 -7.31835 -52.4651 0.5
6 425.035 -95.6887 99.9475 0.5
6 397.374 -180.027 48.2726 0.5
6 407.706 -25.3309 74.1284 0.5
6 379.86 -160.88 -72.9203 0.5
6 358.813 -171.797 60.8607 0.5
6 343.124 -166.163 -67.5751 0.5
6 434.956 -71.4757 97.7756 0.5
6 367.927 -116.078 -97.1686 0.5
6 388.642 -110.639 98.3318 0.5
6 424.674 -157.55 -75.908 0.5
6 409.223 -26.3271 -75.0183 0.5
6 385.36 -181.811 44.8844 0.5
6 417.512 -192.208 -6.9603 0.5
6 357.694 0.828749 36.0425 0.5
6 398.489 -17.5619 -66.2703 0.5
6 334.613 -155.878 77.3104 0.5
6 384.767 2.58035 31.1322 0.5
6 341.187 -192.013 -9.34047 0.5
6 416.36 -191.903 10.4469 0.5
6 349.512 2.95694 29.9583 0.5
6 382.316 -30.9267 -78.8345 0.5
6 390.516 -19.9686 -68.8944 0.5
6 419.147 -147.731 -83.3311 0.5
6 430.72 -176.376 54.3739 0.5
6 436.795 -44.7724 -87.9024 0.5
6 386.077 -74.0071 98.2846 0.5
6 397.196 -60.5804 -94.7857 0.5
6 379.853 -182.875 42.6997 0.5
6 434.682 -181.417 45.6604 0.5
6 346.077 -38.7111 -84.3334 0.5
6 336.407 -162.215 -71.6437 0.5
6 369.338 -133.615 -91.134 0.5
6 359.676 -189.603 -23.6915 0.5
6 382.01 -84.7349 -99.7019 0.5
6 365.929 -190.565 19.3271 0.5
6 411.964 -50.7086 90.8716 0.5
6 440.977 3.44843 28.3456 0.5
6 352.722 -76.5419 98.7265 0.5
6 340.532 7.40506 -5.38035 0.5
6 365.297 -183.67 -40.9739 0.5
6 359.469 -106.015 99.0758 0.5
6 375.616 -24.1683 73.0589 0.5
6 385.386 -129.091 93.0454 0.5
6 425.299 -80.8787 99.3283 0.5
6 369.137 -190.792 -18.1347 0.5
6 357.581 -117.426 96.8308 0.5
6 343.918 -96.386 -99.9225 0.5
6 404.114 -164.545 -69.2989 0.5
6 371.718 -165.51 68.2802 0.5
6 337.966 -165.841 -67.9245 0.5
6 441.137 -29.1964 77.453 0.5
6 347.823 -64.922 96.1364 0.5
6 415.778 -146.194 84.3301 0.5
7 495.597 -82.3668 -16.183 0.5
7 494.313 -120.565 -81.2759 0.5
7 450.741 -203.066 -7.61852 0.5
7 473.979 -48.0719 -29.5534 0.5
7 495.337 -121.255 -80.4881 0.5
7 467.922 -176.491 90.1025 0.5
7 461.286 -71.4237 -86.4883 0.5
7 491.431 -105.059 72.5962 0.5
7 474.182 -97.5402 -88.5747 0.5
7 460.373 -181.742 -78.6946 0.5
7 478.668 -135.704 -98.7079 0.5
7 499.478 -285.06 -23.1241 0.5
7 476.177 -49.3479 19.5801 0.5
7 490.966 -82.6793 42.861 0.5
7 465.663 -184.032 -83.6287 0.5
7 458.62 -200.712 54.707 0.5
7 466.525 -229.999 11.7712 0.5
7 473.1 -48.471 -35.1675 0.5
7 447.146 -17.8735 60.9802 0.5
7 498.924 -134.522 -85.2392 0.5
7 480.262 -207.516 -84.7827 0.5
7 458.478 -66.8509 86.6566 0.5
7 459.628 -218.633 4.79609 0.5
7 461.226 -176.939 83.2368 0.5
7 467.748 -231.257 17.5715 0.5
7 480.682 -249.53 -33.2391 0.5
7 487.819 -142.752 96.8694 0.5
7 453.725 -186.304 -62.8523 0.5
7 475.354 -50.2512 28.8904 0.5
7 474.743 -56.4842 46.6637 0.5
7 469.76 -81.9188 -83.9226 0.5
7 495.747 -144.103 -92.8212 0.5
7 457.955 -17.9752 20.5013 0.5
7 446.706 -192.44 27.7511 0.5
7 479.749 -181.059 96.1561 0.5
7 476.656 -241.256 -36.7218 0.5
7 454.484 -143.124 -94.298 0.5
7 458.374 -57.1311 -80.4124 0.5
7 473.407 -65.3676 -63.5053 0.5
7 480.438 -59.989 31.8154 0.5
7 458.09 -53.6136 -78.086 0.5
7 454.302 -178.845 72.0729 0.5
7 445.627 -161.401 74.3238 0.5
7 480.462 -58.1464 -25.5232 0.5
7 488.021 -265.323 -22.6687 0.5
7 484.166 -114.547 -88.4237 0.5
7 446.353 -169.83 -67.1789 0.5
7 485.672 -66.5906 23.2145 0.5
7 499.433 -238.07 86.3833 0.5
7 485.133 -63.5777 -11.4106 0.5
7 476.559 -194.844 88.3893 0.5
7 473.598 -146.979 -99.9186 0.5
7 491.139 -96.6087 64.1415 0.5
7 457.557 -202.554 -48.6066 0.5
7 476.999 -120.417 -95.877 0.5
7 486.528 -131.67 94.1609 0.5
7 493.733 -153.71 -97.0502 0.5
7 472.036 -186.916 -88.4387 0.5
7 445.713 -187.706 36.6083 0.5
7 455.371 -60.8483 -86.2963 0.5
7 478.105 -98.3734 -85.1854 0.5
7 463.61 -176.269 86.24 0.5
7 469.549 -185.586 -86.8022 0.5
7 457.949 -129.983 -98.9948 0.5
7 451.023 -15.1517 46.191 0.5
7 482.388 -162.763 -99.8945 0.5
7 478.206 -102.794 87.6544 0.5
7 483.696 -236.934 -64.405 0.5
7 499.882 -287.019 16.9765 0.5
7 453.536 -96.0724 -99.2622 0.5
7 473.427 -47.6839 -31.3318 0.5
7 453.626 -160.376 85.4027 0.5
7 463.34 -162.873 -92.6231 0.5
7 498.301 -270.958 52.3133 0.5
7 449.008 -127.056 96.3692 0.5
7 491.534 -78.1853 -28.5904 0.5
7 480.899 -254.147 -16.9411 0.5
7 488.706 -75.3609 34.7915 0.5
7 475.547 -47.3443 14.2651 0.5
7 465.789 -82.1027 88.097 0.5
7 446.819 -196.424 -5.27094 0.5
7 481.306 -235.746 -60.7263 0.5
7 475.2 -59.1585 50.0694 0.5
7 458.817 -211.428 -33.8861 0.5
7 473.413 -230.17 48.3327 0.5
7 498.8 -157.273 -95.6041 0.5
7 464.084 -152.267 96.6147 0.5
7 477.205 -144.59 99.894 0.5
7 493.281 -95.1202 57.3544 0.5
7 474.682 -243.412 16.737 0.5
7 466.121 -35.5645 32.9078 0.5
7 480.341 -180.542 -96.5831 0.5
7 475.896 -70.5163 64.5107 0.5
7 453.985 -121.526 -99.2093 0.5
7 464.523 -191.476 -76.6302 0.5
7 491.119 -185.75 99.2211 0.5
7 450.127 -52.5422 -86.7461 0.5
7 465.844 -218.239 -46.1323 0.5
7 478.085 -95.3784 -83.2928 0.5
7 496.106 -91.5482 42.7908 0.5
7 455.877 -51.2266 79.2202 0.5
7 492.292 -212.31 -92.9091 0.5
7 449.705 -73.3494 -95.938 0.5
7 481.219 -74.4147 57.621 0.5
7 457.354 -122.699 99.6884 0.5
7 490.046 -236.904 75.5894 0.5
7 445.728 -69.0295 96.6561 0.5
7 479.871 -252.894 13.5116 0.5
7 481.812 -242.551 52.0623 0.5
7 455.891 -139.308 -96.2773 0.5
7 457.6 -157.745 90.5155 0.5
7 466.329 -166.662 -93.1767 0.5
7 469.976 -233.129 26.384 0.5
7 450.61 -96.7603 99.797 0.5
7 495.907 -84.7924 25.119 0.5
7 464.849 -179.092 85.839 0.5
7 465.065 -227.54 -11.1689 0.5
7 490.184 -142.929 95.7797 0.5
7 449.436 -2.93086 -19.0663 0.5
7 469.958 -57.8895 -61.6292 0.5
7 461.868 -190.975 72.9993 0.5
7 489.543 -147.856 97.388 0.5
7 472.913 -204.086 78.2012 0.5
7 448.566 -108.737 -99.5807 0.5
7 448.236 -0.807915 18.8433 0.5
7 485.171 -255.472 -38.0414 0.5
7 470.264 -179.79 90.4629 0.5
7 476.586 -207.558 80.4191 0.5
7 485.553 -64.6804 14.3051 0.5
7 494.34 -192.515 99.0649 0.5
7 453.464 -207.802 -7.3397 0.5
7 478.278 -82.6496 -72.9463 0.5
7 498.742 -260.063 67.7348 0.5
7 450.185 -54.511 87.7909 0.5
7 452.2 -38.1755 73.5915 0.5
7 445.483 -191.282 24.1781 0.5
7 459.031 -217.357 8.45349 0.5
7 458.587 -68.5904 -87.5314 0.5
7 498.173 -125.331 -79.8651 0.5
7 456.077 -142.531 -95.4152 0.5
7 478.885 -78.2691 -67.4431 0.5
7 463.806 -224.126 -19.189 0.5
7 494.93 -245.594 -75.3889 0.5
7 482.562 -61.5674 -24.691 0.5
7 497.033 -115.289 73.0913 0.5
7 452.856 -61.3365 88.9553 0.5
8 533.211 -162.987 94.7972 0.5
8 529.395 -53.7442 54.2323 0.5
8 538.347 -43.6383 61.7992 0.5
8 522.052 -105.011 -89.0649 0.5
8 502.629 -236.222 -85.3555 0.5
8 511.702 -81.5287 49.52 0.5
8 504.797 -82.4219 -20.1727 0.5
8 504.248 -123.021 81.2493 0.5
8 537.51 -220.87 23.6462 0.5
8 545.18 -30.834 60.5458 0.5
8 502.96 -215.457 94.7728 0.5
8 522.487 -60.9947 -46.1152 0.5
8 518.066 -136.983 97.8968 0.5
8 513.472 -111.164 -84.0531 0.5
8 506.332 -82.7904 -31.4744 0.5
8 514.749 -88.2005 -66.2248 0.5
8 523.227 -137.942 99.447 0.5
8 529.744 -140.489 -99.9445 0.5
8 518.882 -134.976 -97.7716 0.5
8 538.048 -24.2376 17.0482 0.5
8 538.984 -188.407 74.007 0.5
8 549.915 -74.5727 96.102 0.5
8 524.607 -54.5655 -40.3719 0.5
8 535.13 -52.0491 -65.2496 0.5
8 515.006 -257.703 31.1683 0.5
8 541.767 -36.7095 60.4982 0.5
8 529.137 -237.197 -14.1858 0.5
8 512.548 -67.898 -13.8041 0.5
8 507.249 -268.162 39.0929 0.5
8 507.586 -196.586 97.7593 0.5
8 530.691 -153.036 -98.4534 0.5
8 512.522 -151.476 98.7899 0.5
8 531.81 -152.668 98.1611 0.5
8 509.221 -113.333 80.468 0.5
8 527.578 -192.303 -85.782 0.5
8 546.317 -63.0015 89.0742 0.5
8 532.437 -36.4159 -27.7368 0.5
8 516.059 -192.14 -94.9819 0.5
8 545.331 -199.715 -44.4965 0.5
8 504.491 -231.016 -86.5329 0.5
8 518.325 -247.538 -42.3231 0.5
8 551.741 -66.6762 -94.6123 0.5
8 502.598 -96.9992 48.992 0.5
8 506.748 -181.514 99.8975 0.5
8 506.457 -195.64 -98.3393 0.5
8 504.457 -129.345 85.6518 0.5
8 536.329 -223.323 -21.9067 0.5
8 543.519 -97.7787 98.7884 0.5
8 543.764 -194.953 -57.122 0.5
8 525.712 -209.413 75.7595 0.5
8 547.44 -105.211 99.9916 0.5
8 522.276 -249.762 8.1241 0.5
8 522.16 -55.465 -31.7447 0.5
8 501.475 -254.462 73.0033 0.5
8 503.761 -185.4 -99.9475 0.5
8 524.877 -56.5466 45.5172 0.5
8 518.275 -115.349 -90.9034 0.5
8 545.271 -57.1518 -84.7297 0.5
8 501.983 -158.542 96.3699 0.5
8 549.998 -177.46 65.7056 0.5
8 553.807 -65.3241 95.3453 0.5
8 526.804 -96.0773 -88.7023 0.5
8 552.669 -40.4339 -82.153 0.5
8 538.645 -27.7212 34.0676 0.5
8 549.553 -127.539 -96.9038 0.5
8 513.266 -172.464 99.7708 0.5
8 528.482 -235.367 27.9162 0.5
8 555.512 -29.4285 77.581 0.5
8 521.024 -229.068 64.0363 0.5
8 553.438 3.59866 -7.52229 0.5
8 503.227 -262.87 60.2867 0.5
8 503.089 -198.151 98.8949 0.5
8 535.385 -118.335 99.5895 0.5
8 517.172 -61.8407 -23.9399 0.5
8 515.86 -61.6872 -9.81518 0.5
8 502.69 -270.467 50.2615 0.5
8 531.141 -39.0612 -29.0868 0.5
8 545.907 -165.206 82.8194 0.5
8 502.103 -88.4763 -26.0147 0.5
8 525.052 -228.569 55.3493 0.5
8 524.831 -49.1575 -26.1884 0.5
8 535.303 -28.4304 -13.399 0.5
8 547.475 -77.7641 -95.7983 0.5
8 514.35 -102.281 -78.8214 0.5
8 512.27 -222.885 -83.2105 0.5
8 526.199 -201.025 -81.6545 0.5
8 515.68 -247.002 51.8869 0.5
8 552.753 -190.836 -35.3825 0.5
8 520.079 -237.407 -55.0104 0.5
8 549.401 -188.067 52.748 0.5
8 539.572 -85.556 93.8315 0.5
8 536.008 -92.9734 -94.2807 0.5
8 518.223 -63.9527 36.3504 0.5
8 530.233 -98.8795 92.7305 0.5
8 528.245 -188.045 -87.5667 0.5
8 542.075 -214.969 -12.8539 0.5
8 555.356 -123.1 95.2978 0.5
8 512.053 -256.404 46.36 0.5
8 506.152 -216.082 92.4733 0.5
8 512.207 -157.387 -99.484 0.5
8 544.915 -176.882 75.125 0.5
8 543.696 -52.7584 -79.8241 0.5
8 519.82 -122.057 -94.6439 0.5
8 503.458 -193.231 99.4425 0.5
8 543.322 -68.6656 89.3164 0.5
8 531.558 -145.629 99.3232 0.5
8 539.683 -126.803 99.7644 0.5
8 501.611 -119.027 -74.3644 0.5
8 507.628 -241.603 -75.0031 0.5
8 546.175 -133.239 96.9419 0.5
8 547.384 -34.0579 68.8273 0.5
8 542.211 -135.44 98.0046 0.5
8 512.822 -126.464 -91.6505 0.5
8 537.374 -159.55 -93.4454 0.5
8 539.659 -124.614 99.8927 0.5
8 500.19 -254.939 74.601 0.5
8 507.732 -183.521 99.6601 0.5
8 516.193 -257.626 -24.3138 0.5
8 532.916 -213.737 -57.1293 0.5
8 550.442 -192.709 40.5661 0.5
8 513.496 -73.4561 39.5592 0.5
8 510.61 -90.4127 60.1519 0.5
8 529.18 -190.639 -85.1067 0.5
8 529.857 -236.117 -12.9695 0.5
8 530.211 -164.811 -95.864 0.5
8 542.461 -78.318 -92.9775 0.5
8 524.871 -141.982 99.9346 0.5
8 549.22 -201.09 21.4721 0.5
8 526.129 -78.6157 -76.1621 0.5
8 529.48 -208.761 70.2719 0.5
8 536.736 -144.335 -98.1221 0.5
8 508.962 -177.647 -99.899 0.5
8 506.113 -271.49 -35.7227 0.5
8 555.199 -103.78 99.4245 0.5
8 533.058 -60.3919 70.3945 0.5
8 547.031 -14.1476 36.5864 0.5
8 517.139 -255.708 -25.4103 0.5
8 524.645 -230.277 53.8094 0.5
9 591.662 -13.9358 -61.9315 0.5
9 658.178 -180.905 -46.6442 0.5
9 626.651 -36.6319 -82.9719 0.5
9 608.96 -26.5831 -75.2432 0.5
9 653.642 -192.086 -8.52997 0.5
9 647.046 -135.832 90.1001 0.5
9 654.607 6.79176 12.2905 0.5
9 664.653 -125.019 -94.5476 0.5
9 646.725 -22.985 71.9347 0.5
9 618.686 -37.7674 -83.7245 0.5
9 573.073 -120.91 -95.8647 0.5
9 661.212 -86.5163 99.8238 0.5
9 659.248 -28.2038 76.6317 0.5
9 561.411 2.87801 30.2085 0.5
9 566.372 7.4213 -5.07003 0.5
9 568.057 -74.7398 98.4192 0.5
9 594.954 1.97837 -32.913 0.5
9 630.888 -87.2805 -99.8663 0.5
9 604.042 -170.255 62.8203 0.5
9 559.857 -136.097 89.9719 0.5
9 613.3 -30.5859 -78.5673 0.5
9 630.283 -115.638 97.2745 0.5
9 597.859 -192.316 5.17351 0.5
9 662.886 -191.072 16.5422 0.5
9 656.303 -22.6149 71.5755 0.5
9 638.856 -154.102 -78.7342 0.5
9 603.352 -113.143 97.8356 0.5
9 605.241 -192.399 -3.19194 0.5
9 577.404 -85.2314 -99.7391 0.5
9 606.038 -41.899 86.282 0.5
9 576.687 -56.0994 -93.1592 0.5
9 650.896 -7.11799 52.1386 0.5
9 626.843 -126.187 94.1372 0.5
9 598.576 -159.157 -74.4999 0.5
9 604.368 -183.908 40.4407 0.5
9 616.09 0.862457 35.9551 0.5
9 588.253 7.43746 -4.74104 0.5
9 619.825 -85.4787 99.7567 0.5
9 603.459 -187.489 31.1068 0.5
9 665.596 -3.80888 46.2897 0.5
9 586.851 7.53099 1.94521 0.5
9 614.01 -178.883 50.2935 0.5
9 571.26 -32.8108 80.2692 0.5
9 572.289 -13.5786 61.476 0.5
9 591.347 -47.2955 89.2248 0.5
9 611.507 4.38286 -24.9676 0.5
9 592.721 3.27638 -28.9213 0.5
9 589.36 -139.266 88.3645 0.5
9 650.176 -135.207 -90.3982 0.5
9 657.012 7.02026 -10.2786 0.5
9 666.525 -135.045 -90.4746 0.5
9 619.069 -61.5744 -95.1141 0.5
9 648.715 -26.8734 -75.4964 0.5
9 628.393 -143.789 -85.8157 0.5
9 556.24 -159.08 74.5687 0.5
9 569.301 -4.65044 -47.8667 0.5
9 662.57 -51.404 91.1878 0.5
9 592.8 -144.928 85.1237 0.5
9 572.3 -8.2673 -53.9746 0.5
9 574.171 6.15808 -16.6261 0.5
9 610.209 -173.179 59.0161 0.5
9 647.081 -118.416 96.5701 0.5
9 574.159 -107.553 98.8529 0.5
9 639.355 -84.93 99.7168 0.5
9 617.281 -10.2189 56.9037 0.5
9 599.54 -33.6436 -80.8814 0.5
9 615.96 -0.785288 -39.9695 0.5
9 616.429 -185.372 -36.9523 0.5
9 624.021 -153.7 -79.047 0.5
9 580.894 -31.4265 -79.222 0.5
9 647.25 -103.886 99.344 0.5
9 583.533 -128.142 93.4134 0.5
9 626.643 -191.82 11.212 0.5
9 567.273 -7.51171 -52.7776 0.5
9 660.06 -191.398 -14.4706 0.5
9 560.141 7.54974 0.1828 0.5
9 574.474 -2.46971 -43.6295 0.5
9 660.228 -183.806 40.6697 0.5
9 651.333 5.3427 20.8943 0.5
9 632.317 -182.899 42.6503 0.5
9 558.813 -187.234 -31.8737 0.5
9 641.962 -139.296 -88.3488 0.5
9 660.519 -138.01 89.0185 0.5
9 555.694 -37.7977 -83.7444 0.5
9 575.356 -30.1563 -78.2271 0.5
9 584.257 -4.2483 47.1216 0.5
9 583.147 -192.286 -5.72436 0.5
9 561.51 5.31913 21.0043 0.5
9 614.221 -156.536 -76.7655 0.5
9 603.369 -9.47778 -55.8175 0.5
9 599.935 -4.0371 46.7241 0.5
9 627.745 -186.11 35.0408 0.5
9 609.705 -188.188 -28.8849 0.5
9 585.9 -54.7612 -92.6258 0.5
9 576.067 -174.917 56.561 0.5
9 639.945 5.81621 18.54 0.5
9 572.235 -68.1435 97.001 0.5
9 665.522 -94.2643 99.9835 0.5
9 661.037 -5.13653 -48.7477 0.5
9 656.468 -37.6215 -83.6291 0.5
9 611.371 -149.768 81.9429 0.5
9 592.299 -169.608 -63.6135 0.5
9 655.665 -133.654 -91.1164 0.5
9 640.203 -88.4079 99.9183 0.5
9 634.724 -68.5566 -97.1036 0.5
9 627.982 -140.838 87.5134 0.5
9 632.364 -91.1477 -99.9915 0.5
9 585.898 -168.316 -65.1485 0.5
9 660.595 6.25471 -16.0425 0.5
9 651.025 -144.338 -85.4849 0.5
9 638.956 -189.477 -24.2029 0.5
9 647.572 -31.0797 -78.9536 0.5
9 638.134 -4.30434 47.2263 0.5
9 638.562 -109.035 98.6151 0.5
9 645.614 -114.168 97.6132 0.5
9 633.649 -82.8592 -99.539 0.5
9 653.561 -116.16 97.1485 0.5
9 641.786 -164.762 -69.0726 0.5
9 600.108 -104.416 99.2815 0.5
9 566.485 -108.9 -98.6377 0.5
9 570.788 -72.3813 -97.9655 0.5
9 608.421 -0.586716 -39.511 0.5
9 589.377 -92.7684 -99.9995 0.5
9 616.795 -11.7811 -59.0975 0.5
9 629.823 -33.2532 80.5961 0.5
10 619.284 4.70131 -98.856 0.5
10 665.355 -123.37 -94.3312 0.5
10 611.376 -50.8733 84.0451 0.5
10 642.899 -26.4017 -96.8551 0.5
10 617.499 -19.0053 99.3113 0.5
10 634.769 32.9217 -71.2931 0.5
10 659.054 -118.646 91.9192 0.5
10 632.292 15.2092 87.6612 0.5
10 621.85 -114.668 -5.60132 0.5
10 664.968 -110.285 -97.8177 0.5
10 656.924 -67.0417 99.6352 0.5
10 645.984 -51.0341 99.8435 0.5
10 633.477 -8.78324 96.512 0.5
10 648.373 36.2051 -24.4346 0.5
10 630.349 -11.7331 -98.4006 0.5
10 621.553 16.9133 -95.0002 0.5
10 652.967 6.65143 65.7193 0.5
10 616.897 88.7664 31.1837 0.5
10 613.252 57.4895 81.8697 0.5
10 651.438 -165.543 -10.294 0.5
10 658.13 -44.9202 -94.4875 0.5
10 613.965 -89.4217 47.0257 0.5
10 651.826 32.6563 -10.9213 0.5
10 656.097 -129.269 83.4329 0.5
10 623.601 73.1965 -41.3391 0.5
10 644.459 22.7466 64.1273 0.5
10 617.921 -104.632 25.8087 0.5
10 649.156 14.3322 64.4589 0.5
10 646.8 -39.4062 -98.2485 0.5
10 656.608 -88.4769 99.0915 0.5
10 626.85 -1.59533 -97.5746 0.5
10 634.074 -103.449 -73.8259 0.5
10 635.43 -97.902 -80.3312 0.5
10 646.553 0.0731185 81.6852 0.5
10 636.725 59.3803 2.41617 0.5
10 662.814 -180.062 33.3217 0.5
10 657.055 -85.4935 -99.5293 0.5
10 632.228 27.5211 79.7574 0.5
10 630.251 -129.266 4.68129 0.5
10 620.637 -14.4304 -99.9854 0.5
10 630.44 63.2534 36.8634 0.5
10 617.756 -53.5005 -88.9125 0.5
10 660.964 -171.27 -46.1831 0.5
10 641.24 -144.977 25.9739 0.5
10 664.068 -71.6645 98.6651 0.5
10 651.139 -151.152 -51.7023 0.5
10 658.733 -124.235 -89.0361 0.5
10 652.233 -138.296 -70.5749 0.5
10 635.296 45.4259 54.9634 0.5
10 637.116 9.10014 86.3897 0.5
10 639.38 -142.542 22.8561 0.5
10 646.783 -145.145 -49.0672 0.5
10 624.184 -24.2117 99.8571 0.5
10 659.906 -92.8487 99.2642 0.5
10 634.387 -134.451 20.3301 0.5
10 651.666 -3.39316 -77.598 0.5
10 639.786 -34.6908 99.3708 0.5
10 624.157 -37.1239 -98.3107 0.5
10 660.189 -94.1106 -99.1671 0.5
10 652.32 -156.852 45.1026 0.5
10 630.153 -72.1349 -90.3166 0.5
10 658.388 -126.999 87.2352 0.5
10 641.752 41.9478 40.9185 0.5
10 620.21 70.9119 55.931 0.5
10 630.459 -6.85267 97.3465 0.5
10 643.594 34.417 49.4726 0.5
10 657.784 -4.7788 69.1 0.5
10 627.192 55.0657 -61.1257 0.5
10 638.857 -14.7585 -95.5424 0.5
10 662.725 -85.8995 -99.9996 0.5
10 653.205 -29.167 91.666 0.5
10 622.846 5.14173 -97.619 0.5
10 638.263 30.1167 -67.9473 0.5
10 645.813 -58.0344 99.9855 0.5
10 664.979 -177.084 -48.3079 0.5
10 647.84 -31.2351 95.8211 0.5
10 655.727 -123.116 86.8246 0.5
10 640.278 8.76447 83.1801 0.5
10 632.444 54.9792 47.2123 0.5
10 643.061 -87.437 -93.3443 0.5
10 623.349 67.107 53.432 0.5
10 636.957 -112.364 70.0421 0.5
10 636.686 16.9046 81.8672 0.5
10 634.158 62.5593 16.0584 0.5
10 644.313 -93.4967 91.7539 0.5
10 635.115 -112.948 65.9766 0.5
10 634.099 -123.208 49.0101 0.5
10 620.821 -29.1225 98.6988 0.5
10 643.478 -1.75037 86.2905 0.5
10 625.155 12.5273 94.371 0.5
10 656.654 -10.9101 -76.673 0.5
10 654.064 -131.465 -79.3606 0.5
10 618.389 -105.109 27.0249 0.5
10 642.851 30.4156 57.7838 0.5
10 617.457 14.3449 -97.6477 0.5
10 652.58 -124.373 82.6305 0.5
10 615.033 96.3298 11.3973 0.5
10 655.968 -173.586 -8.1727 0.5
10 666.606 -192.331 -1.68662 0.5
10 639.358 -140.709 -29.4704 0.5
10 655.978 3.16212 -63.6853 0.5
10 658.406 -22.6324 83.1779 0.5
10 642.573 -150.644 3.85172 0.5
10 644.089 -142.089 46.0918 0.5
10 619.143 89.4708 -8.85572 0.5
10 648.792 31.8978 -35.7589 0.5
10 634.932 54.3669 -39.5406 0.5
10 622.932 -34.2704 -98.4441 0.5
10 651.096 -105.922 91.4575 0.5
10 652.275 -158.716 -41.0338 0.5
10 619.091 -1.93854 99.6708 0.5
10 626.339 -101.191 61.8345 0.5
10 650.132 34.7253 17.0467 0.5
10 646.395 -43.6881 99.0639 0.5
10 659.04 0.553006 60.2744 0.5
10 620.088 -49.1653 -92.7461 0.5
10 615.616 -103.427 10.9409 0.5
10 662.961 -152.411 74.7922 0.5
10 647.387 -127.735 72.6864 0.5
10 654.641 -169.354 -21.1681 0.5
10 656.845 -174.631 12.6799 0.5
10 611.407 -11.9858 -98.8305 0.5
10 630.503 -55.2631 96.7074 0.5
10 635.327 -102.586 76.4867 0.5
10 640.42 -137.419 -42.6897 0.5
10 633.348 -132.969 -18.7411 0.5
10 635.03 28.6566 74.8524 0.5
10 636.473 -38.1544 -99.98 0.5
10 616.092 3.44369 99.6552 0.5
10 661.658 -130.272 -88.5326 0.5
10 640.564 -146.004 -15.6629 0.5
10 642.213 -67.7665 -98.4261 0.5
10 648.251 -158.464 -20.3324 0.5
10 631.506 -93.0211 78.8749 0.5
10 658.976 4.54512 -54.7594 0.5
10 661.542 -170.726 49.0366 0.5
10 628.214 -107.946 57.0957 0.5
10 650.911 -41.3757 97.1303 0.5
10 612.989 -89.9457 42.6085 0.5
10 639.329 -44.8154 99.9996 0.5
10 622.413 -101.948 50.7808 0.5
10 658.84 -178 -13.3423 0.5
10 663.046 -156.692 -70.9072 0.5
10 652.839 12.5888 -58.5197 0.5
10 650.183 -162.074 19.0197 0.5
10 655.751 -105.865 -94.6325 0.5
10 647.841 -61.9648 -99.9775 0.5
10 642.542 -129.278 -61.8065 0.5
10 635.352 61.1218 11.5333 0.5
11 663.327 8.41574 -51.3645 0.5
11 648.419 -27.5593 28.158 0.5
11 635.366 43.9147 -99.9825 0.5
11 666.463 65.4063 -93.9551 0.5
11 645.687 26.2849 -92.7521 0.5
11 639.616 -45.4455 -16.7197 0.5
11 664.259 131.119 -93.5662 0.5
11 657.325 -2.48344 -50.5151 0.5
11 645.849 -35 -14.5005 0.5
11 615.381 105.354 33.6049 0.5
11 640.744 -32.7687 -47.7371 0.5
11 645.517 130.257 74.3364 0.5
11 641.739 -10.9336 -73.5457 0.5
11 630.114 122.081 52.0401 0.5
11 614.172 87.2493 -62.3616 0.5
11 620.606 -32.8991 -84.725 0.5
11 653.916 103.704 96.6173 0.5
11 630.775 -50.5674 46.7475 0.5
11 631 124.54 -50.4927 0.5
11 639.614 136.871 -54.6791 0.5
11 630.078 135.682 13.7123 0.5
11 654.091 -15.4148 35.1136 0.5
11 631.89 139.158 11.0003 0.5
11 638.824 4.67314 88.2119 0.5
11 639.642 30.297 -97.3437 0.5
11 665.737 169.453 70.3558 0.5
11 659.491 187.461 -4.68709 0.5
11 648.559 166.714 -19.5143 0.5
11 655.877 -12.8391 33.6968 0.5
11 646.906 76.7187 99.3992 0.5
11 633.602 22.7962 97.993 0.5
11 623.034 10.8157 99.0694 0.5
11 647.647 130.196 77.5467 0.5
11 644.815 161.996 5.58413 0.5
11 643.388 -24.5907 -53.8372 0.5
11 611.233 -96.0143 0.0932945 0.5
11 617.773 -84.6821 0.902608 0.5
11 619.236 -47.7633 -75.4663 0.5
11 653.815 17.6515 -79.9334 0.5
11 622.988 95.5354 70.2294 0.5
11 627.384 131.725 -6.86922 0.5
11 616.334 -46.7448 -80.324 0.5
11 645.243 56.1693 99.7737 0.5
11 633.92 -5.20729 -87.4576 0.5
11 663.02 -2.69518 26.6657 0.5
11 660.101 103.754 98.8495 0.5
11 635.559 137.359 -40.9306 0.5
11 651.526 135.94 -78.3297 0.5
11 637.386 -45.5145 31.8279 0.5
11 655.136 178.115 -19.4678 0.5
11 611.496 94.1619 -44.1628 0.5
11 645.748 40.6909 -97.301 0.5
11 614.039 -29.6882 -92.277 0.5
11 647.606 9.04135 81.5006 0.5
11 633.414 138.662 27.0997 0.5
11 612.266 77.4979 69.6844 0.5
11 632.512 106.888 -75.0862 0.5
11 615.634 71.1766 80.3223 0.5
11 625.935 127.986 17.0577 0.5
11 640.221 22.3228 94.7848 0.5
11 663.133 -2.87107 25.2818 0.5
11 662.861 0.924832 -38.0364 0.5
11 665.892 190.562 -39.4164 0.5
11 646.87 164.416 16.0394 0.5
11 635.503 55.0671 99.5902 0.5
11 649.416 82.8848 -99.1821 0.5
11 628.223 -15.4484 -87.2494 0.5
11 612.3 46.0874 91.5404 0.5
11 620.075 -79.2123 -17.1844 0.5
11 659.928 90.8848 99.9673 0.5
11 612.802 -71.3698 62.4859 0.5
11 666.316 13.9438 -51.9476 0.5
11 660.153 41.5338 -88.1682 0.5
11 633.617 13.3569 -95.5809 0.5
11 618.692 -79.0099 -28.291 0.5
11 662.397 177.473 -52.8912 0.5
11 648.099 32.3311 -93.4834 0.5
11 633.366 123.14 58.8943 0.5
11 656.847 155.718 -68.6353 0.5
11 659.927 -4.68227 -36.734 0.5
11 647.165 109.5 90.15 0.5
11 620.177 116.886 -22.6171 0.5
11 634.479 8.70883 -93.4712 0.5
11 616.132 -51.5332 -76.8331 0.5
11 633.587 80.1989 92.7045 0.5
11 620.637 116.061 28.7202 0.5
11 631.141 -4.65414 90.2246 0.5
11 621.396 -62.6741 -53.8491 0.5
11 639.834 -38.3193 -39.5569 0.5
11 617.796 114.863 -9.88793 0.5
11 617.741 52.8494 -92.6655 0.5
11 642.529 34.8543 97.2385 0.5
11 622.972 -41.1186 -75.6168 0.5
11 627.117 126.659 -30.7319 0.5
11 631.642 70.6378 94.9748 0.5
11 628.705 81.1789 88.3038 0.5
11 638.821 143.967 -38.7241 0.5
11 618.418 95.8047 -60.825 0.5
11 622.051 121.218 -17.2862 0.5
11 639.431 127.011 -67.0568 0.5
11 629.214 20.099 98.864 0.5
11 646.619 162.898 -21.6844 0.5
11 645.211 5.69353 82.0645 0.5
11 657.384 161.921 -62.5789 0.5
11 637.279 -46.9207 27.9336 0.5
11 616.764 -38.3912 -85.4428 0.5
11 612.287 -15.8226 97.6319 0.5
11 659.478 129.828 -90.6228 0.5
11 621.207 79.4412 -81.3338 0.5
11 659.573 154.916 -74.0519 0.5
11 664.348 102.305 99.8001 0.5
11 664.511 187.279 -41.431 0.5
11 615.638 -50.3137 78.5163 0.5
11 660.217 72.7833 98.7042 0.5
11 647.044 10.6621 83.2845 0.5
11 630.253 124.133 -48.944 0.5
11 621.502 85.7116 76.8882 0.5
11 645.64 -33.6801 -23.2453 0.5
11 636.767 125.504 63.4495 0.5
11 652.872 27.1619 87.2027 0.5
11 628.444 133.79 1.13703 0.5
11 652.583 24.0102 -85.6607 0.5
11 639.842 -32.8238 -50.414 0.5
11 619.456 112.548 33.2277 0.5
11 631.28 130.302 -40.1311 0.5
11 657.355 80.695 99.9495 0.5
11 625.981 22.0351 99.7187 0.5
11 653.245 157.834 -58.5318 0.5
11 619.865 -80.5593 10.0251 0.5
11 641.109 136.321 -59.2071 0.5
11 638.971 -46.6409 -16.2477 0.5
11 622.166 81.7335 80.8782 0.5
11 665.111 46.1135 -85.9036 0.5
11 626.547 130.355 -5.57267 0.5
11 622.057 29.3722 99.7794 0.5
11 626.009 61.9623 94.6115 0.5
11 626.597 117.964 48.6516 0.5
11 618.453 -54.1337 70.7958 0.5
11 661.83 -0.532629 38.8246 0.5
11 633.269 139.307 -23.689 0.5
11 640.153 19.8233 93.9503 0.5
11 641.957 15.7651 -91.0115 0.5
11 649.604 121.697 85.8687 0.5
11 652.92 113.985 92.5829 0.5
11 615.908 -48.1674 79.8113 0.5
11 641.481 -11.354 73.5693 0.5
11 635.217 145.298 6.78091 0.5
12 697.725 80.4186 98.0641 0.5
12 669.483 41.3103 -80.9662 0.5
12 721.338 52.4266 -87.9589 0.5
12 752.112 185.205 52.3468 0.5
12 745.974 2.89614 23.8923 0.5
12 682.254 117.014 98.542 0.5
12 757.207 196.701 -25.472 0.5
12 729.445 126.49 96.4275 0.5
12 734.676 153.282 84.6228 0.5
12 761.274 61.8085 92.4197 0.5
12 701.822 112 99.2774 0.5
12 692.034 171.143 70.2761 0.5
12 670.154 168.961 -72.4178 0.5
12 683.291 112.508 99.2147 0.5
12 771.25 199.981 1.92714 0.5
12 749.134 44.4079 -83.1235 0.5
12 720.417 53.7664 -88.6705 0.5
12 765.661 81.3159 98.239 0.5
12 776.496 199.921 3.98416 0.5
12 679.582 159.687 80.2335 0.5
12 698.627 154.249 -84.0062 0.5
12 776.76 191.326 40.7379 0.5
12 706.806 125.191 96.7752 0.5
12 761.934 176.148 64.8191 0.5
12 745.177 122.244 -97.4946 0.5
12 758.411 30.8312 72.2196 0.5
12 757.985 87.8979 -99.265 0.5
12 687.802 173.211 68.1189 0.5
12 666.847 31.2378 -72.6069 0.5
12 678.371 37.3065 -77.9071 0.5
12 716.675 1.2972 16.0548 0.5
12 673.854 199.63 -8.59883 0.5
12 719.696 145.612 88.9917 0.5
12 704.979 160.947 -79.2806 0.5
12 700.857 26.0043 -67.2654 0.5
12 702.107 197.197 23.5121 0.5
12 764.834 25.0654 -66.2178 0.5
12 750.648 185.582 51.7271 0.5
12 711.088 48.1095 -85.4832 0.5
12 756.881 32.2083 73.5138 0.5
12 671.598 11.7493 47.0299 0.5
12 754.983 89.9751 -99.4962 0.5
12 741.289 188.335 46.8705 0.5
12 717.934 127.487 -96.1482 0.5
12 727.614 198.112 -19.3406 0.5
12 739.815 108.402 -99.6464 0.5
12 748.552 191.154 41.1218 0.5
12 726.471 95.7183 -99.9083 0.5
12 712.294 195.047 31.0806 0.5
12 693.918 45.5881 -83.9008 0.5
12 669.385 133.126 94.354 0.5
12 737.493 31.8127 73.147 0.5
12 704.46 0.949106 13.7448 0.5
12 729.052 46.567 84.5276 0.5
12 669.186 122.938 97.3338 0.5
12 724.744 57.253 -90.403 0.5
12 712.187 198.324 -18.2318 0.5
12 718.398 170.402 71.0182 0.5
12 762.628 72.7381 96.2122 0.5
12 716.203 72.6333 -96.1825 0.5
12 774.947 50.9651 87.1526 0.5
12 702.525 139.964 -91.6673 0.5
12 684.056 1.90228 -19.4123 0.5
12 756.891 124.502 -96.9518 0.5
12 716.153 57.2267 90.3905 0.5
12 741.181 164.599 76.3342 0.5
12 746.746 60.5865 91.9053 0.5
12 738.987 84.9495 98.8609 0.5
12 699.514 117.225 -98.5053 0.5
12 673.325 12.968 49.2487 0.5
12 744.093 199.678 8.02164 0.5
12 747.322 150.008 -86.5978 0.5
12 739.522 0.173057 -5.8806 0.5
12 681.205 197.127 -23.7998 0.5
12 754.048 157.079 82.1098 0.5
12 743.477 191.819 39.6134 0.5
12 707.543 50.1888 -86.7113 0.5
12 743.747 97.1227 -99.9586 0.5
12 711.929 54.5589 89.0792 0.5
12 684.737 178.371 62.1124 0.5
12 708.728 148.853 87.2545 0.5
12 674.983 61.0449 -92.1005 0.5
12 690.91 1.0595 -14.5182 0.5
12 763.258 26.5654 -67.8775 0.5
12 732.678 14.4128 -51.7187 0.5
12 714.031 58.2908 -90.8864 0.5
12 749.771 192.65 37.6301 0.5
12 718.283 108.558 99.6331 0.5
12 683.528 130.919 95.1 0.5
12 700.996 142.901 90.3298 0.5
12 751.726 16.4566 54.959 0.5
12 736.953 196.148 -27.4869 0.5
12 746.316 79.8553 97.9499 0.5
12 700.329 10.1826 -43.964 0.5
12 696.438 0.417733 9.13083 0.5
12 703.727 14.0266 -51.0742 0.5
12 676.17 187.215 48.9236 0.5
12 695.852 130.424 95.2594 0.5
12 701.245 126.782 96.3468 0.5
12 698.347 33.8544 -74.9984 0.5
12 761.556 0.421347 -9.17016 0.5
12 701.676 11.7189 46.9729 0.5
12 776.302 5.49052 -32.6796 0.5
12 733.616 198.266 18.5404 0.5
12 725.645 19.7521 -59.668 0.5
12 729.936 140.742 91.3239 0.5
12 690.234 118.119 -98.3448 0.5
12 744.218 82.1437 -98.3928 0.5
12 692.53 74.2538 -96.6288 0.5
12 766.632 4.13507 -28.459 0.5
12 764.655 72.0329 96.0096 0.5
12 669.731 97.8587 -99.9771 0.5
12 689.741 188.555 46.4547 0.5
12 669.057 8.02981 39.2617 0.5
12 680.273 166.667 74.5355 0.5
12 777.446 0.832867 12.8794 0.5
12 729.852 179.247 60.9906 0.5
12 772.377 136.852 -92.9621 0.5
12 703.739 65.6017 -93.8976 0.5
12 699.719 199.985 -1.7237 0.5
12 732.849 1.88834 19.3417 0.5
12 751.954 54.2828 -88.9378 0.5
13 797.099 38.2197 -95.9078 0.5
13 803.203 76.4121 -97.8867 0.5
13 801.503 158.85 3.38917 0.5
13 800.746 1.18912 -80.7194 0.5
13 785.539 171.521 -52.736 0.5
13 830.757 87.3154 -61.2098 0.5
13 820.638 -29.381 83.4211 0.5
13 828.631 106.98 31.0407 0.5
13 830.765 100.66 38.152 0.5
13 813.799 13.4535 97.0385 0.5
13 780.992 22.2849 69.2444 0.5
13 781.282 65.332 95.8236 0.5
13 814.131 44.4402 99.7254 0.5
13 818.638 126.698 -22.3501 0.5
13 832.117 103.469 21.8321 0.5
13 805.966 -47.0146 -18.9382 0.5
13 801.631 78.6519 97.9865 0.5
13 791.94 -24.4705 3.42451 0.5
13 784.293 97.3363 99.6277 0.5
13 793.336 14.7149 -81.2205 0.5
13 822.013 41.7749 -98.294 0.5
13 798.624 -18.0255 57.3517 0.5
13 781.721 176.565 55.1825 0.5
13 817.74 3.90171 96.3192 0.5
13 832.641 -62.4458 -73.8556 0.5
13 814.132 -62.9337 -2.60404 0.5
13 825.232 33.16 98.8145 0.5
13 827.602 36.4487 97.3786 0.5
13 810.574 139.66 -26.356 0.5
13 814.075 -35.6386 68.59 0.5
13 810.973 25.7472 -98.586 0.5
13 814.054 49.8525 99.1921 0.5
13 805.47 100.136 -87.6721 0.5
13 797.477 164.83 14.4569 0.5
13 810.393 11.9568 -94.892 0.5
13 818.404 2.057 -96.1225 0.5
13 796.068 -4.74466 -68.2749 0.5
13 810.5 114.519 -70.2237 0.5
13 818.712 -70.8349 -3.63303 0.5
13 818.126 9.49102 -97.8502 0.5
13 805.313 -13.6357 -75.1767 0.5
13 790.068 175.882 23.6253 0.5
13 800.721 97.6636 92.7421 0.5
13 795.005 170.145 -1.81097 0.5
13 831.261 81.5326 67.0759 0.5
13 797.876 144.87 60.4227 0.5
13 781.494 25.2573 73.0365 0.5
13 807.51 -14.5301 -77.633 0.5
13 812.716 29.8168 -99.5315 0.5
13 801.111 -30.6932 -43.01 0.5
13 807.859 -52.0146 -4.20487 0.5
13 789.026 124.003 90.0503 0.5
13 809.341 132.975 48.151 0.5
13 811.581 28.5631 -99.1659 0.5
13 810.838 -52.5924 30.2018 0.5
13 810.075 143.739 -7.98879 0.5
13 798.375 10.9071 84.5371 0.5
13 788.688 28.2049 84.8631 0.5
13 823.203 -64.9351 50.5941 0.5
13 805.569 -42.048 -34.3566 0.5
13 824.409 42.4126 97.2764 0.5
13 828.047 84.7241 69.6125 0.5
13 822.782 -71.2771 -35.9144 0.5
13 798.967 158.032 -32.0241 0.5
13 830.656 -38.8012 88.1531 0.5
13 823.399 53.5709 -94.5405 0.5
13 823.768 -79.6288 -2.41524 0.5
13 815.99 -65.7454 9.37129 0.5
13 807.215 96.7688 87.8598 0.5
13 794.742 81.9053 -99.3608 0.5
13 816.053 53.2803 -98.0654 0.5
13 783.981 17.9151 70.0752 0.5
13 812.132 103.686 77.5062 0.5
13 785.399 -10.3734 23.6075 0.5
13 804.946 47.7408 99.8646 0.5
13 807.039 -28.6817 -62.579 0.5
13 824.345 -79.9368 -11.9784 0.5
13 779.583 189.368 38.01 0.5
13 804.469 41.8829 99.2911 0.5
13 809.607 144.801 3.74384 0.5
13 824.611 -78.55 22.5151 0.5
13 789.913 82.8696 -99.9244 0.5
13 826.529 114.727 -12.8834 0.5
13 826.939 112.927 19.5132 0.5
13 829.087 -74.3901 -51.8288 0.5
13 782.503 103.089 99.3625 0.5
13 822.357 22.5458 -99.9997 0.5
13 831.119 -25.2782 -94.4369 0.5
13 809.361 95.8352 -86.2894 0.5
13 827.426 -73.2773 -48.8017 0.5
13 829.908 -54.2814 -76.8463 0.5
13 783.951 145.834 -82.4911 0.5
13 811.232 141.332 -12.0072 0.5
13 802.685 -1.29411 -81.3523 0.5
13 804.731 5.00307 -87.5547 0.5
13 783.442 24.3666 75.2816 0.5
13 780.095 31.9893 76.8394 0.5
13 781.311 2.75463 41.183 0.5
13 809.015 131.391 51.8714 0.5
13 785.694 31.0186 83.3382 0.5
13 782.802 116.791 -96.696 0.5
13 830.406 60.2801 85.7578 0.5
13 828.798 57.4257 88.898 0.5
13 801.631 27.8229 95.1186 0.5
13 782.477 44.5916 -88.1229 0.5
13 828.835 -32.7975 -89.6205 0.5
13 789.439 129.373 -86.8486 0.5
13 795.659 118.516 86.8969 0.5
13 784.543 186.949 16.2755 0.5
13 793.981 -22.7078 32.2899 0.5
13 833.198 78.6043 -66.6008 0.5
13 821.198 30.4551 99.8397 0.5
13 810.866 142.486 -6.38358 0.5
13 792.708 166.836 37.5175 0.5
13 802.983 -27.2295 -54.9153 0.5
13 792 161.577 -50.6726 0.5
13 831.563 55.6167 -87.2976 0.5
13 807.294 124.385 -65.5622 0.5
13 798.352 163.002 -16.4508 0.5
13 811.463 140.046 -17.869 0.5
13 791.21 159.831 -55.6339 0.5
13 802.369 157.04 -8.54931 0.5
13 790.161 -21.3943 -3.28415 0.5
13 800.162 136.535 -65.7961 0.5
13 813.653 -61.4002 -12.1205 0.5
13 797.43 164.709 15.774 0.5
13 824.636 62.2725 -90.0751 0.5
13 832.119 45.875 91.653 0.5
13 802.376 95.5887 92.4188 0.5
13 823.472 -18.8191 91.7932 0.5
13 815.394 3.00552 -94.7954 0.5
13 829.886 14.3938 99.8919 0.5
13 829.715 -77.5944 48.1642 0.5
13 801.269 -40.6475 2.8442 0.5
13 804.865 -43.8338 24.6367 0.5
13 818.097 -6.58808 -93.0009 0.5
13 801.969 -40.5287 -16.5096 0.5
13 786.511 -5.84973 -42.0632 0.5
13 819.274 -63.1989 40.7387 0.5
13 802.827 1.25251 -83.2772 0.5
14 860.975 129.53 -62.7292 0.5
14 851.309 -50.8431 -51.4436 0.5
14 850.702 -60.2507 -33.8171 0.5
14 877.879 12.0376 -72.4839 0.5
14 846.931 106.989 -60.4482 0.5
14 833.602 5.00412 -99.9971 0.5
14 883.551 187.533 -25.1803 0.5
14 873.713 169.792 -27.7332 0.5
14 837.294 97.3502 49.8043 0.5
14 876.362 74.2286 -99.917 0.5
14 877.173 105.305 -96.6682 0.5
14 839.76 8.67955 -99.8059 0.5
14 862.415 152.601 -17.5083 0.5
14 857.559 -25.665 70.0141 0.5
14 858.431 142.246 -31.2244 0.5
14 877.286 161.306 -58.0829 0.5
14 884.682 121.898 -95.6465 0.5
14 841.884 32.373 -99.0449 0.5
14 854.058 97.8778 81.3147 0.5
14 851.861 -63.7969 -8.21312 0.5
14 839.633 90.6176 -65.0735 0.5
14 836.113 -91.1022 7.84783 0.5
14 888.125 174.722 -64.9392 0.5
14 849.199 -26.2475 81.8134 0.5
14 840.902 110.967 33.8901 0.5
14 845.225 124.257 4.79046 0.5
14 859.697 -43.5613 36.7566 0.5
14 842.747 -26.2632 88.6129 0.5
14 877.679 64.0662 -98.6264 0.5
14 847.959 127.548 17.586 0.5
14 843.311 108.711 -48.1342 0.5
14 850.11 48.8666 -98.7063 0.5
14 848.409 127.786 20.3921 0.5
14 862.184 151.652 20.3587 0.5
14 859.118 0.582234 87.8071 0.5
14 867.3 43.0452 -98.0681 0.5
14 862.214 -42.6066 26.5728 0.5
14 888.674 159.908 -79.7897 0.5
14 880.511 12.0599 67.883 0.5
14 846.041 97.6953 69.4903 0.5
14 848.214 66.5828 92.8898 0.5
14 878.51 -15.1531 23.5956 0.5
14 849.3 48.0835 -98.6035 0.5
14 885.388 176.121 -56.9697 0.5
14 866.719 -10.0245 -69.785 0.5
14 841.095 16.0941 -99.9937 0.5
14 854.744 108.526 -73.6286 0.5
14 856.078 -26.6545 71.5866 0.5
14 867.743 -35.8447 -12.4675 0.5
14 881.267 175.271 46.6114 0.5
14 847.285 39.4148 99.3395 0.5
14 853.575 74.3759 -93.4707 0.5
14 865.412 33.0475 96.4826 0.5
14 888.2 160.868 78.4113 0.5
14 867.929 34.3424 -95.5944 0.5
14 847.084 -58.2365 51.3173 0.5
14 863.678 -43.1499 10.1491 0.5
14 884.714 174.726 57.2984 0.5
14 843.335 -7.99181 95.6752 0.5
14 874.054 95.5345 97.7206 0.5
14 848.753 -69.4623 -3.30567 0.5
14 868.944 79.0467 -99.0719 0.5
14 853.999 60.825 -97.7147 0.5
14 850.306 -26.9862 79.8804 0.5
14 850.104 11.4416 -97.6877 0.5
14 860.5 -34.7123 51.7944 0.5
14 839.531 -84.9711 10.1762 0.5
14 838.107 -41.8145 -84.2581 0.5
14 881.362 6.85997 -59.8631 0.5
14 856.288 -30.584 67.1316 0.5
14 842.539 112.12 38.2402 0.5
14 835.326 -87.3597 -32.4571 0.5
14 850.19 -59.5052 -38.0512 0.5
14 857.989 141.811 30.2002 0.5
14 877.626 144.069 77.1889 0.5
14 846.084 -69.6567 29.6095 0.5
14 841.688 -35.3867 84.4017 0.5
14 866.059 146.962 -50.17 0.5
14 872.903 21.5291 86.1465 0.5
14 846.473 -59.0703 51.6917 0.5
14 855.822 -2.41024 89.2337 0.5
14 883.02 101.913 99.268 0.5
14 876.602 151.572 68.5002 0.5
14 876.546 5.68873 68.4156 0.5
14 843.902 -36.8215 -80.8119 0.5
14 834.383 104.395 15.4257 0.5
14 833.947 41.2786 93.1239 0.5
14 842.124 40.3922 -97.6852 0.5
14 843.377 11.4041 -99.5218 0.5
14 846.005 118.623 -37.0089 0.5
14 841.795 -2.53591 -97.7772 0.5
14 866.957 20.6528 91.0456 0.5
14 848.31 -70.071 6.53239 0.5
14 876.256 177.19 13.5951 0.5
14 887.856 10.0093 47.1232 0.5
14 835.941 106.968 16.2182 0.5
14 860.528 84.8855 -94.04 0.5
14 868.392 -6.40515 70.5167 0.5
14 855.197 -30.1014 69.6603 0.5
14 857.725 109.062 -77.6272 0.5
14 840.21 106.607 -41.6341 0.5
14 875.295 169.418 -36.848 0.5
14 848.341 115.082 52.1718 0.5
14 849.333 122.057 42.3927 0.5
14 836.231 -80.2906 45.4321 0.5
14 858.481 147.305 -2.30524 0.5
14 840.411 113.976 -20.1827 0.5
14 872.489 42.9499 -95.8096 0.5
14 853.312 -50.461 45.9075 0.5
14 859.028 139.062 41.9354 0.5
14 881.971 -11.9232 3.42366 0.5
14 866.11 5.69205 83.6131 0.5
14 852.949 42.6839 -99.8782 0.5
14 851.985 -3.58169 91.7983 0.5
14 862.641 33.942 97.8563 0.5
14 864.249 132.146 -66.3432 0.5
14 876.991 25.1557 84.0147 0.5
14 850.499 12.5908 97.788 0.5
14 870.114 69.3245 99.983 0.5
14 860.573 -47.926 -14.9102 0.5
14 845.892 -62.9166 -46.6664 0.5
14 848.853 -38.5699 72.1648 0.5
14 837.262 -85.2441 -28.5991 0.5
14 858.603 -4.61807 -85.3183 0.5
14 845.907 45.9882 -97.8896 0.5
14 849.144 41.8316 -99.4289 0.5
14 849.861 106.151 67.5359 0.5
14 855.218 33.1856 99.6386 0.5
14 842.626 -67.9473 -47.8344 0.5
14 881.018 -6.9343 35.9829 0.5
14 869.855 31.8239 93.5969 0.5
14 888.482 73.0941 -96.5063 0.5
14 871.456 -24.7716 -32.4822 0.5
15 926.534 191.613 40.0877 0.5
15 964.009 1.07318 14.6111 0.5
15 977.05 0.43584 -9.3262 0.5
15 902.603 7.48019 37.9484 0.5
15 970.099 194.309 -33.2537 0.5
15 894.853 150.076 -86.5588 0.5
15 936.509 198.796 -15.4704 0.5
15 910.747 177.057 63.7358 0.5
15 915.58 54.0148 88.7996 0.5
15 952.051 194.169 -33.6474 0.5
15 971.024 22.944 63.7368 0.5
15 973.572 31.0547 72.433 0.5
15 892.192 80.6043 98.101 0.5
15 979.472 4.68654 30.2547 0.5
15 928.226 2.58648 -22.5966 0.5
15 945.313 168.151 -73.1806 0.5
15 953.725 188.868 -45.8534 0.5
15 919.05 143.893 -89.8522 0.5
15 908.472 199.995 -0.98306 0.5
15 915.618 199.883 4.83016 0.5
15 890.833 4.78633 -30.5673 0.5
15 963.393 37.7774 -78.2838 0.5
15 993.409 57.0686 90.3155 0.5
15 969.253 172.287 69.098 0.5
15 985.328 127.832 96.0487 0.5
15 967.623 179.034 61.2669 0.5
15 906.521 143.214 -90.1808 0.5
15 988.589 167.945 73.3723 0.5
15 895.444 0.292032 7.63683 0.5
15 921.425 91.6108 -99.6475 0.5
15 938.293 103.309 99.9453 0.5
15 925.975 198.978 14.2584 0.5
15 898.458 121.97 97.5568 0.5
15 926.12 199.901 4.44762 0.5
15 949.06 171.253 -70.1645 0.5
15 955.508 94.2456 -99.8343 0.5
15 983.006 7.90573 38.9698 0.5
15 895.411 172.785 -68.5737 0.5
15 941.781 52.8138 -88.1672 0.5
15 892.876 32.146 -73.4564 0.5
15 897.723 62.0739 92.529 0.5
15 972.06 36.7259 -77.4363 0.5
15 977.221 188.337 46.8682 0.5
15 951.408 190.046 -43.4936 0.5
15 965.765 195.276 -30.3727 0.5
15 985.291 37.3274 -77.9239 0.5
15 977.029 188.292 -46.9522 0.5
15 917.268 70.1023 -95.426 0.5
15 908.429 6.7944 36.2314 0.5
15 974.205 145.738 88.9269 0.5
15 913.498 15.398 -53.3152 0.5
15 977.808 123.157 -97.2818 0.5
15 955.127 55.8945 -89.748 0.5
15 965.915 175.13 -65.996 0.5
15 910.103 195.199 30.6144 0.5
15 906.335 34.1774 -75.2821 0.5
15 954.189 70.662 95.5996 0.5
15 999.167 6.69819 35.9829 0.5
15 964.801 117.525 98.4524 0.5
15 977.856 31.164 72.5369 0.5
15 936.362 192.237 38.6319 0.5
15 912.056 47.5124 -85.1179 0.5
15 904.241 155.641 83.0909 0.5
15 986.152 32.9185 -74.1625 0.5
15 975.766 10.2152 -44.0306 0.5
15 902.771 195.772 28.7697 0.5
15 928.142 136.335 -93.1655 0.5
15 974.289 93.2945 99.7749 0.5
15 900.146 197.649 -21.5568 0.5
15 932.698 143.375 90.1032 0.5
15 958.657 169.17 72.2184 0.5
15 968.346 199.298 -11.8302 0.5
15 988.508 127.367 -96.1822 0.5
15 981.601 134.486 -93.8653 0.5
15 889.734 198.479 -17.3762 0.5
15 938.622 179.747 -60.3363 0.5
15 891.418 141.448 91.0059 0.5
15 974.875 0.0389441 -2.79057 0.5
15 893.113 16.4917 55.0125 0.5
15 966.455 163.943 76.885 0.5
15 938.112 114.586 -98.9305 0.5
15 943.353 132.642 -94.5223 0.5
15 893.901 62.7119 -92.7879 0.5
15 890.641 142.679 90.435 0.5
15 889.735 177.046 -63.7492 0.5
15 960.501 106.157 99.8103 0.5
15 980.982 39.8385 79.8786 0.5
15 901.237 99.554 99.999 0.5
15 922.259 49.6215 -86.3829 0.5
15 969.621 145.133 -89.2355 0.5
15 984.59 89.9004 99.4887 0.5
15 914.181 111.497 -99.3369 0.5
15 969.167 182.181 -56.9766 0.5
15 984.71 189.772 44.0567 0.5
15 912.42 117.34 -98.4852 0.5
15 964.181 95.3356 99.8912 0.5
15 984.684 175.066 66.0691 0.5
15 902.013 67.0536 94.4168 0.5
15 998.748 199.733 7.30559 0.5
15 993.84 166.555 74.6354 0.5
15 926.422 5.77004 33.4771 0.5
15 889.745 1.95488 -19.6763 0.5
15 990.93 67.3499 94.5197 0.5
15 921.049 18.9893 58.6282 0.5
15 957.182 0.224819 6.70174 0.5
15 957.878 12.9549 -49.2255 0.5
15 897.392 179.089 -61.1956 0.5
15 914.341 29.7106 71.1295 0.5
15 971.721 1.58526 -17.7353 0.5
15 987.966 5.04727 -31.3684 0.5
15 951.191 179.528 -60.6246 0.5
15 991.126 120.768 -97.8196 0.5
15 967.672 198.132 19.2361 0.5
15 899.719 195.391 -30.0093 0.5
15 955.079 198.192 18.93 0.5
15 996.038 196.71 25.4413 0.5
15 913.348 191.552 -40.2276 0.5
15 929.482 0.0809722 -4.02342 0.5
15 940.033 14.6294 -52.0756 0.5
15 921.803 29.1322 70.5532 0.5
15 945.469 38.5676 78.9054 0.5
15 996.955 141.885 90.8054 0.5
15 905.088 83.6687 -98.6574 0.5
15 976.91 40.8339 -80.6187 0.5
15 969.417 191.451 -40.4561 0.5
15 920.727 76.2173 97.1307 0.5
15 948.42 183.888 54.4311 0.5
15 969.441 52.5718 88.0373 0.5
15 901.315 197.936 20.2138 0.5
15 985 117.179 -98.5133 0.5
15 920.085 177.33 -63.404 0.5
15 993.304 3.35211 25.6746 0.5
15 944.089 182.351 56.7303 0.5
15 925.201 17.0594 -55.8647 0.5
15 920.398 184.255 -53.8612 0.5
15 945.15 181.463 -57.9979 0.5
