0 38.1388 87.6878 -99.2392 0.5
0 247.568 181.826 57.4846 0.5
0 271.801 165.352 -75.6911 0.5
0 222.59 104.67 -99.8909 0.5
0 146.064 97.5745 -99.9706 0.5
0 26.2528 82.3605 98.4319 0.5
0 101.187 6.65777 35.878 0.5
0 173.959 191.375 40.627 0.5
0 178.449 10.8383 45.2791 0.5
0 140.897 190.059 -43.4666 0.5
0 173.178 89.301 99.426 0.5
0 280.946 190.422 -42.7058 0.5
0 86.9187 56.5656 90.0747 0.5
0 69.5675 125.615 -96.6636 0.5
0 42.6133 51.923 -87.6847 0.5
0 205.404 165.553 75.5169 0.5
0 128.937 195.352 30.1342 0.5
0 169.367 120.803 -97.8122 0.5
0 213.892 195.088 30.9569 0.5
0 96.6179 199.505 -9.94198 0.5
0 266.991 168.347 72.9975 0.5
0 21.1393 103.962 99.9215 0.5
0 320.285 193.561 35.3046 0.5
0 243.146 5.36197 -32.3055 0.5
0 135.978 69.131 -95.1163 0.5
0 286.273 118.251 98.3204 0.5
0 121.334 14.4958 -51.8559 0.5
0 50.9628 99.4712 99.9986 0.5
0 64.1496 99.2887 -99.9975 0.5
0 131.782 157.18 -82.0395 0.5
0 243.875 17.4791 56.4827 0.5
0 232.425 94.0699 -99.824 0.5
0 169.27 183.72 54.6891 0.5
0 292.608 30.6731 72.0679 0.5
0 244.322 52.6265 88.0668 0.5
0 137.655 0.846739 12.9858 0.5
0 9.33038 153.957 84.194 0.5
0 10.7677 4.42356 -29.4133 0.5
0 220.681 61.8048 -92.4182 0.5
0 160.84 192.45 38.1184 0.5
0 175.877 155.529 -83.1657 0.5
0 219.04 73.8322 96.5155 0.5
0 130.754 187.127 49.0803 0.5
0 199.818 180.173 -59.7686 0.5
0 311.587 38.4858 -78.8416 0.5
0 217.218 103.102 -99.9519 0.5
0 23.5474 7.65054 38.3611 0.5
0 29.0366 10.2533 -44.1081 0.5
0 145.547 9.14629 -41.7804 0.5
0 45.4035 199.993 1.19679 0.5
0 88.505 112.118 99.263 0.5
0 76.7974 136.659 93.0383 0.5
0 157.135 112.581 -99.2054 0.5
0 255.921 148.618 -87.3857 0.5
0 313.122 196.603 -25.8412 0.5
0 327.627 6.23234 34.7509 0.5
0 237.763 4.05999 -28.2049 0.5
0 49.3172 8.51652 -40.3828 0.5
0 184.248 0.348441 8.34067 0.5
0 155.472 194.056 33.9627 0.5
0 90.1042 188.163 47.1935 0.5
0 55.9256 198.728 15.8971 0.5
0 261.23 160.699 79.4711 0.5
0 94.1207 9.05169 41.5741 0.5
0 68.3495 105.505 99.8484 0.5
0 195.253 165.027 75.9705 0.5
0 11.8781 132.949 94.416 0.5
0 190.747 147.357 -88.0759 0.5
0 310.323 182.002 57.233 0.5
0 236.178 116.999 98.5445 0.5
0 134.741 68.5164 -94.9146 0.5
0 254.098 5.4147 32.4595 0.5
0 80.8592 199.976 2.19928 0.5
0 223.543 36.8444 77.533 0.5
0 193.647 136.719 -93.0144 0.5
0 206.417 33.6378 74.8068 0.5
0 169.384 193.993 34.1374 0.5
0 242.725 1.0181 14.2332 0.5
0 68.2158 186.136 -50.8 0.5
0 76.9027 63.5155 -93.1068 0.5
0 285.464 12.4044 -48.2391 0.5
0 298.584 7.9989 39.1893 0.5
0 8.94313 179.031 -61.2709 0.5
0 165.566 0.736969 -12.1182 0.5
0 196.681 5.06307 -31.4162 0.5
0 148.036 89.7126 -99.4694 0.5
0 291.544 68.9598 95.0605 0.5
0 0.981153 68.0958 94.774 0.5
0 42.2789 133.748 -94.1332 0.5
0 187.626 171.824 69.5796 0.5
0 255.073 1.79239 -18.8485 0.5
0 42.4694 100.915 -99.9958 0.5
0 224.214 198.996 14.1343 0.5
0 141.637 10.3544 -44.3132 0.5
0 223.592 199.989 1.46314 0.5
0 6.36272 32.1507 73.4606 0.5
0 250.568 179.526 -60.6273 0.5
0 156.317 172.157 69.2347 0.5
0 238.389 73.1061 -96.3157 0.5
0 22.2163 165.891 75.2223 0.5
0 79.1584 163.541 77.2178 0.5
0 325.917 96.1648 -99.9264 0.5
0 305.765 56.0662 89.8322 0.5
0 88.0576 31.9168 73.244 0.5
0 139.097 72.9129 96.2616 0.5
0 72.3664 141.396 91.0295 0.5
0 16.9819 170.353 -71.0662 0.5
0 82.7522 189.388 44.8316 0.5
0 167.493 6.55784 35.6169 0.5
0 42.8104 126.169 -96.5151 0.5
0 313.443 11.3037 46.1841 0.5
0 43.5137 2.76455 -23.351 0.5
0 115.559 3.18361 25.0317 0.5
0 304.829 197.845 20.6466 0.5
0 207.102 0.0251986 -2.24479 0.5
0 319.35 68.9681 -95.0633 0.5
0 63.1607 169.664 -71.7418 0.5
0 120.963 0.0156997 -1.77192 0.5
0 127.418 50.7429 -87.0272 0.5
0 211.195 198.125 -19.2747 0.5
0 62.536 4.16071 28.5453 0.5
0 157.755 183.668 54.7689 0.5
0 247.855 174.372 -66.8497 0.5
0 40.7497 166.835 -74.3843 0.5
0 230.406 1.08247 14.6739 0.5
0 10.9325 199.527 9.71126 0.5
0 191.283 69.9921 95.3914 0.5
0 128.633 158.192 -81.3247 0.5
0 141.028 12.7298 48.8253 0.5
0 224.567 181.394 -58.0953 0.5
0 203.437 104.295 -99.9077 0.5
0 269.066 143.266 90.1558 0.5
0 289.047 129.927 95.417 0.5
0 271.201 135.835 93.3588 0.5
0 294.343 199.548 -9.49502 0.5
0 261.389 0.0502834 -3.17083 0.5
0 180.19 172.213 -69.1757 0.5
0 204.229 93.27 99.7733 0.5
0 165.988 171.623 -69.7867 0.5
0 256.029 0.719439 11.9737 0.5
0 79.193 141.131 91.1493 0.5
0 138.45 54.1418 88.8652 0.5
0 103.267 21.9197 62.4777 0.5
0 266.505 29.7935 -71.2113 0.5
0 29.5021 96.6265 -99.9431 0.5
0 40.7473 96.2878 99.9311 0.5
0 62.0645 177.356 -63.3723 0.5
0 237.785 175.41 -65.676 0.5
0 213.539 183.129 55.5834 0.5
0 19.2246 197.77 -20.9999 0.5
0 318.069 143.06 -90.2543 0.5
0 253.475 130.968 95.0841 0.5
0 155.637 183.165 55.5302 0.5
0 64.2243 27.0051 68.3501 0.5
0 84.8483 159.505 -80.3692 0.5
0 66.1541 12.4879 48.3904 0.5
0 155.213 31.0331 72.4124 0.5
0 306.607 2.11623 -20.4638 0.5
0 74.9648 188.951 -45.6923 0.5
0 28.918 195.779 28.7484 0.5
0 260.946 0.456232 -9.5414 0.5
0 150.761 8.48731 -40.3166 0.5
0 145.997 145.872 88.8583 0.5
0 245.858 83.5103 98.6311 0.5
0 271.857 195.159 30.7357 0.5
0 5.95136 101.591 -99.9873 0.5
0 60.791 47.7815 -85.2832 0.5
0 238.702 110.179 -99.4806 0.5
0 277.857 164.638 76.3018 0.5
0 288.48 3.92518 27.7422 0.5
0 290.803 174.708 66.4732 0.5
0 31.363 77.958 97.5405 0.5
0 101.987 95.0819 99.879 0.5
0 25.029 153.879 84.244 0.5
0 141.902 0.113258 -4.75803 0.5
0 219.826 190.005 43.5792 0.5
0 262.791 47.8014 -85.2954 0.5
0 174.166 68.7171 94.9809 0.5
0 316.973 6.35841 35.0892 0.5
0 94.0292 135.734 93.3975 0.5
0 226.328 196.193 -27.3312 0.5
1 388.485 -59.5687 76.8021 0.5
1 372.236 92.9122 79.7789 0.5
1 367.408 -57.8225 -15.4278 0.5
1 335.137 0.989101 -28.3822 0.5
1 348.955 -26.4015 -11.4407 0.5
1 348.365 173.946 1.8555 0.5
1 359.303 2.61249 -85.1679 0.5
1 352.825 -31.4514 21.369 0.5
1 374.301 104.76 65.3219 0.5
1 345.998 131.29 84.6582 0.5
1 383.88 -87.3723 5.94452 0.5
1 367.196 -10.4492 85.5399 0.5
1 365.921 8.15819 93.5252 0.5
1 346.782 176.702 0.823447 0.5
1 370.903 23.3119 99.3231 0.5
1 348.004 47.4864 96.257 0.5
1 333.722 158.132 80.8828 0.5
1 360.501 118.83 -75.2266 0.5
1 339.533 118.05 95.7668 0.5
1 346.351 177.449 -0.914064 0.5
1 350.981 85.7681 98.6568 0.5
1 367.798 -21.0605 78.9571 0.5
1 355.827 -37.0028 -19.6904 0.5
1 337.328 47.2614 -88.885 0.5
1 362.849 115.107 -74.9246 0.5
1 335.597 31.905 -76.6926 0.5
1 374.086 99.5606 71.2707 0.5
1 335.194 13.9511 56.0345 0.5
1 343.869 181.451 -7.7583 0.5
1 349.822 -15.5068 -49.3984 0.5
1 370.547 -8.55128 -89.7527 0.5
1 372.668 -42.2516 -67.1266 0.5
1 341.026 -6.84701 -35.4053 0.5
1 368.393 -56.7901 27.774 0.5
1 343.358 180.999 18.0219 0.5
1 337.439 186.594 34.9213 0.5
1 354.055 40.6857 -97.2182 0.5
1 358.886 43.8398 99.2893 0.5
1 380.602 -73.2294 -40.6673 0.5
1 339.963 165.832 63.4215 0.5
1 369.533 47.1266 -99.516 0.5
1 353.543 51.3795 99.0687 0.5
1 371.56 111.486 62.9534 0.5
1 338.128 74.7579 -98.5551 0.5
1 348.484 156.002 -56.8867 0.5
1 364.316 -46.7147 36.6266 0.5
1 346.653 152.708 65.2511 0.5
1 358.713 81.0337 96.8263 0.5
1 339.73 -10.8621 6.59172 0.5
1 371.861 127.011 34.815 0.5
1 384.329 -83.0962 -31.9165 0.5
1 378.088 115.477 36.7711 0.5
1 363.016 -49.8056 -17.8474 0.5
1 376.923 91.5362 74.2039 0.5
1 351.132 116.683 87.9924 0.5
1 370.521 117.057 -57.9917 0.5
1 370.116 -10.9725 88.1264 0.5
1 352.678 165.056 16.8956 0.5
1 356.138 152.284 39.6982 0.5
1 357.623 -27.3357 -52.2473 0.5
1 348.335 37.5126 -93.0995 0.5
1 371.645 89.7476 82.7779 0.5
1 372.094 89.271 -82.5733 0.5
1 360.301 141.785 -46.5686 0.5
1 379.613 22.6698 99.96 0.5
1 367.434 107.243 -74.8554 0.5
1 355.017 63.9267 99.989 0.5
1 356.909 27.7041 94.9219 0.5
1 338.947 -7.61088 -20.4426 0.5
1 338.642 -5.58957 -26.6103 0.5
1 343.143 159.058 -64.9357 0.5
1 358.96 155.052 10.5742 0.5
1 388.85 71.8897 73.2768 0.5
1 387.16 91.5199 -53.0789 0.5
1 355.553 -29.6136 -41.1799 0.5
1 343.868 8.59041 -68.1703 0.5
1 346.972 108.06 -94.8484 0.5
1 357.823 -32.155 44.1272 0.5
1 388.417 18.2125 -99.0682 0.5
1 352.338 45.8656 -97.7232 0.5
1 388.281 76.7108 -69.5184 0.5
1 366.568 18.9057 -97.1923 0.5
1 368.72 110.848 -69.2517 0.5
1 342.38 79.5481 -99.8856 0.5
1 384.831 97.1871 -50.3759 0.5
1 338.291 180.473 45.4787 0.5
1 370.531 133.716 19.1783 0.5
1 362.029 -17.1073 73.8682 0.5
1 333.511 149.221 -86.8732 0.5
1 334.099 77.0433 97.6324 0.5
1 365.207 11.7638 94.3879 0.5
1 354.359 -36.4155 -0.614885 0.5
1 369.641 -8.61784 -88.9309 0.5
1 368.001 60.7935 -97.8045 0.5
1 374.115 109.739 59.4975 0.5
1 380.555 -51.9554 -71.2529 0.5
1 367.506 130.427 -44.3718 0.5
1 383.826 -80.1736 -37.4635 0.5
1 357.211 158.579 3.58528 0.5
1 375.74 -25.8095 85.1969 0.5
1 343.301 134.615 -85.4902 0.5
1 343.542 -15.1934 -22.1682 0.5
1 339.276 103.307 99.0709 0.5
1 340.371 187.392 -9.13952 0.5
1 360.218 -8.8433 -78.2401 0.5
1 379.118 -37.6536 -81.2103 0.5
1 378.031 113.959 40.6232 0.5
1 378.882 -72.0374 36.3882 0.5
1 351.474 -20.872 44.7026 0.5
1 354.029 161.385 23.3725 0.5
1 345.451 -18.4697 22.3057 0.5
1 361.72 77.2837 96.4384 0.5
1 385.346 109.718 -6.21476 0.5
1 341.085 82.0241 -99.8964 0.5
1 343.166 -11.3461 33.2339 0.5
1 356.196 -38.174 16.8236 0.5
1 353.388 119.11 -84.2657 0.5
1 336.769 114.219 97.9447 0.5
1 361.259 -38.1492 -44.0391 0.5
1 349.031 63.6964 99.5838 0.5
1 338.497 188.137 -23.988 0.5
1 336.561 193.91 9.98282 0.5
1 384.266 -79.7754 -40.2157 0.5
1 349.125 88.029 -98.8101 0.5
1 354.977 130.917 -72.9438 0.5
1 378.08 -77.1288 8.65657 0.5
1 356.293 4.97804 83.3481 0.5
1 346.03 137.22 -80.5849 0.5
1 376.002 -67.6759 34.7385 0.5
1 341.554 74.6976 -99.3861 0.5
1 348.639 142.51 -72.3611 0.5
1 368.332 -50.1712 -44.5041 0.5
1 333.564 83.1599 98.6393 0.5
1 351.036 28.5066 91.2841 0.5
1 352.285 47.3891 -98.0229 0.5
1 337.318 -2.14061 -30.4862 0.5
1 379.564 -78.7127 16.438 0.5
1 346.584 139.715 -77.9287 0.5
1 380.566 -19.5829 92.5914 0.5
1 378.928 -27.61 -87.3751 0.5
1 335.928 41.7711 84.3355 0.5
1 333.892 186.477 -48.5132 0.5
1 387.962 103.179 -20.8719 0.5
1 333.68 0.413827 14.205 0.5
1 372.316 -38.9728 -69.961 0.5
1 368.436 -53.2523 38.112 0.5
1 344.685 180.006 8.14793 0.5
1 382.751 -32.6963 88.2117 0.5
1 338.886 38.1282 -85.2618 0.5
1 384.627 24.8676 -99.0557 0.5
1 366.431 -5.40939 -87.6814 0.5
1 371.878 121.602 46.8174 0.5
1 350.782 74.9787 99.8647 0.5
1 334.772 50.3342 -88.1735 0.5
1 339.431 35.5493 84.2371 0.5
2 372.294 -115.998 41.3971 0.5
2 380.42 -38.3052 96.1694 0.5
2 336.177 -182.453 -31.444 0.5
2 357.59 -143.44 -36.7479 0.5
2 370.493 -60.301 -94.6697 0.5
2 357.112 -124.267 68.3412 0.5
2 376.09 79.1631 21.973 0.5
2 335.219 9.73344 -14.6734 0.5
2 380.257 12.014 97.2738 0.5
2 361.587 -135.161 -40.0097 0.5
2 355.266 -82.4318 96.0086 0.5
2 340.526 -134.915 83.5672 0.5
2 366.893 -133.064 -15.8248 0.5
2 339.427 -12.3335 71.8404 0.5
2 367.706 6.44455 91.9286 0.5
2 365.446 -26.9753 -99.5134 0.5
2 344.032 20.6161 -32.6031 0.5
2 369.045 -17.7224 99.1678 0.5
2 342.302 -164.636 -48.0124 0.5
2 375.671 -115.97 -24.8989 0.5
2 380.312 -21.3765 99.4686 0.5
2 359.396 -129.553 -56.8839 0.5
2 361.583 -106.1 -77.9988 0.5
2 348.913 -104.82 91.9304 0.5
2 356.042 -8.84189 89.6641 0.5
2 380.665 -100.318 -43.8987 0.5
2 385.138 34.8314 -92.6806 0.5
2 370.215 -123.395 -31.7526 0.5
2 364.034 -64.716 -96.7098 0.5
2 365.646 -50.4784 -99.0157 0.5
2 351.395 -117.444 -82.6613 0.5
2 341.73 -0.937687 63.8416 0.5
2 348.414 -107.947 -90.9287 0.5
2 345.995 -62.49 99.6771 0.5
2 357.771 -30.4037 98.0363 0.5
2 379.541 5.79732 98.3273 0.5
2 334.306 -24.2732 74.6911 0.5
2 351.874 26.3955 -49.7738 0.5
2 358.997 -49.2748 -99.9919 0.5
2 353.501 -135.451 -62.6622 0.5
2 339.937 -122.368 91.0478 0.5
2 349.095 -110.704 -89.0215 0.5
2 374.463 -15.6256 99.8439 0.5
2 367.883 -125.812 36.2378 0.5
2 334.928 -63.5272 96.5172 0.5
2 376.794 51.2253 -72.9483 0.5
2 360.197 -130.156 53.8922 0.5
2 385.419 96.0088 18.6598 0.5
2 365.355 -5.38725 94.8761 0.5
2 355.105 -147.942 36.2417 0.5
2 337.286 9.14245 31.9883 0.5
2 386.843 -73.3592 67.7076 0.5
2 349.32 34.3972 -12.9591 0.5
2 386.491 -57.2375 -82.2624 0.5
2 379.983 -48.1457 93.1025 0.5
2 382.041 81.263 44.9086 0.5
2 349.336 -90.1839 -96.7069 0.5
2 386.012 -20.7197 98.078 0.5
2 347.893 -45.8256 -97.682 0.5
2 355.886 -83.807 95.2613 0.5
2 343.367 -147.726 68.7114 0.5
2 382.123 -107.945 0.0443913 0.5
2 372.506 -66.147 -90.9611 0.5
2 375.272 -117.243 22.5112 0.5
2 352.089 -44.6398 -98.8189 0.5
2 378.511 -15.186 99.9951 0.5
2 343.391 -159.734 -53.154 0.5
2 384.627 -75.4892 69.5191 0.5
2 343.361 -129.907 83.631 0.5
2 366.908 65.5555 -5.44236 0.5
2 356.275 42.2737 -31.2645 0.5
2 339.875 -175.021 -34.3886 0.5
2 340.135 -18.8978 -78.6404 0.5
2 350.948 -161.426 -10.1417 0.5
2 343.171 -140.338 -76.0562 0.5
2 367.754 -90.0048 -82.0439 0.5
2 350.859 20.0812 -56.9842 0.5
2 362.194 56.1359 16.6872 0.5
2 348.952 -79.3056 99.0281 0.5
2 336.796 -178.565 -38.9275 0.5
2 356.273 -0.0922 85.0328 0.5
2 351.449 -52.9298 -99.6679 0.5
2 341.629 19.3983 -22.3096 0.5
2 369.024 -86.9408 82.6392 0.5
2 364.046 -138.128 -14.9717 0.5
2 357.15 47.8648 13.6582 0.5
2 355.217 -49.9696 -99.8952 0.5
2 375.975 69.5178 47.2935 0.5
2 374.527 -85.5477 76.4629 0.5
2 385.341 97.2816 -8.33665 0.5
2 338.833 -168.325 52.0264 0.5
2 378.618 66.6593 -59.0894 0.5
2 358.917 -96.2628 -87.6587 0.5
2 350.226 -95.0815 94.7785 0.5
2 351.414 37.8722 -14.0635 0.5
2 347.07 30.8726 9.6797 0.5
2 385.464 -62.3247 79.8743 0.5
2 346.346 23.3055 -36.2011 0.5
2 381.354 85.6107 31.5696 0.5
2 388.875 -87.389 -41.1528 0.5
2 353.963 -130.053 67.9859 0.5
2 378.778 -5.21753 -99.6364 0.5
2 352.097 28.7627 46.1528 0.5
2 378.592 -109.776 28.9553 0.5
2 343.372 -82.4779 99.7247 0.5
2 366.9 63.714 19.7778 0.5
2 353.511 -99.4557 -90.7731 0.5
2 340.629 19.0718 14.8907 0.5
2 352.058 -122.986 -77.6854 0.5
2 356.906 46.4455 -19.5676 0.5
2 350.75 37.6997 -1.85584 0.5
2 361.1 45.2272 44.4365 0.5
2 338.42 -85.9869 99.9724 0.5
2 373.604 -38.9189 -98.6758 0.5
2 383.923 -66.6046 -78.6353 0.5
2 364.4 56.1609 -31.8224 0.5
2 336.077 -136.121 87.4941 0.5
2 351.327 16.5948 -62.7287 0.5
2 372.322 36.9143 78.5913 0.5
2 375.826 36.485 83.2942 0.5
2 370.56 28.4882 -82.5367 0.5
2 344.894 -77.6816 99.8618 0.5
2 343.761 -39.597 93.7526 0.5
2 382.784 -104.069 23.208 0.5
2 355.111 -29.0761 -96.6532 0.5
2 350.919 22.0406 54.2104 0.5
2 352.569 17.5143 64.2271 0.5
2 379.147 -111.627 -17.0963 0.5
2 362.369 -129.369 -48.9317 0.5
2 337.068 -68.6312 98.4832 0.5
2 367.674 12.44 89.0946 0.5
2 381.759 -59.3665 -86.1403 0.5
2 337.054 6.29233 -38.4836 0.5
2 346.252 18.2527 46.8854 0.5
2 335.519 -79.0138 99.5333 0.5
2 384.109 -100.444 28.2043 0.5
2 380.309 33.0542 -89.7309 0.5
2 368.13 -29.5526 99.9655 0.5
2 349.847 -145.942 57.1003 0.5
2 378.104 -7.76122 99.7445 0.5
2 368.449 -123.975 -38.3668 0.5
2 334.394 -159.143 -72.8266 0.5
2 368.82 59.9512 -41.5985 0.5
2 386.777 -55.2074 -83.3014 0.5
2 357.028 -94.3313 90.3204 0.5
2 357.272 39.6972 42.1479 0.5
2 386.994 -39.4242 91.6874 0.5
2 341.796 -104.136 -96.4678 0.5
2 371.771 63.3803 -45.0968 0.5
2 368.149 61.87 -34.0675 0.5
2 361.929 8.16971 85.9636 0.5
2 367.088 -14.1694 -98.017 0.5
2 348.517 30.7005 24.8945 0.5
2 338.254 -118.292 -93.9101 0.5
2 337.054 -54.7063 94.9754 0.5
2 363.602 -105.101 75.9267 0.5
2 378.455 -70.5096 82.7046 0.5
2 356.206 14.5742 -73.8655 0.5
2 374.679 64.0951 -52.7862 0.5
2 339.486 -89.3795 -99.7118 0.5
2 372.285 -92.6287 73.6485 0.5
2 386.031 90.6638 -39.5699 0.5
2 343.058 -155.929 59.5673 0.5
2 354.204 16.2799 68.7898 0.5
2 369.798 -127.083 20.8978 0.5
2 364.052 40.3203 -60.5765 0.5
2 360.174 -63.9404 98.3703 0.5
2 352.202 22.1569 57.342 0.5
2 337.635 -111.679 96.375 0.5
2 342.096 -2.32109 66.1979 0.5
2 348.365 -165.976 -9.35076 0.5
2 376.053 -30.1223 99.3174 0.5
2 349.834 -16.1167 87.8618 0.5
2 376.23 -90.1009 -69.4485 0.5
2 350.764 -157.651 30.0097 0.5
2 367.127 -33.4388 99.9988 0.5
2 339.261 -23.5543 81.0108 0.5
2 374.85 -23.7912 99.9472 0.5
2 356.549 43.269 29.6309 0.5
2 340.111 -46.0376 -93.7964 0.5
2 342.823 19.9292 28.1974 0.5
2 342.354 -95.0048 98.3336 0.5
2 370.766 -37.2932 -99.5306 0.5
3 360.338 -190.032 -21.8569 0.5
3 389.851 0.572703 -36.6982 0.5
3 337.258 -137.204 89.4267 0.5
3 419.215 -53.3976 -92.0592 0.5
3 350.558 -27.9825 76.4456 0.5
3 385.259 -41.5595 -86.0822 0.5
3 407.528 -133.289 -91.2806 0.5
3 366.214 7.22302 8.07907 0.5
3 359.059 -161.051 72.7593 0.5
3 381.074 -189.37 -24.6262 0.5
3 387.915 -9.98143 -56.559 0.5
3 376.121 -118.5 96.5473 0.5
3 423.865 -59.9997 -94.5884 0.5
3 351.502 -41.243 -85.8943 0.5
3 355.468 -165.135 -68.68 0.5
3 428.273 -137.999 89.0242 0.5
3 391.748 -19.1368 68.0085 0.5
3 336.386 -100.23 99.6969 0.5
3 417.355 -104.452 99.2772 0.5
3 408.884 -137.551 89.2519 0.5
3 358.333 -125.214 94.4805 0.5
3 443.487 -178.453 51.0251 0.5
3 382.591 -191.447 14.1298 0.5
3 385.502 -181.22 -46.0417 0.5
3 382.621 -116.379 -97.0949 0.5
3 379.37 -191.49 13.8262 0.5
3 386.013 -192.376 3.84311 0.5
3 346.85 -25.9673 74.6997 0.5
3 441.724 -67.281 -96.7808 0.5
3 433.841 -77.4134 98.863 0.5
3 419.899 -68.7032 97.1395 0.5
3 365.23 -0.339176 38.9304 0.5
3 393.074 -192.29 5.65033 0.5
3 418.614 -9.2491 55.4761 0.5
3 389.188 -64.3252 95.9635 0.5
3 336.883 -97.1859 99.8878 0.5
3 373.412 -42.8085 86.8085 0.5
3 395.013 -60.2892 -94.6873 0.5
3 381.05 1.2221 -35.0074 0.5
3 403.832 7.42228 5.05074 0.5
3 395.919 -192.054 -8.89072 0.5
3 440.172 -147.34 -83.5888 0.5
3 377.183 1.83895 -33.3103 0.5
3 431.859 -103.129 99.4282 0.5
3 347.172 -4.60962 -47.7918 0.5
3 425.451 -36.2786 -82.7331 0.5
3 439.461 -65.9361 -96.421 0.5
3 413.551 -182.268 -43.964 0.5
3 342.171 -46.0498 -88.5834 0.5
3 431.227 -191.08 16.498 0.5
3 351.387 -29.1878 -77.446 0.5
3 398.778 -178.838 -50.3703 0.5
3 409.958 -148.217 -83.0063 0.5
3 436.766 -18.6641 67.4954 0.5
3 391.398 -6.16262 50.5418 0.5
3 377.283 -179.412 -49.3727 0.5
3 359.198 -177.157 -53.1479 0.5
3 433.861 -185.078 -37.6845 0.5
3 434.701 -150.03 -81.7592 0.5
3 364.235 -84.7771 -99.7052 0.5
3 365.707 -41.925 -86.2972 0.5
3 374.22 -116.262 -97.1236 0.5
3 442.56 -58.3204 93.9956 0.5
3 344.777 -114.103 97.6276 0.5
3 337.149 -52.4766 -91.6631 0.5
3 368.601 -121.273 -95.7562 0.5
3 340.712 -135.592 90.2151 0.5
3 420.075 -191.009 16.9165 0.5
3 402.264 -183.926 40.3999 0.5
3 406.463 -191.313 -15.0374 0.5
3 375.179 -189.702 23.2811 0.5
3 426.601 -190.704 18.6067 0.5
3 415.483 -143.709 -85.8637 0.5
3 361.539 -95.3216 99.9588 0.5
3 365.201 -191.188 15.8356 0.5
3 410.142 -122.71 -95.3117 0.5
3 384.453 -72.3479 -97.9587 0.5
3 426.309 -147.459 -83.5107 0.5
3 363.578 -168.47 -64.9696 0.5
3 422.878 -143.127 -86.208 0.5
3 435.428 -164.652 -69.1875 0.5
3 420.59 -39.5752 84.8778 0.5
3 401.895 -62.5743 95.4329 0.5
3 409.765 -176.727 53.827 0.5
3 441.939 -129.052 93.0607 0.5
3 427.884 -171.144 61.7032 0.5
3 416.778 -7.83698 -53.2975 0.5
3 421.899 -8.12225 -53.7477 0.5
3 379.509 -70.433 -97.5461 0.5
3 374.203 -183.248 41.9006 0.5
3 372.363 -35.2301 -82.0114 0.5
3 409.057 -142.899 -86.3416 0.5
3 378.59 -138.234 -88.9036 0.5
3 373.382 -126.501 94.0241 0.5
3 345.098 -183.095 -42.2321 0.5
3 371.298 -138.855 -88.5812 0.5
3 367.661 -183.313 -41.7599 0.5
3 339.694 3.91477 -26.7173 0.5
3 398.063 -166.984 -66.669 0.5
3 442.41 -24.3594 -73.237 0.5
3 361.767 -119.987 96.1337 0.5
3 440.632 -92.256 -99.9998 0.5
3 440.893 -155.54 77.5868 0.5
3 372.381 -25.4871 74.2695 0.5
3 421.021 -191.413 -14.3674 0.5
3 380.23 -15.2796 -63.5981 0.5
3 424.444 5.85828 -18.3157 0.5
3 422.521 -11.3313 58.4786 0.5
3 376.66 -28.3685 76.7694 0.5
3 401.442 -59.5914 -94.4474 0.5
3 353.039 -96.7193 99.9088 0.5
3 349.165 -184.373 39.3728 0.5
3 358.563 -184.291 39.5629 0.5
3 438.229 -5.13953 48.7531 0.5
3 369.641 -67.035 96.7165 0.5
3 420.357 -172.376 -60.0993 0.5
3 336.781 -14.2264 62.2981 0.5
3 427.612 -14.473 62.6065 0.5
3 426.665 0.445262 -37.0196 0.5
3 390.557 -186.753 -33.2715 0.5
3 339.478 -154.807 78.1768 0.5
3 347.501 -67.1226 96.7394 0.5
3 350.712 -26.0555 -74.7781 0.5
3 403.843 5.79092 18.6736 0.5
3 351.735 -55.6851 -92.9964 0.5
3 422.58 -19.4995 68.3975 0.5
3 377.1 -173.948 -57.9489 0.5
3 409.907 2.18708 -32.308 0.5
3 367.265 -191.83 11.1217 0.5
3 386.041 -59.9785 -94.5812 0.5
3 366.279 -184.541 -38.9771 0.5
3 338.523 0.845353 -35.9995 0.5
3 351.269 -162.025 -71.8285 0.5
3 345.221 -18.8804 67.7311 0.5
3 388.247 6.34763 -15.4599 0.5
3 335.521 -68.3634 97.0558 0.5
3 369.586 -10.3457 57.0865 0.5
3 398.478 -87.6229 99.8834 0.5
3 354.569 -104.674 -99.2501 0.5
3 347.145 -168.418 -65.0302 0.5
3 444.039 -103.237 -99.4165 0.5
3 364.591 -59.7393 -94.4987 0.5
3 384.596 -1.89381 -42.4212 0.5
3 333.864 -186.995 32.5774 0.5
3 412.641 -8.2084 53.8826 0.5
3 361.859 7.50971 2.83531 0.5
3 399.107 -53.8583 -92.2533 0.5
3 428.354 -1.77658 42.1701 0.5
3 396.588 -183.948 -40.3508 0.5
3 409.106 -191.76 11.7281 0.5
3 425.546 -30.0325 78.1284 0.5
3 349.393 -139.279 -88.3575 0.5
3 346.362 -148.614 -82.7381 0.5
3 402.65 -146.006 -84.45 0.5
3 387.02 -189.408 24.4771 0.5
3 363.487 -102.139 99.5295 0.5
3 431.272 -25.4485 74.2347 0.5
3 418.923 -58.9258 -94.2132 0.5
3 393.734 -118.641 -96.5094 0.5
3 374.648 1.46674 34.3457 0.5
3 435.166 -143.765 -85.8301 0.5
3 388.193 -33.0688 80.4603 0.5
3 383.419 -43.4323 87.1623 0.5
3 407.462 -7.05307 52.0322 0.5
3 367.823 -15.7769 64.1968 0.5
3 395.584 -99.0079 -99.7847 0.5
3 412.119 -98.0007 99.8458 0.5
3 442.198 -126.972 -93.8522 0.5
3 394.087 -28.985 77.2799 0.5
3 393.686 -110.644 98.3309 0.5
3 391.616 -57.8017 -93.8056 0.5
3 398.348 -97.419 -99.8765 0.5
3 405.619 -192.369 4.01474 0.5
3 339.519 -23.6735 -72.5933 0.5
3 339.64 6.86539 11.6805 0.5
3 414.497 -108.056 98.7748 0.5
3 422.667 -130.574 92.4477 0.5
3 333.979 -155.299 77.7814 0.5
3 366.815 -2.65126 44.0019 0.5
3 398.194 -182.559 43.3628 0.5
3 376.649 -188.923 26.3228 0.5
3 392.886 -7.52543 52.7996 0.5
3 356.672 -145.033 -85.0591 0.5
3 370.318 -35.5944 82.2644 0.5
3 385.26 -137.002 -89.5274 0.5
3 430.964 -146.705 84.0022 0.5
3 432.124 -24.5695 73.4318 0.5
3 419.421 -42.399 86.573 0.5
4 497.463 -84.2824 -0.508561 0.5
4 481.12 -246.99 -41.4252 0.5
4 496.89 -95.6767 -48.2097 0.5
4 468.926 -100.574 -93.9409 0.5
4 479.775 -232.629 -61.3307 0.5
4 486.315 -258.439 -35.5533 0.5
4 470.707 -122.707 -98.8331 0.5
4 489.03 -267.624 -20.1443 0.5
4 451.239 -20.0794 -54.0417 0.5
4 480.735 -123.917 -94.9453 0.5
4 467.807 -94.5558 92.3504 0.5
4 493.406 -183.922 99.7774 0.5
4 488.312 -89.1641 60.9648 0.5
4 470.807 -42.5092 -29.3312 0.5
4 480.17 -162.311 -99.681 0.5
4 454.732 -81.8353 -95.8724 0.5
4 462.542 -217.145 -35.8628 0.5
4 467.298 -209.304 -63.4775 0.5
4 494.262 -168.717 99.4969 0.5
4 488.427 -111.663 82.1877 0.5
4 470.568 -140.333 99.9653 0.5
4 488.598 -232.346 77.3169 0.5
4 497.068 -222.934 -91.9377 0.5
4 478.597 -251.604 0.358562 0.5
4 498.715 -86.7968 8.32483 0.5
4 452.259 -38.4695 -73.7672 0.5
4 450.835 -200.075 -26.0171 0.5
4 458.902 -151.672 93.9773 0.5
4 477.5 -210.446 -79.4378 0.5
4 481.126 -254.845 15.0558 0.5
4 446.72 -111.804 98.8052 0.5
4 480.021 -97.1157 -82.1962 0.5
4 497.909 -85.8557 -12.6471 0.5
4 460.88 -167.567 88.4519 0.5
4 450.844 -96.8592 99.777 0.5
4 495.846 -281.109 8.60005 0.5
4 475.947 -235.028 47.4721 0.5
4 476.898 -80.0498 -72.7501 0.5
4 490.011 -85.9303 -51.9556 0.5
4 462.721 -30.0192 33.8796 0.5
4 445.288 -177.989 -54.1394 0.5
4 459.953 -204.924 51.6769 0.5
4 477.46 -53.1421 26.2492 0.5
4 464.035 -182.812 82.557 0.5
4 463.584 -88.7939 92.9801 0.5
4 461.541 -22.2374 -5.91396 0.5
4 471.962 -171.511 94.9426 0.5
4 464.48 -70.4521 82.3717 0.5
4 456.488 -34.002 -60.9107 0.5
4 453.667 -122.269 99.0368 0.5
4 496.628 -91.2742 40.2065 0.5
4 479.556 -121.697 -94.8868 0.5
4 457.014 -144.395 -95.3391 0.5
4 491.927 -251.733 -63.7551 0.5
4 462.488 -47.6632 64.9454 0.5
4 447.856 -3.91228 -32.8581 0.5
4 494.761 -93.768 -51.3103 0.5
4 471.507 -90.8215 -87.4498 0.5
4 463.859 -127.013 99.9956 0.5
4 449.138 -193.855 36.0495 0.5
4 473.658 -240.21 23.6609 0.5
4 461.582 -124.474 -99.9726 0.5
4 466.519 -178.007 88.0937 0.5
4 449.192 -14.3248 50.437 0.5
4 453.111 -183.748 -64.654 0.5
4 448.378 -177.723 62.0004 0.5
4 462.19 -91.4365 -94.8262 0.5
4 473.282 -64.4215 62.6071 0.5
4 466.969 -230.716 -12.2041 0.5
4 483.081 -79.1298 -59.6788 0.5
4 484.346 -255.443 34.4407 0.5
4 456.188 -185.58 -68.5698 0.5
4 484.003 -179.631 -98.2427 0.5
4 478.2 -84.0535 -74.3594 0.5
4 480.132 -67.1684 49.1385 0.5
4 446.814 -52.0713 -89.5616 0.5
4 479.43 -191.788 -92.1903 0.5
4 463.15 -224.827 2.05552 0.5
4 457.865 -148.138 -94.5912 0.5
4 464.631 -201.982 -66.6315 0.5
4 479.408 -159.639 99.78 0.5
4 448.35 -11.52 -48.0599 0.5
4 475.821 -244.475 -21.419 0.5
4 493.904 -118.193 80.0575 0.5
4 477.517 -239.947 -43.1463 0.5
4 469.061 -80.4774 83.7717 0.5
4 486.784 -148.624 -98.5165 0.5
4 459.646 -73.1326 88.9736 0.5
4 457.378 -108.76 -99.8143 0.5
4 480.405 -236.92 -56.9717 0.5
4 498.374 -256.857 70.4216 0.5
4 447.663 -130.649 94.5286 0.5
4 489.593 -185.334 -98.9159 0.5
4 481.725 -58.4919 17.0868 0.5
4 495.498 -212.483 -94.8738 0.5
4 466.321 -124.625 99.8365 0.5
4 473.744 -63.2509 60.0689 0.5
4 445.905 -166.284 -70.1125 0.5
4 480.112 -65.1021 45.3504 0.5
4 453.908 -79.1679 95.4957 0.5
4 495.024 -90.6134 44.7202 0.5
4 486.498 -215.803 86.304 0.5
4 465.714 -215.563 50.5674 0.5
4 476.03 -241.226 33.9272 0.5
4 481.287 -204.995 87.3224 0.5
4 486.809 -73.199 37.6829 0.5
4 485.312 -87.4769 65.2747 0.5
4 449.744 -36.768 76.1121 0.5
4 468.39 -47.3734 -50.088 0.5
4 474.872 -107.302 -92.5602 0.5
4 477.069 -186.802 92.5624 0.5
4 495.943 -221.902 -91.5402 0.5
4 457.201 -151.181 93.0472 0.5
4 459.782 -19.7658 12.2331 0.5
4 490.305 -172.846 -99.9954 0.5
4 476.736 -53.7489 -32.326 0.5
4 475.563 -132.038 -98.9706 0.5
4 490.275 -71.8842 -3.28321 0.5
4 487.693 -266.787 -10.6847 0.5
4 450.449 -67.8363 93.67 0.5
4 459.804 -148.768 -95.4834 0.5
4 449.118 -76.6379 97.1002 0.5
4 463.19 -25.11 -6.1856 0.5
4 445.436 -61.6447 -94.5633 0.5
4 499.664 -88.4253 8.14592 0.5
4 482.226 -247.074 -45.2338 0.5
4 498.166 -92.3766 -36.4466 0.5
4 485.668 -65.7029 19.1554 0.5
4 469.679 -231.524 30.0858 0.5
4 492.477 -195.924 97.9223 0.5
4 478.148 -67.6157 -55.4609 0.5
4 494.104 -273.241 31.8924 0.5
4 490.856 -78.3987 32.8849 0.5
4 453.93 -9.46164 10.7704 0.5
4 449.173 -199.226 -16.7617 0.5
4 483.861 -253.972 36.1178 0.5
4 466.591 -115.674 98.8479 0.5
4 491.04 -159.196 99.0208 0.5
4 473.8 -45.9082 -22.7082 0.5
4 482.079 -98.5928 -80.7093 0.5
4 473.414 -43.297 11.5599 0.5
4 479.62 -176.51 97.2871 0.5
4 453.326 -69.1498 -92.2148 0.5
4 488.983 -179.406 99.5174 0.5
4 497.45 -88.8021 -29.8032 0.5
4 482.84 -257.498 -16.9933 0.5
4 493.84 -78.0898 4.10678 0.5
4 469.323 -79.7325 -82.978 0.5
4 478.223 -217.759 -74.4138 0.5
4 498.99 -251.187 76.619 0.5
4 473.497 -42.777 1.19697 0.5
4 465.17 -51.5659 -64.0662 0.5
4 488.881 -113.231 -82.7244 0.5
4 456.565 -169.616 -82.7319 0.5
4 465.43 -93.4186 93.5326 0.5
4 488.415 -68.659 -3.13275 0.5
4 486.74 -197.426 -94.8367 0.5
4 447.54 -180.975 55.5332 0.5
4 466.778 -78.2223 84.8552 0.5
4 494.068 -121.292 -82.0889 0.5
4 483.676 -259.523 13.2209 0.5
4 448.36 -160.456 79.0666 0.5
4 493.6 -134.84 90.4015 0.5
4 445.425 -178.517 53.6841 0.5
4 466.73 -221.741 -42.1338 0.5
4 491.843 -226.75 85.2924 0.5
5 550.28 -201.588 -0.135579 0.5
5 505.579 -87.2314 -39.7048 0.5
5 549.569 -110.367 -99.7148 0.5
5 521.063 -220.568 -72.9726 0.5
5 513.051 -66.5932 10.2161 0.5
5 512.408 -67.2209 2.72826 0.5
5 526.883 -176.421 93.9305 0.5
5 518.404 -228.601 -69.6017 0.5
5 511.359 -72.7094 26.9784 0.5
5 510.443 -207.368 -92.9904 0.5
5 531.073 -90.4808 89.6152 0.5
5 550.888 -33.1119 -73.8527 0.5
5 514.956 -118.933 -89.8793 0.5
5 555.462 -166.219 67.6904 0.5
5 535.295 -75.1699 85.1889 0.5
5 519.818 -174.25 97.9998 0.5
5 535.757 -222.915 -27.4018 0.5
5 527.083 -206.612 76.1243 0.5
5 554.405 -1.15216 -36.0138 0.5
5 548.026 -39.7954 -75.3926 0.5
5 540.557 -18.4463 1.90577 0.5
5 502.27 -262.82 -62.4821 0.5
5 554.152 -194.88 -0.472988 0.5
5 515.78 -155.291 99.8166 0.5
5 542.482 -18.9291 -27.428 0.5
5 519.377 -176.98 -97.5798 0.5
5 548.063 -99.5338 -99.8261 0.5
5 541.987 -173.443 81.8214 0.5
5 548.21 -49.8941 -83.3317 0.5
5 538.646 -218.307 25.972 0.5
5 518.577 -226.585 71.3295 0.5
5 538.368 -48.1798 67.2157 0.5
5 516.31 -248.699 -46.9882 0.5
5 544.95 -191.893 58.5417 0.5
5 507.511 -100.494 65.9491 0.5
5 530.059 -91.062 89.0239 0.5
5 512.097 -232.004 76.6025 0.5
5 501.46 -160.178 -96.5691 0.5
5 501.579 -257.83 69.5111 0.5
5 519.051 -230.087 66.807 0.5
5 515.818 -258.096 -25.0226 0.5
5 500.315 -101.959 -50.7406 0.5
5 504.749 -221.222 91.3104 0.5
5 539.241 -77.4656 90.1674 0.5
5 549.449 -5.73904 -23.1347 0.5
5 529.522 -53.9104 54.8252 0.5
5 515.99 -64.4666 -26.1797 0.5
5 513.567 -149.102 -98.6995 0.5
5 553.408 -15.0754 -58.5129 0.5
5 527.039 -65.6469 64.7632 0.5
5 523.972 -162.747 -98.7769 0.5
5 523.671 -65.4381 -56.8938 0.5
5 534.525 -228.157 -11.978 0.5
5 507.469 -106.404 -72.0616 0.5
5 501.55 -267.065 58.5408 0.5
5 534.104 -30.4629 -13.0704 0.5
5 535.15 -152.427 -96.9185 0.5
5 553.399 -36.8473 -80.4916 0.5
5 531.836 -105.907 -96.108 0.5
5 500.279 -95.4219 37.332 0.5
5 513.899 -152.046 -99.2086 0.5
5 516.704 -223.079 77.3855 0.5
5 509.661 -113.643 -81.2483 0.5
5 532.901 -132.551 -99.9963 0.5
5 506.283 -112.816 -76.0134 0.5
5 503.019 -276.432 36.791 0.5
5 541.34 -28.7822 46.956 0.5
5 538.477 -182.042 79.9911 0.5
5 554.394 -38.9548 -83.1804 0.5
5 548.634 -16.9453 48.426 0.5
5 524.944 -45.6061 5.18831 0.5
5 515.654 -249.923 46.8219 0.5
5 547.21 -154.42 -87.9901 0.5
5 552.698 -136.214 92.1599 0.5
5 518.291 -235.841 -61.5084 0.5
5 501.047 -94.555 -38.4623 0.5
5 521.126 -106.547 -89.0301 0.5
5 547.101 -95.9935 99.382 0.5
5 539.252 -76.7019 -89.8064 0.5
5 524.613 -117.573 95.8611 0.5
5 518.083 -57.6144 7.2139 0.5
5 551.168 -16.9177 55.5798 0.5
5 539.27 -83.2126 -92.7251 0.5
5 506.496 -274.866 -22.4707 0.5
5 539.124 -177.568 82.4012 0.5
5 513.017 -266.092 -2.71492 0.5
5 531.107 -79.1239 83.0693 0.5
5 503.931 -172.022 -99.5142 0.5
5 519.608 -97.7144 -82.1657 0.5
5 504.964 -183.905 -99.9267 0.5
5 541.917 -59.0359 -82.1386 0.5
5 508.388 -99.9162 -67.0065 0.5
5 503.32 -127.309 -83.1083 0.5
5 522.715 -54.7008 -32.3246 0.5
5 504.101 -91.4724 -43.3823 0.5
5 518.381 -149.144 -99.7036 0.5
5 536.785 -26.1351 -15.2718 0.5
5 545.685 -16.3656 36.2969 0.5
5 527.553 -223.862 -55.9089 0.5
5 519.523 -66.5553 -46.9293 0.5
5 548.626 -203.914 -10.3584 0.5
5 514.925 -63.6741 -13.0036 0.5
5 531.775 -167.774 -93.9935 0.5
5 534.674 -122.563 99.8165 0.5
5 539.55 -28.4341 -39.8018 0.5
5 510.365 -72.6577 19.5802 0.5
5 520.827 -243.918 -40.759 0.5
5 529.775 -38.4341 16.261 0.5
5 518.658 -82.1485 67.0286 0.5
5 530.057 -44.4781 38.8685 0.5
5 540.41 -33.8578 52.9592 0.5
5 535.899 -176.324 -86.7021 0.5
5 544.694 -114.555 99.9458 0.5
5 500.298 -287.984 5.90794 0.5
5 541.99 -43.5863 69.0218 0.5
5 507.8 -274.983 6.04884 0.5
5 525.867 -190.329 88.5541 0.5
5 527.856 -238.85 17.6915 0.5
5 538.45 -110.242 99.297 0.5
5 502.4 -248.288 -77.0285 0.5
5 535.84 -184.64 -81.4318 0.5
5 553 -48.0008 -87.2419 0.5
5 528.685 -208.606 -71.7895 0.5
5 527.804 -151.602 -99.3837 0.5
5 522.001 -52.2563 18.2952 0.5
5 546.528 -208.086 -0.469508 0.5
5 508.344 -274.204 -1.99816 0.5
5 554.429 -151.411 82.1579 0.5
5 528.803 -238.426 8.48383 0.5
5 537.742 -23.3049 -0.443788 0.5
5 517.574 -176.791 98.2634 0.5
5 512.667 -86.3044 -59.4212 0.5
5 527.837 -236.754 26.9736 0.5
5 532.13 -76.4117 -82.4314 0.5
5 502.889 -270.982 48.7516 0.5
5 507.454 -75.8176 3.25398 0.5
5 554.202 -194.627 5.80309 0.5
5 540.281 -84.7117 93.9722 0.5
5 524.998 -46.1613 12.4986 0.5
5 552.509 -3.49809 -33.4793 0.5
5 502.591 -144.953 -91.9818 0.5
5 512.112 -197.996 -95.2995 0.5
5 532.705 -158.135 96.5319 0.5
5 517.742 -252.749 31.8167 0.5
5 523.086 -246.416 -21.2024 0.5
5 502.233 -158.021 96.3455 0.5
5 546.133 -185.897 -63.6504 0.5
5 521.018 -65.2751 -49.3139 0.5
5 549.738 -2.81193 7.54112 0.5
5 506.411 -115.877 78.7013 0.5
5 536.719 -216.828 -39.7681 0.5
5 539.933 -214.499 -31.2523 0.5
5 526.772 -210.719 72.9355 0.5
5 534.458 -62.0469 74.2861 0.5
5 511.471 -268.45 -8.44535 0.5
5 517.676 -157.328 -99.9973 0.5
5 545.577 -71.5311 92.4153 0.5
5 508.598 -98.7631 66.1206 0.5
5 508.265 -80.784 -35.263 0.5
5 500.502 -279.679 -39.4898 0.5
5 507.143 -233.063 82.3305 0.5
5 551.802 -71.7009 -96.2156 0.5
5 550.93 -109.245 99.6135 0.5
5 503.748 -187.777 99.8434 0.5
5 516.493 -65.3142 31.8442 0.5
5 506.465 -87.5611 43.7626 0.5
5 513.625 -262.699 -21.6754 0.5
5 546.087 -208.779 3.74284 0.5
5 547.717 -63.0811 90.3088 0.5
5 541.038 -214.02 26.502 0.5
5 525.174 -244.917 -5.58335 0.5
5 524.992 -238.001 -37.7201 0.5
5 525.749 -51.838 -38.6289 0.5
5 554.432 -181.862 -48.4756 0.5
5 502.652 -90.0916 34.1451 0.5
5 521.753 -149.18 99.9835 0.5
5 532.767 -216.665 -53.0895 0.5
5 537.542 -222.749 13.396 0.5
5 532.305 -66.4155 74.8564 0.5
5 534.999 -140.395 -99.2356 0.5
5 521.585 -229.598 62.1899 0.5
5 510.77 -259.031 -45.5772 0.5
5 526.113 -145.084 99.9866 0.5
5 537.521 -219.644 28.1443 0.5
5 541.99 -16.5244 -10.7352 0.5
5 536.123 -92.9886 -94.3564 0.5
5 548.838 -178.906 66.3455 0.5
5 541.917 -179.442 77.3586 0.5
5 509.637 -101.022 70.4589 0.5
5 513.056 -167.896 -99.9832 0.5
5 511.892 -69.2617 -15.3441 0.5
5 529.209 -39.8681 -18.8036 0.5
5 553.776 -12.8822 -56.2935 0.5
5 547.637 -14.966 41.021 0.5
5 545.733 -190.887 58.0546 0.5
6 605.595 -32.0835 79.7237 0.5
6 623.603 -158.727 -74.8824 0.5
6 570.253 -11.0054 -58.0238 0.5
6 602.246 -12.18 59.6382 0.5
6 584.171 -187.334 -31.5775 0.5
6 659.313 -160.941 72.8628 0.5
6 657.237 5.21935 21.4635 0.5
6 632.346 -183.051 -42.3251 0.5
6 591.215 -104.302 -99.2952 0.5
6 583.701 7.4413 -4.6595 0.5
6 616.332 -146.566 84.0921 0.5
6 612.211 -60.3179 -94.697 0.5
6 568.263 -6.77571 51.5742 0.5
6 665.951 -20.0403 -68.9697 0.5
6 638.481 -191.951 -9.98058 0.5
6 593.209 7.43953 4.69714 0.5
6 563.584 -4.89432 48.3114 0.5
6 638.75 -140.456 -87.7235 0.5
6 590.194 -43.9864 -87.4715 0.5
6 617.057 -192.377 -3.82482 0.5
6 619.146 -167.522 -66.0626 0.5
6 584.841 -95.176 -99.9628 0.5
6 653.828 -65.0184 -96.1639 0.5
6 632.949 -47.9013 89.5288 0.5
6 622.331 -104.244 99.3021 0.5
6 591.932 -178.478 50.9823 0.5
6 586.862 -109.119 -98.601 0.5
6 592.528 -17.7979 -66.5361 0.5
6 653.578 7.54148 -1.29812 0.5
6 558.09 -184.668 -38.6752 0.5
6 591.417 7.54938 0.327016 0.5
6 640.966 -47.5765 89.3665 0.5
6 659.247 -88.9843 99.9399 0.5
6 653.112 -192.215 6.84716 0.5
6 566.779 -71.4016 -97.7597 0.5
6 556.574 -72.4114 97.9717 0.5
6 594.67 -181.424 -45.6476 0.5
6 566.661 5.36441 20.7924 0.5
6 602.642 -173.601 58.434 0.5
6 607.465 -191.6 13.0132 0.5
6 627.575 7.46042 4.22962 0.5
6 613.301 -163.667 -70.2011 0.5
6 637.121 -6.2929 50.7636 0.5
6 602.211 -171.259 -61.5563 0.5
6 558.893 -172.651 -59.7317 0.5
6 574.2 2.3693 31.7692 0.5
6 587.793 6.13376 -16.7697 0.5
6 610.136 -16.2705 64.7817 0.5
6 627.853 7.54929 -0.353175 0.5
6 651.8 -144.395 85.4502 0.5
6 658.375 -6.0438 -50.3384 0.5
6 600.153 5.73048 18.9888 0.5
6 628.624 -27.3081 -75.8718 0.5
6 562.824 -16.6564 65.2328 0.5
6 612.769 -189.166 -25.4158 0.5
6 627.384 -45.7055 -88.4022 0.5
6 660.454 -40.6679 85.5488 0.5
6 642.437 -79.8821 99.2071 0.5
6 586.007 -32.3586 79.9313 0.5
6 631.145 -67.4361 96.821 0.5
6 659.905 -58.6052 94.0985 0.5
6 595.785 -36.2394 82.7065 0.5
6 618.189 -82.4467 -99.4984 0.5
6 566.98 -189.223 25.2008 0.5
6 580.668 -3.94906 -46.5572 0.5
6 657.527 -161.073 -72.7388 0.5
6 582.081 -11.5938 58.8409 0.5
6 651.257 -172.609 -59.7876 0.5
6 642.398 -179.895 48.5121 0.5
6 563.324 -96.365 99.9233 0.5
6 574.359 -64.2639 95.9455 0.5
6 590.307 -161.917 -71.933 0.5
6 569.691 -192.449 0.39679 0.5
6 582.355 -121.774 95.6039 0.5
6 580.583 -161.026 72.7825 0.5
6 648.308 -149.443 -82.1694 0.5
6 643.62 -71.4445 -97.7689 0.5
6 658.578 -184.192 39.7915 0.5
6 619.331 -160.833 72.9641 0.5
6 563.393 -78.6027 -99.0366 0.5
6 584.022 -153.618 -79.1105 0.5
6 629.167 -4.55943 -47.6994 0.5
6 654.317 -152.655 -79.8456 0.5
6 596.993 5.11174 -21.9474 0.5
6 606.425 -101.597 99.5808 0.5
6 645.971 -153.415 -79.267 0.5
6 622.453 -39.0369 84.5401 0.5
6 599.268 -192.449 0.416598 0.5
6 598.622 -192.425 -2.23844 0.5
6 620.095 -73.4268 -98.1739 0.5
6 620.429 -99.8102 -99.7288 0.5
6 591.061 -136.968 89.5442 0.5
6 581.36 -41.1204 -85.8211 0.5
6 557.716 -134.521 90.7197 0.5
6 625.391 -113.398 -97.7813 0.5
6 562.707 -173.964 57.927 0.5
6 610.217 -107.51 -98.8594 0.5
6 649.858 -191.525 -13.5695 0.5
6 647.133 -0.919688 40.2764 0.5
6 625.077 -19.0239 -67.8866 0.5
6 607.908 -62.5689 95.4312 0.5
6 586.559 -133.874 -91.0167 0.5
6 561.191 -75.8677 -98.6155 0.5
6 622.63 -57.1557 93.5645 0.5
6 642.046 4.6032 -24.0969 0.5
6 578.424 -188.065 -29.287 0.5
6 603.883 -13.0842 60.8364 0.5
6 593.505 -50.78 90.9044 0.5
6 603.637 2.46377 -31.4859 0.5
6 592.267 -23.8965 -72.8039 0.5
6 658.258 -43.2636 -87.0671 0.5
6 608.995 -94.0156 -99.9877 0.5
6 555.723 -163.052 -70.8194 0.5
6 585.859 -85.358 -99.7482 0.5
6 655.188 -114.496 97.5396 0.5
6 626.255 -148.629 82.7283 0.5
6 583.586 -135.999 90.0194 0.5
6 619.856 2.49636 -31.3874 0.5
6 628.855 -78.3475 99.0006 0.5
6 629.809 -14.2963 62.3858 0.5
6 641.702 -5.47862 49.3555 0.5
6 589.391 -164.658 -69.1807 0.5
6 640.257 -188.812 -26.7291 0.5
6 609.028 -179.7 -48.8613 0.5
6 557.777 -41.7038 86.1674 0.5
6 600.043 -112.912 -97.8843 0.5
6 583.646 -81.1465 99.3591 0.5
6 649.502 -17.9481 66.7042 0.5
6 626.733 -125.639 -94.3317 0.5
6 609.83 -143.93 -85.7311 0.5
6 591.037 -27.4176 75.9656 0.5
6 651.172 -56.3717 93.265 0.5
6 666.084 -176.732 -53.8195 0.5
6 559.209 -76.8172 98.7705 0.5
6 573.419 -122.043 95.521 0.5
6 626.033 -181.679 45.1472 0.5
6 562.492 -191.21 -15.7003 0.5
6 586.653 -156.539 76.763 0.5
6 560.373 -35.7677 82.3839 0.5
6 591.963 3.31176 28.804 0.5
6 608.4 5.97483 17.6787 0.5
6 572.274 -191.962 9.87225 0.5
6 580.517 -57.4074 -93.659 0.5
6 631.161 7.53981 1.42155 0.5
6 662.277 -186.956 -32.6914 0.5
6 651.229 -186.029 -35.2564 0.5
6 568.861 0.526241 -36.8158 0.5
6 611.641 -162.417 -71.4468 0.5
6 623.062 -162.04 71.8135 0.5
6 603.101 -159.179 74.4798 0.5
6 609.931 -141.895 -86.9209 0.5
6 573.68 7.50146 3.11265 0.5
6 647.415 -76.6188 -98.7389 0.5
6 654.059 -63.2205 -95.6328 0.5
6 635.942 -149.481 -82.1428 0.5
6 664.841 -178.248 51.369 0.5
6 574.176 -192.339 -4.71127 0.5
6 582.142 -170.156 62.943 0.5
6 652.416 -43.2956 87.0852 0.5
6 650.676 -141.273 87.2713 0.5
6 602.733 -177.849 52.0294 0.5
6 595.277 -192.445 -1.01149 0.5
6 622.1 -20.775 69.7329 0.5
6 591.979 7.1946 8.4223 0.5
6 597.555 -24.5218 -73.3876 0.5
6 587.572 -159.258 -74.4089 0.5
6 580.572 -184.909 -38.0973 0.5
6 566.25 -107.011 98.9343 0.5
6 572.798 -191.806 -11.3309 0.5
6 597.67 -5.928 -50.1391 0.5
6 562.533 2.9951 29.8365 0.5
6 648.187 -75.9505 98.6294 0.5
6 625.359 -2.05224 42.7578 0.5
6 591.051 -169.039 -64.2968 0.5
6 576.444 -165.896 -67.8653 0.5
7 619.551 -56.2791 -89.0819 0.5
7 637.601 -48.684 -99.7835 0.5
7 661.147 -141.001 -81.3829 0.5
7 658.731 -122.826 89.7406 0.5
7 623.023 82.8017 -8.24808 0.5
7 621.383 67.0847 58.5022 0.5
7 640.338 -72.5795 -96.6324 0.5
7 649.351 36.0552 17.1773 0.5
7 624.849 -119.81 6.48196 0.5
7 623.121 29.2713 -88.637 0.5
7 627.274 44.6609 -72.4947 0.5
7 625.785 -105.5 54.4765 0.5
7 621.308 -105.475 -40.1463 0.5
7 629.475 59.8168 47.7768 0.5
7 626.133 -27.8557 99.8424 0.5
7 645.994 -91.7353 93.641 0.5
7 612.223 -95.1893 24.1584 0.5
7 620.234 -45.2593 94.3162 0.5
7 618.5 -18.3702 99.5622 0.5
7 654.015 -149.537 61.3111 0.5
7 659.21 12.4763 39.1668 0.5
7 641.658 -20.776 95.8947 0.5
7 660.808 -102.603 97.9177 0.5
7 666.661 -184.667 38.6534 0.5
7 643.336 -125.813 -67.5099 0.5
7 660.169 17.4473 -16.4198 0.5
7 646.214 -150.896 34.4689 0.5
7 612.874 -0.977017 -99.9856 0.5
7 638.969 -127.701 -55.4416 0.5
7 645.695 -39.2425 98.5645 0.5
7 630.53 58.0819 47.6058 0.5
7 659.807 -13.3943 74.0784 0.5
7 635.014 -134.422 -25.1093 0.5
7 660.949 -158.694 64.8198 0.5
7 622.882 -58.7668 -90.6808 0.5
7 645.422 -115.029 80.4647 0.5
7 616.512 93.8542 10.6268 0.5
7 633.55 -54.9009 -98.018 0.5
7 611.8 30.1019 -96.1387 0.5
7 644.819 -143.358 -46.0828 0.5
7 665.562 -44.2494 -88.6424 0.5
7 613.606 97.9867 -17.0632 0.5
7 635.079 -85.2455 -87.995 0.5
7 624.321 77.5888 -25.4981 0.5
7 649.364 8.42386 -70.5156 0.5
7 650.819 -105.288 -91.5257 0.5
7 664.536 -77.7068 -99.3874 0.5
7 611.935 57.2261 -83.596 0.5
7 662.41 4.07346 -45.2988 0.5
7 655.949 -134.824 79.288 0.5
7 634.459 19.2283 -82.9219 0.5
7 653.141 -17.3579 -85.6194 0.5
7 651.331 -25.9919 -91.6967 0.5
7 627.071 -123.062 -12.6763 0.5
7 655.555 -46.0117 96.2319 0.5
7 644.909 27.2075 57.2763 0.5
7 647.237 -16.1087 -90.4309 0.5
7 663.65 6.77742 -34.1117 0.5
7 635.942 -108.394 72.2273 0.5
7 653.38 -155.363 51.1538 0.5
7 656.309 -10.6647 -76.9654 0.5
7 655.272 -168.855 -27.511 0.5
7 658.303 -177.961 -0.730655 0.5
7 653.607 -88.2594 -98.2871 0.5
7 660.929 -155.737 -68.1049 0.5
7 644.847 -136.692 -57.1869 0.5
7 627.522 45.8139 70.9565 0.5
7 612.792 -98.6421 -9.93887 0.5
7 656.358 25.1466 7.18157 0.5
7 640.279 53.1833 -3.79159 0.5
7 662.912 -17.889 -73.2669 0.5
7 656.178 15.241 -44.5583 0.5
7 658.315 -43.7782 -93.9679 0.5
7 653.156 -91.4347 97.4622 0.5
7 655.236 13.9032 -50.0815 0.5
7 624.289 -65.1379 -88.7466 0.5
7 633.918 -18.266 98.4638 0.5
7 619.769 43.7743 83.5192 0.5
7 633.685 -7.84755 -96.1511 0.5
7 637.882 3.32287 -88.8349 0.5
7 656.9 -41.4488 -94.0118 0.5
7 632.077 -115.42 -55.9545 0.5
7 620.537 50.7759 77.3938 0.5
7 661.378 -182.251 -14.3801 0.5
7 612.093 -90.1212 -38.7308 0.5
7 641.607 3.48242 85.0932 0.5
7 623.297 79.4893 25.0158 0.5
7 641.579 27.0786 -64.9043 0.5
7 623.699 -3.54803 -98.946 0.5
7 657.8 -142.724 -75.4493 0.5
7 645.355 -32.8453 97.3912 0.5
7 654.857 26.6972 16.1186 0.5
7 623.612 -106.354 -46.6042 0.5
7 657.757 -173.475 -26.3805 0.5
7 661.939 -100.564 -98.6621 0.5
7 655.023 -160.506 47.0826 0.5
7 656.148 -172.745 -17.179 0.5
7 622.225 -18.9748 -99.9387 0.5
7 615.131 -82.35 -61.1007 0.5
7 627.828 58.6583 54.5078 0.5
7 612.057 -96.0474 -18.9712 0.5
7 655.691 -56.0741 98.4808 0.5
7 655.799 10.3956 54.2245 0.5
7 652.404 12.7854 -59.285 0.5
7 665.328 -189.357 12.4223 0.5
7 641.698 -34.2387 98.8739 0.5
7 632.437 -109.346 -64.7769 0.5
7 635.596 -47.8269 99.5766 0.5
7 613.583 -91.6293 41.1898 0.5
7 633.763 38.7079 67.0771 0.5
7 654.176 7.56084 -62.1063 0.5
7 623.173 -77.4614 79.7405 0.5
7 659.793 -165.1 53.3879 0.5
7 647.376 -155.913 -24.7997 0.5
7 655.774 -169.362 -28.7511 0.5
7 625.796 44.0057 -75.419 0.5
7 616.646 -105.551 7.21669 0.5
7 638.49 -60.2952 -98.6044 0.5
7 617.385 -10.5105 99.9416 0.5
7 635.61 61.3338 1.19582 0.5
7 635.701 -39.6284 -99.9967 0.5
7 661.937 -18.4454 -75.2906 0.5
7 615.591 91.5669 -29.4966 0.5
7 643.165 22.2048 -67.3167 0.5
7 620.301 32.9449 -89.2592 0.5
7 630.885 -75.3957 89.3429 0.5
7 627.914 71.0329 26.7279 0.5
7 626.328 70.4165 -36.762 0.5
7 615.764 95.1642 10.4954 0.5
7 658.561 -178.403 1.28841 0.5
7 649.307 -127.781 75.6501 0.5
7 614.355 85.3787 48.9121 0.5
7 640.294 17.1896 76.8699 0.5
7 637.35 8.15249 -86.7035 0.5
7 618.333 -69.5939 -79.3477 0.5
7 615.267 -44.3826 -91.2267 0.5
7 632.149 61.1196 -34.7089 0.5
7 638.056 -71.629 95.7829 0.5
7 630.607 69.3399 -11.5342 0.5
7 630.33 -21.4868 -99.6774 0.5
7 628.772 59.6781 -50.1885 0.5
7 622.448 83.753 -8.77118 0.5
7 658.639 -178.414 5.10744 0.5
7 648.191 -157.577 -23.799 0.5
7 658.83 -83.5451 -99.8909 0.5
7 628.454 -99.3912 68.2087 0.5
7 665.981 5.49585 -25.2536 0.5
7 660.489 -20.0683 78.711 0.5
7 631.021 30.3462 79.1968 0.5
7 648.664 -139.808 61.8995 0.5
7 632.458 -128.022 31.7553 0.5
7 650.006 -92.7029 -95.6691 0.5
7 649.424 -58.4523 -99.9146 0.5
7 652.332 -111.071 -90.0673 0.5
7 621.801 38.0818 -84.9109 0.5
7 660.107 3.98593 -52.5569 0.5
7 614.281 -67.0697 75.6889 0.5
7 638.715 49.9719 -34.094 0.5
7 620.853 86.7661 -5.19936 0.5
7 657.222 -157.287 -58.3703 0.5
7 661.32 12.1479 -30.1813 0.5
7 633.43 -51.6206 98.5891 0.5
7 659.125 -0.68624 61.6931 0.5
7 650.714 8.61915 67.8743 0.5
7 648.829 35.1232 -25.5604 0.5
7 643.745 47.2397 -1.52149 0.5
7 617.481 -38.39 -95.0306 0.5
7 637.92 -10.497 -94.6868 0.5
7 651.067 -158.429 36.762 0.5
7 659.079 -2.41844 63.9377 0.5
8 648.842 -1.0362 -71.2539 0.5
8 629.238 62.0488 96.3205 0.5
8 617.506 5.73413 -99.5835 0.5
8 642.459 -20.6114 -61.7166 0.5
8 645.146 -35.5854 18.3064 0.5
8 658.908 28.2071 81.2082 0.5
8 641.727 147.975 41.083 0.5
8 617.446 67.1491 -85.1709 0.5
8 633.373 22.6028 98.0342 0.5
8 666.096 147.4 87.5127 0.5
8 662.223 12.417 60.1522 0.5
8 650.124 165.076 -34.8571 0.5
8 633.749 134.627 40.0228 0.5
8 666.617 63.2899 -93.0521 0.5
8 628.428 34.3588 99.9983 0.5
8 626.906 -64.1381 30.388 0.5
8 620.978 50.4392 -95.5267 0.5
8 626.34 -3.78767 94.064 0.5
8 646.91 -20.2727 50.9395 0.5
8 619.714 117.405 15.8932 0.5
8 623.115 -3.48488 95.9851 0.5
8 665.033 4.3235 -37.1403 0.5
8 657.207 80.2155 99.9422 0.5
8 640.797 -44.7462 -3.48635 0.5
8 641.566 15.5935 -91.2396 0.5
8 629.574 -64.2241 2.11904 0.5
8 620.405 87.242 73.9008 0.5
8 664.97 55.054 -90.7493 0.5
8 646.784 56.7745 99.6132 0.5
8 640.767 -15.7319 -70.5484 0.5
8 639.008 136.592 53.4799 0.5
8 643.623 13.3873 -88.4258 0.5
8 660.032 -4.86295 -35.8037 0.5
8 643.492 95.9619 93.2557 0.5
8 635.364 66.3422 97.8638 0.5
8 647.304 -14.2462 59.0426 0.5
8 644.658 84.7392 -97.3521 0.5
8 632.865 -49.2501 42.1035 0.5
8 626.665 118.719 -47.4916 0.5
8 655.568 70.0975 99.4281 0.5
8 645.48 127.055 77.0444 0.5
8 664.29 137.484 90.936 0.5
8 661.699 95.8681 99.8999 0.5
8 666.598 80.6301 98.1296 0.5
8 641.509 17.8013 92.2397 0.5
8 636.01 101.85 -83.5507 0.5
8 649.661 24.2874 -88.6578 0.5
8 621.623 101.435 60.7222 0.5
8 637.804 -47.9653 20.0259 0.5
8 651.113 110.734 -92.6322 0.5
8 654.217 177.396 14.3954 0.5
8 654.995 158.115 -62.1624 0.5
8 648.02 -31.8697 9.24223 0.5
8 621.907 -58.1132 -59.2079 0.5
8 628.933 119.312 -53.2108 0.5
8 622.182 -33.4129 -82.6024 0.5
8 653.571 157.843 -59.2942 0.5
8 616.502 -1.42976 98.937 0.5
8 644.357 17.5501 -89.8932 0.5
8 662.376 182.83 43.0423 0.5
8 626.448 124.334 -34.1314 0.5
8 652.739 171.857 -28.0665 0.5
8 645.333 151.504 46.6455 0.5
8 650.231 6.21092 75.7166 0.5
8 647.077 87.0985 97.764 0.5
8 663.322 4.10872 -43.3852 0.5
8 640.898 3.38249 -85.4258 0.5
8 661.06 92.5632 -99.9741 0.5
8 643.96 137.033 64.5662 0.5
8 647.248 138.971 68.7632 0.5
8 646.936 112.615 88.3786 0.5
8 664.935 48.3221 -87.3521 0.5
8 632.668 -8.66834 86.7286 0.5
8 655.213 33.7443 -88.5746 0.5
8 621.153 106.932 51.4255 0.5
8 647.469 -29.3549 27.6429 0.5
8 625.886 70.2202 91.2735 0.5
8 632.198 116.197 -65.1119 0.5
8 648.324 48.4429 -98.023 0.5
8 649.359 154.464 53.5692 0.5
8 639.23 -29.2985 -57.5558 0.5
8 661.453 132.507 -90.9653 0.5
8 648.785 75.5607 -99.7863 0.5
8 628.544 98.8898 76.0619 0.5
8 628.855 -16.1495 86.2191 0.5
8 622.786 -64.7734 -46.0443 0.5
8 642.042 93.0286 93.4182 0.5
8 631.199 109.873 70.111 0.5
8 624.232 126.145 8.43367 0.5
8 644.148 139.751 -61.6272 0.5
8 642.036 26.1427 95.0096 0.5
8 611.456 82.3356 62.6235 0.5
8 616.22 -87.0341 8.26946 0.5
8 616.436 -75.3104 46.9201 0.5
8 634.093 131.585 47.4902 0.5
8 660.457 -8.252 -22.2348 0.5
8 612.849 -83.0913 43.842 0.5
8 661.482 17.7587 -68.0641 0.5
8 638.213 138.514 47.8731 0.5
8 638.744 105.613 84.1811 0.5
8 649.547 167.429 23.9814 0.5
8 612.065 -82.6643 -47.3285 0.5
8 649.462 124.407 -84.0338 0.5
8 613.31 -86.2631 34.5348 0.5
8 617.37 111.524 -24.676 0.5
8 618.649 -8.85559 -96.6448 0.5
8 627.587 34.302 -99.9802 0.5
8 654.964 155.592 65.1538 0.5
8 620.557 114.419 -33.3254 0.5
8 654.407 155.849 63.7042 0.5
8 655.245 83.1292 99.9576 0.5
8 662.492 -3.66699 -26.4591 0.5
8 624.102 112.851 50.0464 0.5
8 642.281 145.263 -48.4137 0.5
8 625.336 128.303 4.68316 0.5
8 650.545 42.7437 -95.6013 0.5
8 616.919 -37.386 85.886 0.5
8 615.622 54.4573 90.3453 0.5
8 630.987 -44.5255 56.1816 0.5
8 657.42 164.446 59.3783 0.5
8 615.787 -55.4248 73.9661 0.5
8 616.735 81.1602 73.6488 0.5
8 632.613 89.0124 -87.7298 0.5
8 664.679 19.3219 -63.5196 0.5
8 641.323 -40.7966 -24.7047 0.5
8 619.234 33.7422 98.7283 0.5
8 616.8 52.7353 92.0363 0.5
8 620.091 119.264 3.57715 0.5
8 638.807 57.0481 -99.8593 0.5
8 613.907 -73.7362 56.7252 0.5
8 635.17 144.75 11.783 0.5
8 645.555 55.2272 99.6627 0.5
8 617.6 82.1525 -74.1113 0.5
8 634.391 -39.6226 54.6914 0.5
8 611.126 -82.1018 -51.1938 0.5
8 619.282 91.8748 -67.3193 0.5
8 648.777 -28.6679 21.4049 0.5
8 624.785 -47.8508 -65.7904 0.5
8 664.016 4.81626 42.3421 0.5
8 649.252 139.037 -72.1897 0.5
8 638.046 68.3396 98.3827 0.5
8 657.218 -15.9161 -9.471 0.5
8 621.595 17.883 99.9179 0.5
8 617.91 67.4471 85.4796 0.5
8 618.734 61.1639 89.7083 0.5
8 646.531 147.46 56.7536 0.5
8 657.796 163.039 -62.071 0.5
8 614.335 -83.104 -38.0878 0.5
8 614.731 -46.7738 82.2901 0.5
8 612.291 -91.9468 21.0221 0.5
8 632.326 62.2904 97.6014 0.5
8 660.3 182.164 -36.2677 0.5
8 637.022 74.9797 96.4728 0.5
8 656.028 105.4 97.1202 0.5
8 648.226 0.213491 73.4633 0.5
8 634.747 135.897 -41.0563 0.5
8 659.218 133.86 -88.3935 0.5
8 627.847 -44.3903 63.6201 0.5
8 629.342 134.61 -12.1619 0.5
8 646.679 160.475 30.935 0.5
8 639.054 145.237 -36.5937 0.5
8 658.541 40.155 -88.91 0.5
8 613.331 23.7983 98.6825 0.5
8 636.803 -23.6539 -69.4722 0.5
8 652.034 121.703 -88.2411 0.5
8 629.283 78.3861 -90.2178 0.5
8 625.331 127.09 16.1608 0.5
8 661.46 127.691 -93.0183 0.5
8 632.169 -30.2839 70.888 0.5
8 622.609 71.2493 87.9663 0.5
8 653.75 12.4894 -75.8746 0.5
8 637.023 128.443 -60.282 0.5
8 649.831 -5.1401 65.0157 0.5
8 630.954 86.4261 -87.5714 0.5
8 637.425 -35.7814 52.4624 0.5
8 616.344 -67.6161 -59.3885 0.5
8 648.074 131.276 -77.2682 0.5
8 655.457 102.269 -97.6206 0.5
9 759.246 184.663 -53.2182 0.5
9 907.982 197.225 23.3934 0.5
9 880.212 13.4473 -50.0862 0.5
9 816.23 184.734 -53.1055 0.5
9 938.967 197.653 21.5404 0.5
9 717.513 27.7879 -69.1767 0.5
9 888.719 25.7971 -67.0368 0.5
9 858.479 195.499 -29.6634 0.5
9 886.141 6.89981 -36.5014 0.5
9 866.683 197.16 23.6649 0.5
9 873.33 11.7876 47.1018 0.5
9 925.545 97.5828 -99.9708 0.5
9 770.184 77.5642 97.4507 0.5
9 891.409 0.507799 -10.0649 0.5
9 744.795 147.7 -87.8905 0.5
9 710.078 150.83 -86.1178 0.5
9 896.47 197.612 21.7234 0.5
9 742.098 0.256347 7.15567 0.5
9 717.073 151.516 -85.7094 0.5
9 818.307 104.109 -99.9156 0.5
9 892.796 110.151 99.4835 0.5
9 669.933 62.1088 -92.5433 0.5
9 878.683 165.416 75.6358 0.5
9 791.975 0.0519628 -3.22333 0.5
9 840.284 170.799 -70.6224 0.5
9 912.883 179.027 -61.2754 0.5
9 982.214 72.7731 -96.2221 0.5
9 706.81 65.0489 -93.6932 0.5
9 838.005 16.3304 54.7667 0.5
9 787.228 55.1085 -89.3574 0.5
9 947.722 19.0128 58.6607 0.5
9 869.5 163.65 77.1276 0.5
9 669.459 0.457173 9.55121 0.5
9 924.901 81.854 -98.3398 0.5
9 947.276 144.241 -89.6812 0.5
9 762.585 123.184 97.2755 0.5
9 698.239 48.2964 -85.5963 0.5
9 680.063 113.438 99.093 0.5
9 828.345 136.822 92.9738 0.5
9 915.385 12.6465 -48.6762 0.5
9 672.881 140.131 -91.5944 0.5
9 721.976 161.68 78.712 0.5
9 730.223 195.938 28.2118 0.5
9 899.408 51.1726 87.2691 0.5
9 915.921 168.681 -72.6837 0.5
9 898.843 12.2055 47.8761 0.5
9 927.887 182.713 56.2017 0.5
9 670.482 175.922 -65.0834 0.5
9 847.291 25.2846 -66.4651 0.5
9 699.846 107.463 99.7211 0.5
9 683.399 93.3037 -99.7755 0.5
9 971.899 184.992 52.6904 0.5
9 683.275 115.41 -98.8056 0.5
9 785.059 49.4091 -86.2587 0.5
9 667.639 158.711 -80.951 0.5
9 897.812 190.653 -42.2135 0.5
9 869.618 160.551 -79.584 0.5
9 743.932 163.908 -76.9136 0.5
9 873.019 15.9084 -54.1166 0.5
9 854.882 114.596 98.929 0.5
9 965.062 187.922 47.6418 0.5
9 747.412 196.251 -27.126 0.5
9 834.755 109.388 99.5584 0.5
9 987.155 142.168 -90.6745 0.5
9 780.678 89.4478 -99.4417 0.5
9 913.092 2.166 -20.7004 0.5
9 812.575 146.756 -88.3962 0.5
9 672.124 193.493 35.4831 0.5
9 671.924 115.845 98.7367 0.5
9 935.67 65.6183 93.9037 0.5
9 816.441 186.311 50.5021 0.5
9 935.766 1.38357 -16.5771 0.5
9 817.081 185.488 51.8819 0.5
9 922.514 196.93 -24.5879 0.5
9 932.511 199.96 2.83428 0.5
9 913.405 193.82 34.6091 0.5
9 848.893 63.1712 92.9712 0.5
9 995.209 123.384 97.2276 0.5
9 727.71 192.473 -38.0624 0.5
9 829.48 46.5649 84.5263 0.5
9 736.706 60.2229 91.7485 0.5
9 703.572 76.048 -97.0892 0.5
9 740.849 41.672 81.2271 0.5
9 680.329 142.181 -90.6685 0.5
9 709.601 155.46 -83.2116 0.5
9 898.912 194.737 -32.014 0.5
9 879.565 199.733 7.29723 0.5
9 874.632 9.97477 43.5369 0.5
9 694.292 4.91611 30.9686 0.5
9 669.699 129.214 -95.6375 0.5
9 709.923 199.999 0.492497 0.5
9 978.916 199.827 -5.87692 0.5
9 825.853 197.732 21.1756 0.5
9 734.691 176.592 64.2933 0.5
9 824.738 105.254 -99.8619 0.5
9 973.845 161.413 -78.9204 0.5
9 788.652 127.5 -96.1444 0.5
9 968.601 18.2468 57.5883 0.5
9 764.505 173.537 67.7669 0.5
9 954.478 197.681 21.4117 0.5
9 945.611 181.96 -57.2931 0.5
9 771.587 54.1952 88.8928 0.5
9 734.303 24.9447 66.081 0.5
9 736.374 1.46649 -17.063 0.5
9 780.095 149.607 -86.8284 0.5
9 817.703 5.69063 -33.2527 0.5
9 797.387 16.7152 -55.3502 0.5
9 711.834 0.109536 -4.67924 0.5
9 971.475 66.1825 -94.1083 0.5
9 722.94 49.1551 86.1092 0.5
9 669.055 17.1474 -55.9951 0.5
9 822.888 183.466 -55.076 0.5
9 908.522 142.034 -90.7365 0.5
9 837.539 199.931 -3.70488 0.5
9 901.741 17.5199 -56.5423 0.5
9 964.634 193.435 35.635 0.5
9 953.832 38.1481 -78.577 0.5
9 897.431 36.0137 76.8489 0.5
9 692.497 67.2586 94.4881 0.5
9 673.312 189.127 -45.3479 0.5
9 921.063 150.51 -86.3063 0.5
9 995.04 199.339 -11.4823 0.5
9 864.136 197.564 -21.9373 0.5
9 923.456 44.4993 -83.1846 0.5
9 773.703 197.636 21.6169 0.5
9 849.324 115.944 -98.7208 0.5
9 902.331 46.9988 84.799 0.5
9 999.438 199.771 -6.76094 0.5
9 873.565 5.70044 -33.2805 0.5
9 899.619 106.236 99.8054 0.5
9 717.641 34.4777 75.5436 0.5
9 791.828 143.185 -90.1945 0.5
9 954.641 16.3578 -54.8087 0.5
9 939.613 119.785 98.0232 0.5
9 909.936 181.942 -57.3193 0.5
9 789.797 183.227 -55.4378 0.5
9 807.493 50.3951 -86.8295 0.5
9 800.361 160.25 79.8115 0.5
9 832.662 10.0003 -43.5896 0.5
9 708.563 31.6029 72.9509 0.5
9 940.139 151.963 85.4389 0.5
9 972.265 179.092 -61.1925 0.5
9 749.689 109.01 99.5933 0.5
9 929.104 23.5872 -64.5065 0.5
9 924.714 154.748 83.6819 0.5
9 879.778 157.666 81.6983 0.5
9 850.014 101.586 -99.9874 0.5
9 800.703 129.575 95.5264 0.5
9 814.302 131.777 94.8167 0.5
9 770.607 65.4188 93.8304 0.5
9 709.834 156.809 -82.297 0.5
9 984.793 91.0431 99.5981 0.5
9 861.666 103.784 -99.9284 0.5
9 999.063 0.0198394 -1.99185 0.5
9 669.76 76.9541 97.3082 0.5
9 994.909 146.295 88.6385 0.5
9 968.255 0.378227 8.68921 0.5
9 859.209 0.854319 13.0435 0.5
9 777.673 7.34374 37.6141 0.5
9 742.468 97.4761 -99.9681 0.5
9 687.663 193.279 -36.0414 0.5
9 685.823 78.5416 -97.6705 0.5
9 857.016 145.774 88.9087 0.5
9 805.939 199.936 3.5655 0.5
9 927.731 194.983 -31.278 0.5
9 832.088 188.41 46.7303 0.5
9 816.266 180.955 58.7045 0.5
9 689.832 154.05 -84.1344 0.5
9 941.232 185.205 -52.3468 0.5
