0 36.21 94.7519 14.052 0.5
0 24.6001 113.856 5.74595 0.5
0 54.4464 98.0255 14.8695 0.5
0 48.5889 86.5872 -6.71533 0.5
0 13.8631 108.611 12.2822 0.5
0 103.902 114.227 -4.75185 0.5
0 38.2875 95.6136 14.3443 0.5
0 2.15942 85.3349 3.15215 0.5
0 85.3792 114.984 0.697608 0.5
0 0.552397 85.1932 -2.39977 0.5
0 53.2592 85.0758 -1.50649 0.5
0 1.21066 104.105 14.4274 0.5
0 65.5767 87.4958 -8.28527 0.5
0 30.903 85.1529 2.13644 0.5
0 15.8201 111.765 -9.30545 0.5
0 54.5331 113.945 5.52721 0.5
0 27.4361 106.254 13.6342 0.5
0 103.409 97.0025 -14.6974 0.5
0 110.534 88.2918 9.37641 0.5
0 25.0335 86.4431 -6.41954 0.5
0 78.6659 85.4877 -3.79376 0.5
0 51.2353 96.9638 -14.6895 0.5
0 0.380239 95.2021 -14.212 0.5
0 53.5695 96.1879 14.5075 0.5
0 64.3716 85.0362 -1.04122 0.5
0 24.4042 85.068 1.42659 0.5
0 54.5156 114.977 0.833171 0.5
0 24.884 94.5439 13.9725 0.5
0 95.5758 85.3234 3.09804 0.5
0 20.0571 101.611 -14.9133 0.5
0 52.9305 114.244 -4.70344 0.5
0 15.7221 114.804 2.41962 0.5
0 52.1362 110.409 -10.801 0.5
0 41.2789 106.438 13.548 0.5
0 100.734 103.503 -14.5853 0.5
0 21.6601 106.542 13.4982 0.5
0 33.0169 85.756 4.70187 0.5
0 76.1592 85.6911 -4.5007 0.5
0 3.05646 107.199 13.1598 0.5
0 93.1842 113.718 6.06864 0.5
0 21.7578 89.1728 -10.3813 0.5
0 46.7513 86.1354 -5.72487 0.5
0 107.754 97.8143 14.8399 0.5
0 20.3113 93.6432 -13.5864 0.5
0 8.83074 85.0004 0.105293 0.5
0 46.1365 114.545 3.66493 0.5
0 22.3309 110.687 10.5253 0.5
0 29.8242 113.413 6.71456 0.5
0 1.47692 111.44 9.70146 0.5
0 93.1848 107.749 -12.8432 0.5
0 50.6634 114.478 3.92429 0.5
0 71.3938 114.095 -5.13159 0.5
0 7.61345 107.159 -13.1815 0.5
0 36.2947 104.291 14.373 0.5
0 61.1124 91.6913 -12.4886 0.5
0 21.5898 114.562 3.5979 0.5
0 65.7658 85.2358 -2.64906 0.5
0 4.55032 109.859 11.3049 0.5
0 97.5829 112.503 -8.28766 0.5
0 61.3366 85.0014 -0.205356 0.5
0 88.1949 87.2504 7.90232 0.5
0 9.69653 110.111 11.0796 0.5
0 33.5908 87.2798 7.94959 0.5
0 110.882 110.194 -11.0036 0.5
0 109.337 105.791 13.8369 0.5
0 49.4962 114.2 -4.83228 0.5
0 7.17838 91.4357 -12.3147 0.5
0 105.626 104.462 -14.3211 0.5
0 70.2224 91.2729 -12.1999 0.5
0 107.241 114.951 1.20757 0.5
0 110.977 94.0621 13.7747 0.5
0 17.7616 105.305 14.0307 0.5
0 45.3818 114.631 -3.30675 0.5
0 97.4451 113.304 -6.92935 0.5
0 62.9262 85.6584 4.39539 0.5
0 53.6756 112.675 -8.02113 0.5
0 74.0194 87.3992 -8.13756 0.5
0 45.4652 85.1345 -2.00422 0.5
0 19.0716 103.319 14.6283 0.5
0 88.6743 114.998 0.237 0.5
0 70.8384 94.2655 -13.8606 0.5
0 81.575 114.295 4.54337 0.5
0 82.5261 100.208 14.9986 0.5
0 84.3193 114.836 2.21099 0.5
0 31.4023 85.8154 -4.87828 0.5
0 69.8562 89.7788 -10.9785 0.5
0 16.6185 109.187 -11.8572 0.5
0 5.00557 87.2351 7.8776 0.5
0 5.46474 114.513 3.79071 0.5
0 93.2968 85.4545 -3.66449 0.5
0 3.16526 99.8776 14.9995 0.5
0 23.6822 89.189 -10.3982 0.5
0 80.7124 103.895 14.4855 0.5
0 38.2556 108.18 -12.5733 0.5
0 51.8553 98.7086 -14.9443 0.5
0 33.2433 106.339 13.5949 0.5
0 18.7855 111.344 -9.81448 0.5
0 68.2254 114.364 -4.32039 0.5
0 48.4713 108.746 -12.1862 0.5
0 109.343 89.9003 11.0904 0.5
0 78.6515 104.423 -14.3329 0.5
0 99.7925 93.0725 13.3045 0.5
0 58.0328 93.7389 -13.6308 0.5
0 23.2668 97.3543 14.7648 0.5
0 81.6884 97.646 14.8141 0.5
0 90.3949 85.7988 -4.82979 0.5
0 20.7258 102.68 -14.7586 0.5
0 68.4905 85.6372 4.32554 0.5
0 105.089 102.202 -14.8375 0.5
0 37.4994 111.413 9.73353 0.5
0 5.43795 108.077 12.6394 0.5
0 55.736 85.0335 1.00225 0.5
0 83.9627 86.3491 -6.21715 0.5
0 7.99053 91.5761 12.4112 0.5
0 105.954 89.9734 -11.1565 0.5
0 104.964 112.826 7.77738 0.5
0 85.6653 88.0836 -9.11042 0.5
0 99.4539 94.2813 -13.8671 0.5
0 72.9091 110 -11.1804 0.5
0 36.4781 87.3809 -8.1092 0.5
0 37.6417 97.1649 -14.7296 0.5
0 90.7264 90.0075 -11.187 0.5
0 40.3644 114.804 -2.41723 0.5
0 61.585 85.0884 1.62567 0.5
0 70.1092 102.97 -14.703 0.5
0 103.782 92.2352 -12.8339 0.5
0 51.9895 112.295 8.59214 0.5
0 24.99 114.713 2.91984 0.5
0 76.1854 114.948 -1.24444 0.5
0 69.8196 92.5327 -13.0092 0.5
0 47.2698 87.0718 -7.60676 0.5
0 89.1503 102.563 14.7795 0.5
0 84.585 104.407 -14.338 0.5
0 6.2479 92.557 13.0231 0.5
0 72.7754 90.0257 11.2033 0.5
0 35.8711 101.537 -14.9211 0.5
0 75.3701 86.6766 -6.89103 0.5
0 18.1013 101.388 -14.9357 0.5
0 13.4156 108.67 -12.2409 0.5
0 40.4691 85.1115 -1.8254 0.5
0 17.7694 112.569 -8.18664 0.5
0 86.8446 106.991 -13.2714 0.5
0 81.9938 85.6251 -4.28505 0.5
0 69.7547 86.6027 6.74633 0.5
0 61.7957 102.099 -14.8525 0.5
0 95.8707 110.484 10.7273 0.5
0 26.6989 93.3192 -13.4301 0.5
0 59.3268 114.913 -1.60885 0.5
0 0.860105 107.155 13.1834 0.5
0 26.0522 96.2382 14.5206 0.5
0 66.3316 108.574 -12.3079 0.5
0 51.2746 114.472 -3.94525 0.5
0 103.247 85.5589 -4.05627 0.5
0 90.0729 87.4414 -8.20248 0.5
0 15.3102 85.4738 -3.74011 0.5
0 94.7086 95.6929 -14.3683 0.5
0 41.2083 114.861 2.03513 0.5
0 30.3122 90.3377 11.4735 0.5
0 57.4411 86.7871 -7.10062 0.5
0 73.0608 111.827 9.22577 0.5
0 91.5649 107.998 12.6896 0.5
0 61.7994 111.169 10.0125 0.5
0 90.6464 112.409 -8.42663 0.5
0 96.7801 88.3873 -9.49445 0.5
0 55.7458 106.028 -13.7355 0.5
0 82.6035 92.8342 13.1777 0.5
0 67.9488 107.55 12.9612 0.5
0 1.31676 97.456 -14.7827 0.5
0 38.1578 92.1263 -12.7673 0.5
0 48.0292 85.7825 -4.78143 0.5
0 17.6798 88.1942 -9.2533 0.5
0 7.94186 101.79 -14.8928 0.5
0 61.889 112.04 -8.94648 0.5
0 81.8001 104.334 14.3603 0.5
0 14.3801 93.9664 13.733 0.5
0 73.0507 85.5368 -3.97708 0.5
0 78.6878 90.5406 11.6413 0.5
0 56.5235 105.33 -14.0212 0.5
0 8.76472 108.849 12.1121 0.5
0 14.3941 85.012 0.599636 0.5
0 18.2318 114.917 1.5785 0.5
0 25.4788 90.0577 11.2317 0.5
0 91.9548 114.377 4.27758 0.5
0 38.9145 114.791 -2.49442 0.5
0 22.5438 86.7097 6.95465 0.5
0 35.6958 95.4557 -14.2951 0.5
0 26.548 90.9557 -11.9667 0.5
0 20.9184 96.7189 -14.6367 0.5
0 50.8712 103.656 14.5476 0.5
0 106.259 93.3084 -13.4247 0.5
0 26.4664 86.0812 5.59161 0.5
0 102.466 89.9131 11.102 0.5
0 81.9531 87.0967 -7.64886 0.5
0 21.1587 94.2735 13.8639 0.5
0 62.8679 110.238 -10.9629 0.5
0 54.6606 91.6474 -12.4593 0.5
0 104.875 100.225 14.9983 0.5
0 42.3855 88.781 9.9566 0.5
0 108.09 102.238 -14.8321 0.5
0 56.472 88.7266 9.89496 0.5
0 35.2111 86.8655 -7.24468 0.5
0 17.2719 112.394 8.44952 0.5
0 16.559 110.265 10.9372 0.5
0 50.5826 86.6406 6.8211 0.5
0 91.5679 88.5994 9.74816 0.5
0 77.4595 111.872 9.16849 0.5
0 25.6837 114.504 3.82365 0.5
0 70.0739 111.45 -9.69041 0.5
0 61.7009 99.4904 -14.9913 0.5
0 61.4752 85.2541 -2.74948 0.5
0 16.5725 102.853 -14.7262 0.5
0 53.5588 94.5504 -13.9751 0.5
0 24.5518 114.984 -0.697814 0.5
0 17.0677 90.7727 11.8261 0.5
0 14.7207 114.063 5.21941 0.5
0 35.2111 110.177 11.0192 0.5
1 132.892 73.3792 10.0847 0.5
1 161.137 8.36163 -14.1451 0.5
1 115.993 101.895 10.8573 0.5
1 159.791 0.805792 1.90958 0.5
1 160.756 24.6046 -10.6216 0.5
1 154.212 16.8771 -12.3795 0.5
1 137.936 42.3805 10.0249 0.5
1 144.876 42.1081 14.9883 0.5
1 117.773 93.7935 -14.0201 0.5
1 126.187 58.9632 -1.49501 0.5
1 113.689 92.3273 14.6531 0.5
1 154.52 14.2936 -10.6916 0.5
1 116 105.884 4.35929 0.5
1 148.26 46.0586 -10.8071 0.5
1 130.108 65.2156 -14.8815 0.5
1 153.164 21.5982 13.9295 0.5
1 134.989 43.7666 -1.9249 0.5
1 126.069 71.7654 14.8183 0.5
1 126.491 87.8325 -3.9497 0.5
1 111.14 90.7556 -11.8519 0.5
1 125.082 87.5633 -9.30836 0.5
1 134.908 53.1111 -13.8864 0.5
1 158.972 4.91977 -8.75012 0.5
1 115.465 95.9348 14.5916 0.5
1 114.904 95.9564 -14.7858 0.5
1 117.858 102.785 3.94758 0.5
1 111.903 105.302 13.4337 0.5
1 137.851 63.1744 -11.6167 0.5
1 165.968 4.02326 14.9692 0.5
1 129.895 53.7163 -5.99879 0.5
1 138.509 67.428 1.8722 0.5
1 118.885 101.513 -0.816237 0.5
1 143.321 47.0063 -14.7373 0.5
1 122.761 70.6522 11.8707 0.5
1 114.027 92.057 -14.7183 0.5
1 155.408 34.6685 -9.75716 0.5
1 116.866 90.3448 -14.9967 0.5
1 144.745 48.3314 13.4767 0.5
1 125.024 71.7604 -14.4169 0.5
1 151.642 38.7232 12.0558 0.5
1 113.868 80.24 -0.677495 0.5
1 127.912 85.1839 4.5805 0.5
1 139.533 46.9382 -14.5016 0.5
1 148.115 23.166 -7.91625 0.5
1 145.858 38.4846 -14.9408 0.5
1 115.75 87.9324 -14.4479 0.5
1 128.351 77.267 -13.1981 0.5
1 118.066 95.9808 12.6719 0.5
1 140.48 63.9837 2.10433 0.5
1 127.175 57.2499 -1.48986 0.5
1 157.807 22.5993 -14.5911 0.5
1 154.211 37.0583 -9.37461 0.5
1 165.742 -7.68582 -7.3725 0.5
1 144.376 43.1668 14.9796 0.5
1 128.919 82.5324 6.78863 0.5
1 159.187 26.5689 -11.3217 0.5
1 125.442 60.5301 3.22738 0.5
1 159.115 17.9455 14.9603 0.5
1 136.835 49.6615 13.84 0.5
1 129.875 52.5436 1.13368 0.5
1 120.436 68.8517 0.258726 0.5
1 157.795 20.9722 14.8877 0.5
1 122.725 82.0141 14.8479 0.5
1 139.181 36.6372 -2.75695 0.5
1 152.196 15.0352 5.86937 0.5
1 142.827 59.9429 -1.92519 0.5
1 150.984 30.9182 -15 0.5
1 142.423 31.1042 -3.16672 0.5
1 139.624 65.5795 1.00987 0.5
1 136.111 42.0065 3.02116 0.5
1 152.732 42.5653 -3.20284 0.5
1 143.704 38.2742 -14.0423 0.5
1 153.297 21.4551 -13.9644 0.5
1 142.523 31.5816 5.35626 0.5
1 136.528 70.7459 -2.61772 0.5
1 158.649 3.69227 5.46195 0.5
1 149.413 45.2093 -9.57121 0.5
1 137.376 64.1593 -11.482 0.5
1 128.625 57.6803 9.0202 0.5
1 150.262 43.6442 9.68434 0.5
1 150.228 26.284 13.7638 0.5
1 135.172 70.3543 8.96059 0.5
1 130.713 56.6173 11.664 0.5
1 150.914 40.807 -11.4014 0.5
1 149.633 48.0626 2.53421 0.5
1 152.371 19.168 11.7149 0.5
1 156.056 15.7892 -13.5835 0.5
1 130.98 51.2572 -4.43865 0.5
1 136.946 70.208 -1.16336 0.5
1 147.622 22.2191 -3.6781 0.5
1 144.657 42.7418 -14.9761 0.5
1 131.717 75.8485 9.58312 0.5
1 118.803 72.2022 3.93618 0.5
1 149.644 45.5615 8.58248 0.5
1 156.379 35.7533 -4.95133 0.5
1 154.957 38.8462 2.50074 0.5
1 123.009 73.7572 -13.9016 0.5
1 155.2 32.89 11.8054 0.5
1 158.724 32.1725 3.26053 0.5
1 124.271 84.8833 -12.8862 0.5
1 117.378 104.114 -0.96693 0.5
1 148.562 45.0834 11.2253 0.5
1 142.368 59.3764 6.50801 0.5
1 114.009 97.481 14.7902 0.5
1 165.825 19.0121 -5.92585 0.5
1 134.522 55.9419 14.5837 0.5
1 126.601 60.2333 7.59143 0.5
1 115.532 101.678 -11.7413 0.5
1 160.086 1.56083 -6.30307 0.5
1 146.893 26.0302 -9.0082 0.5
1 138.89 42.6407 -11.8128 0.5
1 137.935 40.852 -8.00262 0.5
1 127.814 58.8111 8.64354 0.5
1 129.303 83.3262 2.21228 0.5
1 139.299 36.42 2.68544 0.5
1 143.595 32.8312 10.3 0.5
1 154.936 12.3802 -9.37173 0.5
1 134.048 74.8713 -3.44408 0.5
1 153.855 33.8818 12.7411 0.5
1 145.521 41.8272 -14.932 0.5
1 134.553 47.3326 -8.91214 0.5
1 163.42 2.36169 13.2472 0.5
1 161.529 5.133 -12.9673 0.5
1 125.614 75.7208 -14.9764 0.5
1 152.205 43.5755 2.71967 0.5
1 124.455 67.4701 11.6744 0.5
1 114.883 92.2605 14.9514 0.5
1 114.721 96.7589 14.6945 0.5
1 157.082 7.22134 -7.20834 0.5
1 143.68 33.3836 -10.9933 0.5
1 127.72 66.9579 14.378 0.5
1 114.97 94.4121 -14.9599 0.5
1 116.022 100.438 -12.042 0.5
1 134.115 66.1657 13.7439 0.5
1 156.046 11.2896 -10.3256 0.5
1 145.51 46.3937 -13.7589 0.5
1 142.726 53.0783 -12.7904 0.5
1 163.174 -2.15594 9.02581 0.5
1 143.39 59.0514 -1.09197 0.5
1 111.923 112.769 -4.90512 0.5
1 144.486 32.451 11.4057 0.5
1 159.246 25.1424 12.3493 0.5
1 164.274 20.4664 -8.21994 0.5
1 133.767 75.7575 0.166774 0.5
1 152.38 31.299 14.7405 0.5
1 128.103 64.1258 -13.5454 0.5
1 123.554 77.4975 -14.9698 0.5
1 117.935 79.9439 12.5367 0.5
1 165.489 -5.16286 10.2218 0.5
1 139.906 62.1239 9.00319 0.5
1 161.968 22.0524 -11.0544 0.5
1 148.392 23.237 8.74085 0.5
1 148.32 46.7958 9.92928 0.5
1 166.093 10.3356 -13.9288 0.5
1 117.573 74.4902 -4.47401 0.5
1 153.514 30.7307 14.4075 0.5
1 161.625 12.5544 -14.9999 0.5
1 121.467 95.3969 6.87073 0.5
1 160.452 10.8715 -14.5447 0.5
1 140.7 39.4189 11.7441 0.5
1 145.498 26.2869 4.96892 0.5
1 159.4 25.9799 11.5098 0.5
1 119.076 99.4677 -7.00659 0.5
1 141.993 49.8295 14.6282 0.5
1 131.996 49.4777 4.37058 0.5
1 160.03 22.7608 -12.9957 0.5
1 142.618 59.1326 -6.09937 0.5
1 157.675 8.19394 -10.0276 0.5
1 147.146 36.6729 14.9722 0.5
1 123.434 93.6545 -0.188532 0.5
1 120.622 96.2213 -7.99149 0.5
1 136.977 41.5655 -6.25547 0.5
1 127.76 85.0871 -5.58118 0.5
1 149.005 19.8549 -3.79995 0.5
1 140.139 64.7205 -0.199767 0.5
1 118.652 90.7891 14.4973 0.5
1 146.681 40.2944 14.8788 0.5
1 157.779 16.419 14.7457 0.5
1 162.599 25.7582 1.35862 0.5
1 123.598 87.1855 12.1373 0.5
1 111.438 91.7305 12.8713 0.5
1 126.168 86.8935 -7.53139 0.5
1 139.548 41.4973 -11.8089 0.5
1 158.48 13.19 14.2233 0.5
1 115.197 98.2416 14.0256 0.5
1 142.694 30.399 1.75181 0.5
1 143.89 55.7581 8.24153 0.5
1 117.294 103.156 -5.7243 0.5
1 139.938 43.3494 -13.4101 0.5
1 161.664 2.64389 -11.36 0.5
1 136.226 63.472 13.2813 0.5
1 148.009 33.4424 -14.7644 0.5
1 127.913 81.7008 10.4065 0.5
1 165.007 5.56721 14.9609 0.5
1 159.21 31.6838 0.452873 0.5
1 129.691 82.5348 -2.90113 0.5
1 126.376 88.4979 1.36446 0.5
2 198.305 56.5697 14.8655 0.5
2 183.689 19.5476 -6.08364 0.5
2 197.838 47.9517 -11.3448 0.5
2 193.824 39.8895 10.2795 0.5
2 191.026 32.6095 6.82643 0.5
2 188.633 54.7591 7.59225 0.5
2 199.672 50.6651 10.9265 0.5
2 182.713 44.1533 -8.16032 0.5
2 189.667 31.7471 -9.17654 0.5
2 219.055 85.976 -12.3333 0.5
2 212.179 81.4427 -14.9549 0.5
2 215.267 100.295 8.52634 0.5
2 175.501 4.10242 -0.869774 0.5
2 181.454 32.8619 14.592 0.5
2 191.8 33.3889 5.59361 0.5
2 204.819 81.5429 9.4048 0.5
2 194.916 37.8664 2.19416 0.5
2 173.612 4.94575 10.3473 0.5
2 218.237 102.988 -11.2778 0.5
2 220.057 95.4653 -14.9795 0.5
2 210.832 85.7066 -13.9809 0.5
2 197.535 53.2824 -14.4684 0.5
2 219.845 84.5865 9.86958 0.5
2 171.741 2.81523 -11.4002 0.5
2 204.989 59.0751 10.1148 0.5
2 182.145 17.3192 7.00274 0.5
2 202.603 68.0301 -14.8646 0.5
2 195.607 62.596 12.2224 0.5
2 206.901 85.5787 8.84259 0.5
2 180.906 40.4118 -9.03596 0.5
2 218.918 99.162 -14.1823 0.5
2 216.932 105.727 1.81546 0.5
2 200.787 74.8262 -9.06168 0.5
2 206.655 58.0366 -0.135617 0.5
2 206.192 84.9217 8.00175 0.5
2 170.311 24.7927 -2.95383 0.5
2 205.987 86.124 4.70338 0.5
2 211.39 66.7877 4.02485 0.5
2 175.223 24.4761 -13.7992 0.5
2 220.731 82.6493 -2.62977 0.5
2 194.517 53.9051 -14.8802 0.5
2 173.54 27.8075 8.82746 0.5
2 208.514 79.0381 14.7399 0.5
2 214.374 92.485 -13.7131 0.5
2 171.511 18.8766 13.4152 0.5
2 194.874 41.8338 10.4112 0.5
2 214.893 85.803 14.9246 0.5
2 217.751 101.86 11.5213 0.5
2 208.12 75.4623 14.9996 0.5
2 168.616 6.81243 14.9962 0.5
2 194.099 55.7503 14.3211 0.5
2 184.848 49.9455 3.08186 0.5
2 179.675 18.3908 12.742 0.5
2 214.921 72.987 4.31449 0.5
2 214.785 100.504 -6.76943 0.5
2 193.833 56.7043 -13.801 0.5
2 214.06 98.0232 -8.78188 0.5
2 178.238 27.6392 -14.5047 0.5
2 213.784 98.6171 -7.06524 0.5
2 212.008 87.3468 14.1284 0.5
2 202.172 71.9876 -13.4127 0.5
2 168.672 -6.81859 5.20879 0.5
2 179.625 23.1638 -14.6853 0.5
2 179.313 13.5811 8.86907 0.5
2 207.727 86.5069 9.49324 0.5
2 176.782 36.2394 1.29823 0.5
2 206.63 78.9584 -13.7631 0.5
2 214.751 101.093 -5.29409 0.5
2 201.999 60.3764 14.2783 0.5
2 214.896 89.1847 -14.8825 0.5
2 205.466 73.0398 -14.8575 0.5
2 215.164 87.0215 14.9811 0.5
2 180.038 28.6809 -14.898 0.5
2 218.684 101.601 12.8547 0.5
2 178.589 39.3641 1.34252 0.5
2 167.466 18.753 6.34279 0.5
2 188.224 48.5136 -13.0472 0.5
2 209.323 63.9871 -6.17431 0.5
2 208.967 69.5698 -13.0067 0.5
2 174.998 8.2621 -11.2314 0.5
2 193.559 61.2575 -10.3017 0.5
2 216.707 100.645 -11.0002 0.5
2 200.661 72.321 -11.4698 0.5
2 215.468 95.9486 12.9043 0.5
2 180.354 30.5873 -14.6752 0.5
2 219.993 103.817 12.8859 0.5
2 217.704 77.7963 4.27266 0.5
2 202.369 79.4124 5.88204 0.5
2 186.674 52.8309 4.19177 0.5
2 175.386 27.9539 11.9418 0.5
2 219.622 80.9409 -3.62327 0.5
2 189.405 51.517 12.4557 0.5
2 221.624 88.6853 10.924 0.5
2 219.138 107.31 8.05788 0.5
2 205.56 56.9973 4.99737 0.5
2 202.705 54.7239 9.66389 0.5
2 218.646 100.231 -13.5537 0.5
2 178.315 33.1345 11.8602 0.5
2 182.148 37.8944 13.1008 0.5
2 188.261 55.3652 4.8702 0.5
2 215.333 101.608 6.45644 0.5
2 181.21 27.5571 14.9338 0.5
2 193.653 63.3704 -7.73295 0.5
2 218.23 97.0643 14.4628 0.5
2 202.656 58.1645 -12.7231 0.5
2 218.371 94.279 -14.97 0.5
2 202.495 80.021 -4.8656 0.5
2 215.172 89.1161 14.9412 0.5
2 167.711 -1.32774 13.3124 0.5
2 219.44 88.6298 13.4933 0.5
2 200.439 75.6339 6.81331 0.5
2 213.95 71.4921 -4.89264 0.5
2 191.11 45.031 -14.961 0.5
2 182.779 46.5869 -1.68567 0.5
2 188.711 43.6633 14.9026 0.5
2 176.541 6.94964 -5.56906 0.5
2 211.579 76.8574 14.2423 0.5
2 203.525 82.5387 1.51678 0.5
2 204.708 81.7028 -8.9495 0.5
2 169.897 9.78392 14.9943 0.5
2 196.622 54.247 14.9334 0.5
2 190.192 44.0453 14.9924 0.5
2 204.544 56.2594 -7.26841 0.5
2 174.039 30.8239 -4.59127 0.5
2 210.703 94.8759 2.26234 0.5
2 215.538 98.4424 -11.1627 0.5
2 214.655 73.0628 -5.80739 0.5
2 221.006 100.265 -14.8114 0.5
2 179.698 13.9407 -8.43245 0.5
2 176.654 31.2954 10.9779 0.5
2 177.716 12.0849 -10.3806 0.5
2 182.066 29.3607 -14.9606 0.5
2 214.137 95.3555 11.7217 0.5
2 166.924 -10.7747 0.397447 0.5
2 201.239 77.8603 -4.8213 0.5
2 201.924 67.2089 14.8123 0.5
2 202.698 56.6713 -11.5989 0.5
2 198.188 56.0299 -14.8161 0.5
2 211.836 90.9545 -12.0413 0.5
2 169.38 -5.59132 5.20859 0.5
2 175.976 7.15091 7.90438 0.5
2 201.864 57.1941 12.9641 0.5
2 186.096 24.341 7.32991 0.5
2 175.297 32.5148 5.89781 0.5
2 169.673 -4.21047 7.13854 0.5
2 172.521 14.3867 -14.9926 0.5
2 174.299 10.0938 13.3187 0.5
2 167.715 15.137 11.5698 0.5
2 184.474 41.3751 -13.3918 0.5
2 214.315 90.1327 -14.5032 0.5
2 177.382 7.44383 -1.81382 0.5
2 196.524 66.0823 -10.62 0.5
2 197.768 71.3418 6.11274 0.5
2 188.579 39.3961 14.8176 0.5
2 200.751 55.112 12.8734 0.5
2 182.956 18.2182 5.94505 0.5
2 204.786 82.4836 8.00819 0.5
2 185.598 31.6329 -14.1659 0.5
2 208.781 64.3065 8.4214 0.5
2 184.468 19.9571 3.22021 0.5
2 220.699 110.461 7.30933 0.5
2 219.705 90.9388 -14.2442 0.5
2 203.853 80.0758 9.143 0.5
2 186.907 44.949 13.696 0.5
2 212.151 73.381 -11.8671 0.5
2 184.623 35.2438 -14.9955 0.5
2 207.622 60.195 3.77733 0.5
2 188.958 56.646 4.6476 0.5
2 171.224 0.353617 9.84715 0.5
2 190.333 52.5386 12.8297 0.5
2 186.169 25.4922 8.91761 0.5
2 205.184 60.6097 11.2867 0.5
2 206.181 86.3586 -4.99616 0.5
2 173.098 6.45092 -12.3837 0.5
2 170.81 -4.04808 -0.141577 0.5
2 216.966 78.2477 -8.064 0.5
2 192.326 53.5116 14.0349 0.5
2 218.333 83.399 -11.3007 0.5
2 217.532 92.2735 14.9947 0.5
2 167.948 -7.40338 6.74559 0.5
2 184.912 44.0876 -12.2122 0.5
2 215.908 74.7373 -4.4469 0.5
2 221.627 111.464 8.30038 0.5
2 182.815 17.2051 3.69033 0.5
2 170.474 21.3245 -10.2462 0.5
2 181.805 19.7421 10.9487 0.5
2 187.745 53.4685 7.15187 0.5
2 205.618 82.4437 -9.97529 0.5
2 168.494 12.6033 13.8895 0.5
2 197.168 60.164 14.5716 0.5
3 327.245 107.136 13.194 0.5
3 288.72 100.266 -14.9976 0.5
3 281.719 98.2668 -14.8995 0.5
3 259.807 114.779 -2.56729 0.5
3 260.695 86.4962 -6.53053 0.5
3 313.998 96.4588 14.576 0.5
3 324.104 106.792 13.3743 0.5
3 232.109 96.2221 -14.5164 0.5
3 321.176 111.076 10.1153 0.5
3 241.525 114.875 -1.93068 0.5
3 254.861 114.676 3.1019 0.5
3 254.858 88.7912 9.96812 0.5
3 235.746 104.847 14.1953 0.5
3 302.116 92.5251 13.0049 0.5
3 237.313 85.9647 -5.29241 0.5
3 310.43 89.4531 10.6659 0.5
3 251.013 113.479 6.58187 0.5
3 322.74 105.898 13.792 0.5
3 229.409 102.591 -14.7746 0.5
3 307.728 110.209 -10.9899 0.5
3 324.447 101.029 14.9646 0.5
3 282.029 92.2755 12.8582 0.5
3 291.097 102.086 14.8542 0.5
3 237.558 95.7558 14.387 0.5
3 285.565 114.998 -0.236225 0.5
3 306.016 113.44 -6.66122 0.5
3 298.701 103.32 -14.6279 0.5
3 298.42 85.2123 -2.51467 0.5
3 276.783 114.388 -4.24047 0.5
3 323.292 114.292 -4.55356 0.5
3 258.585 108.852 -12.1098 0.5
3 324.589 112.795 -7.82933 0.5
3 277.398 85.9293 5.19756 0.5
3 244.169 114.923 -1.51536 0.5
3 233.511 96.9884 14.6946 0.5
3 325.856 85.0854 -1.59838 0.5
3 272.176 97.6209 14.8101 0.5
3 292.343 91.3219 -12.2348 0.5
3 311.888 111.189 9.99037 0.5
3 288.878 102.107 14.8513 0.5
3 324.686 89.0267 10.2267 0.5
3 309.973 85.4661 -3.71008 0.5
3 310.628 92.2344 12.8334 0.5
3 248.165 100.216 14.9984 0.5
3 275.246 106.104 13.7021 0.5
3 228.507 100.482 -14.9923 0.5
3 282.98 114.158 -4.95512 0.5
3 310.312 93.6405 13.5852 0.5
3 246.499 111.543 -9.57871 0.5
3 323.269 110.657 10.5559 0.5
3 283.519 105.629 -13.9036 0.5
3 231.993 111.642 9.45911 0.5
3 333.254 96.1165 14.4886 0.5
3 283.728 93.1326 13.3356 0.5
3 253.639 104.415 14.3354 0.5
3 315.053 85.1408 2.0506 0.5
3 291.903 88.0555 9.07355 0.5
3 302.677 85.2091 2.49587 0.5
3 279.731 111.895 9.13803 0.5
3 276.829 103.566 -14.5701 0.5
3 282.303 107.897 12.7529 0.5
3 288.801 99.9694 15 0.5
3 239.359 89.2575 10.4689 0.5
3 245.504 102.659 14.7624 0.5
3 290.537 111.722 9.359 0.5
3 235.525 110.883 10.3224 0.5
3 279.898 104.202 14.3995 0.5
3 260.43 105.402 13.9935 0.5
3 238.242 114.879 1.89847 0.5
3 229.613 112.735 7.92564 0.5
3 228.624 107.488 12.9976 0.5
3 245.545 92.5734 -13.0325 0.5
3 271.86 113.068 7.36399 0.5
3 265.7 92.77 -13.1426 0.5
3 259.834 106.273 13.6254 0.5
3 272.787 104.761 14.2245 0.5
3 246.45 105.211 14.0659 0.5
3 302.865 113.445 -6.65043 0.5
3 277.751 114.235 -4.72965 0.5
3 223.602 107.417 -13.0381 0.5
3 224.179 102.87 14.7228 0.5
3 277.712 86.4311 -6.39417 0.5
3 253.262 86.7585 -7.0472 0.5
3 281.945 109.415 11.6774 0.5
3 314.948 91.9342 -12.6469 0.5
3 241.478 90.1752 -11.3346 0.5
3 236.119 112.797 -7.82462 0.5
3 267.168 113.684 -6.14379 0.5
3 308.747 107.295 -13.1068 0.5
3 226.787 86.1888 -5.85251 0.5
3 278.882 109.532 11.582 0.5
3 239.974 85.0456 1.16818 0.5
3 237.27 105.274 -14.0422 0.5
3 311.096 114.874 -1.9406 0.5
3 288.655 105.049 -14.1248 0.5
3 328.543 106.9 13.3187 0.5
3 283.294 93.2075 -13.3739 0.5
3 319.773 87.8401 -8.78274 0.5
3 224.357 95.5203 -14.3155 0.5
3 250.242 103.6 -14.5616 0.5
3 277.329 103.493 14.5877 0.5
3 301.728 87.655 8.52057 0.5
3 295.645 102.352 14.8144 0.5
3 250.577 98.1303 14.883 0.5
3 318.307 93.6756 -13.6016 0.5
3 235.413 100.364 -14.9956 0.5
3 285.362 85.4464 -3.63229 0.5
3 295.166 103.227 14.6487 0.5
3 296.512 108.931 12.0515 0.5
3 263.722 93.3536 13.4471 0.5
3 227.223 85.6234 4.2793 0.5
3 314.246 86.0452 -5.50129 0.5
3 302.718 85.003 0.298378 0.5
3 298.186 114.94 1.34548 0.5
3 274.973 113.139 -7.23597 0.5
3 272.589 110.28 -10.9231 0.5
3 225.363 112.604 8.13319 0.5
3 271.282 114.941 -1.32895 0.5
3 309.927 105.829 -13.8212 0.5
3 262.355 89.9473 -11.133 0.5
3 233.949 91.4441 12.3206 0.5
3 290.175 114.333 -4.42189 0.5
3 260.868 94.4393 -13.9312 0.5
3 269.675 88.2593 -9.3357 0.5
3 261.403 85.116 -1.86168 0.5
3 312.957 109.478 -11.6261 0.5
3 275.361 112.047 -8.93653 0.5
3 266.447 86.6583 -6.85561 0.5
3 260.074 87.5258 -8.33026 0.5
3 266.784 92.4356 12.953 0.5
3 249.015 110.927 -10.2758 0.5
3 267.792 105.024 14.1335 0.5
3 270.935 113.655 -6.20751 0.5
3 267.71 95.7037 -14.3716 0.5
3 324.623 114.514 3.78711 0.5
3 284.064 95.1531 -14.1953 0.5
3 265.41 110.569 -10.644 0.5
3 238.345 103.342 -14.6229 0.5
3 317.244 94.9955 -14.1405 0.5
3 331.328 109.402 -11.688 0.5
3 332.101 96.0167 -14.4614 0.5
3 283.475 101.358 -14.9384 0.5
3 304.435 101.002 -14.9665 0.5
3 243.084 105.305 14.0305 0.5
3 239.971 114.243 -4.70629 0.5
3 330.02 87.2255 -7.86211 0.5
3 254.399 105.807 -13.8303 0.5
3 244.419 85.7934 4.81383 0.5
3 293.369 92.7208 -13.1154 0.5
3 331.155 104.348 -14.3561 0.5
3 232.814 110.685 -10.5271 0.5
3 269.451 101.57 14.9176 0.5
3 249.761 86.7861 7.09878 0.5
3 320.382 85.2466 2.70899 0.5
3 225.367 85.1127 -1.83516 0.5
3 280.59 85.72 4.59146 0.5
3 327.355 86.4759 -6.48837 0.5
3 280.473 98.5136 14.9262 0.5
3 240.661 113.308 6.92141 0.5
3 286.892 114.759 -2.67771 0.5
3 324.761 111.815 -9.24108 0.5
3 288.442 85.7798 4.77345 0.5
3 295.56 114.972 -0.91442 0.5
3 308.013 85.3105 3.03612 0.5
3 314.163 110.38 -10.8284 0.5
3 320.912 86.9937 7.4723 0.5
3 281.156 89.6401 -10.8477 0.5
3 331.239 100.161 -14.9991 0.5
3 321.888 112.653 8.05565 0.5
3 229.471 114.915 1.59201 0.5
3 331.597 91.5301 12.3799 0.5
3 232.849 85.0859 1.60276 0.5
3 236.417 91.1037 -12.0771 0.5
3 245.915 91.092 -12.0685 0.5
3 265.728 113.072 7.35747 0.5
3 237.842 114.085 -5.15854 0.5
3 253.634 98.7246 14.9457 0.5
3 238.656 112.39 8.45517 0.5
3 293.508 85.6555 -4.38568 0.5
3 319.011 112.742 -7.91416 0.5
3 271.956 96.2883 -14.5335 0.5
3 240.85 87.6528 8.51736 0.5
3 256.007 97.6715 14.8182 0.5
3 276.338 85.465 -3.70585 0.5
3 258.526 95.1842 14.2059 0.5
3 235.52 96.9774 -14.6923 0.5
3 290.949 99.4259 -14.989 0.5
3 319.869 102.284 -14.8251 0.5
3 294.089 90.7887 11.8386 0.5
3 224.678 113.389 6.76292 0.5
3 318.715 109.062 -11.9532 0.5
3 286.256 112.646 -8.06766 0.5
3 329.715 96.5308 14.5933 0.5
3 323.67 109.705 11.4372 0.5
3 299.311 91.3442 12.2506 0.5
3 281.298 112.615 -8.11478 0.5
3 278.369 108.299 -12.495 0.5
3 226.216 89.477 10.6895 0.5
3 236.98 114.62 3.35556 0.5
3 256.377 96.5187 14.5904 0.5
3 310.058 114.605 -3.41927 0.5
3 253.564 108.568 12.3125 0.5
3 297.091 99.3837 -14.9873 0.5
3 332.564 85.704 -4.54151 0.5
3 245.141 105.911 13.7861 0.5
4 340.784 81.2262 13.8042 0.5
4 370.339 21.1777 -2.85042 0.5
4 386.409 16.6449 12.3074 0.5
4 361.949 64.8397 -4.18725 0.5
4 373.478 35.4635 -14.1437 0.5
4 343.856 89.0391 -13.1234 0.5
4 360.529 50.4436 -14.7983 0.5
4 379 5.90544 -0.24555 0.5
4 336.073 109.061 -5.86392 0.5
4 369.765 22.3873 3.79953 0.5
4 345.688 90.6461 8.93855 0.5
4 356.786 70.0877 -10.5039 0.5
4 378.343 37.0351 0.436689 0.5
4 333.573 96.979 -14.7721 0.5
4 339.449 101.752 -8.52171 0.5
4 341.932 71.4492 6.20086 0.5
4 386.518 10.8125 14.711 0.5
4 387.458 20.4621 -4.80579 0.5
4 382.304 28.6991 -6.50085 0.5
4 349.643 85.8553 -5.10341 0.5
4 356.865 54.3308 -14.1733 0.5
4 376.941 11.6408 7.77316 0.5
4 358.287 59.7636 -14.7 0.5
4 352.341 58.7852 12.4999 0.5
4 349.685 59.7053 -9.03536 0.5
4 386.707 21.6347 -5.16931 0.5
4 342.903 90.5424 -13.204 0.5
4 344.799 90.6673 -10.6863 0.5
4 371.167 48.968 -3.8458 0.5
4 363.714 61.278 5.63984 0.5
4 378.737 14.6914 -13.4366 0.5
4 369.566 24.2816 7.5508 0.5
4 355.578 46.4863 -0.673355 0.5
4 334.999 96.0314 -14.9608 0.5
4 382.579 28.606 5.63399 0.5
4 380.298 12.9234 13.8616 0.5
4 373.484 44.1171 -6.1951 0.5
4 337.908 105.392 6.90602 0.5
4 342.935 93.948 -10.6352 0.5
4 373.379 38.8805 12.5328 0.5
4 358.732 70.9969 -0.574496 0.5
4 350.874 58.7699 -10.3586 0.5
4 350.398 72.4519 -14.8649 0.5
4 376.931 24.0755 -14.9944 0.5
4 355.388 70.0699 -12.5145 0.5
4 360.293 64.7474 9.69757 0.5
4 387.638 -2.82885 -12.1693 0.5
4 370.427 23.4631 -8.60197 0.5
4 385.578 15.1395 -13.9037 0.5
4 335.215 98.0458 14.9431 0.5
4 335.54 88.5881 12.9382 0.5
4 346.772 85.0965 12.4451 0.5
4 360.938 55.0147 -14.7312 0.5
4 342.761 79.5626 -14.4266 0.5
4 375.938 11.2962 -1.63983 0.5
4 340.608 88.3184 14.9719 0.5
4 349.222 84.4149 9.08625 0.5
4 368.16 54.2716 -3.47054 0.5
4 369.989 46.3393 11.3317 0.5
4 366.771 28.1023 5.43002 0.5
4 386.231 -2.39358 -10.4384 0.5
4 341.678 100.413 1.99155 0.5
4 363.247 55.8709 12.8832 0.5
4 333.468 86.1668 -6.32734 0.5
4 343.911 93.4478 9.3002 0.5
4 377.044 16.6052 -12.8816 0.5
4 363.648 34.417 7.34956 0.5
4 358.573 41.8159 3.96228 0.5
4 383.034 16.4855 14.7784 0.5
4 335.243 81.6965 0.33555 0.5
4 333.535 113.046 6.7485 0.5
4 355.126 48.9599 6.94671 0.5
4 377.249 38.2015 -4.63651 0.5
4 341.039 75.6892 10.2374 0.5
4 357.245 73.0261 4.05503 0.5
4 378.576 6.65697 0.760037 0.5
4 355.002 75.5976 7.25591 0.5
4 355.925 46.7422 5.04065 0.5
4 337.092 105.827 8.53121 0.5
4 362.869 52.0729 14.6479 0.5
4 388.245 19.8898 -0.0879751 0.5
4 337.164 79.2678 5.12637 0.5
4 387.708 -6.16459 9.01958 0.5
4 372.04 19.9005 -7.38146 0.5
4 351.45 77.452 -12.125 0.5
4 370.332 45.8758 -11.2162 0.5
4 357.29 45.4075 7.30971 0.5
4 334.239 83.4317 0.170891 0.5
4 338.925 78.1656 8.79823 0.5
4 344.26 91.8573 10.4267 0.5
4 356.097 45.6658 1.67684 0.5
4 357.85 48.7604 -12.1654 0.5
4 365.031 59.3444 4.69495 0.5
4 334.318 113.137 -2.16977 0.5
4 352.402 60.293 13.4312 0.5
4 366.25 51.2501 -12.5184 0.5
4 381.81 24.974 -12.046 0.5
4 379.427 32.7989 -8.085 0.5
4 364.2 31.5502 0.621674 0.5
4 382.879 11.9344 -14.8303 0.5
4 374.074 15.8016 6.25524 0.5
4 379.109 34.1616 6.64473 0.5
4 372.663 18.0022 -5.69425 0.5
4 336.713 82.9963 -10.0341 0.5
4 360.379 38.7801 -4.28073 0.5
4 353.36 77.4322 -8.83755 0.5
4 337.329 79.4402 -6.24215 0.5
4 381.794 19.0335 -14.7031 0.5
4 370.056 35.0977 -14.9439 0.5
4 381.64 24.1681 12.7894 0.5
4 377.613 29.5633 -13.6321 0.5
4 386.885 -5.27195 8.26443 0.5
4 384.939 -0.95758 9.5407 0.5
4 373.536 44.8574 -3.87667 0.5
4 357.141 73.4973 -2.8112 0.5
4 385.467 11.8242 14.8491 0.5
4 356.053 47.311 -6.86453 0.5
4 354.083 49.1928 -1.9838 0.5
4 345.96 92.8494 -2.88794 0.5
4 334.216 90.0801 12.4335 0.5
4 382.286 4.8345 10.8315 0.5
4 375.75 24.0499 -14.7933 0.5
4 336.56 96.7092 -14.823 0.5
4 339.659 78.3353 -10.5047 0.5
4 375.734 36.0861 -11.5867 0.5
4 357.57 59.7104 14.9045 0.5
4 379.467 35.0177 -1.50996 0.5
4 354.927 77.5052 -1.6744 0.5
4 371.74 42.6055 11.9037 0.5
4 345.735 73.2468 14.0429 0.5
4 350.345 60.1118 10.7874 0.5
4 345.215 65.0172 4.19205 0.5
4 349.295 60.4449 9.12114 0.5
4 346.449 88.1009 10.3904 0.5
4 338.436 95.1394 -14.463 0.5
4 339.268 100.781 10.132 0.5
4 345.892 90.5106 -8.63898 0.5
4 379.832 30.874 9.73374 0.5
4 370.345 37.842 -14.873 0.5
4 376.963 9.91402 -3.77713 0.5
4 379.248 26.3842 -13.7862 0.5
4 374.595 43.5051 0.89716 0.5
4 379.251 6.39772 5.19686 0.5
4 368.635 27.2849 9.54603 0.5
4 384.154 -1.23074 7.1107 0.5
4 364.295 32.9374 -6.67076 0.5
4 349.93 61.8403 11.6786 0.5
4 340.454 97.8525 11.0107 0.5
4 350.26 55.9522 -2.8308 0.5
4 344.544 78.5051 -14.8555 0.5
4 374.609 35.9982 -12.9962 0.5
4 367.818 44.9364 14.2561 0.5
4 345.959 64.2845 -5.76763 0.5
4 386.656 -7.01702 -3.17807 0.5
4 364.183 32.1775 -4.23943 0.5
4 349.05 58.1532 -3.33685 0.5
4 346.872 83.3146 13.3885 0.5
4 374.449 30.8714 -14.8543 0.5
4 341.744 100.418 -0.648658 0.5
4 340.959 73.9084 -7.68231 0.5
4 386.483 15.7003 -12.8378 0.5
4 384.101 -2.93129 0.113369 0.5
4 356.178 73.8857 6.63366 0.5
4 371.49 27.8449 -13.7191 0.5
4 370.818 33.3475 14.9003 0.5
4 382.307 7.90705 13.122 0.5
4 341.918 70.6059 -3.74299 0.5
4 346.937 65.4514 10.2123 0.5
4 364.945 31.6039 -6.23443 0.5
4 341.749 75.3708 -11.1329 0.5
4 376.419 11.6615 6.08185 0.5
4 336.396 81.2695 -6.69068 0.5
4 334.237 99.4329 -14.9668 0.5
4 386.921 -6.09477 6.97774 0.5
4 380.152 21.2298 -14.8192 0.5
4 353.766 63.5813 -14.9647 0.5
4 351.819 54.202 -5.92551 0.5
4 348.419 67.2481 -13.4587 0.5
4 342.026 70.0945 2.11877 0.5
4 348.094 62.2423 8.73769 0.5
4 352.64 52.7454 5.84663 0.5
4 386.729 5.41024 -14.8515 0.5
4 359.659 39.4325 -0.943898 0.5
4 356.438 74.9822 -0.0795598 0.5
4 363.191 33.6641 -3.3515 0.5
4 333.816 90.7331 -12.4059 0.5
4 385.733 14.9009 13.8915 0.5
4 370.015 49.7566 6.95336 0.5
4 347.047 73.6159 -14.7675 0.5
4 340.684 74.5955 8.02391 0.5
4 366.329 54.9806 8.82413 0.5
4 380.864 31.9735 4.53166 0.5
4 341.598 89.8082 -14.4223 0.5
4 353.24 61.3014 -14.3946 0.5
4 388.495 -5.04949 -11.6033 0.5
4 349.217 86.9381 4.02938 0.5
4 343.724 88.4908 13.5246 0.5
4 352.022 61.8495 -13.8417 0.5
4 339.558 79.1978 -11.1624 0.5
5 375.036 -7.33559 -7.68143 0.5
5 346.791 -84.1341 0.450261 0.5
5 371.859 -36.3925 10.5423 0.5
5 373.275 -22.6865 14.9887 0.5
5 338.874 -83.8845 -14.9645 0.5
5 343.321 -90.0671 -1.58962 0.5
5 387.588 -11.8051 6.88449 0.5
5 340.99 -68.3816 -10.4017 0.5
5 350.878 -48.2665 5.89076 0.5
5 371.801 -11.0924 -2.83211 0.5
5 364.534 -53.3554 1.27292 0.5
5 383.038 -21.1195 2.67248 0.5
5 388.505 -6.93158 -11.1429 0.5
5 364.72 -23.1385 1.24962 0.5
5 335.654 -73.5096 -1.52965 0.5
5 360.913 -38.8311 13.8126 0.5
5 337.531 -91.4152 13.6427 0.5
5 363.298 -53.1395 8.15362 0.5
5 387.416 1.29581 -14.9998 0.5
5 336.311 -98.4005 -10.0807 0.5
5 348.522 -57.9652 -12.5745 0.5
5 374.062 -14.3729 12.9708 0.5
5 371.281 -41.5852 2.03167 0.5
5 335.186 -93.354 -14.4249 0.5
5 378.8 -26.7798 7.34084 0.5
5 341.905 -89.7821 8.75584 0.5
5 368.264 -44.7968 -7.74028 0.5
5 360.908 -33.4809 9.96785 0.5
5 354.543 -65.9778 -10.9385 0.5
5 346.21 -76.233 -13.7097 0.5
5 383.297 2.14763 -12.6512 0.5
5 370.549 -37.8612 11.2943 0.5
5 372.081 -19.9455 -13.9975 0.5
5 384.004 -18.2865 6.3267 0.5
5 367.02 -40.2314 -13.6906 0.5
5 344.752 -65.8836 -13.3761 0.5
5 365.201 -39.0576 -14.8912 0.5
5 369.749 -40.2174 -10.3672 0.5
5 380.26 -18.7399 -12.9499 0.5
5 341.231 -92.2216 -6.63855 0.5
5 388.682 3.2358 14.9989 0.5
5 385.21 -4.78626 14.8395 0.5
5 340.93 -92.148 7.72764 0.5
5 368.428 -31.8175 14.9992 0.5
5 348.971 -64.9029 -14.9929 0.5
5 368.028 -47.0923 2.80918 0.5
5 371.239 -37.1502 10.8531 0.5
5 353.588 -69.3487 -9.02513 0.5
5 345.869 -55.7423 -0.395008 0.5
5 388.275 15.4744 -7.88157 0.5
5 364.249 -49.4871 10.6293 0.5
5 350.508 -49.9769 -7.93974 0.5
5 363.193 -55.6312 -1.73749 0.5
5 375.227 -15.2355 14.2601 0.5
5 356.796 -59.4393 12.9155 0.5
5 386.771 11.8371 -9.34879 0.5
5 338.431 -70.0824 -6.4604 0.5
5 341.016 -66.2938 7.73966 0.5
5 371.318 -20.2211 13.5485 0.5
5 387.812 16.5931 -3.06485 0.5
5 383.221 -2.31155 -14.5286 0.5
5 375.907 -5.35238 6.82261 0.5
5 359.773 -31.756 1.73595 0.5
5 366.417 -49.5273 4.26694 0.5
5 387.892 15.8539 5.86699 0.5
5 352.099 -54.6766 -14.0435 0.5
5 337.804 -90.991 -13.6203 0.5
5 344.501 -70.1407 14.7039 0.5
5 388.709 16.2713 7.80824 0.5
5 355.04 -63.1798 -12.4765 0.5
5 353.037 -67.5499 -11.8265 0.5
5 370.281 -42.4228 5.46736 0.5
5 355.492 -44.6538 11.676 0.5
5 365.034 -26.4634 -10.1122 0.5
5 356.275 -43.5868 11.9031 0.5
5 354.44 -41.1542 2.7956 0.5
5 379.902 -16.3372 14.2945 0.5
5 358.496 -53.203 14.3596 0.5
5 334.638 -84.6048 13.9211 0.5
5 333.343 -107.369 1.3872 0.5
5 383.548 -7.33462 14.8843 0.5
5 378.18 -0.653979 5.06279 0.5
5 362.685 -38.4283 14.6582 0.5
5 358.414 -34.9855 -5.32372 0.5
5 342.896 -61.4968 4.23466 0.5
5 363.165 -41.6154 14.9767 0.5
5 352.232 -74.0973 -4.26823 0.5
5 372.822 -31.2661 -13.1519 0.5
5 375.536 -34.0133 -3.17492 0.5
5 383.893 3.99854 12.0917 0.5
5 354.298 -55.7054 -14.9938 0.5
5 373.425 -8.7023 4.50829 0.5
5 333.53 -102.843 10.4786 0.5
5 380.856 -24.4008 4.64638 0.5
5 380.015 -26.5311 -1.37626 0.5
5 387.502 3.45583 -14.8546 0.5
5 364.126 -42.3183 -14.6541 0.5
5 334.372 -77.7335 -7.6247 0.5
5 374.884 -35.2471 -2.64178 0.5
5 341.028 -87.6516 -12.3392 0.5
5 379.687 -15.4198 -14.6422 0.5
5 386.803 9.95617 11.3612 0.5
5 381.68 4.60537 -6.90541 0.5
5 334.817 -104.609 -2.83653 0.5
5 355.4 -42.8546 -9.77828 0.5
5 342.419 -70.8838 13.8207 0.5
5 380.583 0.656899 -9.90078 0.5
5 381.209 -13.2024 14.5429 0.5
5 335.805 -94.2694 -13.7036 0.5
5 376.104 -13.399 14.1524 0.5
5 348.35 -51.602 2.19244 0.5
5 357.366 -55.2653 14.3274 0.5
5 368.921 -18.837 9.03585 0.5
5 334.264 -82.3688 -12.3804 0.5
5 377.687 -14.5389 -14.9605 0.5
5 364.426 -23.7357 -2.03936 0.5
5 371.803 -34.8107 12.0056 0.5
5 343.486 -79.2749 14.337 0.5
5 369.87 -36.2084 -13.2447 0.5
5 369.655 -40.494 10.2469 0.5
5 376.035 -4.49074 5.39213 0.5
5 338.031 -88.5014 14.4036 0.5
5 357.773 -60.8081 10.5235 0.5
5 373.235 -9.55308 -5.91392 0.5
5 362.625 -31.0861 10.5844 0.5
5 364.969 -34.1412 -14.5824 0.5
5 349.505 -79.3613 -1.52927 0.5
5 371.14 -39.0671 -8.8647 0.5
5 335.539 -100.256 -9.47808 0.5
5 341.768 -70.042 -12.8135 0.5
5 351.557 -46.5112 -4.28706 0.5
5 359.886 -59.2268 -7.87369 0.5
5 342.59 -70.3256 -13.7078 0.5
5 345.856 -55.9623 2.45549 0.5
5 376.28 -12.4418 13.9067 0.5
5 363.536 -26.7851 -6.83399 0.5
5 379.375 -26.5232 5.83201 0.5
5 359.747 -39.3544 13.0777 0.5
5 354.343 -41.6409 -4.13393 0.5
5 358.315 -43.9333 -14.0524 0.5
5 337.515 -86.3955 14.9529 0.5
5 359.205 -43.6129 14.4495 0.5
5 383.414 -13.7155 -12.6842 0.5
5 333.385 -83.0752 11.7804 0.5
5 384.647 -18.4969 -1.49637 0.5
5 387.206 14.7752 -5.60212 0.5
5 377.887 -1.22107 -5.22771 0.5
5 335.591 -98.7819 -10.9585 0.5
5 345.122 -87.0302 0.142108 0.5
5 343.244 -78.7639 -14.5909 0.5
5 365.498 -27.9857 -12.1808 0.5
5 356.271 -38.4508 4.6197 0.5
5 359.887 -32.3497 -5.09514 0.5
5 348.247 -64.2053 14.8046 0.5
5 353.445 -43.5418 5.18889 0.5
5 339.429 -67.6978 4.85213 0.5
5 353.268 -72.1469 4.76009 0.5
5 352.369 -44.6927 -2.51976 0.5
5 380.924 0.154249 11.022 0.5
5 379.707 -26.0002 -5.70683 0.5
5 349.189 -71.7742 13.3767 0.5
5 364.559 -41.0323 -14.761 0.5
5 356.15 -37.9316 -0.137187 0.5
5 378.149 -29.614 -2.52315 0.5
5 347.875 -65.0895 -14.8416 0.5
5 373.015 -15.1945 -12.3422 0.5
5 342.511 -89.942 -6.76458 0.5
5 341.341 -93.0648 3.90088 0.5
5 366.07 -24.655 -10.0953 0.5
5 373.153 -27.2785 -14.5113 0.5
5 379.158 1.91369 0.47495 0.5
5 341.73 -90.5964 -7.99818 0.5
5 342.717 -66.9562 -11.8159 0.5
5 380.291 -2.57414 -12.33 0.5
5 375.371 -4.78728 -2.11067 0.5
5 365.941 -43.9822 -12.6822 0.5
5 368.351 -38.2419 -13.5455 0.5
5 336.901 -72.1494 -5.06078 0.5
5 362.251 -27.4328 -1.44602 0.5
5 375.37 -33.0587 -6.70498 0.5
5 343.126 -73.972 -14.9231 0.5
6 413.544 -77.4838 -1.00457 0.5
6 435.466 -85.4729 13.2785 0.5
6 388.567 -107.11 -3.17385 0.5
6 399.63 -84.3148 12.6022 0.5
6 349.819 -106.245 -5.89129 0.5
6 379.97 -95.8188 14.6168 0.5
6 403.241 -81.3241 10.0604 0.5
6 395.653 -104.3 -9.19672 0.5
6 355.385 -92.7192 14.9976 0.5
6 367.466 -81.7557 10.5181 0.5
6 394.025 -105.148 7.98441 0.5
6 379.23 -96.4086 -14.4682 0.5
6 437.838 -94.0485 14.9146 0.5
6 359.522 -107.359 -1.65279 0.5
6 404.601 -82.7463 -11.4384 0.5
6 384.27 -106.501 -5.25203 0.5
6 421.131 -77.7963 -3.20429 0.5
6 376.371 -101.14 12.2261 0.5
6 392.484 -77.5974 -2.09685 0.5
6 408.956 -98.6487 13.6593 0.5
6 443.067 -105.85 -6.74149 0.5
6 405.561 -93.523 14.9616 0.5
6 389.817 -80.4331 8.97724 0.5
6 433.008 -106.138 6.13634 0.5
6 381.995 -105.701 7.03028 0.5
6 365.205 -104.096 9.45418 0.5
6 378.425 -107.34 -1.81702 0.5
6 346.534 -102.733 10.9212 0.5
6 346.804 -105.486 -7.41986 0.5
6 433.054 -107.356 1.67745 0.5
6 394.689 -81.1429 9.85634 0.5
6 412.194 -105.418 -7.53945 0.5
6 437.585 -89.9367 14.7879 0.5
6 434.604 -78.4282 -5.32781 0.5
6 422.394 -107.164 2.91658 0.5
6 367.086 -79.1894 -7.01109 0.5
6 433.152 -86.0619 -13.5717 0.5
6 355.709 -100.055 12.9292 0.5
6 342.537 -78.9991 6.63855 0.5
6 406.897 -81.3834 -10.1256 0.5
6 419.975 -105.176 -7.94076 0.5
6 370.196 -78.3069 4.9969 0.5
6 402.762 -77.744 2.95463 0.5
6 334.773 -98.427 13.7578 0.5
6 361.313 -77.9484 -3.83433 0.5
6 429.331 -80.0915 -8.50088 0.5
6 383.494 -105.383 -7.59806 0.5
6 364.335 -87.2625 14.0744 0.5
6 360.732 -81.4743 -10.2241 0.5
6 351.333 -96.0492 14.5618 0.5
6 413.645 -88.726 -14.5303 0.5
6 409.32 -80.892 -9.5609 0.5
6 427.016 -94.1752 14.9005 0.5
6 383.944 -85.9554 -13.521 0.5
6 397.463 -77.4787 -0.926482 0.5
6 339.018 -106.502 -5.24736 0.5
6 355.75 -77.6378 -2.36564 0.5
6 379.088 -82.8274 11.5067 0.5
6 431.614 -105.237 -7.84256 0.5
6 400.013 -79.745 -7.9738 0.5
6 429.354 -107.287 2.20363 0.5
6 368.592 -94.5267 -14.8556 0.5
6 413.191 -107.205 -2.69877 0.5
6 344.869 -83.8564 12.2943 0.5
6 367.257 -105.437 -7.50586 0.5
6 363.04 -84.0396 12.4203 0.5
6 334.741 -105.423 -7.53072 0.5
6 400.625 -77.5415 1.65324 0.5
6 358.309 -106.594 4.99403 0.5
6 430.572 -83.8807 -12.3112 0.5
6 430.063 -101.31 12.1038 0.5
6 383.364 -93.6673 -14.9505 0.5
6 355.686 -103.386 10.2672 0.5
6 360.749 -95.7181 -14.6397 0.5
6 401.643 -106.08 6.26252 0.5
6 389.008 -91.1828 14.9464 0.5
6 367.354 -107.449 0.187596 0.5
6 434.304 -86.2771 -13.6709 0.5
6 345.766 -106.851 4.19519 0.5
6 346.158 -78.099 -4.36419 0.5
6 349.776 -107.406 1.14825 0.5
6 427.478 -93.4346 -14.9677 0.5
6 342.767 -88.0483 -14.3396 0.5
6 426.139 -83.0628 11.6996 0.5
6 344.118 -96.6602 14.397 0.5
6 414.024 -98.7789 13.5995 0.5
6 337.944 -97.0609 -14.2738 0.5
6 401.087 -83.5698 -12.0889 0.5
6 425.954 -77.9314 3.76938 0.5
6 436.228 -90.1036 14.8153 0.5
6 348.44 -87.0147 13.9806 0.5
6 334.712 -103.975 9.60144 0.5
6 394.652 -106.67 4.77311 0.5
6 402.723 -82.2829 11.0285 0.5
6 376.963 -105.421 -7.53355 0.5
6 338.262 -90.4325 14.8637 0.5
6 375.766 -82.4089 -11.1433 0.5
6 375.439 -95.7154 -14.6403 0.5
6 421.759 -97.0579 14.2747 0.5
6 376.766 -78.0145 -4.07587 0.5
6 367.885 -96.8394 -14.3434 0.5
6 401.674 -105.461 -7.46491 0.5
6 363.753 -79.736 7.95939 0.5
6 425.266 -104.57 -8.83822 0.5
6 440.036 -79.9159 -8.23973 0.5
6 442.271 -95.6768 14.6488 0.5
6 406.032 -88.183 14.3803 0.5
6 350.376 -105.772 6.89345 0.5
6 395.915 -107.45 0.131854 0.5
6 346.706 -85.9873 -13.5364 0.5
6 403.542 -91.6111 14.9765 0.5
6 363.961 -78.3095 -5.0043 0.5
6 363.397 -79.1433 6.92303 0.5
6 370.645 -78.9792 -6.59809 0.5
6 365.152 -107.444 -0.42305 0.5
6 412.758 -105.53 7.3428 0.5
6 368.257 -78.0506 4.20159 0.5
6 359.949 -77.747 2.96951 0.5
6 386.992 -104.831 8.46812 0.5
6 341.486 -84.6666 -12.8225 0.5
6 338.973 -91.4826 14.9688 0.5
6 394.358 -78.3949 -5.23937 0.5
6 367.341 -79.9311 8.26282 0.5
6 345.208 -94.2436 -14.8924 0.5
6 353.708 -101.006 12.3204 0.5
6 378.077 -93.0437 -14.9883 0.5
6 432.215 -91.4013 14.9633 0.5
6 337.562 -107.313 -2.02409 0.5
6 441.751 -83.8869 -12.3155 0.5
6 439.589 -91.7417 -14.9833 0.5
6 440.45 -78.1392 4.4944 0.5
6 365.018 -102.57 -11.0718 0.5
6 354.068 -82.9006 11.5675 0.5
6 403.208 -97.0303 -14.2836 0.5
6 337.401 -85.0911 13.0708 0.5
6 353.856 -97.305 14.1926 0.5
6 442.993 -82.4871 -11.2133 0.5
6 394.388 -80.1161 -8.53652 0.5
6 365.951 -106.192 6.01218 0.5
6 408.693 -104.998 -8.21918 0.5
6 376.798 -78.5782 5.70708 0.5
6 385.954 -88.8139 14.5526 0.5
6 404.334 -89.5944 -14.7257 0.5
6 424.352 -107.356 -1.67882 0.5
6 389.845 -94.859 14.8053 0.5
6 353.309 -86.4979 -13.7685 0.5
6 424.512 -77.4678 0.729273 0.5
6 367.359 -77.8681 -3.51658 0.5
6 382.944 -79.3439 7.29579 0.5
6 419.287 -105.889 -6.66401 0.5
6 362.096 -77.4524 -0.260693 0.5
6 350.376 -86.4539 13.7494 0.5
6 351.327 -99.5938 13.1897 0.5
6 356.221 -106.792 -4.3934 0.5
6 340.637 -106.814 4.32043 0.5
6 340.245 -95.7441 -14.6338 0.5
6 358.777 -105.338 -7.6746 0.5
6 391.543 -80.4724 -9.02963 0.5
6 368.394 -77.79 3.17498 0.5
6 419.238 -88.4041 14.444 0.5
6 430.604 -95.6295 14.6592 0.5
6 342.447 -78.0557 -4.21903 0.5
6 443.846 -77.4638 0.640531 0.5
6 405.185 -101.737 -11.7793 0.5
6 365.178 -78.5641 5.67273 0.5
6 390.366 -105.706 7.01958 0.5
6 379.889 -82.3403 -11.0812 0.5
6 435.66 -107.057 -3.4125 0.5
6 363.027 -102.717 -10.9362 0.5
6 444.255 -88.5893 -14.4946 0.5
6 422.385 -82.5697 11.2862 0.5
6 419.447 -89.6589 14.738 0.5
6 372.095 -106.776 -4.44558 0.5
6 405.908 -77.7235 2.85089 0.5
6 353.353 -98.8974 -13.5437 0.5
6 355.121 -105.14 7.99714 0.5
6 418.508 -80.1924 8.64571 0.5
6 398.535 -106.112 6.19186 0.5
7 484.412 -156.708 -14.1536 0.5
7 492.846 -166.882 -11.6873 0.5
7 481.723 -167.094 -11.112 0.5
7 496.492 -179.297 -14.6321 0.5
7 496.605 -168.488 4.50677 0.5
7 456.016 -118.846 -13.5884 0.5
7 477.357 -148.635 14.9775 0.5
7 445.329 -108.081 -5.11834 0.5
7 499.489 -176.985 -10.404 0.5
7 485.334 -175.001 9.35223 0.5
7 478.659 -139.345 8.48783 0.5
7 492.466 -190.106 -3.91523 0.5
7 474.305 -153.12 -12.0369 0.5
7 494.832 -182.953 -14.6483 0.5
7 474.642 -139.925 14.2015 0.5
7 494.776 -174.721 14.1754 0.5
7 475.062 -159.922 -4.06132 0.5
7 459.961 -132.307 -7.5151 0.5
7 458.134 -113.769 14.8082 0.5
7 458.274 -130.732 4.43712 0.5
7 470.265 -147.373 10.9984 0.5
7 468.847 -131.905 14.7341 0.5
7 497.426 -198.913 3.00735 0.5
7 473.594 -155.156 -8.70278 0.5
7 474.656 -131.415 -6.81418 0.5
7 456.772 -107.225 13.4816 0.5
7 446.227 -88.2159 13.0921 0.5
7 485.526 -152.185 -9.72486 0.5
7 479.824 -143.61 11.0732 0.5
7 468.099 -135.171 14.8977 0.5
7 494.615 -194.217 1.97358 0.5
7 461.978 -136.511 6.12654 0.5
7 485.024 -151.553 9.99696 0.5
7 453.336 -103.888 14.4669 0.5
7 497.877 -181.337 14.5463 0.5
7 447.294 -109.147 9.30959 0.5
7 478.277 -164.046 -7.4889 0.5
7 449.345 -86.8596 -5.17844 0.5
7 461.166 -135.078 6.18615 0.5
7 470.894 -127.56 10.5104 0.5
7 486.265 -160.488 -14.3409 0.5
7 484.613 -169.316 -13.1085 0.5
7 492.523 -185.521 11.3588 0.5
7 456.533 -127.933 3.66847 0.5
7 479.63 -151.472 -14.8763 0.5
7 474.484 -159.48 0.131826 0.5
7 460.088 -133.728 4.88312 0.5
7 465.909 -114.873 2.70358 0.5
7 484.372 -176.603 0.306255 0.5
7 449.5 -115.749 -3.6795 0.5
7 460.292 -120.803 14.9727 0.5
7 464.986 -121.931 13.7041 0.5
7 479.157 -162.641 -11.1192 0.5
7 476.603 -146.249 14.8789 0.5
7 474.093 -135.696 -12.6207 0.5
7 456.191 -123.917 10.0661 0.5
7 454.02 -123.28 -4.70132 0.5
7 469.389 -128.188 -13.0094 0.5
7 481.481 -150.345 13.6343 0.5
7 497.484 -181.644 -14.7599 0.5
7 451.6 -90.275 -3.56941 0.5
7 470.03 -134.383 -14.8096 0.5
7 449.369 -113.135 -8.78884 0.5
7 489.343 -178.122 12.748 0.5
7 494.358 -166.188 -7.95705 0.5
7 484.292 -176.366 1.74637 0.5
7 450.658 -95.607 12.9286 0.5
7 448.736 -88.8096 10.1188 0.5
7 474.342 -155.337 10.0857 0.5
7 464.027 -115.144 9.95225 0.5
7 493.703 -172.37 13.9948 0.5
7 454.785 -125.212 2.10265 0.5
7 455.524 -101.765 -11.2908 0.5
7 492.895 -190.448 -5.17283 0.5
7 461.785 -112.55 11.2378 0.5
7 480.318 -164.448 -11.3014 0.5
7 461.662 -117.943 -14.362 0.5
7 464.335 -130.473 14.5687 0.5
7 458.859 -131.217 5.87958 0.5
7 490.78 -171.233 -14.9275 0.5
7 455.155 -96.0057 -0.392833 0.5
7 484.217 -164.154 14.7333 0.5
7 484.483 -176.256 -3.99936 0.5
7 477.372 -164.481 0.101995 0.5
7 456.269 -127.658 -2.8522 0.5
7 447.391 -112.086 3.71433 0.5
7 460.339 -111.241 12.1911 0.5
7 454.792 -99.5185 -10.3529 0.5
7 455.224 -97.5778 6.44893 0.5
7 458.142 -131.068 -1.78886 0.5
7 460.253 -124.051 14.394 0.5
7 488.016 -170.542 14.7687 0.5
7 470.897 -130.911 -13.0722 0.5
7 495.985 -196.676 1.15606 0.5
7 449.879 -93.7962 12.6467 0.5
7 479.471 -160.288 -13.176 0.5
7 456.34 -104.456 12.2917 0.5
7 482.214 -147.196 -10.5402 0.5
7 473.595 -128.025 1.59281 0.5
7 475.481 -151.977 -13.846 0.5
7 499.992 -188.587 -14.9998 0.5
7 456.14 -111.689 -14.9653 0.5
7 457.419 -127.137 8.70593 0.5
7 457.348 -124.437 -11.4946 0.5
7 452.243 -90.9633 0.426851 0.5
7 492.655 -165.17 10.4269 0.5
7 472.818 -156.441 2.14298 0.5
7 460.098 -112.44 -13.201 0.5
7 479.265 -137.962 2.44802 0.5
7 449.643 -116.445 -0.516249 0.5
7 486.353 -178.835 -5.88484 0.5
7 470.552 -150.794 -7.2637 0.5
7 451.421 -111.9 -13.0667 0.5
7 454.455 -110.577 -14.9793 0.5
7 461.994 -124.458 14.9133 0.5
7 482.817 -167.832 12.0604 0.5
7 447.548 -87.97 -11.3072 0.5
7 471.843 -127.685 8.69775 0.5
7 467.887 -120.673 -8.46736 0.5
7 461.423 -131.672 -11.3446 0.5
7 446.068 -108.107 7.74616 0.5
7 468.697 -142.118 -12.8961 0.5
7 461.557 -116.068 13.7384 0.5
7 484.502 -167.419 -13.9209 0.5
7 488.818 -155.447 -5.73347 0.5
7 458.951 -115.837 14.8989 0.5
7 491.447 -160.909 7.56785 0.5
7 478.674 -163.496 -9.31284 0.5
7 447.228 -97.7441 -14.9925 0.5
7 475.826 -136.049 10.4564 0.5
7 484.336 -161.779 14.9982 0.5
7 468.928 -122.649 8.71562 0.5
7 495.309 -194.469 -5.59351 0.5
7 449.671 -94.0297 -13.0056 0.5
7 449.478 -107.706 13.5003 0.5
7 456.89 -106.996 -13.2608 0.5
7 480.482 -167.633 7.87937 0.5
7 487.002 -166.774 -14.9875 0.5
7 475.465 -160.819 3.26324 0.5
7 475.637 -155.011 12.336 0.5
7 468.653 -122.562 -9.23643 0.5
7 453.168 -122.375 2.33917 0.5
7 453.866 -103.501 -14.0446 0.5
7 477.092 -163.918 1.53365 0.5
7 457.667 -100.641 -2.93085 0.5
7 469.709 -130.47 -13.8583 0.5
7 454.269 -124.467 -0.131228 0.5
7 464.02 -117.591 -12.1729 0.5
7 494.699 -189.514 11.1625 0.5
7 499.928 -202.661 -5.08802 0.5
7 472.602 -127.512 6.08733 0.5
7 451.76 -109.571 -14.3245 0.5
7 466.956 -145.19 -5.99547 0.5
7 474.357 -141.611 -14.7642 0.5
7 491.484 -184.346 10.7881 0.5
7 447.38 -99.7278 -14.8387 0.5
7 449.122 -111.776 -9.9517 0.5
7 449.239 -102.289 14.9214 0.5
7 446.266 -108.549 -7.57929 0.5
7 457.487 -102.564 -8.32775 0.5
7 450.569 -113.287 10.9705 0.5
7 452.679 -120.914 -4.82605 0.5
7 444.533 -78.1056 3.84686 0.5
7 498.014 -199.008 5.94219 0.5
7 467.071 -121.515 11.066 0.5
7 448.307 -85.1635 5.44352 0.5
7 479.614 -148.317 14.1251 0.5
7 477.674 -163.624 -6.28655 0.5
7 495.843 -179.728 14.898 0.5
7 457.404 -129.777 1.89872 0.5
7 446.909 -103.797 13.2252 0.5
7 483.672 -170.968 -10.6396 0.5
7 454.112 -119.942 -10.4649 0.5
7 464.099 -115.564 -10.2741 0.5
7 491.181 -163.609 -11.3631 0.5
7 457.484 -103.784 9.91891 0.5
7 462.845 -139.192 1.96545 0.5
7 465.001 -140.001 -9.07231 0.5
7 459.372 -125.902 -12.934 0.5
7 466.86 -145.761 -3.89282 0.5
7 451.616 -98.3973 13.5307 0.5
7 494.134 -193.515 0.102903 0.5
7 471.789 -132.149 12.8949 0.5
7 488.595 -172.217 14.6335 0.5
7 446.435 -93.3722 -14.7859 0.5
7 479.915 -153.769 -14.9995 0.5
7 452.042 -113.939 12.4741 0.5
7 494.642 -187.141 -12.8459 0.5
7 484.761 -170.276 12.6914 0.5
7 456.224 -102.518 -10.8715 0.5
7 457.644 -111.291 14.4509 0.5
7 458.429 -104.489 8.75021 0.5
7 484.109 -150.953 -11.0002 0.5
7 449.937 -91.6435 10.8851 0.5
8 524.204 -161.36 -3.40992 0.5
8 538.869 -112.291 -11.9536 0.5
8 534.232 -116.543 -7.75411 0.5
8 545.469 -119.01 -11.9324 0.5
8 554.96 -81.5784 9.12694 0.5
8 551.27 -93.2329 -13.4503 0.5
8 520.573 -163.053 -11.1696 0.5
8 521.101 -156.77 14.2632 0.5
8 525.523 -149.517 14.125 0.5
8 554.699 -108.546 -3.38905 0.5
8 517.597 -161.63 -14.6018 0.5
8 513.457 -151.287 -5.17003 0.5
8 508.033 -159.942 -2.32268 0.5
8 507.327 -187.029 10.1504 0.5
8 531.511 -129.213 14.1829 0.5
8 547.417 -120.142 -6.33797 0.5
8 521.168 -163.094 10.1069 0.5
8 544.354 -123.093 -9.93283 0.5
8 544.321 -126.907 -0.212126 0.5
8 511.083 -159.056 10.7875 0.5
8 547.086 -114.075 13.2901 0.5
8 550.173 -95.9822 13.8371 0.5
8 537.06 -136.106 -9.48481 0.5
8 503.852 -167.015 -0.608711 0.5
8 510.597 -156.731 -6.35068 0.5
8 533.469 -121.793 -12.0655 0.5
8 536.159 -111.162 1.86398 0.5
8 551.778 -86.4897 -8.28593 0.5
8 514.903 -173.312 -10.7619 0.5
8 524.786 -160.712 0.985319 0.5
8 536.338 -122.8 -14.7098 0.5
8 534.908 -143.194 0.758728 0.5
8 513.177 -151.034 2.33116 0.5
8 536.998 -124.068 14.9908 0.5
8 553.187 -84.2083 -8.521 0.5
8 542.876 -126.929 -8.26512 0.5
8 500.922 -201.353 -4.60592 0.5
8 548.8 -104.76 -14.9876 0.5
8 530.915 -120.402 2.85017 0.5
8 507.345 -190.943 -0.569006 0.5
8 551.955 -84.6768 5.36218 0.5
8 531.894 -118.498 1.3936 0.5
8 534.893 -131.141 -14.7164 0.5
8 517.292 -152.282 13.5459 0.5
8 534.647 -142.412 5.99925 0.5
8 500.633 -174.415 -7.19171 0.5
8 541.311 -124.133 -13.2612 0.5
8 500.275 -174.437 5.96688 0.5
8 543.212 -101.146 -8.0085 0.5
8 508.581 -172.729 -14.9608 0.5
8 549.635 -87.7041 0.017543 0.5
8 526.738 -157.36 0.301562 0.5
8 507.105 -166.561 11.3497 0.5
8 531.918 -120.57 -7.78467 0.5
8 517.806 -148.655 -11.8637 0.5
8 531.279 -149.497 0.156084 0.5
8 519.112 -143.14 -8.39216 0.5
8 520.212 -159.233 -13.9292 0.5
8 552.746 -109.58 8.63807 0.5
8 505.005 -166.488 -6.50068 0.5
8 500.732 -200.683 -6.98161 0.5
8 551.719 -113.628 3.71266 0.5
8 537.134 -121.338 14.6933 0.5
8 505.971 -184.848 -13.5111 0.5
8 505.543 -167.205 9.1711 0.5
8 513.482 -154.225 10.0908 0.5
8 554.275 -109.643 -0.873523 0.5
8 504.629 -190.045 11.6998 0.5
8 547.738 -91.2546 2.79894 0.5
8 511.45 -179.507 -10.5486 0.5
8 542.579 -99.9268 0.148054 0.5
8 514.863 -173.915 10.2164 0.5
8 512.394 -181.017 -5.85726 0.5
8 551.664 -113.3 -5.08974 0.5
8 514.463 -168.24 14.2723 0.5
8 508.278 -183.016 12.235 0.5
8 518.691 -159.405 14.6755 0.5
8 549.987 -88.5676 -6.48245 0.5
8 507.945 -161.382 6.47219 0.5
8 522.802 -143.215 13.7626 0.5
8 553.815 -107.84 -8.47631 0.5
8 548.427 -116.481 -9.40653 0.5
8 554.948 -97.1187 14.5574 0.5
8 512.09 -164.857 14.7215 0.5
8 546.448 -112.956 14.2342 0.5
8 510.876 -172.647 -14.7345 0.5
8 531.169 -126.297 12.4325 0.5
8 524.387 -157.852 -9.73089 0.5
8 505.037 -176.12 -14.5025 0.5
8 552.521 -105.75 -12.6602 0.5
8 515.977 -169.766 12.1735 0.5
8 526.2 -135.453 -12.7864 0.5
8 500.564 -190.941 14.6455 0.5
8 551.832 -84.9505 -5.51604 0.5
8 526.5 -150.587 -12.8054 0.5
8 521.45 -145.143 13.576 0.5
8 547.299 -94.7481 8.99582 0.5
8 541.585 -131.321 -3.11959 0.5
8 500.723 -195.216 -12.8163 0.5
8 500.393 -173.617 4.27489 0.5
8 517.181 -148.266 10.5623 0.5
8 529.797 -126.762 -10.9006 0.5
8 533.711 -139.205 -12.0608 0.5
8 522.071 -140.416 11.1523 0.5
8 531.766 -123.848 11.3497 0.5
8 541.843 -107.866 -12.4709 0.5
8 539.335 -107.034 6.51655 0.5
8 545.966 -117.472 -12.4186 0.5
8 511.132 -163.083 13.6083 0.5
8 525.18 -141.035 -14.4492 0.5
8 516.62 -157.025 14.7243 0.5
8 504.093 -166.708 -1.91113 0.5
8 542.212 -116.827 14.9465 0.5
8 532.613 -132.504 14.9967 0.5
8 522.716 -162.305 -7.52616 0.5
8 531.176 -119.677 -0.0550349 0.5
8 504.013 -167.135 -3.48686 0.5
8 548.132 -95.8707 -11.6588 0.5
8 505.847 -178.905 -14.9958 0.5
8 521.119 -166.911 -2.3532 0.5
8 502.991 -198.267 -2.59686 0.5
8 529.603 -129.078 12.4787 0.5
8 540.709 -121.533 14.6169 0.5
8 530.944 -122.824 8.65033 0.5
8 533.144 -145.852 3.50524 0.5
8 521.948 -154.07 14.607 0.5
8 510.299 -168.323 -14.788 0.5
8 509.159 -182.762 -11.2236 0.5
8 501.008 -173.195 -6.03239 0.5
8 545.464 -111.612 -14.9054 0.5
8 505.011 -182.983 14.6995 0.5
8 512.106 -156.244 9.67501 0.5
8 517.704 -154.697 -14.6294 0.5
8 534.009 -118.776 -10.2039 0.5
8 516.763 -173.914 4.61305 0.5
8 511.352 -183.933 -1.54345 0.5
8 549.486 -90.738 -8.69307 0.5
8 536.846 -116.517 12.468 0.5
8 505.559 -174.733 -14.3665 0.5
8 540.084 -107.332 9.11217 0.5
8 513.599 -158.039 -13.2229 0.5
8 527.066 -126.799 0.277948 0.5
8 501.286 -171.447 -0.0380631 0.5
8 512.651 -177.697 -10.2692 0.5
8 547.439 -114.948 -12.4009 0.5
8 511.053 -184.446 1.59933 0.5
8 527.138 -152.19 -10.6928 0.5
8 527.309 -129.331 8.94135 0.5
8 550.313 -115.941 -4.16092 0.5
8 520.761 -167.703 0.644898 0.5
8 546.842 -94.2506 6.95327 0.5
8 515.48 -175.81 5.52046 0.5
8 506.514 -173.437 -14.4692 0.5
8 553.478 -110.186 -5.01412 0.5
8 539.632 -134.959 -1.46518 0.5
8 518.832 -168.201 8.80528 0.5
8 524.24 -161.604 1.61436 0.5
8 552.601 -111.746 4.89828 0.5
8 519.655 -157.596 14.7042 0.5
8 527.878 -127.467 -7.61823 0.5
8 508.724 -170.145 -14.6051 0.5
8 500.833 -197.898 -10.5477 0.5
8 546.585 -97.7948 -11.0048 0.5
8 503.881 -173.944 -12.6822 0.5
8 554.216 -83.252 9.60798 0.5
8 528.861 -129.12 -11.553 0.5
8 517.494 -154.277 14.4297 0.5
8 540.734 -121.328 -14.6533 0.5
8 510.998 -158.709 -10.2863 0.5
8 549.744 -98.8434 -14.5435 0.5
8 547.592 -91.243 0.11019 0.5
8 502.518 -190.765 -13.5413 0.5
8 523.618 -152.216 14.3252 0.5
8 540.217 -104.13 -1.83281 0.5
8 525.712 -152.664 -12.3428 0.5
8 553.64 -110.728 -1.08231 0.5
8 517.439 -143.597 -1.95341 0.5
8 510.638 -157.755 -8.2998 0.5
8 525.611 -136.939 13.0613 0.5
8 554.206 -84.861 -11.2461 0.5
8 530.292 -124.74 -9.66895 0.5
8 512.027 -162.388 13.9726 0.5
8 533.767 -136.719 13.5036 0.5
8 546.514 -105.626 14.793 0.5
8 505.3 -180.77 14.9457 0.5
8 513.424 -173.558 -12.6036 0.5
8 510.204 -163.847 13.184 0.5
8 518.93 -168.387 -8.29136 0.5
8 508.356 -164.967 -11.8197 0.5
8 548.357 -106.983 -14.8572 0.5
8 520.826 -166.423 -5.83337 0.5
8 512.986 -166.985 -14.9786 0.5
8 507.786 -186.125 10.2671 0.5
8 548.287 -93.3734 9.42883 0.5
8 540.716 -129.825 -9.42186 0.5
8 509.459 -186.136 -5.7753 0.5
8 506.58 -176.721 -14.9896 0.5
8 522.792 -150.949 -14.8975 0.5
8 503.099 -196.969 -6.1929 0.5
8 518.465 -163.195 -13.5175 0.5
8 518.8 -165.843 11.4158 0.5
9 610.852 -79.7554 7.99023 0.5
9 582.235 -93.7039 14.9475 0.5
9 567.489 -80.4953 9.05996 0.5
9 636.908 -87.7496 -14.2445 0.5
9 611.46 -99.6492 -13.1595 0.5
9 560.579 -98.9761 13.506 0.5
9 635.771 -91.8152 -14.9866 0.5
9 606.651 -78.476 5.45202 0.5
9 648.004 -101.622 -11.8692 0.5
9 663.548 -84.6198 -12.794 0.5
9 575.24 -83.5304 -12.0598 0.5
9 571.162 -102.501 -11.135 0.5
9 636.232 -106.239 -5.90545 0.5
9 649.147 -106.74 -4.56191 0.5
9 561.903 -103.008 -10.6546 0.5
9 656.275 -107.45 0.0227409 0.5
9 626.35 -105.204 -7.89521 0.5
9 625.816 -77.4711 -0.794165 0.5
9 584.655 -81.9455 10.7076 0.5
9 659.837 -103.997 9.57449 0.5
9 591.332 -78.5583 5.65845 0.5
9 637.015 -94.8605 -14.8051 0.5
9 585.881 -94.9277 -14.794 0.5
9 666.113 -85.7355 13.4132 0.5
9 579.494 -107.229 2.56875 0.5
9 565.161 -106.856 -4.17894 0.5
9 560.084 -86.2835 -13.6738 0.5
9 664.26 -82.8732 -11.5448 0.5
9 655.881 -101.697 11.8106 0.5
9 581.151 -100.795 12.4642 0.5
9 612.628 -103.293 -10.3654 0.5
9 622.721 -104.744 -8.59384 0.5
9 651.553 -82.5678 11.2845 0.5
9 635.202 -90.7907 14.9079 0.5
9 645.8 -107.082 3.30274 0.5
9 651.155 -107.393 1.3087 0.5
9 605.443 -106.463 -5.35271 0.5
9 570.085 -82.816 -11.4972 0.5
9 644.424 -84.7153 12.852 0.5
9 563.199 -77.5486 1.7164 0.5
9 652.056 -106.018 -6.39584 0.5
9 612.203 -107.411 -1.08381 0.5
9 606.083 -82.2663 11.0132 0.5
9 599.166 -107.39 -1.34196 0.5
9 565.651 -107.197 -2.74555 0.5
9 656.563 -83.323 11.9036 0.5
9 569.238 -78.2029 4.69233 0.5
9 620.992 -79.0274 -6.69567 0.5
9 564.854 -107.095 3.2424 0.5
9 612.498 -78.1837 4.6336 0.5
9 583.648 -106.332 -5.68379 0.5
9 620.301 -87.753 14.2456 0.5
9 663.613 -97.8368 13.9994 0.5
9 655.067 -83.1401 11.7611 0.5
9 633.848 -83.3156 -11.898 0.5
9 570.656 -91.7611 -14.9842 0.5
9 631.526 -104.091 9.46012 0.5
9 649.268 -77.5487 -1.7168 0.5
9 618.761 -82.4881 11.2142 0.5
9 578.607 -91.9285 14.9909 0.5
9 567.458 -95.5922 -14.6672 0.5
9 596.158 -96.4727 14.4506 0.5
9 660.958 -83.1067 11.7346 0.5
9 580.742 -78.7114 -6.02073 0.5
9 587.34 -106.669 -4.77792 0.5
9 608.507 -102.149 11.4428 0.5
9 571.652 -84.0733 -12.443 0.5
9 595.621 -107.397 -1.26392 0.5
9 574.003 -77.8451 -3.41959 0.5
9 630.69 -88.3025 14.4152 0.5
9 557.229 -94.5202 -14.8565 0.5
9 639.491 -105.876 -6.68901 0.5
9 642.886 -106.703 4.67636 0.5
9 571.244 -85.6581 -13.3742 0.5
9 573.466 -78.1646 -4.5743 0.5
9 598.442 -93.5032 -14.963 0.5
9 591.973 -104.233 -9.28231 0.5
9 580.424 -94.8776 -14.8023 0.5
9 644.071 -89.4792 -14.7028 0.5
9 661.945 -86.1639 13.6193 0.5
9 666.174 -83.3247 -11.9049 0.5
9 582.119 -78.8692 6.36861 0.5
9 597.089 -82.0493 10.8085 0.5
9 646.171 -77.4672 -0.715768 0.5
9 629.138 -91.3763 14.9615 0.5
9 623.922 -105.371 7.61858 0.5
9 644.693 -107.241 -2.49478 0.5
9 662.724 -102.436 -11.1928 0.5
9 618.798 -94.6135 -14.8432 0.5
9 626.369 -106.997 -3.66077 0.5
9 597.882 -106.693 -4.70631 0.5
9 625.666 -78.1334 4.47583 0.5
9 572.66 -99.6318 13.169 0.5
9 578.181 -103.375 10.2783 0.5
9 641.304 -100.167 -12.8625 0.5
9 651.265 -105.065 8.11523 0.5
9 579.102 -99.5569 -13.2096 0.5
9 618.746 -89.581 14.7231 0.5
9 635.184 -83.9475 12.3574 0.5
9 557.642 -97.1931 -14.2304 0.5
9 640.358 -85.7866 13.4387 0.5
9 608.366 -93.2722 14.9775 0.5
9 578.941 -107.249 -2.4472 0.5
9 575.943 -77.6743 2.58404 0.5
9 604.839 -105.285 -7.76287 0.5
9 598.405 -87.8919 14.2907 0.5
9 585.572 -100.273 12.7985 0.5
9 569.834 -98.7126 -13.6301 0.5
9 646.57 -90.4224 -14.8623 0.5
9 603.549 -101.873 11.6706 0.5
9 590.238 -105.053 -8.13374 0.5
9 612.174 -107.315 2.01077 0.5
9 611.659 -84.0443 -12.4235 0.5
9 630.292 -103.665 9.96171 0.5
9 640.039 -100.446 12.6911 0.5
9 602.621 -102.583 -11.0602 0.5
9 623.032 -107.207 2.69168 0.5
9 635.982 -78.4691 5.43434 0.5
9 591.016 -103.642 -9.98737 0.5
9 579.058 -105.056 8.12907 0.5
9 591.858 -95.228 -14.7405 0.5
9 633.174 -82.3455 -11.0859 0.5
9 652.704 -104.729 8.61578 0.5
9 561.701 -97.8278 14.0029 0.5
9 635.972 -93.5599 -14.9589 0.5
9 570.467 -99.602 -13.1852 0.5
9 652.55 -80.7197 -9.34869 0.5
9 566.782 -103.21 -10.4513 0.5
9 584.32 -82.9609 -11.6171 0.5
9 660.267 -78.1946 -4.66689 0.5
9 584.341 -105.144 7.99076 0.5
9 619.618 -90.8715 14.9167 0.5
9 599.035 -86.7254 -13.8646 0.5
9 644.425 -79.2348 7.09626 0.5
9 600.291 -95.6235 14.6605 0.5
9 601.816 -99.442 -13.2708 0.5
9 559.244 -79.2119 -7.05348 0.5
9 645.759 -107.418 0.978123 0.5
9 636.052 -101.806 -11.7248 0.5
9 588.674 -79.02 6.68079 0.5
9 658.98 -98.1657 -13.8684 0.5
9 654.129 -81.6438 10.4031 0.5
9 662.216 -105.846 -6.74866 0.5
9 652.174 -86.0898 -13.5848 0.5
9 623.391 -99.5782 13.1981 0.5
9 666.139 -88.7551 14.5378 0.5
9 571.171 -92.3326 14.9995 0.5
9 563.469 -89.2677 14.6585 0.5
9 565.079 -87.3536 -14.1077 0.5
9 660.368 -83.9338 -12.348 0.5
9 637.018 -89.4555 14.698 0.5
9 596.213 -99.7563 13.1004 0.5
9 661.66 -105.453 7.47785 0.5
9 607.425 -82.2975 11.042 0.5
9 615.168 -81.1104 -9.81898 0.5
9 609.413 -86.5 13.7694 0.5
9 620.38 -86.8084 13.8986 0.5
9 594.867 -80.6847 -9.30456 0.5
9 579.068 -78.5704 -5.68811 0.5
9 609.62 -79.784 -8.0355 0.5
9 592.321 -96.8412 14.3429 0.5
9 602.037 -104.52 -8.90567 0.5
9 609.698 -84.4542 -12.6912 0.5
9 608.307 -87.7439 14.2426 0.5
9 639.275 -102.836 -10.8225 0.5
9 580.622 -105.791 6.8564 0.5
9 637.418 -80.1013 8.51516 0.5
9 594.927 -103.963 9.6154 0.5
9 589.024 -77.9816 3.95747 0.5
9 610.909 -107.447 0.312537 0.5
9 617.988 -87.7442 14.2427 0.5
9 648.856 -100.754 -12.4919 0.5
9 583.933 -106.271 5.82933 0.5
9 647.946 -94.8137 14.8126 0.5
9 660.96 -104.557 -8.85617 0.5
9 617.082 -96.5456 -14.4301 0.5
9 602.771 -77.4663 0.697965 0.5
9 653.968 -84.6168 -12.7922 0.5
9 655.53 -81.4181 10.1634 0.5
9 657.627 -105.394 -7.57971 0.5
9 577.559 -107.393 1.30917 0.5
9 644.346 -77.7147 2.80499 0.5
9 636.521 -104.273 -9.23185 0.5
9 655.545 -95.4694 14.693 0.5
9 565.471 -85.087 13.0685 0.5
9 587.366 -98.17 -13.8666 0.5
9 587.353 -90.9226 14.922 0.5
9 627.106 -97.5886 -14.0924 0.5
9 608.492 -77.9129 -3.69749 0.5
9 641.285 -84.6013 -12.7827 0.5
9 660.727 -99.0559 13.4671 0.5
9 655.882 -85.2664 -13.1679 0.5
9 592.347 -97.9819 -13.9427 0.5
9 582.576 -82.2626 -11.0098 0.5
9 556.124 -77.546 -1.69383 0.5
9 569.708 -97.6322 -14.0764 0.5
10 622.649 -30.2592 5.25583 0.5
10 639.457 -60.186 -2.0123 0.5
10 664.128 -96.1112 -12.6513 0.5
10 634.003 -46.1396 -10.9372 0.5
10 658.516 -93.262 -1.44699 0.5
10 646.187 -42.5697 -4.17225 0.5
10 658.69 -65.3094 6.88806 0.5
10 663.572 -90.4735 14.6136 0.5
10 656.173 -87.3062 -7.42753 0.5
10 664.567 -93.2705 -14.3224 0.5
10 616.392 -20.3713 -0.102666 0.5
10 647.277 -69.5881 10.49 0.5
10 659.764 -93.7525 7.01564 0.5
10 636.14 -37.1322 -14.7995 0.5
10 654.803 -61.7642 -11.0551 0.5
10 662.604 -96.9141 9.62916 0.5
10 650.607 -76.6993 8.91301 0.5
10 662.672 -84.2668 14.9467 0.5
10 655.346 -86.2508 -6.72436 0.5
10 624.548 -30.3985 10.3046 0.5
10 643.97 -44.7362 12.4256 0.5
10 632.494 -36.3737 -14.6737 0.5
10 660.062 -77.5258 -14.5898 0.5
10 666.493 -78.2525 -5.64625 0.5
10 627.058 -22.9016 14.9703 0.5
10 622.299 -30.5346 -1.43155 0.5
10 650.073 -76.4975 7.83903 0.5
10 662.919 -71.1957 2.65409 0.5
10 638.816 -39.5141 14.2457 0.5
10 612.237 10.5163 12.2251 0.5
10 628.779 -26.217 -14.9876 0.5
10 648.058 -49.5644 10.5582 0.5
10 617.632 7.25327 -2.59836 0.5
10 631.01 -15.9049 2.52359 0.5
10 651.177 -66.5969 -14.9682 0.5
10 622.779 -27.0775 -10.5696 0.5
10 621.44 -7.57838 -13.5011 0.5
10 643.941 -67.8652 -2.57231 0.5
10 664.791 -75.3186 -5.68268 0.5
10 647.931 -46.0191 5.43916 0.5
10 616.434 -1.5707 14.4911 0.5
10 644.108 -43.8174 11.5587 0.5
10 628.641 -32.4232 -13.8182 0.5
10 625.677 -36.4475 -0.461228 0.5
10 645.329 -64.7227 11.823 0.5
10 623.462 -22.1689 -14.293 0.5
10 643.045 -38.4904 7.40318 0.5
10 631.711 -46.7491 -2.15401 0.5
10 659.144 -65.691 6.04169 0.5
10 663.577 -95.2471 -12.5941 0.5
10 652.576 -55.8577 -8.74666 0.5
10 637.155 -47.8965 -13.4883 0.5
10 626.089 -31.861 11.4473 0.5
10 656.423 -89.158 -4.02497 0.5
10 650.036 -78.3515 -2.95425 0.5
10 618.288 -1.18075 -13.0053 0.5
10 661.902 -70.5559 6.23923 0.5
10 636.751 -26.2143 -4.12929 0.5
10 612.554 -5.97089 13.1336 0.5
10 639.812 -57.2276 -9.87545 0.5
10 627.725 -30.1294 14.0958 0.5
10 665.879 -76.7578 4.43834 0.5
10 633.708 -34.1051 -14.9471 0.5
10 652.228 -55.1662 8.62157 0.5
10 624.339 -33.7358 -3.4451 0.5
10 616.315 -17.561 8.55231 0.5
10 660.054 -84.5139 14.5816 0.5
10 664.022 -101.157 -6.96072 0.5
10 655.331 -75.1018 14.8249 0.5
10 642.689 -48.1092 -14.7345 0.5
10 622.467 -3.72781 8.77415 0.5
10 646.505 -62.9683 -13.9788 0.5
10 664.103 -73.7018 4.50218 0.5
10 633.202 -19.5458 -1.32887 0.5
10 639.849 -43.0836 -14.7136 0.5
10 662.616 -76.9381 12.3618 0.5
10 648.115 -59.2528 14.9622 0.5
10 627.865 -14.6396 -10.6087 0.5
10 661.897 -97.7218 -6.46951 0.5
10 619.493 -15.3253 -14.2827 0.5
10 633.476 -44.4401 -11.6256 0.5
10 661.265 -92.119 11.9814 0.5
10 627.726 -40.0034 0.0975719 0.5
10 630.176 -40.4111 10.0179 0.5
10 641.622 -51.6017 14.785 0.5
10 654.894 -86.2724 -4.79523 0.5
10 624.332 -11.2617 -12.7746 0.5
10 648.016 -70.8939 10.4638 0.5
10 631.261 -19.8916 -9.9402 0.5
10 640.905 -62.4475 3.36036 0.5
10 635.751 -52.4807 6.37453 0.5
10 631.872 -17.9599 4.76025 0.5
10 611.238 7.69671 14.4171 0.5
10 628.833 -41.9043 -0.674223 0.5
10 637.532 -53.8488 9.18096 0.5
10 618.855 -1.1888 12.3942 0.5
10 622.378 -5.67803 -11.1244 0.5
10 666.449 -83.2214 12.1103 0.5
10 620.731 -8.49869 14.3437 0.5
10 628.63 -22.4187 -14.4144 0.5
10 651.668 -66.4976 15 0.5
10 654.827 -68.8317 14.6736 0.5
10 629.763 -15.2777 -7.0239 0.5
10 639.939 -35.4142 -10.4699 0.5
10 666.21 -82.1815 11.6266 0.5
10 641.641 -45.843 14.6412 0.5
10 632.934 -34.0988 14.9998 0.5
10 621.548 -21.1835 -13.3288 0.5
10 642.3 -40.4342 -11.3464 0.5
10 655.802 -68.3635 -14.0441 0.5
10 626.928 -38.6192 0.175645 0.5
10 626.84 -34.7545 -9.87958 0.5
10 657.856 -79.0553 14.8836 0.5
10 655.152 -58.8505 6.2074 0.5
10 611.659 -8.14366 -10.2312 0.5
10 627.504 -9.71816 -1.73037 0.5
10 615.398 9.59184 7.04467 0.5
10 654.942 -60.4654 -9.41613 0.5
10 649.13 -47.1139 -1.05916 0.5
10 630.541 -22.5204 13.0715 0.5
10 659.001 -68.3785 -10.4152 0.5
10 646.205 -44.1114 7.65698 0.5
10 645.198 -65.1217 -11.3071 0.5
10 642.345 -58.9886 12.244 0.5
10 628.367 -11.6126 3.84024 0.5
10 640.853 -33.8837 -5.74737 0.5
10 630.407 -25.0602 14.2819 0.5
10 663.018 -100.569 -4.06358 0.5
10 613.766 13.7169 -3.68786 0.5
10 635.743 -33.7206 -14.0814 0.5
10 628.114 -14.7376 10.2655 0.5
10 620.999 -18.3291 -14.1497 0.5
10 654.501 -65.3887 -13.7521 0.5
10 657.951 -63.8524 -6.53355 0.5
10 620.274 -26.4673 4.29597 0.5
10 643.863 -60.4761 12.9774 0.5
10 614.946 11.9134 -2.55746 0.5
10 639.955 -61.1475 -1.04391 0.5
10 648.161 -63.8995 14.5852 0.5
10 643.768 -46.5512 -13.6414 0.5
10 663.568 -98.664 9.53303 0.5
10 625.653 -24.9212 14.5839 0.5
10 655.899 -61.7318 -8.90821 0.5
10 632.704 -45.3011 9.41709 0.5
10 646.713 -72.496 3.41179 0.5
10 663.744 -100.023 8.08586 0.5
10 613.816 12.9002 5.85432 0.5
10 623.955 -30.4642 9.00984 0.5
10 618.988 0.508591 10.8317 0.5
10 638.49 -57.0654 -6.70292 0.5
10 663.137 -78.6707 12.8929 0.5
10 653.111 -75.7864 13.362 0.5
10 658.534 -76.3777 -14.8679 0.5
10 631.093 -15.861 0.874511 0.5
10 652.313 -57.4059 -11.0146 0.5
10 614.955 2.9889 13.803 0.5
10 644.887 -52.7448 -14.8685 0.5
10 640.77 -39.1275 -12.3804 0.5
10 658.742 -90.0553 -9.82803 0.5
10 658.55 -63.6343 -2.68731 0.5
10 658.323 -92.1712 -4.91377 0.5
10 638.843 -33.6336 10.5892 0.5
10 625.153 -7.0728 -6.59205 0.5
10 615.423 3.10774 -13.3699 0.5
10 644.177 -58.3398 -14.1965 0.5
10 626.013 -28.3471 -13.6076 0.5
10 665.586 -105.537 -1.11152 0.5
10 613.861 7.40699 12.431 0.5
10 653.16 -76.5846 -12.9741 0.5
10 648.975 -65.3918 14.5653 0.5
10 627.027 -11.918 -9.16572 0.5
10 642.835 -57.921 13.3958 0.5
10 640.879 -32.8568 -1.46612 0.5
10 641.552 -37.8615 -10.102 0.5
10 632.098 -47.3523 2.57873 0.5
10 624.748 -27.8154 12.7067 0.5
10 653.945 -85.0209 3.42035 0.5
10 632.371 -45.2944 -8.66272 0.5
10 619.251 -9.96748 -14.9958 0.5
10 646.739 -58.6903 14.981 0.5
10 638.637 -38.3997 13.9546 0.5
10 623.968 -25.1102 13.4617 0.5
10 619.135 1.91716 -8.94587 0.5
10 629.888 -43.7308 -0.726967 0.5
10 635.066 -23.902 5.84483 0.5
10 615.77 -10.9269 13.4537 0.5
10 654.439 -78.0112 -13.4007 0.5
10 664.724 -79.4476 11.4942 0.5
10 619.851 -25.7047 -4.394 0.5
10 652.394 -62.9711 14.2252 0.5
10 647.816 -74.7966 -0.269604 0.5
10 623.631 -14.3118 -14.5622 0.5
10 615.587 -1.9775 14.8661 0.5
10 660.151 -96.1137 1.23439 0.5
10 629.95 -31.7703 14.714 0.5
10 636.108 -36.1222 14.61 0.5
10 655.675 -58.7981 -3.38136 0.5
10 662.375 -90.5476 -13.9434 0.5
10 642.773 -53.2016 14.8472 0.5
10 642.257 -44.6495 -13.9464 0.5
10 622.862 -31.0351 3.99875 0.5
10 623.364 -9.59564 12.7811 0.5
10 640.535 -60.3336 7.22704 0.5
10 655.661 -66.0542 13.0853 0.5
11 658.449 76.8415 -12.0564 0.5
11 665.968 94.0207 14.2216 0.5
11 664.515 82.0077 -4.63791 0.5
11 660.93 88.2905 14.8948 0.5
11 649.371 61.1065 -12.0478 0.5
11 653.677 89.5174 -8.97764 0.5
11 617.663 29.4332 4.49939 0.5
11 622.564 10.6329 7.51986 0.5
11 626.439 33.657 14.6251 0.5
11 654.981 65.9523 -5.86166 0.5
11 658.559 86.2412 14.9973 0.5
11 619.495 5.38782 7.63873 0.5
11 627.079 30.6582 -14.98 0.5
11 627.15 43.2822 -9.35329 0.5
11 637.665 37.036 7.93072 0.5
11 648.49 80.3669 9.19645 0.5
11 627.255 28.7571 -14.7009 0.5
11 635.747 61.3707 1.50141 0.5
11 635.524 47.925 14.8835 0.5
11 613.755 23.2649 -1.63569 0.5
11 660.325 91.0367 -14.8633 0.5
11 625.976 37.4035 12.7621 0.5
11 647.786 77.8308 10.6789 0.5
11 617.607 2.21645 7.80497 0.5
11 642.359 43.3513 3.65698 0.5
11 648.907 79.3174 11.1107 0.5
11 634.585 58.8583 -4.11147 0.5
11 644.168 75.7324 -2.98215 0.5
11 635.943 52.7609 13.7581 0.5
11 623.41 27.2501 14.8418 0.5
11 640.14 59.7396 -13.8809 0.5
11 629.605 25.3479 10.7514 0.5
11 652.717 70.6267 -14.0652 0.5
11 657.708 96.4473 9.04761 0.5
11 635.196 30.5022 0.570002 0.5
11 631.902 35.2361 -14.2934 0.5
11 616.094 11.225 -14.9535 0.5
11 652.236 76.3461 -14.94 0.5
11 612.478 15.6551 11.5974 0.5
11 638.716 62.9136 9.83577 0.5
11 619.032 32.4761 -0.745758 0.5
11 626.5 28.9899 14.9307 0.5
11 619.182 3.17315 -3.51995 0.5
11 630.165 24.6731 -8.86015 0.5
11 635.797 60.2084 6.15954 0.5
11 648.338 54.5418 6.08203 0.5
11 657.264 89.6951 13.7561 0.5
11 615.139 23.6495 7.65713 0.5
11 630.735 31.1796 -13.4776 0.5
11 639.05 57.3765 14.0664 0.5
11 618.894 5.28829 -9.04424 0.5
11 643.5 74.0949 4.77349 0.5
11 663.595 82.0342 8.06806 0.5
11 663.322 92.186 14.8633 0.5
11 654.313 87.2709 -12.2424 0.5
11 643.251 62.5072 14.6837 0.5
11 614.258 16.1015 -13.3316 0.5
11 643.227 71.8516 8.36655 0.5
11 620.466 33.5761 6.33227 0.5
11 622.71 20.5073 14.6193 0.5
11 636.337 61.0253 6.41938 0.5
11 645.66 50.9967 -8.10985 0.5
11 626.621 45.588 -1.22589 0.5
11 625.955 44.1639 -3.08862 0.5
11 624.876 14.3791 7.05548 0.5
11 631.843 25.1172 3.57713 0.5
11 660.876 102.344 8.48017 0.5
11 634.877 37.3685 -12.9501 0.5
11 630.593 41.8209 -14.3697 0.5
11 660.065 103.551 -0.665194 0.5
11 612.815 19.8332 7.29582 0.5
11 622.873 23.6482 -14.9917 0.5
11 611.529 3.44924 -14.9633 0.5
11 656.931 68.2207 -1.58245 0.5
11 627.948 47.876 -1.35824 0.5
11 637.518 39.4669 11.1384 0.5
11 655.614 86.0207 -14.0829 0.5
11 642.417 72.2544 -4.6643 0.5
11 656.114 96.5165 -2.47494 0.5
11 631 49.8221 -9.51186 0.5
11 653.147 85.7416 -11.8793 0.5
11 651.263 88.2976 0.835823 0.5
11 633.689 57.3188 -4.06674 0.5
11 648.167 65.1242 -14.7301 0.5
11 616.048 11.5878 14.9818 0.5
11 660.857 104.727 -2.50375 0.5
11 634.957 46.4171 14.94 0.5
11 629.318 30.7294 -14.2835 0.5
11 618.021 23.9966 12.5252 0.5
11 662.115 106.431 4.48188 0.5
11 621.449 12.9255 12.18 0.5
11 628.339 43.7024 -11.1018 0.5
11 628.682 25.3634 12.1147 0.5
11 631.266 52.983 4.53149 0.5
11 618.458 26.0147 11.5966 0.5
11 611.299 -10.8887 -0.559708 0.5
11 657.674 91.0284 13.4678 0.5
11 647.927 73.4624 13.7821 0.5
11 660.743 78.7706 10.2304 0.5
11 619.721 19.0388 -14.9959 0.5
11 651.648 62.4493 -9.58481 0.5
11 656.876 73.8527 -11.8553 0.5
11 659.127 75.5329 9.73992 0.5
11 621.608 26.4236 -14.319 0.5
11 650.786 59.6551 7.75714 0.5
11 617.47 1.19752 -6.34653 0.5
11 645.61 49.3528 4.90332 0.5
11 662.809 90.7287 -14.7749 0.5
11 645.153 77.7331 -0.364586 0.5
11 624.848 17.3458 -10.9768 0.5
11 633.472 27.5455 -1.09362 0.5
11 664.449 88.3572 -12.811 0.5
11 665.348 83.068 3.23335 0.5
11 624.395 30.2039 14.6047 0.5
11 624.65 31.296 -14.4371 0.5
11 618.219 2.25503 -5.80511 0.5
11 634.66 31.3382 7.07792 0.5
11 641.464 48.5948 -12.8414 0.5
11 632.298 40.864 14.9949 0.5
11 635.187 48.9552 -14.5907 0.5
11 657.282 94.9067 10.0212 0.5
11 650.801 87.324 2.41131 0.5
11 658.084 72.0938 -7.41212 0.5
11 639.378 53.553 -14.9777 0.5
11 632.74 55.3425 5.10453 0.5
11 653.081 63.602 7.70852 0.5
11 661.632 76.597 -3.07217 0.5
11 626.215 42.0862 8.79471 0.5
11 650.788 72.8877 14.9949 0.5
11 613.822 21.7771 -6.92466 0.5
11 664.071 94.6918 -14.9779 0.5
11 632.289 53.9878 -6.47345 0.5
11 644.352 66.0781 -14.2355 0.5
11 632.382 52.89 8.62547 0.5
11 613.398 1.16002 -13.4813 0.5
11 648.493 80.5171 -9.00639 0.5
11 658.725 98.1414 -9.13564 0.5
11 629.266 31.2158 14.4557 0.5
11 655.792 88.3155 -13.1862 0.5
11 648.701 76.6909 12.8072 0.5
11 619.644 4.28531 4.62739 0.5
11 638.208 61.4639 -10.4556 0.5
11 624.681 40.9862 -6.08997 0.5
11 660.279 79.0258 11.2596 0.5
11 659.849 77.6029 10.6249 0.5
11 653.448 86.7497 11.4886 0.5
11 614.773 6.32967 -14.514 0.5
11 632.363 49.8717 11.779 0.5
11 658.665 101.112 0.928409 0.5
11 653.111 78.4351 -14.8774 0.5
11 655.74 94.4457 -6.79683 0.5
11 654.414 90.2919 9.61405 0.5
11 656.139 66.8404 -1.50183 0.5
11 614.147 -4.92301 5.49872 0.5
11 613.466 4.84093 -14.6944 0.5
11 636.315 61.7008 4.61592 0.5
11 642.508 43.2217 -1.40229 0.5
11 645.559 75.0515 -9.49579 0.5
11 624.079 16.9649 11.7917 0.5
11 614.537 -3.47889 7.14886 0.5
11 636.498 33.4916 4.67126 0.5
11 643.797 74.8446 4.00414 0.5
11 660.53 103.327 -5.49922 0.5
11 650.997 70.0908 -14.7424 0.5
11 666.041 112.729 5.84946 0.5
11 666.38 110.71 9.96981 0.5
11 657.754 98.4747 5.61014 0.5
11 658.108 71.9306 7.03867 0.5
11 629.634 50.384 -3.73767 0.5
11 655.237 78.1787 -14.8627 0.5
11 664.476 86.0467 -11.0363 0.5
11 631.826 51.6858 8.95798 0.5
11 652.31 79.3907 14.3832 0.5
11 660.427 80.1058 -11.9345 0.5
11 624.109 11.6928 3.4582 0.5
11 645 66.9121 -14.328 0.5
11 620.521 13.0344 -13.2459 0.5
11 611.428 16.8644 8.23098 0.5
11 650.594 64.7313 13.0307 0.5
11 621.369 30.1799 -12.2628 0.5
11 622.955 37.5537 7.00276 0.5
11 632.693 32.1006 -11.9588 0.5
11 632.209 51.3026 -10.2143 0.5
11 624.099 40.8443 3.55319 0.5
11 639.805 65.6224 -8.7985 0.5
11 637.534 36.3673 -7.17424 0.5
11 616.589 25.9274 8.03921 0.5
11 650.324 61.4333 -10.9424 0.5
11 645.776 78.8008 0.670387 0.5
11 655.106 75.7105 -14.3807 0.5
11 625.816 26.0225 14.65 0.5
11 652.972 68.54 -12.8482 0.5
11 664.55 89.6112 13.4096 0.5
11 613.707 13.4042 -14.0943 0.5
12 697.279 91.4066 12.2944 0.5
12 733.624 93.1411 13.34 0.5
12 719.024 98.3515 -14.9091 0.5
12 766.806 106.863 13.3377 0.5
12 732.395 107.699 12.8735 0.5
12 669.092 114.517 -3.7756 0.5
12 676.685 112.15 8.79597 0.5
12 710.098 106.097 -13.7052 0.5
12 718.822 113.847 -5.76612 0.5
12 696.389 100.075 -14.9998 0.5
12 758.047 92.9163 13.222 0.5
12 747.603 97.2142 -14.739 0.5
12 680.552 86.5289 6.59769 0.5
12 715.115 85.4451 3.62682 0.5
12 716.006 111.566 -9.55153 0.5
12 737.336 89.9897 -11.1711 0.5
12 672.11 92.3299 -12.8907 0.5
12 702.7 101.976 -14.8692 0.5
12 688.625 85.5871 -4.15551 0.5
12 736.007 90.5622 11.6588 0.5
12 726.497 101.796 14.8921 0.5
12 683.643 108.966 -12.0255 0.5
12 719.67 112.43 -8.39684 0.5
12 688.756 86.3848 -6.29504 0.5
12 714.197 97.4485 14.7814 0.5
12 718.946 107.985 12.6981 0.5
12 753.53 94.0198 13.7564 0.5
12 707.247 103.033 14.6901 0.5
12 690.27 114.445 -4.04343 0.5
12 692.45 87.5499 8.36624 0.5
12 677.955 91.0598 12.0446 0.5
12 773.783 114.977 0.827821 0.5
12 699.472 85.8459 4.96593 0.5
12 668.577 89.185 10.394 0.5
12 694.256 93.5258 -13.5309 0.5
12 680.8 88.5011 -9.63202 0.5
12 736.564 112.153 8.79208 0.5
12 713.786 106.209 -13.6546 0.5
12 686.3 86.1902 5.8558 0.5
12 765.109 89.8342 11.0298 0.5
12 763.783 99.6434 -14.9958 0.5
12 715.816 88.8216 -10.0022 0.5
12 702.928 95.5479 -14.3241 0.5
12 762.655 111.785 9.27991 0.5
12 772.25 87.0898 -7.6372 0.5
12 686.978 100.61 14.9876 0.5
12 762.857 85.0406 -1.10313 0.5
12 670.214 114.569 3.56837 0.5
12 774.114 100.228 14.9983 0.5
12 695.62 90.7124 -11.7788 0.5
12 728.169 88.3691 -9.47223 0.5
12 774.949 101.495 -14.9254 0.5
12 739.711 113.839 5.78598 0.5
12 691.493 87.5256 -8.32999 0.5
12 700.01 112.639 -8.07859 0.5
12 773.192 94.2474 13.8531 0.5
12 687.636 94.8755 14.0975 0.5
12 694.29 104.634 -14.2662 0.5
12 670.87 103.851 -14.4971 0.5
12 777.395 85.0573 -1.31022 0.5
12 704.416 90.2505 -11.3994 0.5
12 712.915 114.397 4.21048 0.5
12 687.793 86.7036 -6.9431 0.5
12 745.689 112.294 -8.59416 0.5
12 709.284 104.148 -14.4151 0.5
12 694.879 100.091 14.9997 0.5
12 772.332 100.804 -14.9785 0.5
12 728.645 85.4829 3.77528 0.5
12 683.289 108.966 12.0254 0.5
12 669.18 114.881 1.88669 0.5
12 715.009 85.9412 -5.2298 0.5
12 688.816 88.3858 9.49266 0.5
12 732.764 98.191 14.8905 0.5
12 771.522 87.6569 -8.52343 0.5
12 775.784 89.3015 10.5139 0.5
12 745.27 105.015 14.1369 0.5
12 689.385 112.394 8.44881 0.5
12 733.925 95.1903 14.208 0.5
12 676.219 114.732 2.82024 0.5
12 772.994 98.9462 14.9629 0.5
12 707.625 87.0399 -7.5522 0.5
12 712.374 114.568 -3.57548 0.5
12 742.799 111.484 9.64917 0.5
12 731.832 99.6772 -14.9965 0.5
12 737.448 113.454 -6.63163 0.5
12 682.169 99.4584 -14.9902 0.5
12 691.136 94.4279 -13.9267 0.5
12 744.676 92.2216 -12.8256 0.5
12 685.611 113.024 -7.44172 0.5
12 774.558 98.2736 14.9003 0.5
12 671.18 114.997 -0.304299 0.5
12 692.424 98.8411 14.9552 0.5
12 739.88 94.2255 -13.8439 0.5
12 746.274 95.428 -14.2862 0.5
12 686.333 91.6566 -12.4655 0.5
12 685.343 86.1565 -5.77554 0.5
12 777.56 96.4661 -14.5778 0.5
12 726.648 88.2601 -9.33675 0.5
12 708.802 111.467 9.66975 0.5
12 669.446 113.458 -6.62371 0.5
12 735.096 94.669 14.0207 0.5
12 773.541 112.541 -8.22872 0.5
12 713.058 107.676 -12.887 0.5
12 776.402 113.299 6.9389 0.5
12 673.966 87.3816 8.11027 0.5
12 755.832 109.147 -11.8881 0.5
12 749.745 112.692 -7.99534 0.5
12 746.288 103.142 14.6671 0.5
12 770.008 101.698 -14.9035 0.5
12 701.014 101.051 14.9631 0.5
12 684.992 91.4458 12.3218 0.5
12 688.807 102.198 -14.838 0.5
12 772.008 89.0221 -10.2218 0.5
12 672.106 100.447 -14.9933 0.5
12 708.922 85.0006 0.134287 0.5
12 722.398 91.8952 12.6219 0.5
12 667.213 112.055 -8.92579 0.5
12 740.897 114.979 -0.798971 0.5
12 773.321 86.5166 -6.5726 0.5
12 718.533 97.6875 14.8207 0.5
12 714.935 85.122 -1.90944 0.5
12 713.631 90.7842 -11.8351 0.5
12 765.817 104.25 -14.3853 0.5
12 682.846 106.655 13.4428 0.5
12 754.029 85.3923 3.40808 0.5
12 773.223 86.0179 -5.43156 0.5
12 717.947 86.8167 -7.1555 0.5
12 702.651 91.7041 12.4971 0.5
12 721.879 87.657 8.52345 0.5
12 683.658 99.6372 14.9956 0.5
12 706.801 88.2822 9.3645 0.5
12 752.16 90.2271 11.3794 0.5
12 698.862 110.493 -10.7192 0.5
12 677.827 95.2656 -14.2333 0.5
12 676.806 100.971 -14.9686 0.5
12 730.869 93.8464 -13.6796 0.5
12 777.633 99.3668 -14.9866 0.5
12 733.484 97.2864 14.7525 0.5
12 749.121 95.6375 14.3516 0.5
12 754.164 112.68 8.01379 0.5
12 696.002 94.7956 14.0682 0.5
12 721.178 113.778 5.92918 0.5
12 740.67 110.002 -11.1784 0.5
12 672.811 114.976 0.84807 0.5
12 749.103 85.6836 4.47657 0.5
12 672.615 85.9286 5.19582 0.5
12 732.841 95.8036 -14.4011 0.5
12 755.672 88.721 -9.88856 0.5
12 702.355 99.5304 14.9926 0.5
12 706.431 86.6776 -6.89301 0.5
12 706.159 114.051 -5.25026 0.5
12 760.102 108.082 12.6366 0.5
12 736.487 101.114 14.9586 0.5
12 739.593 91.1394 12.1033 0.5
12 709.066 85.74 -4.65331 0.5
12 684.546 92.237 12.8349 0.5
12 687.908 107.579 -12.9443 0.5
12 676.162 105.243 -14.0537 0.5
12 712.404 86.1049 5.65037 0.5
12 698.019 113.732 6.0357 0.5
12 728.194 91.7603 -12.5343 0.5
12 707.999 114.88 -1.89313 0.5
12 742.122 103.151 -14.6653 0.5
12 676.013 86.0682 -5.55917 0.5
12 718.278 114.823 2.29441 0.5
12 734.062 103.519 -14.5814 0.5
12 722.995 85.4099 -3.48268 0.5
12 769.501 85.0689 1.43626 0.5
12 692.389 102.062 14.8576 0.5
12 670.759 114.88 -1.89031 0.5
12 757.794 97.5139 14.7925 0.5
12 685.925 88.0095 9.0127 0.5
12 685.302 101.767 -14.8955 0.5
12 669.112 99.4005 14.988 0.5
12 713.491 95.9412 14.4404 0.5
12 761.002 112.179 8.75568 0.5
12 678.787 85.8854 -5.0772 0.5
12 700.642 108.85 12.1111 0.5
12 704.408 85.2305 2.61956 0.5
12 687.302 93.724 13.6239 0.5
12 744.895 85.0164 -0.702168 0.5
12 668.069 103.423 14.6043 0.5
12 674.381 114.673 -3.11606 0.5
12 700.425 95.6516 -14.3559 0.5
12 758.053 111.136 -10.0495 0.5
12 667.682 94.4185 13.9229 0.5
12 771.885 88.6899 9.85303 0.5
12 692.019 88.9686 -10.1641 0.5
12 726.026 92.9337 13.2313 0.5
12 693.126 108.37 12.4475 0.5
12 678.282 88.0143 9.01909 0.5
12 747.189 103.824 -14.5043 0.5
12 733.477 113.67 -6.17427 0.5
12 750.446 111.165 10.0176 0.5
12 764.342 89.93 -11.1174 0.5
12 668.809 113.725 6.05081 0.5
12 718.9 86.6952 6.92684 0.5
12 715.399 98.832 14.9545 0.5
12 712.559 86.8676 7.24851 0.5
12 686.57 86.6738 -6.88561 0.5
12 723.382 85.3432 3.19046 0.5
12 695.637 113.138 7.23824 0.5
12 678.461 112.519 8.26318 0.5
12 698.508 108.643 -12.2596 0.5
12 741.346 112.67 -8.03004 0.5
12 680.246 89.6503 10.8574 0.5
12 724.307 88.9591 10.1538 0.5
12 695.763 89.7871 10.9862 0.5
12 677.492 85.0006 -0.136553 0.5
12 763.856 86.0564 5.52961 0.5
12 753.063 89.7877 10.9868 0.5
12 774.509 104.763 14.2236 0.5
12 741.072 101.306 -14.943 0.5
13 778.959 87.313 10.5712 0.5
13 833.109 -3.6739 -12.7893 0.5
13 788.929 72.2507 -12.4042 0.5
13 798.874 48.497 -1.05949 0.5
13 798.822 51.5983 -9.06281 0.5
13 803.386 67.1851 9.5836 0.5
13 818.905 32.6102 -14.499 0.5
13 784.223 95.42 -13.478 0.5
13 788.27 72.3772 11.6488 0.5
13 816.169 20.1255 -6.78266 0.5
13 779.126 95.5014 14.8432 0.5
13 828.093 -1.88678 -2.79204 0.5
13 823.857 33.1337 -7.57739 0.5
13 810.958 50.592 -12.6495 0.5
13 800.757 74.8865 -3.04157 0.5
13 814.746 50.7086 2.78724 0.5
13 802.282 43.6075 -5.51443 0.5
13 814.747 21.192 2.58376 0.5
13 792.296 78.4295 14.5675 0.5
13 825.84 26.8391 -11.104 0.5
13 807.931 32.7796 -0.42101 0.5
13 815.82 31.5197 -14.7748 0.5
13 804.996 60.5141 12.898 0.5
13 823.985 7.56523 8.43708 0.5
13 822.274 9.84443 7.33213 0.5
13 829.345 23.2433 8.19959 0.5
13 809.899 45.3876 -14.9651 0.5
13 789.24 90.4751 -10.878 0.5
13 813.763 23.4296 4.7083 0.5
13 823.306 23.0709 14.8756 0.5
13 792.231 62.8792 8.88174 0.5
13 794.893 85.1188 -2.65087 0.5
13 826.479 11.2936 -14.3544 0.5
13 813.029 24.0249 -1.56567 0.5
13 825.355 31.2571 6.18949 0.5
13 797.572 73.1006 13.056 0.5
13 816.4 32.8942 -14.9985 0.5
13 798.215 51.0621 6.4561 0.5
13 815.515 43.8998 11.799 0.5
13 824.698 31.3833 -8.0577 0.5
13 786.723 81.4391 14.6831 0.5
13 813.068 24.5175 -4.34306 0.5
13 829.018 15.8487 -14.2774 0.5
13 831.428 -2.27597 11.7288 0.5
13 822.355 37.6401 -2.11004 0.5
13 830.6 13.4863 14.1502 0.5
13 814.049 48.5935 -9.72908 0.5
13 823.246 20.4689 14.9798 0.5
13 799.053 49.1653 -5.42216 0.5
13 801.38 66.3056 -13.1664 0.5
13 780.497 97.264 -14.8696 0.5
13 826.335 29.7503 5.74883 0.5
13 799.032 77.2561 -5.20002 0.5
13 812.758 48.1716 12.1775 0.5
13 816.409 46.9859 -5.64329 0.5
13 802.851 50.0142 13.4905 0.5
13 825.928 30.4299 -5.80938 0.5
13 825.722 1.95938 -0.218946 0.5
13 830.49 -3.7593 -8.35383 0.5
13 820.469 40.8188 -2.66532 0.5
13 833.034 -3.16554 13.0135 0.5
13 796.758 82.0939 0.976462 0.5
13 810.908 28.0996 -3.77225 0.5
13 778.644 106.384 12.7606 0.5
13 799.093 60.3935 -14.7574 0.5
13 788.706 75.5307 -13.9387 0.5
13 799.103 53.6088 -11.645 0.5
13 814.386 29.9444 13.4466 0.5
13 826.706 0.266789 0.627739 0.5
13 811.827 56.0248 0.179472 0.5
13 831.072 -5.60065 6.95091 0.5
13 807.901 62.7942 -0.972752 0.5
13 784.862 96.2444 12.349 0.5
13 831.831 5.80904 14.9892 0.5
13 814.034 44.3826 13.1698 0.5
13 791.143 74.3324 -14.787 0.5
13 822.35 29.9204 13.2017 0.5
13 812.843 30.4663 12.1483 0.5
13 798.63 77.2345 -6.83591 0.5
13 811.479 26.7592 -1.97835 0.5
13 791.818 76.0584 -14.9952 0.5
13 780.143 86.2892 11.5143 0.5
13 789.952 67.3367 9.53863 0.5
13 812.76 36.3577 -14.6862 0.5
13 810.652 46.6667 -14.5598 0.5
13 818.007 20.832 11.6169 0.5
13 832.769 14.7505 11.1817 0.5
13 783.285 102.07 9.49851 0.5
13 824 34.8959 1.14756 0.5
13 814.132 48.3139 9.88633 0.5
13 830.754 -3.57064 9.24318 0.5
13 789.942 92.5298 6.32994 0.5
13 831.388 1.40041 13.8569 0.5
13 831.686 -6.41224 -7.41373 0.5
13 778.076 109.516 11.1522 0.5
13 830.563 14.6457 -13.7162 0.5
13 826.275 30.2564 -4.66384 0.5
13 809.244 57.0497 9.57046 0.5
13 794.698 65.0796 -13.9102 0.5
13 797.27 53.9953 8.666 0.5
13 808.112 61.3093 5.76004 0.5
13 792.924 78.4389 -14.2537 0.5
13 823.776 24.8594 14.2996 0.5
13 812.023 52.8813 8.73399 0.5
13 827.337 -0.426893 3.4931 0.5
13 784.158 103.205 4.66683 0.5
13 787.193 68.7066 0.663192 0.5
13 812.397 25.0533 0.687815 0.5
13 793.142 61.8077 9.53448 0.5
13 801.817 43.3749 -0.618939 0.5
13 824.465 32.3621 -7.07407 0.5
13 806.377 65.4204 -1.15618 0.5
13 795.109 60.1249 -11.3065 0.5
13 831.164 -6.0454 -6.37476 0.5
13 831.598 15.935 11.8824 0.5
13 818.09 15.2156 -1.0819 0.5
13 788.865 68.76 8.95124 0.5
13 785.875 97.9699 9.00656 0.5
13 797.344 58.6303 -13.0016 0.5
13 813.383 24.8525 -6.58464 0.5
13 800.29 73.8565 7.74062 0.5
13 800.187 76.1257 -1.33757 0.5
13 796.722 77.5467 10.8483 0.5
13 822.539 7.94555 3.7417 0.5
13 783.856 92.6234 -14.6654 0.5
13 781.468 99.4761 -13.8049 0.5
13 778.77 84.7385 -6.4506 0.5
13 806.884 60.0289 10.7679 0.5
13 825.913 9.59805 13.2506 0.5
13 818.365 43.9341 4.73593 0.5
13 823.967 5.1896 2.38544 0.5
13 812.26 38.3842 14.8803 0.5
13 794.403 74.0734 -14.7229 0.5
13 780.086 108.348 8.5203 0.5
13 781.132 109.187 0.334412 0.5
13 801.326 44.3144 1.73472 0.5
13 804.846 52.4428 14.9848 0.5
13 787.009 73.5653 10.7657 0.5
13 802.767 49.7502 -13.2834 0.5
13 787.591 89.9954 -13.2701 0.5
13 800.255 75.7131 3.24744 0.5
13 798.359 78.9869 3.29324 0.5
13 803.452 48.385 13.1883 0.5
13 780.507 89.5524 13.8661 0.5
13 817.741 17.988 -7.83162 0.5
13 801.784 58.7032 -14.9973 0.5
13 823.035 16.547 14.1191 0.5
13 805.686 39.0057 -8.05237 0.5
13 792.772 67.1642 -13.337 0.5
13 819.762 34.423 -13.1911 0.5
13 793.671 84.6605 -8.74295 0.5
13 823.285 9.36058 9.23761 0.5
13 794.445 86.1302 -0.228769 0.5
13 817.266 42.1568 -10.6609 0.5
13 784.337 92.4709 14.5022 0.5
13 797.926 57.9885 13.2057 0.5
13 814.527 26.6018 11.4025 0.5
13 826.273 31.0015 0.229414 0.5
13 822.433 9.15833 -6.54497 0.5
13 806.238 37.5025 7.1188 0.5
13 788.742 68.2473 7.88254 0.5
13 791.573 61.1073 -0.247735 0.5
13 819.764 19.0915 12.5697 0.5
13 780.668 85.8279 -11.8739 0.5
13 785.451 97.7696 -10.1338 0.5
13 792.951 87.5234 5.86862 0.5
13 795.556 56.8728 -8.53535 0.5
13 820.966 11.1485 5.25897 0.5
13 812.316 36.2381 14.4731 0.5
13 797.847 78.0917 -7.73511 0.5
13 784.072 83.0405 -13.7225 0.5
13 801.965 61.0839 14.7014 0.5
13 787.13 92.8432 11.9689 0.5
13 799.647 77.1038 -0.718084 0.5
13 792.989 65.4677 -12.5701 0.5
13 782.81 103.491 8.71679 0.5
13 797.567 61.9603 -14.52 0.5
13 821.236 37.4578 7.93418 0.5
13 823.909 32.1388 8.94497 0.5
13 783.783 99.8089 -10.9887 0.5
13 797.654 80.0372 3.97302 0.5
13 809.732 30.4224 4.73948 0.5
13 801.72 52.5952 13.7755 0.5
13 781.22 85.489 12.3254 0.5
13 807.518 43.3983 -14.1098 0.5
13 779.939 82.064 -4.85305 0.5
13 824.772 23.2196 -14.2719 0.5
13 809.531 38.0763 13.3058 0.5
13 785.552 72.8009 -6.03101 0.5
13 830.27 22.061 7.51637 0.5
13 832.757 18.7957 -5.32431 0.5
13 786.97 98.6616 3.51015 0.5
13 811.305 54.3414 8.4216 0.5
13 814.932 43.2431 -12.9348 0.5
13 788.781 94.2664 -6.88766 0.5
13 809.539 36.84 12.5939 0.5
13 812.852 27.7012 -9.57202 0.5
13 806.431 49.6487 -14.9826 0.5
13 829.062 -3.16881 4.39672 0.5
13 791.204 61.8718 -1.94179 0.5
13 791.014 62.8253 4.68646 0.5
13 778.979 93.1495 14.2216 0.5
13 828.379 -0.240371 8.14312 0.5
13 796.968 70.3822 -14.5567 0.5
13 818.603 16.8128 -8.32708 0.5
13 832.807 5.62781 -14.9704 0.5
13 807.078 64.2278 -0.810325 0.5
13 795.857 60.4932 12.5656 0.5
13 831.526 21.8801 -0.855433 0.5
13 827.59 27.6099 5.66982 0.5
13 822.785 11.917 11.0646 0.5
13 799.582 77.107 -1.94491 0.5
13 820.832 27.6469 14.8348 0.5
13 782.15 84.7586 12.8921 0.5
13 800.048 46.4266 -0.103236 0.5
13 782.597 99.17 -12.9807 0.5
14 837.919 21.5078 11.3638 0.5
14 853.378 44.4999 -13.7451 0.5
14 841.859 32.6063 5.21625 0.5
14 879.34 98.2412 -2.55366 0.5
14 865.553 71.092 -9.61721 0.5
14 879.952 84.3653 -14.9992 0.5
14 873.797 86.8583 -7.4867 0.5
14 859.426 38.3318 -10.5762 0.5
14 856.294 49.7308 -13.6649 0.5
14 850.495 18.5261 -0.876896 0.5
14 868.542 72.7491 -12.6939 0.5
14 857.855 36.3646 -11.2838 0.5
14 843.01 32.5999 -8.91354 0.5
14 882.943 100.24 -10.6738 0.5
14 877.294 77.1905 14.7501 0.5
14 856.542 58.7913 2.3363 0.5
14 858.076 31.6344 -0.316723 0.5
14 841.215 2.60669 2.31655 0.5
14 884.546 104.178 -9.38668 0.5
14 864.909 45.0121 -6.63447 0.5
14 860.185 45.691 -14.2797 0.5
14 844.46 27.4062 14.3528 0.5
14 851.929 43.8819 -12.7524 0.5
14 871.701 55.235 -0.402419 0.5
14 853.378 53.4446 -1.21029 0.5
14 841.832 25.5281 -13.2487 0.5
14 853.1 31.7559 13.6335 0.5
14 836.403 19.4859 10.8142 0.5
14 835.107 10.5738 14.5296 0.5
14 849.475 17.9103 5.82378 0.5
14 851.991 51.0654 -0.882852 0.5
14 863.998 54.0275 -14.7246 0.5
14 872.235 57.3452 5.85767 0.5
14 848.696 44.8385 -4.00711 0.5
14 882.859 104.509 1.19507 0.5
14 871.565 66.8195 -14.6601 0.5
14 875.906 89.1346 9.48369 0.5
14 881.227 71.926 -2.4244 0.5
14 846.296 37.5319 -9.85897 0.5
14 876.322 69.7131 -12.3452 0.5
14 884.721 91.4117 14.9373 0.5
14 864.149 43.5602 -6.34977 0.5
14 875.283 62.141 4.55122 0.5
14 879.429 86.2217 14.7719 0.5
14 852.834 22.973 3.53606 0.5
14 868.776 79.4409 4.59983 0.5
14 866.439 72.9062 -9.27209 0.5
14 874.003 59.5206 2.99944 0.5
14 866.529 54.9474 13.6017 0.5
14 840.647 11.4574 -14.1474 0.5
14 883.826 105.171 5.53971 0.5
14 887.236 93.823 -14.6293 0.5
14 847.752 41.2484 -8.29132 0.5
14 850.26 46.6129 -6.49539 0.5
14 840.147 29.0697 6.55173 0.5
14 876.96 71.4321 12.7471 0.5
14 841.883 9.67811 -12.0706 0.5
14 850.965 37.1689 14.7259 0.5
14 837.516 13.1004 -14.8549 0.5
14 886.259 105.637 -11.0049 0.5
14 850.643 30.967 14.7383 0.5
14 855.148 27.1007 -3.99618 0.5
14 847.672 42.1844 6.38118 0.5
14 834.878 -4.70199 -10.031 0.5
14 843.129 34.0294 -6.9593 0.5
14 842.097 32.3833 -6.68134 0.5
14 879.707 95.9478 9.196 0.5
14 851.347 24.9071 -11.1187 0.5
14 879.774 76.0937 -12.6128 0.5
14 861.358 65.6329 6.90356 0.5
14 872.143 85.5106 -3.78165 0.5
14 846.095 40.1069 4.75045 0.5
14 880.176 74.7496 -11.0366 0.5
14 841.78 30.3561 9.06469 0.5
14 865.858 74.5998 -3.87761 0.5
14 855.208 28.9639 7.98337 0.5
14 855.053 54.6745 6.97381 0.5
14 841.013 18.2517 14.9538 0.5
14 874.696 63.1379 8.6149 0.5
14 877.032 93.1115 -6.2242 0.5
14 838.078 2.56386 -11.6655 0.5
14 856.019 33.3815 -11.4534 0.5
14 876.978 65.5111 -5.73813 0.5
14 853.129 53.0617 -0.0476928 0.5
14 855.217 52.5645 -10.3194 0.5
14 854.288 29.9908 -11.1091 0.5
14 850.927 22.3433 9.12575 0.5
14 844.917 19.2349 14.276 0.5
14 883.414 102.333 -9.24083 0.5
14 846.458 18.8433 -12.894 0.5
14 856.875 39.1473 -13.9933 0.5
14 867.321 74.6103 9.04465 0.5
14 885.552 93.2672 14.9696 0.5
14 873.561 63.0375 -10.7966 0.5
14 856.955 31.6448 -7.40587 0.5
14 883.16 91.5048 -14.9319 0.5
14 883.363 101.565 10.049 0.5
14 878.994 91.1372 -12.5107 0.5
14 874.609 81.5152 -13.6367 0.5
14 847.96 17.9671 10.0433 0.5
14 851.149 33.5646 -14.9619 0.5
14 873.863 69.2947 14.2514 0.5
14 854.958 33.5815 -12.9036 0.5
14 871.762 63.447 13.3251 0.5
14 851.512 21.3408 5.58787 0.5
14 868.564 53.1238 -9.4204 0.5
14 886.487 109.79 -5.51254 0.5
14 838.928 21.9779 12.35 0.5
14 877.684 94.5223 5.56603 0.5
14 841.961 8.399 10.886 0.5
14 855.283 31.2642 -10.6836 0.5
14 851.482 50.147 -1.3613 0.5
14 874.074 77.0901 -14.7458 0.5
14 867.281 69.1732 13.4708 0.5
14 854.028 37.1655 14.798 0.5
14 841.66 14.1327 -14.4389 0.5
14 840.72 26.959 10.8184 0.5
14 883.064 84.4236 -13.9605 0.5
14 869.087 50.7397 -1.06627 0.5
14 882.826 79.7584 -11.4071 0.5
14 847.792 29.5276 14.9832 0.5
14 858.879 38.934 11.9345 0.5
14 868.477 64.8168 14.999 0.5
14 871.339 82.7728 7.17933 0.5
14 848.343 40.8944 10.0646 0.5
14 887.614 85.9119 -9.15729 0.5
14 880.677 76.6756 11.9237 0.5
14 878.912 70.7927 -9.09742 0.5
14 843.896 8.75982 6.9157 0.5
14 835.548 -3.45005 -10.1311 0.5
14 887.379 101.016 14.5536 0.5
14 871.034 81.1665 8.877 0.5
14 862.223 40.0017 -5.85208 0.5
14 837.424 2.96565 12.7542 0.5
14 847.585 21.9914 13.5336 0.5
14 850.013 42.8652 -10.9973 0.5
14 879.689 98.133 -5.20372 0.5
14 848.843 25.7828 -14.1921 0.5
14 878.254 67.5497 -5.30601 0.5
14 876.308 92.6415 -4.08851 0.5
14 877.041 68.4067 -10.1195 0.5
14 863.281 51.73 -14.4798 0.5
14 864.983 73.521 -1.47455 0.5
14 858.759 50.8017 -14.6992 0.5
14 847.545 13.8045 3.50234 0.5
14 852.415 33.8988 -14.7117 0.5
14 885.308 83.9561 11.3197 0.5
14 833.783 -2.1688 -13.409 0.5
14 863.079 41.001 4.54481 0.5
14 867.53 49.5248 6.57839 0.5
14 881.243 100.444 6.13502 0.5
14 856.7 31.1625 7.33526 0.5
14 838.917 22.3687 -12.0578 0.5
14 849.273 20.1991 -9.99577 0.5
14 842.174 31.2075 -8.8373 0.5
14 854.289 54.9645 -1.78399 0.5
14 865.937 66.9105 -13.4379 0.5
14 878.972 69.146 -6.16039 0.5
14 840.984 22.1962 14.0807 0.5
14 845.272 32.2492 12.8146 0.5
14 874.945 74.5227 14.9414 0.5
14 848.846 32.587 -14.8735 0.5
14 877.401 88.4975 -12.4302 0.5
14 863.187 49.9503 -13.9424 0.5
14 844.257 24.578 -14.8814 0.5
14 885.945 108.176 -6.98333 0.5
14 837.209 -1.29035 -9.28757 0.5
14 884.496 79.1832 7.10918 0.5
14 858.627 61.9579 -4.2938 0.5
14 852.05 50.9444 2.71651 0.5
14 860.489 65.4723 3.16592 0.5
14 837.53 25.087 -5.27316 0.5
14 846.7 33.8624 -13.3 0.5
14 865.121 62.2293 -14.6104 0.5
14 842.507 27.7155 -12.6558 0.5
14 853.761 52.528 -6.79616 0.5
14 839.41 -0.614544 1.59337 0.5
14 853.987 46.2403 -13.4247 0.5
14 862.16 46.1561 12.9625 0.5
14 853.326 53.1726 -2.62151 0.5
14 835.236 17.4996 10.7818 0.5
14 887.687 95.3734 14.7824 0.5
14 871.52 56.2894 -6.27139 0.5
14 840.127 30.4661 1.49816 0.5
14 885.566 97.4621 -14.651 0.5
14 884.538 101.792 11.7473 0.5
14 885.834 89.0354 13.8856 0.5
14 837.98 -3.15451 0.825357 0.5
14 833.498 2.09233 14.8703 0.5
14 843.619 22.3736 -14.9796 0.5
14 848.735 17.7116 7.9191 0.5
15 964.793 97.0554 -14.7081 0.5
15 932.406 85.649 -4.3646 0.5
15 958.548 95.8954 -14.4275 0.5
15 910.521 85.2623 -2.79305 0.5
15 970.749 114.591 -3.47916 0.5
15 973.18 92.5988 -13.0469 0.5
15 966.911 111.908 9.12201 0.5
15 915.045 114.052 5.24878 0.5
15 892.005 112.535 -8.2383 0.5
15 934.938 114.942 -1.31549 0.5
15 903.913 85.7805 -4.77552 0.5
15 948.064 113.708 6.09024 0.5
15 900.363 86.1331 -5.71928 0.5
15 928.869 91.8508 12.5933 0.5
15 913.601 85.1827 2.33412 0.5
15 996.78 102.3 -14.8226 0.5
15 973.878 99.5902 -14.9944 0.5
15 998.691 105.161 14.0843 0.5
15 975.104 88.1402 -9.18393 0.5
15 911.189 85.0116 -0.58864 0.5
15 941.126 85.2896 2.93315 0.5
15 943.646 109.093 11.9299 0.5
15 916.174 92.6157 13.0565 0.5
15 889.914 85.2946 2.95811 0.5
15 927.744 99.4809 -14.991 0.5
15 989.792 91.2104 12.1549 0.5
15 917.888 113.785 -5.91313 0.5
15 921.34 108.778 12.1636 0.5
15 903.155 93.8228 -13.669 0.5
15 935.771 85.0138 -0.643215 0.5
15 965.844 114.384 -4.25392 0.5
15 963.168 90.4982 -11.6067 0.5
15 957.587 87.858 8.80749 0.5
15 905.194 111.452 -9.68825 0.5
15 953.351 112.765 7.8773 0.5
15 975.431 95.2334 -14.2225 0.5
15 930.666 111.339 9.81985 0.5
15 903.75 109.035 11.9735 0.5
15 948.558 114.152 -4.97131 0.5
15 971.517 114.512 3.79554 0.5
15 989.733 99.1699 14.977 0.5
15 930.425 85.7589 -4.7106 0.5
15 932.313 113.183 7.15596 0.5
15 980.962 97.2871 -14.7526 0.5
15 938.452 105.661 -13.8909 0.5
15 897.53 114.815 2.35051 0.5
15 904.453 102.285 14.8249 0.5
15 889.291 86.7532 -7.03716 0.5
15 949.377 114.935 1.39073 0.5
15 929.759 114.999 -0.134835 0.5
15 927.366 101.566 14.918 0.5
15 924.42 104.91 -14.1736 0.5
15 975.72 103.047 -14.6872 0.5
15 915.111 94.2968 13.8735 0.5
15 926.484 107.009 13.2618 0.5
15 979.555 112.462 8.34839 0.5
15 930.034 94.1608 -13.8168 0.5
15 930.933 87.9483 -8.93072 0.5
15 987.022 114.803 2.42475 0.5
15 984.658 106.265 -13.629 0.5
15 979.493 88.672 9.83241 0.5
15 985.446 108.773 12.167 0.5
15 983.707 90.3395 11.4749 0.5
15 978.798 89.5846 -10.7944 0.5
15 912.088 112.923 -7.61547 0.5
15 908.555 108.853 -12.1086 0.5
15 890.55 112.447 8.37082 0.5
15 962.223 108.893 -12.0793 0.5
15 928.935 110.717 -10.4954 0.5
15 998.168 114.987 0.61947 0.5
15 977.75 86.5673 -6.67551 0.5
15 948.125 109.189 -11.8562 0.5
15 921.986 114.238 4.71866 0.5
15 970.422 114.791 2.49336 0.5
15 910.526 87.395 8.131 0.5
15 939.693 90.1996 -11.3557 0.5
15 940.534 114.425 -4.1125 0.5
15 956.857 111.224 -9.95072 0.5
15 954.516 99.6999 -14.997 0.5
15 986.031 113.903 5.63141 0.5
15 987.545 86.075 -5.57624 0.5
15 921.925 113.721 -6.06144 0.5
15 936.03 105.16 14.0847 0.5
15 988.027 95.6111 14.3436 0.5
15 901.822 86.2151 -5.91404 0.5
15 990.124 100.239 14.9981 0.5
15 930.541 87.2058 -7.83003 0.5
15 931.159 92.2486 -12.8419 0.5
15 960.75 112.75 7.90111 0.5
15 891.938 94.714 14.0377 0.5
15 942.232 103.922 14.4781 0.5
15 965.697 102.402 -14.8065 0.5
15 971.174 110.46 10.7514 0.5
15 950.75 85.8264 -4.91006 0.5
15 980.76 89.5944 10.8039 0.5
15 926.304 88.8863 10.074 0.5
15 892.967 89.5835 -10.7933 0.5
15 917.322 105.242 14.0544 0.5
15 973.852 85.7911 4.80704 0.5
15 988.57 105.617 -13.9085 0.5
15 964.042 112.087 8.88297 0.5
15 902.546 112.412 -8.4225 0.5
15 911.356 112.189 8.74196 0.5
15 984.924 85.1245 1.92838 0.5
15 939.906 114.132 -5.02776 0.5
15 899.94 85.3786 3.34896 0.5
15 982.606 85.7807 4.77603 0.5
15 954.162 114.925 -1.50116 0.5
15 909.985 85.3284 3.12162 0.5
15 896.115 114.2 -4.8322 0.5
15 949.984 112.848 7.74132 0.5
15 920.035 98.8792 -14.9581 0.5
15 951.046 100.974 -14.9683 0.5
15 892.486 114.731 -2.82828 0.5
15 895.445 85.0381 -1.06832 0.5
15 957.069 113.523 -6.48968 0.5
15 927.625 85.2957 -2.96366 0.5
15 952.678 86.2113 5.90518 0.5
15 945.096 101.264 -14.9467 0.5
15 920.51 102.072 14.8562 0.5
15 970.541 114.586 3.49829 0.5
15 981.48 103.224 -14.6494 0.5
15 963.33 85.0066 -0.446412 0.5
15 979.492 107.238 -13.1383 0.5
15 911.129 113.836 5.79427 0.5
15 941.3 87.459 -8.22937 0.5
15 950.701 105.543 -13.9381 0.5
15 983.968 85.0662 -1.40745 0.5
15 905.287 98.0915 -14.8781 0.5
15 905.522 95.1603 -14.1978 0.5
15 901.327 93.398 -13.469 0.5
15 947.754 96.6063 14.611 0.5
15 946.856 110.911 -10.2937 0.5
15 950.932 96.2068 14.5125 0.5
15 924.988 87.562 8.38432 0.5
15 931.974 110.549 -10.6643 0.5
15 928.042 96.6505 -14.6213 0.5
15 948.866 113.969 5.4644 0.5
15 996.198 108.843 12.1163 0.5
15 976.637 93.7423 13.6323 0.5
15 974.613 109.812 11.3458 0.5
15 923.099 106.932 13.3022 0.5
15 994.813 85.734 4.63471 0.5
15 925.561 99.7421 14.9978 0.5
15 904.641 92.8587 13.191 0.5
15 992.207 96.7973 -14.6541 0.5
15 912.509 98.8146 14.9531 0.5
15 966.757 85.5874 4.15639 0.5
15 985.584 88.3854 9.49213 0.5
15 990.936 85.4192 3.52141 0.5
15 997.492 92.0787 12.7378 0.5
15 903.651 98.4528 -14.92 0.5
15 898.7 93.2897 -13.4154 0.5
15 909.19 100.044 -14.9999 0.5
15 967.793 114.745 -2.7554 0.5
15 898.663 89.5806 10.7906 0.5
15 989.366 114.427 4.106 0.5
15 891.106 110.241 -10.9598 0.5
15 995.792 111.637 -9.46475 0.5
15 920.922 114.967 -0.990476 0.5
15 899.797 101.695 14.9039 0.5
15 922.322 93.5026 -13.5197 0.5
15 970.597 87.3543 -8.06764 0.5
15 910.443 94.5622 -13.9796 0.5
15 900.82 87.682 -8.5596 0.5
15 949.513 85.3185 3.0749 0.5
15 945.345 114.856 2.07194 0.5
15 962.605 101.564 14.9182 0.5
15 905.995 99.8125 14.9988 0.5
15 988.255 114.845 2.14919 0.5
15 926.53 109.641 11.4909 0.5
15 995.19 102.841 -14.7285 0.5
15 940.727 85.0176 -0.727003 0.5
15 909.284 114.365 -4.31729 0.5
15 922.589 105.641 13.8988 0.5
15 899.836 92.2125 -12.8201 0.5
15 978.413 109.399 11.6899 0.5
15 984.319 113.7 6.1083 0.5
15 930.731 114.959 -1.10467 0.5
15 950.683 107.689 -12.8791 0.5
15 952.946 91.0607 12.0453 0.5
15 907.686 87.2106 -7.83779 0.5
15 975.899 85.0543 1.27464 0.5
15 937.412 104.431 -14.3305 0.5
15 921.587 85.0066 0.443307 0.5
