0 221.923 74.8917 96.7965 0.5
0 255.073 153.346 -84.5822 0.5
0 149.857 193.111 36.4738 0.5
0 189.088 190.463 -42.6203 0.5
0 95.7189 73.9251 -96.5407 0.5
0 284.122 41.3938 81.0266 0.5
0 108.12 139.479 91.8769 0.5
0 81.1349 197.243 23.3182 0.5
0 77.5763 153.375 -84.5641 0.5
0 72.8384 109.048 99.5898 0.5
0 1.03326 198.554 -16.9438 0.5
0 273.569 68.1423 -94.7897 0.5
0 218.459 92.7523 -99.737 0.5
0 191.414 92.5412 -99.7214 0.5
0 61.4689 44.7091 83.3242 0.5
0 39.0591 122.597 97.4133 0.5
0 15.0606 2.27889 -21.227 0.5
0 187.696 197.827 -20.7337 0.5
0 124.135 3.03145 -24.4356 0.5
0 184.933 20.0019 -60.0026 0.5
0 228.093 124.639 96.917 0.5
0 239.34 194.471 -32.7903 0.5
0 221.632 45.5814 -83.8965 0.5
0 23.8079 77.6895 97.4794 0.5
0 258.092 156.052 82.814 0.5
0 1.24119 174.834 -66.332 0.5
0 54.8398 192.542 -37.8942 0.5
0 207.917 34.9605 75.9596 0.5
0 262.621 95.6848 -99.9069 0.5
0 105.738 199.833 -5.76972 0.5
0 114.349 199.989 -1.51592 0.5
0 81.9169 54.6522 89.1267 0.5
0 4.29588 113.942 -99.0233 0.5
0 210.765 199.653 -8.32696 0.5
0 100.493 0.322777 -8.02815 0.5
0 228.67 103.634 99.9339 0.5
0 84.0851 5.90733 -33.861 0.5
0 304.729 58.922 91.1735 0.5
0 18.2377 34.3445 75.4278 0.5
0 17.2923 196.237 -27.1751 0.5
0 322.124 8.80704 -41.0347 0.5
0 3.10359 197.936 20.2143 0.5
0 158.791 4.35274 -29.1822 0.5
0 164.222 89.3876 -99.4353 0.5
0 33.0296 7.62244 38.2934 0.5
0 191.656 10.9834 45.5635 0.5
0 287.488 105.902 99.8257 0.5
0 243.185 189.331 -44.9436 0.5
0 234.12 91.1576 -99.6083 0.5
0 143.353 50.9813 -87.1617 0.5
0 81.1819 42.2159 81.6149 0.5
0 246.833 199.847 -5.53336 0.5
0 89.5627 68.8838 95.0357 0.5
0 272.662 1.96864 19.7447 0.5
0 1.15865 98.4336 -99.9877 0.5
0 68.0489 27.6465 69.0287 0.5
0 238.16 173.242 -68.0848 0.5
0 32.2703 32.0573 -73.3743 0.5
0 107.651 30.33 -71.7362 0.5
0 11.6598 166.527 -74.6604 0.5
0 7.00348 196.873 -24.8116 0.5
0 182.028 191.251 -40.9064 0.5
0 59.3182 2.74489 -23.2689 0.5
0 175.222 71.3483 -95.8075 0.5
0 59.7321 36.6987 -77.4141 0.5
0 126.253 21.3754 61.7914 0.5
0 20.6221 19.9015 59.8685 0.5
0 229.867 135.4 -93.5247 0.5
0 220.305 37.5202 78.0787 0.5
0 35.6481 175.183 -65.936 0.5
0 163.783 17.8635 57.0402 0.5
0 327.041 107.71 99.7024 0.5
0 10.8783 118.379 -98.2965 0.5
0 275.796 23.8718 -64.842 0.5
0 168.858 10.5616 44.7299 0.5
0 250.747 30.5436 -71.9431 0.5
0 105.21 15.2472 53.0751 0.5
0 273.052 23.0913 -63.9144 0.5
0 177.844 178.179 62.3542 0.5
0 5.50312 12.892 -49.1141 0.5
0 282.075 124.421 96.9724 0.5
0 7.56192 74.7599 96.7623 0.5
0 241.18 112.121 99.2627 0.5
0 260.435 138.171 92.4281 0.5
0 29.9993 49.9868 -86.5949 0.5
0 107.86 3.13009 24.8238 0.5
0 108.026 18.3149 57.6849 0.5
0 132.451 164.091 -76.7615 0.5
0 221.029 123.356 -97.2343 0.5
0 46.9708 9.61595 42.7869 0.5
0 259.067 197.127 23.7991 0.5
0 210.026 1.56325 -17.6127 0.5
0 263.892 168.888 72.4874 0.5
0 28.7446 21.8194 -62.3522 0.5
0 231.271 163.541 -77.2173 0.5
0 130.608 146.088 -88.7464 0.5
0 51.3314 8.20774 39.676 0.5
0 199.107 150.958 -86.0422 0.5
0 172.144 26.2754 -67.5624 0.5
0 35.1111 53.4221 88.4901 0.5
0 118.447 156.596 82.4434 0.5
0 257.727 20.5135 -60.6786 0.5
0 124.865 9.93161 -43.4475 0.5
0 301.124 112.27 -99.2443 0.5
0 231.603 97.468 -99.9679 0.5
0 149.026 142.225 -90.6479 0.5
0 92.87 136.389 93.1443 0.5
0 249.127 55.542 -89.5739 0.5
0 246.722 0.049707 3.15261 0.5
0 259.469 91.497 -99.6378 0.5
0 301.072 20.0097 60.0129 0.5
0 228.515 142.861 90.349 0.5
0 244.734 197.606 21.7508 0.5
0 289.659 195.799 -28.6806 0.5
0 212.144 199.733 7.30049 0.5
0 165.857 142.178 90.6696 0.5
0 108.763 8.5599 -40.481 0.5
0 176.741 94.8245 -99.866 0.5
0 317.195 122 97.55 0.5
0 238.189 26.9398 68.2804 0.5
0 215.627 160.597 79.5491 0.5
0 64.5137 19.656 -59.5385 0.5
0 308.046 121.579 -97.6441 0.5
0 95.706 25.6458 66.8689 0.5
0 102.886 27.4876 -68.8619 0.5
0 326.956 125.3 -96.7467 0.5
0 139.486 198.373 -17.9631 0.5
0 172.251 123.289 97.2504 0.5
0 214.728 15.5747 53.5945 0.5
0 269.803 127.617 -96.1109 0.5
0 50.515 182.602 56.3639 0.5
0 244.944 161.017 79.2274 0.5
0 210.334 0.979713 -13.9636 0.5
0 54.2713 44.5445 83.2147 0.5
0 83.3457 112.676 99.1933 0.5
0 255.848 110.192 99.4793 0.5
0 140.236 81.8784 -98.3443 0.5
0 150.462 199.999 -0.538322 0.5
0 36.5227 7.18417 37.2186 0.5
0 280.695 18.8017 -58.3682 0.5
0 288.338 5.43919 -32.5308 0.5
1 364.961 69.7987 96.932 0.5
1 355.856 144.018 -55.7324 0.5
1 382.442 -62.141 63.705 0.5
1 349.342 -5.8094 62.4754 0.5
1 362.221 -20.5398 70.9162 0.5
1 385.318 21.9513 99.2785 0.5
1 363.244 113.812 -75.4604 0.5
1 388.625 96.5044 38.5479 0.5
1 338.684 92.9662 -99.9751 0.5
1 344.402 57.1542 97.1572 0.5
1 361.066 49.0529 99.9575 0.5
1 337.344 32.3464 -79.4646 0.5
1 339.354 39.7266 86.6919 0.5
1 363.599 -38.7514 50.4699 0.5
1 348.764 137.814 -76.3829 0.5
1 343.388 -16.2417 15.2773 0.5
1 366.407 -12.6114 -83.3003 0.5
1 349.421 5.43885 -74.5087 0.5
1 365.4 143.679 -12.4709 0.5
1 370.069 115.047 -61.728 0.5
1 371.081 42.5265 -99.6869 0.5
1 353.569 -34.8789 -5.84831 0.5
1 335.529 126.169 95.4029 0.5
1 367.914 -7.25177 88.0756 0.5
1 362.033 149.923 -8.56737 0.5
1 374.128 121.038 -39.8989 0.5
1 375.933 -21.3111 -87.9839 0.5
1 366.92 139.879 19.6391 0.5
1 361.154 151.811 0.760539 0.5
1 369.312 130.333 37.6307 0.5
1 350.482 -18.9997 45.0093 0.5
1 385.261 -84.0948 33.6932 0.5
1 379.396 105.691 -51.9067 0.5
1 385.059 6.85723 -99.9369 0.5
1 335.605 -3.57909 8.43076 0.5
1 387.966 -20.6766 96.5476 0.5
1 358.993 48.3387 -99.7392 0.5
1 343.361 22.5231 79.919 0.5
1 334.356 197.537 11.7428 0.5
1 383.708 -63.4165 64.7996 0.5
1 362.06 37.8364 -99.2273 0.5
1 365.266 136.6 -39.4047 0.5
1 358.424 -20.3015 63.9925 0.5
1 377.486 79.9399 -82.5681 0.5
1 388.386 35.995 -94.9589 0.5
1 349.514 1.35056 70.7972 0.5
1 347.566 21.5503 -84.2955 0.5
1 337.399 55.894 92.878 0.5
1 383.674 -61.7497 -66.642 0.5
1 338.335 -8.47546 -6.12973 0.5
1 337.607 89.7094 99.9583 0.5
1 388.615 -37.2601 90.9782 0.5
1 382.888 7.76313 -99.7946 0.5
1 373.662 36.2606 99.8131 0.5
1 382.616 -75.4486 43.4073 0.5
1 361.631 7.25104 -89.9286 0.5
1 337.364 116.064 97.3082 0.5
1 353.962 147.945 -54.7601 0.5
1 370.94 108.911 67.2088 0.5
1 334.914 151.821 83.8058 0.5
1 351.827 -30.6771 -16.4036 0.5
1 388.333 99.1825 32.8679 0.5
1 337.602 -5.86766 -17.3979 0.5
1 352.789 -33.2516 -9.43456 0.5
1 338.331 -4.52368 28.4507 0.5
1 384.946 -66.7925 -63.3217 0.5
1 334.514 22.2431 -65.3267 0.5
1 363.664 -5.23407 -84.9866 0.5
1 357.204 41.1905 98.4633 0.5
1 382.022 -73.4001 -45.4598 0.5
1 352.257 167.195 2.34821 0.5
1 363.014 146.523 -20.2367 0.5
1 385.702 -19.7084 -95.7015 0.5
1 339.53 35.014 84.0031 0.5
1 334.086 169.307 70.8104 0.5
1 385.009 60.9904 86.315 0.5
1 341.675 183.145 -21.806 0.5
1 357.564 109.842 85.5314 0.5
1 383.822 -30.9078 -90.0629 0.5
1 356.056 -0.0286887 -79.4914 0.5
1 339.441 189.23 -6.17205 0.5
1 352.73 150.798 53.6452 0.5
1 353.771 130.482 -75.2305 0.5
1 372.321 -15.3978 -87.7984 0.5
1 359.889 -43.1028 -23.8783 0.5
1 345.061 126.989 -88.1055 0.5
1 356.261 147.426 49.0624 0.5
1 360.517 -8.69163 -78.7684 0.5
1 379.384 -19.8425 -91.6166 0.5
1 339.765 188.272 10.832 0.5
1 368.427 -27.6837 74.3273 0.5
1 354.868 54.1325 -99.6322 0.5
1 361.955 -47.2354 21.5018 0.5
1 384.421 -79.9094 -40.518 0.5
1 384.873 -69.1437 -60.1666 0.5
1 352.54 155.53 45.9898 0.5
1 361.675 27.3399 -97.1825 0.5
1 348.955 -25.5068 -17.5438 0.5
1 370.34 -61.0042 24.682 0.5
1 355.33 137.879 -65.0178 0.5
1 351.039 77.2409 99.6868 0.5
1 336.844 193.334 10.7937 0.5
1 338.278 113.355 97.5681 0.5
1 362.463 -42.0533 -40.1213 0.5
1 342.978 -7.17635 -42.6005 0.5
1 355.458 -17.2752 61.3692 0.5
1 366.793 124.851 -56.0648 0.5
1 384.194 -87.4994 -10.883 0.5
1 342.282 36.7285 -87.8508 0.5
1 357.295 -40.4185 -14.6865 0.5
1 339.296 187.8 -19.2552 0.5
1 380.926 94.9833 -63.2982 0.5
1 364.328 125.469 -61.1138 0.5
1 338.407 66.694 -96.9479 0.5
1 378.33 52.9069 95.1246 0.5
1 359.91 45.1583 99.6113 0.5
1 374.917 25.419 -99.9673 0.5
1 344.677 169.786 44.739 0.5
1 347.143 80.9878 99.8795 0.5
1 384.758 -65.9544 -63.9436 0.5
1 366.884 137.43 -29.5256 0.5
1 349.986 43.4837 96.0945 0.5
1 333.401 85.5595 -98.969 0.5
1 363.56 64.0037 98.6531 0.5
1 370.288 -16.6206 85.0399 0.5
1 370.299 123.475 -48.4096 0.5
1 380.73 -80.9753 14.9159 0.5
1 335.51 192.638 -26.5629 0.5
1 351.053 10.0993 80.5866 0.5
2 340.078 -178.395 -21.6568 0.5
2 343.712 -119.49 -89.2947 0.5
2 364.914 -137.658 -4.28467 0.5
2 345.965 -65.5643 99.8746 0.5
2 358.825 -49.778 99.989 0.5
2 378.611 -31.3589 -98.4865 0.5
2 366.098 -133.776 -19.5269 0.5
2 378.6 52.1117 74.9873 0.5
2 343.502 -147.057 -69.1696 0.5
2 347.031 -118.523 86.7188 0.5
2 377.046 46.7017 -77.3011 0.5
2 368.195 -80.992 -87.2151 0.5
2 349.405 -119.079 83.8658 0.5
2 342.175 -4.53335 68.7676 0.5
2 342.097 -125.378 -87.6678 0.5
2 379.367 67.0546 60.3024 0.5
2 365.362 -39.0854 -99.9777 0.5
2 381.807 -105.637 23.7179 0.5
2 335.338 6.56461 29.5227 0.5
2 351.127 -75.3391 99.0559 0.5
2 352.229 16.8536 -64.3141 0.5
2 363.737 -9.8164 95.4023 0.5
2 347.24 -110.83 90.5352 0.5
2 334.585 0.737562 41.4161 0.5
2 360.975 -52.3651 99.696 0.5
2 367.814 59.705 38.1616 0.5
2 340.269 16.9411 22.7511 0.5
2 350.395 -162.8 -4.42631 0.5
2 345.96 -155.496 52.8128 0.5
2 359.667 32.6047 -60.7358 0.5
2 374.225 32.6224 84.0079 0.5
2 369.32 -130.095 2.22912 0.5
2 378.686 69.2155 -55.6089 0.5
2 377.253 -31.5551 98.8417 0.5
2 346.793 -164.454 -30.2439 0.5
2 347.315 -167.561 11.576 0.5
2 373.911 52.6743 -66.3235 0.5
2 376.178 14.2715 94.5672 0.5
2 375.875 53.0533 69.5846 0.5
2 367.309 -130.313 -25.4367 0.5
2 359.074 -147.013 -13.0278 0.5
2 345.459 -82.7106 -99.3638 0.5
2 382.846 81.074 -47.9302 0.5
2 377.313 73.0572 -44.94 0.5
2 372.659 -118.424 -33.8764 0.5
2 365.377 -54.3259 -98.4786 0.5
2 388.494 99.0021 28.3011 0.5
2 359.788 -39.9877 -99.7792 0.5
2 358.891 -78.7047 95.2284 0.5
2 363.784 16.5938 -82.6447 0.5
2 353.927 1.781 -81.0591 0.5
2 373.041 39.9101 -77.1824 0.5
2 349.772 -154.691 42.0819 0.5
2 379.101 -105.727 -37.8793 0.5
2 373.527 -122.791 -2.90972 0.5
2 338.051 -151.284 74.2309 0.5
2 341.471 -45.0934 -94.3059 0.5
2 362.884 34.4964 -65.269 0.5
2 359.609 41.8375 46.0299 0.5
2 352.392 13.2299 68.6953 0.5
2 372.831 -123.852 6.08145 0.5
2 371.027 72.7959 2.87028 0.5
2 339.853 13.6026 -31.9458 0.5
2 374.877 -90.7973 -71.1152 0.5
2 344.887 -106.34 94.0784 0.5
2 346.148 -153.137 -55.9496 0.5
2 371.65 -110.788 53.1526 0.5
2 364.976 10.3291 -87.7423 0.5
2 348.627 -23.3108 90.4487 0.5
2 370.11 -73.2045 -89.5765 0.5
2 372.608 -112.265 -47.7918 0.5
2 388.477 -7.39235 99.4521 0.5
2 355.839 -153.35 4.87156 0.5
2 367.503 -22.9601 99.4674 0.5
2 364.941 -75.1607 -92.7198 0.5
2 373.59 -13.848 99.6054 0.5
2 376.085 -77.2007 -80.8869 0.5
2 340.054 -177.557 25.2959 0.5
2 359.659 47.963 31.7805 0.5
2 377.776 -53.4589 92.5044 0.5
2 346.868 -156.768 47.9373 0.5
2 367.296 -129.531 -28.3173 0.5
2 361.973 -16.7865 96.5453 0.5
2 385.58 95.8313 -20.9188 0.5
2 351.085 31.2419 -36.8937 0.5
2 363.02 -136.837 28.6541 0.5
2 360.213 -30.5421 98.8147 0.5
2 377.732 82.9801 17.0821 0.5
2 355.382 35.1087 -44.8682 0.5
2 341.637 18.2131 27.0169 0.5
2 384.313 -25.0853 -97.7842 0.5
2 338.544 -30.5351 84.8685 0.5
2 337.735 -184.215 -11.0307 0.5
2 382.148 13.3127 97.724 0.5
2 387.837 97.2691 -30.2452 0.5
2 365.09 47.444 -52.8546 0.5
2 356.146 -137.114 -53.9836 0.5
2 388.069 73.1818 -70.5945 0.5
2 357.475 -88.2981 92.6368 0.5
2 376.745 73.8283 -41.2699 0.5
2 353.265 -119.676 -78.6583 0.5
2 373.135 54.0761 63.0878 0.5
2 369.583 -43.9712 -98.9711 0.5
2 337.27 -156.128 -70.925 0.5
2 337.573 -172.835 -47.9981 0.5
2 345.629 -68.7314 99.9707 0.5
2 376.67 -74.7808 81.8911 0.5
2 355.223 31.1727 -51.5158 0.5
2 373.828 -89.5183 -74.0482 0.5
2 352.106 13.3458 -68.0441 0.5
2 385.093 62.8759 75.41 0.5
2 344.815 -84.7165 99.2589 0.5
2 373.046 -74.2702 -86.2506 0.5
2 358.778 -105.973 81.7491 0.5
2 383.079 79.6884 -51.0681 0.5
2 340.298 -174.276 -34.4213 0.5
2 364.287 -134.012 30.6876 0.5
2 362.164 31.5028 67.2432 0.5
2 379.051 58.8383 -69.2904 0.5
2 351.309 -59.815 -99.9887 0.5
2 366.554 -126.416 40.3326 0.5
2 353.343 -149.224 -40.5001 0.5
2 383.744 -40.9471 -93.3683 0.5
2 385.841 -100.484 14.2427 0.5
2 357.406 -142.506 -39.7718 0.5
2 356.643 -139.219 49.0523 0.5
2 385.342 -66.4013 -76.8105 0.5
2 367.449 -68.9806 -93.4405 0.5
2 335.796 -182.101 34.349 0.5
2 361.625 -107.402 76.875 0.5
2 337.262 -185.612 -2.60163 0.5
2 347.126 -130.127 -78.8012 0.5
2 353.82 42.9263 -4.64657 0.5
3 399.172 -9.20102 55.4039 0.5
3 412.206 -164.161 69.6959 0.5
3 374.59 -190.856 17.7847 0.5
3 411.553 -56.1081 93.1625 0.5
3 366.996 -33.909 81.0737 0.5
3 368.51 -59.0515 94.2578 0.5
3 367.609 -56.3771 93.267 0.5
3 434.282 -82.506 -99.5043 0.5
3 365.268 -61.8492 95.2029 0.5
3 440.572 -191.924 10.245 0.5
3 371.252 -125.974 -94.2135 0.5
3 359.552 -75.0302 -98.471 0.5
3 341.449 -149.65 -82.0252 0.5
3 364.995 -191.867 10.7878 0.5
3 384.976 -18.4566 67.2678 0.5
3 404.852 -87.0986 -99.8567 0.5
3 336.748 -54.4379 -92.4936 0.5
3 420.918 7.41466 -5.19922 0.5
3 404.394 -137.222 89.4173 0.5
3 375.984 5.92683 17.9439 0.5
3 393.232 -48.8865 -90.0123 0.5
3 342.175 2.78678 -30.4949 0.5
3 425.021 6.46687 -14.6777 0.5
3 438.165 -66.4148 -96.5514 0.5
3 437.315 -33.5293 -80.7982 0.5
3 394.618 -162.304 71.5575 0.5
3 386.547 -132.632 91.5718 0.5
3 413.636 6.52334 14.292 0.5
3 426.787 -126.208 94.1295 0.5
3 360.436 -14.4242 -62.5457 0.5
3 335.083 -159.366 74.3119 0.5
3 436.679 7.21757 8.14607 0.5
3 435.434 1.0221 35.538 0.5
3 349.335 -127.867 93.5183 0.5
3 428.904 -154.685 78.2744 0.5
3 404.041 -179.735 48.7993 0.5
3 412.737 -47.6898 89.4233 0.5
3 438.882 4.07285 -26.1404 0.5
3 411.05 -129.362 92.9381 0.5
3 384.047 -75.5001 -98.553 0.5
3 362.113 -65.0124 96.1622 0.5
3 380.54 -178.373 51.1589 0.5
3 410.249 -13.8589 61.8338 0.5
3 366.336 3.37035 -28.6085 0.5
3 371.453 -48.2111 89.6823 0.5
3 347.657 -189.34 24.7475 0.5
3 370.642 -153.728 79.0256 0.5
3 394.753 -4.27146 -47.1649 0.5
3 391.056 3.28197 -28.9028 0.5
3 358.636 -56.9592 -93.4901 0.5
3 400.736 -3.23031 -45.1645 0.5
3 379.255 -57.9153 -93.8475 0.5
3 379.05 0.715453 -36.3343 0.5
3 353.119 -24.0839 72.9799 0.5
3 344.856 -53.5146 -92.1088 0.5
3 406.711 2.04567 -32.7193 0.5
3 397.184 -126.593 -93.9907 0.5
3 389.862 -1.40261 41.3564 0.5
3 406.556 -102.376 99.5062 0.5
3 421.743 -13.7143 61.6496 0.5
3 411.365 -131.912 -91.8846 0.5
3 411.119 -45.4765 -88.2807 0.5
3 386.759 -91.822 -99.998 0.5
3 412.239 -150.184 81.6506 0.5
3 374.268 6.89699 11.4087 0.5
3 396.902 -177.318 -52.8905 0.5
3 364.319 -140.976 87.4372 0.5
3 359.778 -191.943 10.0533 0.5
3 386.867 -166.755 -66.9236 0.5
3 344.753 7.18623 -8.5208 0.5
3 431.249 -33.3256 80.6492 0.5
3 334.828 -121.1 -95.8081 0.5
3 443.113 -77.2754 -98.8419 0.5
3 425.37 -21.0988 70.0642 0.5
3 428.439 2.00636 32.8326 0.5
3 439.566 7.06562 9.82969 0.5
3 427.358 -154.376 -78.5183 0.5
3 362.769 -129.264 -92.977 0.5
3 396.094 -84.2176 -99.6606 0.5
3 362.337 -151.321 80.8346 0.5
3 351.204 7.43151 4.86468 0.5
3 343.377 3.4444 28.3592 0.5
3 363.314 -133.424 91.2204 0.5
3 389.198 -151.308 -80.8442 0.5
3 421.642 -192.302 5.43677 0.5
3 420.773 6.34677 -15.4654 0.5
3 407.629 -0.139107 -38.4536 0.5
3 377.895 -3.91948 -46.5009 0.5
3 381.976 -97.3041 99.8821 0.5
3 403.78 -170.314 -62.7478 0.5
3 415.792 -142.633 -86.4968 0.5
3 365.384 -190.036 21.8405 0.5
3 347.805 5.75919 -18.8398 0.5
3 440.589 -59.2238 94.3187 0.5
3 374.22 -153.077 79.5259 0.5
3 403.089 6.49796 -14.4666 0.5
3 396.021 0.654324 -36.4907 0.5
3 407.12 -76.5703 -98.7311 0.5
3 369.262 -55.8202 -93.0497 0.5
3 428.001 -39.7356 -84.9775 0.5
3 434.591 6.69055 -13.0818 0.5
3 333.971 -23.7601 -72.6752 0.5
3 429.372 4.99553 22.4578 0.5
3 388.468 -41.9134 86.2905 0.5
3 411.286 -121.205 95.7766 0.5
3 375.154 -73.9992 -98.2831 0.5
3 333.718 -112.954 -97.8753 0.5
3 354.547 -12.3691 59.8919 0.5
3 364.831 6.6014 13.7405 0.5
3 407.784 -93.5582 -99.9939 0.5
3 343.655 -167.421 66.1765 0.5
3 363.906 -132.441 91.6556 0.5
3 372.226 3.40346 28.4973 0.5
3 392.933 -71.6557 -97.8141 0.5
3 401.526 -121.565 -95.6677 0.5
3 345.709 -165.329 68.4733 0.5
3 365.364 -151.042 81.0367 0.5
3 416.492 -50.1055 90.5921 0.5
3 362.595 -21.0187 69.9826 0.5
3 416.925 -190.96 -17.1965 0.5
3 430.51 -104.365 -99.2876 0.5
3 398.626 -173.263 -58.9002 0.5
3 409.169 -162.549 71.317 0.5
3 425.283 -70.8436 -97.6379 0.5
3 374.316 4.14292 -25.8803 0.5
3 425.507 -185.069 -37.7065 0.5
3 338.828 -149.936 81.8254 0.5
3 421.223 -176.799 53.7147 0.5
3 437.58 -186.514 33.9402 0.5
3 400.022 -174.671 -56.9186 0.5
3 358.946 -123.481 95.0636 0.5
3 431.462 2.51255 31.3384 0.5
3 343.056 -191.621 12.8512 0.5
3 376.799 -34.9714 81.8303 0.5
3 393.859 -165.984 67.7696 0.5
3 419.077 -29.5831 77.7672 0.5
3 411.386 -147.117 -83.7347 0.5
3 370.355 -154.53 78.3968 0.5
3 444.253 -160.494 73.2801 0.5
3 441.579 -15.2753 63.5929 0.5
3 417.108 -148.727 82.6616 0.5
3 338.243 -68.8538 -97.1762 0.5
4 459.671 -20.1217 16.062 0.5
4 460.245 -166.861 88.2435 0.5
4 469.107 -170.228 -93.6521 0.5
4 489.662 -239.31 -72.8159 0.5
4 465.275 -110.091 98.2854 0.5
4 491.433 -174.302 -99.9989 0.5
4 485.46 -245.957 56.5635 0.5
4 494.701 -203.233 -97.1423 0.5
4 445.91 -157.041 78.4191 0.5
4 488.958 -241.84 69.0949 0.5
4 469.654 -53.8259 -56.8214 0.5
4 479.029 -71.5305 -58.8884 0.5
4 461.62 -42.7344 60.7069 0.5
4 463.123 -50.2674 -66.6677 0.5
4 455.07 -32.9846 -62.74 0.5
4 490.623 -266.257 34.5997 0.5
4 469.594 -143.913 -99.6873 0.5
4 469.142 -156.056 97.8068 0.5
4 482.242 -63.4708 -32.8596 0.5
4 458.497 -33.6645 55.5893 0.5
4 496.78 -142.63 91.4459 0.5
4 461.501 -199.285 -63.4501 0.5
4 470.417 -54.3875 -55.7044 0.5
4 473.061 -78.9164 -77.579 0.5
4 456.053 -51.6071 -79.2786 0.5
4 450.317 -131.037 95.8777 0.5
4 463.118 -218.454 35.0409 0.5
4 483.62 -65.5879 -32.0736 0.5
4 479.761 -136.512 -98.5258 0.5
4 477.125 -72.7891 64.6799 0.5
4 457.318 -51.4922 77.4509 0.5
4 498.565 -142.119 89.7657 0.5
4 450.119 -200.406 -19.2652 0.5
4 457.071 -183.88 -71.8428 0.5
4 467.84 -65.3447 73.6645 0.5
4 481.621 -256.492 8.35819 0.5
4 482.27 -119.921 92.48 0.5
4 485.066 -262.697 4.74163 0.5
4 479.47 -233.074 -60.0566 0.5
4 450.954 -4.25767 10.3132 0.5
4 498.23 -118.349 74.0001 0.5
4 499.801 -239.752 85.7664 0.5
4 450.773 -203.046 -8.54444 0.5
4 489.033 -81.4875 -47.1386 0.5
4 478.902 -65.0495 -49.1583 0.5
4 479.809 -250.407 25.4651 0.5
4 493.677 -158.897 98.2118 0.5
4 450.774 -4.40955 -14.0847 0.5
4 446.978 -196.719 4.87379 0.5
4 475.427 -173.09 96.2923 0.5
4 490.802 -72.834 4.25656 0.5
4 453.121 -133.483 -96.5595 0.5
4 465.855 -156.244 -96.3668 0.5
4 476.339 -194.669 -88.2792 0.5
4 455.349 -81.8782 95.5621 0.5
4 462.67 -167.635 89.986 0.5
4 494.77 -125.433 -84.0485 0.5
4 492.135 -269.797 31.9888 0.5
4 495.92 -219.641 92.4852 0.5
4 444.846 -170.997 62.7627 0.5
4 471.634 -212.662 -68.2192 0.5
4 488.072 -69.5486 -17.4414 0.5
4 477.851 -191.62 91.0696 0.5
4 475.257 -106.177 91.8069 0.5
4 461.224 -127.616 -99.8135 0.5
4 496.372 -86.4183 -28.0922 0.5
4 490.233 -268.068 -26.9129 0.5
4 453.114 -97.0246 -99.4534 0.5
4 453.6 -207.957 -8.36533 0.5
4 479.166 -197.341 89.4275 0.5
4 465.247 -160.913 94.5948 0.5
4 477.162 -144.457 -99.8913 0.5
4 474.693 -130.922 99.0263 0.5
4 456.664 -17.2752 26.8094 0.5
4 484.308 -238.003 -64.395 0.5
4 475.888 -245.073 19.0919 0.5
4 446.412 -69.1716 -96.3736 0.5
4 463.522 -34.9191 42.383 0.5
4 458.399 -121.46 99.8828 0.5
4 452.634 -32.8383 -67.4837 0.5
4 481.362 -202.199 88.8919 0.5
4 446.45 -32.4011 77.2326 0.5
4 479.186 -157.315 -99.8899 0.5
4 466.38 -210.258 -60.2474 0.5
4 472.64 -190.865 -86.8446 0.5
4 457.869 -119.604 99.9239 0.5
4 497.479 -163.55 -97.8216 0.5
4 454.799 -139.87 95.5542 0.5
4 489.814 -265.293 33.3923 0.5
4 451.612 -48.1507 82.3621 0.5
4 473.65 -51.0472 39.2176 0.5
4 449.865 -179.034 -63.5682 0.5
4 493.661 -212.295 93.8234 0.5
4 493.246 -202.977 96.561 0.5
4 494.126 -242.706 -76.6669 0.5
4 489.521 -75.1107 -29.9349 0.5
4 469.03 -234.721 7.89354 0.5
4 487.07 -67.7362 17.0059 0.5
4 494.687 -248.801 72.0661 0.5
4 487.844 -73.2914 -33.1965 0.5
4 480.523 -179.65 -96.8988 0.5
4 475.876 -76.9058 71.4294 0.5
4 483.087 -94.404 76.0127 0.5
4 488.679 -83.9894 52.5539 0.5
4 448.669 -78.6819 97.7519 0.5
4 457.015 -201.797 -48.2795 0.5
4 494.931 -142.841 -92.8811 0.5
4 487.475 -102.817 -76.701 0.5
4 495.238 -188.12 99.7037 0.5
4 499.619 -222.583 93.8354 0.5
4 450.698 -10.4558 37.1936 0.5
4 457.23 -189.844 -65.8602 0.5
4 477.302 -72.1575 -63.5582 0.5
4 445.99 -11.8456 -55.3563 0.5
4 498.148 -202.207 98.5888 0.5
4 486.335 -78.8894 -50.8316 0.5
4 460.172 -216.337 -25.6797 0.5
4 450.06 -109.145 -99.757 0.5
4 475.009 -243.257 20.5393 0.5
4 473.164 -58.6352 54.9357 0.5
4 489.939 -257.797 50.0954 0.5
4 485.058 -247.135 -53.7286 0.5
4 469.719 -128.769 -99.7215 0.5
4 444.5 -191.887 -11.4622 0.5
4 448.668 -6.87816 37.0409 0.5
4 453.258 -174.389 74.529 0.5
4 455.356 -53.8451 81.8117 0.5
4 468.258 -82.3736 85.8253 0.5
4 451.232 -62.1386 -90.7209 0.5
4 492.744 -270.099 -34.1436 0.5
4 461.666 -141.305 98.1734 0.5
4 448.787 -192.511 -37.8997 0.5
4 471.174 -187.453 -87.3368 0.5
4 445.937 -163.449 72.935 0.5
4 454.728 -27.7947 56.5602 0.5
4 463.334 -113.657 -99.3353 0.5
4 492.924 -276.418 -0.0109368 0.5
4 487.18 -221.831 83.278 0.5
4 469.85 -218.435 57.2641 0.5
4 448.407 -176.835 -63.1704 0.5
4 489.864 -244.916 67.4834 0.5
4 483.611 -227.796 -73.7746 0.5
4 483.576 -97.7325 78.0663 0.5
4 489.321 -83.0847 -49.1401 0.5
4 484.588 -102.829 -80.6284 0.5
4 452.169 -42.0227 76.9974 0.5
4 487.012 -253.718 -48.3428 0.5
5 505.297 -176.284 -99.9483 0.5
5 508.665 -107.583 75.0519 0.5
5 507.736 -75.6504 -8.64246 0.5
5 530.149 -107.117 95.5995 0.5
5 502.82 -90.5799 -36.2163 0.5
5 549.936 -160.582 81.1768 0.5
5 526.567 -241.552 14.8477 0.5
5 546.458 -202.771 -32.5232 0.5
5 519.56 -158.666 99.9251 0.5
5 547.989 -6.32038 -12.3439 0.5
5 518.816 -57.1084 14.2705 0.5
5 542.906 -205.548 -41.0448 0.5
5 536.864 -107.35 -98.4612 0.5
5 509.79 -170.719 99.995 0.5
5 538.292 -22.5926 -6.93909 0.5
5 529.417 -73.0369 -76.2607 0.5
5 549.876 -30.0579 -69.1582 0.5
5 545.931 -184.064 -66.2084 0.5
5 529.271 -38.0829 -4.62611 0.5
5 515.934 -239.374 -62.2066 0.5
5 544.63 -76.8013 -93.8336 0.5
5 527.858 -229.917 -44.6207 0.5
5 524.974 -244.913 -10.0388 0.5
5 502.42 -280.876 -26.6184 0.5
5 504.492 -271.42 42.4869 0.5
5 531.253 -34.5495 -1.15025 0.5
5 503.391 -280.983 18.9848 0.5
5 519.922 -56.6206 -22.0081 0.5
5 508.434 -224.401 86.4089 0.5
5 501.94 -162.075 97.262 0.5
5 526.404 -160.886 98.3768 0.5
5 549.679 -181.448 61.5416 0.5
5 555.088 -87.3382 99.8245 0.5
5 549.826 -201.836 10.36 0.5
5 512.092 -68.5279 12.5972 0.5
5 536.636 -25.5751 -8.42185 0.5
5 536.515 -218.433 36.7438 0.5
5 507.944 -219.347 -89.5868 0.5
5 529.822 -125.138 -99.2913 0.5
5 509.36 -233.659 79.0881 0.5
5 513.205 -220.398 -83.782 0.5
5 537.284 -141.517 98.471 0.5
5 520.275 -188.571 93.6702 0.5
5 522.73 -150.73 99.9899 0.5
5 548.126 -101.939 -99.9429 0.5
5 500.006 -214.699 -96.5519 0.5
5 541.64 -89.1154 96.1623 0.5
5 544.361 -19.1169 -37.4513 0.5
5 531.685 -159.637 -96.603 0.5
5 508.285 -271.606 -23.1611 0.5
5 535.294 -227.237 -7.83801 0.5
5 532.886 -171.889 91.575 0.5
5 525.077 -192.541 88.1062 0.5
5 539.594 -206.738 -49.9322 0.5
5 516.482 -152.304 -99.6935 0.5
5 543.737 -201.346 46.7019 0.5
5 541.672 -212.316 -28.6143 0.5
5 543.298 -153.659 91.661 0.5
5 552.73 -4.2139 36.4255 0.5
5 538.503 -167.514 -89.0347 0.5
5 502.057 -236.966 -85.5048 0.5
5 502.098 -268.099 -55.6898 0.5
5 555.409 -3.82175 45.8248 0.5
5 501.437 -268.357 -56.9912 0.5
5 550.15 -149.749 87.7619 0.5
5 502.524 -88.075 27.2071 0.5
5 510.157 -74.0766 24.2834 0.5
5 537.657 -108.754 98.914 0.5
5 534.042 -124.931 99.8856 0.5
5 525.245 -95.3016 -86.8048 0.5
5 547.995 -12.4309 -36.4647 0.5
5 531.844 -208.339 66.3487 0.5
5 527.332 -202.321 -79.2508 0.5
5 531.887 -142.977 -99.5447 0.5
5 506.139 -238.317 79.793 0.5
5 506.63 -100.055 -63.639 0.5
5 504.651 -258.424 -62.8191 0.5
5 516.688 -191.533 94.8216 0.5
5 525.603 -46.9428 22.7118 0.5
5 531.063 -228.322 35.5969 0.5
5 540.766 -184.712 -74.5538 0.5
5 524.365 -55.4084 41.3185 0.5
5 508.302 -108.499 -75.3045 0.5
5 534.049 -61.4921 -73.1281 0.5
5 552.26 -1.50604 25.6613 0.5
5 546.288 -195.912 -48.5734 0.5
5 513.101 -265.47 10.1261 0.5
5 503.748 -274.173 39.218 0.5
5 505.039 -278.992 13.7858 0.5
5 551.974 -76.0999 97.4233 0.5
5 552.115 -4.64549 34.7624 0.5
5 514.339 -118.864 -89.3155 0.5
5 519.955 -91.2302 77.7557 0.5
5 536.941 -174.502 -86.7119 0.5
5 531.52 -54.6857 -60.7988 0.5
5 527.989 -188.819 87.3838 0.5
5 529.918 -225.467 46.3473 0.5
5 514.614 -225.768 78.1381 0.5
5 552.558 -154.37 -82.3519 0.5
5 523.823 -153.891 99.7899 0.5
5 516.975 -60.2973 14.2696 0.5
5 544.565 -125.509 -99.0119 0.5
5 537.576 -52.3686 70.1953 0.5
5 544.097 -131.308 98.1763 0.5
5 533.975 -139.655 99.5161 0.5
5 530.054 -145.527 99.6026 0.5
5 547.798 -18.0425 47.7852 0.5
5 514.406 -243.502 60.2929 0.5
5 502.935 -283.048 10.408 0.5
5 540.369 -52.2933 74.7193 0.5
5 517.444 -213.245 83.6589 0.5
5 545.868 -68.2393 -91.2132 0.5
5 541.442 -30.6025 -50.5327 0.5
5 537.769 -141.663 -98.2914 0.5
5 519.32 -62.4631 37.3847 0.5
5 512.716 -221.905 -83.3484 0.5
5 540.224 -21.2295 -20.9747 0.5
6 563.298 -191.93 10.1905 0.5
6 585.604 -96.6583 99.9114 0.5
6 583.399 -124.131 94.8489 0.5
6 651.37 -46.3827 88.7569 0.5
6 659.465 -32.6855 80.176 0.5
6 594.363 -148.323 82.935 0.5
6 573.106 1.26163 34.9015 0.5
6 629.262 -41.205 -85.8716 0.5
6 566.467 -189.786 22.9288 0.5
6 608.004 7.05683 9.9183 0.5
6 578.038 -191.867 10.7839 0.5
6 653.829 -25.4659 -74.2504 0.5
6 637.778 -114.118 97.6242 0.5
6 567.954 -71.2297 97.7225 0.5
6 603.755 -149.644 82.0295 0.5
6 623.24 -7.78674 53.2176 0.5
6 577.782 -1.24364 -41.0047 0.5
6 636.84 -148.542 82.7869 0.5
6 610.241 -108.877 98.6416 0.5
6 651.571 -0.481887 -39.2664 0.5
6 623.599 -179.746 48.7789 0.5
6 665.511 0.279598 -37.4327 0.5
6 559.748 -183.396 -41.5792 0.5
6 630.558 -184.747 38.4871 0.5
6 643.771 -147.455 -83.5131 0.5
6 582.401 -1.50747 41.5865 0.5
6 582.46 -49.769 -90.4341 0.5
6 642.999 -133.587 91.1468 0.5
6 639.173 -188.418 -28.1114 0.5
6 557.713 -55.8986 -93.0805 0.5
6 649.046 -183.475 -41.406 0.5
6 628.385 7.52118 2.39671 0.5
6 570.624 -181.259 -45.9673 0.5
6 650.361 -107.96 98.79 0.5
6 652.774 0.881589 -35.9054 0.5
6 624.315 -25.3103 -74.1097 0.5
6 635.573 -89.8907 -99.9672 0.5
6 638.114 -57.4401 93.6713 0.5
6 597.374 -182.716 -43.0358 0.5
6 558.098 -15.5336 63.905 0.5
6 653.783 3.23285 -29.065 0.5
6 624.578 -192.396 -3.2921 0.5
6 564.296 7.40035 5.46716 0.5
6 609.232 -63.6654 -95.7676 0.5
6 636.579 -192.443 1.20214 0.5
6 660.149 -16.1996 64.6983 0.5
6 565.32 -38.6066 84.2667 0.5
6 581.033 -57.9036 -93.8432 0.5
6 598.667 -176.256 -54.558 0.5
6 586.673 4.97404 -22.5508 0.5
6 596.682 -2.12397 42.9091 0.5
6 660.028 -111.152 -98.2356 0.5
6 611.885 -190.304 -20.6076 0.5
6 603.814 -23.4918 -72.4207 0.5
6 593.627 -192.398 -3.2345 0.5
6 646.246 -149.444 82.1685 0.5
6 637.711 -7.15735 52.203 0.5
6 558.074 -46.0625 -88.59 0.5
6 646.02 -190.672 18.775 0.5
6 599.264 -108.255 98.7431 0.5
6 607.65 -179.814 -48.6566 0.5
6 640.702 -116.118 -97.1588 0.5
6 597.487 -174.242 57.5335 0.5
6 571.621 -113.406 97.7796 0.5
6 644.433 -56.906 93.4699 0.5
6 594.334 -72.1459 97.917 0.5
6 577.364 -188.221 28.7748 0.5
6 632.184 -5.74906 49.829 0.5
6 591.643 -95.5308 -99.9525 0.5
6 609.993 -4.96913 48.4467 0.5
6 643.916 -168.62 -64.7929 0.5
6 555.846 -55.2471 -92.8221 0.5
6 599.987 -14.9496 63.1955 0.5
6 655.83 -61.3333 -95.0355 0.5
6 582.788 0.983444 -35.6395 0.5
6 662.983 -161.471 72.3608 0.5
6 562.693 -169.968 63.1747 0.5
6 636.111 7.09799 9.49634 0.5
6 648.654 -125.461 -94.3944 0.5
6 589.664 -85.1643 99.7342 0.5
6 623.784 -170.578 62.4179 0.5
6 659.984 -20.1453 -69.0797 0.5
6 615.608 -112.065 98.0574 0.5
6 590.25 -6.47841 51.0771 0.5
6 607.163 -188.817 -26.7115 0.5
6 582.258 -119.272 96.3357 0.5
6 572.822 -191.925 -10.235 0.5
6 566.317 -10.4923 57.2967 0.5
6 598.807 -154.466 78.4476 0.5
6 619.315 -191.686 -12.3383 0.5
6 619.826 -13.6776 -61.6027 0.5
6 615.684 -36.6765 83.0019 0.5
6 566.998 -180.951 46.5578 0.5
6 595.428 -189.364 -24.6525 0.5
6 644.227 1.43491 -34.4326 0.5
6 589.324 -16.8683 -65.4782 0.5
6 575.492 -8.80614 54.8059 0.5
6 558.897 -177.048 -53.3209 0.5
6 558.18 -185.211 37.3542 0.5
6 617.295 -191.267 15.3367 0.5
6 603.926 -167.573 -66.0041 0.5
6 613.429 -115.392 -97.3327 0.5
6 588.235 -189.256 25.0713 0.5
6 654.377 4.67708 -23.7973 0.5
6 590.672 -52.4406 -91.6474 0.5
6 557.283 -50.4706 90.7619 0.5
6 576.123 -187.176 32.0476 0.5
6 657.949 -72.5463 97.9992 0.5
6 563.068 -163.917 69.946 0.5
6 574.186 -10.156 -56.8127 0.5
6 633.644 -187.581 -30.8246 0.5
6 616.243 -171.602 -61.1149 0.5
6 604.219 -24.9493 73.781 0.5
6 666.239 -127.093 93.8075 0.5
6 626.04 -73.044 -98.0989 0.5
6 643.952 -177.61 52.4198 0.5
6 623.444 -143.184 86.1748 0.5
6 612.206 -100.053 99.7106 0.5
6 604.631 -174.019 57.8496 0.5
6 665.723 -190.67 18.7837 0.5
6 565.355 -71.4957 -97.7799 0.5
6 640.724 -177.976 51.8199 0.5
6 618.312 -127.096 -93.8066 0.5
6 665.218 -35.0655 81.8963 0.5
6 596.771 -43.0232 -86.9309 0.5
6 641.218 -177.463 -52.6582 0.5
6 557.638 -33.5827 -80.8371 0.5
6 573.037 -35.3611 82.1026 0.5
6 591.282 -187.044 -32.4349 0.5
7 641.04 37.5865 -51.6145 0.5
7 635.455 -62.9381 96.9401 0.5
7 645.256 -49.4423 -99.8244 0.5
7 618.092 -36.0783 96.069 0.5
7 625.49 30.2329 85.801 0.5
7 619.744 -69.5864 -81.1692 0.5
7 638.621 -139.853 -28.0705 0.5
7 648.363 38.6219 11.2124 0.5
7 626.802 -114.653 40.9061 0.5
7 650.977 -153.33 -47.395 0.5
7 631.211 -65.5639 -93.8509 0.5
7 649.447 -61.6343 -99.9951 0.5
7 621.954 5.07154 -97.9637 0.5
7 663.956 -143.577 -82.9699 0.5
7 654.607 12.6796 -53.8824 0.5
7 637.75 -13.639 95.7854 0.5
7 642.099 44.7754 32.2034 0.5
7 666.478 -160.307 73.151 0.5
7 653.708 -53.0811 98.5575 0.5
7 642.808 -111.543 -79.6851 0.5
7 647.014 -37.3855 -97.7648 0.5
7 640.337 -41.1757 -99.8391 0.5
7 622.249 -103.424 47.6681 0.5
7 619.157 89.2209 11.0961 0.5
7 623.583 50.1707 73.3226 0.5
7 666.552 -87.824 99.9019 0.5
7 653.8 -169.227 -13.6623 0.5
7 664.307 -180.255 39.4442 0.5
7 611.304 94.5288 -41.2685 0.5
7 627.931 69.5304 31.5619 0.5
7 614.726 96.148 -16.4668 0.5
7 629.696 -108.701 59.6161 0.5
7 634.193 3.98754 -91.5676 0.5
7 618.95 -1.19577 99.629 0.5
7 637.408 13.5445 -83.3063 0.5
7 659.406 -136.095 82.6994 0.5
7 637.922 -47.8599 -99.8649 0.5
7 658.371 -97.5358 98.0893 0.5
7 656.303 -43.7834 -95.1657 0.5
7 622.574 -70.447 83.93 0.5
7 664.162 -130.932 90.3687 0.5
7 629.857 50.8493 60.6038 0.5
7 615.165 -103.22 2.27444 0.5
7 644.303 -105.255 85.6954 0.5
7 615.046 -36.3045 94.3051 0.5
7 647.2 -15.972 -90.3965 0.5
7 659.199 -65.0212 98.9441 0.5
7 613.385 -44.9684 89.4013 0.5
7 622.565 76.0094 -39.0188 0.5
7 624.983 -37.711 98.4641 0.5
7 629.05 -84.8711 -81.7632 0.5
7 656.503 -157.014 -56.9952 0.5
7 626.992 -104.237 -59.3195 0.5
7 614.542 -81.9341 60.3102 0.5
7 630.216 26.27 83.1274 0.5
7 649.75 30.9267 -33.9073 0.5
7 651.2 22.845 46.5489 0.5
7 612.412 48.7454 88.1468 0.5
7 654.234 -167.849 -24.5771 0.5
7 664.59 -10.1153 61.6466 0.5
7 633.807 -134.55 13.9968 0.5
7 660.593 -176.606 32.1984 0.5
7 627.284 -89.4778 75.7867 0.5
7 636.998 56.5027 -21.9311 0.5
7 665.128 -12.114 62.9864 0.5
7 664.36 -35.3233 -84.7178 0.5
7 622.843 -108.467 -39.3726 0.5
7 620.451 -68.6805 82.6604 0.5
7 636.909 57.4104 18.2604 0.5
7 652.425 29.1624 24.5253 0.5
7 641.492 0.790576 86.8112 0.5
7 641.251 34.955 55.2018 0.5
7 655.96 -9.65126 76.6256 0.5
7 623.602 -94.4104 -64.3436 0.5
7 614.494 15.5633 -98.4306 0.5
7 632.025 -62.5987 -95.3465 0.5
7 650.834 27.9412 -36.8342 0.5
7 661.147 -50.8692 -94.7346 0.5
7 657.095 -97.3085 -97.6753 0.5
7 655.985 -120.592 88.4555 0.5
7 616.732 90.7683 25.3664 0.5
7 662.616 -43.0326 -90.5653 0.5
7 639.951 -104.124 81.4988 0.5
7 626.094 59.8677 -57.1725 0.5
7 654.043 -118.431 -87.8106 0.5
7 632.344 50.5176 -54.9956 0.5
7 663.807 -116.008 -95.8492 0.5
7 654.306 -38.995 -94.7263 0.5
7 626.01 18.7015 91.3287 0.5
7 664.088 -155.469 73.7954 0.5
7 650.997 -142.279 63.8412 0.5
7 626.94 -55.4193 -94.8165 0.5
7 645.745 39.4739 29.0531 0.5
7 660.053 0.334885 -58.185 0.5
7 638.543 -122.219 61.9736 0.5
7 619.614 -24.6585 -99.0563 0.5
7 662.839 -127.197 91.0384 0.5
7 658.363 8.4703 -50.1128 0.5
7 613.352 -65.7996 -75.3953 0.5
7 623.138 82.236 -11.8834 0.5
7 652.848 -0.083376 72.9183 0.5
7 621.582 85.4604 5.97035 0.5
7 613.179 -87.3421 48.349 0.5
7 629.592 45.5032 -67.5468 0.5
7 641.5 -52.8768 -99.9193 0.5
7 647.043 13.7411 69.1867 0.5
7 624.262 -116.607 -21.7645 0.5
7 624.132 59.813 61.8336 0.5
7 613.766 98.4686 -11.881 0.5
7 617.148 62.9842 -71.7415 0.5
7 613.782 -9.51768 99.6238 0.5
7 621.659 82.1187 -25.8056 0.5
7 628.048 10.131 93.4139 0.5
7 663.992 -183.427 -29.3056 0.5
7 624.778 -111.959 39.045 0.5
7 619.206 -4.74114 -99.8484 0.5
7 613.478 94.84 30.7218 0.5
7 629.689 -123.735 -30.1987 0.5
7 636.503 49.4834 44.2273 0.5
7 638.914 51.2776 -29.143 0.5
7 644.869 -44.529 -99.482 0.5
7 665.473 -21.6982 72.6799 0.5
7 635.847 -64.8498 -96.6196 0.5
7 622.496 10.405 96.466 0.5
7 654.407 -55.4873 -98.7554 0.5
8 615.695 -12.1269 97.1163 0.5
8 657.182 47.2117 -93.1556 0.5
8 623.346 109.856 52.8559 0.5
8 658.655 142.704 82.4538 0.5
8 657.828 174.202 44.5853 0.5
8 663.582 148.186 -84.4675 0.5
8 630.883 83.101 89.2623 0.5
8 618.116 -18.8808 -93.7539 0.5
8 612.481 -90.4402 25.9005 0.5
8 615.402 96.1341 52.7962 0.5
8 621.62 6.42586 -98.7835 0.5
8 631.418 130.583 40.0365 0.5
8 665.78 174.429 65.0329 0.5
8 638.474 132.818 57.7359 0.5
8 628.731 129.689 -29.9924 0.5
8 654.085 155.659 -63.2554 0.5
8 646.028 106.185 -90.7841 0.5
8 650.99 -6.41986 -60.9661 0.5
8 621.226 -65.1803 50.2201 0.5
8 629.617 -63.5084 -11.5007 0.5
8 633.095 133.47 -40.0782 0.5
8 640.042 21.8739 -94.7381 0.5
8 628.001 16.3302 -98.596 0.5
8 615.987 81.7691 71.853 0.5
8 649.029 108.342 92.1272 0.5
8 660.741 187.929 -18.9254 0.5
8 625.669 14.3212 98.9184 0.5
8 613.462 -80.9197 -46.0477 0.5
8 657.173 180.158 25.8502 0.5
8 612.778 32.5033 -96.6034 0.5
8 666.399 199.153 -8.73479 0.5
8 611.746 72.9649 73.2376 0.5
8 665.957 90.6657 99.6711 0.5
8 657.505 182.817 16.1576 0.5
8 643.089 53.8287 99.8577 0.5
8 647.872 163.608 27.4398 0.5
8 629.648 77.3139 91.0131 0.5
8 613.957 -54.564 -77.4413 0.5
8 627.009 -30.9672 -78.2394 0.5
8 634.671 135.759 -41.0686 0.5
8 661.403 188.696 -20.8001 0.5
8 648.19 -28.4336 26.4799 0.5
8 634.653 5.03216 -91.8599 0.5
8 659 152.959 -74.9162 0.5
8 612.687 -93.4852 -1.48574 0.5
8 659.67 83.0035 99.8809 0.5
8 634.059 23.9629 98.0684 0.5
8 641.014 -40.9689 -26.0893 0.5
8 649.743 40.148 95.2227 0.5
8 653.254 176.677 -4.26731 0.5
8 650.58 -19.5344 39.9525 0.5
8 645.228 146.874 54.2471 0.5
8 631.782 125.676 50.8652 0.5
8 649.252 37.564 -94.6494 0.5
8 636.437 110.893 77.4551 0.5
8 654.747 136.392 82.1382 0.5
8 653.361 69.9726 99.756 0.5
8 621.168 49.4273 95.9318 0.5
8 637.83 -16.3721 -74.7498 0.5
8 637.138 -44.0621 36.9665 0.5
8 644.604 86.2793 96.9542 0.5
8 623.624 -74.0547 -9.95977 0.5
8 656.19 143.324 -78.8764 0.5
8 654.854 170.587 -41.3589 0.5
8 647.625 102.073 -93.6546 0.5
8 646.37 49.6217 98.8345 0.5
8 618.566 115.024 -18.158 0.5
8 647.714 149.94 -56.1226 0.5
8 638.829 -24.0631 65.171 0.5
8 628.589 108.361 -66.9144 0.5
8 642.389 38.3473 -98.06 0.5
8 616.369 -84.1546 24.1673 0.5
8 662.687 85.0438 -99.6744 0.5
8 622.562 68.9715 89.1187 0.5
8 650.631 118.776 88.5044 0.5
8 642.316 -35.4911 35.9522 0.5
8 659.707 8.69623 -60.9887 0.5
8 620.523 -78.307 -17.9097 0.5
8 649.861 133.227 -78.1936 0.5
8 639.345 -35.5344 -47.1033 0.5
8 657.195 73.1121 -99.449 0.5
8 631.741 118.577 61.2207 0.5
8 640.776 155.14 -1.75972 0.5
8 612.318 81.742 -65.1364 0.5
8 640.744 103.766 -87.3591 0.5
8 665.326 170.605 68.4224 0.5
8 644.624 24.7053 -92.8567 0.5
8 642.191 136.804 -61.0569 0.5
8 659.086 186.074 -12.5904 0.5
8 626.457 13.5388 -98.5758 0.5
8 638.476 143.645 -38.0652 0.5
8 615.917 99.9481 -47.7755 0.5
8 656.416 60.5012 -97.6072 0.5
8 613.766 65.4813 -82.0901 0.5
8 631.996 -54.3891 33.1724 0.5
8 611.804 -94.7894 6.85799 0.5
8 627.837 20.4361 99.2395 0.5
8 631.141 47.5628 99.5855 0.5
8 653.297 164.015 -48.9983 0.5
8 630.418 94.7528 81.7894 0.5
8 663.534 6.40224 -47.1761 0.5
8 632.689 116.756 -65.4494 0.5
8 623.918 125.547 9.04074 0.5
8 659.447 -11.8518 -11.4156 0.5
8 655.247 2.64201 63.0991 0.5
8 641.091 38.6534 -98.5361 0.5
8 621.123 -21.9941 90.2308 0.5
8 620.535 65.3828 89.159 0.5
8 625.633 -34.1679 -77.5813 0.5
8 637.963 129.04 61.6235 0.5
8 619.428 -81.6993 -4.91784 0.5
8 663.32 28.5269 75.4096 0.5
8 623.188 -46.728 69.9929 0.5
8 623.671 107.978 -56.5865 0.5
8 649.596 24.5148 88.8344 0.5
8 629.009 34.522 99.9997 0.5
8 633.758 -54.0218 24.2192 0.5
8 638.273 -3.79991 -83.7654 0.5
8 663.889 9.58935 51.6971 0.5
8 627.273 -58.5428 42.9415 0.5
8 657.658 152.602 -73.1304 0.5
8 658.795 -13.5559 -3.95344 0.5
8 617.714 -80.9837 27.3214 0.5
8 640.743 153.781 16.1797 0.5
9 786.831 79.8679 -97.9525 0.5
9 982.591 143.671 -89.96 0.5
9 957.193 46.5665 84.5273 0.5
9 702.35 0.0225505 2.12358 0.5
9 689.688 199.078 -13.5468 0.5
9 705.662 199.996 -0.917285 0.5
9 677.141 6.42113 -35.2561 0.5
9 756.52 193.2 -36.2464 0.5
9 784.636 0.859001 13.0791 0.5
9 789.176 42.5933 81.8809 0.5
9 876.217 141.266 91.0886 0.5
9 854.366 119.075 98.1639 0.5
9 877.229 13.4198 50.0386 0.5
9 688.465 158.887 80.8229 0.5
9 924.409 0.631543 -11.2209 0.5
9 686.208 1.8737 19.2673 0.5
9 859.028 108.908 -99.6024 0.5
9 714.221 186.237 50.6282 0.5
9 795.004 32.3122 -73.6096 0.5
9 803.147 8.3566 40.0186 0.5
9 684.768 136.459 93.1167 0.5
9 739.167 36.5942 -77.3285 0.5
9 769.61 10.7666 -45.1376 0.5
9 991.739 179.025 -61.2781 0.5
9 797.957 191.499 40.348 0.5
9 814.415 79.6179 -97.9008 0.5
9 861.964 183.949 54.3381 0.5
9 995.057 199.706 7.6592 0.5
9 751.209 78.408 97.6411 0.5
9 877.771 140.966 91.2239 0.5
9 792.542 179.936 -60.0855 0.5
9 880.718 34.7237 -75.7562 0.5
9 946.726 15.8435 54.0156 0.5
9 927.952 41.6407 81.2046 0.5
9 913.161 71.9784 -95.9937 0.5
9 741.055 31.5696 -72.9197 0.5
9 962.852 148.198 -87.6182 0.5
9 930.878 1.92986 19.5511 0.5
9 835.558 150.169 -86.5048 0.5
9 870.856 161.634 78.748 0.5
9 714.534 39.634 -79.7242 0.5
9 959.293 74.9027 96.7994 0.5
9 783.511 88.5059 99.3372 0.5
9 798.129 1.63103 17.9874 0.5
9 994.443 150.578 -86.2661 0.5
9 938.622 162.253 -78.2596 0.5
9 962.852 190.699 42.1154 0.5
9 691.12 181.359 58.1435 0.5
9 931.794 192.593 -37.7696 0.5
9 774.765 154.598 -83.78 0.5
9 824.543 160.84 -79.3634 0.5
9 972.218 72.9556 -96.2736 0.5
9 946.868 2.26968 -21.1845 0.5
9 881.95 130.057 95.376 0.5
9 783.022 0.300391 -7.74519 0.5
9 825.573 45.7967 84.0357 0.5
9 909.545 156.58 82.454 0.5
9 808.692 124.453 -96.9642 0.5
9 979.971 0.32725 -8.08349 0.5
9 699.356 129.644 -95.5052 0.5
9 733.715 29.6712 71.0905 0.5
9 727.17 61.6376 92.3489 0.5
9 801.404 78.78 -97.7226 0.5
9 890.18 125.708 96.639 0.5
9 937.538 199.525 -9.73536 0.5
9 693.201 199.229 -12.3968 0.5
9 854.178 114.624 98.9249 0.5
9 711.497 23.266 -64.1241 0.5
9 855.14 100.702 99.9975 0.5
9 811.007 10.2675 44.1369 0.5
9 857.113 186.566 -50.0638 0.5
9 988.647 12.5302 -48.4669 0.5
9 753.796 196.207 -27.2804 0.5
9 899.657 0.0255359 -2.25976 0.5
9 806.721 14.383 -51.6695 0.5
9 939.334 199.395 -10.9851 0.5
9 719.246 40.8053 80.5977 0.5
9 909.629 140.075 -91.6189 0.5
9 951.317 184.683 53.1865 0.5
9 933.538 26.331 -67.6231 0.5
9 961.195 10.5354 -44.6776 0.5
9 781.082 52.6551 88.0821 0.5
9 717.593 8.71199 40.8228 0.5
9 705.032 101.458 -99.9894 0.5
9 713.848 188.28 46.9741 0.5
9 870.351 93.7687 -99.8057 0.5
9 731.151 7.82044 38.7676 0.5
9 977.052 16.4958 -55.0186 0.5
9 803.624 20.6357 60.8383 0.5
9 864.283 19.0705 58.7402 0.5
9 835.951 3.26045 -25.3271 0.5
9 871.171 2.13773 -20.5664 0.5
9 778.715 197.06 24.0702 0.5
9 776.195 13.4569 50.1029 0.5
9 849.654 0.320183 7.99588 0.5
9 684.514 11.6836 -46.9064 0.5
9 858.364 173.701 67.5883 0.5
9 677.136 176.707 64.1565 0.5
9 770.833 199.412 10.8256 0.5
9 903.454 32.2875 -73.5868 0.5
9 926.212 121.933 -97.5652 0.5
9 877.085 183.133 55.5773 0.5
9 794.025 137.13 92.8512 0.5
9 880.641 58.7569 -91.0989 0.5
9 732.468 165.109 -75.8998 0.5
9 781.318 62.5597 92.7266 0.5
9 799.045 177.769 -62.8648 0.5
9 763.612 199.149 13.0202 0.5
9 676.722 1.40035 16.6766 0.5
9 668.478 193.069 36.5805 0.5
9 835.668 85.6854 98.9702 0.5
9 806.62 31.6035 72.9515 0.5
9 975.987 132.952 94.4147 0.5
9 856.795 21.7174 62.2241 0.5
9 796.25 200 0.251772 0.5
9 756.398 1.36114 -16.4431 0.5
9 738.899 125.627 -96.6605 0.5
9 853.298 199.99 1.39862 0.5
9 870.875 199.35 -11.382 0.5
9 786.11 21.5157 61.9694 0.5
9 785.913 65.0898 93.7085 0.5
9 796.041 172.578 -68.7929 0.5
9 833.584 179.193 61.0618 0.5
9 924.391 183.931 54.3651 0.5
9 984.384 46.7299 -84.6303 0.5
9 783.967 0.11123 -4.71526 0.5
9 823.245 2.14344 -20.5935 0.5
9 719.186 30.3288 -71.7351 0.5
9 923.424 169.931 71.4815 0.5
9 926.11 198.951 14.4475 0.5
9 802.122 74.0797 -96.5823 0.5
9 813.243 4.88201 -30.8637 0.5
9 708.76 176.948 -63.8673 0.5
