0 101.719 102.82 14.7325 0.5
0 59.1352 114.326 -4.44489 0.5
0 65.7137 114.044 5.26957 0.5
0 1.17885 104.526 14.3009 0.5
0 17.2074 85.0628 1.37118 0.5
0 87.3305 88.2642 9.34186 0.5
0 70.0376 113.918 5.59421 0.5
0 7.46801 99.2311 -14.9803 0.5
0 95.7641 110.065 11.1222 0.5
0 70.4006 111.888 -9.14714 0.5
0 40.4917 98.3063 14.9041 0.5
0 24.4056 92.2602 -12.8489 0.5
0 30.2929 88.5763 -9.72103 0.5
0 100.187 88.1132 -9.14902 0.5
0 75.4448 85.4937 -3.81657 0.5
0 24.8629 86.1985 -5.87529 0.5
0 20.2515 112.617 8.11186 0.5
0 5.20479 89.7011 10.9056 0.5
0 105.312 85.0665 1.41036 0.5
0 61.9853 114.994 -0.436271 0.5
0 74.9985 99.3245 14.9848 0.5
0 51.3925 99.0464 14.9697 0.5
0 22.6777 103.659 14.547 0.5
0 58.619 112.726 -7.93981 0.5
0 19.2577 114.801 -2.43264 0.5
0 23.918 113.875 -5.69962 0.5
0 102.469 112.181 -8.75407 0.5
0 84.9408 112.98 -7.51787 0.5
0 87.4043 86.8664 7.2463 0.5
0 80.8582 104.879 14.1844 0.5
0 81.173 105.878 13.8004 0.5
0 52.6959 86.9272 7.35531 0.5
0 48.8952 108.99 -12.0071 0.5
0 22.2902 113.92 5.5882 0.5
0 45.3034 113.404 -6.73343 0.5
0 88.7141 107.959 -12.7146 0.5
0 16.4377 87.6298 -8.48399 0.5
0 78.9408 85.7031 -4.53858 0.5
0 5.73521 86.1331 5.71911 0.5
0 101.647 94.5076 13.9583 0.5
0 103.925 111.062 10.1305 0.5
0 110.548 103.043 -14.6881 0.5
0 1.80586 85.5101 -3.8784 0.5
0 50.1279 85.1019 1.74545 0.5
0 92.1527 104.193 14.402 0.5
0 60.4178 86.1376 5.7301 0.5
0 28.8651 90.5485 11.6477 0.5
0 88.6309 114.38 -4.26801 0.5
0 75.8749 111.946 9.07211 0.5
0 36.9897 93.4192 -13.4793 0.5
0 79.6492 101.735 -14.8993 0.5
0 51.061 113.167 7.18467 0.5
0 94.7105 86.3979 -6.3231 0.5
0 81.8281 109.007 -11.9949 0.5
0 32.2743 113.243 -7.04476 0.5
0 15.749 85.6427 4.34373 0.5
0 61.4248 111.613 -9.49404 0.5
0 83.0164 114.995 -0.390416 0.5
0 65.1183 113.421 -6.6981 0.5
0 81.732 86.5497 -6.63989 0.5
0 95.4732 105.938 -13.7748 0.5
0 101.229 86.1844 5.84194 0.5
0 102.699 91.3063 -12.2237 0.5
0 104.32 114.603 3.42651 0.5
0 57.3157 89.8053 -11.0031 0.5
0 1.6852 100.658 -14.9855 0.5
0 52.9011 112.959 7.55453 0.5
1 156.958 16.8043 -14.5144 0.5
1 153.876 30.3432 14.3359 0.5
1 142.272 32.1042 -5.57917 0.5
1 111.359 114.113 3.6766 0.5
1 118.514 86.1063 14.9616 0.5
1 118.026 74.2016 5.82893 0.5
1 153.524 24.6021 14.8745 0.5
1 140.36 44.8837 14.3232 0.5
1 165.516 15.0132 -11.8118 0.5
1 153.455 11.9318 -2.85039 0.5
1 122.879 94.1866 3.56867 0.5
1 161.42 21.23 12.4495 0.5
1 165.796 7.37985 -14.8527 0.5
1 166.416 -8.97485 7.15325 0.5
1 129.642 52.9569 1.25489 0.5
1 114.323 102.464 12.671 0.5
1 128.81 78.2821 12.0473 0.5
1 115.829 77.3993 4.09883 0.5
1 136.268 47.1298 11.7714 0.5
1 156.277 31.5288 -11.3917 0.5
1 125.633 88.9548 -5.09906 0.5
1 132.469 48.7096 4.5372 0.5
1 121.432 72.9503 11.8685 0.5
1 164.068 -5.09384 6.8012 0.5
1 148.155 25.4787 10.8478 0.5
1 125.993 68.7883 13.9805 0.5
1 161.46 24.1254 9.82785 0.5
1 123.565 73.5738 14.1927 0.5
1 158.019 24.9873 -13.6432 0.5
1 160.289 27.4709 8.06165 0.5
1 128.855 79.943 -10.5366 0.5
1 152.173 14.3876 3.87175 0.5
1 149.632 32.5884 14.984 0.5
1 123.621 68.9846 -11.7318 0.5
1 149.537 25.7727 -12.8901 0.5
1 157.49 33.7943 5.04656 0.5
1 154.425 18.3527 -13.4575 0.5
1 153.358 40.404 6.37601 0.5
1 166.135 19.4098 2.91861 0.5
1 148.126 36.1833 14.9971 0.5
1 121.395 70.0809 8.85551 0.5
1 115.477 82.0937 10.8626 0.5
1 132.278 70.4382 13.2127 0.5
1 137.204 41.4194 6.76928 0.5
1 166.272 -3.72505 12.5711 0.5
1 153.353 12.6573 -4.89633 0.5
1 164.515 -2.97486 10.7346 0.5
1 120.004 99.5338 -1.37572 0.5
1 137.736 62.5332 12.2553 0.5
1 126.388 58.5456 -0.443436 0.5
1 135.363 63.9683 13.7594 0.5
1 155.817 15.9478 13.4603 0.5
1 149.803 35.1506 -14.8427 0.5
1 132.508 71.8482 -12.0674 0.5
1 130.969 80.5443 1.34843 0.5
1 163.935 2.35387 13.6805 0.5
1 150.267 19.7814 8.44231 0.5
1 154.287 37.6385 8.40988 0.5
1 121.281 97.2192 2.23087 0.5
1 145.325 55.7258 0.630417 0.5
1 153.683 24.752 -14.9236 0.5
1 120.962 72.489 -10.7621 0.5
1 148.736 19.9585 -1.94507 0.5
1 155.612 11.7942 10.0581 0.5
1 124.367 81.695 14.2592 0.5
1 113.325 104.049 -12.7613 0.5
1 136.539 43.0825 7.6974 0.5
1 134.221 64.5949 -14.2701 0.5
1 145.147 27.9114 7.24199 0.5
1 121.57 67.0023 -1.87877 0.5
1 164.503 9.90234 -14.8099 0.5
1 164.842 8.51693 -14.9164 0.5
1 151.639 18.655 -10.0344 0.5
2 205.77 77.5207 13.7406 0.5
2 187.551 48.5702 -12.2737 0.5
2 218.729 80.4828 -6.60637 0.5
2 210.987 70.2879 10.9497 0.5
2 184.303 20.9616 6.81853 0.5
2 205.115 84.7379 -4.30393 0.5
2 199.856 49.4074 -9.19158 0.5
2 191.122 50.7832 14.261 0.5
2 194.469 36.959 0.921284 0.5
2 180.483 32.3176 -14.2731 0.5
2 203.628 82.2131 -4.13171 0.5
2 188.156 52.8409 9.2024 0.5
2 215.58 94.7097 -13.6518 0.5
2 204.944 56.8322 7.0468 0.5
2 187.327 35.0859 -14.3175 0.5
2 222.097 108.957 -11.8678 0.5
2 190.728 39.4848 -13.7626 0.5
2 191.268 56.6962 10.8945 0.5
2 212.569 76.8647 13.559 0.5
2 199.751 76.0671 0.575321 0.5
2 187.075 47.0726 12.7205 0.5
2 209.116 67.6025 11.4439 0.5
2 174.403 2.17583 0.184458 0.5
2 216.891 75.8188 1.26652 0.5
2 216.518 92.5735 14.7981 0.5
2 174.286 16.7285 -14.998 0.5
2 198.665 73.0888 -5.66111 0.5
2 202.874 51.7792 2.94388 0.5
2 189.679 34.7486 -12.0861 0.5
2 212.172 95.6359 -7.40594 0.5
2 175.727 34.3653 -1.75179 0.5
2 176.244 11.6136 12.1832 0.5
2 170.042 13.7843 -14.4107 0.5
2 168.592 -5.77255 -7.68337 0.5
2 183.677 47.6572 -4.13415 0.5
2 207.067 59.2411 -3.80279 0.5
2 191.375 32.2777 4.55122 0.5
2 213.518 99.8512 1.48178 0.5
2 214.014 95.4059 -11.507 0.5
2 172.937 14.5547 14.9998 0.5
2 187.363 26.9047 -7.95478 0.5
2 194.043 54.8573 14.5453 0.5
2 182.496 22.9448 12.5294 0.5
2 200.09 52.8756 -12.1548 0.5
2 186.441 33.9818 14.4448 0.5
2 194.392 62.3078 -10.7018 0.5
2 176.797 36.3095 0.59182 0.5
2 172.181 6.21964 -13.2099 0.5
2 216.244 81.459 -12.5693 0.5
2 216.281 93.3021 -14.5634 0.5
2 171.312 18.0467 -13.647 0.5
2 214.681 82.0946 -14.1962 0.5
2 175.814 22.8668 -14.6442 0.5
2 194.885 47.0257 13.9052 0.5
2 222.14 110.318 -10.7503 0.5
2 174.77 31.4886 -6.1584 0.5
2 210.716 94.1885 5.06872 0.5
2 183.595 19.3191 5.93265 0.5
2 207.556 62.5662 8.95947 0.5
2 173.818 30.6796 3.76943 0.5
2 197.126 51.0673 13.9692 0.5
2 218.862 102.062 -12.7623 0.5
2 213.065 99.1297 0.527212 0.5
2 172.812 24.6085 11.0082 0.5
2 176.758 8.93052 8.55222 0.5
2 174.011 26.8848 -10.82 0.5
2 169.074 -1.69182 11.4958 0.5
2 188.199 37.9835 14.6791 0.5
2 192.16 46.2 14.8999 0.5
2 207.133 63.2791 -10.6279 0.5
2 200.475 53.1744 11.8797 0.5
2 176.356 25.6138 14.122 0.5
2 220.752 87.6521 -11.355 0.5
2 189.559 58.1042 -3.09177 0.5
2 180.668 39.5058 -9.65492 0.5
3 231.641 88.3969 -9.50617 0.5
3 295.593 95.2232 -14.2191 0.5
3 292.813 97.8372 -14.8433 0.5
3 264.291 114.704 2.96556 0.5
3 309.647 110.328 10.8784 0.5
3 315.66 111.661 9.43553 0.5
3 268.806 106.428 13.5527 0.5
3 243.123 104.019 -14.4515 0.5
3 246.863 88.0557 -9.07377 0.5
3 302.69 112.957 7.55716 0.5
3 276.633 114.474 -3.9388 0.5
3 223.031 89.2707 -10.4825 0.5
3 226.99 90.6654 -11.7416 0.5
3 279.505 96.2965 -14.5356 0.5
3 235.993 105.734 13.8609 0.5
3 306.88 85.7062 4.5483 0.5
3 250.253 106.654 13.4433 0.5
3 284.811 89.1772 -10.3859 0.5
3 256.019 113.306 6.92508 0.5
3 233.783 87.914 -8.88414 0.5
3 288.887 85.0044 -0.362034 0.5
3 229.772 85.0007 -0.148075 0.5
3 321.844 111.477 9.65775 0.5
3 261.25 85.1458 -2.08652 0.5
3 230.514 94.0031 -13.7491 0.5
3 298.934 111.891 -9.14371 0.5
3 280.479 114.999 -0.156774 0.5
3 265.822 85.9837 -5.34265 0.5
3 245.233 96.8682 -14.6694 0.5
3 324.112 93.7093 -13.6171 0.5
3 332.849 102.945 -14.708 0.5
3 228.126 112.878 -7.69127 0.5
3 252.269 86.9985 7.48076 0.5
3 237.791 92.3811 -12.921 0.5
3 258.746 111.808 -9.2506 0.5
3 257.667 107.885 12.7605 0.5
3 281.611 110.758 -10.4534 0.5
3 243.998 107.602 12.9309 0.5
3 302.606 104.049 -14.4432 0.5
3 251.108 85.9479 -5.24765 0.5
3 247.124 101.061 -14.9624 0.5
3 241.778 93.6695 -13.5987 0.5
3 327.534 86.8922 -7.29279 0.5
3 330.62 86.3115 6.13391 0.5
3 301.747 89.3183 10.531 0.5
3 266.058 102.069 -14.8567 0.5
3 285.514 112.963 7.54665 0.5
3 316.009 94.3125 13.8799 0.5
3 284.529 93.816 13.6659 0.5
3 315.405 99.8503 14.9993 0.5
3 226.944 91.2827 12.2069 0.5
3 252.462 98.3778 -14.912 0.5
3 297.987 106.308 13.6094 0.5
3 228.786 108.673 12.2383 0.5
3 228.764 87.3405 -8.04597 0.5
3 277.657 85.274 -2.85407 0.5
3 268.264 108.029 12.6702 0.5
3 302.696 114.276 -4.60315 0.5
3 233.09 96.1896 14.508 0.5
3 295.449 107.571 12.9491 0.5
3 316.714 85.2086 2.4926 0.5
3 238.155 95.7628 -14.3891 0.5
3 309.343 86.7787 -7.08493 0.5
3 255.456 100.761 -14.9807 0.5
3 230.014 109.728 11.4179 0.5
3 305.958 113.488 6.56228 0.5
3 275.666 85.2274 -2.60171 0.5
3 311.376 94.8066 -14.0723 0.5
3 276.205 97.993 -14.8651 0.5
3 283.077 110.102 11.0884 0.5
3 223.298 108.452 -12.3921 0.5
3 241.877 86.6766 6.89107 0.5
3 244.816 85.1713 -2.26058 0.5
3 273.349 88.7579 -9.93057 0.5
3 253.883 94.386 -13.9098 0.5
3 230.58 88.1083 9.14257 0.5
3 244.644 90.6455 -11.7257 0.5
3 305.655 110.66 -10.5529 0.5
3 311.458 112.221 8.6979 0.5
4 360.786 53.9468 -14.9252 0.5
4 384.902 20.8818 -10.9966 0.5
4 384.584 8.45101 14.74 0.5
4 387.815 14.3737 12.1914 0.5
4 354.938 77.3334 -2.70544 0.5
4 353.663 59.7361 -14.1235 0.5
4 366.449 27.9425 -2.98988 0.5
4 370.386 41.5055 -13.8819 0.5
4 369.976 23 6.47031 0.5
4 387.137 -7.50805 -4.47336 0.5
4 383.147 9.37226 -14.3562 0.5
4 375.576 41.653 -2.32595 0.5
4 382.611 22.3739 12.8575 0.5
4 376.134 38.7943 7.60848 0.5
4 368.248 39.0761 14.9932 0.5
4 385.201 -4.83423 0.277317 0.5
4 338.924 87.1728 -14.6667 0.5
4 340.988 74.0764 -8.03652 0.5
4 382.799 0.999268 -6.89158 0.5
4 370.28 26.2624 11.4038 0.5
4 338.309 89.3259 14.8585 0.5
4 385.286 6.26566 -14.5239 0.5
4 363.958 61.9468 0.532994 0.5
4 359.74 59.8352 -13.9261 0.5
4 335.308 105.737 -11.881 0.5
4 379.992 4.78456 -4.19688 0.5
4 387.999 -7.72685 7.4088 0.5
4 381.688 29.3218 -7.35195 0.5
4 371.606 30.1471 -14.5707 0.5
4 334.034 113.362 -3.54225 0.5
4 352.387 59.285 -12.8655 0.5
4 383.212 25.4833 9.16365 0.5
4 375.455 41.9468 1.69931 0.5
4 370.523 45.5905 11.1753 0.5
4 364.879 60.2277 1.99817 0.5
4 380.455 18.544 14.9991 0.5
4 384.8 24.9685 5.08839 0.5
4 364.551 50.2017 -14.3788 0.5
4 382.483 17.622 -14.7454 0.5
4 372.663 45.0221 -7.229 0.5
4 377.133 31.2484 13.2071 0.5
4 378.164 23.1553 14.9784 0.5
4 339.301 80.8268 -12.1211 0.5
4 354.078 64.6158 -14.99 0.5
4 380.298 33.2884 3.29809 0.5
4 381.034 5.75646 9.48139 0.5
4 372.545 42.0369 11.2223 0.5
4 340.764 84.7788 14.8146 0.5
4 356.072 72.5046 -9.14669 0.5
4 363.396 60.5991 8.02978 0.5
4 336.468 81.9797 -8.1526 0.5
4 385.629 11.2164 -14.8922 0.5
4 361.4 39.224 -8.77788 0.5
4 387.638 -8.80256 2.75818 0.5
4 366.54 31.9374 -10.6662 0.5
4 342.3 97.6081 7.23686 0.5
4 387.381 2.03845 -14.356 0.5
4 358.104 45.3635 9.34648 0.5
4 356.392 50.706 -11.7251 0.5
4 346.223 67.5434 -11.062 0.5
4 386.439 17.885 11.2985 0.5
4 371.628 34.7741 -14.9595 0.5
4 377.05 9.42185 2.05149 0.5
4 362.062 35.4579 -2.54368 0.5
4 386.084 17.1888 12.3209 0.5
4 368.117 53.8175 5.21282 0.5
4 385.426 9.05001 14.9826 0.5
4 335.006 100.815 -14.5335 0.5
4 383.911 18.529 -13.6893 0.5
4 381.425 25.5255 -12.1303 0.5
4 365.524 59.2334 -0.561218 0.5
5 344.106 -59.8702 5.58777 0.5
5 362.741 -45.376 -14.4946 0.5
5 342.628 -69.0654 13.1117 0.5
5 386.985 -5.35786 13.8183 0.5
5 378.671 -11.2616 -14.7621 0.5
5 357.83 -62.2685 -8.65968 0.5
5 362.932 -52.4226 -9.93327 0.5
5 364.666 -53.1385 1.10997 0.5
5 336.094 -94.7578 -13.2194 0.5
5 351.905 -67.0205 -13.4021 0.5
5 349.055 -73.9318 12.2098 0.5
5 378.897 -23.93 10.8114 0.5
5 359.303 -34.7221 7.90578 0.5
5 372.141 -38.4281 -7.13542 0.5
5 384.046 -6.93889 14.8186 0.5
5 348.482 -72.4853 -13.6248 0.5
5 381.482 -21.8855 7.76795 0.5
5 369.93 -29.0605 -15 0.5
5 357.561 -63.2814 -7.82761 0.5
5 349.49 -76.0377 -9.54395 0.5
5 337.746 -92.4635 -12.8985 0.5
5 373.905 -30.7756 12.2914 0.5
5 336.684 -72.1821 -3.97546 0.5
5 381.193 -18.608 -11.9595 0.5
5 344.458 -88.0032 -2.30392 0.5
5 342.592 -73.4354 14.7012 0.5
5 386.188 13.4229 4.44535 0.5
5 377.767 -6.97568 -12.3498 0.5
5 348.103 -54.2284 -8.07761 0.5
5 347.777 -80.3881 -7.56121 0.5
5 351.322 -46.3809 -1.62614 0.5
5 354.671 -40.7042 -2.51441 0.5
5 369.607 -21.3653 12.5228 0.5
5 369.598 -23.1978 13.5472 0.5
5 343.838 -61.1711 7.33558 0.5
5 379.088 -16.0163 -14.7334 0.5
5 351.883 -46.0849 -4.72281 0.5
5 356.722 -44.3504 -12.9386 0.5
5 374.693 -16.534 14.3766 0.5
5 371.671 -28.0342 14.8678 0.5
5 384.092 -16.5644 8.95931 0.5
5 377.724 -22.6766 -13.2059 0.5
5 344.524 -60.6361 -8.39514 0.5
5 347.488 -53.1304 -2.42345 0.5
5 384.168 -14.1383 11.4107 0.5
5 341.107 -64.042 -1.29229 0.5
5 355.51 -67.7176 -6.15428 0.5
5 368.908 -26.419 14.3359 0.5
5 356.127 -37.9754 -0.37726 0.5
5 385.405 4.75962 13.2562 0.5
5 379.612 -27.2875 0.394082 0.5
5 349.943 -67.4933 14.5074 0.5
5 357.817 -35.5044 3.69352 0.5
5 337.652 -70.2286 -2.77419 0.5
5 359.597 -43.0255 14.475 0.5
5 388.033 -5.44135 -12.8526 0.5
5 382.143 -3.91966 -14.4597 0.5
5 346.704 -83.7993 3.81139 0.5
5 375.001 -19.9843 14.9971 0.5
5 386.481 -7.1048 -13.4162 0.5
5 358.219 -60.8898 -9.58001 0.5
5 387.926 16.8614 -2.7081 0.5
5 338.414 -71.3322 -8.56094 0.5
5 366.259 -28.183 -13.1376 0.5
5 361.558 -42.0047 14.9188 0.5
5 351.825 -63.4013 -14.701 0.5
5 340.173 -87.0049 -13.5654 0.5
6 427.328 -93.4963 -14.9635 0.5
6 399.505 -77.8457 -3.42227 0.5
6 350.898 -92.4314 15 0.5
6 335.756 -100.042 12.937 0.5
6 356.575 -77.5747 -1.9294 0.5
6 371.297 -79.2834 7.1859 0.5
6 385.06 -91.1726 14.9455 0.5
6 375.738 -103.191 10.4702 0.5
6 378.309 -107.24 -2.501 0.5
6 367.044 -107.02 3.5666 0.5
6 439.186 -77.5532 1.756 0.5
6 374.285 -107.172 2.8724 0.5
6 369.034 -95.6787 14.6484 0.5
6 439.66 -104.505 8.92622 0.5
6 353.354 -79.5797 7.70413 0.5
6 368.762 -79.9703 8.322 0.5
6 423.952 -84.699 -12.8421 0.5
6 429.415 -98.4937 -13.7286 0.5
6 414.017 -105.768 -6.90261 0.5
6 408.307 -103.665 -9.96136 0.5
6 382.727 -77.5061 1.29472 0.5
6 382.851 -104.396 9.07212 0.5
6 355.796 -95.5177 14.683 0.5
6 390.903 -107.413 -1.05305 0.5
6 347.615 -106.488 -5.28509 0.5
6 395.386 -83.1639 -11.7799 0.5
6 352.056 -87.666 -14.2166 0.5
6 385.951 -78.2715 -4.89567 0.5
6 408.494 -102.802 -10.8552 0.5
6 380.294 -81.4314 -10.1779 0.5
6 430.717 -92.3217 -14.9995 0.5
6 444.059 -107.367 -1.57373 0.5
6 393.044 -81.5313 -10.285 0.5
6 407.838 -79.2981 7.2128 0.5
6 421.192 -77.5909 -2.05019 0.5
6 355.915 -79.1893 -7.0108 0.5
6 394.127 -106.253 -5.87169 0.5
6 365.461 -94.2906 -14.8867 0.5
6 392.978 -100.204 12.8403 0.5
6 355.856 -105.737 -6.96048 0.5
6 391.81 -106.359 5.61635 0.5
6 443.931 -91.8028 14.986 0.5
6 358.178 -77.6123 2.19984 0.5
6 431.234 -95.9032 -14.5971 0.5
6 406.755 -78.4201 5.30661 0.5
6 371.748 -92.88 -14.9938 0.5
6 394.744 -92.4624 -15 0.5
6 350.154 -99.6413 13.1638 0.5
6 428.367 -86.8409 13.9118 0.5
6 392.812 -96.586 -14.4185 0.5
6 380.868 -105.983 6.47012 0.5
6 374.441 -104.086 -9.4665 0.5
6 428.399 -105.742 -6.95069 0.5
6 340.602 -100.021 -12.9494 0.5
6 367.933 -106.855 -4.18448 0.5
6 393.825 -78.4059 5.26884 0.5
6 361.302 -89.4844 14.7039 0.5
6 435.51 -77.5206 1.45296 0.5
6 417.41 -79.5696 -7.68714 0.5
6 368.635 -79.0609 6.76233 0.5
6 340.344 -106.665 -4.79052 0.5
6 431.668 -88.7951 14.5479 0.5
6 416.407 -95.6654 -14.6513 0.5
6 364.906 -80.746 -9.38163 0.5
6 415.763 -102.283 -11.3278 0.5
6 355.971 -90.9464 14.9244 0.5
6 397.928 -104.522 -8.90284 0.5
6 375.014 -91.5524 14.9731 0.5
6 435.048 -83.1663 -11.7818 0.5
6 382.184 -97.7358 -14.0378 0.5
6 407.762 -77.5457 -1.69108 0.5
6 339.28 -105.615 7.18942 0.5
6 370.923 -97.112 14.2572 0.5
6 442.846 -86.0218 13.5527 0.5
6 386.073 -77.4725 -0.819969 0.5
6 423.4 -77.4599 -0.543567 0.5
7 446.175 -80.6976 -2.72777 0.5
7 491.507 -186.29 8.54854 0.5
7 444.876 -101.848 12.2538 0.5
7 445.483 -107.723 6.59147 0.5
7 447.465 -91.2023 -13.5281 0.5
7 461.664 -136.344 -5.20562 0.5
7 463.526 -132.985 -12.9987 0.5
7 486.301 -167.486 14.7835 0.5
7 445.094 -82.4608 -10.0725 0.5
7 458.122 -118.155 14.864 0.5
7 465.058 -132.761 14.2746 0.5
7 467.394 -124.512 -12.8801 0.5
7 487.346 -159.387 13.0637 0.5
7 478.676 -163.328 9.52607 0.5
7 490.146 -186.245 3.27729 0.5
7 492.983 -190.38 5.7381 0.5
7 497.745 -198.867 -5.12164 0.5
7 457.29 -122.854 -12.5893 0.5
7 468.935 -129.57 14.0324 0.5
7 479.127 -148.987 14.5774 0.5
7 464.692 -113.959 6.41179 0.5
7 497.939 -172.663 8.37739 0.5
7 484.051 -160.78 -14.9976 0.5
7 456.29 -98.0004 -0.989319 0.5
7 499.909 -188.545 -15 0.5
7 465.429 -136.712 -12.7417 0.5
7 449.842 -116.439 3.26484 0.5
7 468.776 -148.207 6.29984 0.5
7 492.593 -172.076 14.5183 0.5
7 458.705 -131.889 2.7897 0.5
7 452.327 -105.448 -14.9857 0.5
7 461.379 -121.463 14.9966 0.5
7 455.715 -98.3732 6.3333 0.5
7 465.262 -143.219 2.92508 0.5
7 454.691 -104.905 14.0351 0.5
7 496.017 -178.325 -14.5973 0.5
7 489.022 -176.69 -13.2507 0.5
7 462.605 -122.967 -14.9706 0.5
7 495.965 -196.603 -1.5788 0.5
7 460.722 -126.435 13.8369 0.5
7 479.898 -139.328 3.73171 0.5
7 486.792 -173.301 -12.9887 0.5
7 492.183 -189.033 -5.64398 0.5
7 474.057 -142.425 14.9421 0.5
7 456.841 -128.551 -3.31561 0.5
7 482.622 -169.223 10.5656 0.5
7 449.244 -104.486 14.5308 0.5
7 490.264 -181.846 -11.1504 0.5
7 446.82 -92.0632 -14.3086 0.5
7 444.885 -88.6947 14.3032 0.5
7 492.446 -184.274 -12.231 0.5
7 474.344 -129.265 0.903724 0.5
7 492.419 -190.446 1.71637 0.5
7 482.297 -172.34 4.4429 0.5
7 489.604 -162.147 -12.344 0.5
7 445.516 -80.6065 -6.10997 0.5
7 454.586 -97.6311 -8.46274 0.5
7 483.527 -170.657 -10.6981 0.5
7 486.067 -157.293 13.1324 0.5
7 448.836 -93.0657 13.2713 0.5
7 475.287 -160.807 -1.375 0.5
7 470.068 -146.023 -11.8545 0.5
7 470.554 -147.743 -11.117 0.5
7 474.612 -145.066 -14.9956 0.5
7 471.767 -134.077 13.876 0.5
7 498.371 -185.678 -14.999 0.5
7 495.419 -173.614 13.1988 0.5
7 478.413 -138.941 8.5217 0.5
7 445.512 -104.555 -10.9464 0.5
7 455.712 -113.239 -14.9458 0.5
7 449.89 -86.9467 1.38845 0.5
7 450.393 -104.575 -14.8891 0.5
7 474.167 -144.453 14.9909 0.5
8 532.918 -136.268 -14.2747 0.5
8 505.858 -193.488 1.09147 0.5
8 539.691 -120.911 -14.9678 0.5
8 531.995 -146.94 -6.14762 0.5
8 518.973 -161.606 13.8364 0.5
8 518.354 -163.428 13.4976 0.5
8 545.348 -96.7554 -6.79261 0.5
8 516.548 -160.299 -14.9973 0.5
8 515.175 -159.36 -14.6905 0.5
8 553.999 -80.9655 4.88814 0.5
8 529.997 -144.97 -12.5271 0.5
8 514.239 -157.638 -13.5785 0.5
8 527.98 -138.309 14.8788 0.5
8 541.064 -114.76 -14.7383 0.5
8 538.835 -118.658 -14.7451 0.5
8 507.466 -162.205 6.45811 0.5
8 514.899 -162.63 -14.9981 0.5
8 541.778 -115.556 -14.9809 0.5
8 501.968 -196.388 10.0667 0.5
8 547.45 -119.364 -7.69642 0.5
8 513.358 -154.475 -10.1281 0.5
8 524.839 -131.956 6.11694 0.5
8 536.072 -141.182 0.657147 0.5
8 543.034 -114.362 14.9983 0.5
8 520.014 -139.027 -0.696882 0.5
8 506.145 -164.5 -6.47439 0.5
8 541.195 -132.289 -1.01611 0.5
8 535.457 -135.375 12.6165 0.5
8 503.618 -184.328 14.8768 0.5
8 529.269 -133.573 14.3382 0.5
8 545.866 -122.599 -6.80589 0.5
8 544.711 -125.132 5.64244 0.5
8 551.305 -84.9354 1.9183 0.5
8 508.779 -163.382 -11.1004 0.5
8 524.415 -133.472 -7.62944 0.5
8 510.857 -155.412 3.99117 0.5
8 551.417 -109.108 11.6167 0.5
8 528.215 -133.389 -13.5582 0.5
8 524.282 -136.277 -10.8665 0.5
8 502.121 -179.638 14.0078 0.5
8 517.433 -146.39 -8.8791 0.5
8 534.188 -144.435 -0.863364 0.5
8 552.741 -95.275 -14.8593 0.5
8 505.861 -191.217 -7.99226 0.5
8 540.515 -103.574 1.48579 0.5
8 536.1 -115.969 -11.0174 0.5
8 517.989 -167.855 10.8683 0.5
8 534.374 -133.068 14.4757 0.5
8 524.412 -158.386 -9.00903 0.5
8 503.352 -177.599 -14.0435 0.5
8 506.763 -179.885 14.7122 0.5
8 502.497 -194.945 10.6176 0.5
8 521.32 -161.636 11.2789 0.5
8 542.221 -102.774 -7.86709 0.5
8 506.042 -186.497 -12.5029 0.5
8 538.316 -132.326 -11.1651 0.5
8 503.021 -188.804 -14.0093 0.5
8 553.951 -105.201 11.206 0.5
8 529.429 -126.329 9.77972 0.5
8 547.102 -121.63 -3.69317 0.5
8 511.967 -153.907 -5.27681 0.5
8 531.166 -143.943 11.8088 0.5
8 545.417 -95.1529 -2.05835 0.5
8 546.038 -109.731 -14.9789 0.5
8 520.987 -142.875 11.6488 0.5
8 522.345 -140.519 11.6456 0.5
8 507.794 -160.245 1.44331 0.5
8 511.992 -182.858 -1.17575 0.5
8 521.944 -144.063 -13.4685 0.5
8 533.137 -134.08 14.7365 0.5
8 549.848 -87.4478 -1.83293 0.5
8 546.929 -121.054 -6.19215 0.5
8 539.34 -123.732 -14.6556 0.5
9 581.771 -100.607 -12.588 0.5
9 593.218 -95.7541 -14.6316 0.5
9 572.727 -102.823 10.8355 0.5
9 590.57 -98.3424 -13.7942 0.5
9 608.439 -79.4845 7.54275 0.5
9 592.713 -97.9231 13.9659 0.5
9 629.57 -106.464 -5.34983 0.5
9 646.084 -107.439 -0.583055 0.5
9 642.134 -106.805 -4.35309 0.5
9 645.9 -87.7204 -14.2348 0.5
9 659.366 -100.001 -12.9606 0.5
9 610.389 -105.269 -7.78998 0.5
9 576.795 -104.61 -8.78321 0.5
9 650.322 -92.0547 -14.9948 0.5
9 597.995 -90.7517 14.9035 0.5
9 649.777 -107.44 -0.549168 0.5
9 584.748 -78.8093 -6.23934 0.5
9 629.911 -79.7263 7.94383 0.5
9 561.551 -104.224 -9.29415 0.5
9 641.06 -78.1567 -4.54974 0.5
9 596.116 -79.3873 -7.37317 0.5
9 643.172 -77.6002 2.11666 0.5
9 637.682 -106.075 6.27457 0.5
9 557.331 -77.6374 -2.36322 0.5
9 594.697 -107.367 1.57968 0.5
9 632.517 -95.2044 -14.745 0.5
9 595.153 -103.995 9.57644 0.5
9 657.639 -97.3627 14.1727 0.5
9 637.569 -107.447 -0.28686 0.5
9 627.281 -98.1368 13.8802 0.5
9 587.34 -86.0944 -13.5869 0.5
9 645.601 -99.8268 -13.0608 0.5
9 594.356 -78.1971 -4.67472 0.5
9 604.198 -96.9491 -14.3094 0.5
9 624.615 -80.5426 -9.12206 0.5
9 631.565 -103.047 10.6166 0.5
9 557.212 -104.776 -8.54808 0.5
9 572.17 -103.732 -9.88535 0.5
9 617.333 -77.5246 1.49328 0.5
9 568.05 -106.824 -4.28878 0.5
9 574.37 -102.906 10.7548 0.5
9 595.505 -104.028 -9.53702 0.5
9 557.689 -87.4756 -14.1511 0.5
9 664.474 -104.927 -8.32611 0.5
9 595.817 -96.6129 14.4108 0.5
9 611.395 -87.2724 -14.0781 0.5
9 556.358 -78.0327 4.13995 0.5
9 594.851 -103.163 -10.4996 0.5
9 638.414 -107.223 -2.60216 0.5
9 637.225 -107.39 -1.3448 0.5
9 631.421 -106.937 3.8882 0.5
9 660.913 -103.185 -10.4767 0.5
9 607.229 -96.2282 14.5164 0.5
9 598.54 -100.851 -12.4268 0.5
9 608.715 -79.475 -7.52636 0.5
9 657.503 -81.3176 -10.0532 0.5
9 643.92 -82.6975 11.3968 0.5
9 664.8 -86.0792 13.5798 0.5
9 560.693 -78.6038 5.76882 0.5
9 626.386 -102.003 11.5647 0.5
9 568.349 -90.1725 -14.8261 0.5
9 578.987 -78.9712 -6.58185 0.5
9 626.294 -83.2756 -11.8671 0.5
9 623.571 -102.914 10.7475 0.5
9 588.071 -82.8983 -11.5656 0.5
9 581.493 -83.5558 -12.0786 0.5
9 636.323 -78.3257 -5.04998 0.5
9 612.595 -94.2134 -14.896 0.5
9 556.441 -82.6497 -11.3557 0.5
9 556.644 -84.9921 -13.0145 0.5
9 608.454 -88.3465 14.4278 0.5
9 657.277 -77.9648 3.89571 0.5
9 654.236 -83.4591 12.0068 0.5
9 621.758 -100.33 12.7637 0.5
9 592.826 -107.377 -1.47832 0.5
9 660.062 -92.449 -15 0.5
9 617.124 -77.9349 -3.78273 0.5
9 654.533 -99.3302 13.3291 0.5
9 566.391 -107.302 2.10027 0.5
9 659.359 -81.2021 -9.92388 0.5
9 600.878 -97.0207 -14.2867 0.5
9 584.321 -81.2192 -9.94314 0.5
9 573.752 -79.3073 7.22968 0.5
9 636.082 -77.8543 -3.45883 0.5
9 600.285 -87.963 -14.3131 0.5
9 630.957 -103.393 -10.2594 0.5
10 657.79 -72.7786 -14.3714 0.5
10 650.577 -71.2908 -13.4159 0.5
10 650.735 -55.0114 11.3177 0.5
10 620.344 2.34733 -3.59077 0.5
10 626.01 -27.3133 14.0389 0.5
10 653.966 -58.5976 -9.19004 0.5
10 653.31 -82.8545 6.45773 0.5
10 650.206 -58.3836 13.9332 0.5
10 652.477 -56.7777 -10.095 0.5
10 644.97 -45.9285 -12.0436 0.5
10 644.229 -68.4624 1.93116 0.5
10 628.608 -11.5348 -0.348435 0.5
10 621.959 -2.76585 8.66004 0.5
10 665.362 -104.597 -4.18045 0.5
10 622.457 -16.3294 14.9932 0.5
10 659.106 -93.9058 3.64374 0.5
10 656.049 -87.9971 5.54693 0.5
10 633.929 -26.5171 -11.8245 0.5
10 665.078 -79.0754 -10.5908 0.5
10 611.762 15.9066 -7.0133 0.5
10 616.465 0.0100204 13.9524 0.5
10 630.836 -21.1785 11.8387 0.5
10 643.477 -54.7107 -14.8025 0.5
10 634.358 -34.9929 -14.9252 0.5
10 638.405 -36.1183 13.0578 0.5
10 624.499 -4.45153 -1.07559 0.5
10 623.402 -6.5729 -10.2626 0.5
10 641.769 -48.3212 -14.9664 0.5
10 657.556 -91.6419 -0.904618 0.5
10 639.338 -30.1279 -0.6112 0.5
10 656.327 -88.9347 -4.22228 0.5
10 613.37 14.7214 -2.05443 0.5
10 654.094 -58.6826 9.01141 0.5
10 649.046 -57.7313 14.4005 0.5
10 637.153 -55.6973 4.31195 0.5
10 644.824 -41.2852 -6.8754 0.5
10 633.21 -35.5426 14.9639 0.5
10 640.817 -44.4729 14.6538 0.5
10 642.076 -34.8655 -0.467277 0.5
10 636.195 -45.2126 13.9388 0.5
10 624.817 -11.4489 -12.3484 0.5
10 619.278 -3.865 13.5154 0.5
10 612.959 -7.69799 -12.5133 0.5
10 664.355 -73.4534 0.467491 0.5
10 637.377 -54.5712 7.73329 0.5
10 622.393 -14.1886 14.9169 0.5
10 620.961 -0.0836305 7.12176 0.5
10 647.25 -61.7955 -14.7019 0.5
10 661.958 -99.2943 0.169007 0.5
10 638.922 -42.8168 -14.9168 0.5
10 657.5 -90.0186 -6.65098 0.5
10 638.165 -57.9733 -1.82143 0.5
10 624.796 -13.9102 -13.74 0.5
10 619.403 -1.04665 -11.5756 0.5
10 626.727 -35.2996 -8.96361 0.5
10 666.314 -100.178 -12.4682 0.5
10 652.622 -63.0259 -14.1069 0.5
10 656.9 -90.0022 -3.95991 0.5
10 659.376 -71.5704 -12.526 0.5
10 615.83 -18.0604 -6.19321 0.5
10 624.46 -29.7064 -10.8469 0.5
10 654.269 -66.9446 14.4479 0.5
10 650.194 -78.4558 3.69617 0.5
10 639.085 -59.6346 1.1379 0.5
10 649.619 -71.7276 -12.1436 0.5
10 643.252 -49.15 14.7469 0.5
10 639.187 -41.3944 -14.5956 0.5
10 613.93 13.2759 -4.25695 0.5
10 625.995 -17.7822 -14.3934 0.5
10 634.86 -22.3757 -0.691297 0.5
10 622.378 -0.989872 2.72752 0.5
10 652.868 -55.9296 -8.10672 0.5
10 641.374 -49.9288 -14.9446 0.5
10 639.485 -52.844 -13.0051 0.5
10 615.937 -12.4301 -12.7842 0.5
10 623.929 -10.0789 12.4624 0.5
10 612.432 13.5755 -8.88194 0.5
10 643.43 -62.3257 11.0696 0.5
11 664.202 99.7006 -14.4654 0.5
11 647.245 60.1766 -13.6658 0.5
11 642.88 43.8739 1.49173 0.5
11 638.02 36.0351 -4.37539 0.5
11 664.744 89.1782 12.995 0.5
11 651.728 87.5931 -6.60605 0.5
11 631.354 38.386 14.9932 0.5
11 621.612 16.3923 13.9269 0.5
11 627.171 19.2961 8.59172 0.5
11 616.356 13.6094 -14.9812 0.5
11 659.093 90.8067 -14.4776 0.5
11 660.974 103.55 -6.72049 0.5
11 660.254 75.0656 -5.81218 0.5
11 653.274 65.3256 9.65714 0.5
11 659.727 74.97 7.46505 0.5
11 657.496 69.1159 0.142514 0.5
11 617.745 4.30538 -10.2412 0.5
11 655.42 74.958 13.9304 0.5
11 650.046 63.1304 12.6368 0.5
11 644.677 76.6772 -2.65238 0.5
11 662.055 94.7485 14.7482 0.5
11 643.719 69.1072 -12.1084 0.5
11 638.146 62.2191 9.48804 0.5
11 638.647 38.2101 7.01625 0.5
11 660.564 101.906 8.3285 0.5
11 636.509 49.7202 14.8721 0.5
11 623.472 18.0698 -13.205 0.5
11 628.256 36.9462 14.5918 0.5
11 663.478 94.0596 14.9942 0.5
11 626.142 41.9174 8.85443 0.5
11 647.821 64.482 14.7217 0.5
11 659.832 100.633 -8.33609 0.5
11 620.864 9.7405 10.2769 0.5
11 635.76 44.8084 -14.9079 0.5
11 626.097 29.227 -14.9915 0.5
11 642.53 44.2427 5.50818 0.5
11 619.145 26.8701 11.8629 0.5
11 651.961 88.3438 -5.84494 0.5
11 611.165 17.1214 7.02626 0.5
11 636.742 53.5446 14.0036 0.5
11 625.194 13.7602 -4.17662 0.5
11 628.656 47.3503 7.14815 0.5
11 662.403 107.277 -3.16507 0.5
11 621.044 7.84099 7.23733 0.5
11 627.548 42.6687 10.7861 0.5
11 637.297 40.6903 12.4006 0.5
11 633.096 53.3556 -9.6296 0.5
11 645.377 55.7896 13.0842 0.5
11 661.717 103.512 8.88486 0.5
11 645.251 67.9815 14.1158 0.5
11 618.312 14.4276 -14.8893 0.5
11 620.452 19.9653 15 0.5
11 625.537 37.4327 -12.2402 0.5
11 649.243 56.403 -6.70534 0.5
11 613.032 17.9306 -10.3791 0.5
11 646.533 71.7091 13.4786 0.5
11 662.195 77.2918 1.06099 0.5
11 623.742 33.5085 12.7784 0.5
11 654.175 70.2382 12.608 0.5
11 642.938 44.1785 2.87252 0.5
11 646.389 76.0973 9.95672 0.5
11 659.92 77.2894 10.171 0.5
11 664.009 109.601 4.8209 0.5
11 656.117 78.379 -14.6213 0.5
11 655.103 94.0753 -5.1049 0.5
11 634.25 57.9254 5.19179 0.5
11 644.282 62.0319 -14.9785 0.5
11 640.535 58.9806 14.3877 0.5
11 628.418 48.29 -3.6914 0.5
11 613.386 13.475 -13.8499 0.5
11 660.719 97.4644 12.8326 0.5
11 631.007 24.208 5.31169 0.5
11 619.401 31.3452 -7.10393 0.5
11 612.256 13.9036 -12.5961 0.5
11 613.673 23.0156 2.42083 0.5
11 664.042 91.2492 -14.3989 0.5
11 614.523 -3.14075 7.77799 0.5
11 626.429 26.8469 -14.5957 0.5
11 621.504 36.3445 -3.57163 0.5
11 639.229 63.9435 -9.66905 0.5
11 648.781 70.5946 14.9173 0.5
11 653.873 79.1761 -14.9405 0.5
11 628.703 19.5217 2.8713 0.5
11 632.409 44.1317 -14.5935 0.5
11 621.424 30.7788 11.892 0.5
11 650.812 84.6548 -8.84332 0.5
12 697.966 90.7933 11.8421 0.5
12 679.449 85.7949 -4.81823 0.5
12 712.164 100.441 14.9935 0.5
12 724.626 113.448 -6.64532 0.5
12 687.852 91.4901 12.3524 0.5
12 737.844 111.518 -9.60944 0.5
12 723.138 85.405 3.462 0.5
12 748.417 85.6164 4.25593 0.5
12 669.75 87.3094 -7.99679 0.5
12 744.05 100.91 -14.9724 0.5
12 684.275 87.88 8.8378 0.5
12 775.872 85.1326 -1.99027 0.5
12 677.027 85.0327 -0.990185 0.5
12 761.789 109.884 -11.2832 0.5
12 728.308 105.487 -13.9606 0.5
12 691.903 114.651 3.21631 0.5
12 684.004 114.937 1.3713 0.5
12 724.108 110.89 10.3155 0.5
12 668.007 88.0133 -9.01766 0.5
12 767.086 113.774 -5.93955 0.5
12 732.538 90.855 11.8899 0.5
12 738.49 86.6076 6.75603 0.5
12 725.665 114.963 1.05283 0.5
12 685.608 89.9289 11.1163 0.5
12 686.942 109.165 -11.8745 0.5
12 704.65 85.0038 -0.33612 0.5
12 681.229 113.826 5.81775 0.5
12 687.077 110.921 -10.2828 0.5
12 733.505 95.2523 -14.2288 0.5
12 702.042 111.889 -9.14647 0.5
12 774.222 86.0404 -5.48892 0.5
12 685.944 111.801 -9.25887 0.5
12 713.619 108.714 12.2091 0.5
12 684.662 114.975 -0.861803 0.5
12 750.01 104.513 14.3051 0.5
12 668.249 111.155 -10.0282 0.5
12 694.173 107.457 -13.0153 0.5
12 758.047 95.1555 -14.1962 0.5
12 775.647 101.906 -14.8784 0.5
12 686.014 85.0179 0.731884 0.5
12 759.849 88.7297 9.89846 0.5
12 674.36 108.644 12.2588 0.5
12 676.974 96.6549 14.6223 0.5
12 678.7 104.226 -14.3925 0.5
12 668.41 114.94 -1.33881 0.5
12 671.578 96.7948 -14.6535 0.5
12 773.471 112.787 -7.84208 0.5
12 674.242 107.447 -13.0206 0.5
12 766.9 102.235 14.8326 0.5
12 681.887 86.834 7.18733 0.5
12 722.216 114.983 -0.719384 0.5
12 737.507 94.2923 13.8716 0.5
12 769.235 104.797 14.2121 0.5
12 770.705 114.807 -2.3994 0.5
12 771.602 86.2202 -5.92608 0.5
12 707.312 91.4255 12.3077 0.5
12 698.932 99.9422 14.9999 0.5
12 736.38 86.8599 7.23457 0.5
12 767.394 96.0465 14.4696 0.5
12 700.968 89.7665 -10.967 0.5
12 685.312 112.857 7.7268 0.5
12 773.5 114.89 1.8166 0.5
12 766.661 114.763 -2.65736 0.5
12 732.302 103.714 -14.5329 0.5
12 698.734 104.468 14.319 0.5
12 695.551 88.0232 -9.03085 0.5
12 684.622 108.267 12.5161 0.5
12 723.281 111.663 9.43274 0.5
12 766.106 97.7165 14.8252 0.5
12 702.471 110.781 10.4294 0.5
12 766.287 88.9473 10.1409 0.5
12 733.919 103.389 14.612 0.5
12 751.783 114.567 -3.57783 0.5
12 756.42 101.376 -14.9367 0.5
13 796.06 82.7255 -4.23112 0.5
13 786.959 79.5647 -14.2989 0.5
13 781.052 88.0019 -13.6004 0.5
13 812.26 25.534 2.77274 0.5
13 817.495 45.2558 5.25621 0.5
13 807.087 51.7683 14.7846 0.5
13 823.086 32.029 10.7075 0.5
13 824.425 4.27547 1.45035 0.5
13 820.641 40.751 -0.488187 0.5
13 795.639 81.484 8.41005 0.5
13 791.007 64.973 8.84718 0.5
13 796.556 64.8154 14.7624 0.5
13 807.936 61.0111 7.0367 0.5
13 830.603 9.82163 -14.942 0.5
13 809.869 29.5033 -1.61184 0.5
13 826.995 2.46782 8.60716 0.5
13 813.853 45.4685 12.7189 0.5
13 789.728 64.6639 3.27908 0.5
13 819.732 23.3294 -14.4559 0.5
13 815.002 50.0944 3.56777 0.5
13 825.253 5.18671 -8.16481 0.5
13 825.053 16.4837 14.9108 0.5
13 788.553 66.999 4.40829 0.5
13 794.413 75.853 -14.2561 0.5
13 818.732 19.5077 -11.5602 0.5
13 823.62 10.7046 -11.2741 0.5
13 781.641 86.5914 -13.4122 0.5
13 779.975 107.668 9.66293 0.5
13 785.938 90.4618 -14.2785 0.5
13 797.159 60.772 13.8916 0.5
13 815.561 38.7514 -14.402 0.5
13 804.636 38.496 -0.701519 0.5
13 778.358 88.8208 11.0226 0.5
13 805.022 58.1781 -14.007 0.5
13 824.504 10.0242 11.9667 0.5
13 819.355 40.1567 8.76882 0.5
13 780.998 94.0224 -14.9947 0.5
13 800.479 75.6495 0.961439 0.5
13 787.966 71.5253 10.3808 0.5
13 791.79 66.2547 11.628 0.5
13 806.698 35.2401 -3.13756 0.5
13 812.287 54.5596 4.42872 0.5
13 785.121 73.3518 5.56458 0.5
13 789.789 69.4945 11.4407 0.5
13 821.466 36.6767 8.51875 0.5
13 814.44 51.4407 -1.32259 0.5
13 818.322 17.161 8.11566 0.5
13 816.185 48.4761 0.180928 0.5
13 787.208 97.6832 -5.33989 0.5
13 789.501 89.9963 -10.9026 0.5
13 781.444 88.9817 -14.2549 0.5
13 788.896 77.5304 -14.6522 0.5
13 807.442 62.2737 6.21178 0.5
13 793.083 85.4366 -9.07265 0.5
13 832.771 16.8005 -8.93073 0.5
13 789.172 65.7042 -3.6032 0.5
13 778.812 84.5583 6.21824 0.5
13 825.327 7.67701 11.2117 0.5
13 795.659 79.5206 10.7197 0.5
13 812.896 27.711 -9.67535 0.5
13 803.755 53.3627 -14.9097 0.5
13 831.805 14.8154 12.4315 0.5
13 779.019 103.28 13.9827 0.5
13 784.75 85.8056 -14.8498 0.5
13 813.912 37.9597 -14.99 0.5
13 801.45 47.6888 -9.85407 0.5
13 788.108 92.2161 -11.0821 0.5
13 832.416 19.1711 -5.86029 0.5
13 794.444 75.7816 14.2618 0.5
13 832.278 -5.15603 10.4524 0.5
13 824.598 33.741 -2.20921 0.5
13 799.42 71.0704 12.3212 0.5
13 802.593 69.3606 8.52569 0.5
13 783.208 78.3915 -8.72294 0.5
13 791.833 90.4559 2.44324 0.5
13 815.989 23.0673 10.4628 0.5
13 830.868 -4.84076 -7.67741 0.5
13 787.66 81.7986 -14.9608 0.5
13 793.403 87.9222 -0.659721 0.5
13 784.782 101.252 -6.77187 0.5
13 809.013 59.1412 7.04683 0.5
13 831.695 6.61353 15 0.5
14 873.693 62.2969 -9.7685 0.5
14 853.737 34.9906 14.4216 0.5
14 848.226 14.7486 -2.30484 0.5
14 857.467 34.5483 -10.1685 0.5
14 864.974 73.5696 -0.49413 0.5
14 870.632 73.4507 14.1162 0.5
14 846.588 36.3984 -11.4708 0.5
14 874.961 72.681 14.6556 0.5
14 883.594 83.9731 -13.3414 0.5
14 862.529 39.3442 -0.138244 0.5
14 887.753 90.0489 -12.6989 0.5
14 866.817 76.7557 -0.650616 0.5
14 857.257 57.3454 -8.81966 0.5
14 885.296 102.733 12.0328 0.5
14 877.256 81.4086 14.919 0.5
14 869.377 75.5282 -11.7497 0.5
14 868.13 65.1589 14.9585 0.5
14 855.843 40.6281 -14.8473 0.5
14 851.095 43.3466 12.1417 0.5
14 871.024 77.54 -12.3705 0.5
14 875.655 63.4661 6.30032 0.5
14 838.566 23.3511 -10.6993 0.5
14 871.071 62.4428 -13.4227 0.5
14 851.858 37.3986 -14.9209 0.5
14 853.787 36.2067 14.6981 0.5
14 873.213 83.5511 10.5098 0.5
14 869.41 68.5374 -14.8264 0.5
14 881.82 101.86 -5.10484 0.5
14 842.306 27.4532 -12.6011 0.5
14 874.94 61.049 -2.50104 0.5
14 853.414 53.4383 -1.87046 0.5
14 852.387 43.0693 -13.6162 0.5
14 855.785 42.9312 14.9976 0.5
14 838.414 0.869827 -9.38118 0.5
14 881.952 78.4683 -11.5947 0.5
14 842.838 14.1006 13.6872 0.5
14 838.417 -1.98301 -3.59316 0.5
14 876.484 93.2271 2.91993 0.5
14 846.631 29.652 14.7277 0.5
14 860.914 57.0986 -13.9346 0.5
14 839.592 4.63524 11.1975 0.5
14 842.382 25.2359 13.8383 0.5
14 839.703 7.6383 13.1759 0.5
14 847.48 41.074 7.82791 0.5
14 857.409 32.9902 8.31281 0.5
14 834.511 20.511 -3.00169 0.5
14 868.394 79.3994 1.75359 0.5
14 847.823 33.7175 14.196 0.5
14 879.733 96.3599 -8.70072 0.5
14 868.424 73.3847 -12.1255 0.5
14 881.102 98.8781 8.49217 0.5
14 880.615 90.9855 -14.0264 0.5
14 881.5 88.5369 -14.9405 0.5
14 849.503 18.3621 -6.70177 0.5
14 866.191 51.0962 11.5338 0.5
14 876.76 91.3011 8.57199 0.5
14 839.718 25.7376 -10.2997 0.5
14 869.076 50.8246 2.0567 0.5
14 841.698 5.3592 -7.64742 0.5
14 841.507 11.6332 13.613 0.5
14 860.342 46.3359 14.3945 0.5
14 885.014 87.7895 13.9558 0.5
14 846.667 18.0335 12.121 0.5
14 866.414 71.1468 11.114 0.5
14 886.462 81.9566 -5.78618 0.5
14 887.496 85.7688 9.23609 0.5
15 955.013 103.666 -14.5451 0.5
15 910.724 114.946 1.27643 0.5
15 913.801 88.8527 10.0369 0.5
15 973.735 99.6367 14.9956 0.5
15 894.423 114.48 3.91634 0.5
15 922.448 114.592 -3.47639 0.5
15 889.863 92.1976 12.811 0.5
15 958.672 107.262 13.1247 0.5
15 974.696 86.8348 -7.18871 0.5
15 932.794 94.0356 -13.7632 0.5
15 911.648 87.6832 8.56129 0.5
15 996.963 85.8873 5.0825 0.5
15 980.491 109.36 -11.7216 0.5
15 972.944 85.0081 -0.494089 0.5
15 889.456 96.5275 -14.5925 0.5
15 946.541 113.502 -6.53513 0.5
15 976.652 96.0551 14.472 0.5
15 911.137 110.369 -10.8395 0.5
15 990.706 107.669 -12.8912 0.5
15 956.965 85.0525 1.25439 0.5
15 945.586 105.816 -13.8267 0.5
15 978.619 114.29 -4.56029 0.5
15 982.418 113.375 6.79135 0.5
15 988.985 97.3643 14.7666 0.5
15 922.099 107 -13.2664 0.5
15 982.024 112.05 -8.93235 0.5
15 971.422 111.032 10.1629 0.5
15 908.898 85.1351 2.00886 0.5
15 967.562 108.513 -12.35 0.5
15 925.44 114.031 -5.30455 0.5
15 920.344 86.0789 5.58587 0.5
15 950.392 89.6613 -10.8679 0.5
15 982.512 107.722 -12.8595 0.5
15 902.286 88.3755 9.48003 0.5
15 913.441 110.657 -10.5562 0.5
15 960.688 88.9584 10.153 0.5
15 892.406 110.659 -10.5536 0.5
15 920.265 108.245 12.5305 0.5
15 907.134 114.473 3.94248 0.5
15 951.433 114.314 4.48357 0.5
15 981.7 94.2059 -13.8357 0.5
15 889.725 103.481 -14.5905 0.5
15 924.577 99.2691 -14.9822 0.5
15 933.811 98.8911 -14.959 0.5
15 978.34 112.486 -8.31273 0.5
15 923.164 85.0273 -0.903748 0.5
15 998.918 85.052 1.24831 0.5
15 971.256 108.21 -12.5538 0.5
15 938.536 114.839 2.19244 0.5
15 939.145 90.0893 11.2596 0.5
15 988.674 88.479 -9.60552 0.5
15 900.451 103.872 14.4916 0.5
15 959.198 109.948 -11.2269 0.5
15 894.67 109.611 -11.5164 0.5
15 895.041 86.5746 6.69021 0.5
15 936.649 107.445 -13.0218 0.5
15 898.354 113.797 -5.88671 0.5
15 957.341 112.027 8.96428 0.5
15 945.734 86.2617 6.02148 0.5
15 983.994 108.666 12.2435 0.5
15 947.71 99.3922 -14.9877 0.5
15 965.403 85.0351 -1.02515 0.5
15 960.505 114.451 4.02239 0.5
15 997.403 114.698 2.99393 0.5
15 904.544 88.1772 -9.23149 0.5
15 895.135 113.414 6.71266 0.5
15 907.447 109.188 -11.8568 0.5
15 897.935 114.734 -2.81119 0.5
15 923.924 85.868 -5.02853 0.5
15 914.543 104.641 -14.2641 0.5
15 917.601 86.175 5.81964 0.5
15 938.349 86.2821 -6.06783 0.5
15 918.38 108.097 12.627 0.5
15 965.803 110.848 10.3598 0.5
