0 21.2449 95.4009 -14.2776 0.5
0 17.8666 109.223 11.8293 0.5
0 76.0184 114.421 -4.12679 0.5
0 110.576 111.143 -10.0414 0.5
0 80.2491 114.992 -0.489468 0.5
0 86.5858 91.8143 12.5696 0.5
0 67.4703 85.4798 -3.76342 0.5
0 55.51 103.383 14.6136 0.5
0 60.9067 101.928 14.8755 0.5
0 66.0771 110.15 11.0448 0.5
0 92.2073 104.215 14.3958 0.5
0 43.8248 113.392 -6.7567 0.5
0 96.4518 85.564 -4.07454 0.5
0 85.6906 103.09 -14.6782 0.5
0 81.5409 85.7539 4.69568 0.5
0 72.219 108.928 12.054 0.5
0 32.3703 85.0022 -0.259523 0.5
0 56.2628 110.944 -10.2577 0.5
0 24.8587 110.845 -10.3632 0.5
0 105.32 94.2848 13.8685 0.5
0 12.8316 114.363 4.32606 0.5
0 102.38 102.545 -14.7825 0.5
0 101.962 92.3061 12.8765 0.5
0 35.4623 103.389 -14.6121 0.5
0 18.2636 111.065 -10.128 0.5
0 99.8584 112.094 8.873 0.5
0 33.998 92.2867 -12.8649 0.5
0 26.3818 99.5142 14.9921 0.5
0 103.543 103.173 -14.6606 0.5
0 50.4886 87.2587 7.91575 0.5
0 94.1648 98.5662 -14.9313 0.5
0 95.1836 111.194 -9.98425 0.5
0 32.01 109.436 11.6599 0.5
0 19.2175 98.2575 14.8985 0.5
0 40.0913 86.133 -5.71889 0.5
0 17.2325 96.5402 14.5955 0.5
0 93.6103 92.3247 -12.8876 0.5
0 26.9392 106.087 13.7096 0.5
0 21.0922 91.5293 -12.3793 0.5
0 51.1311 85.0032 -0.312177 0.5
0 22.6526 87.8545 8.80271 0.5
0 84.3468 113.546 -6.44258 0.5
0 95.1664 112.14 -8.80964 0.5
0 61.5494 110.382 -10.8264 0.5
0 60.0423 96.307 -14.5383 0.5
0 8.7248 86.8322 -7.18403 0.5
0 105.424 114.798 2.45159 0.5
0 13.8988 85.1143 1.84796 0.5
0 88.8573 85.8779 -5.05631 0.5
0 36.1525 114.829 2.25993 0.5
0 5.83759 112.617 -8.11293 0.5
0 0.27935 101.073 14.9616 0.5
0 106.168 114.19 -4.86192 0.5
0 103.244 107.915 12.742 0.5
0 3.83258 88.0397 -9.0527 0.5
0 88.3644 112.036 8.95154 0.5
0 54.1583 114.986 -0.643697 0.5
0 16.4231 97.6884 14.8208 0.5
0 25.5694 105.117 -14.1004 0.5
0 90.5031 102.501 14.7901 0.5
0 100.153 103.466 -14.5942 0.5
0 93.4406 114.915 1.59648 0.5
0 40.7154 85.0309 -0.961865 0.5
0 90.9914 105.472 13.9664 0.5
0 49.7677 114.355 4.35117 0.5
0 14.8675 105.551 -13.9349 0.5
0 77.0186 85.0034 0.319281 0.5
0 70.0435 85.1939 -2.4039 0.5
0 74.5295 103.657 14.5473 0.5
0 62.4772 110.333 10.8734 0.5
0 50.9181 107.61 12.926 0.5
0 81.5142 85.3232 -3.09709 0.5
0 91.7439 85.6222 -4.27545 0.5
0 79.0906 89.1284 -10.3348 0.5
0 72.9406 95.5138 14.3134 0.5
0 91.7202 96.4241 -14.5675 0.5
0 47.3108 114.88 -1.8961 0.5
0 66.939 114.819 -2.32009 0.5
0 25.0141 97.5658 -14.8012 0.5
0 71.5948 88.3958 -9.50483 0.5
0 58.9347 91.4884 12.3513 0.5
0 103.814 108.796 12.1503 0.5
0 72.2478 85.2 2.44121 0.5
0 7.95713 113.122 -7.26804 0.5
0 84.2604 109.425 -11.6693 0.5
0 32.3169 103.631 -14.5539 0.5
0 39.6738 114.387 4.24435 0.5
0 54.9976 87.3262 -8.02339 0.5
0 80.8504 107.996 -12.6912 0.5
0 3.38472 87.5113 8.30858 0.5
0 93.7381 114 5.38557 0.5
0 23.9503 85.2122 -2.51418 0.5
0 47.2785 94.9174 14.1127 0.5
0 12.2013 86.956 7.40636 0.5
0 13.6853 101.021 -14.9652 0.5
0 45.543 111.365 9.7902 0.5
0 77.4279 96.098 14.4836 0.5
0 6.25078 112.801 7.81949 0.5
0 28.2458 114.417 4.14168 0.5
0 4.92937 112.916 7.62784 0.5
0 98.1287 89.7953 -10.9939 0.5
0 98.9383 105.473 -13.9661 0.5
0 14.4101 89.6165 -10.8251 0.5
0 87.2065 114.263 -4.64531 0.5
0 1.88127 87.0974 -7.65004 0.5
0 1.99387 104.397 -14.3412 0.5
0 100.156 96.0055 14.4583 0.5
0 60.2094 114.749 -2.7308 0.5
0 82.8318 92.4438 12.9578 0.5
0 66.8066 105.924 13.7805 0.5
0 74.7502 114.648 3.2302 0.5
0 94.5561 89.5073 10.7192 0.5
0 55.0915 110.047 11.1384 0.5
0 98.1907 108.972 12.0209 0.5
0 103.957 88.3691 -9.47217 0.5
0 23.2895 114.407 4.17598 0.5
0 45.1268 87.7805 8.69961 0.5
0 19.9316 86.4913 -6.52032 0.5
0 83.4512 111.613 -9.49351 0.5
0 31.3008 85.4168 3.51157 0.5
0 7.43243 110.174 -11.022 0.5
0 34.3637 109.316 11.7567 0.5
0 74.3316 85.523 3.92654 0.5
0 0.189659 85.6211 -4.27177 0.5
0 83.5245 112.834 7.76434 0.5
0 70.4646 110.788 10.4225 0.5
0 16.9159 96.1228 -14.4902 0.5
0 78.6055 110.316 -10.8893 0.5
0 42.1435 109.838 11.3233 0.5
0 49.2148 88.452 9.57304 0.5
0 2.62788 99.3648 14.9865 0.5
0 74.1756 87.2142 -7.84373 0.5
0 58.6322 90.1294 -11.2947 0.5
0 13.8898 108.754 12.1809 0.5
0 12.6175 85.6999 4.52839 0.5
0 107.16 85.086 -1.60387 0.5
0 78.7244 85.009 0.518747 0.5
0 16.0722 113.163 7.19285 0.5
0 95.2825 85.9264 5.18988 0.5
0 99.0526 105.991 13.7515 0.5
0 15.5226 114.539 -3.68972 0.5
0 47.0891 85.9173 -5.16498 0.5
0 92.1965 85.3679 3.30165 0.5
0 49.3603 87.4539 8.22162 0.5
0 23.0853 114.272 -4.61686 0.5
0 57.6808 103 -14.697 0.5
0 16.086 94.6828 -14.0259 0.5
0 103.248 114.73 -2.83544 0.5
0 29.0618 103.988 -14.4601 0.5
0 33.665 110.105 11.0858 0.5
0 2.40721 105.829 -13.8209 0.5
0 7.69097 91.6556 -12.4648 0.5
0 43.4949 112.84 -7.75389 0.5
0 96.2349 114.95 -1.22609 0.5
0 41.0493 96.8785 -14.6716 0.5
0 39.5313 113.279 -6.97593 0.5
0 65.6513 115 -0.0577986 0.5
0 79.994 93.9175 -13.7114 0.5
0 3.81048 99.7676 -14.9982 0.5
0 106.8 90.0628 11.2362 0.5
0 25.7594 106.871 -13.3337 0.5
0 46.8401 85.063 -1.37333 0.5
0 17.325 90.7767 11.8292 0.5
0 106.94 86.769 -7.06678 0.5
1 120.274 70.0431 5.15455 0.5
1 111.304 114.582 1.58726 0.5
1 130.206 64.6456 14.8256 0.5
1 137.731 60.2355 13.5929 0.5
1 160.37 25.0845 -10.8055 0.5
1 145.504 49.4554 11.9804 0.5
1 146.513 52.1991 -6.50327 0.5
1 132.442 57.8503 -14.0687 0.5
1 152.253 18.3334 10.8023 0.5
1 145.561 32.7006 -12.9142 0.5
1 164.365 -6.86645 -3.31625 0.5
1 158.219 8.51147 11.2733 0.5
1 142.503 50.5181 14.1803 0.5
1 118.639 89.9851 14.6921 0.5
1 148.284 43.0324 -13.0377 0.5
1 165.313 20.4006 4.5908 0.5
1 157.555 20.1719 -14.9874 0.5
1 158.298 4.88324 -6.76905 0.5
1 151.476 38.0654 -12.7014 0.5
1 143.48 31.1701 7.87793 0.5
1 151.665 17.5669 8.73849 0.5
1 164.624 17.3061 -11.187 0.5
1 111.697 105.027 13.7297 0.5
1 152.988 42.4498 0.731554 0.5
1 156.359 7.95772 -6.1732 0.5
1 137.101 59.9255 -14.1627 0.5
1 138.414 42.0959 10.5988 0.5
1 141.178 47.5892 -14.9963 0.5
1 118.685 101.443 3.59833 0.5
1 164.358 15.1682 13.0502 0.5
1 150.578 36.2689 14.2681 0.5
1 159.047 2.08576 -1.83816 0.5
1 133.972 71.1477 -10.4681 0.5
1 165.689 -5.28727 10.4557 0.5
1 156.245 8.13743 6.13313 0.5
1 128.737 75.236 13.8481 0.5
1 128.636 78.8763 11.824 0.5
1 132.617 50.4382 8.56862 0.5
1 138.951 39.2556 8.25398 0.5
1 137.508 69.2614 -0.745566 0.5
1 157.732 5.52321 -6.04602 0.5
1 121.831 67.8653 6.39577 0.5
1 154.084 11.4935 5.18395 0.5
1 153.32 24.6376 14.8296 0.5
1 127.635 86.0209 3.25921 0.5
1 134.538 50.9536 -12.3796 0.5
1 112.087 86.0289 -8.6124 0.5
1 146.229 53.1831 -5.35954 0.5
1 120.874 98.0313 1.32366 0.5
1 140.381 51.9242 14.7693 0.5
1 135.983 45.7066 9.96148 0.5
1 142.038 56.0386 11.5206 0.5
1 123.34 75.6765 -14.6672 0.5
1 158.244 26.6944 -12.4737 0.5
1 132.872 75.5029 -7.13466 0.5
1 120.863 68.2252 -1.86785 0.5
1 145.867 45.6823 -13.7986 0.5
1 156.706 36.0003 -0.91312 0.5
1 153.328 13.8449 -7.4242 0.5
1 125.981 82.5802 -12.4705 0.5
1 162.994 8.63477 -14.9247 0.5
1 162.3 25.2478 5.61347 0.5
1 150.586 43.2942 -9.42748 0.5
1 137.063 69.7845 -2.81245 0.5
1 137.354 39.9031 -3.25225 0.5
1 125.305 64.5796 10.3731 0.5
1 149.255 48.6928 -2.6755 0.5
1 150.472 30.0601 -14.8957 0.5
1 131.845 66.0457 14.8718 0.5
1 123.785 71.2837 -13.3884 0.5
1 152.401 23.7648 14.2385 0.5
1 126.682 82.6111 -11.5413 0.5
1 153.812 40.6447 3.42235 0.5
1 122.932 67.5368 9.01586 0.5
1 127.333 79.2903 -13.0546 0.5
1 131.07 57.6983 -12.8542 0.5
1 159.612 5.16364 -10.3787 0.5
1 117.841 92.0285 -14.5401 0.5
1 161.151 27.8786 3.64622 0.5
1 139.626 64.8914 4.5914 0.5
1 147.889 41.0515 14.2273 0.5
1 143.994 30.6593 -8.4608 0.5
1 116.019 88.7189 -14.74 0.5
1 111.428 85.9478 6.52994 0.5
1 164.368 9.95744 -14.8375 0.5
1 155.376 24.7473 14.9329 0.5
1 153.634 26.4658 -14.9995 0.5
1 135.511 45.1766 -8.19796 0.5
1 121.442 75.1493 13.2887 0.5
1 121.186 97.5385 -0.595771 0.5
1 131.071 53.0401 -8.45699 0.5
1 140.031 64.8206 -1.63501 0.5
1 145.216 35.0526 13.8012 0.5
1 149.008 21.4206 7.58707 0.5
1 164.539 3.56891 -14.4865 0.5
1 146.222 39.0148 -14.999 0.5
1 111.783 84.6055 4.74247 0.5
1 121.016 81.3041 14.9208 0.5
1 154.427 35.4752 10.7119 0.5
1 124.03 74.3741 14.6439 0.5
1 133.674 52.0692 12.111 0.5
1 157.05 33.0025 -8.1844 0.5
1 125.311 60.6125 -2.48627 0.5
1 151.04 21.3349 11.6026 0.5
1 123.316 88.3386 11.6255 0.5
1 157.622 18.0777 -14.938 0.5
1 122.495 95.2083 1.49427 0.5
1 149.697 38.5345 -14.0067 0.5
1 140.168 37.748 9.10127 0.5
1 142.163 44.7163 -14.9247 0.5
1 136.252 46.714 11.4075 0.5
1 155.274 9.39158 -5.07158 0.5
1 137.846 45.2279 -12.3825 0.5
1 124.061 64.5103 -7.37979 0.5
1 146.446 26.504 8.59306 0.5
1 126.778 87.4127 -3.65075 0.5
1 155.785 8.03864 -3.51167 0.5
1 115.647 104.66 -8.26751 0.5
1 143.749 37.7238 -13.8556 0.5
1 141.883 37.4348 -11.7953 0.5
1 121.105 92.235 -11.5718 0.5
1 147.393 25.2155 9.07543 0.5
1 136.448 58.757 14.7656 0.5
1 125.666 73.3628 -14.9319 0.5
1 135.227 72.6606 -4.09659 0.5
1 159.944 11.3682 -14.4425 0.5
1 157.915 13.8134 -14.0991 0.5
1 138.714 57.572 -14.0012 0.5
1 134.68 54.0783 14.1066 0.5
1 157.189 12.589 -12.9307 0.5
1 112.332 105.319 -13.0286 0.5
1 145.474 54.2688 5.90838 0.5
1 152.361 29.5911 -14.9641 0.5
1 144.22 37.7965 14.1919 0.5
1 165.501 3.44632 -14.8151 0.5
1 142.596 39.8137 13.894 0.5
1 112.218 96.3354 -14.8979 0.5
1 131.731 58.4334 13.8117 0.5
1 117.301 98.8987 11.5085 0.5
1 145.157 28.844 8.74611 0.5
1 140.543 43.6045 -13.9876 0.5
1 120.382 71.7551 8.74595 0.5
1 147.577 35.0968 14.8985 0.5
1 142.123 33.4352 -7.73755 0.5
1 123.774 87.8815 -11.3441 0.5
1 160.64 26.9475 -7.92726 0.5
1 126.856 62.3437 -10.8234 0.5
1 163.619 7.13762 -14.8772 0.5
1 118.652 101.218 4.59262 0.5
1 141.147 34.2824 6.11997 0.5
1 133.289 75.6483 -5.22334 0.5
1 139.291 37.7757 -6.70902 0.5
1 158.239 22.9214 -14.2933 0.5
1 116.436 105.749 -0.930112 0.5
1 122.515 95.2303 -0.735963 0.5
1 146.538 43.6596 14.1346 0.5
1 156.04 7.19602 0.660076 0.5
1 164.359 11.8375 14.4385 0.5
1 149.053 47.6448 6.81733 0.5
1 157.488 23.8163 -14.4164 0.5
1 124.001 77.9751 14.997 0.5
1 137.757 55.5793 -14.8998 0.5
2 175.145 25.1676 -13.4166 0.5
2 210.13 79.2183 -14.9991 0.5
2 207.078 59.1601 3.40175 0.5
2 191.807 37.0379 -10.9213 0.5
2 191.94 52.5782 14.132 0.5
2 208.402 83.1777 13.2054 0.5
2 188.929 27.4426 1.79195 0.5
2 221.042 106.426 12.38 0.5
2 176.931 28.3226 13.3857 0.5
2 204.519 57.9421 9.75508 0.5
2 219.153 79.833 -2.11269 0.5
2 202.314 51.0498 3.95967 0.5
2 174.947 14.8327 -14.6361 0.5
2 189.813 47.5324 14.5451 0.5
2 201.064 48.5316 -2.30493 0.5
2 178.216 11.7849 9.00845 0.5
2 201.14 72.98 11.6118 0.5
2 197.527 50.595 13.4548 0.5
2 219.513 106.58 9.89615 0.5
2 183.034 25.7182 -13.5633 0.5
2 206.251 87.0421 -2.95747 0.5
2 197.411 46.4123 -10.6002 0.5
2 177.28 10.0941 -8.91489 0.5
2 179.791 34.8774 -12.4474 0.5
2 176.882 23.5265 14.8581 0.5
2 167.019 -6.56818 -10.2474 0.5
2 210.42 83.2247 -14.5451 0.5
2 180.246 30.8731 14.5671 0.5
2 206.882 62.1003 9.82965 0.5
2 205.474 76.2484 -14.0488 0.5
2 213.926 88.0882 14.7973 0.5
2 197.613 56.4158 14.9693 0.5
2 210.688 73.6776 -13.5921 0.5
2 187.279 33.7325 13.8569 0.5
2 188.152 54.0717 -7.33717 0.5
2 216.382 101.601 9.36565 0.5
2 171.621 26.8047 4.02935 0.5
2 210.576 77.705 14.849 0.5
2 217.385 84.9721 13.4458 0.5
2 216.371 87.9411 -14.8761 0.5
2 216.515 96.4153 -13.6125 0.5
2 191.362 59.1701 -8.1051 0.5
2 202.634 65.1518 14.9717 0.5
2 184.648 36.6686 14.8976 0.5
2 207.168 69.5789 14.3567 0.5
2 212.607 92.021 12.2372 0.5
2 184.093 20.0068 5.50846 0.5
2 216.669 75.3852 0.327429 0.5
2 194.172 65.5117 -5.12812 0.5
2 177.179 33.0794 10.0927 0.5
2 195.062 55.3834 14.8025 0.5
2 193.181 56.0311 13.5979 0.5
2 179.518 12.8388 -7.1324 0.5
2 185.025 37.454 -14.8816 0.5
2 181.655 24.6229 -14.1018 0.5
2 205.011 82.8187 -8.09209 0.5
2 213.024 94.9695 -10.3038 0.5
2 209.351 69.7188 12.6962 0.5
2 216.126 98.884 11.655 0.5
2 191.144 32.067 5.10655 0.5
2 176.068 12.1678 12.7566 0.5
2 181.298 42.6391 6.49169 0.5
2 196.646 45.3607 10.8673 0.5
2 218.94 99.5015 14.0747 0.5
2 189.622 29.062 3.94204 0.5
2 169.101 17.0627 11.9465 0.5
2 177.145 15.9921 13.7776 0.5
2 207.053 84.9421 -9.95959 0.5
2 201.428 68.2672 14.3754 0.5
2 173.086 15.8853 14.9672 0.5
2 178.202 9.27542 -3.91773 0.5
2 185.591 50.5547 -5.38241 0.5
2 216.021 74.3497 1.64722 0.5
2 170.714 22.9518 8.77245 0.5
2 216.836 77.3995 6.99093 0.5
2 220.696 82.4096 -1.2705 0.5
2 194.963 62.628 11.3201 0.5
2 214.333 93.9665 -12.914 0.5
2 212.042 93.7272 -9.79588 0.5
2 207.876 85.8175 10.5464 0.5
2 170.141 6.269 -14.58 0.5
2 187.501 54.8603 -0.0443818 0.5
2 182.821 23.5196 12.5372 0.5
2 222.218 109.678 -11.4537 0.5
2 169.274 10.3893 14.8524 0.5
2 175.265 16.2734 14.8076 0.5
2 198.595 45.3655 6.08482 0.5
2 191.476 41.1095 13.9009 0.5
2 221.844 93.5795 -13.8478 0.5
2 183.869 23.3533 10.9832 0.5
2 186.83 34.5988 -14.4288 0.5
2 199.273 49.7795 -10.7401 0.5
2 185.499 27.5736 12.1328 0.5
2 190.932 44.2222 -14.9165 0.5
2 204.527 84.1862 -2.22243 0.5
2 211.723 66.9777 -2.20006 0.5
2 217.77 104.116 9.22557 0.5
2 199.402 46.3186 4.96062 0.5
2 207.452 59.8324 -3.50754 0.5
2 214.792 90.3858 -14.6426 0.5
2 208.684 65.2856 9.90339 0.5
2 171.546 15.9572 -14.5286 0.5
2 219.275 96.225 -14.941 0.5
2 208.647 61.4956 0.520314 0.5
2 176.603 11.5752 -11.6809 0.5
2 173.335 21.1954 13.8032 0.5
2 185.318 31.8144 -14.3807 0.5
2 175.44 21.8138 14.7281 0.5
2 167.209 3.28234 -14.9315 0.5
2 192.258 33.3107 -2.50696 0.5
2 198.48 48.9111 -11.2112 0.5
2 168.417 21.6232 2.33647 0.5
2 179.57 35.9299 -11.3505 0.5
2 202.927 73.2659 -13.4275 0.5
2 193.439 63.4677 6.89563 0.5
2 188.582 40.6102 14.9579 0.5
2 184.563 30.2043 14.2874 0.5
2 220.738 99.6694 -14.8318 0.5
2 192.016 34.7452 7.59348 0.5
2 191.363 61.4259 -1.92316 0.5
2 191.194 55.0565 -12.1481 0.5
2 198.478 73.7209 2.13084 0.5
2 188.246 31.6719 11.6247 0.5
2 178.366 16.2955 12.8465 0.5
2 199.827 74.2958 7.33179 0.5
2 212.122 73.8308 -12.2374 0.5
2 175.506 30.4745 -9.76169 0.5
2 191.47 61.7249 0.54936 0.5
2 189.188 38.3268 -14.3225 0.5
2 168.93 -5.35372 7.39798 0.5
2 215.901 103.896 2.14919 0.5
2 177.191 19.2066 -14.7369 0.5
2 203.152 78.0926 10.0641 0.5
2 198.313 65.7222 -13.1948 0.5
2 189.04 42.0425 14.9922 0.5
2 172.583 18.8519 14.2012 0.5
2 209.148 63.5257 5.81149 0.5
2 192.89 43.2336 13.7646 0.5
2 177.27 8.0539 5.15429 0.5
2 167.048 10.8287 13.5691 0.5
2 220.837 102.935 -14.0191 0.5
2 167.976 19.0314 -7.50448 0.5
2 193.96 60.3812 11.7425 0.5
2 186.372 50.8061 7.65257 0.5
2 172.537 17.0392 14.6769 0.5
2 172.156 27.6986 4.14267 0.5
2 167.769 -8.67621 4.33181 0.5
2 182.086 22.0006 12.3725 0.5
2 194.822 50.2503 14.8239 0.5
2 217.44 95.0237 -14.631 0.5
2 175.618 4.44253 2.2035 0.5
2 179.948 40.2656 -6.56654 0.5
2 172.767 25.9395 -9.51287 0.5
2 181.233 25.3715 14.5532 0.5
2 206.338 57.4992 -0.565888 0.5
2 196.642 40.6974 -0.347461 0.5
2 166.841 16.2592 8.75253 0.5
2 196.605 49.22 -13.5619 0.5
2 178.896 19.5372 -13.9868 0.5
2 190.637 30.2936 0.102406 0.5
2 173.341 14.0468 -14.9445 0.5
2 180.894 40.1056 9.4007 0.5
2 201.471 78.5162 3.99558 0.5
2 173.791 5.84499 -10.9331 0.5
2 184.638 41.1624 -13.6312 0.5
2 183.987 19.0881 3.04698 0.5
2 212.284 83.7523 -14.9689 0.5
2 175.846 5.35873 4.48124 0.5
2 180.324 20.5668 13.3378 0.5
2 188.856 55.4435 -7.05783 0.5
2 205.019 56.5035 -6.10949 0.5
2 173.891 9.80126 13.5253 0.5
2 199.683 57.1625 14.5111 0.5
2 189.549 50.4383 -13.2511 0.5
2 181.026 13.8734 2.60586 0.5
2 171.184 0.846255 -10.4578 0.5
2 170.371 -1.97779 8.76948 0.5
3 329.422 114.93 1.45251 0.5
3 313.04 95.9453 -14.4416 0.5
3 294.67 115 -0.0630268 0.5
3 305.512 110.447 10.7637 0.5
3 222.89 96.6335 -14.6174 0.5
3 239.056 85.0025 -0.272162 0.5
3 325.213 107.808 12.8077 0.5
3 228.18 110.937 10.2651 0.5
3 289.512 89.7624 10.9632 0.5
3 291.199 106.727 -13.4068 0.5
3 271.173 109.231 -11.8229 0.5
3 295.111 91.4802 -12.3456 0.5
3 325.059 86.1743 5.81805 0.5
3 255.791 114.104 -5.10776 0.5
3 234.297 107.483 -13.0001 0.5
3 322.497 98.7807 14.9504 0.5
3 260.323 85.0026 0.279098 0.5
3 310.155 88.4048 -9.5159 0.5
3 250.61 107.739 12.8496 0.5
3 310.786 86.9889 7.46393 0.5
3 223.281 88.6913 9.85456 0.5
3 242.227 112.679 8.01498 0.5
3 280.605 100.719 -14.9828 0.5
3 277.328 98.4905 14.9239 0.5
3 330.084 109.749 -11.4002 0.5
3 276.239 112.807 7.80908 0.5
3 299.739 114.76 2.66982 0.5
3 222.8 106.069 -13.7172 0.5
3 312.073 85.0019 0.24012 0.5
3 320.762 85.6224 -4.27604 0.5
3 276.069 114.805 -2.41086 0.5
3 267.366 92.9887 13.2605 0.5
3 249.504 114.389 -4.23608 0.5
3 256.137 103.041 14.6884 0.5
3 223.093 109.921 11.2509 0.5
3 237.388 92.7312 -13.1211 0.5
3 321.296 104.522 14.3021 0.5
3 321.469 114.945 -1.28405 0.5
3 245.598 93.4302 13.4847 0.5
3 289.584 97.7765 14.8343 0.5
3 231.565 114.707 -2.94815 0.5
3 233.655 87.1176 -7.68406 0.5
3 257.648 111.916 -9.11084 0.5
3 301.766 91.0443 -12.0331 0.5
3 299.32 110.253 10.9491 0.5
3 231.895 114.997 -0.290205 0.5
3 313.377 111.304 9.85962 0.5
3 238.591 112.615 -8.11478 0.5
3 241.901 106.775 -13.3829 0.5
3 314.162 96.0115 14.46 0.5
3 324.52 92.7049 -13.1065 0.5
3 296.82 85.0128 -0.6207 0.5
3 319.773 101.301 14.9435 0.5
3 302.478 86.8255 -7.1717 0.5
3 266.499 114.051 -5.2519 0.5
3 280.899 112.46 -8.35092 0.5
3 313.405 114.996 0.362251 0.5
3 312.734 111.594 -9.51715 0.5
3 299.535 95.5454 -14.3233 0.5
3 257.941 88.9343 10.1267 0.5
3 332.258 112.348 8.51583 0.5
3 296.124 87.471 8.24768 0.5
3 264.088 86.7184 6.97135 0.5
3 310.048 106.113 -13.6978 0.5
3 224.452 110.293 -10.9111 0.5
3 312.484 106.246 13.6378 0.5
3 239.326 96.7653 14.6471 0.5
3 273.562 107.581 -12.9433 0.5
3 275.561 107.316 -13.0951 0.5
3 299.108 85.0561 1.29552 0.5
3 273.158 91.304 -12.2221 0.5
3 266.482 114.948 -1.2446 0.5
3 318.699 98.1537 14.8859 0.5
3 332.008 103.649 14.5495 0.5
3 274.687 114.596 -3.45836 0.5
3 275.509 85.726 4.61002 0.5
3 304.783 115 -0.113503 0.5
3 274.929 113.352 6.83625 0.5
3 298.585 91.245 -12.1799 0.5
3 251.033 90.9337 -11.95 0.5
3 269.943 101.833 14.8876 0.5
3 294.654 96.8227 -14.6596 0.5
3 291.538 111.43 -9.7133 0.5
3 247.421 85.2428 -2.68809 0.5
3 321.137 113.381 6.77928 0.5
3 279.48 99.7262 14.9975 0.5
3 288.03 100.17 14.999 0.5
3 319.888 85.0694 1.44151 0.5
3 240.519 86.8671 7.24759 0.5
3 282.464 93.7507 13.6362 0.5
3 325.909 113.831 -5.80457 0.5
3 328.595 103.476 -14.5917 0.5
3 314.537 91.1029 -12.0765 0.5
3 238.969 90.8702 -11.9015 0.5
3 243.6 105.293 -14.0352 0.5
3 250.279 87.4109 8.15557 0.5
3 258.524 111.13 10.0557 0.5
3 322.212 114.061 5.22508 0.5
3 265.23 85.0423 -1.12545 0.5
3 238.98 86.6376 6.81513 0.5
3 315.627 114.682 3.06994 0.5
3 312.532 101.702 14.9032 0.5
3 278.229 112.135 -8.81679 0.5
3 301 98.7911 -14.9512 0.5
3 248.59 87.8319 8.77136 0.5
3 262.364 108.819 -12.1337 0.5
3 282.753 85.0033 -0.314162 0.5
3 318.994 106.988 13.2726 0.5
3 318.238 95.6087 14.3428 0.5
3 227.241 113.396 -6.74975 0.5
3 285.066 92.4165 12.9418 0.5
3 302.189 87.3963 -8.13314 0.5
3 278.488 96.767 14.6474 0.5
3 291.435 113.821 -5.82875 0.5
3 227.581 86.2185 5.92197 0.5
3 251.383 111.294 9.87197 0.5
3 297.903 111.924 -9.10013 0.5
3 268.021 85.7199 4.59125 0.5
3 285.38 114.911 -1.62867 0.5
3 265.187 114.274 4.61081 0.5
3 304.314 90.1889 -11.3465 0.5
3 233.042 107.085 -13.2214 0.5
3 259.556 87.408 -8.1511 0.5
3 275.829 102.853 -14.7262 0.5
3 279.662 112.707 7.97096 0.5
3 304.112 85.8478 4.97147 0.5
3 315.318 91.6779 -12.4797 0.5
3 225.605 93.0404 -13.2877 0.5
3 235.781 93.0657 -13.301 0.5
3 324.43 107.086 13.2209 0.5
3 305.744 85.0082 0.495269 0.5
3 264.947 114.918 -1.56729 0.5
3 269.153 114.727 -2.85061 0.5
3 282.884 85.859 5.00325 0.5
3 311.502 96.5287 14.5928 0.5
3 298.052 114.969 -0.970561 0.5
3 271.494 102.432 -14.8016 0.5
3 252.808 106.417 13.5581 0.5
3 302.58 98.5499 -14.9297 0.5
3 303.26 114.804 2.41568 0.5
3 263.068 114.991 0.530295 0.5
3 326.071 114.755 2.70186 0.5
3 231.909 85.1593 2.18054 0.5
3 322.215 114.291 -4.55664 0.5
3 293.363 96.1827 -14.5062 0.5
3 223.846 102.021 -14.8632 0.5
3 291.346 97.7139 14.8248 0.5
3 274.48 85.1045 -1.76757 0.5
3 323.808 112.135 -8.81649 0.5
3 316.593 85.4069 -3.47013 0.5
3 249.569 112.904 -7.64803 0.5
3 311.03 88.5553 9.69636 0.5
3 225.515 114.984 0.688668 0.5
3 286.939 104.01 14.4541 0.5
3 287.358 87.5144 -8.31325 0.5
3 303.558 113.873 5.70495 0.5
3 250.561 114.26 -4.65212 0.5
3 268.499 98.0878 14.8776 0.5
3 223.521 108.277 12.5094 0.5
3 283.786 108.233 -12.5387 0.5
3 302.262 96.3871 -14.5584 0.5
3 284.088 87.2301 -7.86954 0.5
3 270.993 87.7077 8.59646 0.5
3 267.393 102.645 -14.7649 0.5
3 313.721 105.016 -14.1364 0.5
3 332.592 85.586 -4.15161 0.5
3 325.421 110.566 -10.6469 0.5
3 326.767 105.976 13.758 0.5
3 232.908 85.6505 -4.36949 0.5
3 258.912 99.5097 -14.992 0.5
3 268.23 111.767 -9.30247 0.5
3 256.227 90.3254 11.463 0.5
3 264.212 113.524 6.48892 0.5
3 233.474 85.1373 2.02495 0.5
3 297.464 103.276 14.6378 0.5
3 265.149 111.512 -9.6161 0.5
3 244.696 92.4706 12.9734 0.5
4 374.771 42.033 -5.86598 0.5
4 388.629 14.0698 11.3181 0.5
4 336.591 108.778 -4.1294 0.5
4 387.975 8.62193 14.6407 0.5
4 384.55 19.9788 -12.2271 0.5
4 380.337 22.3148 14.5295 0.5
4 368.655 51.8601 -7.41503 0.5
4 342.31 79.1523 -14.0329 0.5
4 380.77 23.8225 -13.7543 0.5
4 379.138 33.41 -7.90851 0.5
4 353.75 68.0514 -14.6062 0.5
4 334.65 108.774 10.1377 0.5
4 362.516 57.6576 12.5582 0.5
4 340.861 84.0226 -14.7092 0.5
4 340.464 101.627 5.44368 0.5
4 379.203 33.0123 8.349 0.5
4 359.033 57.1739 14.9047 0.5
4 363.192 35.8401 -8.37775 0.5
4 333.368 86.5877 -6.83378 0.5
4 381.547 29.652 7.19831 0.5
4 371.454 40.0603 -13.7096 0.5
4 350.101 77.9865 13.2513 0.5
4 333.82 84.9962 4.946 0.5
4 364.406 59.7237 6.44931 0.5
4 348.276 70.0062 -14.4252 0.5
4 337.29 79.2592 -5.66793 0.5
4 341.097 74.3285 8.69371 0.5
4 375.449 35.5336 -12.3734 0.5
4 350.387 57.3793 -7.33649 0.5
4 334.493 108.354 -10.8449 0.5
4 360.266 43.8287 11.5896 0.5
4 336.12 80.4043 2.62267 0.5
4 353.415 78.5809 6.81224 0.5
4 378.883 7.51873 6.35667 0.5
4 366.468 53.8509 9.93145 0.5
4 346.982 88.4564 -8.86976 0.5
4 376.87 37.5822 -7.50065 0.5
4 362.029 37.5366 7.8828 0.5
4 357.256 51.2158 13.076 0.5
4 341.928 88.7422 14.5543 0.5
4 343.755 72.5874 -11.7203 0.5
4 376.546 31.0202 -13.8051 0.5
4 386.103 -6.37085 -0.930265 0.5
4 350.838 63.1559 -13.5064 0.5
4 354.037 54.304 11.3249 0.5
4 356.533 54.1915 -13.9053 0.5
4 382.875 16.6391 -14.799 0.5
4 352.069 54.9328 8.11421 0.5
4 384.704 -2.69351 -6.07152 0.5
4 375.926 41.2212 0.447221 0.5
4 387.46 -2.08678 12.4704 0.5
4 358.865 42.1223 -6.2052 0.5
4 386.739 -5.45896 -7.5561 0.5
4 375.21 39.8013 8.53657 0.5
4 374.52 21.2594 13.046 0.5
4 372.829 39.4135 12.7988 0.5
4 378.52 14.6886 -13.2419 0.5
4 352.537 58.7391 -12.6887 0.5
4 368.469 43.4097 -14.3807 0.5
4 383.177 11.5981 -14.8564 0.5
4 372.443 34.371 14.8508 0.5
4 374.915 33.3965 -13.9871 0.5
4 336.115 81.4932 6.13441 0.5
4 348.935 59.0874 5.6655 0.5
4 338.175 81.8318 11.3714 0.5
4 351.088 54.7158 -3.71575 0.5
4 358.99 70.5455 -0.693025 0.5
4 336.53 106.059 9.51481 0.5
4 356.955 44.0904 0.389985 0.5
4 359.945 39.8922 -5.34464 0.5
4 338.798 93.0791 -14.7827 0.5
4 369.278 26.2231 -9.60889 0.5
4 335.802 81.3757 -4.3706 0.5
4 367.223 48.7045 13.0457 0.5
4 355.019 48.4078 -5.30048 0.5
4 335.582 85.2034 10.3037 0.5
4 363.344 37.9902 -11.1542 0.5
4 384.331 26.5755 -1.67989 0.5
4 355.752 48.3394 7.7718 0.5
4 385.513 7.42144 -14.8377 0.5
4 370.603 22.1907 -7.01916 0.5
4 366.05 46.1435 14.7343 0.5
4 374.312 41.792 -7.86963 0.5
4 368.189 39.6898 14.9999 0.5
4 345.329 79.5969 -14.9954 0.5
4 355.586 66.2267 -14.2217 0.5
4 374.667 28.8768 -14.9927 0.5
4 374.229 20.1008 11.9502 0.5
4 336.895 85.5772 -12.5245 0.5
4 351.795 58.6643 11.7217 0.5
4 365.009 44.0058 -14.9573 0.5
4 345.06 85.0835 13.9961 0.5
4 357.199 62.972 -14.368 0.5
4 363.491 62.324 -3.61033 0.5
4 360.47 67.8862 -1.83012 0.5
4 366.063 33.217 11.0959 0.5
4 347.892 89.6282 -2.15841 0.5
4 387.182 12.1566 13.9848 0.5
4 379.765 31.2038 9.47838 0.5
4 339.903 73.7634 2.0609 0.5
4 339.959 96.9577 12.4048 0.5
4 369.463 51.0557 6.25222 0.5
4 348.513 83.132 -11.6707 0.5
4 345.304 73.4184 13.8131 0.5
4 367.645 40.7763 -14.9986 0.5
4 338.468 76.3163 2.49746 0.5
4 373.375 21.1176 -11.585 0.5
4 373.273 16.1325 3.03055 0.5
4 367.978 45.8374 -13.8151 0.5
4 361.433 64.9111 -6.36654 0.5
4 346.94 68.8395 -12.9366 0.5
4 358.522 58.6332 14.8285 0.5
4 381.113 2.27404 0.972966 0.5
4 356.428 63.8674 14.4927 0.5
4 355.729 56.3587 -14.1942 0.5
4 354.084 63.0027 -14.9628 0.5
4 362.983 33.7375 -1.65623 0.5
4 378.741 10.8387 10.6996 0.5
4 348.977 87.4063 3.83338 0.5
4 353.114 77.5778 9.21063 0.5
4 385.667 22.7343 -6.78296 0.5
4 354.219 68.9454 -14.0987 0.5
4 362.15 48.8611 14.9497 0.5
4 333.939 101.948 14.6975 0.5
4 350.822 60.3093 -11.6901 0.5
4 369.936 45.7952 -11.8527 0.5
4 361.511 66.1852 0.552241 0.5
4 370.693 32.6124 -14.7587 0.5
4 355.207 63.9569 -14.8863 0.5
4 367.729 27.5303 7.66484 0.5
4 342.743 68.9559 2.74845 0.5
4 334.125 112.582 -5.50745 0.5
4 340.709 72.2301 0.373422 0.5
4 350.421 80.2856 11.2843 0.5
4 344.54 88.2265 -12.9101 0.5
4 374.597 13.6871 -2.17553 0.5
4 344.17 81.6923 14.9929 0.5
4 338.623 89.5173 -14.9418 0.5
4 386.462 2.66893 14.0286 0.5
4 356.606 44.7086 -0.721253 0.5
4 343.276 85.3068 14.7853 0.5
4 382.972 0.236731 -5.91063 0.5
4 347.531 81.58 -13.6715 0.5
4 337.707 87.9117 -14.3049 0.5
4 335.161 97.25 14.9943 0.5
4 362.399 35.2085 4.02941 0.5
4 379.976 5.2053 5.3671 0.5
4 369.819 48.8912 -8.88503 0.5
4 361.482 52.2154 14.9686 0.5
4 375.687 31.4596 14.2048 0.5
4 369.567 47.1366 -11.2728 0.5
4 360.835 44.1213 -12.5315 0.5
4 349.66 82.9919 -9.89729 0.5
4 375.936 11.3492 -2.04015 0.5
4 341.018 73.066 6.27468 0.5
4 365.388 35.6669 12.1383 0.5
4 378.511 36.6006 -2.11084 0.5
4 388.205 -10.0124 -0.91084 0.5
4 368.51 46.1735 13.2129 0.5
4 368.05 34.3123 13.933 0.5
4 360.022 65.6558 -9.1545 0.5
4 351.014 54.571 2.4052 0.5
4 342.447 70.8191 -6.74892 0.5
4 382.728 22.2334 12.8198 0.5
4 342.801 98.5866 0.666707 0.5
4 350.427 55.832 -3.60256 0.5
5 335.903 -83.1826 14.2056 0.5
5 358.62 -62.4703 -5.8351 0.5
5 372.151 -40.0902 1.94062 0.5
5 375.277 -15.4754 -14.3626 0.5
5 371.894 -40.3761 -2.9127 0.5
5 382.19 -9.40653 -14.9167 0.5
5 370.725 -21.2024 13.5263 0.5
5 374.387 -21.5565 -14.9985 0.5
5 380.501 -12.0833 14.9409 0.5
5 340.262 -92.6285 -8.75511 0.5
5 336.023 -73.2435 -3.65278 0.5
5 366.988 -39.8377 13.8833 0.5
5 366.97 -34.6496 -14.9929 0.5
5 365.649 -29.4326 -13.2422 0.5
5 345.376 -75.2771 14.54 0.5
5 350.096 -59.6777 14.5267 0.5
5 361.886 -30.6744 -8.55557 0.5
5 344.554 -60.4245 -8.15176 0.5
5 374.358 -14.4679 13.3053 0.5
5 356.089 -52.7519 -14.9973 0.5
5 374.701 -34.4357 6.24808 0.5
5 376.578 -23.6753 -13.6914 0.5
5 342.03 -89.6195 -8.6807 0.5
5 346.674 -62.1601 -13.1682 0.5
5 382.674 6.22454 7.09869 0.5
5 346.321 -56.417 -6.45899 0.5
5 336.531 -92.2856 -14.0043 0.5
5 348.543 -51.574 3.71902 0.5
5 384.265 3.61176 -12.7847 0.5
5 358.606 -42.6051 -13.7164 0.5
5 349.459 -49.5321 0.626652 0.5
5 367.688 -45.874 7.60713 0.5
5 334.992 -103.642 -5.21321 0.5
5 344.074 -88.8374 -0.507846 0.5
5 356.661 -65.6995 6.20901 0.5
5 350.001 -77.1766 -6.33708 0.5
5 347.709 -52.5656 0.652769 0.5
5 375.478 -4.4939 -1.09047 0.5
5 361.689 -48.7938 13.9722 0.5
5 387.647 9.25672 -12.9126 0.5
5 350.065 -70.0995 -13.4559 0.5
5 377.529 -2.39944 -6.53539 0.5
5 342.931 -60.8769 1.22658 0.5
5 355.485 -46.6182 -13.0106 0.5
5 335.812 -102.75 -3.46731 0.5
5 352.118 -52.517 -13.0494 0.5
5 352.252 -49.1794 -10.7101 0.5
5 334.407 -81.1474 -11.6542 0.5
5 369.388 -19.1146 -10.3177 0.5
5 334.263 -105.564 2.86534 0.5
5 353.514 -52.6251 14.1873 0.5
5 345.638 -56.6895 4.03361 0.5
5 336.546 -81.3688 13.9488 0.5
5 345.231 -63.6658 -12.5748 0.5
5 345.394 -76.1555 -14.2788 0.5
5 379.434 -16.3701 -14.5187 0.5
5 383.382 -18.9173 -7.20745 0.5
5 374.798 -10.1 10.6813 0.5
5 345.955 -74.8483 -14.3827 0.5
5 355.371 -43.4279 10.3549 0.5
5 344.001 -71.0939 14.7212 0.5
5 353.753 -51.2812 13.8331 0.5
5 353.094 -72.207 5.42862 0.5
5 385.764 -15.9359 4.533 0.5
5 354.077 -43.2642 7.01868 0.5
5 360.636 -36.4252 -12.1944 0.5
5 357.002 -49.9819 14.9275 0.5
5 388.288 -10.5045 -7.05258 0.5
5 367.284 -44.5229 -10.3294 0.5
5 386.317 12.8081 6.56513 0.5
5 350.167 -57.8301 -13.9695 0.5
5 350.799 -74.5241 -8.54905 0.5
5 367.32 -34.3172 14.982 0.5
5 375.173 -23.8124 14.5027 0.5
5 343.984 -72.3247 -14.9059 0.5
5 380.849 -19.3279 11.8653 0.5
5 338.207 -69.7836 4.75894 0.5
5 371.168 -36.3012 11.7034 0.5
5 344.713 -57.7415 0.220153 0.5
5 368.412 -25.7319 -13.7648 0.5
5 383.581 -1.6508 -14.519 0.5
5 346.061 -62.7994 12.9286 0.5
5 376.301 -3.02949 -0.23342 0.5
5 384.745 10.2492 -6.21504 0.5
5 341.903 -92.6065 0.0404779 0.5
5 334.327 -103.402 -8.02624 0.5
5 378.238 -22.1005 13.0321 0.5
5 347.748 -67.4285 -14.9999 0.5
5 363.946 -31.5703 12.7777 0.5
5 374.211 -11.1551 -10.7195 0.5
5 369.991 -21.7072 -13.1318 0.5
5 337.496 -99.3512 -5.08677 0.5
5 372.89 -19.7466 -14.4033 0.5
5 387.63 -0.877423 -14.7949 0.5
5 358.056 -43.6024 -13.7363 0.5
5 360.799 -31.1376 6.01658 0.5
5 367.408 -46.079 -8.06324 0.5
5 379.713 -27.0891 0.940648 0.5
5 338.742 -72.2519 -10.3775 0.5
5 334.583 -99.363 11.9412 0.5
5 378 -30.0245 1.34203 0.5
5 384.562 -8.92678 -14.0674 0.5
5 379.53 -26.7249 4.56342 0.5
5 358.626 -63.5538 1.62222 0.5
5 345.976 -58.3076 8.66475 0.5
5 360.816 -48.8073 14.4683 0.5
5 384.562 -1.75391 14.8706 0.5
5 368.476 -18.8575 -7.9442 0.5
5 339.933 -87.0564 13.7314 0.5
5 348.795 -51.533 -5.01565 0.5
5 388.174 16.3496 -5.84729 0.5
5 361.929 -27.9589 -1.06198 0.5
5 382.96 -12.4226 -13.7786 0.5
5 357.282 -36.1603 2.38459 0.5
5 339.647 -67.558 -5.4962 0.5
5 385.972 13.708 -0.661274 0.5
5 386.312 7.83755 -12.3408 0.5
5 359.937 -61.352 0.744507 0.5
5 341.594 -70.0399 -12.6235 0.5
5 364.275 -48.8509 11.1866 0.5
5 343.45 -81.4178 -13.523 0.5
5 340.144 -66.9658 6.13443 0.5
5 351.339 -74.2199 -7.55839 0.5
5 365.788 -43.6888 -13.0181 0.5
5 351.981 -75.0746 1.5087 0.5
5 375.744 -16.5056 -14.7924 0.5
5 339.995 -70.8418 11.1175 0.5
5 352.682 -50.3668 -12.3106 0.5
5 387.967 17.0145 -2.20937 0.5
5 369.664 -32.1531 14.7676 0.5
5 377.697 -30.3249 2.91322 0.5
5 372.513 -34.0974 11.6007 0.5
5 366.577 -22.4095 8.35052 0.5
5 333.414 -89.7333 14.777 0.5
5 376.485 -19.4597 14.8975 0.5
5 349.934 -64.4017 14.9834 0.5
5 369.533 -17.6136 8.8139 0.5
5 345.858 -72.9099 14.8447 0.5
5 382.848 -20.9771 -4.5624 0.5
5 346.022 -55.6893 -2.54276 0.5
5 343.158 -69.3196 13.6976 0.5
5 357.622 -64.465 -5.1595 0.5
6 359.294 -92.3915 14.9999 0.5
6 420.798 -78.6252 -5.82 0.5
6 378.025 -77.4796 0.941041 0.5
6 352.949 -80.7305 9.36223 0.5
6 346.127 -81.3638 10.1041 0.5
6 349.856 -97.1426 14.2471 0.5
6 442.205 -88.0135 -14.3289 0.5
6 440.18 -105.976 -6.48548 0.5
6 370.682 -86.7103 13.8584 0.5
6 367.401 -77.5089 -1.32672 0.5
6 374.606 -103.42 10.2302 0.5
6 408.414 -80.0304 8.41132 0.5
6 404.243 -87.1807 -14.044 0.5
6 338.633 -98.7768 13.6005 0.5
6 387.416 -96.6073 -14.4124 0.5
6 422.275 -104.8 8.51409 0.5
6 377.829 -104.349 9.133 0.5
6 431.328 -90.322 14.8483 0.5
6 410.52 -86.155 -13.6151 0.5
6 423.048 -80.3448 -8.85783 0.5
6 343.936 -77.5852 2.00847 0.5
6 442.438 -80.0115 8.38335 0.5
6 340.932 -81.3675 -10.1083 0.5
6 383.889 -105.279 -7.77334 0.5
6 348.419 -83.2852 11.8745 0.5
6 439.268 -81.039 9.73585 0.5
6 401.405 -87.49 14.1562 0.5
6 371.73 -104.799 8.51553 0.5
6 433.575 -83.3319 -11.9105 0.5
6 426.367 -77.4598 0.540938 0.5
6 358.114 -105.215 -7.87737 0.5
6 345.15 -105.265 -7.79651 0.5
6 352.258 -90.9471 14.9245 0.5
6 335.97 -105.053 -8.13401 0.5
6 368.211 -77.9915 -3.99365 0.5
6 336.761 -79.0704 6.78118 0.5
6 367.934 -103.468 -10.1784 0.5
6 392.977 -80.5841 -9.17601 0.5
6 371.133 -105.621 -7.17815 0.5
6 399.649 -91.5915 14.9754 0.5
6 400.073 -82.0983 -10.8554 0.5
6 356.568 -107.322 -1.95882 0.5
6 357.958 -100.879 12.4078 0.5
6 403.808 -95.5038 14.6859 0.5
6 351.627 -80.3462 -8.85983 0.5
6 334.475 -96.2927 -14.4995 0.5
6 334.694 -93.1799 -14.9822 0.5
6 382.744 -100.448 -12.6902 0.5
6 365.555 -105.437 -7.50588 0.5
6 433.835 -77.9059 3.66956 0.5
6 430.509 -97.1112 -14.2574 0.5
6 392.226 -86.5511 13.7914 0.5
6 392.61 -84.8528 -12.9337 0.5
6 350.562 -77.5318 1.56345 0.5
6 338.246 -84.1483 -12.4932 0.5
6 399.392 -107.439 -0.585173 0.5
6 425.915 -105.47 7.44781 0.5
6 366.08 -90.3737 -14.8556 0.5
6 352.45 -79.8613 -8.15611 0.5
6 423.893 -98.2306 -13.8415 0.5
6 430.429 -77.4648 0.665225 0.5
6 429.522 -89.3389 14.6738 0.5
6 353.026 -77.6079 2.16993 0.5
6 427.139 -83.1687 11.7837 0.5
6 362.317 -104.601 -8.79579 0.5
6 336.658 -77.4584 -0.499575 0.5
6 378.439 -106.198 -6.00023 0.5
6 375.355 -79.5283 -7.61754 0.5
6 420.163 -79.5511 7.65616 0.5
6 436.672 -78.2494 4.83125 0.5
6 391.588 -85.197 13.1298 0.5
6 421.436 -79.4457 7.47564 0.5
6 412.082 -80.8543 -9.51513 0.5
6 339.884 -78.0657 4.253 0.5
6 371.508 -85.2347 13.1506 0.5
6 390.019 -104.081 -9.47156 0.5
6 363.269 -82.411 11.1452 0.5
6 348.258 -85.7623 13.4266 0.5
6 408.361 -98.8664 13.5584 0.5
6 339.195 -77.8325 3.36555 0.5
6 425.584 -103.313 10.3437 0.5
6 364.679 -85.051 13.0481 0.5
6 422.393 -83.6957 12.1803 0.5
6 379.693 -79.3715 -7.3451 0.5
6 419.511 -82.0991 -10.8562 0.5
6 390.247 -100.11 12.8966 0.5
6 348.356 -78.7417 -6.08934 0.5
6 334.14 -86.2757 13.6703 0.5
6 391.988 -81.3963 -10.1398 0.5
6 418.83 -93.9693 14.9229 0.5
6 421.136 -78.8276 6.27918 0.5
6 364.235 -79.0559 6.75247 0.5
6 386.786 -97.5069 -14.1219 0.5
6 403.642 -101.863 11.6787 0.5
6 340.641 -104.495 8.93924 0.5
6 348.51 -81.2765 -10.0076 0.5
6 443.056 -102.597 -11.0474 0.5
6 362.362 -104.678 8.68737 0.5
6 400.102 -93.5103 14.9625 0.5
6 371.885 -97.1484 -14.2452 0.5
6 355.761 -96.4765 14.4495 0.5
6 412.135 -102.88 -10.7806 0.5
6 441.401 -79.9652 8.31428 0.5
6 415.176 -79.1 6.83918 0.5
6 395.125 -105.531 -7.3404 0.5
6 335.253 -102.868 10.7924 0.5
6 415.738 -92.0139 -14.9937 0.5
6 412.63 -96.1647 14.5328 0.5
6 413.702 -82.4857 11.2121 0.5
6 359.766 -78.2031 -4.69291 0.5
6 390.36 -77.9533 -3.85265 0.5
6 402.948 -107.424 -0.889675 0.5
6 407.822 -78.6683 5.92129 0.5
6 434.444 -88.2753 -14.4073 0.5
6 442.98 -77.5777 -1.95257 0.5
6 443.91 -80.2099 -8.67049 0.5
6 436.037 -101.336 12.0848 0.5
6 426.904 -86.5842 -13.8055 0.5
6 365.341 -104.791 8.52678 0.5
6 430.356 -93.0848 -14.9866 0.5
6 369.871 -104.528 -8.89545 0.5
6 398.258 -88.7401 -14.534 0.5
6 427.52 -78.0564 4.22156 0.5
6 438.308 -97.4626 -14.1377 0.5
6 341.419 -101.485 11.9737 0.5
6 364.426 -107.058 -3.40506 0.5
6 365.143 -88.7461 14.5355 0.5
6 337.401 -105.949 6.54101 0.5
6 344.251 -77.5557 -1.7769 0.5
6 380.009 -98.2568 -13.8305 0.5
6 352.524 -104.234 9.28078 0.5
6 403.711 -83.9945 -12.3896 0.5
6 364.8 -84.8559 -12.9356 0.5
6 405.714 -105.084 -8.0867 0.5
6 406.792 -77.6113 2.19339 0.5
6 382.803 -80.7545 -9.39221 0.5
6 407.555 -100.953 -12.3569 0.5
6 355.625 -107.415 1.03055 0.5
6 333.941 -97.8791 -13.983 0.5
6 434.847 -77.4874 -1.05685 0.5
6 427.664 -83.1018 -11.7307 0.5
6 336.419 -77.7479 2.97428 0.5
6 369.087 -78.0569 4.22311 0.5
7 467.709 -120.85 9.13699 0.5
7 469.317 -120.757 -2.59534 0.5
7 492.847 -171.708 14.2844 0.5
7 457.003 -128.703 -3.83966 0.5
7 448.985 -85.4583 -2.07315 0.5
7 446.578 -84.8596 -9.88007 0.5
7 497.578 -197.16 8.01362 0.5
7 483.457 -156.354 -14.5447 0.5
7 455.253 -122.728 9.56136 0.5
7 497.88 -181.928 14.6815 0.5
7 464.857 -120.702 13.2114 0.5
7 467.235 -133.125 14.9518 0.5
7 467.884 -118.048 0.0218414 0.5
7 479.887 -168.16 -4.46126 0.5
7 478.004 -161.59 -10.1843 0.5
7 492.767 -168.867 -13.1142 0.5
7 498.512 -198.374 -8.61764 0.5
7 445.274 -98.5406 14.2601 0.5
7 488.834 -169.999 14.9853 0.5
7 455.819 -126.367 4.78849 0.5
7 470.05 -133.38 14.6049 0.5
7 497.84 -193.683 -12.1847 0.5
7 459.137 -114.955 -14.7085 0.5
7 457.7 -105.35 11.1278 0.5
7 495.254 -189.348 12.0796 0.5
7 452.748 -93.4964 -6.86645 0.5
7 461.929 -109.861 -7.69881 0.5
7 475.968 -150.308 -14.6418 0.5
7 496.977 -178.338 -14.1058 0.5
7 467.569 -128.199 14.3693 0.5
7 470.643 -132.97 -14.1916 0.5
7 494.812 -181.351 14.9076 0.5
7 471.652 -127.346 8.68626 0.5
7 451.46 -116.581 -9.02783 0.5
7 469.378 -140.675 14.1282 0.5
7 468.472 -129.112 -14.1582 0.5
7 483.787 -150.672 11.2503 0.5
7 472.191 -129.221 -9.87968 0.5
7 446.895 -82.1386 3.62334 0.5
7 468.721 -120.691 -5.86213 0.5
7 460.833 -135.095 -4.65755 0.5
7 468.393 -144.544 10.5997 0.5
7 465.274 -115.395 -7.24718 0.5
7 484.703 -150.454 9.35383 0.5
7 457.711 -113.486 -14.8736 0.5
7 461.006 -135.734 -3.45255 0.5
7 450.193 -100.846 -14.9186 0.5
7 495.949 -171.829 -11.3314 0.5
7 470.916 -142.582 -14.376 0.5
7 460.827 -114.138 13.427 0.5
7 479.94 -144.477 -11.6467 0.5
7 485.051 -148.929 -5.74953 0.5
7 476.784 -150.16 14.9039 0.5
7 492.724 -162.867 7.11512 0.5
7 478.021 -145.568 -14.1282 0.5
7 468.922 -145.422 -10.6379 0.5
7 462.775 -132.691 -12.3645 0.5
7 477.754 -164.878 -2.80991 0.5
7 459.602 -120.736 -14.8618 0.5
7 479.747 -141.389 -8.71722 0.5
7 479.111 -166.808 4.48361 0.5
7 484.813 -158.418 -14.4698 0.5
7 479.751 -138.612 0.53687 0.5
7 495.11 -195.202 -0.333175 0.5
7 447.092 -105.702 -12.2435 0.5
7 458.963 -104.966 8.08985 0.5
7 458.979 -129.968 8.52359 0.5
7 467.16 -117.159 -3.28621 0.5
7 472.055 -151.587 -9.84926 0.5
7 480.254 -139.859 -3.38069 0.5
7 456.564 -98.4867 -1.17036 0.5
7 457.922 -125.835 11.1432 0.5
7 468.509 -123.703 10.7828 0.5
7 462.114 -108.74 -4.48048 0.5
7 469.588 -121.886 5.0785 0.5
7 455.359 -102.209 11.8894 0.5
7 470.249 -126.66 -10.7271 0.5
7 476.501 -134.403 6.39079 0.5
7 483.444 -163.942 14.4726 0.5
7 483.62 -153.183 13.2017 0.5
7 453.097 -96.6154 10.3873 0.5
7 460.23 -129.851 -11.1267 0.5
7 473.161 -142.856 14.9851 0.5
7 498.781 -201.488 1.49876 0.5
7 481.745 -163.671 13.4627 0.5
7 477.252 -147.028 14.8308 0.5
7 460.731 -133.341 8.01018 0.5
7 459.495 -119.039 -14.991 0.5
7 488.425 -157.69 -10.2662 0.5
7 449.326 -96.4072 14.3098 0.5
7 448.165 -95.1094 -14.5145 0.5
7 495.703 -195.978 2.74824 0.5
7 499.603 -176.722 -9.90448 0.5
7 472.026 -147.058 13.3523 0.5
7 496.308 -172.416 11.3003 0.5
7 460.664 -108.965 -9.53541 0.5
7 468.697 -127.974 13.5266 0.5
7 498.586 -185.518 14.9833 0.5
7 482.883 -152.144 13.3275 0.5
7 455.534 -118.103 -13.545 0.5
7 478.315 -138.112 -7.47745 0.5
7 492.62 -190.128 -4.72907 0.5
7 482.861 -144.493 3.85014 0.5
7 491.818 -177.136 -14.7672 0.5
7 467.789 -129.89 -14.6982 0.5
7 449.949 -87.4295 3.6284 0.5
7 473.389 -127.583 -0.0856875 0.5
7 471.024 -124.481 5.36745 0.5
7 494.178 -163.904 3.04875 0.5
7 462.803 -137.655 -6.72647 0.5
7 451.946 -97.2901 12.5904 0.5
7 492.519 -190.563 2.1509 0.5
7 497.482 -195.478 10.0177 0.5
7 483.783 -148.984 -9.50578 0.5
7 461.989 -134.258 9.72606 0.5
7 471.206 -123.829 0.900326 0.5
7 457.218 -108.428 13.6827 0.5
7 446.555 -86.9248 11.8622 0.5
7 485.628 -170.922 13.1914 0.5
7 488.45 -155.351 -6.89975 0.5
7 459.153 -124.57 13.4478 0.5
7 498.757 -172.088 -4.08547 0.5
7 459.824 -128.933 -11.318 0.5
7 484.946 -157.428 -14.0798 0.5
7 496.165 -169.231 7.81811 0.5
7 471.257 -142.404 14.5828 0.5
7 452.25 -102.611 -14.6191 0.5
7 498.776 -171.704 -2.09961 0.5
7 475.17 -155.553 -11.2813 0.5
7 452.067 -103.816 14.8871 0.5
7 472.392 -142.394 -14.921 0.5
7 466.544 -144.73 5.37919 0.5
7 490.682 -158.794 -6.01459 0.5
7 471.379 -153.301 -4.83743 0.5
7 449.821 -86.7637 0.123584 0.5
7 459.311 -131.8 6.32743 0.5
7 475.1 -132.43 7.27483 0.5
7 470.076 -142.008 -14.0835 0.5
7 475.327 -153.862 12.7377 0.5
7 457.554 -126.869 -9.37244 0.5
7 472.715 -132.462 12.0342 0.5
7 467.413 -147.128 -1.7661 0.5
7 490.855 -166.055 -13.3797 0.5
7 447.406 -112.571 -0.493412 0.5
7 451.981 -107.101 -14.9148 0.5
7 487.862 -172.225 14.2861 0.5
7 460.79 -127.574 -13.3637 0.5
7 474.162 -128.933 0.535984 0.5
7 462.489 -132.134 12.4076 0.5
8 516.095 -154.011 13.3764 0.5
8 517.991 -158.537 -14.9651 0.5
8 541.207 -129.324 8.97103 0.5
8 546.932 -92.696 3.02879 0.5
8 515.313 -176.656 3.82599 0.5
8 502.779 -187.628 14.5192 0.5
8 538.71 -112.21 11.6747 0.5
8 515.224 -165.332 14.6918 0.5
8 553.637 -100.026 -14.3848 0.5
8 506.285 -172.292 -13.9564 0.5
8 536.056 -122.675 14.574 0.5
8 543.434 -105.112 -12.4719 0.5
8 511.335 -181.386 -8.52389 0.5
8 535.312 -136.262 12.1849 0.5
8 502.401 -177.553 13.2851 0.5
8 524.494 -146.644 14.9948 0.5
8 518.888 -170.957 -0.286325 0.5
8 549.603 -112.462 11.4399 0.5
8 547.824 -99.3078 13.5024 0.5
8 511.672 -154.161 -4.53343 0.5
8 539.015 -130.804 11.4368 0.5
8 545.699 -94.8233 -2.993 0.5
8 548.997 -88.9589 2.10383 0.5
8 550.806 -86.4896 -4.87018 0.5
8 545.814 -119.592 10.9339 0.5
8 543.049 -100.936 7.16693 0.5
8 553.861 -105.599 -10.9847 0.5
8 535.5 -130.314 -14.6706 0.5
8 540.05 -127.347 12.6629 0.5
8 533.848 -132.235 14.8397 0.5
8 532.932 -146.075 4.06112 0.5
8 513.252 -175.343 -11.5086 0.5
8 506.202 -178.429 14.9918 0.5
8 543.984 -109.216 -14.6377 0.5
8 513.417 -179.834 -4.20748 0.5
8 507.754 -187.719 -8.33094 0.5
8 535.571 -138.517 -9.68601 0.5
8 523.966 -139.979 13.1667 0.5
8 518.163 -169.164 -9.06951 0.5
8 524.945 -160.063 3.46905 0.5
8 522.559 -163.906 -4.51814 0.5
8 531.734 -129.344 14.3507 0.5
8 540.115 -114.911 -14.3757 0.5
8 536.089 -113.28 7.6781 0.5
8 513.458 -155.385 -11.198 0.5
8 547.549 -119.584 7.00111 0.5
8 553.664 -110.45 -2.86734 0.5
8 533.49 -140.061 -11.6952 0.5
8 523.904 -145.315 -14.8717 0.5
8 543.118 -127.351 -6.82277 0.5
8 535.891 -114.847 9.43306 0.5
8 535.154 -132.003 -14.3951 0.5
8 506.026 -192.124 -5.67112 0.5
8 516.217 -145.588 0.18027 0.5
8 542.371 -102.169 -7.27474 0.5
8 555.439 -77.6629 -0.583803 0.5
8 509.727 -157.657 -4.92176 0.5
8 525.666 -151.176 13.2894 0.5
8 520.734 -164.761 -9.00157 0.5
8 503.267 -196.722 -6.09436 0.5
8 501.626 -189.428 14.5694 0.5
8 519.147 -157.966 -14.7979 0.5
8 550.192 -96.055 13.8813 0.5
8 500.2 -178.092 -10.963 0.5
8 505.905 -171.007 13.0244 0.5
8 544.996 -96.8969 5.77839 0.5
8 512.953 -165.34 -14.973 0.5
8 523.599 -147.066 -14.982 0.5
8 543.378 -103.846 11.4446 0.5
8 500.059 -203.133 3.60502 0.5
8 542.9 -112.261 -14.8508 0.5
8 516.914 -144.849 3.7208 0.5
8 501.353 -194.735 12.425 0.5
8 538.63 -120.341 -14.9322 0.5
8 553.708 -83.8074 9.206 0.5
8 520.178 -154.979 -14.9476 0.5
8 540.062 -106.802 8.31625 0.5
8 531.255 -145.826 9.88115 0.5
8 521.914 -159.525 -12.143 0.5
8 508.818 -160.496 7.64566 0.5
8 528.188 -129.906 -11.2285 0.5
8 506.706 -162.94 -5.06312 0.5
8 552.751 -106.437 -11.902 0.5
8 511.148 -154.528 -2.20321 0.5
8 539.097 -110.74 -10.9825 0.5
8 512.476 -153.762 6.93001 0.5
8 512.039 -167.193 -14.9867 0.5
8 535.492 -122.205 -14.1434 0.5
8 504.666 -179.161 -14.9314 0.5
8 523.712 -162.034 -4.10098 0.5
8 513.472 -150.51 2.24991 0.5
8 520.51 -165.034 9.15332 0.5
8 532.245 -143.467 10.5701 0.5
8 513.039 -178.625 -8.24163 0.5
8 504.332 -169.895 -9.89098 0.5
8 547.222 -111.877 14.1446 0.5
8 527.196 -128.381 7.14383 0.5
8 536.718 -110.345 -2.8168 0.5
8 534.856 -137.88 -11.5442 0.5
8 521.935 -152.224 -14.9207 0.5
8 517.468 -146.801 -9.4872 0.5
8 533.108 -146.328 -0.325293 0.5
8 532.419 -117.814 -2.93763 0.5
8 519.912 -142.804 -9.76939 0.5
8 553.258 -82.3902 -5.282 0.5
8 504.177 -172.123 -11.7561 0.5
8 529.446 -123.239 -4.08088 0.5
8 545.325 -100.373 11.3596 0.5
8 528.403 -153.409 5.56557 0.5
8 517.207 -169.667 10.4132 0.5
8 500.596 -187.921 -14.9974 0.5
8 516.63 -147.493 -8.47231 0.5
8 525.071 -139.241 13.7435 0.5
8 553.084 -94.4688 -14.8286 0.5
8 546.978 -96.4511 -10.3515 0.5
8 509.979 -185.637 4.69681 0.5
8 505.292 -189.953 10.7674 0.5
8 552.156 -112.721 4.2598 0.5
8 539.44 -135.356 0.468007 0.5
8 523.615 -143.435 -14.3592 0.5
8 547.31 -101.938 14.2133 0.5
8 553.867 -97.3755 14.866 0.5
8 552.783 -111.889 -3.27618 0.5
8 532.018 -135.373 14.8444 0.5
8 545.265 -97.2549 7.45111 0.5
8 530.169 -121.456 -1.02792 0.5
8 519.27 -147.216 12.6362 0.5
8 521.339 -151.013 -14.9835 0.5
8 523.708 -162.089 3.92412 0.5
8 519.327 -164.268 -11.9485 0.5
8 505.905 -164.355 -5.13717 0.5
8 548.362 -91.4238 -6.56818 0.5
8 555.087 -85.1551 12.6209 0.5
8 509.377 -186.762 -4.43801 0.5
8 518.617 -162.605 13.6696 0.5
8 527.198 -135.196 13.5797 0.5
8 546.167 -121.11 -8.44239 0.5
8 545.809 -115.306 -13.759 0.5
8 518.476 -167.655 10.2182 0.5
8 508.126 -172.045 14.7807 0.5
8 541.532 -115.251 14.9259 0.5
8 541.711 -129.348 7.62272 0.5
8 553.107 -110.544 5.75326 0.5
8 548.135 -118.608 6.92509 0.5
8 522.451 -134.857 1.42115 0.5
8 512.885 -156.904 11.6461 0.5
8 530.937 -146.552 -9.67647 0.5
8 546.838 -95.4865 -8.9166 0.5
8 516.195 -163.057 14.8015 0.5
8 518.077 -147.847 11.5932 0.5
8 530.079 -151.464 -1.83562 0.5
8 507.415 -182.701 -13.3348 0.5
8 517.099 -166.915 -12.7783 0.5
8 524.807 -152.162 -13.5406 0.5
8 529.543 -132.108 -13.995 0.5
8 517.675 -143.116 -1.28847 0.5
8 533.852 -115.06 -0.75023 0.5
8 531.681 -133.689 14.9996 0.5
8 549.947 -106.788 -14.2698 0.5
8 528.367 -154.166 3.33683 0.5
8 544.865 -118.32 13.0734 0.5
8 502.047 -199.287 -4.95723 0.5
8 509.844 -163.564 -12.6497 0.5
8 513.098 -154.706 9.88357 0.5
8 510.31 -177.002 -13.6658 0.5
8 524.851 -138.641 -13.2712 0.5
8 533.905 -124.139 13.8291 0.5
8 538.065 -109.983 7.88142 0.5
8 535.634 -117.146 11.348 0.5
8 506.983 -191.482 -1.71605 0.5
8 522.742 -160.501 -9.95998 0.5
8 514.325 -156.684 -13.17 0.5
8 512.532 -175.034 12.6471 0.5
8 540.702 -133.076 1.74581 0.5
8 553.406 -108.397 8.69505 0.5
8 532.301 -120.243 8.31407 0.5
8 517.152 -173.207 4.71613 0.5
8 510.955 -155.409 -4.55883 0.5
8 534.634 -115.599 -7.32815 0.5
8 523.039 -137.815 10.246 0.5
8 550.842 -85.6158 0.167988 0.5
8 548.796 -98.0089 -13.6817 0.5
8 529.313 -141.144 14.6459 0.5
8 508.388 -164.298 11.3143 0.5
8 507.541 -162.786 -7.77349 0.5
8 524.908 -130.546 0.599762 0.5
9 666.374 -92.8506 -14.9947 0.5
9 595.434 -98.4486 13.7484 0.5
9 632.989 -90.2497 -14.8377 0.5
9 656.651 -80.2684 -8.75256 0.5
9 658.916 -78.055 4.21677 0.5
9 606.669 -104.901 -8.36517 0.5
9 651.948 -102.307 -11.3064 0.5
9 581.823 -77.5065 1.3002 0.5
9 647.481 -80.472 9.02912 0.5
9 616.181 -91.1129 -14.9403 0.5
9 628.228 -99.6598 13.1537 0.5
9 634.71 -100.156 -12.8691 0.5
9 659.926 -103.789 -9.81999 0.5
9 656.856 -87.8663 -14.2825 0.5
9 663.272 -104.609 -8.78369 0.5
9 652.089 -103.951 -9.62991 0.5
9 569.219 -78.8188 6.25999 0.5
9 652.809 -82.68 -11.3818 0.5
9 614.278 -92.1412 -14.9968 0.5
9 557.32 -84.7444 12.8694 0.5
9 632.844 -107.418 0.977343 0.5
9 588.168 -84.8956 12.9588 0.5
9 571.157 -103.515 10.1276 0.5
9 653.46 -77.4688 -0.748919 0.5
9 626.985 -85.5465 -13.3169 0.5
9 621.115 -79.0432 -6.72718 0.5
9 585.222 -77.9247 -3.74344 0.5
9 607.717 -107.267 -2.33652 0.5
9 634.475 -107.439 0.586496 0.5
9 597.023 -83.9077 12.3299 0.5
9 589.48 -81.6342 10.3931 0.5
9 608.596 -100.033 12.942 0.5
9 596.571 -87.2334 14.0636 0.5
9 656.492 -106.816 -4.3162 0.5
9 583.929 -77.7734 -3.09761 0.5
9 593.287 -107.449 -0.158646 0.5
9 656.867 -107.153 2.96926 0.5
9 649.039 -102.372 11.2498 0.5
9 564.653 -106.415 5.47656 0.5
9 627.697 -106.277 -5.81632 0.5
9 590.8 -83.5681 12.0876 0.5
9 575.638 -94.7864 -14.8169 0.5
9 637.228 -87.3707 14.1138 0.5
9 630.068 -81.628 -10.3866 0.5
9 570.551 -92.6098 -14.9992 0.5
9 584.795 -106.682 4.738 0.5
9 594.036 -77.862 3.49089 0.5
9 620.274 -86.6244 -13.8225 0.5
9 602.986 -80.0051 8.37393 0.5
9 587.664 -88.4252 -14.4499 0.5
9 573.514 -97.4151 14.1545 0.5
9 631.429 -83.3637 -11.9347 0.5
9 637.013 -100.753 -12.4928 0.5
9 576.343 -81.6734 -10.4337 0.5
9 619.298 -97.4012 -14.1593 0.5
9 585.983 -80.4744 9.03231 0.5
9 665.805 -81.418 -10.1633 0.5
9 589.06 -95.2466 -14.737 0.5
9 565.19 -107.45 -0.0817739 0.5
9 627.267 -78.1339 -4.47724 0.5
9 651.471 -78.702 -5.99906 0.5
9 593.885 -100.066 -12.9228 0.5
9 629.359 -105.677 7.07435 0.5
9 626.117 -103.85 9.7495 0.5
9 613.895 -83.478 -12.0209 0.5
9 625.831 -105.604 -7.20939 0.5
9 590.957 -107.32 -1.97085 0.5
9 624.059 -80.5623 -9.14767 0.5
9 570.433 -98.414 13.7634 0.5
9 558.581 -101.05 12.2899 0.5
9 649.378 -99.0286 -13.4805 0.5
9 662.962 -106.679 -4.7475 0.5
9 639.715 -102.257 11.3502 0.5
9 660.834 -92.1265 14.9965 0.5
9 651.01 -83.9238 -12.3411 0.5
9 580.508 -103.141 -10.5221 0.5
9 558.271 -82.9745 -11.6281 0.5
9 611.912 -80.328 8.83482 0.5
9 648.03 -105.183 -7.9295 0.5
9 555.978 -106.983 -3.71459 0.5
9 613.966 -102.334 -11.2833 0.5
9 562.387 -100.209 12.8373 0.5
9 629.953 -106.733 -4.58344 0.5
9 642.85 -88.7079 -14.5257 0.5
9 654.246 -106.548 5.12346 0.5
9 601.212 -97.042 14.2799 0.5
9 582.373 -82.7154 -11.4121 0.5
9 645.383 -80.7401 9.37427 0.5
9 592.288 -78.7945 6.20689 0.5
9 612.907 -98.6097 -13.677 0.5
9 655.048 -82.7807 -11.4675 0.5
9 619.176 -107.444 -0.433531 0.5
9 559.55 -107.051 3.43612 0.5
9 658.213 -106.836 4.24917 0.5
9 607.028 -77.453 -0.296459 0.5
9 579.184 -87.2463 -14.0684 0.5
9 566.504 -93.7643 -14.9423 0.5
9 627.742 -77.5877 2.02706 0.5
9 666.37 -89.5328 14.7136 0.5
9 642.433 -83.6988 12.1826 0.5
9 647.712 -84.7673 12.8831 0.5
9 582.562 -86.8582 13.9187 0.5
9 582.642 -78.5551 5.65049 0.5
9 630.891 -90.774 -14.9061 0.5
9 573.224 -91.0263 -14.9323 0.5
9 618.87 -84.4117 12.6643 0.5
9 646.146 -107.382 -1.43038 0.5
9 659.139 -101.461 -11.9917 0.5
9 665.342 -105.499 7.39722 0.5
9 640.293 -102.478 -11.155 0.5
9 598.016 -100.686 -12.5365 0.5
9 613.929 -107.411 1.08856 0.5
9 643.135 -105.881 -6.68009 0.5
9 571.393 -82.6482 11.3544 0.5
9 604.248 -78.3232 5.04278 0.5
9 572.066 -96.5524 -14.4281 0.5
9 602.368 -102.861 -10.7989 0.5
9 561.306 -77.8079 3.2569 0.5
9 565.655 -104.137 9.4025 0.5
9 581.099 -102.142 -11.4486 0.5
9 644.162 -93.4107 -14.9692 0.5
9 587.341 -81.308 -10.0426 0.5
9 614.988 -103.087 -10.5758 0.5
9 660.109 -78.0073 -4.05044 0.5
9 663.505 -106.249 -5.88094 0.5
9 603.751 -83.8645 12.2999 0.5
9 573.528 -104.306 9.18962 0.5
9 657.365 -105.313 -7.71679 0.5
9 558.654 -107.339 1.82444 0.5
9 663.099 -98.1366 13.8803 0.5
9 568.837 -104.195 -9.32984 0.5
9 608.438 -106.079 -6.26477 0.5
9 659.328 -81.7532 10.5155 0.5
9 629.255 -99.3499 13.3189 0.5
9 620.741 -80.0762 -8.47867 0.5
9 634.439 -81.8534 10.6165 0.5
9 570.584 -79.0091 -6.65882 0.5
9 640.24 -83.5824 -12.0981 0.5
9 623.984 -88.1879 -14.3817 0.5
9 634.958 -79.7617 -8.00026 0.5
9 561.563 -92.2542 -14.9987 0.5
9 598.287 -102.05 -11.5257 0.5
9 631.982 -77.6443 -2.40575 0.5
9 661.691 -78.786 -6.18815 0.5
9 629.622 -99.2579 -13.3662 0.5
9 584.047 -77.5798 1.96861 0.5
9 562.118 -83.7526 -12.221 0.5
9 658.381 -82.0575 -10.8164 0.5
9 611.799 -77.4998 -1.22066 0.5
9 651.759 -77.6871 2.65574 0.5
9 613.007 -79.3121 -7.23832 0.5
9 572.583 -106.616 -4.93104 0.5
9 624.092 -107.281 2.24627 0.5
9 616.288 -77.5877 2.02734 0.5
9 563.099 -107.26 -2.38122 0.5
9 649.055 -106.378 5.56797 0.5
9 571.571 -106.033 6.36448 0.5
9 656.299 -81.8003 -10.5633 0.5
9 650.585 -78.9338 6.50455 0.5
9 624.23 -93.7248 14.9457 0.5
9 661.697 -91.9203 -14.9906 0.5
9 620.873 -100.46 -12.6823 0.5
9 585.398 -91.6687 14.9796 0.5
9 592.491 -98.8596 -13.5616 0.5
9 655.194 -78.0479 4.19236 0.5
9 583.756 -98.4633 -13.742 0.5
9 612.214 -81.5729 -10.329 0.5
10 653.57 -75.4534 13.8798 0.5
10 632.936 -40.2797 13.6348 0.5
10 631.046 -40.133 11.7055 0.5
10 633.809 -23.2254 -8.56533 0.5
10 650.392 -77.6851 6.6926 0.5
10 623.918 -21.2813 -14.7221 0.5
10 656.523 -84.1034 -11.8295 0.5
10 629.103 -40.8236 6.66833 0.5
10 629.793 -38.5501 11.2095 0.5
10 635.861 -45.1012 -13.7439 0.5
10 632.749 -24.0439 -11.4764 0.5
10 612.085 1.2873 -14.9786 0.5
10 614.556 2.26722 14.3221 0.5
10 615.434 -11.2354 -12.9774 0.5
10 648.999 -70.4064 12.3195 0.5
10 618.092 -20.8684 8.2125 0.5
10 612.033 -8.78887 -10.2334 0.5
10 654.556 -58.7677 7.9729 0.5
10 631.064 -16.0847 -2.99023 0.5
10 655.726 -58.5066 -0.407036 0.5
10 627.981 -12.963 8.31833 0.5
10 653.923 -57.3026 -7.35163 0.5
10 637.628 -32.0444 11.081 0.5
10 624.227 -27.9819 11.9698 0.5
10 637.154 -55.5254 4.85431 0.5
10 652.591 -57.1515 10.2857 0.5
10 625.803 -7.55522 5.07258 0.5
10 650.032 -50.0627 6.38148 0.5
10 614.031 7.18251 -12.3831 0.5
10 617.618 -1.75256 -13.8574 0.5
10 655.553 -88.0383 -2.19953 0.5
10 624.676 -33.7491 5.30885 0.5
10 652.601 -53.1687 1.55856 0.5
10 660.029 -92.9872 -8.95554 0.5
10 657.839 -71.2926 -13.805 0.5
10 653.857 -78.6759 12.419 0.5
10 627.739 -35.1618 -11.0571 0.5
10 642.129 -34.9878 1.06984 0.5
10 650.199 -76.1964 -8.62861 0.5
10 643.461 -64.1641 -9.12178 0.5
10 627.077 -12.2555 9.48152 0.5
10 660.234 -76.4276 14.1836 0.5
10 647.337 -44.0031 0.994718 0.5
10 637.592 -51.5966 11.6041 0.5
10 651.588 -75.8732 -11.5747 0.5
10 647.127 -43.6192 -0.627583 0.5
10 611.223 15.2066 -9.47947 0.5
10 622.176 -21.3336 13.7723 0.5
10 650.128 -63.9474 -14.9993 0.5
10 619.569 0.649552 -9.60081 0.5
10 653.697 -59.7023 -10.9199 0.5
10 619.363 -5.42828 -14.1102 0.5
10 643.944 -64.3938 9.86366 0.5
10 640.155 -56.7496 10.9796 0.5
10 666.295 -101.172 11.716 0.5
10 617.87 -21.5234 6.34548 0.5
10 638.874 -52.0494 12.8507 0.5
10 666.531 -90.3339 -14.8817 0.5
10 628.187 -13.127 -8.0238 0.5
10 644.68 -39.8096 3.6155 0.5
10 649.704 -51.7276 -9.81526 0.5
10 619.537 -23.9972 -7.16671 0.5
10 619.161 -17.4015 -13.1405 0.5
10 647.095 -50.8123 -12.8497 0.5
10 615.179 3.36375 -13.4529 0.5
10 616.81 -13.6394 -12.9655 0.5
10 654.109 -76.5697 13.804 0.5
10 664.877 -90.6833 14.9406 0.5
10 619.269 -14.8378 -14.3147 0.5
10 661.144 -73.9175 12.0244 0.5
10 663.382 -98.4461 9.40487 0.5
10 629.976 -37.8382 12.0455 0.5
10 654.326 -83.7269 8.05777 0.5
10 616.803 3.11035 -11.8519 0.5
10 650.521 -67.7736 -14.6352 0.5
10 622.553 -25.8306 11.3673 0.5
10 635.813 -49.3393 10.8767 0.5
10 647.97 -73.5617 6.54712 0.5
10 611.303 13.3407 -11.2709 0.5
10 624.447 -29.9175 -10.6199 0.5
10 643.753 -37.9532 2.38727 0.5
10 625.901 -28.994 13.1848 0.5
10 639.974 -38.9515 -13.1226 0.5
10 638.834 -58.4661 4.76351 0.5
10 615.779 -16.3906 8.89184 0.5
10 635.759 -43.6371 -14.2379 0.5
10 662.762 -70.7838 -1.7077 0.5
10 640.331 -57.3116 -10.7347 0.5
10 634.348 -27.8877 -12.3004 0.5
10 625.868 -20.8198 14.969 0.5
10 666.066 -78.3073 7.30251 0.5
10 616.256 -19.9374 2.43539 0.5
10 653.396 -62.6919 -13.3836 0.5
10 641.437 -33.7941 1.12919 0.5
10 623.051 -24.4497 -12.9651 0.5
10 631.926 -46.1024 5.82177 0.5
10 628.357 -30.3403 14.3871 0.5
10 632.795 -33.5499 14.9982 0.5
10 629.322 -33.7377 13.7609 0.5
10 619.442 -25.2777 -3.34168 0.5
10 666.016 -77.3685 5.50331 0.5
10 646.07 -67.0457 10.9335 0.5
10 645.286 -66.7558 -9.82156 0.5
10 622.811 -29.7778 -6.96011 0.5
10 614.412 8.43796 10.8285 0.5
10 626.776 -8.95969 4.21054 0.5
10 642.134 -64.0176 -5.22865 0.5
10 611.383 -10.2886 6.34275 0.5
10 637.04 -29.2978 -9.21292 0.5
10 664.873 -103.158 5.84187 0.5
10 629.937 -17.7764 10.1381 0.5
10 621.841 -8.6306 -13.6682 0.5
10 619.109 -22.5692 -8.30569 0.5
10 661.981 -84.9639 -14.9868 0.5
10 657.762 -88.9719 9.07236 0.5
10 664.496 -103.577 1.84482 0.5
10 646.79 -49.9833 12.6638 0.5
10 649.132 -48.4279 6.21522 0.5
10 615.989 -8.5245 -14.4973 0.5
10 618.396 1.43752 10.9224 0.5
10 641.962 -59.2317 -11.5489 0.5
10 655.397 -73.2436 14.9967 0.5
10 615.997 -2.17928 14.7887 0.5
10 622.051 -3.94778 -9.94913 0.5
10 627.02 -37.3853 -6.31539 0.5
10 630.896 -18.3723 -8.83557 0.5
10 614.345 12.4418 -4.62945 0.5
10 636.355 -38.7059 -14.9484 0.5
10 633.045 -25.3548 -12.1029 0.5
10 620.894 -21.3962 -12.5427 0.5
10 630.163 -23.2268 13.7493 0.5
10 614.756 7.88984 -10.7827 0.5
10 627.177 -9.12308 1.45921 0.5
10 629.149 -27.7062 14.9981 0.5
10 638.394 -33.5584 11.2491 0.5
10 649.966 -69.5859 13.7207 0.5
10 652.104 -82.2179 -0.493586 0.5
10 659.746 -93.9857 -6.48983 0.5
10 643.083 -59.5793 12.7031 0.5
10 643.328 -52.0986 14.9998 0.5
10 626.303 -37.5116 -0.891895 0.5
10 641.58 -42.6514 13.5907 0.5
10 650.723 -51.372 -6.61402 0.5
10 655.182 -57.8402 2.8946 0.5
10 640.369 -31.9381 1.06261 0.5
10 616.915 -18.7376 -8.35059 0.5
10 636.563 -51.26 10.2503 0.5
10 614.816 -4.21897 -14.9169 0.5
10 613.194 -3.4942 -14.5462 0.5
10 633.295 -40.836 -13.6642 0.5
10 625.934 -35.1613 7.00794 0.5
10 615.912 8.63079 7.17736 0.5
10 661.951 -87.1676 -14.72 0.5
10 612.223 16.8362 0.62754 0.5
10 614.849 -10.4914 12.817 0.5
10 639.734 -60.1932 -4.22777 0.5
10 620.095 -0.691549 10.0965 0.5
10 619.154 -13.8362 -14.5416 0.5
10 632.539 -47.0938 5.98338 0.5
10 643.506 -67.314 0.775601 0.5
10 662.841 -72.5983 7.07789 0.5
10 650.493 -57.6028 -13.3531 0.5
10 628.795 -41.1673 4.48975 0.5
11 647.359 64.6385 -14.8767 0.5
11 618.463 1.58316 -1.48915 0.5
11 660.109 94.0026 -14.0091 0.5
11 621.354 13.1669 12.4618 0.5
11 655.937 86.5692 -14.0872 0.5
11 629.509 34.1468 14.9253 0.5
11 619.245 30.9031 7.41345 0.5
11 658.822 93.6157 -13.1576 0.5
11 627.761 34.6842 -14.8565 0.5
11 618.444 30.6061 -5.0331 0.5
11 656.908 88.2723 14.0792 0.5
11 636.472 62.6893 -0.580879 0.5
11 664.229 96.3275 14.99 0.5
11 642.016 71.7898 3.89069 0.5
11 614.825 15.6656 13.9719 0.5
11 615.722 -3.19049 1.20457 0.5
11 623.616 40.0248 -3.48089 0.5
11 646.148 49.5042 1.13123 0.5
11 654.56 83.6537 -14.2699 0.5
11 662.036 87.5073 -14.3177 0.5
11 645.296 48.6393 -4.38065 0.5
11 661.355 92.4947 14.904 0.5
11 615.171 16.6957 13.7958 0.5
11 631.099 25.3446 -7.39406 0.5
11 639.138 63.8279 9.62049 0.5
11 662.017 92.5683 -14.9871 0.5
11 659.704 77.602 -10.8681 0.5
11 654.972 90.3398 10.6169 0.5
11 626.219 44.8731 -1.43804 0.5
11 618.821 31.7099 -3.52386 0.5
11 654.52 64.0919 -1.97172 0.5
11 646.619 75.6143 -10.8687 0.5
11 644.542 76.5964 -1.57101 0.5
11 664.759 108.033 -9.82234 0.5
11 624.639 12.451 -2.6994 0.5
11 656.85 79.7817 -14.6512 0.5
11 636.688 56.2063 12.6049 0.5
11 648.586 53.9736 -2.9343 0.5
11 630.019 29.5516 -13.2809 0.5
11 641.785 45.8673 -10.1587 0.5
11 631.542 43.4867 14.363 0.5
11 614.966 -4.30297 -2.69797 0.5
11 654.607 87.4916 12.4406 0.5
11 614.217 -3.37003 -8.25429 0.5
11 638.116 50.1822 -14.9955 0.5
11 626.182 25.8422 14.4465 0.5
11 662.552 93.5529 14.9846 0.5
11 633.021 36.2524 13.9662 0.5
11 621.259 36.1007 2.72799 0.5
11 622.425 29.8205 -13.5426 0.5
11 648.365 56.3174 9.02326 0.5
11 643.678 47.9937 -8.74383 0.5
11 656.485 94.694 8.54316 0.5
11 631.325 47.7131 12.054 0.5
11 640.36 50.5058 -14.4763 0.5
11 637.72 38.4774 9.76546 0.5
11 654.866 91.5923 -8.9571 0.5
11 630.19 21.837 0.719749 0.5
11 622.549 26.1099 -14.7862 0.5
11 661.474 100.627 -11.5077 0.5
11 632.754 30.3389 10.2806 0.5
11 644.56 69.378 -12.8919 0.5
11 645.494 69.6709 -13.5925 0.5
11 620.828 24.0248 14.605 0.5
11 657.892 86.0764 14.9457 0.5
11 638.763 60.9463 11.7878 0.5
11 643.864 74.4389 5.55197 0.5
11 627.294 41.0601 -11.8042 0.5
11 644.33 46.5334 -2.57241 0.5
11 661.535 106.111 0.0624025 0.5
11 657.563 69.671 -3.60433 0.5
11 636.539 34.3081 6.51845 0.5
11 652.614 79.4504 -14.5134 0.5
11 638.496 57.3756 -13.6726 0.5
11 627.841 47.5693 2.33196 0.5
11 630.202 33.8822 -14.7053 0.5
11 622.588 13.8648 11.3661 0.5
11 619.744 7.34204 -9.76606 0.5
11 637.753 48.5922 -14.9412 0.5
11 628.811 48.1326 6.10598 0.5
11 623.699 11.7543 5.82298 0.5
11 619.631 4.98228 -6.43394 0.5
11 655.741 92.6823 9.50244 0.5
11 627.565 23.222 11.9611 0.5
11 619.955 6.93011 8.77905 0.5
11 620.651 5.90963 -4.23516 0.5
11 637.149 45.3873 14.5891 0.5
11 661.145 80.3547 11.1074 0.5
11 641.343 51.2837 -14.1929 0.5
11 644.646 74.6082 7.90295 0.5
11 648.635 79.7962 -10.1681 0.5
11 661.63 82.2077 11.9486 0.5
11 647.198 64.454 14.8884 0.5
11 630.499 25.3596 -9.00583 0.5
11 629.471 20.5843 0.524632 0.5
11 638.468 51.7203 -14.9895 0.5
11 639.903 43.8706 11.3795 0.5
11 623.812 32.6862 -13.3118 0.5
11 617.999 20.1029 14.3408 0.5
11 650.297 78.3471 13.4208 0.5
11 611.766 11.0999 13.6631 0.5
11 628.928 49.627 0.457054 0.5
11 660.804 98.562 12.2077 0.5
11 626.855 22.9862 -12.6524 0.5
11 632.979 51.8934 -10.9581 0.5
11 620.802 7.85345 7.97213 0.5
11 615.343 25.9717 -1.99522 0.5
11 644.471 60.2967 14.9471 0.5
11 659.671 99.3007 9.72865 0.5
11 636.827 36.8331 9.65014 0.5
11 659.041 97.977 9.99432 0.5
11 653.857 90.0191 8.71754 0.5
11 664.826 109.76 -7.57303 0.5
11 661.339 96.3744 -13.9144 0.5
11 664.442 81.3024 2.15963 0.5
11 614.674 21.6344 9.40178 0.5
11 657.261 89.4191 -13.8709 0.5
11 656.373 83.6837 -14.9235 0.5
11 632.646 30.1099 -10.2363 0.5
11 623.982 23.6293 14.8004 0.5
11 630.485 48.2612 10.2737 0.5
11 614.729 13.9267 14.4879 0.5
11 637.216 63.9223 1.41563 0.5
11 612.612 -1.53636 -12.7442 0.5
11 625.651 14.361 3.44956 0.5
11 623.722 17.9598 12.8982 0.5
11 628.21 45.3097 -9.10762 0.5
11 639.414 64.8489 -8.93121 0.5
11 655.67 83.3096 14.8137 0.5
11 630.985 29.9765 -12.5467 0.5
11 635.455 52.2157 13.6239 0.5
11 654.403 69.9923 12.1717 0.5
11 645.459 78.1469 1.89627 0.5
11 613.004 -2.87056 -11.2473 0.5
11 620.035 17.7772 14.9293 0.5
11 663.315 79.2173 0.832489 0.5
11 656.432 68.3657 -5.62049 0.5
11 662.384 80.5133 8.90759 0.5
11 621.525 7.96765 5.7742 0.5
11 629.727 26.0072 11.1705 0.5
11 631.394 53.9062 -0.0763199 0.5
11 648.929 78.4534 -11.8663 0.5
11 632.049 54.6857 -3.24374 0.5
11 644.312 58.9958 14.8249 0.5
11 651.198 62.0602 -10.036 0.5
11 666.057 110.406 9.67618 0.5
11 651.87 62.451 -9.1058 0.5
11 617.208 20.357 13.7383 0.5
11 629.119 42.2945 13.0881 0.5
11 637.099 63.6035 -2.33693 0.5
11 664.898 99.8371 14.7168 0.5
11 621.065 33.3475 -8.53959 0.5
11 619.38 30.1327 -8.95256 0.5
11 642.853 44.0893 -3.15266 0.5
11 657.993 70.1662 2.37744 0.5
11 655.293 74.1612 13.6863 0.5
11 639.437 53.0786 14.998 0.5
11 629.149 47.0895 8.90415 0.5
11 643.042 53.678 13.9933 0.5
11 643.107 72.2399 -7.40204 0.5
11 621.184 31.9576 -10.4755 0.5
11 641.153 44.7113 -10.0918 0.5
12 687.572 99.2702 14.9822 0.5
12 673.119 89.2398 -10.4507 0.5
12 748.928 114.52 -3.76535 0.5
12 671.15 94.12 13.7995 0.5
12 683.292 107.515 12.9819 0.5
12 715.313 93.1915 13.3658 0.5
12 747.881 114.007 5.36584 0.5
12 676.758 104.814 -14.2066 0.5
12 753.779 90.9362 11.9519 0.5
12 722.238 109.355 -11.7253 0.5
12 668.201 102.369 14.8118 0.5
12 748.709 93.2389 -13.3898 0.5
12 773.21 110.43 10.7803 0.5
12 681.722 97.9437 14.8584 0.5
12 749.4 92.3163 -12.8826 0.5
12 772.264 85.1126 -1.83467 0.5
12 741.393 113.572 -6.38813 0.5
12 674.677 99.3726 14.9869 0.5
12 741.649 104.662 14.2572 0.5
12 688.201 85.2512 2.73381 0.5
12 772.144 85.4276 3.55615 0.5
12 711.068 111.922 9.10246 0.5
12 699.028 86.285 -6.07434 0.5
12 738.466 86.3895 -6.30504 0.5
12 692.461 114.874 -1.94098 0.5
12 771.457 112.928 7.60751 0.5
12 721.85 109.738 11.4093 0.5
12 677.579 114.01 -5.35866 0.5
12 734.831 98.4805 -14.9228 0.5
12 688.854 88.64 9.79545 0.5
12 731.283 85.2794 -2.88171 0.5
12 675.08 92.3589 -12.9079 0.5
12 726.354 111.898 -9.13432 0.5
12 749.096 87.6022 8.44363 0.5
12 742.598 91.8312 -12.5806 0.5
12 673.593 88.3404 9.43684 0.5
12 673.779 85.0754 1.50177 0.5
12 752.839 105.444 13.9773 0.5
12 737.842 102.203 -14.8374 0.5
12 774.428 101.444 14.9304 0.5
12 674.073 93.7343 13.6287 0.5
12 704.87 114.333 4.42418 0.5
12 723.62 97.3417 14.7626 0.5
12 766.556 113.716 6.07236 0.5
12 773.661 89.0052 10.2036 0.5
12 669.428 97.3484 14.7638 0.5
12 705.723 108.581 12.3029 0.5
12 762.478 107.284 13.1125 0.5
12 696.659 109.915 -11.2556 0.5
12 694.15 110.443 10.7676 0.5
12 756.233 104.864 14.1894 0.5
12 742.77 114.614 3.37886 0.5
12 697.661 105.855 13.8101 0.5
12 740.999 85.0485 -1.20487 0.5
12 706.267 103.745 -14.5251 0.5
12 694.749 111.771 9.29764 0.5
12 770.488 109.844 -11.3175 0.5
12 682.087 85.1336 1.99727 0.5
12 672.311 113.857 5.7426 0.5
12 758.659 112.658 8.04891 0.5
12 679.61 114.736 -2.79981 0.5
12 764.808 91.8806 12.6125 0.5
12 678.009 86.2563 6.00921 0.5
12 702.223 112.152 -8.79425 0.5
12 667.937 103.742 -14.5256 0.5
12 751.26 101.53 14.9218 0.5
12 686.533 86.3213 -6.15578 0.5
12 671.904 97.3495 -14.764 0.5
12 739.907 104.799 14.2115 0.5
12 774.04 107.766 -12.8328 0.5
12 701.238 85.9784 -5.32858 0.5
12 772.823 109.724 11.4213 0.5
12 754.692 86.0762 5.57911 0.5
12 723.57 107.215 13.1506 0.5
12 743.174 107.804 -12.81 0.5
12 719.276 112.835 -7.76313 0.5
12 777.187 113.949 5.51706 0.5
12 698.261 89.7451 10.947 0.5
12 701.903 100.219 14.9984 0.5
12 776.956 107.928 -12.7334 0.5
12 718.346 96.3093 -14.5389 0.5
12 669.528 86.54 -6.62031 0.5
12 715.355 105.951 -13.7689 0.5
12 771.316 86.7018 6.9395 0.5
12 703.794 107.554 12.9589 0.5
12 676.867 114.437 4.07192 0.5
12 756.79 113.345 -6.84997 0.5
12 744.367 88.4744 9.60001 0.5
12 696.242 89.023 -10.2228 0.5
12 738.247 105.709 13.8711 0.5
12 706.198 96.728 14.6388 0.5
12 711.922 86.0159 5.42642 0.5
12 775.551 93.1429 13.3409 0.5
12 733.039 114.967 0.993249 0.5
12 759.406 114.793 2.48421 0.5
12 746.963 108.069 12.645 0.5
12 687.444 85.4295 -3.56362 0.5
12 669.019 85.7066 -4.54963 0.5
12 729.875 89.2459 10.4571 0.5
12 671.967 98.5435 -14.9291 0.5
12 719.127 110.702 10.5098 0.5
12 727.417 112.21 8.71228 0.5
12 717.644 97.1244 14.7218 0.5
12 740.727 109.488 -11.618 0.5
12 748.718 85.5563 -4.04702 0.5
12 732.827 113.984 -5.42677 0.5
12 745.555 92.1151 12.7604 0.5
12 707.134 95.9824 -14.4519 0.5
12 715.158 85.0016 -0.218999 0.5
12 772.774 86.4061 -6.34089 0.5
12 673.66 86.0824 5.5947 0.5
12 678.611 114.968 -0.975671 0.5
12 695.143 87.374 -8.09835 0.5
12 709.074 90.3338 11.4701 0.5
12 774.904 114.071 -5.19789 0.5
12 689.756 92.5319 -13.0087 0.5
12 712.694 88.3415 9.43819 0.5
12 776.463 92.8954 -13.2108 0.5
12 710.001 87.7713 8.68666 0.5
12 741.913 114.905 1.68265 0.5
12 758.925 114.999 -0.162934 0.5
12 721.625 110.848 -10.3601 0.5
12 709.35 99.4514 -14.99 0.5
12 750.117 85.2533 2.7451 0.5
12 675.51 99.2612 -14.9818 0.5
12 732.214 108.577 12.3061 0.5
12 748.322 90.7469 11.8059 0.5
12 680.888 89.9822 -11.1644 0.5
12 735.244 87.2381 7.88248 0.5
12 684.976 85.0923 -1.66166 0.5
12 776.584 113.86 -5.73658 0.5
12 737.398 97.8253 -14.8415 0.5
12 710.77 106.027 13.736 0.5
12 690.381 86.8767 7.26483 0.5
12 773.134 103.094 14.6774 0.5
12 743.638 88.9947 -10.1923 0.5
12 713.154 91.5629 -12.4022 0.5
12 739.659 91.8723 -12.6071 0.5
12 703.709 86.5106 -6.56023 0.5
12 757.345 112.262 8.63942 0.5
12 753.644 106.685 -13.4278 0.5
12 693.651 113.91 -5.61374 0.5
12 689.002 85.0129 0.622701 0.5
12 674.098 109.976 11.2015 0.5
12 769.312 104.799 -14.2115 0.5
12 769.767 89.2328 -10.4435 0.5
12 713.719 104.83 -14.2012 0.5
12 703.794 96.4005 -14.5617 0.5
12 673.871 98.2745 -14.9004 0.5
12 691.206 114.648 -3.22916 0.5
12 723.586 85.8788 5.0587 0.5
12 745.031 102.899 -14.7173 0.5
12 679.996 93.7904 -13.6543 0.5
12 669.111 87.4766 8.25623 0.5
12 715.316 95.8762 14.422 0.5
12 735.713 85.0023 -0.264397 0.5
12 724.156 112.981 -7.51645 0.5
12 737.506 113.036 -7.41992 0.5
12 698.789 100.291 14.9972 0.5
12 771.604 112.123 -8.83324 0.5
12 733.383 112.524 -8.25454 0.5
12 714.886 111.546 -9.57591 0.5
12 717.619 95.7768 14.3932 0.5
12 774.038 114.796 2.46519 0.5
12 769.095 93.6509 13.59 0.5
12 730.586 86.1423 -5.74138 0.5
12 747.257 97.4236 14.7771 0.5
12 775.151 85.6772 -4.4562 0.5
12 756.383 89.37 10.5831 0.5
12 721.545 114.953 -1.19091 0.5
12 740.539 103.896 14.4851 0.5
12 705.072 98.7446 -14.9474 0.5
12 751.802 114.682 -3.07346 0.5
12 765.972 85.2674 -2.81957 0.5
12 678.187 114.726 2.8544 0.5
12 742.666 113.887 -5.66909 0.5
12 764.834 85.0709 -1.45685 0.5
12 693.065 109.884 11.2826 0.5
12 668.281 111.83 -9.22182 0.5
12 691.66 113.334 6.87088 0.5
13 821.577 10.0294 5.09712 0.5
13 803.854 68.9538 5.06284 0.5
13 825.785 31.5302 3.07344 0.5
13 820.68 33.8705 -12.5738 0.5
13 792.229 88.8191 -5.76036 0.5
13 829.312 18.3603 -12.9202 0.5
13 798.015 77.404 8.35835 0.5
13 812.239 51.4154 10.0844 0.5
13 824.768 25.1149 -13.5163 0.5
13 810.448 35.2817 12.6046 0.5
13 832.634 6.62803 14.9098 0.5
13 798.488 71.3447 13.1505 0.5
13 793.839 58.8197 -6.8157 0.5
13 793.904 86.2099 -5.00414 0.5
13 822.22 8.38331 3.26472 0.5
13 785.955 71.1373 -2.98445 0.5
13 818.465 22.0935 13.028 0.5
13 819.603 41.9592 -4.19 0.5
13 802.362 43.4113 -5.36505 0.5
13 792.178 60.0968 -1.07007 0.5
13 782.998 103.511 8.21076 0.5
13 800.384 56.1723 14.2536 0.5
13 805.609 50.0022 -14.8925 0.5
13 830.654 11.5497 -14.6688 0.5
13 791.011 62.8083 4.61795 0.5
13 789.541 93.6155 -5.4116 0.5
13 829.137 22.8242 9.28534 0.5
13 827.447 28.4571 -3.89364 0.5
13 803.746 40.2721 -2.72873 0.5
13 829.217 4.01064 13.322 0.5
13 825.803 10.5402 13.6233 0.5
13 813.327 47.2146 12.1565 0.5
13 788.439 93.1726 9.46387 0.5
13 781.811 83.7331 -11.7833 0.5
13 792.616 60.4106 -5.66535 0.5
13 778.896 98.0359 15 0.5
13 797.434 74.424 12.3797 0.5
13 813.626 23.0011 -1.65845 0.5
13 812.064 39.9038 14.9832 0.5
13 789.984 84.9289 13.7166 0.5
13 810.212 34.2302 -11.5319 0.5
13 783.073 82.102 -12.2005 0.5
13 800.51 49.2637 9.79201 0.5
13 822.358 26.1394 14.62 0.5
13 804.923 64.6337 9.44772 0.5
13 829.751 24.8479 -1.98005 0.5
13 822.488 24.1167 14.919 0.5
13 809.1 60.605 -2.07071 0.5
13 822.084 8.32281 1.37113 0.5
13 802.67 65.7782 -12.0792 0.5
13 788.347 66.8983 2.46674 0.5
13 799.232 47.8848 -1.14712 0.5
13 804.321 67.7247 6.10987 0.5
13 778.66 90.8059 12.8932 0.5
13 810.67 29.3264 -6.10051 0.5
13 798.622 65.3778 -14.9267 0.5
13 781.667 101.662 12.4286 0.5
13 821.156 30.2981 13.9821 0.5
13 814.038 36.4364 14.9808 0.5
13 792.082 75.9818 -14.9809 0.5
13 787.268 85.315 14.8973 0.5
13 787.954 97.2608 1.84779 0.5
13 813.887 52.4134 -1.14546 0.5
13 821.579 23.091 14.9637 0.5
13 798.332 54.1384 10.9416 0.5
13 832.447 -8.94428 -4.66845 0.5
13 789.717 93.4158 5.13201 0.5
13 789.073 86.5187 -13.7117 0.5
13 830.649 19.5735 10.0341 0.5
13 823.8 20.4417 -14.9992 0.5
13 788.414 85.3365 -14.5215 0.5
13 811.816 28.0739 7.53643 0.5
13 821.195 39.7063 -1.67286 0.5
13 805.249 58.7583 -13.5946 0.5
13 800.745 74.0264 5.86379 0.5
13 799.972 66.4634 14.1752 0.5
13 785.138 72.2821 -0.964029 0.5
13 808.621 42.3697 14.3978 0.5
13 825.78 27.8251 10.2334 0.5
13 794.342 66.3732 14.1643 0.5
13 824.941 3.70307 3.41059 0.5
13 783.694 103.965 4.79844 0.5
13 791.322 82.8621 13.6033 0.5
13 821.912 38.5118 1.17419 0.5
13 803.745 42.5172 -8.28104 0.5
13 810.919 53.283 10.5274 0.5
13 792.589 87.6179 6.99056 0.5
13 802.446 61.9531 14.2514 0.5
13 782.373 77.4273 3.38303 0.5
13 830.611 13.6718 -14.0769 0.5
13 788.83 87.7336 -13.3306 0.5
13 806.424 49.1071 -14.9456 0.5
13 817.5 16.2621 1.36453 0.5
13 814.727 35.0976 14.9727 0.5
13 808.565 58.5857 -9.11795 0.5
13 785.045 72.6067 2.40376 0.5
13 789.809 76.4111 14.7459 0.5
13 805.957 57.9497 -13.3918 0.5
13 813.579 27.8052 11.0118 0.5
13 798.859 74.0945 10.6054 0.5
13 787.186 92.7849 11.9396 0.5
13 821.118 9.93413 0.228932 0.5
13 792.35 78.9739 14.3962 0.5
13 782.857 101.999 10.413 0.5
13 790.575 74.66 14.6602 0.5
13 829.287 -1.77473 8.20355 0.5
13 827.526 20.1532 -13.6035 0.5
13 788.756 90.5223 -11.5773 0.5
13 819.572 30.4669 -14.7256 0.5
13 784.541 88.7876 14.9916 0.5
13 820.192 12.7483 5.90581 0.5
13 801.596 49.4467 11.7704 0.5
13 822.284 31.6004 12.2286 0.5
13 805.781 63.9391 -8.37719 0.5
13 798.585 69.6236 13.8898 0.5
13 782.128 85.4277 13.2463 0.5
13 778.112 84.85 3.56206 0.5
13 832.796 -3.82866 -12.336 0.5
13 832.774 15.376 10.5806 0.5
13 820.337 20.9207 14.0079 0.5
13 784.707 73.3895 -3.40542 0.5
13 813.665 23.4674 4.28858 0.5
13 799.86 76.7483 -0.378532 0.5
13 815.7 34.1343 14.9989 0.5
13 816.05 29.2412 14.3186 0.5
13 786.093 86.9966 14.9346 0.5
13 784.344 97.0282 12.4268 0.5
13 795.316 56.8903 7.92931 0.5
13 778.553 111.75 -7.32171 0.5
13 790.582 63.3887 -4.08099 0.5
13 799.195 49.5541 -6.83807 0.5
13 779.754 84.4682 -8.85263 0.5
13 819.945 41.9587 0.421004 0.5
13 791.586 74.9658 14.9583 0.5
13 785.402 100.513 6.06766 0.5
13 810.55 53.6347 -10.8118 0.5
13 799.539 75.8572 6.43567 0.5
13 823.928 27.5547 12.9967 0.5
13 829.978 0.909128 -12.2353 0.5
13 828.269 10.799 14.8979 0.5
13 778.094 87.002 -8.3664 0.5
13 792.118 79.23 -14.4379 0.5
13 792.693 60.9738 7.14016 0.5
13 819.666 33.1074 13.8909 0.5
13 801.303 73.1526 5.63848 0.5
13 818.199 19.9709 11.1639 0.5
14 862.285 56.8394 14.7132 0.5
14 888.337 112.988 -5.52833 0.5
14 843.953 36.9115 2.76878 0.5
14 845.536 38.3743 -6.61408 0.5
14 859.316 63.777 0.119496 0.5
14 877.994 94.2094 7.34272 0.5
14 861.969 46.74 -13.4536 0.5
14 856.622 29.1195 -0.460098 0.5
14 874.612 60.6911 -3.52176 0.5
14 883.519 97.4447 -13.3977 0.5
14 887.125 82.5453 4.20375 0.5
14 850.075 36.4582 14.5399 0.5
14 857.105 30.5441 -4.18143 0.5
14 880.42 92.3455 -13.2592 0.5
14 864.827 63.131 -14.2087 0.5
14 872.198 84.8475 -5.97855 0.5
14 856.314 30.3191 7.01349 0.5
14 881.823 73.6773 5.16159 0.5
14 844.247 21.7867 -14.9735 0.5
14 840.708 28.4041 -9.18926 0.5
14 862.219 58.482 14.2526 0.5
14 856.767 53.4774 -11.9135 0.5
14 866.094 60.9329 14.9943 0.5
14 884.642 105.134 8.30749 0.5
14 870.539 57.9884 -10.9722 0.5
14 841.269 18.0788 14.9896 0.5
14 839.572 1.27447 -6.92328 0.5
14 852.261 28.0756 12.3703 0.5
14 887.422 83.8242 6.25254 0.5
14 883.137 75.5594 3.92074 0.5
14 886.098 80.168 -0.284686 0.5
14 845.13 34.4108 -10.9946 0.5
14 870.347 78.1384 10.9479 0.5
14 866.362 49.0424 9.0805 0.5
14 878.902 79.5791 14.6714 0.5
14 874.847 75.0575 -14.9871 0.5
14 876.975 64.8015 -3.59407 0.5
14 858.377 48.4104 -14.9471 0.5
14 842.947 15.4943 14.166 0.5
14 869.617 67.9343 14.9423 0.5
14 857.679 36.0706 11.2929 0.5
14 859.391 37.5916 9.8456 0.5
14 840.768 3.86213 -7.83657 0.5
14 873.379 87.0445 5.61769 0.5
14 853.922 27.8269 9.4999 0.5
14 835.733 21.885 5.50534 0.5
14 869.106 79.9129 -4.89706 0.5
14 871.593 55.3686 -3.11009 0.5
14 833.666 19.2474 1.7546 0.5
14 886.51 106.254 10.834 0.5
14 837.531 16.0377 -14.1446 0.5
14 875.372 82.4637 13.8016 0.5
14 884.438 77.9697 4.45947 0.5
14 842.042 33.6838 2.28954 0.5
14 883.705 99.1316 -12.6186 0.5
14 883.571 91.0084 14.9984 0.5
14 863.21 43.2403 -8.61103 0.5
14 855.172 27.3981 -4.82687 0.5
14 842.541 19.2939 -14.9939 0.5
14 853.234 23.8564 -4.24073 0.5
14 884.39 83.9463 12.5195 0.5
14 876.812 65.0425 5.2794 0.5
14 834.984 4.83299 14.8916 0.5
14 858.108 60.5503 -5.7234 0.5
14 877.435 93.9392 5.93064 0.5
14 883.228 100.061 -11.2987 0.5
14 854.615 52.0366 -9.74868 0.5
14 876.438 82.8157 -14.3458 0.5
14 875.576 84.4358 12.9934 0.5
14 861.855 38.1959 -0.761805 0.5
14 851.213 49.0144 4.62179 0.5
14 836.912 -4.82911 -2.42918 0.5
14 843.433 9.25796 -8.98746 0.5
14 872.527 80.5529 -12.08 0.5
14 834.048 12.2036 13.1639 0.5
14 883.437 105.465 1.65248 0.5
14 857.805 61.0949 -1.41257 0.5
14 881.248 90.2288 14.5946 0.5
14 847.338 13.1613 -1.96496 0.5
14 864.287 44.121 -6.99911 0.5
14 837.928 10.791 14.9704 0.5
14 833.667 7.83102 -14.5911 0.5
14 835.396 -7.59944 -1.25796 0.5
14 857.581 36.9518 -12.1323 0.5
14 881.069 97.3735 -10.2862 0.5
14 871.164 77.5565 12.5225 0.5
14 864.621 62.9884 14.1345 0.5
14 876.453 82.3911 14.4758 0.5
14 872.963 87.2609 2.1539 0.5
14 888.632 94.7027 14.1938 0.5
14 841.944 3.83543 2.09183 0.5
14 855.692 32.6371 11.2997 0.5
14 859.969 61.4355 -9.5984 0.5
14 870.445 55.5131 -8.22954 0.5
14 863.126 42.0919 6.96552 0.5
14 839.091 28.6776 1.45059 0.5
14 868.862 61.3882 14.4777 0.5
14 844.353 20.657 14.8372 0.5
14 886.41 108.941 -7.05971 0.5
14 866.368 57.4785 14.5824 0.5
14 874.023 66.9221 -13.0878 0.5
14 856.781 29.6535 -2.81403 0.5
14 870.823 82.6561 -5.5201 0.5
14 844.059 31.5103 11.8796 0.5
14 860.362 37.9066 -8.00704 0.5
14 847.989 16.3115 7.74121 0.5
14 861.165 65.7892 -5.86021 0.5
14 873.849 63.4017 -10.6644 0.5
14 851.894 48.1651 -8.6686 0.5
14 842.705 11.4716 12.3348 0.5
14 887.141 92.7312 14.3877 0.5
14 862.973 68.8221 -6.08579 0.5
14 837.912 13.0424 -14.9402 0.5
14 871.631 77.3011 -13.1631 0.5
14 876.792 64.8349 -4.79507 0.5
14 854.225 53.3991 6.66409 0.5
14 845.088 26.2795 -14.8458 0.5
14 875.468 62.7231 -5.30363 0.5
14 845.529 9.93578 -1.05246 0.5
14 870.942 79.9962 10.1101 0.5
14 846.145 17.8688 12.6275 0.5
14 874.716 62.9566 -8.29971 0.5
14 883.741 96.4351 -14.0131 0.5
14 856.978 29.8954 2.23381 0.5
14 851.616 20.537 -1.69245 0.5
14 859.69 62.2777 7.73574 0.5
14 881.967 80.1901 12.8003 0.5
14 852.114 48.1187 9.24219 0.5
14 885.504 80.0886 -5.25936 0.5
14 886.211 90.5262 -14.1995 0.5
14 858.788 42.3138 13.9358 0.5
14 877.771 86.6226 13.7994 0.5
14 843.128 10.217 10.6905 0.5
14 887.68 98.0961 -14.9988 0.5
14 871.883 61.7495 -12.1508 0.5
14 854.05 48.5476 -12.081 0.5
14 838.851 9.6491 -14.5408 0.5
14 876.746 92.2689 -6.93285 0.5
14 863.903 49.4663 13.1278 0.5
14 877.942 95.6148 -3.54495 0.5
14 852.727 35.2513 14.8502 0.5
14 839.128 2.41738 -9.75544 0.5
14 878.029 67.6013 6.35051 0.5
14 872.161 78.7793 12.8416 0.5
14 885.42 103.516 11.5882 0.5
15 923.27 88.2808 -9.36265 0.5
15 962.22 105.874 -13.8021 0.5
15 925.704 85.5947 -4.18184 0.5
15 927.689 85.5522 4.03234 0.5
15 969.562 106.627 13.4566 0.5
15 975.694 103.777 14.5166 0.5
15 915.776 97.8373 -14.8433 0.5
15 924.811 114.994 -0.441526 0.5
15 985.714 87.7513 -8.65846 0.5
15 968.155 114.948 1.24358 0.5
15 984.632 100.08 14.9998 0.5
15 967.728 114.49 -3.87816 0.5
15 969.382 86.0328 5.46957 0.5
15 905.812 113.253 7.02483 0.5
15 929.348 107.291 13.1089 0.5
15 975.623 85.7196 4.59019 0.5
15 939.054 92.4995 -12.9901 0.5
15 997.042 107.309 13.099 0.5
15 961.914 113.856 -5.74452 0.5
15 945.181 85.2313 2.62424 0.5
15 905.073 87.8565 8.8054 0.5
15 951.333 103.607 -14.5598 0.5
15 896.441 114.341 4.39877 0.5
15 897.532 114.814 2.35551 0.5
15 903.264 92.5917 -13.0429 0.5
15 945.171 114.365 4.31786 0.5
15 981.641 92.8974 13.2119 0.5
15 894.685 93.3139 13.4275 0.5
15 971.382 90.8416 -11.8796 0.5
15 928.575 85.0037 -0.333872 0.5
15 946.369 114.876 1.92608 0.5
15 989.09 100.707 14.9833 0.5
15 927.694 99.7331 -14.9976 0.5
15 955.737 85.8076 -4.85536 0.5
15 933.182 113.377 6.78688 0.5
15 964.867 92.4377 12.9542 0.5
15 943.553 86.2045 -5.88922 0.5
15 956.936 114.278 -4.59638 0.5
15 944.019 101.382 -14.9362 0.5
15 898.33 114.582 3.51595 0.5
15 967.295 94.2739 13.864 0.5
15 976.955 102.252 14.8299 0.5
15 980.235 85.2088 -2.49384 0.5
15 893.155 113.376 -6.78763 0.5
15 988.087 100.002 15 0.5
15 940.879 101.888 14.8807 0.5
15 941.624 111.035 -10.1607 0.5
15 981.239 95.5982 14.3396 0.5
15 964.252 108.679 12.2342 0.5
15 926.086 111.969 9.04149 0.5
15 916.295 90.0065 -11.1861 0.5
15 998.828 101.856 14.8847 0.5
15 937.922 109.478 11.6258 0.5
15 909.195 114.954 -1.17365 0.5
15 935.517 100.2 -14.9987 0.5
15 974.951 103.013 -14.6942 0.5
15 964.338 85.0841 1.58603 0.5
15 983.282 102.122 -14.8491 0.5
15 997.783 91.5757 -12.4109 0.5
15 923.149 99.5481 14.9932 0.5
15 899.898 114.726 -2.855 0.5
15 919.066 85.5839 4.14433 0.5
15 979.91 85 -0.0113617 0.5
15 985.888 94.5306 -13.9673 0.5
15 974.565 85.4964 -3.82679 0.5
15 919.889 109.469 11.6331 0.5
15 982.773 85.2695 -2.83042 0.5
15 992.357 103.357 14.6195 0.5
15 898.298 95.4435 14.2912 0.5
15 968.822 85.013 0.625128 0.5
15 922.396 85.6982 4.52298 0.5
15 953.083 108.24 -12.5339 0.5
15 993.949 95.3068 14.2469 0.5
15 947.36 100.604 14.9878 0.5
15 893.07 112.494 -8.29986 0.5
15 984.88 103.857 -14.4955 0.5
15 947.813 86.7118 -6.95875 0.5
15 973.237 111.475 9.6606 0.5
15 907.688 107.258 13.127 0.5
15 934.163 89.3335 10.5464 0.5
15 995.38 91.3294 12.2401 0.5
15 977.258 113.203 7.11886 0.5
15 999.031 114.983 -0.719893 0.5
15 931.596 85.1451 2.08105 0.5
15 914.189 114.572 3.55953 0.5
15 918.358 111.054 -10.1395 0.5
15 928.272 101.643 14.9097 0.5
15 977.251 85.113 -1.83749 0.5
15 921.912 111.25 -9.92196 0.5
15 892.944 114.789 -2.50903 0.5
15 980.905 109.758 11.3925 0.5
15 936.664 101.299 14.9436 0.5
15 918.533 104.38 14.3463 0.5
15 917.871 96.4862 -14.5826 0.5
15 912.382 85.7473 4.67549 0.5
15 965.857 104.909 -14.1739 0.5
15 972.013 92.5516 -13.02 0.5
15 928.335 107.872 12.7685 0.5
15 971.727 86.5305 -6.60096 0.5
15 956.656 115 0.083548 0.5
15 959.497 89.7051 -10.9094 0.5
15 990.37 85.3729 3.32387 0.5
15 973.437 85.2235 -2.57978 0.5
15 931.737 113.021 -7.44708 0.5
15 956.874 112.696 -7.98762 0.5
15 939.439 85.0519 -1.2471 0.5
15 911.977 98.4922 -14.924 0.5
15 919.153 88.1863 -9.24318 0.5
15 978.318 86.6527 6.84473 0.5
15 950.338 103.158 14.6637 0.5
15 958.377 85.5841 -4.14494 0.5
15 968.341 87.2687 -7.93187 0.5
15 947.126 112.057 8.92353 0.5
15 910.121 109.433 11.6626 0.5
15 953.092 85.962 5.28529 0.5
15 988.229 111.567 -9.55039 0.5
15 959.231 101.32 -14.9418 0.5
15 916.661 88.4703 9.59506 0.5
15 957.927 107.926 -12.7348 0.5
15 985.923 85.2941 -2.95564 0.5
15 907.031 92.1122 -12.7586 0.5
15 945.395 109.684 11.4551 0.5
15 954.159 90.93 11.9472 0.5
15 968.271 113.161 7.19677 0.5
15 989.634 110.902 10.3028 0.5
15 960.576 101.897 -14.8796 0.5
15 961.011 95.1798 -14.2044 0.5
15 895.356 109.421 11.6727 0.5
15 988.917 91.7747 -12.5437 0.5
15 893.57 97.8687 -14.8478 0.5
15 955.977 90.6931 -11.7635 0.5
15 995.901 85.107 -1.7881 0.5
15 965.364 92.9123 -13.2199 0.5
15 926.77 99.3498 -14.9859 0.5
15 894.752 114.828 -2.26234 0.5
15 987.391 100.988 -14.9674 0.5
15 950.228 97.702 -14.8229 0.5
15 899.396 101.484 -14.9264 0.5
15 969.873 92.377 -12.9186 0.5
15 967.006 86.4898 -6.51728 0.5
15 890.805 87.6739 -8.54791 0.5
15 994.909 86.9544 7.40357 0.5
15 982.572 89.5124 -10.7243 0.5
15 970.192 87.3223 -8.01729 0.5
15 907.563 94.6368 14.0084 0.5
15 951.744 113.236 7.05705 0.5
15 972.336 87.9534 -8.93747 0.5
15 999.346 86.4472 6.4281 0.5
15 977.293 114.373 -4.29236 0.5
15 907.925 86.2666 6.0328 0.5
15 897.258 101.732 14.8996 0.5
15 893.286 94.5623 -13.9797 0.5
15 958.413 94.0889 -13.7862 0.5
15 975.945 92.1877 -12.805 0.5
15 974.85 98.0923 14.8782 0.5
15 903.559 113.304 6.92769 0.5
15 938.227 110.445 10.7658 0.5
15 996.43 85.0871 1.61411 0.5
15 901.847 91.8163 12.5709 0.5
15 911.37 85.0032 0.312149 0.5
15 931.587 99.0922 -14.9725 0.5
15 899.789 99.8184 -14.9989 0.5
15 999.138 105.239 -14.0554 0.5
15 892.238 90.3488 -11.4828 0.5
15 912.146 107.754 -12.8405 0.5
15 906.596 110.536 10.6772 0.5
15 958.324 103.372 14.6161 0.5
15 980.204 94.4812 -13.9479 0.5
15 934.919 112.565 -8.1921 0.5
15 923.11 109.952 11.2231 0.5
15 955.559 109.923 -11.2489 0.5
