0 63.6547 112.435 8.38828 0.5
0 34.0387 89.2133 10.4233 0.5
0 10.6996 85.0016 0.216063 0.5
0 64.8767 114.551 3.64182 0.5
0 5.2122 105.873 13.8026 0.5
0 70.265 105.611 -13.9112 0.5
0 15.6124 91.3997 -12.2896 0.5
0 3.7507 97.831 14.8424 0.5
0 39.1456 114.99 0.534658 0.5
0 12.3412 92.3234 -12.8868 0.5
0 10.0814 100.818 -14.9777 0.5
0 61.4863 112.636 -8.08286 0.5
0 17.3526 108.611 12.2823 0.5
0 72.1468 113.505 6.52792 0.5
0 64.9002 107.141 13.1909 0.5
0 21.5501 105.038 14.1288 0.5
0 21.281 114.284 -4.57953 0.5
0 75.1549 110.177 11.0199 0.5
0 18.062 93.8296 -13.6721 0.5
0 69.6121 114.999 -0.14517 0.5
0 105.343 110.974 10.2263 0.5
0 60.8769 91.3755 12.2726 0.5
0 8.73572 110.062 11.1248 0.5
0 34.0424 98.8632 -14.9569 0.5
0 33.5885 98.8981 14.9595 0.5
0 2.46909 87.1535 7.74379 0.5
0 86.6667 85.1787 -2.30872 0.5
0 29.4133 95.6025 14.3409 0.5
0 7.10536 96.5171 -14.59 0.5
0 6.26593 103.133 -14.6692 0.5
0 88.7859 95.6476 -14.3547 0.5
0 69.7866 109.064 11.9514 0.5
0 59.4067 94.4543 13.9372 0.5
0 51.3623 93.4181 -13.4788 0.5
0 76.3421 112.55 -8.21592 0.5
0 42.7819 97.568 -14.8015 0.5
0 88.4013 95.4954 14.3077 0.5
0 84.2023 114.995 -0.391297 0.5
0 58.863 108.479 12.3737 0.5
0 104.627 85.9108 5.14724 0.5
0 106.944 114.912 -1.62482 0.5
0 3.38637 107.184 -13.1677 0.5
0 97.4175 85.1142 1.84774 0.5
0 7.27727 114.506 -3.81723 0.5
0 108.424 94.5182 13.9625 0.5
0 103.372 113.075 -7.3517 0.5
0 2.09508 114.74 2.77925 0.5
0 89.2078 85.5122 3.88616 0.5
0 20.8247 91.8452 -12.5897 0.5
0 37.3933 94.6769 14.0237 0.5
0 38.4809 98.1487 -14.8853 0.5
0 83.1449 92.6142 -13.0556 0.5
0 32.5309 85.2318 -2.62701 0.5
0 25.7482 91.8464 -12.5904 0.5
0 51.1064 85.0322 -0.981698 0.5
0 94.7614 114.98 -0.76851 0.5
0 4.45678 97.9719 -14.8623 0.5
0 40.792 90.3221 -11.4603 0.5
0 97.9736 112.296 -8.59126 0.5
0 34.0167 100.717 14.9829 0.5
0 37.3279 99.0592 14.9705 0.5
0 90.4391 103.349 -14.6213 0.5
0 62.4262 114.039 -5.28378 0.5
0 23.3281 86.2791 -6.06111 0.5
0 45.3085 114.938 -1.35873 0.5
0 93.614 108.593 -12.2946 0.5
0 84.0038 98.7072 14.9442 0.5
0 27.3282 95.1849 -14.2062 0.5
0 60.1641 86.3347 -6.18533 0.5
0 60.1836 86.1395 5.73459 0.5
0 63.0392 112.022 -8.97024 0.5
0 5.99098 113.769 5.95205 0.5
0 99.2669 112.974 7.52827 0.5
0 49.0833 105.103 14.1054 0.5
0 12.2478 114.955 1.15954 0.5
0 90.4018 111.936 9.08429 0.5
0 31.0501 114.963 -1.04803 0.5
0 100.102 102.184 -14.8401 0.5
0 29.2629 111.107 -10.0809 0.5
0 13.0764 101.94 14.874 0.5
0 33.5312 92.0295 12.7072 0.5
0 108.512 109.212 -11.8383 0.5
0 35.6422 113.325 -6.88834 0.5
0 17.036 113.568 -6.39651 0.5
0 100.662 94.7997 -14.0697 0.5
0 92.3678 113.724 6.05362 0.5
0 29.2888 101.858 14.8845 0.5
0 39.1898 103.215 14.6513 0.5
0 16.7726 114.038 5.28448 0.5
0 27.6794 105.142 -14.091 0.5
0 51.3455 110.526 10.6866 0.5
0 30.9478 106.793 -13.3735 0.5
0 34.9972 107.65 12.9027 0.5
0 48.4948 97.5991 -14.8066 0.5
0 27.6005 111.26 9.90995 0.5
0 36.6422 108.892 -12.0806 0.5
0 22.877 108.339 -12.4684 0.5
0 50.5853 104.343 -14.3576 0.5
0 39.3848 87.8248 -8.76147 0.5
0 12.272 112.975 -7.5272 0.5
0 46.6172 104.958 14.1571 0.5
0 84.9365 111.807 9.25113 0.5
0 25.0312 85.7967 -4.82338 0.5
0 74.1348 103.313 -14.6297 0.5
0 95.6998 85.0457 1.16956 0.5
0 59.6398 90.5408 -11.6415 0.5
0 69.5085 89.6773 10.8831 0.5
0 29.4116 113.611 -6.30424 0.5
0 58.3026 93.3531 13.4469 0.5
0 100.588 86.3678 6.25801 0.5
0 8.55747 114.154 4.96548 0.5
0 62.0582 102.893 -14.7185 0.5
0 17.5905 108.297 -12.4966 0.5
0 92.7507 113.31 6.91649 0.5
0 91.537 99.9298 14.9998 0.5
0 19.4648 112.882 -7.6848 0.5
0 107.07 92.4294 12.9494 0.5
1 129.493 82.124 5.48097 0.5
1 139.859 40.9527 11.8051 0.5
1 140.328 58.1373 -12.1883 0.5
1 160.943 12.0751 14.9129 0.5
1 112.414 88.0391 -11.4382 0.5
1 120.963 72.1373 10.4108 0.5
1 125.828 86.0579 -9.57203 0.5
1 164.877 0.703571 -13.6716 0.5
1 155.326 19.6409 -14.5166 0.5
1 117.867 79.2654 -11.9751 0.5
1 123.876 83.0883 -14.0708 0.5
1 166.642 5.28345 -14.9283 0.5
1 125.514 67.1262 12.7341 0.5
1 152.861 12.7236 1.05123 0.5
1 133.83 45.651 0.223853 0.5
1 146.751 45.5283 -13.1268 0.5
1 143.34 57.5811 -6.73459 0.5
1 133.084 74.1255 -8.74934 0.5
1 152.481 30.3856 14.8605 0.5
1 140.763 37.5995 10.1531 0.5
1 134.156 74.4056 -4.46388 0.5
1 153.294 19.9798 -13.2892 0.5
1 136.641 52.1241 14.5475 0.5
1 134.335 44.8335 -1.317 0.5
1 135.838 49.6616 -12.9846 0.5
1 137.033 41.7967 -6.92525 0.5
1 121.887 81.8776 14.9902 0.5
1 150.208 29.7183 -14.7793 0.5
1 166.1 19.6059 2.1181 0.5
1 133.831 75.6454 0.283303 0.5
1 118.909 97.3709 10.3297 0.5
1 166.081 6.4876 14.9036 0.5
1 123.887 92.8482 0.836199 0.5
1 149.405 48.668 -0.366529 0.5
1 137.844 67.9854 -4.56442 0.5
1 165.305 -8.86585 0.0684245 0.5
1 124.156 74.4726 14.7104 0.5
1 120.597 95.1539 9.52973 0.5
1 127.404 86.7482 -0.983466 0.5
1 129.022 57.0768 9.13096 0.5
1 152.883 36.8742 -11.8276 0.5
1 128.367 62.305 12.8087 0.5
1 119.491 72.9535 8.24313 0.5
1 147.528 22.7005 4.7627 0.5
1 123.681 67.558 -10.5417 0.5
1 141.153 47.2734 -14.984 0.5
1 127.11 78.9129 -13.4585 0.5
1 136.058 41.8792 1.63067 0.5
1 139.371 64.4056 6.83205 0.5
1 142.445 37.711 12.6779 0.5
1 149.649 44.2853 -10.1604 0.5
1 119.726 100.079 0.0130095 0.5
1 164.597 9.74957 -14.8085 0.5
1 136.671 51.38 -14.3557 0.5
1 156.297 27.6385 13.7896 0.5
1 140.051 63.1776 -6.93037 0.5
1 117.528 85.2866 -14.5618 0.5
1 149.264 34.1791 14.9977 0.5
1 126.418 65.0997 12.4352 0.5
1 163.488 23.8944 3.38159 0.5
1 115.667 99.7951 -12.8813 0.5
1 157.012 9.72928 -10.4429 0.5
1 132.283 76.8609 6.4729 0.5
1 141.581 61.8142 -3.48507 0.5
1 146.793 50.4165 8.69892 0.5
1 135.472 53.7666 -14.4461 0.5
1 150.189 44.3632 -8.93663 0.5
1 139.337 38.2987 7.79847 0.5
1 124.713 61.4839 -1.13915 0.5
1 127.653 60.6171 -10.4804 0.5
1 140.464 60.3938 -9.9389 0.5
1 125.809 69.9237 -14.2712 0.5
1 128.551 58.6461 -10.0364 0.5
1 124.081 64.1017 6.67189 0.5
1 122.083 93.9032 7.64175 0.5
1 153.566 37.5343 10.1239 0.5
1 113.327 84.2841 -9.15979 0.5
1 123.493 63.7418 -2.36581 0.5
1 151.517 38.1388 12.6091 0.5
1 160.444 3.73002 10.3858 0.5
1 123.518 63.7468 2.64773 0.5
1 157.175 12.8012 13.0399 0.5
1 165.702 -8.1969 -6.23454 0.5
1 117.446 79.2127 11.3427 0.5
1 162.51 10.0421 -14.971 0.5
1 163.875 -2.32466 -10.2678 0.5
1 162.966 22.8706 -8.00521 0.5
1 159.81 24.9221 11.7922 0.5
1 156.968 28.9158 -12.4662 0.5
1 157.736 8.64627 10.6163 0.5
1 132.131 66.1911 -14.7731 0.5
1 156.449 30.5249 -11.9601 0.5
1 128.707 64.5901 14.1655 0.5
1 128.532 84.2589 4.0856 0.5
1 153.93 40.3202 3.89967 0.5
1 114.304 108.556 -5.15532 0.5
1 122.503 86.4953 13.6468 0.5
1 149.188 48.4149 -4.31258 0.5
1 163.053 24.7991 2.64775 0.5
1 132.537 48.3711 3.7723 0.5
1 162.49 -1.07396 -8.88836 0.5
1 113.016 108.774 8.90064 0.5
1 128.587 66.4682 14.6408 0.5
1 151.312 16.7579 -6.29993 0.5
1 143.694 28.5993 1.00769 0.5
1 160.718 1.81641 -8.6396 0.5
1 164.725 22.0826 1.28309 0.5
1 134.036 75.2402 1.25532 0.5
1 136.365 43.7951 8.34604 0.5
1 164.379 20.3429 8.13022 0.5
1 148.028 48.5234 8.34272 0.5
1 140.476 61.5203 8.46777 0.5
1 137.365 64.0514 11.5886 0.5
2 217.722 103.281 10.1154 0.5
2 170.09 23.8138 5.09198 0.5
2 193.268 63.0772 7.07335 0.5
2 167.528 1.75894 -14.5839 0.5
2 196.679 46.4831 11.7894 0.5
2 194.008 61.2043 11.1141 0.5
2 210.412 65.9761 6.39643 0.5
2 188.616 56.1957 -4.18654 0.5
2 184.152 40.4835 -13.5549 0.5
2 210.225 64.2506 0.950814 0.5
2 214.411 101.461 -0.520061 0.5
2 188.654 27.3832 -3.93098 0.5
2 172.78 2.91944 9.69629 0.5
2 216.343 84.34 13.9643 0.5
2 221.24 111.353 7.38819 0.5
2 191.307 52.1039 -13.8949 0.5
2 211.127 69.7059 10.1147 0.5
2 206.859 82.6691 11.7855 0.5
2 168.92 19.716 8.94922 0.5
2 206.195 87.2327 -0.479028 0.5
2 199.339 46.0373 -4.44108 0.5
2 169.676 3.3626 13.9054 0.5
2 184.57 20.3621 4.12502 0.5
2 188.281 26.2831 1.4605 0.5
2 171.793 -1.20904 5.72941 0.5
2 220.438 85.1033 9.25174 0.5
2 199.741 62.6517 -14.9154 0.5
2 221.719 85.7121 6.70869 0.5
2 216.037 104.229 1.31034 0.5
2 208.966 91.0668 5.3133 0.5
2 200.109 76.2885 -3.48336 0.5
2 209.334 86.2196 -12.3299 0.5
2 192.874 49.7315 14.9894 0.5
2 175.881 27.0466 -13.0968 0.5
2 214.575 100.743 -5.41795 0.5
2 179.656 41.0742 -2.43426 0.5
2 208.651 69.0441 13.019 0.5
2 185.991 52.2372 0.500602 0.5
2 221.046 110.276 8.56527 0.5
2 215.701 98.8768 11.0248 0.5
2 220.207 102.385 -13.8018 0.5
2 214.437 87.1877 -14.9849 0.5
2 169.917 -4.70964 5.07939 0.5
2 171.975 0.604976 8.49185 0.5
2 184.136 34.3127 -14.9974 0.5
2 204.971 83.6404 6.49531 0.5
2 213.482 70.0995 -2.66609 0.5
2 202.63 75.3897 11.7503 0.5
2 204.576 72.3393 14.7165 0.5
2 214.262 72.3045 5.61903 0.5
2 180.943 29.2043 14.9835 0.5
2 208.714 90.05 6.64709 0.5
2 219.181 108.982 -4.68816 0.5
2 191.84 41.2446 -13.6896 0.5
2 198.887 56.0969 14.5897 0.5
2 207.805 84.2812 11.8063 0.5
2 185.796 37.5476 14.9863 0.5
2 194.483 55.1242 14.6611 0.5
2 208.9 70.5904 -13.5964 0.5
2 213.856 71.3228 4.87523 0.5
2 189.035 33.7209 12.1497 0.5
2 188.578 55.621 5.65284 0.5
2 207.694 86.1308 9.87076 0.5
2 205.511 80.9415 -11.2814 0.5
2 214.648 76.0105 10.3359 0.5
2 196.231 69.1666 4.87916 0.5
2 187.069 52.0322 -7.62073 0.5
2 214.192 74.53 -9.55613 0.5
2 218.801 82.7997 -9.89352 0.5
2 191.904 33.0501 -4.07265 0.5
2 200.542 54.9271 12.9782 0.5
2 213.026 87.3999 14.6261 0.5
2 167.172 -8.46239 7.28274 0.5
2 198.548 73.5657 3.561 0.5
2 196.147 60.1453 -14.0289 0.5
2 167.181 17.1889 8.25767 0.5
2 188.123 55.5604 -3.34403 0.5
2 182.911 22.9248 12.0101 0.5
2 169.5 -5.85317 -3.70301 0.5
2 219.386 93.1896 -14.8793 0.5
2 192.041 50.5185 14.7374 0.5
2 211.093 95.6954 0.932644 0.5
2 207.415 69.2819 14.1165 0.5
2 181.415 36.3617 13.2439 0.5
2 194.969 60.2865 12.9958 0.5
2 217.601 80.8652 -10.0559 0.5
2 210.057 79.7164 -14.9793 0.5
2 215.483 85.7582 -14.7783 0.5
2 168.385 2.95394 14.5115 0.5
2 213.403 99.6921 0.978821 0.5
2 206.514 58.0422 -2.72648 0.5
2 181.328 44.1379 -0.977301 0.5
2 169.778 23.7193 -3.6233 0.5
2 169.048 20.8905 -7.50043 0.5
2 209.803 84.7806 -13.6173 0.5
2 171.394 24.5646 8.13597 0.5
2 219.209 109.522 2.77914 0.5
2 212.284 90.9536 12.5816 0.5
2 189.925 29.4596 3.44483 0.5
2 188.487 56.5384 -0.948361 0.5
2 182.368 37.9718 -13.2657 0.5
2 194.868 59.0798 13.5384 0.5
2 184.643 24.0801 10.3783 0.5
2 218.374 101.431 12.6276 0.5
2 204.562 58.8765 10.6769 0.5
2 219.257 107.807 7.58063 0.5
2 173.875 1.26234 0.276808 0.5
2 195.988 64.5937 -11.1504 0.5
2 198.047 54.2464 -14.4893 0.5
2 170.762 4.19842 13.4355 0.5
2 213.494 92.2895 -13.0437 0.5
2 215.196 102.562 2.82492 0.5
2 203.325 58.0298 11.8172 0.5
2 221.537 113.783 -0.952263 0.5
2 190.792 36.9855 -12.307 0.5
2 179.709 25.6695 14.9839 0.5
2 210.928 86.1483 13.8703 0.5
2 170.99 -2.7368 5.38691 0.5
2 194.728 52.8609 14.9922 0.5
2 192.458 35.4357 -7.46347 0.5
3 250.245 111.263 9.90682 0.5
3 243.773 111.655 9.44212 0.5
3 294.112 85.1462 -2.08906 0.5
3 320.416 108.676 12.2365 0.5
3 278.811 87.3348 8.037 0.5
3 245.808 106.28 -13.6221 0.5
3 315.161 114.904 1.69015 0.5
3 306.49 86.3424 -6.20241 0.5
3 324.992 110.899 -10.3063 0.5
3 316.63 98.0452 14.8721 0.5
3 268.213 109.946 -11.228 0.5
3 324.303 92.3296 12.8905 0.5
3 227.862 95.4218 -14.2843 0.5
3 308.477 89.2698 10.4815 0.5
3 274.678 108.277 -12.5098 0.5
3 294.209 114.561 -3.60147 0.5
3 246.792 85.2826 -2.89785 0.5
3 286.601 96.0893 -14.4812 0.5
3 225.059 85.0354 -1.02951 0.5
3 266.201 114.93 1.45069 0.5
3 305.982 97.568 14.8015 0.5
3 275.549 88.3456 -9.44323 0.5
3 305.182 86.9904 7.46667 0.5
3 260.321 86.0257 5.4515 0.5
3 316.586 110.396 -10.8128 0.5
3 262.179 87.0083 -7.49776 0.5
3 231.743 104.333 -14.3607 0.5
3 282.155 87.836 -8.77714 0.5
3 305.626 104.645 -14.2628 0.5
3 321.72 85.8765 -5.05227 0.5
3 255.34 85.0953 -1.68826 0.5
3 330.405 114.338 -4.40622 0.5
3 250.416 114.56 3.60548 0.5
3 317.679 109.16 -11.8781 0.5
3 256.641 114.486 3.89177 0.5
3 327.746 89.4439 -10.6569 0.5
3 273.243 109.757 -11.3928 0.5
3 249.252 87.5296 -8.33607 0.5
3 277.047 98.7662 14.9492 0.5
3 329.966 92.113 -12.7591 0.5
3 310.604 104.947 14.1608 0.5
3 261.097 114.45 -4.02427 0.5
3 318.191 104.921 -14.1698 0.5
3 237.449 111.817 9.23871 0.5
3 332.018 87.1161 -7.68149 0.5
3 258.037 108.636 12.2643 0.5
3 299.345 100.2 -14.9987 0.5
3 307.821 85.0686 1.43249 0.5
3 306.517 106.453 13.5412 0.5
3 250.747 89.6649 10.8713 0.5
3 302.777 113.713 -6.07868 0.5
3 312.056 85.0004 -0.111212 0.5
3 268.037 86.6929 6.92246 0.5
3 244.85 99.168 14.9769 0.5
3 292.445 87.5137 8.31212 0.5
3 237.237 114.991 0.512548 0.5
3 279.158 114.922 1.53166 0.5
3 274.501 88.8204 -10.0008 0.5
3 331.855 85.1543 -2.14578 0.5
3 261.931 112.764 -7.87869 0.5
3 241.488 112.325 8.54962 0.5
3 280.501 85.2398 -2.67143 0.5
3 277.881 85 0.0135779 0.5
3 235.531 110.915 10.289 0.5
3 237.028 91.435 12.3142 0.5
3 238.924 93.8478 -13.6803 0.5
3 228.198 110.843 -10.3651 0.5
3 313.075 101.058 -14.9626 0.5
3 223.843 87.6901 -8.57127 0.5
3 240.783 86.3801 -6.28474 0.5
3 292.343 106.637 -13.4518 0.5
3 239.654 95.9532 14.4438 0.5
3 229.853 114.305 4.51264 0.5
3 319.851 114.296 -4.54046 0.5
3 295.277 100.492 -14.9919 0.5
3 279.298 110.189 11.0084 0.5
3 253.721 89.6238 -10.8321 0.5
3 294.986 111.316 9.84622 0.5
3 286.606 107.446 13.0213 0.5
3 240.353 85.7481 -4.67789 0.5
3 235.913 85.2175 2.5452 0.5
3 242.902 113.777 5.93362 0.5
3 261.245 114.867 1.99469 0.5
3 231.062 98.1166 -14.8813 0.5
3 270.351 102.347 -14.8153 0.5
3 322.015 96.8243 -14.66 0.5
3 223.337 88.7296 -9.8984 0.5
3 237.127 103.206 14.6535 0.5
3 228.584 114.847 2.1362 0.5
3 295.917 87.3935 -8.12865 0.5
3 222.946 114.732 2.8205 0.5
3 298.851 87.2117 -7.83953 0.5
3 271.663 108.532 12.3373 0.5
3 223.229 97.2775 14.7509 0.5
3 295.765 97.4171 14.7759 0.5
3 332.667 113.557 -6.41856 0.5
3 285.597 112.297 -8.59019 0.5
3 264.472 95.859 14.4171 0.5
3 281.608 111.796 -9.26524 0.5
3 291.975 93.2078 13.3741 0.5
3 224.441 100.703 -14.9835 0.5
3 284.633 106.67 -13.4353 0.5
3 223.603 113.725 6.0526 0.5
3 307.5 105.894 -13.7937 0.5
3 331.615 88.0161 -9.02149 0.5
3 299.355 113.529 -6.47846 0.5
3 268.028 85.2711 2.83913 0.5
3 254.41 113.38 -6.77959 0.5
3 249.057 111.537 9.58644 0.5
3 253.093 85.8171 4.88322 0.5
3 245.762 110.427 10.7835 0.5
3 332.693 103.412 14.6069 0.5
3 247.398 94.8149 -14.0753 0.5
3 254.474 94.7844 14.064 0.5
3 246.067 92.7627 -13.1385 0.5
3 285.202 99.3159 -14.9844 0.5
3 237.379 109.544 -11.5718 0.5
3 289.107 114.581 -3.52081 0.5
3 276.205 89.9548 -11.1398 0.5
3 324.591 99.7845 -14.9985 0.5
3 319.379 108.466 -12.3823 0.5
3 276.903 86.2911 6.08808 0.5
3 266.262 86.034 -5.47263 0.5
3 238.068 114.234 -4.73072 0.5
3 272.496 105.117 14.1003 0.5
3 274.462 85.291 2.94029 0.5
3 301.592 108.605 -12.2865 0.5
3 296.015 108.846 -12.1141 0.5
3 252.572 114.969 -0.968361 0.5
3 309.451 114.977 0.838897 0.5
3 251.929 113.245 -7.03982 0.5
3 289.031 101.057 14.9627 0.5
3 320.323 86.0721 5.56908 0.5
3 287.291 112.871 -7.70253 0.5
3 251.932 102.602 14.7725 0.5
3 277.375 113.374 6.79169 0.5
3 239.135 113.569 -6.39385 0.5
3 300.058 104.688 -14.2486 0.5
3 317.515 113.477 -6.58565 0.5
3 248.76 91.7075 -12.4994 0.5
3 288.71 105.412 13.9895 0.5
3 236.808 111.007 10.1901 0.5
4 350.696 56.3404 -6.35541 0.5
4 368.654 49.6884 10.3419 0.5
4 360.119 39.3309 4.60854 0.5
4 371.803 24.1542 -11.8357 0.5
4 363.562 33.8676 -5.93709 0.5
4 384.1 6.84788 -14.0621 0.5
4 359.324 39.9826 0.134204 0.5
4 346.924 83.174 -13.4139 0.5
4 342.108 78.3278 -13.5314 0.5
4 380.168 6.33248 8.21842 0.5
4 375.716 15.7826 -10.4015 0.5
4 367.038 43.7614 -14.8466 0.5
4 383.379 20.7268 -13.0427 0.5
4 338.446 79.2331 9.1175 0.5
4 366.106 50.5449 13.099 0.5
4 386.605 1.17533 13.4915 0.5
4 376.875 19.4543 14.0955 0.5
4 349.144 86.728 5.08263 0.5
4 364.403 34.7083 -9.65712 0.5
4 370.118 44.6801 -12.4321 0.5
4 388.401 19.1319 -3.79341 0.5
4 364.562 56.012 -11.0892 0.5
4 384.547 24.7448 -6.64116 0.5
4 381.199 20.4086 -14.6292 0.5
4 349.028 58.4941 4.45857 0.5
4 355.223 48.1887 5.64358 0.5
4 370.445 35.9952 -14.9975 0.5
4 386.033 11.7912 14.6824 0.5
4 344.601 81.7728 14.9445 0.5
4 379.939 11.8071 13.008 0.5
4 368.898 26.7552 -9.45526 0.5
4 345.276 64.392 1.51865 0.5
4 346.245 74.6495 -14.6997 0.5
4 365.029 37.7951 -13.0999 0.5
4 342.602 98.4339 3.88631 0.5
4 383.508 25.5141 8.41099 0.5
4 337.354 89.9054 -14.6698 0.5
4 336.118 87.7473 -13.0311 0.5
4 381.993 18.3632 14.7652 0.5
4 363.222 62.8738 3.25613 0.5
4 335.737 89.7895 13.7273 0.5
4 342.62 95.525 -9.49748 0.5
4 385.212 1.53938 -12.2867 0.5
4 345.719 83.8182 14.0433 0.5
4 358.241 46.911 11.2263 0.5
4 372.844 44.4241 -7.72474 0.5
4 373.971 19.7728 11.3215 0.5
4 354.397 54.6323 -12.0858 0.5
4 356.91 67.772 12.2847 0.5
4 374.532 25.61 -14.6905 0.5
4 371.856 28.843 -14.3299 0.5
4 358.494 55.0815 14.9402 0.5
4 362.304 35.7289 -5.13927 0.5
4 337.891 79.9992 -8.85566 0.5
4 339.582 94.8035 13.9047 0.5
4 375.103 27.451 -14.9986 0.5
4 356.651 62.4719 -14.725 0.5
4 354.017 78.224 -5.25736 0.5
4 345.366 79.1357 15 0.5
4 388.167 -4.06582 11.9317 0.5
4 338.218 87.1159 -14.3329 0.5
4 362.881 49.1457 -14.9965 0.5
4 380.98 7.5479 11.2463 0.5
4 352.67 52.497 -5.35474 0.5
4 367.489 54.7496 5.61626 0.5
4 358.732 67.9484 9.07918 0.5
4 361.805 35.7407 -1.2906 0.5
4 349.692 67.8823 -14.5151 0.5
4 334.633 111.69 5.53603 0.5
4 340.48 93.6964 13.7146 0.5
4 345.881 80.3727 14.8515 0.5
4 352.416 52.1121 2.2137 0.5
4 360.584 40.8448 -9.05814 0.5
4 387.408 2.89029 -14.5979 0.5
4 371.318 19.4054 2.41726 0.5
4 334.668 83.7704 -5.5935 0.5
4 350.391 85.3631 1.65308 0.5
4 374.15 30.317 -14.9657 0.5
4 371.797 41.5933 -12.5509 0.5
4 371.404 39.4715 13.9899 0.5
4 378.4 11.2595 -10.5294 0.5
4 333.981 89.7824 -11.9275 0.5
4 337.776 81.2725 -10.1637 0.5
4 347.63 60.3102 -1.46703 0.5
4 336.649 81.1015 7.20615 0.5
4 346.923 68.0213 12.3995 0.5
4 376.017 26.6054 -14.9904 0.5
4 384.639 4.11245 -13.2537 0.5
4 366.9 35.3928 13.5339 0.5
4 383.112 11.1769 -14.7722 0.5
4 345.325 93.9232 -3.02008 0.5
4 353.602 72.8491 12.717 0.5
4 379.78 32.1857 8.08524 0.5
4 373.409 42.6793 8.8747 0.5
4 356.565 44.8042 1.13195 0.5
4 379.057 14.0315 -13.3842 0.5
4 350.463 59.6975 -10.5805 0.5
4 358.468 42.9417 -6.4886 0.5
4 353.794 79.3478 -2.51777 0.5
4 374.927 13.4345 -3.75549 0.5
4 335.65 110.915 1.46938 0.5
4 342.889 98.4489 0.0610168 0.5
4 334.46 112.68 -3.30288 0.5
4 352.407 81.9131 -1.22326 0.5
4 378.163 22.233 -14.9995 0.5
4 364.597 32.3368 -6.51003 0.5
4 360.986 51.8289 14.9975 0.5
4 366.956 54.1365 8.48125 0.5
4 386.988 17.3329 10.9369 0.5
4 349.283 63.8414 -12.3361 0.5
4 375.226 20.5334 -13.3156 0.5
4 364.099 57.4162 10.5078 0.5
4 367.162 48.4986 -13.2176 0.5
4 334.256 107.543 -11.8935 0.5
4 381.503 18.9848 -14.8039 0.5
4 378.548 20.0319 14.9085 0.5
4 364.843 59.4168 5.40096 0.5
4 337.481 99.7022 13.3261 0.5
4 365.372 59.1929 -3.05933 0.5
4 385.693 16.9679 -12.8983 0.5
4 338.335 106.216 1.8976 0.5
4 347.019 79.6897 -14.6111 0.5
4 341.494 85.7586 -14.9996 0.5
4 380.427 14.2225 14.3974 0.5
4 358.815 43.476 8.45843 0.5
4 366.258 28.4578 3.78151 0.5
4 378.209 35.1063 7.76463 0.5
4 376.24 18.8773 13.367 0.5
4 352.469 81.1847 4.43562 0.5
4 362.697 63.1734 5.29723 0.5
4 366.982 28.1086 -6.30449 0.5
4 365.788 55.6774 9.144 0.5
4 345.168 81.2503 -14.8977 0.5
4 382.99 21.2578 13.1227 0.5
4 368.661 53.2832 -3.94406 0.5
5 364.429 -47.5541 -12.028 0.5
5 361.133 -56.7279 8.39925 0.5
5 387.892 -12.8684 -1.57641 0.5
5 379.719 -0.975004 10.0522 0.5
5 355.612 -68.1976 4.41577 0.5
5 371.258 -41.0115 4.68833 0.5
5 381.182 -9.1061 14.9927 0.5
5 376.057 -30.4668 8.97751 0.5
5 343.509 -71.2713 -14.5728 0.5
5 380.616 -6.52756 -14.4492 0.5
5 339.724 -82.4412 -14.9625 0.5
5 364.161 -32.77 13.6195 0.5
5 344.545 -78.5587 13.944 0.5
5 338.074 -98.0413 5.87327 0.5
5 334.95 -77.0596 -8.1532 0.5
5 355.67 -66.1728 -8.42535 0.5
5 334.33 -103.52 7.82491 0.5
5 344.636 -80.9751 -12.6242 0.5
5 339.514 -94.5973 7.73533 0.5
5 383.944 1.4744 -13.6297 0.5
5 362.415 -36.2119 -13.8052 0.5
5 345.912 -55.79 1.94185 0.5
5 342.108 -68.3216 -12.0521 0.5
5 374.211 -26.885 14.0563 0.5
5 368.677 -24.5782 13.4431 0.5
5 380.67 -25.4546 -0.438226 0.5
5 388.118 4.74646 14.8215 0.5
5 384.714 -0.888606 14.7786 0.5
5 349.721 -52.8987 10.014 0.5
5 353.659 -46.438 10.4017 0.5
5 376.002 -33.3439 -2.44978 0.5
5 381.907 -3.1292 -14.0736 0.5
5 381.578 -23.3579 -3.95003 0.5
5 384.215 -19.3201 0.15378 0.5
5 371.111 -36.1823 -11.8749 0.5
5 386.818 -14.8004 -0.593389 0.5
5 346.693 -59.6424 -11.4686 0.5
5 364.133 -34.4364 -14.2553 0.5
5 388.651 14.737 9.77845 0.5
5 371.768 -33.4705 -12.9373 0.5
5 341.154 -70.9603 12.724 0.5
5 342.306 -62.2662 3.25369 0.5
5 353.841 -59.6222 -14.7564 0.5
5 356.268 -65.7168 7.50058 0.5
5 366.882 -25.8031 -12.3325 0.5
5 363.72 -45.7611 13.7728 0.5
5 388.245 16.6537 5.39902 0.5
5 350.939 -46.9944 -1.06559 0.5
5 372.717 -10.6815 6.42596 0.5
5 353.101 -72.8167 -3.42105 0.5
5 365.147 -27.3434 -11.1768 0.5
5 355.156 -66.8688 8.70318 0.5
5 359.341 -33.1546 4.68621 0.5
5 352.01 -54.6257 -13.9651 0.5
5 342.323 -89.8882 -7.46676 0.5
5 386.338 -8.04784 -13.0455 0.5
5 386.129 4.87247 -13.8002 0.5
5 363.151 -55.3781 3.54992 0.5
5 368.262 -20.2827 -9.42599 0.5
5 333.414 -83.3158 -12.0043 0.5
5 341.068 -93.5828 -3.7276 0.5
5 336.122 -75.4595 -8.78305 0.5
5 341.868 -85.9149 -12.5289 0.5
5 357.445 -50.0194 -14.9851 0.5
5 359.209 -59.3748 -9.33384 0.5
5 340.577 -87.0543 13.1863 0.5
5 354.514 -63.0481 -13.1125 0.5
5 379.288 -26.1742 -6.89704 0.5
5 371.251 -25.9729 -14.9785 0.5
5 386.513 -10.6081 -10.934 0.5
5 358.406 -61.3893 -8.48893 0.5
5 379.515 -27.3931 1.43274 0.5
5 347.332 -53.3542 2.12257 0.5
5 350.233 -61.6767 14.9245 0.5
5 374.899 -7.1239 -6.87292 0.5
5 371.717 -38.12 -8.79384 0.5
5 369.622 -36.3487 13.3939 0.5
5 333.771 -98.5176 -13.3569 0.5
5 378.584 -12.8644 -14.9512 0.5
5 370.128 -19.5374 -11.8616 0.5
5 360.359 -30.8921 2.73523 0.5
5 369.052 -40.5214 -11.235 0.5
5 360.876 -33.0959 9.45044 0.5
5 360.765 -30.5619 4.28345 0.5
5 366.221 -23.1012 -8.46237 0.5
5 386.589 -3.9037 -14.5377 0.5
5 381.632 -20.9772 -8.75073 0.5
5 347.402 -58.0205 -11.1248 0.5
5 334.718 -83.4417 -13.4647 0.5
5 343.592 -75.0957 14.9943 0.5
5 341.088 -64.6642 4.35251 0.5
5 365.01 -25.5144 8.90473 0.5
5 374.712 -8.37187 8.428 0.5
5 338.012 -90.6311 13.6202 0.5
5 357.67 -63.6261 6.88273 0.5
5 379.33 0.549914 6.8746 0.5
5 347.815 -69.4684 -14.8522 0.5
5 336.091 -74.1546 6.49848 0.5
5 338.537 -69.5412 5.64903 0.5
5 335.241 -74.9848 4.94436 0.5
5 372.443 -16.5646 -12.5957 0.5
5 384.015 -3.77806 -14.9736 0.5
5 348.11 -56.3484 10.7053 0.5
5 347.768 -74.3147 -13.3362 0.5
5 385.596 -14.3753 8.37093 0.5
5 384.473 4.9186 -12.1531 0.5
5 363.689 -25.1586 2.91316 0.5
5 377.33 -8.65795 -12.9392 0.5
5 366.76 -45.228 -10.5381 0.5
5 382.324 -22.5334 1.35758 0.5
5 375.315 -34.1425 4.17962 0.5
5 360.803 -58.4049 -6.46871 0.5
5 342.918 -89.4675 6.28901 0.5
5 356.527 -61.3252 11.9644 0.5
5 348.935 -64.1399 -14.9447 0.5
5 369.112 -30.6829 -14.9986 0.5
5 357.127 -36.4382 -2.43931 0.5
5 374.365 -29.7228 12.4663 0.5
5 365.893 -50.3023 4.69005 0.5
5 369.081 -44.1503 -6.29125 0.5
5 337.324 -85.6826 -14.9993 0.5
5 384.038 -19.3017 -3.11083 0.5
5 363.645 -51.9669 8.97567 0.5
5 386.094 -16.0324 1.00066 0.5
5 375.225 -5.16004 2.82911 0.5
5 373.447 -34.3569 9.76582 0.5
5 335.378 -102.834 5.57663 0.5
5 359.191 -34.0127 6.21676 0.5
5 357.198 -38.0192 -7.31305 0.5
5 378.473 -25.9346 9.42611 0.5
5 385.455 -16.8592 3.04863 0.5
5 345.584 -57.8268 -6.73316 0.5
5 374.755 -34.9792 4.61179 0.5
5 352.533 -72.9008 -6.09719 0.5
5 368.613 -33.7872 14.7997 0.5
5 357.13 -58.1375 -13.3168 0.5
5 360.661 -53.1984 -12.6371 0.5
6 435.79 -107.267 -2.33913 0.5
6 341.129 -107.417 0.990324 0.5
6 427.819 -78.7178 6.03534 0.5
6 419.661 -102.726 10.9268 0.5
6 384.472 -80.1942 -8.64826 0.5
6 355.519 -98.9243 13.5309 0.5
6 415.183 -90.0637 -14.8089 0.5
6 352.71 -78.1846 -4.63636 0.5
6 359.266 -104.725 8.62191 0.5
6 350.8 -97.1735 -14.2369 0.5
6 386.87 -81.5809 -10.3373 0.5
6 408.197 -89.0081 -14.5997 0.5
6 430.651 -99.9179 -13.0089 0.5
6 367.331 -99.8857 -13.0273 0.5
6 430.079 -77.916 -3.70961 0.5
6 351.231 -82.5348 11.2555 0.5
6 435.765 -97.6665 14.0638 0.5
6 386.841 -106.379 -5.56572 0.5
6 428.082 -82.1472 -10.9019 0.5
6 434.834 -107.227 2.57761 0.5
6 390.324 -77.5609 -1.8198 0.5
6 340.963 -102.058 -11.5193 0.5
6 398.584 -84.4318 -12.677 0.5
6 356.248 -90.5587 -14.8803 0.5
6 377.083 -102.152 -11.44 0.5
6 365.458 -83.2173 11.8218 0.5
6 369.598 -107.385 1.39744 0.5
6 403.81 -78.315 5.01977 0.5
6 437.123 -79.9371 8.272 0.5
6 393.024 -79.1717 6.97747 0.5
6 405.941 -87.9658 14.314 0.5
6 402.637 -105 -8.21525 0.5
6 343.89 -90.6754 -14.8946 0.5
6 340.399 -91.8314 -14.9872 0.5
6 408.02 -84.2709 -12.5738 0.5
6 351.311 -90.5558 -14.8799 0.5
6 335.416 -88.6282 -14.5049 0.5
6 368.939 -107.297 -2.13741 0.5
6 411.375 -80.6789 9.29732 0.5
6 371.62 -84.1853 -12.5177 0.5
6 429.571 -87.4399 -14.1385 0.5
6 401.659 -100.733 12.5059 0.5
6 417.248 -101.188 -12.1923 0.5
6 393.524 -98.8853 13.5495 0.5
6 429.3 -92.481 15 0.5
6 340.07 -84.3795 12.6438 0.5
6 372.3 -103.253 10.4065 0.5
6 399.643 -107.275 -2.28775 0.5
6 427.143 -78.0404 -4.16663 0.5
6 433.679 -88.7018 14.5241 0.5
6 333.353 -97.0972 14.262 0.5
6 365.598 -79.3597 -7.32407 0.5
6 341.268 -102.902 10.7592 0.5
6 339.931 -103.77 -9.84154 0.5
6 348.723 -100.454 12.6863 0.5
6 395.229 -79.3088 7.23239 0.5
6 373.116 -104.245 -9.26702 0.5
6 341.238 -84.8211 -12.915 0.5
6 440.09 -92.9021 -14.9932 0.5
6 364.388 -80.5306 9.10631 0.5
6 432.261 -99.5097 -13.2349 0.5
6 412.612 -79.8215 8.09439 0.5
6 344.458 -83.5871 12.1015 0.5
6 387.908 -97.9465 -13.9567 0.5
6 351.716 -102.737 -10.9168 0.5
6 401.637 -98.1044 -13.8935 0.5
6 417.473 -87.7038 14.2293 0.5
6 392.125 -102.188 11.4094 0.5
6 384.372 -83.6056 12.1151 0.5
6 363.316 -80.6426 9.25114 0.5
6 343.48 -77.9024 3.65588 0.5
6 356.15 -107.402 -1.19663 0.5
6 355.165 -83.9982 12.3922 0.5
6 371.782 -96.9558 -14.3073 0.5
6 334.418 -77.4607 0.565221 0.5
6 365.012 -103.116 -10.5467 0.5
6 406.951 -105.142 -7.99457 0.5
6 394.989 -80.3149 8.81682 0.5
6 414.774 -104.022 9.54392 0.5
6 336.818 -93.1834 14.9821 0.5
6 431.509 -103.413 10.2381 0.5
6 423.997 -98.9344 -13.5261 0.5
6 375.316 -87.787 -14.2568 0.5
6 335.688 -79.4183 -7.42773 0.5
6 357.99 -82.5422 11.262 0.5
6 389.955 -104.877 8.40074 0.5
6 344.151 -81.699 -10.4602 0.5
6 401.348 -89.996 14.7979 0.5
6 387.316 -107.02 3.56441 0.5
6 370.248 -78.1698 4.59042 0.5
6 393.156 -84.3777 12.6426 0.5
6 347.773 -91.4112 -14.964 0.5
6 428.654 -89.3025 14.666 0.5
6 337.006 -80.8535 9.51412 0.5
6 420.957 -93.5446 14.96 0.5
6 397.942 -85.1149 -13.0842 0.5
6 361.581 -97.5202 14.1171 0.5
6 386.839 -96.8795 -14.3311 0.5
6 378.941 -85.1252 13.0899 0.5
6 411.143 -92.0842 14.9955 0.5
6 435.45 -106.341 5.65996 0.5
6 418.835 -80.6478 9.25777 0.5
6 434.37 -104.682 8.68263 0.5
6 398.865 -77.5998 2.11401 0.5
6 422.02 -101.325 12.0926 0.5
6 341.566 -95.0819 -14.7673 0.5
6 440.641 -99.0073 13.4908 0.5
6 437.007 -79.2991 -7.21465 0.5
6 405.073 -83.4524 12.0018 0.5
6 341.565 -89.4471 -14.6963 0.5
6 340.622 -77.7066 -2.762 0.5
6 408.65 -96.928 14.316 0.5
6 361.699 -104.742 -8.59695 0.5
6 383.227 -105.436 -7.50766 0.5
6 424.897 -95.3474 -14.7175 0.5
6 355.332 -80.7423 9.37694 0.5
6 360.892 -106.153 -6.10064 0.5
6 380.59 -94.5112 14.8577 0.5
6 401.447 -95.4875 14.6893 0.5
6 408.453 -89.4943 14.7059 0.5
6 388.506 -99.3024 -13.3434 0.5
6 367.28 -77.8255 3.33474 0.5
6 389.383 -89.9326 -14.7872 0.5
6 338.834 -82.9965 -11.646 0.5
6 405.509 -98.3301 -13.7995 0.5
6 386.674 -107.432 0.745833 0.5
6 346.368 -102.389 11.2343 0.5
6 369.168 -103.016 -10.6471 0.5
6 395.268 -80.0898 -8.4984 0.5
6 419.145 -79.499 7.56764 0.5
6 353.035 -91.4557 14.967 0.5
6 362.739 -77.4979 1.19644 0.5
6 341.621 -106.206 -5.98147 0.5
6 413.244 -81.6794 10.4399 0.5
6 370.043 -83.6181 12.1242 0.5
6 353.338 -93.0014 14.9899 0.5
6 417.717 -79.8027 8.06491 0.5
6 406.808 -85.8572 -13.4735 0.5
6 426.285 -89.6993 14.7456 0.5
6 386.512 -77.7896 -3.1733 0.5
6 401.108 -106.037 6.35543 0.5
6 384.12 -79.9497 8.29099 0.5
6 355.793 -81.7061 10.4674 0.5
6 414.715 -94.3182 -14.8832 0.5
6 396.387 -100.067 -12.9219 0.5
6 415.623 -106.555 -5.10377 0.5
6 418.26 -81.6003 -10.3577 0.5
6 383.974 -94.4101 14.8714 0.5
6 362.872 -104.298 9.19906 0.5
6 335.689 -87.44 14.1386 0.5
6 370.073 -105.272 7.78377 0.5
6 419.872 -107.192 2.7696 0.5
6 419.308 -82.0526 -10.8117 0.5
6 420.557 -106.097 -6.2258 0.5
7 491.992 -174.329 14.9924 0.5
7 467.887 -125.904 -13.1862 0.5
7 452.008 -98.3033 13.1335 0.5
7 479.265 -139.211 6.43449 0.5
7 470.454 -140.065 -14.779 0.5
7 476.708 -157.792 11.6404 0.5
7 454.465 -115.865 -13.7221 0.5
7 486.115 -164.123 14.9915 0.5
7 461.004 -136.133 0.0355343 0.5
7 489.028 -162.193 -13.0034 0.5
7 465.502 -141.139 -8.70316 0.5
7 484.512 -174.659 7.80363 0.5
7 493.56 -169.32 12.5604 0.5
7 471.748 -145.502 -13.8499 0.5
7 480.998 -140.964 -2.44648 0.5
7 499.302 -178.781 -12.2295 0.5
7 446.529 -109.746 -6.14132 0.5
7 482.465 -144.736 6.3966 0.5
7 444.594 -105.242 -8.24112 0.5
7 494.101 -164.337 -5.05976 0.5
7 466.35 -115.484 1.65411 0.5
7 478.675 -157.654 -13.7845 0.5
7 491.01 -169.533 14.569 0.5
7 446.254 -108.82 -7.05768 0.5
7 458.908 -103.726 -5.93739 0.5
7 489.835 -181.775 -10.5058 0.5
7 454.865 -122.384 9.15192 0.5
7 476.579 -134.423 6.14168 0.5
7 492.931 -184.043 -12.9256 0.5
7 452.876 -92.526 3.72998 0.5
7 492.935 -184.318 12.7632 0.5
7 479.817 -167.767 5.25386 0.5
7 464.031 -111.517 -2.06198 0.5
7 449.601 -92.5588 12.1308 0.5
7 470.831 -152.854 -2.97615 0.5
7 492.025 -168.864 -13.748 0.5
7 474.158 -130.947 7.53867 0.5
7 493.799 -163.438 3.85047 0.5
7 465.484 -139.085 11.0033 0.5
7 470.771 -152.387 4.40963 0.5
7 446.217 -101.852 -13.5981 0.5
7 492.109 -172.124 14.7201 0.5
7 495.742 -167.616 6.14094 0.5
7 486.266 -178.016 -7.25462 0.5
7 486.561 -151.442 5.49853 0.5
7 456.449 -125.107 9.17857 0.5
7 489.537 -185.369 2.33743 0.5
7 483.223 -165.828 13.6536 0.5
7 485.331 -171.921 -12.2525 0.5
7 478.89 -162.335 10.9754 0.5
7 475.69 -146.491 14.9998 0.5
7 454.888 -102.95 -12.9381 0.5
7 484.955 -164.645 -14.8621 0.5
7 472.455 -126.676 -4.55997 0.5
7 491.888 -189.274 -3.22382 0.5
7 475.471 -132.46 -6.04412 0.5
7 451.72 -90.1366 1.59743 0.5
7 498.098 -170.399 0.742445 0.5
7 457.224 -102.062 8.25649 0.5
7 491.945 -167.74 13.2752 0.5
7 473.959 -158.522 -1.20913 0.5
7 456.394 -100.531 8.11352 0.5
7 447.419 -82.862 2.78425 0.5
7 451.393 -94.3701 11.0759 0.5
7 467.403 -139.693 13.0036 0.5
7 457.703 -100.448 1.01686 0.5
7 452.886 -122.021 -1.22445 0.5
7 490.805 -162.222 10.6859 0.5
7 456.436 -126.619 -6.7434 0.5
7 476.837 -139.706 12.1114 0.5
7 490.018 -156.598 -2.50928 0.5
7 464.683 -137.426 11.2498 0.5
7 498.383 -200.856 -0.762033 0.5
7 480.999 -141.5 -4.64335 0.5
7 465.387 -143.423 2.98813 0.5
7 465.667 -120.454 12.1805 0.5
7 449.856 -105.52 14.5372 0.5
7 459.408 -123.302 -14.1655 0.5
7 448.76 -97.3283 14.7735 0.5
7 467.436 -130.791 -14.9265 0.5
7 473.841 -134.546 -12.1324 0.5
7 491.044 -174.305 -14.9564 0.5
7 462.484 -134.073 10.8312 0.5
7 473.67 -140.87 -14.8378 0.5
7 483.141 -146.876 8.13955 0.5
7 459.941 -104.33 1.08003 0.5
7 491.554 -159.379 -3.13871 0.5
7 444.716 -107.203 4.58114 0.5
7 477.501 -163.447 6.01669 0.5
7 465.698 -134.538 14.0418 0.5
7 486.437 -179.423 -4.71411 0.5
7 449.275 -86.3504 3.96451 0.5
7 457.933 -102.15 6.19099 0.5
7 450.217 -87.6443 -2.41277 0.5
7 460.373 -118.512 -14.9221 0.5
7 482.053 -143.469 5.05727 0.5
7 487.731 -162.088 -14.0187 0.5
7 456.105 -127.413 2.63669 0.5
7 469.919 -146.944 10.837 0.5
7 481.835 -156.366 14.9761 0.5
7 463.706 -139.331 -6.49782 0.5
7 467.058 -141.611 11.1863 0.5
7 472.977 -136.209 13.8911 0.5
7 494.522 -180.75 -14.9184 0.5
7 446.511 -81.6732 4.34493 0.5
7 490.632 -174.47 14.8634 0.5
7 464.257 -116.884 -11.2842 0.5
7 474.464 -143.219 14.9498 0.5
7 465.712 -144.248 -1.07493 0.5
7 496.125 -196.085 -5.05696 0.5
7 444.739 -84.7563 -12.5582 0.5
7 461.616 -136.981 -2.51358 0.5
7 476.501 -135.296 8.01736 0.5
7 473.193 -134.922 -13.0919 0.5
7 471.153 -131.896 13.3628 0.5
7 453.484 -109.482 14.9369 0.5
7 474.377 -134.978 11.756 0.5
7 483.55 -158.056 14.8484 0.5
7 482.152 -149.634 -12.6075 0.5
7 445.654 -102.496 12.7193 0.5
7 467.175 -141.686 -11.2994 0.5
7 456.868 -128.844 1.92252 0.5
7 476.29 -141.574 -13.7328 0.5
7 479.803 -161.87 -12.5748 0.5
8 520.816 -164.515 -9.13941 0.5
8 520.529 -144.582 12.3344 0.5
8 552.855 -89.0429 -12.6346 0.5
8 549.426 -113.641 10.6395 0.5
8 521.194 -152.832 -14.9749 0.5
8 507.623 -183.15 -12.886 0.5
8 503.06 -197.96 -3.50621 0.5
8 501.793 -200.567 -0.205113 0.5
8 535.537 -138.701 9.53756 0.5
8 520.77 -137.701 0.154742 0.5
8 510.247 -161.688 -11.8174 0.5
8 500.247 -173.345 -1.707 0.5
8 501.985 -199.424 -4.87334 0.5
8 521.244 -137.043 -2.21718 0.5
8 534.837 -140.434 -8.86662 0.5
8 526.858 -156.584 -4.10158 0.5
8 527.42 -132.546 12.2641 0.5
8 516.572 -174.968 -0.296274 0.5
8 505.006 -171.288 -12.2076 0.5
8 501.992 -173.099 -8.82964 0.5
8 528.517 -145.931 13.4461 0.5
8 546.211 -93.6428 0.448906 0.5
8 553.323 -95.0365 14.9453 0.5
8 511.252 -175.869 13.4286 0.5
8 502.001 -185.11 -14.9997 0.5
8 538.174 -114.479 12.6393 0.5
8 532.614 -145.596 6.72035 0.5
8 526.887 -130.785 -9.84139 0.5
8 507.619 -183.562 12.6357 0.5
8 528.171 -149.24 11.7234 0.5
8 510.116 -166.285 -14.1878 0.5
8 531.398 -147.907 -6.29603 0.5
8 549.335 -115.316 -8.87569 0.5
8 539.415 -124.21 -14.51 0.5
8 522.822 -152.293 -14.6664 0.5
8 554.392 -99.9202 -13.9729 0.5
8 517.616 -152.378 -13.8397 0.5
8 554.466 -106.023 -9.40506 0.5
8 531.354 -119.392 -0.830539 0.5
8 530.555 -133.546 14.8368 0.5
8 540.321 -126.449 -12.9245 0.5
8 531.43 -143.863 11.5041 0.5
8 534.77 -133.903 -13.9742 0.5
8 554.582 -100.745 13.4659 0.5
8 510.075 -164.451 13.3836 0.5
8 527.239 -139.627 14.8832 0.5
8 525.282 -149.855 -14.1531 0.5
8 515.966 -174.05 -7.43357 0.5
8 517.503 -144.441 -5.59523 0.5
8 510.195 -168.804 14.8359 0.5
8 503.676 -191.416 11.9191 0.5
8 509.523 -183.248 -10.1261 0.5
8 548.492 -98.0351 -13.446 0.5
8 535.899 -138.182 -9.40377 0.5
8 527.16 -156.626 0.449662 0.5
8 539.242 -105.734 0.906651 0.5
8 503.163 -168.378 -2.32313 0.5
8 533.15 -136.72 13.9701 0.5
8 524.575 -156.605 -10.717 0.5
8 505.706 -164.513 -4.59714 0.5
8 550.001 -104.816 -14.7465 0.5
8 541.721 -124.26 12.7829 0.5
8 546.242 -93.6808 -1.7156 0.5
8 511.729 -170.954 -14.7741 0.5
8 540.337 -106.418 -8.45433 0.5
8 525.598 -135.82 12.3465 0.5
8 512.138 -180.721 -7.361 0.5
8 504.681 -169.573 -10.2035 0.5
8 534.414 -140.601 9.59187 0.5
8 531.757 -120.975 -7.99021 0.5
8 522.766 -156.729 12.9984 0.5
8 539.602 -108.703 9.77137 0.5
8 519.804 -165.716 9.81557 0.5
8 504.089 -187.829 -13.6419 0.5
8 507.007 -184.408 12.7698 0.5
8 513.091 -171.451 -13.9746 0.5
8 541.906 -105.752 10.8664 0.5
8 550.097 -87.1467 2.68873 0.5
8 506.23 -189.457 -9.54332 0.5
8 504.501 -180.329 -14.9899 0.5
8 545.278 -123.846 6.33884 0.5
8 551.008 -97.2215 14.675 0.5
8 527.694 -128.618 8.87826 0.5
8 526.108 -154.81 9.80016 0.5
8 515.047 -158.407 -14.3981 0.5
8 503.103 -187.38 -14.4349 0.5
8 528.705 -124.833 -5.04947 0.5
8 548.211 -98.9172 13.6341 0.5
8 506.585 -171.578 13.8782 0.5
8 517.51 -173.121 -2.59685 0.5
8 554.268 -91.7888 14.7186 0.5
8 516.623 -156.535 14.6217 0.5
8 541.483 -114.62 -14.837 0.5
8 531.206 -128.807 -13.8259 0.5
8 525.804 -146.391 14.8051 0.5
8 535.336 -129.774 -14.8221 0.5
8 536.085 -117.922 12.5262 0.5
8 522.934 -139.457 11.6128 0.5
8 531.1 -149.674 -1.9985 0.5
8 509.465 -158.208 -5.19045 0.5
8 528.756 -137.846 14.9652 0.5
8 530.854 -126.106 11.9026 0.5
8 518.79 -169.775 6.22849 0.5
8 509.839 -184.103 8.33786 0.5
8 528.044 -153.124 7.44369 0.5
8 530.849 -134.807 14.9937 0.5
8 501.272 -200.862 4.23746 0.5
8 511.399 -178.003 -11.946 0.5
8 553.489 -105.14 -11.9168 0.5
8 504.208 -182.549 14.9549 0.5
8 546.221 -120.392 9.29271 0.5
8 518.274 -171.958 -1.40391 0.5
8 543.704 -99.233 6.00743 0.5
8 507.077 -161.626 -2.4965 0.5
8 531.79 -148.442 2.26147 0.5
8 525.862 -151.364 13.0002 0.5
8 550.111 -93.9786 12.7503 0.5
8 500.274 -199.124 -10.2804 0.5
8 517.649 -148.271 -11.3266 0.5
8 513.412 -174.618 -11.868 0.5
8 549.192 -94.5547 -12.0617 0.5
8 505.274 -194.369 -2.25539 0.5
8 553.85 -85.2485 -11.0394 0.5
8 546.422 -111.237 -14.7035 0.5
8 552.21 -86.5143 9.34967 0.5
8 537.411 -118.268 -13.9114 0.5
8 538.484 -136.21 4.8569 0.5
8 503.072 -174.96 12.4309 0.5
8 518.119 -161.762 14.3187 0.5
8 538.929 -112.113 11.898 0.5
8 526.992 -127.266 -3.1819 0.5
8 530.854 -147.993 -7.88662 0.5
8 507.61 -190.031 3.6972 0.5
8 508.69 -181.302 12.8863 0.5
8 505.382 -167.215 -8.81175 0.5
8 529.555 -126.139 -9.81326 0.5
8 509.057 -174.514 14.9222 0.5
8 517.302 -173.009 -4.52123 0.5
8 526.129 -158.419 -0.0193169 0.5
8 513.581 -177.071 -9.10635 0.5
8 518.076 -143.134 -4.73393 0.5
8 526.047 -154.643 -10.1079 0.5
8 526.878 -136.175 13.7708 0.5
8 546.434 -111.684 14.6012 0.5
8 534.273 -128.061 14.9478 0.5
8 539.508 -106.307 -5.54241 0.5
8 526.116 -128.753 -3.04867 0.5
8 533.038 -121.389 11.1235 0.5
8 520.462 -161.84 12.2851 0.5
8 541.82 -129.715 6.59161 0.5
8 541.212 -127.22 -11.2457 0.5
8 521.88 -149.439 14.9401 0.5
8 520.404 -148.505 -14.2013 0.5
8 549.873 -117.291 -0.234297 0.5
8 546.895 -93.4376 -5.35065 0.5
8 546.805 -100.343 13.1243 0.5
8 546.347 -120.73 -8.54159 0.5
8 519.695 -143.694 -10.339 0.5
8 522.474 -162.154 -8.43452 0.5
8 527.756 -125.94 -3.17167 0.5
8 527.2 -150.019 12.3897 0.5
8 545.165 -124.511 -5.21293 0.5
8 546.385 -114.473 -13.6863 0.5
8 546.431 -116.678 -12.4114 0.5
9 643.198 -106.284 -5.79769 0.5
9 572.746 -107.163 -2.91877 0.5
9 581.263 -77.4534 0.317119 0.5
9 591.866 -89.7226 -14.75 0.5
9 617.619 -107.144 -3.01451 0.5
9 580.432 -80.5474 9.12835 0.5
9 562.541 -79.3398 -7.28845 0.5
9 657.441 -100.151 -12.8722 0.5
9 589.985 -89.5364 -14.7143 0.5
9 589.312 -78.2291 4.77125 0.5
9 571.947 -80.6217 9.22437 0.5
9 562.804 -98.6568 -13.6557 0.5
9 571.647 -77.6167 -2.22928 0.5
9 560.27 -79.0353 -6.71151 0.5
9 611.407 -77.4501 0.0341084 0.5
9 653.431 -105.5 -7.39678 0.5
9 598.803 -107.095 -3.24395 0.5
9 612.014 -96.8547 -14.3387 0.5
9 625.336 -101.73 11.7849 0.5
9 602.665 -79.6868 7.88027 0.5
9 586.453 -77.4525 -0.271497 0.5
9 599.215 -78.0345 4.14614 0.5
9 658.865 -104.633 8.75063 0.5
9 567.852 -87.2875 -14.0836 0.5
9 613.482 -80.7457 -9.38123 0.5
9 638.668 -89.7376 -14.7527 0.5
9 644.938 -106.922 3.94344 0.5
9 659.454 -100.572 -12.6107 0.5
9 590.285 -78.5764 5.70263 0.5
9 574.284 -106.19 6.01859 0.5
9 616.005 -107.363 -1.61284 0.5
9 563.661 -88.758 14.5385 0.5
9 640.183 -77.7842 3.14816 0.5
9 601.422 -105.483 7.42633 0.5
9 608.244 -78.9225 -6.48098 0.5
9 629.476 -103.318 -10.3388 0.5
9 557.55 -77.7396 2.93265 0.5
9 575.305 -83.2201 -11.824 0.5
9 625.763 -91.9527 -14.9918 0.5
9 568.123 -88.7467 14.5356 0.5
9 605.126 -99.6391 13.165 0.5
9 568.153 -86.2689 13.6672 0.5
9 584.593 -85.4068 13.2436 0.5
9 585.286 -87.737 -14.2403 0.5
9 658.48 -87.9212 -14.3 0.5
9 642.719 -91.8731 14.9889 0.5
9 570.064 -77.4875 -1.05864 0.5
9 619.276 -107.434 0.686673 0.5
9 662.835 -79.1569 6.94923 0.5
9 562.327 -104.622 -8.76566 0.5
9 632.712 -79.6301 7.78775 0.5
9 565.862 -106.855 -4.18471 0.5
9 583.575 -106.421 -5.45989 0.5
9 635.689 -93.0108 14.9895 0.5
9 609.156 -101.155 -12.2157 0.5
9 659.255 -85.4933 13.2892 0.5
9 630.376 -89.4418 -14.6952 0.5
9 637.068 -78.9028 6.43989 0.5
9 601.459 -104.248 9.26277 0.5
9 650.833 -107.427 -0.83169 0.5
9 572.473 -96.4817 14.4481 0.5
9 571.984 -97.2293 -14.2183 0.5
9 590.936 -98.5393 13.7085 0.5
9 632.885 -103.276 -10.3824 0.5
9 563.11 -100.02 12.9498 0.5
9 624.145 -87.4331 14.1361 0.5
9 647.478 -86.8272 13.9062 0.5
9 575.117 -105.367 7.62586 0.5
9 616.253 -106.758 -4.50506 0.5
9 617.583 -80.4329 8.977 0.5
9 632.644 -107.366 1.58262 0.5
9 630.156 -77.6909 -2.67726 0.5
9 556.053 -88.145 -14.3689 0.5
9 625.562 -89.2439 14.6533 0.5
9 564.764 -99.6355 -13.167 0.5
9 599.861 -103.048 -10.6149 0.5
9 585.74 -93.3305 -14.9741 0.5
9 579.264 -82.2064 -10.9575 0.5
9 582.371 -98.1049 -13.8933 0.5
9 565.037 -78.3776 -5.19265 0.5
9 621.139 -103.523 -10.1189 0.5
9 647.969 -83.0328 -11.6754 0.5
9 618.338 -99.2842 -13.3527 0.5
9 658.384 -77.4507 -0.135701 0.5
9 645.38 -102.286 -11.3254 0.5
9 599.607 -104.874 8.40487 0.5
9 607.946 -106.09 -6.24067 0.5
9 631.294 -79.2352 -7.09686 0.5
9 611.466 -98.7771 -13.6003 0.5
9 557.284 -100.12 -12.8908 0.5
9 623.029 -79.7514 -7.98398 0.5
9 611.7 -101.646 11.8503 0.5
9 576.518 -77.6408 -2.38401 0.5
9 629.147 -77.7167 -2.81566 0.5
9 637.847 -97.5241 14.1157 0.5
9 611.554 -85.0896 -13.0699 0.5
9 660.81 -102.453 11.178 0.5
9 615.495 -78.141 -4.49992 0.5
9 600.89 -91.8811 14.9892 0.5
9 658.4 -106.232 -5.92159 0.5
9 640.854 -77.49 -1.0937 0.5
9 593.73 -78.6353 -5.84398 0.5
9 656.247 -101.39 -12.0448 0.5
9 568.768 -103.76 9.853 0.5
9 651.41 -78.6696 5.92437 0.5
9 595.833 -86.2967 13.6798 0.5
9 564.608 -93.7141 14.9467 0.5
9 608.647 -81.9082 10.6709 0.5
9 649.117 -102.004 11.5639 0.5
9 661.116 -80.1309 -8.55791 0.5
9 593.435 -88.3719 14.435 0.5
9 556.814 -105.966 -6.50493 0.5
9 643.63 -88.8816 14.5693 0.5
9 624.887 -96.4767 14.4494 0.5
9 646.41 -103.941 -9.64152 0.5
9 608.195 -102.872 10.788 0.5
9 647.766 -107.428 0.813356 0.5
9 641.76 -107.403 -1.19193 0.5
9 604.076 -106.813 -4.32538 0.5
9 640.81 -98.1434 13.8775 0.5
9 613.183 -83.5509 -12.075 0.5
9 652.152 -104.346 9.13736 0.5
9 613.342 -81.7603 -10.5227 0.5
9 628.136 -103.576 10.061 0.5
9 576.268 -78.2696 -4.8901 0.5
9 614.196 -91.9757 14.9925 0.5
9 584.324 -100.486 -12.6659 0.5
9 634.69 -78.4551 5.39805 0.5
9 560.36 -78.3851 5.21295 0.5
9 607.608 -107.41 1.09011 0.5
9 653.518 -107.449 -0.154235 0.5
9 665.848 -81.8003 10.5632 0.5
9 567.334 -89.9782 14.7949 0.5
9 665.314 -97.4581 -14.1393 0.5
9 643.373 -105.593 -7.22956 0.5
9 665.277 -106.754 4.51757 0.5
9 638.295 -102.21 11.3906 0.5
9 654.689 -88.3806 14.4374 0.5
10 659.645 -94.5258 4.72074 0.5
10 628.146 -25.4514 14.9974 0.5
10 649.914 -70.8219 13.0539 0.5
10 628.945 -40.7644 -6.21955 0.5
10 636.685 -45.7418 -14.0616 0.5
10 630.039 -39.5806 -10.6422 0.5
10 658.988 -77.6224 -14.922 0.5
10 639.487 -30.4628 1.64138 0.5
10 653.809 -56.4486 6.03591 0.5
10 626.296 -8.62323 5.63037 0.5
10 653.935 -81.2386 -10.3677 0.5
10 612.209 0.983162 -14.9735 0.5
10 643.241 -59.3793 -12.9879 0.5
10 631.126 -19.7771 10.0724 0.5
10 648.226 -59.491 -14.9654 0.5
10 612.177 9.91045 -12.6996 0.5
10 618.637 5.73631 0.292186 0.5
10 649.305 -64.1251 -14.8981 0.5
10 636.692 -37.6439 -14.7194 0.5
10 612.724 14.1311 7.21562 0.5
10 650.33 -49.1664 0.602586 0.5
10 665.936 -104.672 6.5644 0.5
10 660.155 -66.2578 -1.59818 0.5
10 652.353 -67.1349 -14.9909 0.5
10 651.43 -70.1256 14.4383 0.5
10 631.729 -20.0078 -9.09496 0.5
10 660.203 -80.9852 -14.9976 0.5
10 651.078 -80.4311 0.739965 0.5
10 633.284 -26.44 -12.5667 0.5
10 626.426 -22.0956 -14.9856 0.5
10 637.856 -35.4156 13.1957 0.5
10 618.352 -4.05614 -14.2411 0.5
10 658.22 -80.3815 -14.7798 0.5
10 654.197 -55.8556 0.290098 0.5
10 665.519 -103.391 -7.60494 0.5
10 633.717 -38.662 14.6366 0.5
10 655.965 -59.0691 -2.14652 0.5
10 653.075 -83.8809 -0.919967 0.5
10 616.011 -16.96 -8.65971 0.5
10 649.815 -66.7756 -14.5829 0.5
10 635.748 -26.3894 -8.27975 0.5
10 629.14 -40.7326 6.97312 0.5
10 620.652 0.0500964 7.81863 0.5
10 663.908 -81.4011 -13.6264 0.5
10 646.522 -56.4182 14.9566 0.5
10 622.622 -26.2182 -11.1309 0.5
10 624.716 -16.0647 14.5302 0.5
10 613.432 5.93122 13.6691 0.5
10 618.489 0.305463 11.7617 0.5
10 636.813 -26.3665 4.28053 0.5
10 611.806 -2.92192 13.9577 0.5
10 652.894 -54.7129 -5.68275 0.5
10 649.577 -76.7232 5.70564 0.5
10 642.588 -35.7568 0.623904 0.5
10 657.243 -90.2691 5.0014 0.5
10 617.199 -15.3739 -12.2866 0.5
10 662.037 -71.917 8.26988 0.5
10 642.472 -64.9719 4.1013 0.5
10 624.276 -17.3004 -14.9003 0.5
10 612.088 -9.51188 -9.51576 0.5
10 641.419 -45.9222 14.7367 0.5
10 619.437 1.1341 -9.28545 0.5
10 627.928 -22.5438 14.7346 0.5
10 632.078 -17.5499 0.510496 0.5
10 644.677 -44.5503 11.3447 0.5
10 639.794 -43.724 -14.8405 0.5
10 653.419 -58.7421 -10.4479 0.5
10 624.302 -14.5666 -14.3075 0.5
10 639.998 -59.2824 7.44231 0.5
10 629.315 -42.5705 2.34719 0.5
10 650.114 -77.8508 -5.19958 0.5
10 620.485 -25.578 -7.27652 0.5
10 614.145 -7.81689 13.5953 0.5
10 646.483 -49.2879 -12.5585 0.5
10 662.252 -89.3335 14.2998 0.5
10 641.815 -39.8828 -11.5894 0.5
10 643.572 -62.2372 11.3666 0.5
10 643.791 -52.1393 -14.9842 0.5
10 643.69 -67.2446 3.47457 0.5
10 619.569 -21.6228 10.4635 0.5
10 666.519 -88.1596 14.4471 0.5
10 661.997 -85.2606 14.9731 0.5
10 624.217 -20.237 14.9425 0.5
10 635.529 -29.6711 12.1127 0.5
10 662.16 -98.5259 5.6842 0.5
10 615.413 5.63897 11.7564 0.5
10 632.792 -48.5651 -2.51631 0.5
10 616.612 -19.3432 6.34924 0.5
10 611.606 -5.23457 12.5909 0.5
10 665.309 -76.6142 6.57059 0.5
10 636.16 -40.0254 14.9943 0.5
10 622.156 -9.42189 13.7763 0.5
10 640.73 -36.5016 -10.172 0.5
10 611.943 -12.4496 2.53789 0.5
10 645.854 -41.7798 3.34937 0.5
10 634.174 -43.0853 -13.3114 0.5
10 652.295 -64.8994 -14.7626 0.5
10 663.814 -101.299 -5.90373 0.5
10 646.882 -48.1766 -11.1752 0.5
10 629.656 -24.4886 14.4955 0.5
10 649.163 -73.993 -9.1844 0.5
10 647.926 -65.3932 13.9932 0.5
10 663.088 -99.694 -6.65691 0.5
10 656.16 -64.9888 11.7981 0.5
10 641.973 -36.6698 7.46529 0.5
10 628.489 -32.7586 -13.5498 0.5
10 618.794 -24.0741 3.67996 0.5
10 632.609 -24.6787 12.1606 0.5
10 635.241 -51.008 -7.50139 0.5
10 666.058 -78.7068 7.99837 0.5
10 634.244 -51.0557 -2.65086 0.5
10 627.17 -16.0392 12.6885 0.5
10 640.986 -62.8122 2.17208 0.5
10 652.825 -56.4937 -9.02365 0.5
10 611.625 5.92935 -14.6876 0.5
10 666.408 -89.6581 -14.8156 0.5
10 632.253 -45.854 7.46609 0.5
10 662.948 -71.0409 -0.970892 0.5
10 664.427 -90.0828 14.9236 0.5
10 654.908 -83.0572 -10.2254 0.5
10 630.191 -44.1555 -1.87469 0.5
10 661.855 -72.5422 9.5424 0.5
10 664.567 -100.597 -9.28245 0.5
10 640.111 -43.1942 14.6413 0.5
10 654.059 -68.1578 14.7977 0.5
10 626.906 -25.9029 14.8194 0.5
10 662.271 -98.0298 7.1368 0.5
10 652.766 -69.3865 14.9658 0.5
10 635.252 -52.6763 -3.27787 0.5
10 641.358 -39.9048 12.2128 0.5
10 653.016 -54.2894 3.77636 0.5
11 632.034 49.9978 11.1958 0.5
11 611.65 -3.93043 12.2629 0.5
11 621.107 35.8137 2.85307 0.5
11 650.313 75.7905 14.4244 0.5
11 652.428 88.8648 -6.48198 0.5
11 620.691 7.14349 -7.08029 0.5
11 632.398 54.4503 5.86645 0.5
11 624.909 17.7999 11.2924 0.5
11 661.947 101.6 -11.3784 0.5
11 647.007 68.7566 -14.7349 0.5
11 629.077 23.1675 -9.35451 0.5
11 665.068 97.0887 -14.9993 0.5
11 622.347 38.1851 1.23829 0.5
11 634.084 43.3104 14.9978 0.5
11 637.507 48.6759 14.9777 0.5
11 626.04 19.4114 10.9792 0.5
11 655.409 69.9121 10.6239 0.5
11 633.154 26.9549 0.078466 0.5
11 638.967 37.7125 4.49561 0.5
11 652.781 63.3451 8.13158 0.5
11 636.755 36.0415 -8.79603 0.5
11 663.436 81.0141 -6.76187 0.5
11 621.942 27.0883 14.2923 0.5
11 633.636 38.3255 -14.3202 0.5
11 614.893 11.2615 -14.9708 0.5
11 664.718 88.3597 -12.5178 0.5
11 637.161 40.7996 -12.6285 0.5
11 651.221 78.7544 -13.9523 0.5
11 650.7 83.0812 -10.4753 0.5
11 626.291 15.0896 -0.822608 0.5
11 618.984 6.4349 10.2244 0.5
11 643.296 72.4423 7.61788 0.5
11 629.249 36.7193 -14.9219 0.5
11 620.519 6.90294 7.18687 0.5
11 612.513 -8.77706 -0.760783 0.5
11 627.679 28.6516 -14.5055 0.5
11 612.283 5.1897 -14.9874 0.5
11 635.814 31.5767 0.676015 0.5
11 637.039 48.9693 -14.9973 0.5
11 658.257 98.6803 7.0379 0.5
11 654.139 73.9826 14.365 0.5
11 616.106 22.501 -11.1132 0.5
11 655.344 71.6306 -12.1782 0.5
11 621.168 6.62133 -3.55842 0.5
11 613.08 21.0196 -5.79514 0.5
11 664.206 110.227 3.87962 0.5
11 642.584 53.1875 14.1066 0.5
11 614.731 -3.53937 -6.36214 0.5
11 651.762 64.6654 11.5922 0.5
11 612.51 13.5643 -13.0665 0.5
11 641.667 50.4508 -13.6366 0.5
11 613.011 18.833 -9.30243 0.5
11 622.501 33.0883 -11.538 0.5
11 639.092 59.5993 -13.0702 0.5
11 661.774 93.5408 14.864 0.5
11 665.601 87.0798 10.1173 0.5
11 640.068 40.8081 7.26766 0.5
11 625.637 37.1516 12.5488 0.5
11 661.574 81.3798 -11.3563 0.5
11 617.181 29.0469 -2.68106 0.5
11 619.833 32.6158 -6.03106 0.5
11 634.28 45.1982 14.9441 0.5
11 660.918 105.011 -0.98279 0.5
11 652.044 77.6398 -14.7036 0.5
11 661.057 92.0827 14.8918 0.5
11 634.435 59.1656 0.463071 0.5
11 622.618 19.9523 14.523 0.5
11 624.287 11.6329 1.05832 0.5
11 631.254 26.0867 8.17371 0.5
11 654.141 90.6071 8.58151 0.5
11 630.619 27.1922 10.8365 0.5
11 651.033 80.665 12.8469 0.5
11 662.24 102.373 11.1446 0.5
11 653.927 85.7915 12.7779 0.5
11 615.953 13.7865 -14.9117 0.5
11 639.972 44.2092 -11.564 0.5
11 653.075 81.03 14.2862 0.5
11 624.243 12.5553 5.47378 0.5
11 641.328 57.9616 14.8855 0.5
11 644.175 74.1535 -7.28987 0.5
11 625.613 16.0439 -7.73942 0.5
11 635.005 57.3073 8.80117 0.5
11 612.81 9.21279 14.791 0.5
11 638.747 60.7426 11.9236 0.5
11 645.547 69.1515 13.862 0.5
11 629.327 20.329 0.282587 0.5
11 661.091 101.95 9.5017 0.5
11 628.767 27.4652 13.3236 0.5
11 627.86 42.4403 -11.4788 0.5
11 662.553 106.928 -5.24692 0.5
11 618.404 6.76075 11.4873 0.5
11 624.255 20.2588 -13.6214 0.5
11 652.979 70.3982 -13.7933 0.5
11 645.152 51.6213 10.0739 0.5
11 656.224 77.5874 14.363 0.5
11 647.529 52.0702 -2.54296 0.5
11 641.096 46.7677 -12.0429 0.5
11 615.251 6.30749 -14.265 0.5
11 611.887 15.3926 10.929 0.5
11 612.441 -0.554153 -13.4543 0.5
11 625.102 21.6281 -13.5756 0.5
11 648.569 62.5956 -13.722 0.5
11 643.289 48 9.62122 0.5
11 620.019 33.7912 -3.49187 0.5
11 633.562 29.0982 6.40834 0.5
11 640.999 61.6611 13.6955 0.5
11 632.553 53.0934 -8.75387 0.5
11 633.485 37.1506 -14.003 0.5
11 622.379 33.5592 10.9346 0.5
11 659.991 78.7433 -11.447 0.5
11 653.177 62.1642 -3.94635 0.5
11 638.174 37.2501 -6.7417 0.5
11 622.592 35.9616 8.58279 0.5
11 630.028 46.8052 10.9375 0.5
11 612.412 11.1911 -14.0836 0.5
11 630.755 28.0241 -11.3771 0.5
11 635.149 30.4336 0.85059 0.5
11 664.164 81.0175 -3.23322 0.5
11 640.713 40.0966 1.21912 0.5
11 641.645 55.2381 14.9323 0.5
11 639.548 55.7883 14.7439 0.5
11 644.876 48.5709 -6.13916 0.5
11 643.811 65.0212 -14.2747 0.5
11 625.044 24.4374 -14.5931 0.5
11 665.371 89.0562 -12.2195 0.5
11 635.292 46.0053 14.996 0.5
11 666.12 90.4989 12.3216 0.5
11 630.743 22.7818 0.307252 0.5
11 612.324 -8.95579 -2.23813 0.5
11 664.581 105.641 -11.8057 0.5
11 617.942 10.078 -13.9444 0.5
11 658.397 81.1054 -14.2867 0.5
11 642.611 47.381 -10.2484 0.5
11 663.856 109.025 5.65624 0.5
11 617.41 6.58867 -12.6278 0.5
12 674.753 85.1483 -2.10396 0.5
12 773.942 85.2852 2.91127 0.5
12 674.76 102.142 14.8463 0.5
12 675.59 113.339 -6.86142 0.5
12 718.478 85.1523 -2.1318 0.5
12 775.561 93.9407 -13.7217 0.5
12 736.234 88.1575 -9.20631 0.5
12 701.294 102.386 -14.8089 0.5
12 715.152 98.032 -14.8703 0.5
12 756.949 114.926 -1.48581 0.5
12 734.705 85.6706 4.43491 0.5
12 733.573 90.4248 -11.5463 0.5
12 711.794 98.7612 -14.9488 0.5
12 705.332 93.9433 -13.7228 0.5
12 767.507 88.8666 10.0522 0.5
12 771.822 110.508 -10.7039 0.5
12 715.485 105.276 -14.0415 0.5
12 688.778 113.784 -5.91538 0.5
12 681.497 86.8586 -7.23221 0.5
12 711.398 113.546 6.44176 0.5
12 760.076 108.096 -12.6276 0.5
12 766.713 112.081 -8.89117 0.5
12 703.358 114.992 -0.475523 0.5
12 671.865 85.0001 0.0549213 0.5
12 751.465 92.307 -12.877 0.5
12 728.57 95.7603 -14.3884 0.5
12 689.563 85.4204 3.52637 0.5
12 744.553 94.2945 -13.8725 0.5
12 759.015 110.741 10.4706 0.5
12 696.58 85.1847 -2.34674 0.5
12 700.896 104.679 -14.2516 0.5
12 687.724 98.3542 -14.9094 0.5
12 768.788 114.9 1.72498 0.5
12 701.777 85.9155 -5.16021 0.5
12 746.359 114.993 -0.445175 0.5
12 759.886 106.904 13.3169 0.5
12 713.014 104.229 -14.3915 0.5
12 708.006 97.2324 14.7425 0.5
12 668.011 98.0887 14.8777 0.5
12 715.323 86.5344 6.60885 0.5
12 717.768 109.089 11.9327 0.5
12 687.703 110.767 -10.4442 0.5
12 671.777 98.6632 -14.9403 0.5
12 730.598 107.529 12.9736 0.5
12 727.314 99.7483 14.9979 0.5
12 714.906 92.7547 -13.1341 0.5
12 677.3 85.0508 -1.23345 0.5
12 757.401 90.2503 -11.3993 0.5
12 676.154 112.213 -8.70893 0.5
12 758.349 89.2359 -10.4468 0.5
12 759.979 113.861 -5.73428 0.5
12 717.984 109.113 -11.9144 0.5
12 714.734 106.39 -13.5707 0.5
12 743.635 112.603 -8.13408 0.5
12 693.18 112.062 -8.91692 0.5
12 761.135 86.5874 6.71575 0.5
12 774.906 92.2567 -12.8468 0.5
12 741.226 111.952 9.06308 0.5
12 686.214 96.9888 14.6947 0.5
12 706.618 86.0576 -5.53271 0.5
12 672.949 114.046 -5.26296 0.5
12 667.947 86.0979 5.63301 0.5
12 752.921 99.3719 -14.9868 0.5
12 765.402 107.454 13.017 0.5
12 739.287 98.915 14.9607 0.5
12 764.336 93.2813 -13.4112 0.5
12 761.779 86.4999 -6.5382 0.5
12 681.569 88.5136 9.64684 0.5
12 687.353 97.1746 -14.7315 0.5
12 752 112.823 7.78308 0.5
12 708.945 114.996 0.329318 0.5
12 727.498 86.9543 -7.40329 0.5
12 735.065 96.3054 -14.5379 0.5
12 721.637 109.217 11.834 0.5
12 744.392 114.416 -4.146 0.5
12 690.454 96.9855 14.694 0.5
12 744.634 90.1396 -11.3036 0.5
12 772.396 85.7166 4.58098 0.5
12 717.146 112.289 -8.60089 0.5
12 681.027 106.853 13.3431 0.5
12 701.142 88.755 -9.92719 0.5
12 674.464 111.087 -10.1037 0.5
12 721.416 107.763 -12.8348 0.5
12 717.774 107.192 -13.1632 0.5
12 719.012 114.878 1.90908 0.5
12 710.543 114.634 -3.29215 0.5
12 701.822 114.975 0.857083 0.5
12 737.082 112.412 -8.4228 0.5
12 681.61 104.158 -14.4122 0.5
12 724.54 106.266 -13.6287 0.5
12 733.395 101.74 -14.8987 0.5
12 710.464 99.8123 14.9988 0.5
12 775.646 114.428 -4.10142 0.5
12 735.104 109.784 11.37 0.5
12 724.725 85.0802 -1.54905 0.5
12 691.315 103.665 14.5453 0.5
12 706.614 103.54 14.5763 0.5
12 682.256 114.119 -5.06591 0.5
12 710.242 111.381 9.77049 0.5
12 671.802 96.0365 -14.4669 0.5
12 756.4 93.7664 -13.6434 0.5
12 755.623 88.5085 9.64086 0.5
12 670.772 106.316 -13.6053 0.5
12 758.186 114.96 -1.09459 0.5
12 675.089 100.669 14.9851 0.5
12 694.024 85.2015 -2.45023 0.5
12 767.44 106.638 13.4512 0.5
12 688.193 91.3144 12.2295 0.5
12 728.418 94.6581 14.0166 0.5
12 667.52 97.7786 -14.8346 0.5
12 712.218 112.135 -8.81663 0.5
12 698.712 104.974 -14.1514 0.5
12 743.271 112.588 8.15756 0.5
12 758.099 104.812 14.2073 0.5
12 694.255 110.955 -10.2461 0.5
12 722.333 88.813 -9.99259 0.5
12 703.941 109.69 11.4502 0.5
12 776.111 96.6437 14.6197 0.5
12 709.59 85.0078 0.484262 0.5
12 767.687 85.0075 0.473743 0.5
12 755.819 99.132 14.9749 0.5
12 689.481 114.906 -1.6781 0.5
12 752.128 113.94 5.53971 0.5
12 704.247 114.908 -1.65583 0.5
12 690.111 85.0729 -1.47712 0.5
12 714.344 85.0024 0.2671 0.5
12 709.954 108.021 -12.6755 0.5
12 724.827 109.268 -11.7943 0.5
12 724.742 110.205 -10.9932 0.5
12 708.652 100.224 14.9983 0.5
12 690.462 112.767 7.87491 0.5
12 758.618 86.8338 -7.18688 0.5
12 716.707 101.55 14.9197 0.5
12 666.996 99.1334 14.9749 0.5
12 738.636 114.997 0.287662 0.5
12 710.569 102.348 14.815 0.5
12 689.68 95.6525 14.3561 0.5
12 714.007 114.79 2.50297 0.5
12 715.843 108.367 -12.4499 0.5
12 694.073 95.1159 14.1826 0.5
12 771.352 108.164 12.5839 0.5
13 784.827 82.5491 14.0544 0.5
13 823.296 13.0989 12.6497 0.5
13 825.602 31.7533 3.49184 0.5
13 807.597 36.0873 8.63535 0.5
13 809.336 58.9785 -6.24388 0.5
13 829.233 15.988 14.1023 0.5
13 789.121 94.3061 5.50615 0.5
13 792.324 62.0588 7.90864 0.5
13 811.698 29.6114 -9.46365 0.5
13 782.966 77.9539 -7.37799 0.5
13 791.911 60.5582 1.06224 0.5
13 789.51 71.9163 -12.8346 0.5
13 793.895 57.4415 -3.25734 0.5
13 797.536 78.6036 -7.77698 0.5
13 785.933 100.642 -2.6263 0.5
13 816.091 19.7766 -5.7296 0.5
13 826.579 19.1077 14.5531 0.5
13 809.307 48.4962 -14.675 0.5
13 798.352 79.3304 -1.0122 0.5
13 796.492 76.4092 -12.1312 0.5
13 782.633 102.778 -9.99278 0.5
13 830.873 21.7299 6.12173 0.5
13 796.656 62.5924 -14.2414 0.5
13 826.196 30.8805 -2.76129 0.5
13 799.239 54.1303 12.2212 0.5
13 806.871 48.1235 14.9262 0.5
13 814.413 26.2495 -10.9085 0.5
13 824.001 34.7835 -2.15344 0.5
13 785.354 81.081 13.8345 0.5
13 830.583 -2.85551 -9.7563 0.5
13 832.304 -8.77123 -4.43442 0.5
13 808.171 32.4596 1.75429 0.5
13 783.965 87.7958 -14.9261 0.5
13 801.199 74.047 3.38128 0.5
13 797.497 67.1172 14.9459 0.5
13 786.63 95.7498 10.1079 0.5
13 805.428 58.5386 -13.5517 0.5
13 820.258 39.9789 -6.41822 0.5
13 784.413 101.335 -7.77639 0.5
13 808.979 38.7199 -13.1381 0.5
13 814.415 41.517 14.1509 0.5
13 812.046 45.3373 -14.2473 0.5
13 824.11 30.7149 -10.2365 0.5
13 778.134 104.372 14.146 0.5
13 786.445 84.4102 14.9889 0.5
13 811.609 34.7398 -13.4394 0.5
13 807.258 34.0731 -1.99681 0.5
13 816.354 42.2798 11.9273 0.5
13 828.225 2.86778 11.3941 0.5
13 783.834 104.22 2.93525 0.5
13 792.295 78.1508 -14.6335 0.5
13 814.622 28.1523 12.6683 0.5
13 801.923 54.4725 14.5349 0.5
13 803.137 44.6065 -9.66572 0.5
13 805.015 41.2071 9.48914 0.5
13 817.576 34.3204 -14.6432 0.5
13 786.636 73.0124 -9.4557 0.5
13 809.949 30.8667 6.72035 0.5
13 821.644 22.4368 14.916 0.5
13 827.954 27.2309 5.00918 0.5
13 807.033 54.231 -14.1759 0.5
13 788.478 71.2942 11.0236 0.5
13 805.95 36.375 -2.25574 0.5
13 790.09 93.5833 1.65118 0.5
13 832.22 19.0548 6.83633 0.5
13 791.846 88.9463 6.9125 0.5
13 828.684 5.69617 -13.6894 0.5
13 823.062 15.4819 -13.7113 0.5
13 803.189 41.5559 4.09576 0.5
13 795.071 73.7134 14.545 0.5
13 819.073 18.6147 11.304 0.5
13 783.382 90.4953 14.9986 0.5
13 810.592 57.5199 -4.34757 0.5
13 783.177 104.217 6.39612 0.5
13 798.351 53.9467 -10.7909 0.5
13 779.633 99.5367 -14.7458 0.5
13 792.992 76.5717 -14.7123 0.5
13 829.09 8.69767 14.8023 0.5
13 821.855 8.65854 -0.263066 0.5
13 792.93 82.8398 11.937 0.5
13 796.598 71.9595 14.2911 0.5
13 799.862 57.7594 -14.4598 0.5
13 786.829 70.6265 6.11553 0.5
13 798.449 73.7522 11.5621 0.5
13 813.063 35.9171 -14.7038 0.5
13 819.37 16.3134 -9.45278 0.5
13 779.34 87.1735 -11.0712 0.5
13 832.754 14.5956 11.3413 0.5
13 786.24 71.8243 6.50066 0.5
13 803.359 42.9877 7.97468 0.5
13 784.837 87.796 15 0.5
13 793.178 67.9278 13.9951 0.5
13 785.781 71.236 -1.71746 0.5
13 815.27 44.8711 -11.3481 0.5
13 791.986 65.1302 10.941 0.5
13 799.844 70.6405 12.1036 0.5
13 794.6 78.2721 -13.0422 0.5
13 818.676 30.4723 14.9426 0.5
13 788.157 69.9744 8.9361 0.5
13 815.683 39.7351 -13.9988 0.5
13 809.189 44.6188 -14.9683 0.5
13 784.717 76.3028 9.41349 0.5
13 797.716 69.2329 14.5193 0.5
13 804.615 43.812 -11.4375 0.5
13 830.742 13.7687 13.9533 0.5
13 792.792 64.1603 11.3258 0.5
13 796.42 52.7141 -0.284656 0.5
13 809.557 30.9175 -5.28094 0.5
13 809.57 34.4556 10.7323 0.5
13 777.979 84.6522 0.0854007 0.5
13 811.688 49.3885 12.6106 0.5
13 807.861 61.5 -6.31563 0.5
13 778.029 108.445 -12.0895 0.5
13 790.578 63.0414 2.51168 0.5
13 829.033 23.6145 -8.45386 0.5
13 831.328 -6.12513 6.79239 0.5
13 823.191 10.7895 -10.6608 0.5
13 780.273 83.4765 8.72535 0.5
13 829.959 20.9878 -9.7857 0.5
13 825.48 7.27307 11.0865 0.5
13 798.288 55.5935 -12.0884 0.5
13 821.911 30.942 13.0574 0.5
13 800.073 64.3079 -14.712 0.5
13 782.373 106.731 -3.03653 0.5
13 827.254 17.8372 -14.5781 0.5
13 793.985 61.934 11.186 0.5
13 794.66 71.0599 14.997 0.5
13 798.089 62.6992 14.8494 0.5
13 787.356 97.3573 5.51996 0.5
13 797.769 77.7677 8.45056 0.5
13 796.697 68.671 14.9307 0.5
13 794.945 85.0134 -2.74011 0.5
13 784.232 74.1738 3.23429 0.5
13 791.717 73.3538 14.7897 0.5
14 886.293 110.088 3.50643 0.5
14 886.917 111.265 3.07693 0.5
14 859.612 63.0846 5.8945 0.5
14 870.22 81.6876 5.32678 0.5
14 862.167 68.705 0.580492 0.5
14 851.941 32.3744 -14.554 0.5
14 864.309 50.5649 13.339 0.5
14 862.154 68.6787 -0.690656 0.5
14 849.265 34.7567 -14.6127 0.5
14 835.175 -7.33211 -4.53915 0.5
14 853.301 24.2781 -5.16896 0.5
14 849.131 40.668 -11.5825 0.5
14 880.114 93.331 -12.3386 0.5
14 845.044 10.3924 6.18502 0.5
14 866.175 45.6584 -0.0171079 0.5
14 852.448 36.3745 14.9914 0.5
14 863.602 45.5801 -10.5909 0.5
14 850.76 34.9392 14.9679 0.5
14 850.248 48.0647 -0.463509 0.5
14 847.323 13.8433 4.94438 0.5
14 862.73 41.7187 -7.5295 0.5
14 877.698 90.4745 -11.3058 0.5
14 878.543 78.3308 14.5236 0.5
14 845.964 15.9489 -11.4385 0.5
14 875.888 67.7287 -11.3966 0.5
14 861.301 63.6948 9.65566 0.5
14 851.3 46.2951 9.74849 0.5
14 874.28 88.6327 -5.54909 0.5
14 863.219 59.9216 -14.3453 0.5
14 871.373 57.9486 9.37064 0.5
14 838.523 7.07397 -13.8788 0.5
14 865.751 46.4094 -6.50907 0.5
14 880.023 95.4763 -10.375 0.5
14 882.889 82.0173 -12.9381 0.5
14 869.196 51.2753 -3.37635 0.5
14 871.908 67.8771 -14.753 0.5
14 841.009 9.68478 13.0559 0.5
14 852.177 21.4308 -0.74334 0.5
14 856.319 39.4818 -14.4271 0.5
14 833.793 -3.91231 -12.3701 0.5
14 854.713 55.7984 -0.459064 0.5
14 867.615 55.1925 12.7142 0.5
14 879.428 94.5666 -10.2485 0.5
14 878.727 74.6224 12.8267 0.5
14 884.616 77.6246 0.88031 0.5
14 880.968 74.8336 9.69276 0.5
14 869.361 67.0629 14.9738 0.5
14 846.514 12.0426 -3.59781 0.5
14 878.772 71.8528 10.5893 0.5
14 862.554 52.232 -14.8445 0.5
14 870.052 70.7422 -14.6169 0.5
14 839.363 21.7577 -12.968 0.5
14 879.937 96.9225 -8.39982 0.5
14 883.279 89.5589 14.9825 0.5
14 836.301 0.757903 12.5884 0.5
14 876.022 90.6298 7.62756 0.5
14 870.011 53.2081 -5.13206 0.5
14 868.89 55.3418 -11.1634 0.5
14 839.952 7.14051 12.6258 0.5
14 872.096 58.3779 -8.23748 0.5
14 859.112 34.4917 -5.55453 0.5
14 851.437 43.7528 12.2747 0.5
14 882.723 82.4457 13.3314 0.5
14 886.588 105.359 -11.7349 0.5
14 857.021 30.0242 2.56826 0.5
14 848.148 21.076 12.4551 0.5
14 856.734 32.7124 9.51805 0.5
14 833.861 7.46419 -14.741 0.5
14 838.024 -1.92176 5.82911 0.5
14 873.922 59.2596 2.33034 0.5
14 867.354 77.3954 -3.00799 0.5
14 877.202 65.0754 -3.07438 0.5
14 850.926 37.2688 14.6923 0.5
14 857.336 47.9834 14.7668 0.5
14 861.634 62.4801 -11.4525 0.5
14 887.762 83.3973 3.21962 0.5
14 833.899 2.91558 14.8869 0.5
14 872.605 66.8134 -14.1483 0.5
14 834.064 -9.35764 -4.20685 0.5
14 839.409 5.86011 -12.4014 0.5
14 872.073 59.928 10.2561 0.5
14 882.467 90.4639 -14.9157 0.5
14 863.745 64.8794 12.4072 0.5
14 839.744 15.33 -14.9932 0.5
14 870.13 68.589 14.961 0.5
14 865.888 50.1751 11.1934 0.5
14 847.432 17.414 10.4296 0.5
14 838.163 25.3977 7.0184 0.5
14 863.984 57.0425 -14.9989 0.5
14 881.706 102.532 0.896053 0.5
14 853.261 26.6102 -9.40994 0.5
14 881.857 74.4178 -6.73656 0.5
14 834.114 -5.59435 10.4912 0.5
14 851.029 42.0192 -12.9354 0.5
14 847.824 23.4193 13.9729 0.5
14 884.954 107.975 -2.49774 0.5
14 844.623 29.4591 13.6904 0.5
14 880.853 75.6763 -10.8048 0.5
14 862.32 62.9871 11.9956 0.5
14 881.651 90.7232 14.6416 0.5
14 888.125 98.5409 -14.9994 0.5
14 856.969 57.2566 -8.22676 0.5
14 845.727 34.1778 12.0473 0.5
14 876.729 88.3376 -11.6898 0.5
14 877.246 94.4695 3.28426 0.5
14 851.236 33.9492 14.9768 0.5
14 841.256 7.94985 11.5692 0.5
14 881.961 102.414 4.15469 0.5
14 843.754 7.04217 2.54507 0.5
14 844.58 33.9538 10.5134 0.5
14 877.891 95.5948 3.25149 0.5
14 870.931 55.2832 -6.3005 0.5
14 857.629 57.2496 -9.75587 0.5
14 882.378 77.0953 -9.47728 0.5
14 843.202 32.3954 9.59757 0.5
14 862.296 57.7359 -14.5119 0.5
14 868.799 53.0817 -8.83635 0.5
14 844.168 13.0743 -11.6351 0.5
14 873.471 73.1714 -14.9995 0.5
14 850.44 38.0585 14.26 0.5
14 846.507 40.8054 -4.79377 0.5
14 862.341 48.7436 -14.0422 0.5
14 874.088 64.1454 -10.9816 0.5
14 859.988 60.2441 -10.903 0.5
14 860.06 37.9252 8.80735 0.5
14 858.914 39.8086 -12.5117 0.5
14 878.322 91.7765 11.1086 0.5
14 888.667 113.621 5.37085 0.5
14 887.33 82.8292 3.94894 0.5
14 851.76 35.9656 -14.9975 0.5
14 881.303 101.178 4.47306 0.5
14 833.495 -6.25873 -10.8917 0.5
14 870.594 55.7899 8.25892 0.5
14 884.921 107.292 4.93675 0.5
14 864.133 67.5067 10.824 0.5
14 844.34 31.4746 -12.2655 0.5
14 869.198 60.5375 -14.0106 0.5
14 869.186 55.4749 10.8097 0.5
14 888.001 111.235 -7.86458 0.5
14 860.638 44.264 13.368 0.5
14 867.667 54.0856 11.8809 0.5
14 878.115 92.7147 -9.77636 0.5
14 869.379 51.2127 0.375922 0.5
14 841.862 5.05835 6.56058 0.5
14 858.809 61.9277 5.31135 0.5
14 872.187 85.8357 2.65017 0.5
14 854.507 45.9142 13.9686 0.5
14 858.169 55.6209 -12.1263 0.5
14 882.179 73.3833 -0.398336 0.5
14 837.156 -1.95827 -8.50607 0.5
14 836.846 11.2477 14.9356 0.5
14 834.725 17.3891 9.97338 0.5
14 869.473 70.4435 14.4364 0.5
14 878.939 78.062 -14.243 0.5
14 840.493 31.1184 1.30918 0.5
15 989.421 85.079 1.53758 0.5
15 980.927 85.8526 4.98494 0.5
15 994.257 95.0147 -14.1473 0.5
15 970.198 108.439 12.401 0.5
15 903.408 86.097 5.63095 0.5
15 988.785 114.102 -5.11166 0.5
15 941.859 99.9872 -15 0.5
15 941.88 105.327 -14.0222 0.5
15 978.731 109.461 11.6402 0.5
15 915.162 111.421 -9.72454 0.5
15 971.175 85.0232 0.834645 0.5
15 978.488 109.902 -11.2674 0.5
15 925.676 113.102 -7.30274 0.5
15 991.017 100.493 14.9919 0.5
15 990.991 112.43 8.39609 0.5
15 971.896 114.4 4.20131 0.5
15 990.89 99.0394 14.9692 0.5
15 931.747 105.471 13.9667 0.5
15 925.674 110.308 10.8969 0.5
15 901.127 85.4594 -3.68402 0.5
15 974.945 112.398 8.44352 0.5
15 993.873 97.7202 -14.8257 0.5
15 947.204 95.2913 -14.2418 0.5
15 982.863 100.033 -15 0.5
15 977.747 89.0721 -10.2753 0.5
15 997.147 86.9096 -7.32399 0.5
15 985.85 86.7879 7.10222 0.5
15 971.951 114.981 0.748957 0.5
15 889.298 99.9219 14.9998 0.5
15 943.206 92.0788 12.7379 0.5
15 995.613 96.7991 -14.6545 0.5
15 913.007 97.0012 -14.6972 0.5
15 909.502 114.675 3.10363 0.5
15 976.345 93.3517 13.4462 0.5
15 936.427 96.4748 -14.5799 0.5
15 902.065 112.183 -8.75015 0.5
15 941.881 102.281 -14.8255 0.5
15 964.371 105.145 -14.0902 0.5
15 962.754 94.5209 -13.9635 0.5
15 988.726 88.8785 10.0653 0.5
15 945.24 85.931 -5.20215 0.5
15 981.275 94.3368 13.8899 0.5
15 948.683 113.154 7.20898 0.5
15 892.844 108.959 12.0309 0.5
15 911.688 86.0121 5.41642 0.5
15 951.524 103.35 14.6212 0.5
15 970.818 103.623 -14.556 0.5
15 942.993 93.7356 13.6293 0.5
15 920.701 99.4372 -14.9894 0.5
15 895.631 85.9658 -5.29532 0.5
15 986.914 104.231 -14.391 0.5
15 930.054 102.674 -14.7598 0.5
15 974.146 85.8429 -4.95737 0.5
15 937.672 87.6856 -8.56473 0.5
15 985.474 111.216 9.95997 0.5
15 931.035 106.15 13.6813 0.5
15 978.729 93.9459 13.724 0.5
15 940.697 100.745 -14.9815 0.5
15 961.012 111.532 9.59225 0.5
15 998.43 114.508 -3.80952 0.5
15 894.191 96.162 14.5007 0.5
15 988.518 114.999 -0.140009 0.5
15 992.1 104.661 14.2573 0.5
15 990.524 85.107 -1.78869 0.5
15 944.806 113.937 5.54608 0.5
15 934.204 93.2707 -13.4058 0.5
15 973.919 87.6942 8.57709 0.5
15 985.182 112.569 8.18642 0.5
15 939.803 114.942 1.3182 0.5
15 928.771 90.5416 11.6421 0.5
15 995.54 85.2576 -2.7682 0.5
15 896.938 88.5385 9.67641 0.5
15 918.999 88.5044 -9.63593 0.5
15 994.613 87.0665 -7.59771 0.5
15 928.956 100.063 14.9999 0.5
15 970.562 106.437 13.5488 0.5
15 974.271 114.833 -2.23243 0.5
15 984.144 113.83 -5.80829 0.5
15 946.115 109.676 11.4618 0.5
15 901.552 94.4392 -13.9312 0.5
15 997.218 91.6623 -12.4693 0.5
15 906.887 87.3389 8.04345 0.5
15 976.994 96.0992 -14.4839 0.5
15 977.216 99.3743 -14.9869 0.5
15 985.997 85.0991 1.72164 0.5
15 944.061 98.1327 14.8833 0.5
15 957.075 104.099 14.4289 0.5
15 957.314 112.156 -8.78875 0.5
15 993.027 107.006 -13.2636 0.5
15 960.94 102.754 14.745 0.5
15 977.672 112.732 -7.93008 0.5
15 984.207 107.293 -13.1079 0.5
15 974.392 101.854 -14.885 0.5
15 909.766 97.9447 14.8585 0.5
15 912.947 101.915 14.8772 0.5
15 923.373 103.043 -14.6881 0.5
15 944.868 106.855 -13.3418 0.5
15 983.98 92.2679 12.8536 0.5
15 893.274 111.92 9.10524 0.5
15 948.015 95.8613 14.4177 0.5
15 942.738 114.707 -2.95158 0.5
15 954.806 113.79 5.90284 0.5
15 943.491 88.8723 10.0586 0.5
15 921.634 110.445 -10.7655 0.5
15 956.213 85.8235 4.9018 0.5
15 991.001 111.685 9.40585 0.5
15 972.125 106.511 13.5131 0.5
15 891.274 85.0412 -1.11068 0.5
15 991.912 114.547 -3.6593 0.5
15 987.183 114.457 4.00027 0.5
15 954.409 98.3102 14.9045 0.5
15 903.428 109.485 11.6204 0.5
15 975.466 114.548 -3.65405 0.5
15 981.627 86.1183 -5.68315 0.5
15 948.294 97.8903 14.8509 0.5
15 953.002 106.232 -13.644 0.5
15 995.932 114.63 3.31011 0.5
15 961.64 109.295 -11.773 0.5
15 899.167 91.1743 -12.1288 0.5
15 926.144 112.955 7.56099 0.5
15 980.634 108.616 12.2785 0.5
15 989.153 88.958 -10.1526 0.5
15 930.723 85.4362 -3.59101 0.5
15 920.537 90.9893 -11.992 0.5
15 962.646 112.711 7.96499 0.5
15 911.917 115 0.10766 0.5
15 958.865 101.916 -14.8772 0.5
15 948.405 94.2317 -13.8465 0.5
15 950.874 85.7308 -4.62504 0.5
15 956.445 108.919 -12.0601 0.5
15 911.485 91.5556 -12.3973 0.5
15 935.38 110.707 10.5057 0.5
15 985.541 91.7616 12.5351 0.5
15 962.997 92.268 12.8537 0.5
15 990.194 113.173 7.17462 0.5
15 896.745 98.0893 -14.8778 0.5
15 898.231 106.49 13.5234 0.5
15 970.591 86.0697 -5.56301 0.5
15 911.295 114.863 2.02167 0.5
15 927.183 86.7589 7.04798 0.5
