0 297.472 62.3792 92.6535 0.5
0 281.975 119.701 -98.0402 0.5
0 103.95 53.6175 -88.5927 0.5
0 321.447 154.75 -83.6804 0.5
0 209.266 65.586 93.8918 0.5
0 230.345 199.974 2.27722 0.5
0 207.879 56.8866 -90.2288 0.5
0 288.036 57.5724 -90.5533 0.5
0 284.235 188.221 -47.085 0.5
0 120.769 17.972 57.1962 0.5
0 130.071 7.13409 37.0934 0.5
0 267.238 93.7737 -99.806 0.5
0 285.735 17.6852 -56.7827 0.5
0 287.286 140.177 91.574 0.5
0 147.334 116.992 -98.5459 0.5
0 43.3277 94.2465 -99.8343 0.5
0 96.7901 144.191 -89.7061 0.5
0 223.049 199.873 5.04223 0.5
0 178.723 85.2585 98.9075 0.5
0 276.139 70.8686 95.6627 0.5
0 306.266 151.943 85.4511 0.5
0 294.865 73.5627 -96.442 0.5
0 97.4219 132.637 94.5243 0.5
0 314.772 37.0625 77.7102 0.5
0 118.322 0.121381 -4.92559 0.5
0 269.48 78.4511 97.6506 0.5
0 178.2 176.583 64.3045 0.5
0 194 173.663 67.6291 0.5
0 111.601 10.4329 -44.4717 0.5
0 104.016 75.4819 96.9477 0.5
0 44.6285 6.35113 -35.0698 0.5
0 9.98267 0.320135 -7.99528 0.5
0 126.889 128.148 95.9566 0.5
0 200.877 134.393 -93.8995 0.5
0 93.7697 35.6237 -76.5225 0.5
0 224.277 174.004 -67.2566 0.5
0 247.008 165.146 -75.868 0.5
0 127.771 196.886 24.7599 0.5
0 289.2 182.232 56.903 0.5
0 251.208 190.352 42.8536 0.5
0 139.689 62.536 -92.717 0.5
0 26.5406 130.764 95.1501 0.5
0 74.3654 5.78729 -33.5256 0.5
0 19.9197 95.2502 -99.8871 0.5
0 178.513 41.9257 -81.4087 0.5
0 244.629 58.7463 -91.0941 0.5
0 330.269 190 -43.5891 0.5
0 177.063 140.363 91.4922 0.5
0 267.875 153.826 84.278 0.5
0 268.812 26.7559 68.083 0.5
0 82.7337 13.0594 49.4098 0.5
0 256.844 196.577 25.939 0.5
0 253.157 143.83 89.8828 0.5
0 157.848 112.097 99.2656 0.5
0 34.4273 161.927 78.5179 0.5
0 301.285 42.853 82.0623 0.5
0 217.033 108.695 -99.6213 0.5
0 228.831 155.287 -83.3265 0.5
0 74.1231 178.372 -62.1118 0.5
0 5.30197 180.92 -58.7535 0.5
0 322.672 23.7103 64.652 0.5
0 272.138 194.91 31.4975 0.5
0 198.991 171.143 70.2758 0.5
0 45.0669 153.683 -84.3693 0.5
0 206.523 178.047 62.5196 0.5
0 126.634 122.975 97.3249 0.5
0 227.697 196.958 -24.4794 0.5
0 50.9545 158.272 81.2675 0.5
0 31.7482 3.71568 27.0061 0.5
0 299.242 24.7689 65.8808 0.5
0 279.509 74.8869 -96.7953 0.5
0 144.321 0.1017 -4.50884 0.5
0 213.615 199.89 -4.67914 0.5
0 20.1063 26.6817 -68.0031 0.5
0 248.1 153.551 84.4526 0.5
0 141.17 1.40291 16.6917 0.5
0 24.2033 69.5656 95.2562 0.5
0 267.208 82.5323 98.4626 0.5
0 145.234 0.0249444 2.23344 0.5
0 165.587 27.2101 -68.5684 0.5
0 314.434 2.99042 24.2722 0.5
0 270.346 189.892 43.8104 0.5
0 253.388 195.868 -28.4489 0.5
0 34.132 175.535 -65.5322 0.5
0 31.2933 34.0917 75.207 0.5
0 203.381 199.997 0.784362 0.5
0 199.417 182.604 -56.3612 0.5
0 281.994 73.4991 -96.4246 0.5
0 314.871 90.5793 99.5553 0.5
0 307.351 49.6438 -86.3959 0.5
0 283.013 194.86 31.6488 0.5
0 283.167 190.924 -41.6281 0.5
0 211.512 179.258 -60.9771 0.5
0 99.1044 55.0847 89.3455 0.5
0 330.72 71.987 -95.9962 0.5
0 262.645 30.2398 -71.6485 0.5
0 272.73 132.347 -94.6239 0.5
0 201.96 198.49 -17.3133 0.5
0 76.4985 197.995 -19.9223 0.5
0 255.861 67.4358 94.5493 0.5
0 179.773 0.349512 8.35345 0.5
0 154.823 192.836 -37.1674 0.5
0 142.229 17.3683 -56.3206 0.5
0 82.8216 191.042 41.3685 0.5
0 240.312 127.714 96.083 0.5
0 78.7874 141.668 -90.9053 0.5
0 290.222 197.218 23.4225 0.5
0 86.2949 190.798 41.9006 0.5
0 21.4604 128.333 -95.9023 0.5
0 219.856 9.71585 42.9974 0.5
0 130.256 12.5816 48.5596 0.5
0 61.5953 0.100178 4.475 0.5
0 15.4562 107.246 99.7371 0.5
0 3.09804 2.3333 -21.4759 0.5
0 313.44 58.983 -91.2009 0.5
0 0.353836 170.564 -70.8572 0.5
0 295.8 189.907 -43.7801 0.5
0 172.573 98.0299 -99.9806 0.5
0 303.806 15.4001 -53.3185 0.5
0 269.697 132.915 -94.4278 0.5
0 253.868 156.544 82.4791 0.5
0 139.975 130.706 -95.1689 0.5
0 302.164 51.9337 -87.6905 0.5
0 240.476 1.15763 -15.1719 0.5
0 121.467 190.759 -41.9867 0.5
0 206.326 120.235 97.9313 0.5
0 244.727 0.125985 -5.01809 0.5
0 157.126 5.22452 31.9 0.5
0 239.056 4.35705 29.1963 0.5
0 115.301 133.923 94.0702 0.5
0 75.5037 168.964 72.4149 0.5
0 270.391 3.04602 24.4934 0.5
0 140.23 0.478168 9.76755 0.5
0 138.784 136.055 93.274 0.5
0 238.36 68.4828 94.9035 0.5
0 87.5363 73.1245 -96.3209 0.5
0 164.726 73.743 96.4913 0.5
0 55.4286 121.176 -97.7322 0.5
0 8.29053 13.304 49.8377 0.5
0 108.185 148.495 -87.4539 0.5
0 233.079 195.608 29.3102 0.5
1 373.775 129.843 -4.68821 0.5
1 384.155 -12.999 -96.8314 0.5
1 378.588 27.6696 99.8167 0.5
1 360.202 148.703 30.4818 0.5
1 337.281 75.4806 -98.4245 0.5
1 351.7 157.709 -44.5654 0.5
1 341.211 164.52 -62.3725 0.5
1 374.644 37.9561 99.5469 0.5
1 356.388 158.985 14.6761 0.5
1 349.787 109.247 -92.6027 0.5
1 338.06 102.678 99.4081 0.5
1 351.857 82.1648 -98.9796 0.5
1 346.925 176.022 -9.33323 0.5
1 367.19 31.9627 99.5576 0.5
1 336.504 120.012 96.6934 0.5
1 353.681 77.5666 99.1762 0.5
1 361.967 136.917 50.1569 0.5
1 374.552 20.4547 -99.6671 0.5
1 348.777 162.662 -44.7831 0.5
1 380.147 8.7033 99.4772 0.5
1 384.204 -87.4564 -11.4175 0.5
1 366.815 110.014 73.3158 0.5
1 369.321 130.055 38.2702 0.5
1 342.43 -15.2218 10.3159 0.5
1 348.568 156.031 56.6322 0.5
1 349.073 -27.1631 -4.44191 0.5
1 372.804 93.8025 78.3271 0.5
1 349.929 39.5845 94.8525 0.5
1 362.155 109.778 -80.2254 0.5
1 357.367 70.3134 -99.2845 0.5
1 362.683 126.978 62.8093 0.5
1 381.915 -49.2039 -75.944 0.5
1 339.534 -1.96463 -40.9637 0.5
1 346.308 164.908 48.6272 0.5
1 356.763 138.228 -61.554 0.5
1 358.212 56.1112 -99.9968 0.5
1 371.609 -33.6256 -73.9366 0.5
1 387.188 -69.3568 -64.9016 0.5
1 363.521 120.457 -68.6182 0.5
1 339.079 166.559 -64.3894 0.5
1 345.265 -20.6486 1.91464 0.5
1 333.465 158.367 81.0347 0.5
1 352.21 161.496 -33.5858 0.5
1 361.609 -48.723 7.09977 0.5
1 360.791 89.4373 -92.9049 0.5
1 349.445 171.84 7.11575 0.5
1 371.977 130.096 24.1959 0.5
1 381.751 -81.6796 20.7757 0.5
1 380.402 -36.1908 -83.7362 0.5
1 350.484 169.42 -13.1997 0.5
1 369.515 67.8052 95.2438 0.5
1 378.768 -76.7945 -19.4035 0.5
1 359.02 155.297 6.5306 0.5
1 351.43 -31.0905 7.12474 0.5
1 385.467 2.27132 99.7236 0.5
1 354.336 94.8577 -94.9965 0.5
1 369.515 16.1573 -97.7327 0.5
1 381.137 3.23753 -99.0203 0.5
1 376.434 -72.0878 22.5015 0.5
1 371.018 118.683 54.33 0.5
1 366.385 51.3376 99.6308 0.5
1 377.739 113.957 -41.7437 0.5
1 365.103 12.33 -94.522 0.5
1 385.02 36.9486 -96.4325 0.5
1 365.419 -7.11962 85.692 0.5
1 357.757 -16.3356 -67.2247 0.5
1 338.878 187.209 -25.0477 0.5
1 361.88 0.905881 86.8042 0.5
1 369.068 116.672 61.8642 0.5
1 338.19 149.527 -81.5053 0.5
1 345.626 39.9457 -92.1814 0.5
1 354.913 162.264 8.46357 0.5
1 333.366 150.216 -86.4443 0.5
1 362.193 -49.7677 6.61701 0.5
1 377.921 90.7747 -73.3184 0.5
1 369.553 -3.19203 91.4507 0.5
1 380.137 -71.91 41.8019 0.5
1 370.618 134.473 -13.7359 0.5
1 339.352 175.326 -51.4484 0.5
1 382.58 65.2705 86.2724 0.5
1 354.251 152.188 46.7137 0.5
1 374.753 65.3619 92.8619 0.5
1 360.235 -18.7124 -69.2746 0.5
1 363.651 146.638 -13.011 0.5
1 335.032 100.334 -99.9463 0.5
1 381.943 90.9447 65.9851 0.5
1 357.968 87.3843 -95.3772 0.5
1 355.157 -29.8052 39.1779 0.5
1 374.032 128.144 -16.4642 0.5
1 376.401 -59.0208 53.5946 0.5
1 364.05 25.0672 97.6103 0.5
1 363.287 146.249 19.2446 0.5
1 338.916 185.094 -31.937 0.5
1 333.785 9.709 -44.5899 0.5
1 336.104 10.7545 -53.5617 0.5
1 341.756 11.9996 67.9023 0.5
1 384.476 108.467 -24.1142 0.5
1 373.751 -32.5849 77.9991 0.5
1 371.964 10.5115 -97.4177 0.5
1 387.858 4.62055 99.9956 0.5
1 337.269 -6.71278 -4.56429 0.5
1 373.605 -46.2248 -64.4366 0.5
1 367.792 34.7599 99.8456 0.5
1 366.551 52.513 -99.4939 0.5
1 354.668 -34.2534 23.0756 0.5
1 357.613 -10.0674 73.3088 0.5
1 343.694 138.109 -82.8133 0.5
1 341.733 -11.6513 23.8954 0.5
1 387.225 13.8027 99.7443 0.5
1 339.767 -8.60958 -22.3705 0.5
1 358.515 139.34 -55.8423 0.5
1 355.404 19.3109 90.5372 0.5
1 388.371 -9.92954 98.9283 0.5
1 366.17 140.544 22.5721 0.5
1 344.472 137.934 -82.0066 0.5
1 335.477 190.178 34.4183 0.5
1 354.665 -29.7799 -37.1774 0.5
1 365.66 5.85727 92.4366 0.5
1 365.588 -54.865 14.1146 0.5
1 338.8 181.74 -41.0012 0.5
1 381.217 104.823 47.94 0.5
1 334.674 129.848 94.6839 0.5
1 359.439 -39.1816 -34.2138 0.5
1 360.377 -46.2514 10.8403 0.5
1 373.808 127.241 22.8889 0.5
1 370.839 -34.9635 71.4118 0.5
1 354.199 46.3909 -98.4623 0.5
1 387.526 39.1011 94.4102 0.5
1 357.835 128.952 70.025 0.5
1 339.531 93.3342 -99.9172 0.5
1 382.389 -67.5148 56.4443 0.5
1 362.091 144.609 32.942 0.5
1 347.302 78.5085 99.9635 0.5
1 382.819 -60.2378 66.6766 0.5
1 381.624 -68.0991 53.544 0.5
2 376.589 82.2432 6.73679 0.5
2 356.579 -23.449 95.7813 0.5
2 382.531 3.02645 -99.4719 0.5
2 371.052 -44.705 -98.4416 0.5
2 385.502 38.4148 91.4291 0.5
2 382.613 76.8935 54.2753 0.5
2 344.611 26.6349 9.46705 0.5
2 356.55 0.873875 84.7299 0.5
2 348.694 -8.06528 81.6181 0.5
2 375.879 23.1834 90.7794 0.5
2 385.069 -42.1736 91.9397 0.5
2 363.672 -30.6215 99.5684 0.5
2 357.94 28.1686 62.5801 0.5
2 371.957 62.3716 -47.6383 0.5
2 355.859 -3.21441 -86.4754 0.5
2 374.502 66.4769 -48.1923 0.5
2 381.212 33.19 -90.4199 0.5
2 342.588 -124.923 -87.4504 0.5
2 359.131 -19.8902 96.036 0.5
2 350.706 -147.9 -51.7963 0.5
2 356.818 -25.6454 96.5265 0.5
2 355.006 12.802 73.5856 0.5
2 354.411 20.0633 -64.9851 0.5
2 349.981 -139.083 65.6092 0.5
2 372.676 18.1633 90.5334 0.5
2 338.122 13.652 20.8226 0.5
2 387.739 96.6178 31.7222 0.5
2 360.098 53.6408 -7.29775 0.5
2 364.821 -125.722 47.8474 0.5
2 336.808 -71.783 -98.9213 0.5
2 338.247 -49.4458 93.8627 0.5
2 362.28 3.0147 89.1372 0.5
2 349.89 -77.3351 99.0761 0.5
2 361.017 -139.524 31.1572 0.5
2 378.346 66.1198 59.1842 0.5
2 336.687 -66.6045 97.972 0.5
2 358.094 -89.7253 -91.5807 0.5
2 386.968 -33.5238 -94.0528 0.5
2 363.27 -49.0428 99.6428 0.5
2 383.695 -102.688 -22.366 0.5
2 362.498 56.1879 19.2802 0.5
2 379.337 37.8802 -86.2246 0.5
2 358.635 35.4302 54.172 0.5
2 370.309 -108.65 -59.6737 0.5
2 384.987 25.4799 -95.8638 0.5
2 384.329 -81.6759 63.1303 0.5
2 356.344 -24.4579 95.9603 0.5
2 388.758 102.267 -15.9573 0.5
2 374.029 0.965488 -97.3359 0.5
2 388.039 23.4282 97.7431 0.5
2 335.182 -159.806 -70.8621 0.5
2 377.592 -25.3405 99.543 0.5
2 369.675 -95.5387 75.096 0.5
2 384.505 96.1644 1.8301 0.5
2 357.28 0.515797 85.7256 0.5
2 358.761 -90.5114 90.7046 0.5
2 348.384 24.8077 -41.0427 0.5
2 341.416 -11.1932 -74.0028 0.5
2 368.89 -109.895 61.2715 0.5
2 355.199 -125.295 -70.704 0.5
2 355.932 -2.6384 86.2124 0.5
2 354.906 -154.312 12.4175 0.5
2 353.831 4.24523 -79.0921 0.5
2 370.208 -74.3587 88.9067 0.5
2 378.7 36.4774 -86.3992 0.5
2 359.333 -143.079 -29.1337 0.5
2 356.689 -89.9893 92.5019 0.5
2 335.608 1.8768 42.7803 0.5
2 336.579 -94.4614 99.7083 0.5
2 385.769 87.0799 46.1614 0.5
2 376.957 -44.0329 -96.2461 0.5
2 352.52 -2.14117 82.1117 0.5
2 338.019 -104.031 -98.0412 0.5
2 368.827 -119.224 -47.0319 0.5
2 357.399 -8.83533 -90.7841 0.5
2 379.578 -92.1979 -60.2039 0.5
2 344.004 22.3958 26.7217 0.5
2 381.364 9.39435 98.2449 0.5
2 368.826 57.4022 46.7922 0.5
2 387.708 100.913 -12.7505 0.5
2 334.873 -3.80319 51.0624 0.5
2 342.321 -21.4 -83.1964 0.5
2 354.766 1.36744 82.375 0.5
2 380.741 -107.649 -23.0273 0.5
2 360.246 -96.4102 86.2686 0.5
2 350.053 35.6374 -13.1717 0.5
2 350.526 31.3752 -33.9874 0.5
2 345.405 13.8879 -51.9797 0.5
2 383.646 -40.2456 93.6973 0.5
2 388.571 99.7196 26.2416 0.5
2 342.677 -146.694 70.9924 0.5
2 333.556 -99.4489 99.727 0.5
2 361.637 -21.2941 97.52 0.5
2 370.717 -27.1559 -99.9985 0.5
2 369.756 -125.482 -27.595 0.5
2 335.956 -108.932 97.765 0.5
2 341.098 -40.9422 -92.4741 0.5
2 369.389 -82.8299 -84.9059 0.5
2 349.669 35.8447 -0.0246533 0.5
2 381.18 -2.50509 -99.7496 0.5
2 366.061 -125.14 44.8538 0.5
2 383.538 -4.52472 -99.9953 0.5
2 348.821 10.3484 -65.0238 0.5
2 370.015 36.6715 -75.4875 0.5
2 355.261 -36.1092 98.2999 0.5
2 364.227 -35.6436 -99.9457 0.5
2 348.267 -123.494 -82.2273 0.5
2 376.538 -84.7999 -74.0713 0.5
2 366.955 61.5167 -28.901 0.5
2 348.209 -117.476 86.1405 0.5
2 384.923 16.5185 -98.0579 0.5
2 335.759 -20.129 73.2097 0.5
2 387.251 -98.8005 7.22809 0.5
2 342.493 -90.4298 99.0369 0.5
2 369.057 -21.176 99.5573 0.5
2 336.559 -152.45 75.4877 0.5
2 381.593 -92.6569 -54.5742 0.5
2 348.103 11.3096 -62.3558 0.5
2 362.032 1.27774 -89.7899 0.5
2 338.32 -27.8969 -82.9061 0.5
2 372.315 -49.1898 -97.0131 0.5
2 340.006 -159.122 -62.291 0.5
2 335.88 10.849 -14.8679 0.5
2 377.924 32.3264 87.9751 0.5
2 355.564 -91.1245 92.8318 0.5
2 386.23 -75.7859 -66.1946 0.5
2 362.698 -12.5597 95.6937 0.5
2 367.931 -20.4174 -99.2643 0.5
2 363.682 15.1967 83.4632 0.5
2 338.378 -170.892 -48.9869 0.5
2 339.148 3.77995 -50.7595 0.5
2 379.012 -81.8839 72.8056 0.5
2 333.849 -183.166 -40.0947 0.5
2 363.442 54.6983 -31.2315 0.5
2 384.406 80.6698 -53.2227 0.5
2 343.24 10.7531 -50.9551 0.5
2 356.684 40.4902 38.0051 0.5
2 351.343 -160.323 -13.638 0.5
2 370.652 -25.343 -99.9695 0.5
2 368.914 55.7422 -50.0666 0.5
2 350.158 -149.293 51.0569 0.5
2 346.31 -0.465988 -71.8933 0.5
2 387.655 83.7151 57.1247 0.5
2 337.613 -94.3978 -99.561 0.5
2 365.547 -11.32 -96.7377 0.5
2 334.409 -109.897 98.1181 0.5
2 356.59 -136.019 -54.4881 0.5
2 361.573 -118.851 -65.7868 0.5
2 342.696 4.33317 -59.237 0.5
2 351.588 -132.876 69.3513 0.5
2 346.529 -69.3395 -99.9997 0.5
2 372.879 12.0252 93.3027 0.5
2 384.695 15.7672 98.1286 0.5
2 385.236 -94.429 39.4789 0.5
2 347.437 4.05916 -69.314 0.5
2 357.474 -147.192 -26.0254 0.5
2 341.629 -164.246 50.7497 0.5
2 344.587 15.1593 -47.2794 0.5
2 387.921 -97.8912 -1.45308 0.5
3 373.226 -111.662 98.1372 0.5
3 336.276 -33.0384 -80.4379 0.5
3 438.28 -0.415161 39.1097 0.5
3 338.903 -46.8716 -89.009 0.5
3 375.655 -170.358 62.6926 0.5
3 376.876 -40.492 -85.4421 0.5
3 382.86 -152.649 -79.8503 0.5
3 334.997 -191.036 16.7595 0.5
3 408.006 -161.026 -72.7833 0.5
3 352.776 -31.6411 -79.3868 0.5
3 347.041 -27.3176 -75.8799 0.5
3 417.443 -181.103 -46.267 0.5
3 382.565 -101.297 -99.6079 0.5
3 376.864 -144.647 85.2963 0.5
3 361.242 -187.811 30.1058 0.5
3 340.55 6.79161 12.2917 0.5
3 343.866 -122.559 95.3595 0.5
3 422.558 -168.276 -65.1956 0.5
3 355.37 -146.027 -84.4368 0.5
3 388.935 7.28732 7.24216 0.5
3 348.894 -41.2656 -85.9078 0.5
3 357.309 5.56899 -19.8056 0.5
3 337.449 6.73134 -12.7689 0.5
3 402.306 -25.261 -74.065 0.5
3 364.879 -179.216 -49.7155 0.5
3 386.768 -191.726 -12.0099 0.5
3 349.385 -192.436 -1.69268 0.5
3 353.943 -143.021 -86.2705 0.5
3 416.311 1.96083 32.9633 0.5
3 406.697 -181.671 -45.1622 0.5
3 358.4 -137.1 -89.4782 0.5
3 441.248 -103.854 -99.3476 0.5
3 378.942 -167.255 66.3644 0.5
3 388.22 -2.66019 -44.0201 0.5
3 393.888 -189.995 -22.0227 0.5
3 375.266 4.5185 24.4355 0.5
3 410.025 -187.653 30.601 0.5
3 369.748 -152.147 -80.2261 0.5
3 416.612 -2.40919 43.5044 0.5
3 440.461 -0.452688 -39.1979 0.5
3 337.256 -187.868 29.9233 0.5
3 393.507 -129.523 -92.8739 0.5
3 365.433 -159.313 -74.3598 0.5
3 394.479 1.79652 -33.4302 0.5
3 429.261 -90.8023 99.9864 0.5
3 359.32 -21.9544 70.925 0.5
3 416.428 -102.641 -99.4794 0.5
3 399.674 1.49755 34.2614 0.5
3 379.65 5.19869 -21.5573 0.5
3 414.976 -121.26 95.7599 0.5
3 344.032 -146.86 -83.9019 0.5
3 350.556 -140.71 87.5843 0.5
3 334.152 -174.316 57.4276 0.5
3 392.16 7.12293 -9.23111 0.5
3 360.597 -79.1677 -99.114 0.5
3 373.311 7.35247 -6.28087 0.5
3 392.609 4.87892 22.9579 0.5
3 352.336 -57.6403 -93.7458 0.5
3 427.254 -189.437 -24.3614 0.5
3 335.985 -0.205117 38.6117 0.5
3 420.48 3.59958 -27.8291 0.5
3 433.428 -64.0679 95.8877 0.5
3 336.171 -186.285 -34.568 0.5
3 419.39 -156.831 -76.5188 0.5
3 396.773 -184.577 38.8915 0.5
3 359.579 7.52077 2.41411 0.5
3 386.973 -178.544 50.8715 0.5
3 373.854 -181.919 44.6698 0.5
3 400.967 -175.903 55.0968 0.5
3 349.563 -166.051 67.6969 0.5
3 362.783 -18.0865 -66.8584 0.5
3 379.566 -189.876 -22.544 0.5
3 435.969 -190.934 -17.3452 0.5
3 381.249 -81.0871 99.3523 0.5
3 373.038 -170.383 -62.6615 0.5
3 340.227 -175.725 55.3645 0.5
3 354.904 -157.96 75.5539 0.5
3 380.635 -21.8744 70.8454 0.5
3 359.338 -8.92167 -54.9818 0.5
3 414.522 -130.714 -92.3896 0.5
3 443.724 -150.786 81.2217 0.5
3 394.584 -31.6008 79.356 0.5
3 367.664 -69.9366 97.4328 0.5
3 415.454 -6.73903 -51.5133 0.5
3 342.133 -192.197 -7.10738 0.5
3 408.431 -162.27 71.5899 0.5
3 426.533 -112.771 97.9136 0.5
3 395.223 7.4091 -5.30494 0.5
3 438.015 -136.176 89.9337 0.5
3 353.966 -149.53 -82.1093 0.5
3 418.785 -171.799 60.8584 0.5
3 356.44 -117.137 96.9048 0.5
3 349.764 -108.675 -98.6749 0.5
3 411.787 -94.8662 99.9708 0.5
3 348.794 -191.772 -11.6217 0.5
3 439.049 -154.678 -78.2792 0.5
3 437.06 -186.827 -33.0614 0.5
3 385.625 7.04799 -10.0066 0.5
3 408.435 -112.962 97.8737 0.5
3 433.461 -160.571 -73.2089 0.5
3 419.512 -190.764 -18.2886 0.5
3 372.86 -26.8568 -75.4819 0.5
3 413.295 -49.9222 90.5062 0.5
3 338.16 -56.7388 -93.4061 0.5
3 356.087 -2.41102 43.5082 0.5
3 410.53 -26.3825 -75.0671 0.5
3 376.593 -49.339 -90.2299 0.5
3 352.795 1.50104 -34.2518 0.5
3 356.899 -72.1378 97.9153 0.5
3 347.703 -161.392 72.4365 0.5
3 348.361 -184.375 -39.3666 0.5
3 417.064 6.97739 -10.6854 0.5
3 442.427 -189.343 24.7337 0.5
3 435.254 -182.813 42.8311 0.5
3 360.588 -4.3854 47.3773 0.5
3 420.791 -121.062 -95.8194 0.5
3 417.502 -5.9806 -50.2297 0.5
3 376.966 -108.445 -98.7125 0.5
3 404.436 -124.413 94.7544 0.5
3 357.272 -87.6223 99.8834 0.5
4 477.452 -62.7597 49.5501 0.5
4 468.956 -36.1716 15.8643 0.5
4 446.15 -149.486 84.1137 0.5
4 470.782 -132.335 99.8356 0.5
4 451.705 -182.491 -63.2381 0.5
4 490.959 -75.605 -22.6108 0.5
4 467.712 -39.9532 -37.2656 0.5
4 486.626 -114.681 86.1182 0.5
4 477.007 -112.195 93.0396 0.5
4 451.924 -184.319 61.4222 0.5
4 468.468 -61.5452 68.8587 0.5
4 456.822 -61.128 84.9487 0.5
4 499.114 -238.816 85.6137 0.5
4 462.235 -116.706 -99.7847 0.5
4 449.785 -152.265 -86.2742 0.5
4 454.109 -103.34 -99.8288 0.5
4 472.738 -70.7004 70.6651 0.5
4 480.36 -65.576 -45.4359 0.5
4 459.558 -85.9727 -94.5178 0.5
4 465.852 -117.539 99.2786 0.5
4 477.655 -243.228 -36.1046 0.5
4 468.022 -144.593 -99.3589 0.5
4 447.634 -27.1358 70.5828 0.5
4 472.238 -40.8738 7.5321 0.5
4 494.535 -160.448 98.2241 0.5
4 474.032 -94.1854 86.8822 0.5
4 474.069 -43.966 6.38709 0.5
4 493.571 -226.404 87.2483 0.5
4 478.668 -67.9563 54.6117 0.5
4 467.158 -80.7511 -85.9933 0.5
4 453.636 -206.602 -18.7262 0.5
4 487.318 -199.14 -94.5953 0.5
4 461.754 -28.6654 -34.7559 0.5
4 457.655 -183.256 -73.392 0.5
4 477.69 -148.796 99.9923 0.5
4 468.708 -204.616 -71.2774 0.5
4 494.085 -190.661 99.2492 0.5
4 497.683 -217.67 -94.395 0.5
4 445.566 -77.4348 98.5518 0.5
4 452.118 -173.1 73.9103 0.5
4 451.279 -30.3777 67.3598 0.5
4 487.415 -117.219 -86.7989 0.5
4 459.127 -80.7376 -92.846 0.5
4 496.915 -277.565 -33.4679 0.5
4 476.118 -107.731 -91.8343 0.5
4 461.269 -63.4799 -81.3824 0.5
4 456.46 -112.021 -99.9923 0.5
4 494.868 -227.376 -87.9502 0.5
4 488.349 -228.725 -79.8269 0.5
4 488.812 -194.227 96.8429 0.5
4 482.922 -61.8487 -23.3048 0.5
4 496.441 -180.094 -99.9708 0.5
4 476.468 -48.2102 7.66597 0.5
4 461.762 -161.085 92.2331 0.5
4 477.753 -131.681 -98.2812 0.5
4 444.539 -189.811 -23.5074 0.5
4 479.935 -190.28 -93.1561 0.5
4 465.619 -159.201 95.3702 0.5
4 499.112 -131.734 83.2497 0.5
4 465.264 -228.501 -1.38558 0.5
4 490.763 -105.858 74.4001 0.5
4 486.967 -161.152 -99.8774 0.5
4 462.981 -109.482 -98.8575 0.5
4 447.311 -8.69173 46.132 0.5
4 448.665 -164.549 -76.1737 0.5
4 481.712 -202.312 89.1442 0.5
4 476.018 -137.026 -99.4875 0.5
4 448.795 -2.80257 23.569 0.5
4 447.624 -195.282 22.9759 0.5
4 450.07 -169.027 -74.3855 0.5
4 470.046 -216.62 -60.23 0.5
4 496.63 -111.645 70.2249 0.5
4 446.062 -178.576 -55.2906 0.5
4 458.572 -119.704 -99.9612 0.5
4 488.699 -101.816 73.9775 0.5
4 450.71 -193.754 42.6437 0.5
4 485.159 -195.473 94.5706 0.5
4 482.241 -101.873 -82.8203 0.5
4 453.01 -13.1549 -33.7551 0.5
4 462.622 -90.3176 94.1804 0.5
4 450.544 -117.15 98.996 0.5
4 451.18 -193.186 45.4615 0.5
4 446.368 -195.449 -8.16589 0.5
4 447.005 -166.683 -71.6121 0.5
4 475.539 -246.24 -3.70468 0.5
4 452.113 -204.924 12.6837 0.5
4 482.931 -69.3324 44.043 0.5
4 473.325 -95.4282 88.2426 0.5
4 467.382 -85.9008 -88.6471 0.5
4 493.642 -109.307 72.9894 0.5
4 488.188 -68.8819 -11.5211 0.5
4 472.694 -221.026 60.4676 0.5
4 467.134 -102.435 95.6067 0.5
4 483.673 -135.993 -96.9765 0.5
4 444.515 -172.481 60.1228 0.5
4 492.932 -185.76 99.5641 0.5
4 493.169 -275.474 16.494 0.5
4 449.545 -34.1458 74.1104 0.5
4 474.156 -158.535 -98.925 0.5
4 477.07 -126.177 -97.3704 0.5
4 484.05 -61.1475 -4.43412 0.5
4 493.862 -142.049 -93.297 0.5
4 464.36 -66.1132 79.3698 0.5
4 445.147 -193.661 1.09289 0.5
4 465.328 -33.0159 29.3158 0.5
4 453.995 -9.89476 -13.4078 0.5
4 467.334 -32.6364 -10.3764 0.5
4 449.707 -190.941 44.8549 0.5
4 467.23 -47.0918 -52.9611 0.5
4 464.116 -202.128 65.4506 0.5
4 474.398 -210.264 75.1857 0.5
4 463.173 -30.0555 31.726 0.5
4 464.4 -154.18 96.2394 0.5
4 475.731 -235.299 -46.2571 0.5
4 453.446 -82.3131 96.6337 0.5
4 479.045 -207.507 83.4328 0.5
4 495.149 -279.871 -8.97153 0.5
4 455.742 -36.0303 65.0074 0.5
4 466.289 -230.213 3.80424 0.5
4 482.783 -244.934 -50.8931 0.5
4 480.906 -152.401 -99.9487 0.5
4 459.751 -211.189 38.6547 0.5
4 456.765 -16.4637 -22.9707 0.5
5 504.608 -80.8258 -5.12474 0.5
5 535.985 -30.0063 26.8058 0.5
5 532.831 -205.703 67.3789 0.5
5 508.553 -89.8827 54.2924 0.5
5 529.593 -127.641 99.5208 0.5
5 509.556 -163.237 -99.6043 0.5
5 533.352 -36.6396 33.3705 0.5
5 510.22 -196.921 96.5751 0.5
5 544.161 -165.733 -84.4559 0.5
5 542.486 -195.653 -59.2387 0.5
5 500.797 -88.4927 15.4304 0.5
5 509.232 -157.755 -98.8793 0.5
5 528.349 -58.543 -58.6017 0.5
5 539.411 -37.4885 55.8878 0.5
5 501.925 -97.2344 47.299 0.5
5 524.701 -132.075 -99.0408 0.5
5 526.708 -143.978 -99.9878 0.5
5 514.904 -142.495 -97.9044 0.5
5 509.619 -173.435 99.9899 0.5
5 525.585 -143.281 99.9942 0.5
5 512 -88.0699 -60.2376 0.5
5 535.459 -95.8326 -94.9336 0.5
5 541.866 -203.853 48.0643 0.5
5 552.603 -195.672 -19.3555 0.5
5 532.539 -42.1448 -43.2321 0.5
5 543.357 -180.323 -74.4665 0.5
5 537.694 -55.4703 -73.3986 0.5
5 524.361 -245.082 -16.6678 0.5
5 523.504 -49.509 17.5046 0.5
5 538.905 -112.058 99.5729 0.5
5 505.06 -177.643 -99.9743 0.5
5 541.275 -26.1121 41.3026 0.5
5 528.761 -236.462 -21.7619 0.5
5 507.917 -95.0882 -60.1665 0.5
5 541.988 -212.269 -26.8827 0.5
5 521.049 -103.729 87.4582 0.5
5 539.163 -21.6054 -12.3239 0.5
5 535.762 -137.335 -99.4364 0.5
5 531.269 -99.59 -93.7028 0.5
5 518.042 -240.848 55.142 0.5
5 537.539 -174.348 86.1985 0.5
5 504.832 -160.591 98.0374 0.5
5 523.033 -87.1924 -78.7838 0.5
5 538.487 -190.813 -72.5723 0.5
5 507.836 -75.2096 4.63102 0.5
5 543.59 -154.205 -91.1946 0.5
5 533.508 -34.9622 29.0918 0.5
5 507.019 -84.6631 -39.53 0.5
5 515.195 -227.908 -75.5184 0.5
5 507.412 -235.102 -80.5464 0.5
5 519.275 -130.302 96.8278 0.5
5 519.801 -247.197 37.2112 0.5
5 527.909 -46.6938 -35.0889 0.5
5 524.599 -245.011 -14.505 0.5
5 546.448 -27.1369 58.5202 0.5
5 518.685 -219.661 77.3743 0.5
5 513.675 -245.136 59.8031 0.5
5 525.571 -198.07 84.3681 0.5
5 541.447 -216.886 0.386046 0.5
5 538.134 -139.467 -98.5717 0.5
5 538.597 -213.185 -40.6578 0.5
5 516.939 -251.218 -39.4663 0.5
5 528.577 -218.599 -60.7634 0.5
5 514.38 -148.333 98.8016 0.5
5 533.587 -68.8974 -78.7725 0.5
5 510.695 -73.7826 26.7033 0.5
5 552.658 -76.7672 97.8338 0.5
5 517.909 -120.783 -92.9539 0.5
5 539.507 -54.9001 -75.6961 0.5
5 542.661 -89.1981 -96.6715 0.5
5 545.861 -200.769 -40.2837 0.5
5 555.458 -187.234 -32.3735 0.5
5 536.852 -48.1526 -64.1732 0.5
5 536.171 -30.6768 30.1432 0.5
5 552.575 -24.2975 -68.0076 0.5
5 522.899 -122.324 -96.3728 0.5
5 551.022 -113.04 99.1853 0.5
5 545.904 -152.042 90.3429 0.5
5 534.617 -28.7248 1.23276 0.5
5 548.769 -4.37084 -5.75165 0.5
5 519.863 -238.689 53.6082 0.5
5 554.799 -166.431 -68.6945 0.5
5 543.202 -203.425 -44.4492 0.5
5 509.331 -216.073 90.0139 0.5
5 532.093 -91.5398 -90.9602 0.5
5 520.876 -248.069 -29.4952 0.5
5 502.275 -87.5602 23.6035 0.5
5 504.425 -92.2597 46.08 0.5
5 525.112 -131.935 99.1189 0.5
5 527.816 -133.315 -99.7418 0.5
5 531.465 -95.8619 92.3686 0.5
5 522.084 -112.781 -92.6443 0.5
5 528.215 -145.579 -99.8332 0.5
5 555.31 -20.1358 68.6223 0.5
5 524.593 -205.235 80.6262 0.5
5 531.052 -191.029 82.7561 0.5
5 516.541 -63.0682 24.4815 0.5
5 532.314 -196.824 -76.7389 0.5
5 540.189 -68.0057 -85.9815 0.5
5 504.817 -107.774 68.8147 0.5
5 505.44 -266.519 -48.8317 0.5
5 552.011 -39.0541 80.346 0.5
5 500.583 -174.384 99.114 0.5
5 508.565 -109.678 76.702 0.5
5 528.932 -39.4398 -13.2158 0.5
5 524.411 -46.6858 -7.62489 0.5
5 502.172 -205.094 97.9426 0.5
5 527.809 -46.0172 32.7345 0.5
5 500.124 -284.624 -27.4365 0.5
5 531.916 -186.779 -84.5583 0.5
5 517.612 -219.684 -78.8416 0.5
5 503.74 -277.898 29.0076 0.5
5 529.038 -229.441 -41.3269 0.5
5 511.401 -260.565 40.0335 0.5
5 549.229 -60.399 90.2788 0.5
5 554.566 -90.0792 99.9165 0.5
5 526.314 -93.7889 86.9978 0.5
5 549.095 -64.7808 92.1409 0.5
5 500.186 -94.9277 35.6604 0.5
5 525.018 -47.3415 19.8958 0.5
5 540.375 -173.406 -83.7377 0.5
5 521.763 -241.055 -43.4351 0.5
5 520.25 -125.057 95.8398 0.5
5 527.142 -147.668 99.8196 0.5
5 541.116 -58.1183 -80.4895 0.5
5 540.856 -120.799 99.9583 0.5
5 502.548 -85.0732 12.7124 0.5
5 517.086 -159.711 -99.998 0.5
5 503.027 -206.928 97.2004 0.5
5 541.192 -35.4922 -57.4694 0.5
5 527.684 -239.967 -12.2865 0.5
5 525.399 -204.18 80.3748 0.5
5 523.871 -107.385 -91.676 0.5
5 511.891 -157.355 -99.4233 0.5
5 516.885 -61.6919 -21.15 0.5
5 543.689 -127.591 -98.9302 0.5
5 543.975 -203.056 42.4394 0.5
5 542.172 -15.6316 -0.401629 0.5
5 508.527 -254.606 59.0541 0.5
5 501.747 -285.349 -7.73729 0.5
5 552.964 -192.098 -30.7332 0.5
5 520.483 -54.0543 -13.0666 0.5
5 504.352 -88.0378 36.5037 0.5
5 512.876 -254.668 -46.9481 0.5
6 583.761 -168.541 -64.8858 0.5
6 643.145 -112.977 -97.8705 0.5
6 582.853 -14.1205 -62.165 0.5
6 579.78 -46.6916 -88.9166 0.5
6 646.167 -191.088 16.4514 0.5
6 631.632 -125.705 94.3086 0.5
6 612.127 4.20096 25.6627 0.5
6 581.628 -149.53 82.1087 0.5
6 645.081 -94.7262 -99.9741 0.5
6 646.013 -177.048 -53.3214 0.5
6 648.911 -80.2547 -99.2536 0.5
6 652.919 -27.0878 75.6821 0.5
6 633.019 -134.464 90.7462 0.5
6 595.453 -142.441 86.608 0.5
6 627.07 -51.1569 -91.0762 0.5
6 610.723 -128.868 -93.1329 0.5
6 585.863 5.40955 -20.5789 0.5
6 583.898 -131.039 92.2546 0.5
6 606.946 -26.94 75.5541 0.5
6 624.348 -176.154 -54.7138 0.5
6 616.238 -111.638 -98.1419 0.5
6 573.153 -104.411 -99.2821 0.5
6 612.772 -132.746 -91.5217 0.5
6 593.12 -106.181 99.0528 0.5
6 652.558 3.96515 26.5349 0.5
6 556.017 -110.046 98.4397 0.5
6 648.237 4.60672 24.0827 0.5
6 566.981 -4.36579 47.3409 0.5
6 650.768 -174.327 -57.4121 0.5
6 574.459 -146.655 -84.035 0.5
6 602.391 -55.9194 -93.0887 0.5
6 606.545 -191.358 -14.7405 0.5
6 645.567 -96.9234 -99.8999 0.5
6 633.02 -170.175 62.9187 0.5
6 626.964 -92.314 -99.9999 0.5
6 659.782 -192.45 0.133363 0.5
6 581.487 -191.75 11.8164 0.5
6 659.719 -82.032 99.4558 0.5
6 634.944 7.177 -8.62805 0.5
6 616.873 -191.609 -12.9414 0.5
6 659.276 -80.8732 -99.3276 0.5
6 638.039 -22.3751 71.3407 0.5
6 612.626 -161.631 72.2077 0.5
6 595.485 -14.439 62.5641 0.5
6 588.959 6.57999 -13.894 0.5
6 608.043 -62.2131 -95.3191 0.5
6 614.875 -171.683 61.009 0.5
6 556.412 -177.386 52.7822 0.5
6 579.887 -20.3375 -69.2804 0.5
6 603.91 -75.2808 -98.515 0.5
6 578.165 -37.1628 83.3266 0.5
6 565.79 5.51823 20.0551 0.5
6 656.93 -12.6976 60.3286 0.5
6 594.16 -49.6544 -90.3799 0.5
6 586.909 -192.44 -1.41035 0.5
6 605.083 -58.5489 -94.0782 0.5
6 587.076 -166.336 67.3855 0.5
6 636.204 -113.718 -97.7123 0.5
6 582.368 -75.0991 98.4832 0.5
6 645.645 -32.1792 79.7961 0.5
6 655.522 -191.669 12.4764 0.5
6 612.292 -35.6393 -82.2954 0.5
6 642.373 -183.77 40.7508 0.5
6 557.828 -10.2508 56.9498 0.5
6 652.15 5.46972 -20.2907 0.5
6 565.441 -110.197 98.4127 0.5
6 573.73 -190.607 -19.1096 0.5
6 569.716 -22.3616 71.3275 0.5
6 657.87 -27.2787 75.8465 0.5
6 654.71 -52.2101 91.5464 0.5
6 608.637 -84.9623 99.7193 0.5
6 640.246 -157.297 -76.1237 0.5
6 557.009 -13.2569 61.0609 0.5
6 575.546 -28.0884 -76.5348 0.5
6 592.305 -5.30026 49.0399 0.5
6 647.927 -114.507 97.5372 0.5
6 580.875 -94.9512 99.9687 0.5
6 655.415 -56.5526 -93.3347 0.5
6 646.537 -67.0457 -96.7193 0.5
6 642.28 -155.833 -77.3475 0.5
6 645.159 -161.148 72.6673 0.5
6 650.494 -5.71594 -49.7713 0.5
6 621.299 -15.3886 -63.7301 0.5
6 631.446 -187.601 30.762 0.5
6 593.857 -66.6494 -96.6143 0.5
6 559.907 -81.6237 -99.4122 0.5
6 623.558 -192.418 -2.5495 0.5
6 620.845 -62.2852 -95.3419 0.5
6 618.958 -41.3931 -85.9836 0.5
6 638.491 -84.9997 -99.7221 0.5
6 593.204 -180.569 -47.2759 0.5
6 641.43 -15.2113 -63.5152 0.5
6 647.522 -0.671357 -39.7072 0.5
6 609.522 5.26502 21.2546 0.5
6 647.854 -6.48786 -51.093 0.5
6 614.47 -177.431 52.7086 0.5
6 568.756 -172.978 59.2902 0.5
6 664.264 -130.107 -92.6387 0.5
6 604.105 -152.455 79.996 0.5
6 660.527 -54.9779 -92.7137 0.5
6 637.11 -100.652 -99.6631 0.5
6 566.667 -181.509 45.4804 0.5
6 627.768 7.52795 -2.09549 0.5
6 569.66 -191.394 -14.4945 0.5
6 590.937 -187.799 30.1424 0.5
6 636.379 -89.3893 99.9531 0.5
6 646.471 -30.1956 78.2584 0.5
6 573.373 -183.278 -41.8363 0.5
6 610.372 -162.305 71.5561 0.5
6 624.048 -188.859 26.5578 0.5
6 662.017 -192.45 -0.0551722 0.5
6 579.481 -99.3868 -99.7591 0.5
6 577.063 -14.1053 -62.1458 0.5
6 582.297 0.52302 36.8239 0.5
6 660.737 -70.1713 97.4867 0.5
6 641.914 -170.74 62.2154 0.5
6 642.557 -14.593 62.7556 0.5
6 627.143 1.01595 35.5542 0.5
6 662.202 -183.321 41.744 0.5
7 655.006 -50.6114 -97.6299 0.5
7 611.17 -62.4456 -75.0224 0.5
7 647.621 3.6751 77.5481 0.5
7 644.368 18.3918 -69.1684 0.5
7 639.785 -144.073 -18.9723 0.5
7 631.326 -121.875 42.2486 0.5
7 618.493 2.40701 99.346 0.5
7 654.61 -168.07 26.214 0.5
7 639.043 -63.9682 98.1072 0.5
7 645.67 34.646 -42.0519 0.5
7 627.593 -94.5086 -71.6728 0.5
7 652.474 -166.436 -16.8588 0.5
7 652.969 -133.001 76.6075 0.5
7 625.002 77.7104 19.9243 0.5
7 629.155 -40.0918 99.2013 0.5
7 630.815 -95.6977 -75.6973 0.5
7 624.374 -117.43 18.7177 0.5
7 660.326 -171.053 -44.4362 0.5
7 649.112 -72.6241 -99.4388 0.5
7 615.703 53.1138 81.9608 0.5
7 645.453 -155.24 -9.66104 0.5
7 657.258 -40.2539 93.3337 0.5
7 623.934 -118.393 -2.91029 0.5
7 616.433 -90.5116 52.568 0.5
7 612.593 -85.777 49.3313 0.5
7 646.38 -88.4547 95.027 0.5
7 615.998 42.2504 -88.2983 0.5
7 655.01 27.4865 7.10463 0.5
7 666.243 -82.6272 -99.5861 0.5
7 636.335 -125.015 -52.5161 0.5
7 628.665 -124.445 -20.7864 0.5
7 658.225 -175.438 21.7351 0.5
7 645.802 11.2732 73.7038 0.5
7 646.136 -156.571 -7.96997 0.5
7 658.009 -29.2145 87.5947 0.5
7 637.509 57.2652 12.5246 0.5
7 643.472 -26.8339 96.7093 0.5
7 642.686 -111.953 79.2106 0.5
7 611.465 -65.8646 -72.356 0.5
7 664.232 -152.963 76.2241 0.5
7 643.659 -56.9694 -99.9045 0.5
7 647.193 39.3456 19.5696 0.5
7 642.223 39.0598 -45.2579 0.5
7 635.304 43.5262 57.7288 0.5
7 617.854 42.8131 -86.1841 0.5
7 622.707 49.4214 -75.3623 0.5
7 655.737 -73.7704 -99.9997 0.5
7 645.219 -138.168 55.9736 0.5
7 618.052 76.1718 -53.6038 0.5
7 639.1 54.8227 9.71982 0.5
7 611.724 73.5575 -70.5765 0.5
7 631.033 -127.516 -25.1492 0.5
7 664.337 9.91945 -18.1707 0.5
7 654.951 10.8434 -55.7734 0.5
7 663.347 -172.209 51.8497 0.5
7 636.405 -46.9214 -99.7626 0.5
7 613.832 54.1936 -83.43 0.5
7 634.38 -103.705 -74.0756 0.5
7 660.416 -21.2295 79.7026 0.5
7 642.313 9.51074 80.1655 0.5
7 618.831 24.9548 93.8415 0.5
7 646.649 32.229 43.573 0.5
7 654.097 -165.002 -33.2145 0.5
7 665.322 -125.119 -93.6756 0.5
7 643.323 47.8028 -5.98686 0.5
7 630.469 58.359 -47.2875 0.5
7 613.413 -85.947 -51.4723 0.5
7 642.138 -149.557 -9.01793 0.5
7 657.466 -174.355 -20.6699 0.5
7 616.319 -53.0665 -87.8241 0.5
7 612.631 -61.5061 -77.9437 0.5
7 633.808 60.3282 28.4548 0.5
7 615.116 20.0532 97.2678 0.5
7 635.662 -62.6645 -97.0979 0.5
7 629.119 64.44 -39.5282 0.5
7 639.249 -93.5442 -87.4053 0.5
7 623.53 -88.5796 70.5765 0.5
7 633.756 21.081 82.4902 0.5
7 638.047 9.11169 85.4226 0.5
7 619.971 82.637 33.5388 0.5
7 618.563 2.67338 -99.3007 0.5
7 641.799 -99.1044 86.7595 0.5
7 662.443 -179.461 -33.202 0.5
7 627.629 -120.621 -28.7235 0.5
7 637.046 6.53036 -87.9031 0.5
7 661.023 -160.112 -63.2733 0.5
7 616.858 51.5092 -81.6831 0.5
7 656.315 19.2589 -34.719 0.5
7 642.718 0.527728 85.7204 0.5
7 653.753 -45.5682 96.9484 0.5
7 620.423 87.6185 2.36387 0.5
7 640.935 -94.0981 -88.6789 0.5
7 645.739 35.1966 -40.575 0.5
7 621.454 -112.881 15.8161 0.5
7 629.067 -79.2617 -85.455 0.5
7 635.919 -134.892 29.0147 0.5
7 664.036 -83.1298 99.8864 0.5
7 633.31 39.7117 66.8325 0.5
7 650.21 -145.388 -58.027 0.5
7 613.277 80.9267 -58.7767 0.5
7 646.993 15.8856 -66.9732 0.5
7 651.545 17.53 54.5852 0.5
7 613.873 72.4013 67.9044 0.5
7 618.226 -20.642 99.2661 0.5
7 646.942 -158.187 -4.45584 0.5
7 659.631 3.48643 54.6419 0.5
7 611.171 98.9356 -30.4083 0.5
7 647.215 -99.5082 -91.3204 0.5
7 625.087 41.0676 78.8532 0.5
7 664.029 11.9568 -5.67237 0.5
7 664.901 -176.342 49.3917 0.5
7 619.447 8.20509 98.2039 0.5
7 636.901 57.98 -14.9572 0.5
7 637.971 57.2028 -3.15227 0.5
7 663.16 -163.485 -63.6721 0.5
7 626.378 -106.448 -54.5973 0.5
7 622.839 -109.773 36.158 0.5
7 655.212 8.61402 -58.3324 0.5
7 642.036 -116.445 74.5451 0.5
7 642.156 35.1971 -52.3646 0.5
7 660.886 -175.389 -36.8782 0.5
7 656.356 6.52076 -58.4882 0.5
7 636.871 -140.256 10.8059 0.5
7 654.193 -29.7485 -91.1653 0.5
7 641.377 36.3335 -52.7102 0.5
7 652.335 -164.322 -25.4975 0.5
7 645.893 10.1678 74.5619 0.5
7 651.863 19.1012 -51.1802 0.5
7 666.398 -177.28 -52.2003 0.5
7 654.156 -107.4 -93.0541 0.5
7 664.1 -174.897 49.4943 0.5
7 650.015 35.6108 12.4756 0.5
7 615.166 -18.0709 -98.8954 0.5
7 661.127 -30.0778 -84.9385 0.5
7 616.605 83.9275 44.268 0.5
8 629.225 76.7135 -90.9529 0.5
8 647.395 21.97 -89.478 0.5
8 633.867 -16.065 80.5542 0.5
8 666.274 195.241 28.2674 0.5
8 652.38 66.3646 -99.6041 0.5
8 650.15 40.3058 -95.0455 0.5
8 660.07 70.7953 -98.4067 0.5
8 660.433 158.269 -72.3176 0.5
8 650.294 95.1931 97.1872 0.5
8 617.47 112.252 -22.3835 0.5
8 638.81 -36.388 -47.2383 0.5
8 625.077 -71.7366 -7.73172 0.5
8 632.959 125.109 -55.0365 0.5
8 613.195 28.5811 -97.7278 0.5
8 628.171 -51.179 -53.472 0.5
8 640.826 -20.1244 65.7249 0.5
8 653.594 88.0356 99.4282 0.5
8 649.983 139.466 -72.9831 0.5
8 623.736 -26.0411 -85.6093 0.5
8 663.104 184.857 -41.3982 0.5
8 621.007 -22.8552 89.9115 0.5
8 663.562 136.532 90.7943 0.5
8 621.053 -40.7323 -78.6746 0.5
8 626.977 118.799 48.3327 0.5
8 632.937 -27.5725 72.2362 0.5
8 625.417 73.6598 -89.2493 0.5
8 649.914 168.193 -23.4582 0.5
8 640.507 153.288 16.6882 0.5
8 635.831 39.5281 99.7503 0.5
8 643.106 -9.45394 -72.7172 0.5
8 612.758 -92.2599 14.8786 0.5
8 646.061 -25.1352 44.7156 0.5
8 642.032 78.2949 -97.7782 0.5
8 626.938 -57.9545 -45.316 0.5
8 619.734 118.708 0.615018 0.5
8 633.693 3.19639 -91.7854 0.5
8 644.791 102.295 -91.5703 0.5
8 646.011 -35.4918 -7.54648 0.5
8 657.128 105.86 97.4631 0.5
8 619.555 -53.1593 69.8517 0.5
8 650.745 33.7479 -92.2188 0.5
8 649.347 152.435 -56.6102 0.5
8 624.88 92.8997 -75.7555 0.5
8 641.28 154.762 15.867 0.5
8 621.523 -51.0576 -68.4867 0.5
8 661.32 181.651 41.6516 0.5
8 642.034 20.1451 -92.8273 0.5
8 638.861 -3.47292 -83.3106 0.5
8 621.825 68.3807 -88.7669 0.5
8 662.453 188.223 -29.5897 0.5
8 624.289 -71.3291 -20.2447 0.5
8 655.627 18.1068 77.8444 0.5
8 613.07 -37.1452 -89.6456 0.5
8 635.924 7.7959 -92.1002 0.5
8 635.186 101.102 83.0998 0.5
8 643.156 147.321 -47.4188 0.5
8 656.232 86.475 -99.8965 0.5
8 646.299 22.3457 90.5771 0.5
8 638.019 73.1267 -97.3789 0.5
8 635.827 16.4564 95.3538 0.5
8 659.155 182.379 30.0158 0.5
8 627.248 -53.2027 -52.7957 0.5
8 615.284 -64.7692 -65.259 0.5
8 666.085 115.15 -98.686 0.5
8 638.318 53.843 99.9567 0.5
8 653.317 18.5635 -81.2368 0.5
8 620.035 -79.2117 17.5778 0.5
8 665.269 156.062 -81.1151 0.5
8 643.895 -8.6046 -72.2252 0.5
8 616.25 62.6578 86.613 0.5
8 655.171 153.743 67.6396 0.5
8 659.285 13.5499 -67.6284 0.5
8 641.289 90.8016 -93.7655 0.5
8 644.769 160.501 -17.6599 0.5
8 649.045 -28.2289 -21.2886 0.5
8 646.826 159.444 34.6388 0.5
8 654.858 160.238 59.0684 0.5
8 649.904 60.1563 -99.4139 0.5
8 620.102 -65.5913 -52.7773 0.5
8 650.833 -24.2492 -24.9991 0.5
8 648.794 -24.8087 34.5217 0.5
8 644.653 142.966 58.5122 0.5
8 641.364 -29.0914 -52.247 0.5
8 615.594 -55.345 -74.3396 0.5
8 639.939 116.545 -77.7893 0.5
8 666.365 166.061 74.61 0.5
8 617.215 87.9079 -67.7402 0.5
8 654.823 78.1358 -99.9909 0.5
8 622.726 -8.25701 -94.6909 0.5
8 631.273 40.2741 99.9876 0.5
8 663.723 31.4383 -77.2819 0.5
8 652.111 42.9252 94.7878 0.5
8 651.111 131.282 -81.3003 0.5
8 664.608 7.58311 45.885 0.5
8 640.033 65.2795 -99.3469 0.5
8 618.852 101.588 53.6252 0.5
8 631.845 -37.1992 -63.9409 0.5
8 657.56 120.719 -93.1038 0.5
8 648.486 -9.60084 62.4398 0.5
8 648.566 21.3985 88.1334 0.5
8 629.62 -5.51716 -91.0499 0.5
8 649.077 -29.6561 -12.7011 0.5
8 631.165 43.0656 99.8962 0.5
8 655.855 81.4682 99.9998 0.5
8 663.366 107.316 -99.1471 0.5
8 662.467 -7.12732 -5.4086 0.5
8 651.755 -25.8152 -1.57993 0.5
8 618.611 111.376 -32.386 0.5
8 619.203 -75.013 37.2499 0.5
8 663.492 191.688 -23.5573 0.5
8 650.23 162.731 -41.0188 0.5
8 663.858 -4.24767 11.0969 0.5
8 663.551 69.2746 96.7392 0.5
8 628.14 91.9793 -80.9516 0.5
8 653.859 174.615 25.0986 0.5
8 659.089 63.068 -97.1248 0.5
8 640.724 83.8566 95.7658 0.5
8 635.555 1.59768 -89.5457 0.5
8 661.788 21.2327 71.1029 0.5
8 662.018 5.51401 50.2889 0.5
8 617.238 -45.2254 80.2891 0.5
8 643.393 127.216 -73.7579 0.5
8 634.313 47.0981 -99.9508 0.5
8 636.353 144.516 -24.2297 0.5
8 664.233 128.156 -94.6156 0.5
8 657.07 183.349 2.42843 0.5
8 636.146 96.0955 87.1958 0.5
8 624.424 -26.3738 -84.6693 0.5
8 620.956 28.097 -99.7353 0.5
8 615.443 109.164 -20.4585 0.5
8 626.452 118.133 -47.8886 0.5
8 665.388 157.203 -80.4328 0.5
8 611.122 34.5424 -95.1551 0.5
8 647.091 -31.8261 -20.2903 0.5
8 659.77 107.237 98.143 0.5
8 640.498 154.665 -1.3569 0.5
8 626.293 24.563 -99.8482 0.5
8 624.816 127.363 5.47348 0.5
8 640.645 29.2542 96.6477 0.5
8 629.138 52.0976 98.5272 0.5
8 616.23 -51.0713 -77.0768 0.5
8 662.405 -0.600748 -36.1982 0.5
8 664.511 196.265 -0.345971 0.5
8 628.509 15.1917 -98.2328 0.5
8 662.598 189.143 27.3409 0.5
8 632.1 -34.6541 66.3898 0.5
8 661.309 110.019 98.1203 0.5
8 632.706 112.28 70.3176 0.5
8 649.982 76.8685 -99.8335 0.5
8 650.046 78.805 -99.7114 0.5
8 664.348 133.21 -92.8131 0.5
8 644.875 1.6369 -79.5323 0.5
8 613.299 75.8869 73.0211 0.5
8 662.782 193.194 -3.94886 0.5
8 618.85 63.9406 -88.3931 0.5
8 626.381 85.2801 83.4785 0.5
8 635.6 69.9393 97.1393 0.5
8 647.89 117.907 -86.3538 0.5
8 634.056 -45.8405 -44.8936 0.5
8 663.256 19.4839 66.5845 0.5
9 776.657 5.22805 31.9105 0.5
9 779.459 181.185 58.3862 0.5
9 690.079 22.5814 63.2958 0.5
9 735.21 51.9611 87.7056 0.5
9 978.699 34.7656 -75.7923 0.5
9 918.824 184.145 -54.0332 0.5
9 987.965 40.4956 80.3693 0.5
9 895.927 103.765 99.9291 0.5
9 716.714 1.11198 -14.8715 0.5
9 882.655 199.734 -7.29156 0.5
9 872.571 76.7411 -97.2575 0.5
9 933.877 60.2369 91.7545 0.5
9 923.921 24.8992 -66.0293 0.5
9 814.011 195.864 28.4637 0.5
9 864.772 82.8334 98.5155 0.5
9 880.944 186.678 49.8685 0.5
9 824.767 88.8002 -99.3708 0.5
9 952.403 47.6374 -85.1948 0.5
9 948.932 96.8766 99.9512 0.5
9 847.322 184.541 53.4112 0.5
9 943.823 199.215 -12.5029 0.5
9 935.047 141.427 91.0153 0.5
9 727.265 154.253 -84.0034 0.5
9 970 41.4026 81.033 0.5
9 921.506 159.099 -80.6676 0.5
9 922.482 9.42511 42.3815 0.5
9 827.572 9.37057 42.2647 0.5
9 673.845 3.78988 -27.2693 0.5
9 970.786 0.567113 -10.6349 0.5
9 946.4 174.299 -66.9301 0.5
9 965.253 0.281425 -7.49705 0.5
9 797.374 59.0381 -91.2257 0.5
9 827.31 6.11519 34.4332 0.5
9 830.457 17.4368 -56.4209 0.5
9 980.542 123.192 97.2736 0.5
9 882.581 83.4821 -98.6264 0.5
9 676.431 39.7016 79.7753 0.5
9 876.255 1.76076 18.6829 0.5
9 887.718 89.3367 99.4298 0.5
9 933.835 40.6803 80.5057 0.5
9 902.58 44.2019 -82.9854 0.5
9 758.337 60.4128 -91.8306 0.5
9 706.397 4.90738 30.9418 0.5
9 974.316 199.954 3.03863 0.5
9 704.414 113.174 -99.1284 0.5
9 880.545 194.18 33.6177 0.5
9 922.747 26.3333 -67.6256 0.5
9 899.674 197.16 -23.6628 0.5
9 783.416 62.8437 -92.8408 0.5
9 833.046 103.467 99.9399 0.5
9 912.881 42.1741 -81.5853 0.5
9 868.475 46.8206 -84.6873 0.5
9 825.97 181.957 57.2986 0.5
9 843.838 177.798 -62.8284 0.5
9 827.044 163.968 76.8639 0.5
9 699.714 112.531 -99.2118 0.5
9 939.429 19.4265 59.2276 0.5
9 750.039 45.247 83.6786 0.5
9 810.821 45.3566 83.7502 0.5
9 680.578 198.924 -14.6335 0.5
9 997.354 61.8201 -92.4245 0.5
9 907.08 14.3624 -51.6353 0.5
9 666.732 170.603 70.8185 0.5
9 766.37 105.784 99.8326 0.5
9 970.485 40.3644 -80.272 0.5
9 887.043 4.99634 -31.2138 0.5
9 788.267 179.837 60.2165 0.5
9 746.013 18.9801 58.6155 0.5
9 896.271 117.429 98.4695 0.5
9 819.224 15.9282 -54.1473 0.5
9 714.128 79.1524 97.8028 0.5
9 768.872 72.9191 96.2633 0.5
9 716.815 189.387 -44.8318 0.5
9 938.93 16.8652 -55.5753 0.5
9 956.734 123.916 -97.0981 0.5
9 872.69 178.878 61.4682 0.5
9 947.233 199.978 2.09045 0.5
9 800.431 50.2238 -86.7314 0.5
9 856.268 9.15033 41.7892 0.5
9 974.591 0.520768 -10.1923 0.5
9 849.876 10.209 -44.018 0.5
9 803.779 100.445 99.999 0.5
9 668.923 143.361 -90.11 0.5
9 785.517 47.3097 84.9925 0.5
9 679.385 199.813 -6.1169 0.5
9 673.887 197.219 23.42 0.5
9 669.13 62.1429 -92.5572 0.5
9 713.034 195.815 28.6275 0.5
9 809.528 136.156 -93.235 0.5
9 920.577 193.689 -34.9623 0.5
9 786.24 9.78982 43.1523 0.5
9 681.421 198.607 16.6339 0.5
9 987.657 9.54885 -42.6449 0.5
9 738.791 0.121013 4.91812 0.5
9 722.758 199.967 -2.56773 0.5
9 970.876 153.645 84.3933 0.5
9 730.192 191.339 40.7096 0.5
9 838.902 65.9497 94.0243 0.5
9 965.607 11.6079 -46.7637 0.5
9 890.102 199.127 13.1881 0.5
9 838.775 143.114 -90.2284 0.5
9 967.109 164.815 -76.1516 0.5
9 816.841 0.982252 -13.9816 0.5
9 812.718 50.9215 -87.128 0.5
9 879.55 140.262 91.5368 0.5
9 729.47 44.9067 83.4549 0.5
9 914.222 46.585 -84.539 0.5
9 785.857 22.7667 63.5217 0.5
9 765.62 66.3665 94.1742 0.5
9 795.219 155.625 83.1012 0.5
9 840.618 185.425 51.9864 0.5
9 891.206 92.4256 99.7127 0.5
9 921.989 199.894 4.59337 0.5
9 669.524 127.675 -96.0941 0.5
9 673.667 97.421 -99.9667 0.5
9 958.758 5.76131 33.4525 0.5
9 847.429 169.216 -72.1747 0.5
9 758.139 199.887 -4.75361 0.5
9 940.453 149.042 87.1488 0.5
9 910.195 1.4145 -16.76 0.5
9 787.504 33.3025 -74.5081 0.5
9 757.986 17.1153 55.9476 0.5
9 720.486 194.622 32.3521 0.5
9 945.64 153.776 -84.3095 0.5
9 784.429 11.4949 -46.5494 0.5
9 893.914 185.757 51.4363 0.5
9 700.633 146.708 88.4216 0.5
9 727.681 23.8141 -64.7743 0.5
9 990.586 115.264 -98.8282 0.5
9 940.659 175.928 65.0766 0.5
9 814.094 161.851 78.5774 0.5
9 848.885 173.595 -67.7036 0.5
9 720.661 198.172 -19.0306 0.5
9 861.449 45.3053 -83.7167 0.5
