0 206.121 110.482 99.4491 0.5
0 109.777 43.1557 82.2723 0.5
0 197.21 27.9829 -69.3796 0.5
0 74.5308 0.270942 7.35629 0.5
0 150.153 156.89 -82.2405 0.5
0 246.259 167.421 -73.8535 0.5
0 182.691 60.9665 92.0673 0.5
0 65.2967 26.392 67.6895 0.5
0 66.2643 27.4474 -68.8195 0.5
0 100.877 121.195 -97.7281 0.5
0 91.0272 65.7853 93.9646 0.5
0 252.337 116.155 98.6865 0.5
0 217.147 172.402 68.9781 0.5
0 84.6264 133.349 -94.2754 0.5
0 306.184 22.4123 -63.0885 0.5
0 26.6199 192.435 38.1556 0.5
0 1.74935 194.298 33.2848 0.5
0 69.2068 145.235 89.1843 0.5
0 48.6249 118.018 -98.3634 0.5
0 330.919 165.215 -75.809 0.5
0 28.6937 199.274 12.0246 0.5
0 69.3681 10.9821 -45.5611 0.5
0 279.016 148.163 87.6376 0.5
0 49.6861 0.0343726 2.62171 0.5
0 239.988 122.607 -97.4111 0.5
0 231.193 62.3552 -92.6438 0.5
0 288.558 71.4426 95.8357 0.5
0 291.571 54.426 -89.0113 0.5
0 31.881 194.334 33.1838 0.5
0 159.954 67.2427 94.4826 0.5
0 97.4325 155.509 -83.1787 0.5
0 254.224 192.011 39.1666 0.5
0 91.4108 27.634 69.0157 0.5
0 41.3693 197.91 -20.3396 0.5
0 208.061 115.722 -98.7563 0.5
0 265.615 26.3381 67.6307 0.5
0 298.292 43.5329 82.5316 0.5
0 278.501 196.537 26.0893 0.5
0 2.22653 154.323 83.9584 0.5
0 149.144 16.6843 -55.3037 0.5
0 230.782 45.821 84.0514 0.5
0 75.0235 82.2572 98.4134 0.5
0 30.108 107.357 99.729 0.5
0 249.638 88.4167 99.3269 0.5
0 142.466 156.897 82.2359 0.5
0 123.835 28.6551 -70.0707 0.5
0 81.455 57.042 -90.3029 0.5
0 4.6578 101.301 -99.9915 0.5
0 310.09 92.2129 -99.6963 0.5
0 72.0442 5.16643 -31.7269 0.5
0 270.069 73.9806 -96.5556 0.5
0 78.8635 102.732 99.9627 0.5
0 154.469 171.519 -69.8932 0.5
0 185.471 170.444 -70.9765 0.5
0 86.814 92.984 -99.7536 0.5
0 242.828 59.8778 -91.5981 0.5
0 332.842 196.142 27.5067 0.5
0 97.892 106.502 99.7884 0.5
0 35.5011 154.239 -84.0125 0.5
0 248.089 0.423665 -9.1953 0.5
0 70.2144 199.832 5.79426 0.5
0 76.8458 12.8088 48.9663 0.5
0 141.576 24.7018 65.8041 0.5
0 250.763 21.165 61.5227 0.5
0 127.156 89.5072 99.448 0.5
0 204.587 132.399 -94.6061 0.5
0 143.57 95.7121 99.908 0.5
0 297.46 88.145 -99.2948 0.5
0 244.375 124.328 96.9956 0.5
0 167.163 0.00260132 0.721288 0.5
0 322.344 124.714 -96.8981 0.5
0 3.47234 113.181 -99.1275 0.5
0 127.788 113.774 -99.0469 0.5
0 231.483 145.647 88.9738 0.5
0 331.982 67.427 -94.5463 0.5
0 116.602 58.7693 -91.1045 0.5
0 28.1936 145.955 -88.8153 0.5
0 231.004 93.3908 99.7814 0.5
0 68.6596 129.428 -95.5721 0.5
0 312.06 138.469 -92.3046 0.5
0 2.10905 11.2423 46.066 0.5
0 149.663 147.738 -87.8698 0.5
0 304.338 163.977 76.857 0.5
0 167.463 152.788 -84.9318 0.5
0 289.099 105.163 99.8666 0.5
0 97.1065 48.4118 -85.666 0.5
0 301.83 1.91481 19.4755 0.5
0 124.532 176.115 -64.8578 0.5
0 43.0175 196.789 25.1375 0.5
0 198.229 128.402 95.8818 0.5
0 195.004 98.0146 -99.9803 0.5
0 328.275 184.914 -52.8174 0.5
0 249.176 0.055898 3.34312 0.5
0 246.475 175.454 65.6259 0.5
0 271.238 7.08233 36.9636 0.5
0 288.729 57.5631 90.5489 0.5
0 34.9675 196.089 -27.693 0.5
0 91.9157 181.312 58.2094 0.5
0 33.9115 191.344 40.6975 0.5
0 149.914 0.413247 9.08177 0.5
0 24.3961 34.2188 -75.3182 0.5
0 232.07 2.22822 -20.9923 0.5
0 201.087 0.010398 -1.44204 0.5
0 88.5568 199.388 -11.0495 0.5
0 302.399 15.7965 -53.9423 0.5
0 268.661 195.258 30.4281 0.5
0 196.482 186.628 49.9555 0.5
0 217.99 138.33 92.3624 0.5
0 268.405 199.891 4.67355 0.5
0 100.593 173.717 -67.5705 0.5
0 124.534 0.0243831 2.20817 0.5
0 247.537 199.334 -11.5224 0.5
0 167.472 199.562 9.35216 0.5
0 142.176 121.545 97.6516 0.5
0 226.321 28.2695 -69.6759 0.5
0 177.922 199.964 2.66645 0.5
0 130.109 28.1335 -69.5356 0.5
0 70.5339 180.702 59.0521 0.5
0 223.825 111.758 99.3063 0.5
0 25.8301 1.86211 -19.2082 0.5
0 229.011 6.21876 -34.7142 0.5
0 222.357 198.235 -18.7045 0.5
0 124.638 196.409 -26.5563 0.5
0 96.9304 2.31989 21.4148 0.5
0 35.7893 130.231 95.321 0.5
0 245.699 41.228 80.9065 0.5
0 310.334 19.7583 59.6764 0.5
0 122.532 0.173524 5.88852 0.5
0 154.228 155.843 82.9549 0.5
0 170.683 92.725 -99.735 0.5
0 274.53 178.058 -62.5052 0.5
0 143.436 166.035 75.0956 0.5
0 325.824 154.032 -84.1461 0.5
0 241.246 68.0684 -94.7648 0.5
0 116.442 3.08169 24.6341 0.5
0 16.0348 136.088 -93.2613 0.5
0 29.7614 106.025 -99.8183 0.5
0 126.115 65.4148 -93.8289 0.5
0 199.712 78.7095 97.7073 0.5
0 83.2747 121.101 -97.7485 0.5
0 298.268 162.237 -78.272 0.5
0 162.084 43.0467 -82.1968 0.5
0 241.381 73.5297 96.433 0.5
0 207.183 192.95 36.8825 0.5
0 146.278 199.167 12.878 0.5
0 239.554 22.6402 63.3677 0.5
0 260.684 191.419 -40.5284 0.5
0 226.702 122.363 97.4675 0.5
0 228.666 9.51309 42.569 0.5
0 259.25 65.9159 94.0121 0.5
0 208.784 188.223 47.0809 0.5
0 112.04 0.0306797 2.47689 0.5
0 238.013 196.918 24.6364 0.5
0 134.813 27.64 -69.022 0.5
0 315.791 51.265 87.3207 0.5
0 317.995 118.665 98.2426 0.5
0 158.778 150.445 86.3441 0.5
0 284.549 120.882 -97.7954 0.5
0 81.9286 183.244 55.4117 0.5
0 222.897 10.0767 -43.7469 0.5
0 304.775 50.4107 86.8383 0.5
0 190.177 57.2267 -90.3905 0.5
0 230.735 0.0362085 2.6908 0.5
0 34.5027 131.802 94.8085 0.5
0 10.3696 168.399 72.9487 0.5
0 17.5693 197.137 23.7578 0.5
0 157.414 8.47169 40.2811 0.5
0 17.7818 77.2438 97.3764 0.5
0 170.201 169.434 -71.9643 0.5
0 173.17 199.942 -3.4021 0.5
0 261.001 55.3374 89.4721 0.5
0 227.721 22.736 -63.4844 0.5
0 36.0559 189.481 -44.6449 0.5
0 168.98 0.941706 -13.6914 0.5
0 212.494 86.9012 -99.1384 0.5
0 285.741 170.63 70.7908 0.5
0 31.5649 199.565 -9.31211 0.5
0 77.0502 123.899 -97.1022 0.5
0 193.926 196.435 26.4616 0.5
0 151.718 180.224 -59.7005 0.5
0 191.755 174.273 -66.9595 0.5
0 94.4445 178.353 62.1356 0.5
0 13.2105 0.320231 -7.99648 0.5
0 276.497 152.839 -84.8999 0.5
0 200.507 192.051 39.0717 0.5
0 11.5069 159.855 80.1088 0.5
0 216.367 135.208 -93.5968 0.5
0 226.814 126.987 96.2896 0.5
0 232.593 126.647 -96.3844 0.5
0 197.805 174.773 66.4003 0.5
0 105.589 33.0342 74.267 0.5
0 318.077 35.4821 76.4032 0.5
0 245.391 68.1967 -94.808 0.5
0 232.027 120.253 97.9276 0.5
0 101.946 47.6268 -85.1883 0.5
0 92.2265 3.72356 27.0342 0.5
0 225.24 28.7058 -70.1223 0.5
0 38.1672 35.946 -76.7924 0.5
0 156.416 1.43448 16.8771 0.5
0 248.103 200 -0.115306 0.5
0 50.5549 142.309 90.6085 0.5
0 171.032 186.067 -50.9159 0.5
0 278.361 62.7147 92.7891 0.5
0 176.547 27.1274 68.4805 0.5
0 158.351 1.56685 -17.6328 0.5
0 319.957 164.477 76.4375 0.5
0 320.443 192.051 -39.072 0.5
0 144.502 182.342 -56.743 0.5
0 108.631 144.059 -89.771 0.5
0 209.436 162.024 78.4415 0.5
0 122.792 189.479 -44.6497 0.5
0 52.4768 154.892 -83.5875 0.5
0 9.99174 71.5598 95.8705 0.5
0 271.718 37.4361 -78.0113 0.5
0 114.945 11.8134 -47.15 0.5
0 95.6308 152.245 85.2672 0.5
0 3.36511 135.992 93.2984 0.5
0 239.234 124.848 -96.8638 0.5
0 279.245 7.10958 37.032 0.5
0 209.111 0.623487 -11.1494 0.5
0 318.952 10.5907 -44.788 0.5
0 2.81874 177.118 -63.6613 0.5
0 191.46 139.817 91.7314 0.5
0 327.798 32.1903 73.4972 0.5
0 0.929093 199.909 -4.27244 0.5
0 232.377 196.621 -25.7767 0.5
0 247.599 197.721 21.2289 0.5
0 65.2206 196.299 -26.9554 0.5
0 70.3201 198.891 -14.8511 0.5
0 282.656 199.585 9.10065 0.5
0 189.509 79.713 -97.9206 0.5
0 58.7619 65.9828 -94.0363 0.5
0 329.809 69.8645 95.3512 0.5
0 124.9 94.6248 -99.8554 0.5
0 127.633 198.159 -19.1005 0.5
0 116.08 152.725 -84.9711 0.5
0 162.134 0.514462 10.1305 0.5
0 70.4646 44.6721 -83.2996 0.5
0 130.757 99.2998 -99.9975 0.5
0 33.316 98.2955 -99.9855 0.5
0 294.304 13.5943 50.3395 0.5
0 57.6887 199.887 -4.75262 0.5
0 214.932 0.693683 -11.7582 0.5
0 189.857 28.9417 70.3614 0.5
0 23.7929 165.066 75.9366 0.5
0 169.403 126.3 96.4796 0.5
0 257.183 116.906 -98.5605 0.5
0 30.6659 110.089 -99.4897 0.5
0 24.3442 199.183 12.76 0.5
0 43.0003 16.1635 54.5109 0.5
0 272.206 196.403 -26.5797 0.5
0 250.521 179.715 60.3784 0.5
0 221.55 165.182 -75.8372 0.5
0 25.4918 195.647 29.1828 0.5
0 279.476 0.468039 -9.66379 0.5
0 118.357 108.401 -99.6465 0.5
0 271.452 169.277 72.1158 0.5
0 241.907 45.715 -83.983 0.5
0 203.512 198.492 17.2987 0.5
0 147.878 179.596 -60.5355 0.5
0 224.221 111.935 -99.2852 0.5
0 265.571 19.6283 -59.5012 0.5
0 186.761 77.1688 97.3588 0.5
0 163.575 197.257 -23.2601 0.5
0 287.054 130.752 -95.1543 0.5
0 234.253 187.956 -47.5793 0.5
0 88.8276 23.4522 -64.3462 0.5
0 293.857 89.2587 99.4214 0.5
0 313.239 55.5739 -89.5897 0.5
0 322.09 117.217 98.5067 0.5
0 132.516 0.0190848 -1.95361 0.5
0 324.386 148.176 87.6303 0.5
0 295.986 176.958 -63.8545 0.5
0 0.0313881 75.3288 96.9089 0.5
0 157.682 2.55246 -22.4494 0.5
1 352.504 149.55 56.1416 0.5
1 335.948 -4.43582 -4.29299 0.5
1 381.468 32.522 -98.7289 0.5
1 338.821 54.1928 93.1777 0.5
1 360.171 -27.6197 58.4548 0.5
1 362.728 30.3532 -98.2294 0.5
1 370.751 25.1821 -99.4978 0.5
1 337.935 96.6788 -99.8919 0.5
1 347.759 165.43 -42.7204 0.5
1 364.711 3.75049 90.7976 0.5
1 383.713 112.602 -5.24916 0.5
1 386.42 107.952 4.4609 0.5
1 359.929 76.221 -97.485 0.5
1 362.049 10.283 91.6605 0.5
1 335.669 8.59886 -48.6722 0.5
1 335.629 188.316 38.4981 0.5
1 340.648 36.1402 85.9043 0.5
1 375.111 -41.88 71.8819 0.5
1 350.534 22.1428 -87.6913 0.5
1 359.14 82.5432 96.2177 0.5
1 373.515 -69.4559 -5.31012 0.5
1 347.058 115.73 91.8677 0.5
1 361.118 100.124 87.5903 0.5
1 367.016 123.589 -57.3367 0.5
1 335.253 92.1073 -99.8956 0.5
1 345.255 174.938 29.3805 0.5
1 370.666 -29.5937 76.0521 0.5
1 355.049 18.5886 -89.8984 0.5
1 344.874 129.318 86.9985 0.5
1 361.353 -45.1564 25.7586 0.5
1 342.544 166.378 56.7575 0.5
1 386.011 108.7 3.43565 0.5
1 385.883 -57.524 -74.6798 0.5
1 344.403 -17.9653 -15.5013 0.5
1 347.727 29.4316 88.9785 0.5
1 337.262 132.481 91.9602 0.5
1 388.649 -78.169 56.7183 0.5
1 373.902 -63.3811 -36.467 0.5
1 368.079 137.19 -22.7783 0.5
1 343.277 133.346 86.2715 0.5
1 344.165 12.2021 72.3461 0.5
1 357.442 112.874 83.7584 0.5
1 342.864 44.7571 92.193 0.5
1 364.589 23.9127 -97.561 0.5
1 342.595 -14.7136 -16.2404 0.5
1 362.95 -35.2641 54.3091 0.5
1 385.205 -79.4475 44.4007 0.5
1 343.912 35.8636 88.8886 0.5
1 336.926 36.9098 -82.2566 0.5
1 381.075 -27.9581 89.168 0.5
1 364.682 -53.5224 12.4205 0.5
1 339.96 66.3777 -97.5171 0.5
1 377.418 78.7934 83.4173 0.5
1 388.163 11.9405 -99.7611 0.5
1 335.582 -3.88926 -0.971316 0.5
1 377.667 -16.3453 91.8437 0.5
1 343.26 0.060263 -56.1522 0.5
1 376.985 30.0318 99.8409 0.5
1 351.791 -26.1072 -33.7349 0.5
1 362.945 147.199 -17.3249 0.5
1 387.451 68.0383 -78.6388 0.5
1 367.135 137.742 26.9929 0.5
1 353.574 46.0277 98.195 0.5
1 384.516 19.3247 -99.6815 0.5
1 352.654 33.4265 94.3597 0.5
1 371.97 127.712 32.3212 0.5
1 356.231 146.385 50.9526 0.5
1 352.075 167.079 -9.57422 0.5
1 364.57 142.923 24.2082 0.5
1 340.082 31.5974 82.3623 0.5
1 370.511 62.984 -96.1792 0.5
1 373.959 129.474 -5.65177 0.5
1 384.526 -78.7888 -43.338 0.5
1 343.504 182.132 -7.08366 0.5
1 367.766 -38.3053 61.7393 0.5
1 381.215 -40.9909 81.4206 0.5
1 347.044 9.42056 -74.3868 0.5
1 363.537 -7.87809 -83.142 0.5
1 380.033 -34.3867 -84.4853 0.5
1 362.446 -6.66481 82.6866 0.5
1 376.192 -73.2375 14.0758 0.5
1 381.528 77.4638 -79.287 0.5
1 388.829 71.7953 -73.3981 0.5
1 338.073 2.81052 -45.6342 0.5
1 379.826 -44.7177 76.6791 0.5
1 380.562 100.011 -57.5028 0.5
1 360.43 -35.8416 -45.7723 0.5
1 357.864 63.834 99.8 0.5
1 358.666 19.4508 -93.033 0.5
1 340.814 185.85 -15.4022 0.5
1 369.945 47.3238 -99.422 0.5
1 352.186 7.17942 79.8745 0.5
1 359.785 153.064 14.9222 0.5
1 351.4 167.846 13.0987 0.5
1 354.755 -15.1605 -62.5065 0.5
1 357.715 52.8807 99.8804 0.5
1 374.057 126.229 25.2321 0.5
1 378.78 33.0176 99.3093 0.5
1 334.184 34.9906 77.2214 0.5
1 348.472 -7.82914 57.794 0.5
1 343.332 87.1134 -99.9018 0.5
1 360.408 37.5766 98.7868 0.5
1 356.424 122.424 78.1284 0.5
1 333.665 74.6398 96.8798 0.5
1 373.593 -47.7189 -62.5938 0.5
1 362.824 129.349 59.4248 0.5
1 348.815 -24.0813 -23.2203 0.5
1 379.022 87.3811 -74.6705 0.5
1 346.176 -21.1574 14.7078 0.5
1 344.505 30.8237 -86.7023 0.5
1 368.033 -57.8138 21.266 0.5
1 366.729 115.151 -68.3513 0.5
1 348.05 155.264 -58.9805 0.5
1 366.348 -49.1225 39.3355 0.5
1 361.549 -31.0084 57.0388 0.5
1 372.583 92.4734 -79.6559 0.5
1 336.081 33.35 78.5463 0.5
1 359.941 153.741 -5.90007 0.5
1 376.956 -65.9977 42.668 0.5
1 369.959 75.4463 92.1308 0.5
1 361.297 -18.6999 71.1532 0.5
1 351.032 167.135 -20.9119 0.5
1 373.597 -68.806 -13.6262 0.5
1 339.694 184.176 30.631 0.5
1 338.324 172.774 58.0597 0.5
1 378.875 -69.3637 42.5761 0.5
1 360.938 20.578 -94.8729 0.5
1 344.454 -14.2683 -31.2046 0.5
1 344.94 89.6184 -99.5263 0.5
1 376.224 -42.5554 73.0726 0.5
1 376.27 96.2466 -70.8059 0.5
1 367.576 140.536 -5.54336 0.5
1 341.432 45.213 -91.3159 0.5
1 343.252 56.8671 96.5736 0.5
1 337.574 140.323 -87.9083 0.5
1 388.112 -20.0597 96.778 0.5
1 388.731 -61.4549 -75.5592 0.5
1 338.798 79.7698 99.4189 0.5
1 377.041 53.3 95.7013 0.5
1 334.347 34.4188 -76.9823 0.5
1 370.149 100.021 77.0142 0.5
1 363.084 -7.75757 82.6942 0.5
1 383.798 -21.9489 -93.8448 0.5
1 362.871 30.3992 98.2852 0.5
1 339.667 -10.1141 13.0576 0.5
1 348.492 162.007 47.0083 0.5
1 374.727 85.264 -82.1925 0.5
1 377.369 101.369 63.022 0.5
1 387 8.98415 -99.9812 0.5
1 350.005 -9.70656 -58.8759 0.5
1 367.887 -23.5735 -77.0652 0.5
1 388.739 -94.0587 19.4381 0.5
1 382.025 -33.8534 86.8799 0.5
1 381.773 18.576 -99.9693 0.5
1 374.116 123.736 -33.0709 0.5
1 349.831 169.307 -20.4715 0.5
1 347.078 -7.77438 -54.3071 0.5
1 337.261 20.2031 68.3519 0.5
1 346.115 58.4129 98.0905 0.5
1 374.724 -34.0872 78.1452 0.5
1 349.298 104.36 94.7382 0.5
1 348.412 41.6886 94.6761 0.5
1 385.87 -44.6282 -84.402 0.5
1 355.987 -20.7683 57.902 0.5
1 386.708 107.298 7.13035 0.5
1 385.303 -24.3808 93.9093 0.5
1 337.392 25.3284 -73.6522 0.5
1 359.565 86.4456 -94.7819 0.5
1 377.828 -8.26379 -95.0092 0.5
1 373.56 107 -64.196 0.5
1 384.981 10.5407 100 0.5
1 385.53 109.177 -9.10936 0.5
1 344.763 107.227 96.2793 0.5
1 334.309 37.7095 -79.5455 0.5
1 367.606 8.326 -94.6357 0.5
1 368.628 -44.4032 -55.3717 0.5
1 338.614 183.067 -38.688 0.5
1 377 42.5267 98.3374 0.5
1 363.08 77.6718 -95.6435 0.5
1 335.128 86.4496 -99.4534 0.5
1 354.881 -37.3198 0.438525 0.5
1 385.914 28.4166 98.0824 0.5
1 373.449 -34.8441 -75.682 0.5
1 354.426 57.8252 -99.8408 0.5
1 353.038 38.2424 -96.1075 0.5
1 367.825 133.15 -37.0274 0.5
1 369.543 -59.7416 -24.2095 0.5
1 337.066 190.423 -24.755 0.5
1 334.76 -1.42537 -14.4213 0.5
1 335.854 75.1634 97.8822 0.5
1 384.307 107.032 -30.2322 0.5
1 360.457 139.187 50.7479 0.5
1 352.333 26.1403 91.2303 0.5
1 386.579 -90.7168 17.2984 0.5
1 339.371 184.319 31.8994 0.5
1 355.098 99.988 92.6271 0.5
1 374.415 128.606 6.89127 0.5
1 376.6 104.962 60.1313 0.5
1 351.776 -31.5591 8.7569 0.5
1 379.853 87.135 73.589 0.5
1 362.37 32.1715 98.4506 0.5
1 371.457 56.4671 -97.4362 0.5
1 364.097 58.6975 -99.2797 0.5
1 375.727 6.7073 98.0073 0.5
1 357.989 -18.8918 64.7738 0.5
1 356.475 -18.3162 -62.2847 0.5
1 333.409 51.358 87.4455 0.5
1 366.263 50.1772 99.7395 0.5
1 343.608 -17.397 8.93044 0.5
1 334.932 -2.74256 -2.27134 0.5
1 387.309 61.4997 83.5247 0.5
1 381.933 16.9917 99.9932 0.5
1 359.692 -44.4714 15.3383 0.5
1 358.367 108.457 85.5279 0.5
1 342.883 55.1769 95.9172 0.5
1 373.244 49.8085 -98.1909 0.5
1 343.117 182.854 6.31459 0.5
1 337.543 177.83 52.4803 0.5
1 334.052 22.4463 64.6284 0.5
1 379.097 -60.9306 -57.7115 0.5
1 335.475 1.42913 -31.6429 0.5
1 343.543 38.9909 -90.1268 0.5
1 367.015 136.039 33.0624 0.5
1 376.207 -61.0647 -49.6469 0.5
1 365.56 124.162 60.0275 0.5
1 360.893 112.662 -79.7008 0.5
1 356.036 -15.0137 -65.3523 0.5
1 347.419 -1.36754 -63.8398 0.5
1 383.435 -12.7897 -96.558 0.5
1 377.592 -50.9656 66.9203 0.5
1 345.513 3.7793 66.0025 0.5
1 345.85 42.1624 -93.2338 0.5
1 361.943 -24.5997 -66.0917 0.5
1 375.509 117.708 41.989 0.5
1 379.848 86.0973 -74.5388 0.5
1 370.679 100.704 -75.6598 0.5
1 359.594 -44.8802 -10.9781 0.5
1 347.738 174.877 5.88905 0.5
1 345.64 129.202 86.3018 0.5
1 384.196 -83.5591 -29.7804 0.5
1 386.907 75.3901 -73.1513 0.5
1 333.846 78.7901 97.9134 0.5
1 344.368 87.8514 -99.7572 0.5
1 380.266 24.9101 99.8076 0.5
1 360.566 -8.24516 79.1816 0.5
1 369.159 108.136 -71.2298 0.5
1 337.47 100.137 -99.733 0.5
1 340.375 -11.5423 -11.4276 0.5
1 347.804 42.5989 94.6273 0.5
1 362.659 3.64753 89.0188 0.5
1 358.512 -24.2138 59.1876 0.5
2 349.438 26.6199 41.0712 0.5
2 336.306 -128.157 -91.2736 0.5
2 349.949 -109.621 -88.8172 0.5
2 367.239 -55.2997 -97.6445 0.5
2 375.296 -115.129 30.1079 0.5
2 379.182 39.171 85.2889 0.5
2 357.223 -147.342 27.0569 0.5
2 378.505 -114.024 -6.10731 0.5
2 351.596 35.5727 -26.625 0.5
2 341.208 -106.784 -96.0076 0.5
2 379.403 -66.8516 -84.0398 0.5
2 351.581 -73.981 -99.1333 0.5
2 371.074 -45.2278 -98.3398 0.5
2 378.87 25.9695 -91.8472 0.5
2 341.088 -178.97 3.10938 0.5
2 352.723 -108.354 86.8963 0.5
2 347.298 -113.752 -89.054 0.5
2 377.523 -66.7698 -86.1012 0.5
2 338.286 -78.4069 -99.8506 0.5
2 388.359 -88.3566 40.9899 0.5
2 369.635 -14.1775 -98.8076 0.5
2 376.468 -100.691 -55.8467 0.5
2 382.255 60.8825 72.7616 0.5
2 336.209 4.68493 38.8273 0.5
2 336.707 -185.84 -12.3655 0.5
2 370.861 8.77588 93.208 0.5
2 336.137 -153.921 -74.8381 0.5
2 366.237 -124.706 -45.1116 0.5
2 386.647 -53.6599 84.4523 0.5
2 366.188 7.94648 -90.0473 0.5
2 352.375 -7.11099 -85.1977 0.5
2 358.565 11.2785 -79.9804 0.5
2 359.695 -77.1054 -95.2944 0.5
2 350.9 -102.08 91.627 0.5
2 380.08 83.7085 -30.6377 0.5
2 359.98 -144.906 16.6172 0.5
2 356.684 16.1757 73.1521 0.5
2 348.074 -166.034 13.278 0.5
2 380.358 87.3032 18.3412 0.5
2 355.617 -16.599 92.8013 0.5
2 344.202 21.4599 -30.9672 0.5
2 365.495 15.2893 85.3963 0.5
2 345.353 -23.8553 -87.8486 0.5
2 335.655 -3.69356 53.1017 0.5
2 387.142 -96.5824 -22.9498 0.5
2 358.04 -117.292 -73.6576 0.5
2 341.451 -158.987 -59.1956 0.5
2 387.43 71.843 -70.8264 0.5
2 345.962 -157.903 -48.7248 0.5
2 345.064 -104.525 -94.6083 0.5
2 358.424 -1.62284 88.0689 0.5
2 358.937 -134.783 49.8652 0.5
2 354.856 19.1861 -66.8642 0.5
2 345.789 -165.497 -32.356 0.5
2 333.394 -70.2134 97.5202 0.5
2 357.812 2.11584 85.3147 0.5
2 367.134 -133.815 4.26977 0.5
2 346.698 -118.456 87.0861 0.5
2 381.192 -41.6833 94.6989 0.5
2 356.449 29.7934 -56.9402 0.5
2 383.578 -69.8092 76.5148 0.5
2 372.601 -112.576 -47.2359 0.5
2 348.358 -56.4967 99.5058 0.5
2 383.983 36.3976 91.1549 0.5
2 352.545 12.1121 -70.1305 0.5
2 343.325 6.0787 58.3353 0.5
2 381.911 -99.4379 41.1816 0.5
2 351.253 -148.695 -48.8037 0.5
2 341.699 -177.79 -5.82409 0.5
2 349.211 0.251282 75.8214 0.5
2 372.073 -122.79 -22.4841 0.5
2 343.946 -71.7965 -99.9742 0.5
2 368.918 -8.13445 -97.394 0.5
2 382.386 86.6041 -33.8594 0.5
2 387.891 -96.6402 -16.1556 0.5
2 388.491 102.743 -8.2726 0.5
2 346.19 -85.7517 -98.7805 0.5
2 348.052 2.82073 -71.6312 0.5
2 383.331 -77.5541 69.705 0.5
2 370.08 66.2748 -30.9873 0.5
2 364.929 2.06222 91.7441 0.5
2 334.484 -81.9565 99.638 0.5
2 368.196 -93.6071 -78.8205 0.5
2 347.601 -23.0556 -89.4621 0.5
2 370.109 54.0286 -56.1014 0.5
2 368.2 -127.098 31.1067 0.5
2 378.931 80.1742 -35.0752 0.5
2 343.465 4.98224 60.1548 0.5
2 347.662 -167.631 0.0767014 0.5
2 366.55 -118.869 54.3314 0.5
2 352.056 -6.36838 84.3883 0.5
2 387.914 -81.9933 -54.1339 0.5
2 376.265 -75.6336 -81.7851 0.5
2 377.924 83.6498 15.0185 0.5
2 356.282 -140.185 -48.442 0.5
2 375.059 -110.102 43.7457 0.5
2 338.918 1.9211 -53.1619 0.5
2 365.779 13.4815 -86.7554 0.5
2 381.391 66.3439 65.5085 0.5
2 384.391 73.7453 -62.8753 0.5
2 361.501 -57.8525 98.9881 0.5
2 386.193 -99.45 16.9341 0.5
2 365.772 -73.7427 92.7116 0.5
2 348.095 -151.656 53.0433 0.5
2 369.773 24.9281 83.9973 0.5
2 334.577 5.68566 -28.0648 0.5
2 354.936 44.7379 -6.75792 0.5
2 358.476 50.2815 -12.7509 0.5
2 364.542 -101.748 77.3719 0.5
2 364.349 -13.8374 96.8523 0.5
2 336.677 -33.637 84.7866 0.5
2 363.994 35.183 66.6758 0.5
2 380.689 35.438 88.8612 0.5
2 369.961 -128.216 12.5722 0.5
2 343.461 -115.689 -91.3066 0.5
2 381.912 11.5832 98.0013 0.5
2 354.461 -16.9431 92.1183 0.5
2 377.822 -24.901 -99.547 0.5
2 333.421 -93.7151 99.99 0.5
2 386.072 -67.2115 -75.0326 0.5
2 356.05 46.7535 -5.33116 0.5
2 346.608 29.8186 12.0132 0.5
2 372.519 -124.309 7.33869 0.5
2 383.068 -66.3135 -79.9953 0.5
2 374.088 -93.0777 -70.2004 0.5
2 365.57 -130.752 33.7399 0.5
2 384.97 16.6128 -98.0554 0.5
2 344.558 -133.236 79.8289 0.5
2 369.173 8.58974 -92.0968 0.5
2 373.761 74.9491 -22.7557 0.5
2 380.688 -51.7156 -91.0795 0.5
2 379.192 22.4431 93.5002 0.5
2 350.818 -159.674 22.1861 0.5
2 378.05 41.8372 82.2787 0.5
2 371.906 -10.2189 98.8039 0.5
2 356.105 -76.0259 97.3148 0.5
2 349.492 24.8631 44.9552 0.5
2 347.805 -129.926 78.0296 0.5
2 345.239 -128.307 82.5239 0.5
2 365.038 25.8206 77.369 0.5
2 367.986 -129.676 -23.3085 0.5
2 367.473 -64.9767 94.8565 0.5
2 380.155 83.4918 31.6952 0.5
2 340.647 18.4826 18.5503 0.5
2 337.717 -159.408 66.6495 0.5
2 339.418 -126.213 -89.6511 0.5
2 376.977 60.0724 -63.8899 0.5
2 356.983 -13.1388 -92.3545 0.5
2 363.561 -139.962 5.13295 0.5
2 386.705 62.4554 -78.0923 0.5
2 359.398 -7.67893 -91.8137 0.5
2 352.232 -129.151 71.9648 0.5
2 360.421 -74.4315 -95.7335 0.5
2 375.61 78.443 21.4735 0.5
2 378.696 -96.628 -56.1484 0.5
2 379.069 -79.1904 -75.1638 0.5
2 334.531 -189.881 -9.93848 0.5
2 382.222 58.1476 75.1966 0.5
2 371.861 23.3342 87.143 0.5
2 387.862 21.2328 -98.1323 0.5
2 368.3 -2.35505 -95.5401 0.5
2 365.478 -8.27358 95.8529 0.5
2 362.515 1.11801 -90.2718 0.5
2 350.338 34.0422 -24.1523 0.5
2 351.605 -41.7077 -98.16 0.5
2 338.231 -0.559042 55.1638 0.5
2 365.965 52.0259 47.5792 0.5
2 363.4 -18.727 97.6291 0.5
2 358.668 -55.7695 99.7405 0.5
2 335.743 10.2989 16.824 0.5
2 341.284 7.48069 -50.758 0.5
2 350.461 -62.1978 -99.9983 0.5
2 341.785 -0.482109 -63.4051 0.5
2 372 -102.163 64.1818 0.5
2 372.825 -115.529 40.3903 0.5
2 360.395 -125.589 59.9844 0.5
2 385.053 -91.7143 -45.8954 0.5
2 383.017 -0.827263 -99.8448 0.5
2 355.681 43.481 -23.3992 0.5
2 388.333 -97.075 -4.75372 0.5
2 355.309 -99.4658 -89.2635 0.5
2 346.499 -17.237 85.1661 0.5
2 383.636 66.2885 -69.797 0.5
2 335.441 3.89247 -37.525 0.5
2 369.544 -122.807 36.5625 0.5
2 382.947 -94.088 48.2845 0.5
2 360.623 -24.5287 -97.8437 0.5
2 361.565 -99.1693 -83.1066 0.5
2 342.605 -65.3704 -99.3909 0.5
2 375.184 77.0636 -24.209 0.5
2 382.056 -95.1007 -49.2332 0.5
2 356.432 -146.119 34.9936 0.5
2 354.298 -21.5926 -93.8435 0.5
2 355.118 -12.1768 -90.5003 0.5
2 336.307 -185.075 -20.9754 0.5
2 337.909 -138.087 84.4452 0.5
2 351.456 -139.25 62.3398 0.5
2 377.982 55.8065 -70.4984 0.5
2 380.028 64.9494 64.3775 0.5
2 354.819 -153.428 18.9343 0.5
2 346.236 -58.1389 -99.2818 0.5
2 357.449 -88.6751 -92.5006 0.5
2 337.11 -36.8031 87.1129 0.5
2 343.179 -167.682 38.5155 0.5
2 387.485 -35.9424 92.7889 0.5
2 372.578 71.677 27.4665 0.5
2 348.207 32.4632 12.9961 0.5
2 360.814 -56.3852 99.3327 0.5
2 358.559 26.7754 -65.5345 0.5
2 356.424 -65.2381 99.1797 0.5
2 379.979 -94.5392 -55.9525 0.5
2 381.309 -39.6908 95.2874 0.5
2 355.069 -147.121 38.438 0.5
2 350.585 -46.8394 98.7551 0.5
2 386.97 -97.132 -21.8529 0.5
2 366.001 -35.3029 99.9984 0.5
2 382.629 88.5636 -29.2358 0.5
2 366.779 -1.05934 94.2359 0.5
2 344.179 -4.18417 -71.9202 0.5
2 368.315 -19.3933 99.2198 0.5
2 354.24 -76.4216 97.9422 0.5
2 378.453 6.15445 -97.8858 0.5
2 361.288 -80.2584 93.2073 0.5
2 381.223 37.9357 88.032 0.5
2 338.624 -63.8335 98.0897 0.5
2 357.709 40.4825 -42.0869 0.5
2 371.036 36.4691 77.1552 0.5
2 371.172 -126.59 -8.00871 0.5
2 347.416 30.9958 -13.7286 0.5
2 338.881 13.306 27.4898 0.5
2 384.834 -78.3587 -66.0192 0.5
2 373.181 -45.5691 97.5189 0.5
2 344.598 -31.8483 -91.1676 0.5
2 339.145 -6.84863 65.5322 0.5
2 371.772 -125.662 6.48629 0.5
2 335.962 -75.4583 99.2234 0.5
2 334.746 -21.2949 -72.6573 0.5
2 375.526 -92.6527 -68.0416 0.5
2 353.47 -95.2795 92.6184 0.5
2 350.611 35.5915 -19.3196 0.5
2 357.548 -38.403 99.2646 0.5
2 346.944 -152.074 -55.4786 0.5
2 337.936 -171.097 49.9715 0.5
2 334.794 -162.856 68.4132 0.5
2 359.644 -31.0269 98.7355 0.5
2 366.747 -71.9073 92.7705 0.5
2 348.041 32.9576 -3.67242 0.5
2 383.474 4.73403 99.4642 0.5
2 377.636 18.1585 -94.0878 0.5
2 346.085 -159.127 46.0568 0.5
2 378.76 22.1615 -93.3224 0.5
2 370.271 -108.261 60.2798 0.5
2 371.883 19.2816 89.3219 0.5
2 336.861 -153.368 74.2113 0.5
3 373.698 -114.19 97.6083 0.5
3 436.998 -162.29 71.5704 0.5
3 361.025 -190.883 -17.6326 0.5
3 423.534 -172.508 59.9233 0.5
3 382.654 5.26142 21.2711 0.5
3 432.136 -6.2489 -50.6888 0.5
3 374.836 -88.9836 99.9399 0.5
3 425.969 -130.574 92.4475 0.5
3 420.084 -52.1486 -91.5194 0.5
3 432.955 -171.327 61.4691 0.5
3 431.272 5.73211 18.9804 0.5
3 366.188 -25.5323 -74.3102 0.5
3 369.723 1.91666 33.0895 0.5
3 350.032 -132.216 91.7535 0.5
3 356.121 -131.045 -92.2521 0.5
3 343.977 -175.056 56.3587 0.5
3 367.057 -137.845 -89.1027 0.5
3 344.316 -166.132 67.609 0.5
3 374.555 -116.991 -96.9419 0.5
3 399.752 -88.187 -99.9091 0.5
3 414.191 -190.118 -21.4717 0.5
3 431.507 -189.518 24.0373 0.5
3 362.792 -101.17 -99.6191 0.5
3 415.65 -58.6834 94.1266 0.5
3 422.391 0.44144 -37.0292 0.5
3 363.694 -192.165 -7.55113 0.5
3 384.252 -60.3928 -94.7224 0.5
3 340.092 -2.84831 -44.4018 0.5
3 437.039 -21.0355 69.9997 0.5
3 333.501 7.42958 -4.90416 0.5
3 433.278 -20.7952 69.7537 0.5
3 406.978 -179.259 -49.6406 0.5
3 386.706 7.3562 -6.22132 0.5
3 359.068 3.61079 -27.7904 0.5
3 362.022 -10.7437 -57.6547 0.5
3 415.699 -191.713 -12.122 0.5
3 388.538 -190.058 21.7398 0.5
3 344.039 -68.7099 -97.1412 0.5
3 339.079 -189.436 -24.3657 0.5
3 340.943 -180.352 47.6794 0.5
3 363.878 -191.663 12.5237 0.5
3 376.313 -176.673 53.9128 0.5
3 425.19 -110.295 98.3949 0.5
3 413.523 -151.584 80.6425 0.5
3 362.646 7.27866 7.36052 0.5
3 385.999 -190.671 18.7772 0.5
3 423.142 -181.88 -44.7469 0.5
3 369.896 -155.43 -77.6755 0.5
3 359.92 -2.54668 43.7879 0.5
3 443.725 -16.9294 65.5486 0.5
3 366.456 6.50788 -14.3986 0.5
3 416.245 -192.167 7.52416 0.5
3 358.768 -23.4496 72.3805 0.5
3 363.977 -36.6179 -82.9624 0.5
3 358.513 -156.772 -76.5685 0.5
3 335.691 -122.325 95.4333 0.5
3 425.4 -79.0356 99.0962 0.5
3 404.174 -53.4453 92.0795 0.5
3 421.86 6.61637 -13.6322 0.5
3 348.636 -50.0508 90.5665 0.5
3 336.057 -168.334 65.128 0.5
3 411.853 4.86879 23.0008 0.5
3 436.818 -160.556 73.2231 0.5
3 422.055 -176.305 -54.4828 0.5
3 411.696 -133.212 -91.3152 0.5
3 355.105 -8.4408 54.2443 0.5
3 397.617 -82.9884 -99.5514 0.5
3 345.453 -70.2334 -97.5009 0.5
3 377.373 3.93373 26.6488 0.5
3 444.127 -9.01927 -55.1298 0.5
3 435.553 -178.42 51.08 0.5
3 378.219 -54.104 -92.3557 0.5
3 381.994 -88.4772 99.921 0.5
3 342.42 -88.2377 99.9112 0.5
3 340.9 -33.069 -80.4604 0.5
3 442.939 7.46852 -4.03368 0.5
3 400.883 -122.54 -95.3657 0.5
3 413.064 -64.0814 -95.8917 0.5
3 352.41 -142.518 86.5631 0.5
3 440.654 -46.2654 -88.696 0.5
3 352.581 -57.1956 -93.5795 0.5
3 370.733 -37.6395 83.6409 0.5
3 424.691 -177.761 -52.1738 0.5
3 398.786 -134.211 90.8626 0.5
3 402.127 -180.752 -46.9344 0.5
3 389.338 5.80118 -18.6195 0.5
3 383.962 -185.074 37.6934 0.5
3 402.522 7.2116 -8.21875 0.5
3 403.781 -116.578 -97.0455 0.5
3 382.915 -10.7848 57.7128 0.5
3 398.842 -14.1886 -62.2506 0.5
3 417.25 -57.4667 -93.6812 0.5
3 373.181 -108.616 98.6846 0.5
3 383.543 7.11785 9.28577 0.5
3 428.448 -190.271 -20.7623 0.5
3 388.735 -186.755 33.2656 0.5
3 374.171 7.31227 -6.89 0.5
3 357.75 7.11118 -9.35696 0.5
3 421.759 -2.97788 44.6623 0.5
3 363.41 4.30709 -25.2596 0.5
3 379.316 -21.0542 70.0188 0.5
3 434.03 -182.076 44.354 0.5
3 442.828 -7.86779 53.3464 0.5
3 340.34 -149.754 -81.9527 0.5
3 419.775 -69.2115 -97.2624 0.5
3 341.967 -33.7718 -80.9744 0.5
3 415.173 -54.75 -92.6213 0.5
3 433.571 -55.3906 -92.8795 0.5
3 333.705 -124.577 94.6986 0.5
3 403.26 -163.882 69.9821 0.5
3 400.256 -190.09 21.5975 0.5
3 391.581 -14.8824 -63.113 0.5
3 370.472 -100.324 99.6895 0.5
3 368.144 1.2585 34.9099 0.5
3 352.037 -63.0118 95.5687 0.5
3 398.59 -128.134 93.4164 0.5
3 359.137 -173.624 -58.4024 0.5
3 415.624 -148.299 82.9511 0.5
3 363.297 -187.15 -32.1226 0.5
3 379.808 7.39257 -5.60748 0.5
3 416.652 -191.766 11.6788 0.5
3 431.031 -30.4258 78.441 0.5
3 387.513 5.92565 -17.9503 0.5
3 422.666 -83.3624 99.5862 0.5
3 412.296 -31.6597 -79.401 0.5
3 442.054 -8.82259 54.831 0.5
3 421.129 -191.99 -9.57638 0.5
3 363.019 -149.526 -82.1118 0.5
3 390.413 -163.77 70.0963 0.5
3 398.054 -5.20413 48.8686 0.5
3 345.289 -56.0257 -93.1303 0.5
3 394.219 -168.687 -64.714 0.5
3 334.896 7.54409 -1.07849 0.5
3 370.816 1.96236 -32.9589 0.5
3 411.37 -157.721 75.7609 0.5
3 375.216 -81.6531 99.4154 0.5
3 386.194 -189.31 24.8646 0.5
3 355.038 -54.906 92.6846 0.5
3 364.648 -6.70549 -51.4574 0.5
3 345.108 -188.433 28.0597 0.5
3 342.732 3.34305 28.6997 0.5
3 415.971 1.56895 34.065 0.5
3 424.896 -95.2765 -99.96 0.5
3 341.887 -28.1894 -76.6196 0.5
3 436.304 -171.85 60.7925 0.5
3 377.159 5.04899 -22.2245 0.5
3 400.597 -174.458 -57.2254 0.5
3 431.02 6.64855 13.3962 0.5
3 397.506 -165.827 67.9394 0.5
3 400.286 -21.4886 70.459 0.5
3 435.207 -162.254 -71.6057 0.5
3 338.453 4.20769 25.6373 0.5
3 427.206 -70.2004 97.4933 0.5
3 392.665 -122.621 -95.3399 0.5
3 385.805 -181.085 -46.3015 0.5
3 428.463 -190.357 20.3505 0.5
3 414.801 3.44992 28.3406 0.5
3 410.648 -111.206 -98.2253 0.5
3 426.626 -182.221 44.0588 0.5
3 362.313 -31.1352 78.9967 0.5
3 386.592 -19.0994 67.9682 0.5
3 345.932 -191.568 -13.2502 0.5
3 413.759 5.40339 -20.6081 0.5
3 396.63 -104.672 99.2503 0.5
3 354.436 -62.2066 95.317 0.5
3 395.22 -152.56 79.9176 0.5
3 434.829 -62.3494 -95.3622 0.5
3 334.602 -14.5872 62.7485 0.5
3 366.639 5.33575 20.9268 0.5
3 353.951 -192.161 -7.60203 0.5
3 393.64 -68.9771 97.2061 0.5
3 402.639 -123.971 -94.9023 0.5
3 380.388 -45.9453 -88.5285 0.5
3 417.464 -122.824 -95.2754 0.5
3 386.229 -119.033 96.402 0.5
3 426.654 -10.7434 -57.6542 0.5
3 398.599 -59.1304 94.2857 0.5
3 376.088 -192.273 -5.95556 0.5
3 428.82 -54.659 92.5842 0.5
3 439.251 -179.401 49.3919 0.5
3 430.829 -19.5369 68.4373 0.5
3 398.181 -96.8312 -99.904 0.5
3 414.707 -110.121 -98.4264 0.5
3 410.387 -164.155 69.7026 0.5
3 425.665 -175.649 -55.4794 0.5
3 363.173 -190.755 18.3331 0.5
3 396.784 -183.627 41.0707 0.5
3 347.383 -165.383 68.4166 0.5
3 356.51 -28.3424 -76.7477 0.5
3 377.303 -113.422 97.7762 0.5
3 384.839 -104.081 99.3213 0.5
3 333.366 -179.18 49.7781 0.5
3 434.861 -187.185 32.0217 0.5
3 413.195 -59.8032 -94.5208 0.5
3 404.852 -12.5308 -60.1075 0.5
3 376.042 2.45298 -31.5184 0.5
3 371.509 5.17666 -21.6568 0.5
3 404.686 -23.5081 -72.4362 0.5
3 346.583 -47.404 -89.2796 0.5
3 380.171 -144.612 85.3178 0.5
3 410.294 -25.516 -74.2956 0.5
3 416.581 -190.255 20.8351 0.5
3 348.712 -188.111 29.1369 0.5
3 411.022 -144.605 -85.322 0.5
3 372.698 -181.962 -44.5837 0.5
3 430.195 -105.798 -99.1052 0.5
3 364.194 -145.755 84.6087 0.5
3 404.203 -51.3745 -91.1745 0.5
3 351.329 -190.645 -18.9124 0.5
3 441.296 -0.481688 39.2659 0.5
3 391.185 -108.776 -98.6583 0.5
3 393.636 -189.965 22.154 0.5
3 366.491 -168.449 -64.9938 0.5
3 411.35 6.5139 -14.3572 0.5
3 359.886 -36.9896 -83.2114 0.5
3 393.32 -152.667 79.8368 0.5
3 424.184 -148.599 -82.7484 0.5
3 370.006 -33.6756 80.9046 0.5
3 409.367 6.55114 -14.0981 0.5
3 401.077 7.14998 -8.93451 0.5
3 377.346 2.27207 -32.0579 0.5
3 360.13 -177.858 52.0147 0.5
3 402.829 -31.6626 79.4033 0.5
3 407.503 -16.2192 64.7214 0.5
3 388.64 -171.128 61.724 0.5
3 336.925 5.1558 -21.7507 0.5
3 413.66 -87.9651 99.8994 0.5
3 336.955 5.92863 -17.934 0.5
3 392.43 -114.375 97.5668 0.5
3 343.838 -190.139 -21.3728 0.5
3 405.737 -176.169 54.6919 0.5
3 401.012 -124.879 -94.5959 0.5
3 406.176 -180.31 47.7553 0.5
3 399.767 -155.548 77.5803 0.5
3 394.507 -167.952 -65.5699 0.5
3 342.732 -147.208 83.6751 0.5
3 438.417 -20.9751 69.938 0.5
3 364.08 -30.1358 78.2108 0.5
3 347.587 -91.3269 -99.9937 0.5
3 400.057 -179.827 -48.6337 0.5
3 338.744 -80.018 99.2242 0.5
4 481.694 -229.813 68.51 0.5
4 460.38 -38.346 57.6561 0.5
4 476.589 -103.471 -89.4754 0.5
4 489.83 -71.0889 2.3982 0.5
4 464.25 -224.248 -22.2525 0.5
4 445.999 -185.226 43.4185 0.5
4 449.148 -103.815 99.9482 0.5
4 450.507 -129.227 96.486 0.5
4 484.197 -160.916 99.9992 0.5
4 445.117 -28.7635 76.1208 0.5
4 480.561 -118.787 93.2102 0.5
4 499.216 -199.667 99.2345 0.5
4 496.945 -245.241 78.5729 0.5
4 494.638 -239.301 80.0651 0.5
4 453.968 -118.461 -99.5462 0.5
4 498.153 -87.8429 -21.6312 0.5
4 466.479 -230.144 9.69182 0.5
4 491.582 -263.407 44.9797 0.5
4 459.284 -157.872 91.7735 0.5
4 498.758 -144.829 -90.8926 0.5
4 473.341 -223.92 -58.0594 0.5
4 483.336 -230.819 -70.4134 0.5
4 454.048 -68.6345 -91.4537 0.5
4 475.388 -150.129 99.9166 0.5
4 455.121 -64.7003 -88.666 0.5
4 459.002 -173.555 -82.9229 0.5
4 461.942 -154.905 -94.6919 0.5
4 495.765 -180.191 -99.9934 0.5
4 470.879 -38.2426 -1.11579 0.5
4 451.985 -195.379 -43.8583 0.5
4 468.663 -128.233 99.8098 0.5
4 496.918 -89.3635 34.1897 0.5
4 485.44 -245.157 57.6617 0.5
4 498.925 -233.973 -88.1816 0.5
4 470.537 -44.9261 37.4614 0.5
4 445.303 -70.7239 97.2686 0.5
4 463.86 -43.0168 -55.6829 0.5
4 449.592 -184.171 -56.0653 0.5
4 476.743 -233.543 -52.4347 0.5
4 445.676 -57.4953 -92.8682 0.5
4 489.684 -150.738 97.9656 0.5
4 453.483 -32.6743 -65.6525 0.5
4 486.719 -219.848 -84.0532 0.5
4 463.363 -69.525 -83.0556 0.5
4 463.793 -61.1183 -76.1268 0.5
4 496.82 -163.29 98.0046 0.5
4 450.288 -144.131 -90.9549 0.5
4 482.929 -179.343 -97.9311 0.5
4 495.326 -105.321 65.8485 0.5
4 497.637 -149.218 -93.5385 0.5
4 478.457 -250.847 -10.134 0.5
4 484.858 -259.738 -23.124 0.5
4 458.008 -172.792 -82.2693 0.5
4 495.903 -278.419 -24.9425 0.5
4 470.364 -39.1922 19.1336 0.5
4 479.579 -131.563 -97.6076 0.5
4 479.731 -220.899 -73.9368 0.5
4 477.544 -51.197 16.7742 0.5
4 476.82 -223.525 66.1441 0.5
4 485.97 -192.388 -95.9961 0.5
4 494.692 -159.054 -97.8914 0.5
4 487.034 -85.8774 59.5433 0.5
4 489.68 -101.603 -72.1926 0.5
4 487.889 -265.999 -18.3604 0.5
4 495.466 -161.893 -98.192 0.5
4 486.406 -259.125 -34.1281 0.5
4 454.617 -202.374 38.4691 0.5
4 484.99 -257.47 -31.848 0.5
4 459.268 -151.718 94.1888 0.5
4 474.495 -218.991 -66.7161 0.5
4 447.105 -157.059 -79.9987 0.5
4 461.935 -211.152 -46.7357 0.5
4 484.2 -259.575 -18.5406 0.5
4 475.596 -165.004 -98.2553 0.5
4 463.779 -25.9718 2.61313 0.5
4 461.064 -101.662 -98.0655 0.5
4 449.992 -21.3725 -59.0735 0.5
4 460.616 -180.707 79.8146 0.5
4 484.544 -261.624 7.47646 0.5
4 463.223 -48.2524 -64.1366 0.5
4 471.724 -230.679 -41.5049 0.5
4 486.926 -253.736 48.0381 0.5
4 492.044 -129.794 89.2515 0.5
4 457.824 -18.9178 -25.4541 0.5
4 446.996 -57.4574 91.906 0.5
4 480.887 -207.071 85.7185 0.5
4 482.899 -82.3029 -64.1024 0.5
4 449.263 -82.4639 -98.3052 0.5
4 496.91 -275.194 -39.4916 0.5
4 447.599 -12.7923 -52.482 0.5
4 466.718 -62.7805 -73.0904 0.5
4 476.151 -50.3587 24.2773 0.5
4 457.427 -175.645 -79.464 0.5
4 459.09 -212.548 -32.0334 0.5
4 483.08 -122.095 92.7938 0.5
4 470.733 -196.289 81.2437 0.5
4 448.933 -200.046 -5.98541 0.5
4 453.844 -177.658 72.4501 0.5
4 456.724 -75.4668 -92.3947 0.5
4 471.386 -67.7571 -70.0585 0.5
4 449.57 -175.96 -66.5596 0.5
4 465.127 -184.594 -82.6318 0.5
4 489.293 -164.246 99.8267 0.5
4 452.756 -51.7166 83.4307 0.5
4 493.694 -77.9035 5.48973 0.5
4 447.772 -30.1499 -73.262 0.5
4 499.931 -107.084 -57.9868 0.5
4 468.174 -230.543 -24.3415 0.5
4 460.894 -128.364 -99.7241 0.5
4 473.049 -239.359 -22.8036 0.5
4 462.32 -25.1673 18.6526 0.5
4 468.732 -101.976 -94.5574 0.5
4 498.069 -89.7834 -29.508 0.5
4 499.835 -89.7856 16.6521 0.5
4 482.819 -246.928 47.4776 0.5
4 495.852 -245.925 -76.4733 0.5
4 452.034 -115.171 -99.5406 0.5
4 445.073 -185.834 38.489 0.5
4 489.531 -261.771 -40.9567 0.5
4 464.747 -193.302 -75.3995 0.5
4 458.328 -106.157 99.4639 0.5
4 490.018 -71.4684 -4.07667 0.5
4 494.787 -217.901 92.3929 0.5
4 445.994 -55.2794 91.7144 0.5
4 480.328 -63.5084 -41.254 0.5
4 485.201 -230.327 -73.9787 0.5
4 460.681 -58.4701 -78.3784 0.5
4 479.706 -165.871 99.2348 0.5
4 451.741 -145.222 -91.593 0.5
4 452.853 -7.63821 -11.155 0.5
4 469.674 -227.789 -40.0261 0.5
4 471.598 -168.92 95.5687 0.5
4 474.941 -139.381 -99.8263 0.5
4 459.706 -67.5572 85.8225 0.5
4 460.322 -90.8114 95.6605 0.5
4 499.022 -118.943 73.2866 0.5
4 457.2 -14.9988 -9.53793 0.5
4 470.493 -42.6061 -31.3426 0.5
4 486.147 -233.882 -72.1888 0.5
4 469.22 -115.909 98.0897 0.5
4 464.3 -89.8824 -92.9195 0.5
4 495.477 -243.587 -77.8645 0.5
4 451.089 -10.0108 34.262 0.5
4 460.026 -191.322 -69.5174 0.5
4 496.408 -280.902 -17.5444 0.5
4 498.195 -209.014 -97.2078 0.5
4 475.881 -225.795 -61.4459 0.5
4 455.695 -202.992 41.3377 0.5
4 483.092 -60.9176 -17.4129 0.5
4 458.323 -36.4724 59.9792 0.5
4 498.608 -170.969 98.8235 0.5
4 459.232 -22.7283 30.188 0.5
4 489.779 -162.209 99.6153 0.5
4 472.583 -148.662 -99.7202 0.5
4 448.638 -50.475 -87.0381 0.5
4 494.666 -141.892 -92.6843 0.5
4 445.323 -193.919 3.23397 0.5
4 498.98 -282.759 28.5054 0.5
4 472.412 -213.937 68.2961 0.5
4 493.322 -163.387 99.054 0.5
4 474.896 -71.6357 -67.7442 0.5
4 472.308 -40.7109 -0.057999 0.5
4 476.484 -59.1102 -45.9184 0.5
4 470.223 -212.875 65.2557 0.5
4 475.001 -198.812 -84.5259 0.5
4 494.391 -120.3 -80.988 0.5
4 490.482 -175.953 99.9292 0.5
4 448.92 -0.651292 9.47179 0.5
4 457.828 -54.7024 -79.2955 0.5
4 498.739 -241.324 -83.6258 0.5
4 488.36 -72.1682 26.7883 0.5
4 451.045 -188.691 52.9852 0.5
4 461.126 -47.7815 67.739 0.5
4 445.735 -181.561 49.5249 0.5
4 473.552 -214.551 69.7221 0.5
4 449.53 -49.1473 85.3493 0.5
4 496.837 -107.891 65.7944 0.5
4 444.671 -192.773 3.72944 0.5
4 457.17 -204.89 -42.7573 0.5
4 486.44 -194.73 95.537 0.5
4 485.577 -95.9574 -73.5654 0.5
4 499.319 -195.511 99.6783 0.5
4 453.05 -25.4982 -57.4412 0.5
4 486.948 -91.7557 -66.9157 0.5
4 491.888 -246.974 69.0326 0.5
4 462.046 -27.5774 30.1115 0.5
4 445.597 -147.842 -84.5509 0.5
4 461.518 -203.944 -57.3472 0.5
4 472.702 -101.601 -91.7417 0.5
4 488.88 -84.3128 52.5139 0.5
4 460.749 -217.745 -24.093 0.5
4 468.596 -152.013 98.4155 0.5
4 474.059 -191.435 87.8946 0.5
4 495.3 -86.695 34.5568 0.5
4 490.299 -196.172 -97.0029 0.5
4 463.256 -223.554 -17.131 0.5
4 494.806 -245.876 74.9531 0.5
4 481.169 -155.342 -99.9974 0.5
4 481.166 -104.067 85.4244 0.5
4 458.616 -203.915 49.4464 0.5
4 487.889 -74.2967 -35.7232 0.5
4 479.27 -210.099 81.9344 0.5
4 467.697 -66.2274 74.6861 0.5
4 480.649 -63.58 40.1685 0.5
4 468.942 -162.109 -96.2221 0.5
4 447.17 -121.653 96.957 0.5
4 455.13 -183.331 69.008 0.5
4 462.316 -23.9848 -10.764 0.5
4 492.041 -240.388 -75.5639 0.5
4 471.212 -154.018 -98.8372 0.5
4 457.67 -185.615 -71.1616 0.5
4 494.803 -87.9243 -39.7746 0.5
4 492.198 -100.528 66.5574 0.5
4 477.138 -115.211 94.0907 0.5
4 477.184 -120.019 -95.661 0.5
4 467.06 -111.102 97.8719 0.5
4 465.807 -184.459 -83.5116 0.5
4 470.074 -36.8425 0.0993862 0.5
4 482.332 -122.777 93.564 0.5
4 451.699 -175.057 71.3729 0.5
4 492.362 -229.364 -84.2182 0.5
4 447.188 -8.95795 -47.0436 0.5
4 448.579 -32.6574 -74.2778 0.5
4 459.309 -136.765 -98.261 0.5
4 484.299 -254.44 36.8558 0.5
4 486.194 -252.136 48.6396 0.5
4 471.514 -232.328 36.7759 0.5
4 471.404 -102.686 93.1164 0.5
4 448.842 -79.9908 -97.9641 0.5
4 481.592 -61.1072 29.0606 0.5
4 491.429 -90.5086 55.2948 0.5
4 487.229 -259.766 36.2157 0.5
4 482.392 -63.0703 -30.8981 0.5
4 497.835 -278.163 -36.1477 0.5
4 446.523 -125.33 95.6175 0.5
4 497.245 -111.484 68.9596 0.5
4 451.75 -172.775 -73.6252 0.5
4 445.675 -19.541 -66.0987 0.5
4 499.579 -247.78 -80.1239 0.5
4 448.345 -19.8487 -60.8469 0.5
4 493.975 -222.778 89.5338 0.5
4 474.101 -153.9 -99.4905 0.5
4 497.946 -224.689 -91.8377 0.5
4 455.809 -66.2943 88.875 0.5
4 477.835 -161.191 99.4034 0.5
4 450.245 -25.0539 63.2664 0.5
4 450.998 -166.775 -77.6815 0.5
4 494.481 -191.758 -99.1976 0.5
4 492.801 -87.5632 46.2868 0.5
4 488.883 -239.276 71.5557 0.5
4 481.077 -72.5084 -55.1906 0.5
5 513.104 -66.8082 -12.8615 0.5
5 543.404 -146.233 94.49 0.5
5 543.473 -137.931 96.9389 0.5
5 515.873 -170.78 -99.5383 0.5
5 503.713 -199.998 -98.4114 0.5
5 543.732 -55.7467 -82.0375 0.5
5 523.567 -176.793 95.7214 0.5
5 514.097 -72.7403 40.3045 0.5
5 531.311 -56.2757 62.3687 0.5
5 543.259 -109.496 -99.9096 0.5
5 536.331 -112.103 -99.0646 0.5
5 518.087 -213.863 82.4987 0.5
5 535.04 -59.5265 72.8939 0.5
5 526.646 -241.443 -14.656 0.5
5 549.053 -158.294 -83.7912 0.5
5 507.347 -77.5023 17.5516 0.5
5 533.39 -229.132 -18.4147 0.5
5 549.437 -29.786 -68.0642 0.5
5 539.897 -19.8538 -7.51722 0.5
5 533.219 -231.053 -4.10643 0.5
5 540.241 -74.4863 -89.5584 0.5
5 500.322 -226.458 -92.3576 0.5
5 525.472 -244.547 1.34921 0.5
5 543.341 -172.49 80.8249 0.5
5 538.268 -219.85 22.4055 0.5
5 544.474 -176.479 -76.135 0.5
5 524.542 -148.634 99.9696 0.5
5 548.825 -4.89126 -12.492 0.5
5 542.206 -61.9235 84.3908 0.5
5 540.897 -78.1517 91.787 0.5
5 546.207 -199.327 -42.1466 0.5
5 530.062 -166.047 -95.5683 0.5
5 521.409 -88.784 77.8129 0.5
5 539.003 -212.327 -41.004 0.5
5 545.628 -181.814 69.2215 0.5
5 551.065 -171.322 -70.3255 0.5
5 503.492 -269.821 48.9624 0.5
5 516.014 -124.148 92.9868 0.5
5 550.507 -42.7974 -81.1772 0.5
5 545.32 -29.2722 -58.7715 0.5
5 506.678 -107.203 -71.5078 0.5
5 505.941 -116.299 78.3922 0.5
5 533.158 -231.057 6.10707 0.5
5 519.29 -138.036 -98.5049 0.5
5 506.819 -126.445 86.3593 0.5
5 536.852 -190.031 -75.8346 0.5
5 522.828 -222.802 67.6259 0.5
5 543.513 -182.78 -71.9282 0.5
5 554.646 -193.422 -10.965 0.5
5 504.891 -117.656 -78.0243 0.5
5 515.785 -88.1428 68.1394 0.5
5 526.391 -58.4621 53.4721 0.5
5 546.989 -32.1005 -65.9299 0.5
5 545.349 -194.034 54.4032 0.5
5 537.992 -204.576 57.657 0.5
5 509.021 -188.396 -98.8155 0.5
5 515.01 -62.6788 -0.6705 0.5
5 530.769 -35.6346 7.11288 0.5
5 539.996 -189.317 71.4958 0.5
5 542.584 -15.5149 10.9189 0.5
5 500.392 -241.465 84.5049 0.5
5 548.031 -5.87843 -8.87491 0.5
5 503.487 -281.001 18.0085 0.5
5 521.461 -246.329 -31.7533 0.5
5 542.893 -163.023 -87.3735 0.5
5 525.765 -71.6261 68.9568 0.5
5 540.702 -129.241 -99.386 0.5
5 513.111 -125.145 -91.289 0.5
5 529.169 -177.016 92.139 0.5
5 551.928 -28.5225 71.2069 0.5
5 530.643 -35.6569 -3.38145 0.5
5 529.417 -190.242 85.0989 0.5
5 536.646 -178.118 -84.8523 0.5
5 513.203 -174.025 -99.6618 0.5
5 539.414 -100.664 98.0315 0.5
5 545.372 -188.628 61.8994 0.5
5 535.411 -170.503 -90.2053 0.5
5 550.807 -120.87 -97.9396 0.5
5 533.668 -181.714 -85.8066 0.5
5 504.5 -228.408 -87.9843 0.5
5 547.152 -111.414 99.9027 0.5
5 531.445 -164.904 95.1729 0.5
5 520.082 -241.369 -48.4558 0.5
5 519.994 -188.822 -93.7578 0.5
5 538.071 -183.219 79.6339 0.5
5 548.405 -69.8851 -93.6937 0.5
5 521.799 -113.363 -92.6802 0.5
5 537.75 -73.0655 86.4722 0.5
5 516.878 -59.4795 -2.76896 0.5
5 520.195 -238.898 52.3524 0.5
5 542.236 -127.729 99.252 0.5
5 502.814 -283.723 3.96743 0.5
5 516.972 -253.486 -33.5391 0.5
5 522.227 -52.9106 -23.2199 0.5
5 520.264 -184.844 94.9864 0.5
5 501.584 -261.604 -65.3731 0.5
5 527.938 -212.427 69.2491 0.5
5 551.178 -99.8848 -99.9999 0.5
5 533.633 -210.906 -59.3468 0.5
5 527.112 -238.557 -24.9372 0.5
5 514.027 -100.23 76.7124 0.5
5 505.466 -93.3308 51.236 0.5
5 523.428 -78.6004 -71.9055 0.5
5 548.397 -49.099 83.0172 0.5
5 554.915 3.45493 24.2516 0.5
5 509.908 -185.81 98.973 0.5
5 527.707 -69.5664 70.2994 0.5
5 509.334 -270.886 17.9424 0.5
5 511.035 -75.4336 -33.7604 0.5
5 535.888 -224.528 -19.8391 0.5
5 540.668 -42.7706 65.6112 0.5
5 508.287 -273.491 -12.8564 0.5
5 501.415 -253.595 73.8997 0.5
5 511.303 -69.3528 7.14593 0.5
5 504.175 -248.21 -74.4469 0.5
5 501.069 -264.242 63.2953 0.5
5 515.537 -160.526 99.9923 0.5
5 519.549 -246.081 -40.8745 0.5
5 550.92 -76.1376 -96.9923 0.5
5 523.962 -92.2233 83.5507 0.5
5 532.943 -153.172 -97.649 0.5
5 521.398 -139.505 -99.2642 0.5
5 550.308 -135.618 94.0143 0.5
5 501.324 -282.791 26.559 0.5
5 511.285 -216.271 88.1908 0.5
5 534.063 -47.6653 57.2193 0.5
5 512.148 -220.006 85.1892 0.5
5 546.39 -78.8147 -95.5463 0.5
5 540.876 -23.6612 33.5208 0.5
5 538.872 -195.276 67.3381 0.5
5 533.691 -85.0991 89.1911 0.5
5 515.487 -179.404 -98.4474 0.5
5 540.701 -79.2757 -92.1222 0.5
5 532.933 -97.2353 -93.8974 0.5
5 548.007 -5.58981 -3.59567 0.5
5 542.202 -173.161 81.7579 0.5
5 527.352 -42.999 -18.3563 0.5
5 539.379 -53.8907 -74.6149 0.5
5 525.014 -155.826 -99.4498 0.5
5 522.801 -247.062 20.4815 0.5
5 504.872 -86.7525 -35.5077 0.5
5 526.985 -47.3024 -32.3172 0.5
5 530.088 -115.664 -97.792 0.5
5 542.314 -77.6088 -92.5902 0.5
5 502.909 -278.174 -32.5972 0.5
5 506.679 -93.4377 54.7663 0.5
5 528.397 -54.2278 52.2526 0.5
5 537.638 -144.33 -97.8031 0.5
5 523.125 -100.386 -87.5981 0.5
5 538.255 -40.2828 -57.046 0.5
5 549.409 -168.08 76.0071 0.5
5 503.652 -159.965 -97.4623 0.5
5 507.143 -266.344 -43.5062 0.5
5 553.019 -179.005 -57.0035 0.5
5 551.024 -172.686 68.9934 0.5
5 520.234 -53.6853 3.35562 0.5
5 554.716 -11.2218 -56.2454 0.5
5 521.294 -82.8949 -72.4777 0.5
5 543.327 -75.6361 92.5008 0.5
5 507.962 -274.677 -6.45159 0.5
5 539.404 -200.171 60.337 0.5
5 519.636 -72.9425 57.6313 0.5
5 532.89 -84.3178 -88.0582 0.5
5 528.681 -108.969 -95.3846 0.5
5 544.257 -69.6819 -90.5956 0.5
5 551.341 -186.107 -50.4213 0.5
5 512.983 -255.62 -44.7429 0.5
5 545.91 -130.979 97.5898 0.5
5 505.545 -274.696 29.2553 0.5
5 533.621 -109.792 97.8447 0.5
5 500.659 -280.074 37.8973 0.5
5 500.951 -189.273 -99.9748 0.5
5 502.527 -284.28 -1.93733 0.5
5 510.598 -117.463 -84.8893 0.5
5 500.838 -284.179 -24.4849 0.5
5 519.818 -248.666 -33.2296 0.5
5 523.973 -229.355 -56.9461 0.5
5 532.244 -201.483 72.7066 0.5
5 539.961 -23.4132 -27.8369 0.5
5 538.19 -50.3582 69.2202 0.5
5 535.441 -121.808 99.8496 0.5
5 532.524 -218.76 50.3188 0.5
5 514.224 -263.356 11.6726 0.5
5 502.214 -86.1054 -15.8507 0.5
5 517.786 -71.6243 50.6146 0.5
5 537.769 -220.351 -23.9294 0.5
5 552.427 -1.28946 25.9331 0.5
5 542.694 -30.9889 54.6632 0.5
5 532.785 -71.3225 -79.5716 0.5
5 546.488 -39.7955 -72.986 0.5
5 555.165 -177.079 -54.3319 0.5
5 501.872 -145.801 91.8114 0.5
5 510.689 -217.383 -88.1478 0.5
5 513.027 -178.381 -99.2445 0.5
5 531.165 -110.64 -97.0637 0.5
5 551.293 -13.5592 -50.566 0.5
5 535.429 -66.7111 79.5469 0.5
5 542.286 -32.0391 55.1859 0.5
5 554.111 -12.3281 -56.3314 0.5
5 501.601 -285.902 0.252366 0.5
5 541.263 -17.7727 -10.6352 0.5
5 527.007 -217.035 65.9884 0.5
5 513.34 -102.492 -77.597 0.5
5 531.902 -193.989 79.5696 0.5
5 531.823 -58.2854 65.8347 0.5
5 509.372 -91.0595 58.1098 0.5
5 503.178 -162.493 97.8389 0.5
5 533.505 -133.631 99.9553 0.5
5 528.168 -79.7933 79.93 0.5
5 550.198 -20.9977 -59.0119 0.5
5 549.754 -2.64224 5.36933 0.5
5 547.083 -204.893 21.0112 0.5
5 555.542 -53.2298 -91.9781 0.5
5 554.395 -116.909 -97.4478 0.5
5 551.796 -188.205 -45.1178 0.5
5 539.696 -100.332 -98.063 0.5
5 555.418 -116.849 97.0374 0.5
5 514.248 -167.179 99.9494 0.5
5 501.078 -286.458 8.36 0.5
5 530.83 -118.018 98.4996 0.5
5 533.061 -81.6564 86.7429 0.5
5 554.741 -156.366 -78.058 0.5
5 517.716 -167.141 99.5804 0.5
5 505.51 -148.225 -95.1043 0.5
5 542.168 -39.2337 64.5159 0.5
5 508 -85.3827 -44.7333 0.5
5 538.367 -58.2976 -76.9006 0.5
5 522.435 -82.5093 -73.9572 0.5
5 524.019 -196.789 -86.7663 0.5
5 517.253 -254.348 -29.4838 0.5
5 506.829 -193.876 98.5396 0.5
5 516.676 -159.73 -100 0.5
5 503.047 -114.172 -72.1656 0.5
5 555.203 -188.245 30.6576 0.5
5 524.621 -177.99 94.7552 0.5
5 537.127 -134.515 -99.484 0.5
5 555.057 -192.426 13.2923 0.5
5 505.282 -269.271 44.1125 0.5
5 502.703 -145.222 92.1778 0.5
5 533.287 -37.5708 35.5994 0.5
5 554.063 -98.634 99.9352 0.5
5 543.863 -94.988 98.4184 0.5
5 531.958 -45.4851 -47.7976 0.5
5 519.257 -57.371 -20.1462 0.5
5 534.352 -217.297 -47.2713 0.5
5 516.76 -112.955 88.4309 0.5
5 517.736 -219.141 -79.0973 0.5
5 519.505 -110.296 -89.5055 0.5
5 553.378 -28.3312 -73.4226 0.5
5 532.504 -64.2491 73.2033 0.5
5 510.771 -92.8085 -63.5498 0.5
5 511.384 -86.1381 56.0437 0.5
5 553.094 -70.6205 96.5359 0.5
5 544.129 -14.9623 23.1683 0.5
5 538.136 -104.499 98.3441 0.5
5 553.429 -67.4006 95.7832 0.5
6 621.711 -127.322 -93.7228 0.5
6 587.367 -192.01 -9.37055 0.5
6 656.24 7.26977 7.47998 0.5
6 609.939 1.31207 -34.7658 0.5
6 592.699 -28.9495 -77.2507 0.5
6 597.777 -192.395 3.32907 0.5
6 621.057 -192.182 7.31964 0.5
6 658.33 -1.8686 -42.3674 0.5
6 559.454 -19.6447 -68.552 0.5
6 629.473 -7.76845 53.1885 0.5
6 634.163 -110.546 -98.3491 0.5
6 577.092 -100.435 -99.6807 0.5
6 647.226 -101.006 -99.6333 0.5
6 588.822 -140.527 87.6845 0.5
6 583.505 -180.095 48.1488 0.5
6 623.16 2.63096 30.9773 0.5
6 596.106 7.52175 -2.37303 0.5
6 593.971 -124.986 94.5592 0.5
6 649.414 -174.476 -57.1986 0.5
6 562.9 -10.9167 -57.8991 0.5
6 582.072 -185.173 -37.4503 0.5
6 568.874 -110.914 98.2807 0.5
6 644.889 5.6032 19.6355 0.5
6 619.191 5.45508 20.3612 0.5
6 659.933 -117.109 -96.912 0.5
6 620.138 -55.8445 93.0593 0.5
6 627.433 -2.0169 -42.683 0.5
6 599.416 -58.9931 94.2371 0.5
6 574.769 5.9132 18.0184 0.5
6 638.141 -191.106 16.3427 0.5
6 616.401 -26.9988 75.6051 0.5
6 620.755 -131.268 -92.1584 0.5
6 655.836 -175.679 55.4347 0.5
6 639.051 -130.587 92.4425 0.5
6 570.135 -86.1516 99.8014 0.5
6 557.364 -177.585 52.4592 0.5
6 565.057 -190.218 -21.0091 0.5
6 567.839 -0.118093 -38.4032 0.5
6 603.422 -96.9308 -99.8996 0.5
6 585.215 -189.044 25.8765 0.5
6 588.938 -191.92 10.2799 0.5
6 622.757 -39.8787 85.0661 0.5
6 608.239 -62.7722 95.4946 0.5
6 584.399 -151.326 80.8306 0.5
6 581.393 -166.23 -67.5018 0.5
6 560.472 -175.793 55.263 0.5
6 621.106 -140.727 -87.5747 0.5
6 559.967 -78.3134 98.9957 0.5
6 644.211 -26.1611 -74.8717 0.5
6 568.479 -191.945 10.0374 0.5
6 585.731 4.26095 25.4357 0.5
6 586.216 -29.3052 77.5418 0.5
6 602.236 3.41223 -28.4678 0.5
6 654.212 -40.9713 -85.7317 0.5
6 645.991 -51.2667 -91.1259 0.5
6 556.305 -187.908 29.7968 0.5
6 637.398 -127.452 93.6742 0.5
6 578.295 -2.54995 43.7946 0.5
6 589.54 -190.722 -18.5129 0.5
6 597.839 -101.833 99.5588 0.5
6 630.729 -14.2682 62.3505 0.5
6 573.128 -163.069 -70.8022 0.5
6 619.241 -114.174 97.6118 0.5
6 573.256 -154.146 -78.6997 0.5
6 613.913 -183.878 -40.5088 0.5
6 618.946 -33.6339 -80.8743 0.5
6 593.609 6.8524 11.7905 0.5
6 560.356 -156.495 76.8003 0.5
6 623.952 3.96201 26.5463 0.5
6 650.591 -2.44303 43.5744 0.5
6 630.755 -135.099 -90.4491 0.5
6 614.127 -181.76 -44.9868 0.5
6 573.741 -88.3657 -99.9166 0.5
6 619.872 -27.7102 -76.2152 0.5
6 647.074 -16.773 -65.368 0.5
6 662.828 -4.84856 48.2283 0.5
6 569.694 -31.8377 -79.537 0.5
6 592.229 -190.426 -20.0186 0.5
6 622.622 -121.984 95.5393 0.5
6 622.66 -73.9751 -98.2786 0.5
6 645.335 -99.3835 99.7593 0.5
6 591.219 7.37473 5.91652 0.5
6 659.83 -0.245508 -38.7081 0.5
6 643.81 -129.177 93.0115 0.5
6 604.659 -29.2564 -77.502 0.5
6 653.002 7.41637 5.16635 0.5
6 619.796 -160.233 73.5222 0.5
6 616.744 -188.962 26.1803 0.5
6 575.595 -56.0555 93.142 0.5
6 568.415 -101.958 -99.547 0.5
6 587.299 -7.32278 -52.4723 0.5
6 605.201 -151.15 80.9588 0.5
6 556.031 -129.348 -92.9438 0.5
6 609.528 5.84247 -18.4003 0.5
6 628.919 -151.836 -80.4572 0.5
6 632.889 -173.549 -58.5063 0.5
6 630.538 -44.5091 87.7591 0.5
6 628.957 7.04486 -10.0377 0.5
6 583.275 6.14086 16.728 0.5
6 658.872 -82.353 -99.4889 0.5
6 607.611 -137.037 89.5098 0.5
6 613.821 -156.978 76.3948 0.5
6 557.717 -25.3643 74.1586 0.5
6 621.048 -64.0724 95.889 0.5
6 626.219 -154.415 78.488 0.5
6 560.747 -18.8648 -67.7142 0.5
6 586.771 -92.4404 100 0.5
6 628.08 -133.164 91.3366 0.5
6 620.509 -175.489 55.7185 0.5
6 566.317 -17.3563 66.0373 0.5
6 590.702 -0.287744 38.8085 0.5
6 599.35 -7.21166 52.2916 0.5
6 628.611 -40.2283 -85.2812 0.5
6 561.884 -133.412 91.2256 0.5
6 611.906 -125.563 94.3586 0.5
6 602.471 -45.8419 -88.4742 0.5
6 622.421 -186.126 34.9976 0.5
6 566.998 -162.535 71.3305 0.5
6 608.854 -189.356 -24.6839 0.5
6 651.317 -172.094 -60.4723 0.5
6 557.856 -67.2825 96.7811 0.5
6 598.86 -176.876 -53.5934 0.5
6 654.703 -190.538 19.4628 0.5
6 564.428 -95.7744 99.9447 0.5
6 574.487 -59.8791 94.547 0.5
6 663.321 -113.913 97.6696 0.5
6 641.471 -187.69 -30.4846 0.5
6 647.624 -48.2756 89.7141 0.5
6 575.366 -75.992 -98.6364 0.5
6 601.181 -188.193 28.8652 0.5
6 643.668 -186.394 -34.2704 0.5
6 654.053 -184.533 -38.9964 0.5
6 607.525 -76.7066 98.7529 0.5
6 586.544 -2.26254 43.1996 0.5
6 608.403 -169.829 63.3438 0.5
6 648.444 -189.56 23.8662 0.5
6 576.935 -48.8563 89.9977 0.5
6 663.423 1.07922 35.3874 0.5
6 568.294 -0.389418 39.0491 0.5
6 590.838 -71.1857 -97.713 0.5
6 615.486 -26.7149 -75.3584 0.5
6 616.849 -189.956 22.1949 0.5
6 604.714 -135.214 -90.3951 0.5
6 661.05 -114.659 97.5027 0.5
6 633.255 -62.5619 95.429 0.5
6 619.726 -120.353 -96.0282 0.5
6 584.654 -188.579 -27.5548 0.5
6 558.279 -5.09853 -48.6796 0.5
6 633.499 -177.281 -52.9505 0.5
6 559.884 -148.695 82.6831 0.5
6 645.069 -88.4869 -99.9214 0.5
6 619.864 -21.5415 70.5122 0.5
6 655.857 5.37047 -20.7639 0.5
6 661.056 -104.402 -99.2832 0.5
6 654.49 -20.0642 68.9948 0.5
6 569.752 -121.415 -95.7134 0.5
6 598.339 -81.6175 -99.4115 0.5
6 618.811 -69.2972 97.2828 0.5
6 618.827 -192.077 8.63045 0.5
6 588.053 7.37871 -5.84901 0.5
6 591.921 -104.651 99.2529 0.5
6 644.207 4.13147 25.923 0.5
6 646.621 -170.222 -62.8611 0.5
6 655.441 -154.341 78.546 0.5
6 631.794 -12.3509 59.8675 0.5
6 560.427 6.22343 -16.2338 0.5
6 579.758 -192.449 -0.459749 0.5
6 575.594 -16.7314 65.3199 0.5
6 637.046 7.54642 0.836053 0.5
6 557.174 -92.4513 -100 0.5
6 560.057 2.13917 -32.448 0.5
6 569.696 -5.4375 -49.2829 0.5
6 649.979 -102.771 -99.466 0.5
6 607.75 -165.758 68.0144 0.5
6 560.25 -191.404 -14.4259 0.5
6 605.223 -192.353 -4.41573 0.5
6 636.017 -174.552 -57.0905 0.5
6 615.096 -176.588 54.044 0.5
6 600.071 -144.195 -85.5716 0.5
6 567.862 -179.727 -48.813 0.5
6 664.299 -132.496 -91.6315 0.5
6 605.679 -111.7 98.1298 0.5
6 558.922 -99.8046 99.7292 0.5
6 574.81 7.50887 -2.86474 0.5
6 579.272 -47.2616 -89.2076 0.5
6 616.404 3.06611 29.6084 0.5
6 655.449 -35.8515 -82.4415 0.5
6 641.973 -54.9782 -92.7138 0.5
6 562.034 -180.765 -46.9092 0.5
6 561.099 -170.804 62.1348 0.5
6 634.736 -179.966 -48.3835 0.5
6 560.996 -187.841 30.0081 0.5
6 629.763 0.127156 37.8081 0.5
6 589.014 -168.761 -64.6265 0.5
6 600.808 -17.3232 65.9996 0.5
6 633.919 -88.9406 99.9384 0.5
6 655.063 7.41386 -5.21461 0.5
6 609.641 -11.2101 -58.31 0.5
6 635.816 -176.089 -54.813 0.5
6 601.605 -129.815 -92.7569 0.5
6 638.965 -71.8019 -97.845 0.5
6 633.784 0.356112 37.2426 0.5
6 639.349 -157.31 -76.113 0.5
6 586.541 -133.826 -91.0389 0.5
6 665.7 -180.733 -46.9689 0.5
6 557.509 -8.59351 54.48 0.5
6 583.864 6.32989 -15.5729 0.5
6 563.284 -154.729 78.2387 0.5
6 585.671 -157.805 -75.6883 0.5
6 591.101 -116.656 97.0262 0.5
6 622.884 -65.8549 -96.3986 0.5
6 570.846 -136.901 89.5774 0.5
6 627.176 -47.2842 -89.2191 0.5
6 634.197 -186.209 -34.7746 0.5
6 621.413 -20.4673 69.4152 0.5
6 642.671 -37.5113 83.5567 0.5
6 666.303 -143.889 85.7557 0.5
6 627.171 -65.9004 -96.4112 0.5
6 561.776 -102.565 99.4871 0.5
6 609.538 -46.4762 -88.8054 0.5
6 556.9 7.51391 -2.68289 0.5
6 580.937 -172.105 -60.4573 0.5
6 568.682 -180.443 47.5112 0.5
6 558.623 -2.34971 -43.3811 0.5
6 643.351 -187.339 -31.5608 0.5
6 618.442 -21.3457 -70.3147 0.5
6 588.06 -128.916 93.1141 0.5
6 661.393 -138.742 88.6401 0.5
6 623.647 -21.1706 70.1373 0.5
6 661.77 4.10814 26.0098 0.5
6 642.6 -112.85 -97.8971 0.5
6 571.115 -56.1085 93.1627 0.5
6 647.287 -10.6407 -57.5084 0.5
6 563.434 -2.13159 42.9251 0.5
6 650.477 -0.804446 -40.0134 0.5
6 635.088 1.45264 34.3843 0.5
6 637.825 -12.8298 60.503 0.5
6 627.656 -3.96248 -46.5826 0.5
6 607.971 -13.2647 -61.0711 0.5
6 571.033 -6.59283 51.2692 0.5
6 646.804 -37.121 -83.2988 0.5
6 599.679 -192.322 -5.05392 0.5
6 583.507 -191.794 -11.438 0.5
6 632.768 4.1957 25.6825 0.5
7 639.186 -2.69351 -90.679 0.5
7 631.787 -18.0633 99.0189 0.5
7 661.462 -15.8175 -73.6744 0.5
7 649.048 -108.613 88.437 0.5
7 627.219 -123.082 14.4054 0.5
7 635.918 -88.8445 86.8018 0.5
7 646.706 -88.4072 95.2254 0.5
7 643.093 -95.4234 -89.8956 0.5
7 614.61 -62.0603 80.1682 0.5
7 661.987 -42.6337 90.8855 0.5
7 613.726 35.8798 93.0482 0.5
7 612.361 23.9871 -97.4641 0.5
7 620.658 59.1512 -69.4891 0.5
7 646.921 31.505 44.0929 0.5
7 629.854 61.6487 42.884 0.5
7 655.756 -15.3457 81.3144 0.5
7 618.241 -49.2608 -91.349 0.5
7 620.9 86.7938 2.26652 0.5
7 659.967 -153.585 68.6231 0.5
7 654.009 -163.352 -37.1929 0.5
7 659.667 -86.4963 99.8094 0.5
7 666.603 -140.612 87.5773 0.5
7 658.846 -118.3 91.913 0.5
7 637.672 38.6689 58.7832 0.5
7 626.664 35.8723 -80.7147 0.5
7 634.512 -123.658 49.478 0.5
7 626.214 14.4363 -92.9745 0.5
7 659.797 15.8056 26.7456 0.5
7 611.64 -20.561 97.219 0.5
7 645.266 -129.987 -66.59 0.5
7 656.956 -94.8507 98.1355 0.5
7 647.003 -13.3429 -89.278 0.5
7 666.183 -83.2725 -99.6516 0.5
7 641.022 41.4699 44.6033 0.5
7 613.984 -30.2239 95.6959 0.5
7 628.403 5.99126 94.6855 0.5
7 661.778 -171.901 -47.6493 0.5
7 665.1 -105.788 98.7033 0.5
7 630.181 62.9775 -38.6397 0.5
7 659.83 -12.3408 -73.0712 0.5
7 611.644 -52.1943 83.4859 0.5
7 635.494 -51.5027 99.1456 0.5
7 665.118 -93.6185 -99.9258 0.5
7 647.429 39.6768 -15.4032 0.5
7 665.617 -56.5039 93.9959 0.5
7 663.249 13.4468 -2.1591 0.5
7 665.287 -190.041 2.00001 0.5
7 641.408 51.188 -4.7013 0.5
7 661.839 15.4561 9.5394 0.5
7 647.687 -4.84449 83.6925 0.5
7 611.732 87.4459 -53.0841 0.5
7 633.506 64.9456 -2.81843 0.5
7 646.591 -28.2817 -95.5818 0.5
7 666.493 -108.05 -98.7277 0.5
7 663.568 -41.7053 -89.1116 0.5
7 632.425 18.9316 85.3724 0.5
7 658.591 0.00412917 -61.9914 0.5
7 659.565 -118.967 -92.1582 0.5
7 663.15 -112.826 96.4338 0.5
7 662.777 1.27294 -49.329 0.5
7 658.734 -175.303 -25.881 0.5
7 632.572 46.4527 60.2014 0.5
7 663.012 -42.0278 89.7546 0.5
7 630.537 39.5428 -71.984 0.5
7 622.145 29.9013 89.1827 0.5
7 665.875 -170.964 -60.1523 0.5
7 662.655 9.81042 -30.2579 0.5
7 621.587 -3.27579 99.3826 0.5
7 612.471 -33.5417 93.6892 0.5
7 649.892 -15.6077 -87.8431 0.5
7 622.197 67.0547 -56.5419 0.5
7 626.407 -78.3402 83.104 0.5
7 660.192 -161.735 59.3283 0.5
7 634.235 -103.923 73.6489 0.5
7 613.512 97.8837 18.5333 0.5
7 652.637 31.7174 -5.15676 0.5
7 629.356 -64.6127 -92.9879 0.5
7 628.075 38.4909 -76.7557 0.5
7 665.827 -182.109 -41.2137 0.5
7 615.282 -83.1622 -60.3802 0.5
7 624.68 64.4326 54.011 0.5
7 614.536 42.1983 -89.6244 0.5
7 614.951 -16.8655 99.0166 0.5
7 623.638 -113.036 -30.8795 0.5
7 634.221 18.0409 83.978 0.5
7 633.337 -14.1435 -97.8598 0.5
7 625.386 -120.057 13.3367 0.5
7 620.718 28.1403 -91.2063 0.5
7 666.374 -113.225 97.709 0.5
7 639.133 8.8326 -84.4261 0.5
7 618.972 52.7143 -78.0187 0.5
7 640.103 -121.493 66.0852 0.5
7 642.014 -76.4157 96.3794 0.5
7 662.152 -155.984 70.0619 0.5
7 618.225 90.4078 -14.4232 0.5
7 621.538 -76.2479 78.4897 0.5
7 633.685 41.2528 -64.3123 0.5
7 641.888 42.9655 -38.0018 0.5
7 613.195 74.0301 67.4092 0.5
7 612.827 -95.4946 26.961 0.5
7 656.51 -163.448 -46.3884 0.5
7 639.392 -144.736 9.71398 0.5
7 648.848 -157.413 28.591 0.5
7 660.856 -44.0202 92.3478 0.5
7 624.701 75.4035 30.711 0.5
7 629.878 -46.3674 98.4323 0.5
7 664.922 -133.81 -89.6118 0.5
7 664.418 -182.265 34.9046 0.5
7 616.867 -49.3043 -90.2305 0.5
7 654.749 4.38981 -64.7608 0.5
7 641.209 -117.4 -72.3393 0.5
7 637.842 -36.1322 -99.7955 0.5
7 653.437 15.2955 -52.9497 0.5
7 646.418 31.4906 45.8521 0.5
7 657.818 -40.1147 92.8995 0.5
7 630.112 18.222 -88.0755 0.5
7 661.64 -11.0971 -68.7211 0.5
7 614.078 -64.8615 77.2536 0.5
7 612.515 -14.9348 -98.6661 0.5
7 625.068 -109.476 -45.4465 0.5
7 665.138 -130.898 91.1653 0.5
7 615.751 -38.5178 93.9498 0.5
7 630.893 -126.314 -28.595 0.5
7 652.077 -143.339 64.8063 0.5
7 621.677 -16.6664 -99.9771 0.5
7 651.714 -133.211 74.542 0.5
7 645.452 -152.663 24.4764 0.5
7 632.833 -23.905 -99.5044 0.5
7 662.26 12.9506 21.0131 0.5
7 629.78 -124.116 29.4788 0.5
7 633.275 -131.227 -25.8053 0.5
7 619.85 3.95615 -98.8199 0.5
7 647.622 38.9216 -17.9018 0.5
7 630.02 34.423 -77.3333 0.5
7 653.966 -81.9487 99.337 0.5
7 657.506 15.1715 39.7613 0.5
7 642.73 -141.939 41.5749 0.5
7 652.423 -71.2789 -99.9387 0.5
7 625.871 57.2823 61.2166 0.5
7 642.89 -43.0089 -99.6583 0.5
7 626.759 67.7639 41.2569 0.5
7 621.663 85.2142 7.53236 0.5
7 617.884 -4.78926 99.9499 0.5
7 643.465 -63.6565 -99.349 0.5
7 644.979 11.3215 74.9445 0.5
7 632.129 -99.1284 -74.6849 0.5
7 621.023 -63.8619 86.3301 0.5
7 616.079 -8.11087 99.9461 0.5
7 656.86 -120.022 -89.5249 0.5
7 645.926 36.2706 37.2665 0.5
7 649.594 14.605 -63.216 0.5
7 631.438 53.0263 53.5434 0.5
7 641.839 -27.8036 -97.6298 0.5
7 612.682 100.58 -9.71924 0.5
7 635.47 -36.2925 -99.9774 0.5
7 618.357 67.2184 -64.9988 0.5
7 664.729 -115.857 -96.352 0.5
7 649.494 -79.625 98.5583 0.5
7 637.848 23.7401 74.8836 0.5
7 623.543 -50.9695 94.3236 0.5
7 654.793 -53.731 98.3385 0.5
7 619.068 49.9144 -80.0597 0.5
7 622.178 -63.8245 -87.4898 0.5
7 636.184 59.743 -10.9764 0.5
7 632.502 -33.8152 99.9985 0.5
7 656.763 -126.717 85.767 0.5
7 623.529 -65.7634 -87.7103 0.5
7 634.928 -131.905 32.9178 0.5
7 647.016 29.9699 46.7798 0.5
7 620.865 -57.4882 89.6184 0.5
7 625.435 -101.62 -59.212 0.5
7 629.63 -41.7951 -99.0852 0.5
7 638.885 34.121 -62.0105 0.5
7 653.731 -163.576 -35.3825 0.5
7 640.424 17.1419 76.7225 0.5
7 616.836 18.5251 96.9102 0.5
7 655.16 -125.876 -84.5759 0.5
7 638.865 -143.481 -12.7373 0.5
7 618.064 24.3996 94.5136 0.5
7 620.828 86.529 9.10729 0.5
7 621.721 -61.6162 88.2589 0.5
7 656.551 0.985262 65.0928 0.5
7 632.716 -79.3969 88.9201 0.5
7 648.057 -116.014 -82.9857 0.5
7 658.895 19.6238 16.5957 0.5
7 659.455 -130.391 -86.3513 0.5
7 616.884 -84.3615 62.4058 0.5
7 636.775 -121.009 -59.5535 0.5
7 654.626 -116.683 -89.2583 0.5
7 653.51 -47.4706 -97.5067 0.5
7 666.527 -27.0195 75.8322 0.5
7 645.023 -15.5762 -91.9172 0.5
7 652.033 -155.343 47.0513 0.5
7 663.487 -162.069 -66.0008 0.5
7 620.15 52.9485 76.1385 0.5
7 633.843 -39.5211 -99.923 0.5
7 662.507 -97.3141 -99.2691 0.5
7 624.29 -76.0408 82.1723 0.5
7 641.652 -148.415 -11.8821 0.5
7 640.131 -138.961 38.0661 0.5
7 626.729 -69.7169 -88.5625 0.5
7 655.093 -27.6418 -89.4225 0.5
7 664.112 -136.046 -87.7157 0.5
7 625.054 -71.4256 -85.9872 0.5
7 636.912 -94.2263 84.6029 0.5
7 665.132 2.5274 38.4354 0.5
7 641.311 10.4625 -80.7439 0.5
7 619.181 -96.2145 51.009 0.5
7 642.189 -139.814 -44.0795 0.5
7 634.226 -7.95598 95.9102 0.5
7 631.462 -86.6157 83.4228 0.5
7 650.269 -163.461 10.8152 0.5
7 644.743 -120.775 74.8633 0.5
7 633.853 -135.604 -1.51265 0.5
7 655.458 -41.606 94.9322 0.5
7 662.724 -127.815 90.6625 0.5
7 629.079 -101.993 -66.543 0.5
7 651.446 -66.1548 -100 0.5
7 622.086 75.7915 41.4033 0.5
7 628.413 -55.4313 -95.6303 0.5
7 634.552 -53.4434 -98.6097 0.5
7 652.102 -6.47578 -79.4337 0.5
7 655.194 -70.5479 99.9794 0.5
7 635.538 -25.3915 99.1327 0.5
7 639.797 -124.361 -62.0131 0.5
7 654.403 -103.112 94.7741 0.5
7 666.555 -81.7017 -99.4414 0.5
7 624.919 46.3956 -74.6513 0.5
7 623.62 -77.5011 -80.2914 0.5
7 612.199 20.0928 -98.3295 0.5
7 659.164 -166.083 -49.955 0.5
7 647.476 -82.9899 97.1316 0.5
7 658.286 -148.967 70.3883 0.5
7 661.147 -182.137 12.2431 0.5
7 653.963 -106.552 93.2547 0.5
7 664.912 8.1319 22.0313 0.5
7 625.001 -107.772 48.4319 0.5
7 660.44 -0.245921 -58.059 0.5
7 633.558 -54.7173 -98.0579 0.5
8 612.288 -38.6092 89.5919 0.5
8 631.682 -58.9765 -17.9225 0.5
8 651.529 54.8511 -98.1918 0.5
8 634.774 133.071 46.9161 0.5
8 652.999 131.46 -83.4282 0.5
8 612.075 -20.8876 -96.471 0.5
8 616.276 60.0782 -88.0752 0.5
8 620.328 -30.48 -86.4754 0.5
8 613.164 -15.101 -97.4516 0.5
8 632.663 113.844 -68.6212 0.5
8 622.145 29.4034 99.7874 0.5
8 611.886 -39.6333 -89.428 0.5
8 637.232 -6.1115 83.4313 0.5
8 631.415 -42.9815 57.3452 0.5
8 663.778 194.132 13.1238 0.5
8 621.816 76.9264 -83.7715 0.5
8 632.452 59.5102 -98.2225 0.5
8 653.271 36.8829 91.6882 0.5
8 635.514 34.2404 99.3012 0.5
8 653.062 172.35 28.2932 0.5
8 646.078 162.486 19.1631 0.5
8 618.483 -32.009 -87.4225 0.5
8 624.058 27.6251 99.9898 0.5
8 647.456 -18.9022 -51.6506 0.5
8 665.403 94.3929 99.9416 0.5
8 636.322 147.065 8.6545 0.5
8 644.321 -38.5907 4.77278 0.5
8 665.104 138.691 -91.0283 0.5
8 632.431 76.3607 93.426 0.5
8 618.137 57.2681 -91.0625 0.5
8 663.881 37.8924 -81.9674 0.5
8 639.382 55.136 99.9713 0.5
8 645.54 158.688 30.3601 0.5
8 650.916 -5.24478 -62.6226 0.5
8 624.929 116.326 -46.3345 0.5
8 653.735 148.768 -70.2516 0.5
8 647.645 -31.2975 18.0887 0.5
8 627.808 -32.1624 -76.1149 0.5
8 643.462 158.152 18.1234 0.5
8 664.101 132.5 92.9254 0.5
8 644.418 54.3645 -99.7476 0.5
8 648.041 -27.4051 -30.7826 0.5
8 617.456 77.1967 -78.1173 0.5
8 648.087 108.445 91.3757 0.5
8 640.524 -0.0720643 83.6531 0.5
8 639.426 -31.683 53.476 0.5
8 660.917 70.6487 98.1016 0.5
8 631.609 52.3919 99.1366 0.5
8 625.795 108.092 61.4607 0.5
8 659.923 -4.55237 37.0771 0.5
8 642.858 37.3105 -97.6719 0.5
8 657.334 125.378 -90.9627 0.5
8 623.786 28.6254 -99.958 0.5
8 663.754 143.427 87.4665 0.5
8 635.626 97.587 -85.8086 0.5
8 652.557 26.2146 86.9764 0.5
8 653.408 -20.9199 -20.117 0.5
8 635.8 -51.8161 -18.0742 0.5
8 627.915 -47.8747 58.9801 0.5
8 626.826 105.191 -67.043 0.5
8 652.905 83.3263 -99.7432 0.5
8 618.005 73.7103 81.4657 0.5
8 665.003 188.657 -40.2585 0.5
8 613.736 -89.7182 -19.7067 0.5
8 622.069 85.4974 77.8672 0.5
8 651.973 136.373 78.5993 0.5
8 626.787 130.877 3.15575 0.5
8 651.72 174.112 0.410674 0.5
8 624.68 -20.9129 87.6228 0.5
8 656.383 86.3325 99.9141 0.5
8 632.167 34.0911 -99.8105 0.5
8 661.523 -8.77645 5.1625 0.5
8 659.498 187.556 2.37406 0.5
8 651.13 80.8177 99.7009 0.5
8 656.658 119.991 -92.7725 0.5
8 643.958 147.099 50.2937 0.5
8 665.669 196.179 20.3491 0.5
8 666.067 61.067 92.5422 0.5
8 648.905 10.8438 81.1804 0.5
8 628.682 57.6658 -97.21 0.5
8 643.694 120.192 -80.0139 0.5
8 611.874 70.451 -75.6887 0.5
8 665.333 169.717 69.3695 0.5
8 652.183 70.9243 99.9204 0.5
8 638.585 -48.6383 0.182945 0.5
8 666.016 193.509 32.3126 0.5
8 658.185 40.4856 89.3916 0.5
8 648.209 26.2651 -90.8606 0.5
8 621.867 119.101 -25.4911 0.5
8 646.099 25.5278 -92.1455 0.5
8 649.58 15.6581 83.6825 0.5
8 620.118 -71.3732 42.0091 0.5
8 633.314 -57.3055 -9.60801 0.5
8 647.42 165.183 17.144 0.5
8 650.834 26.1223 -88.555 0.5
8 616.833 -74.5237 -47.1086 0.5
8 654.906 95.2823 -98.7674 0.5
8 638.307 77.7463 96.3233 0.5
8 612.868 31.7036 96.8542 0.5
8 632.648 -41.3382 -56.6365 0.5
8 626.737 5.92606 -96.847 0.5
8 625.867 118.069 -46.1072 0.5
8 619.072 27.0243 99.5515 0.5
8 625.86 122.187 -37.0913 0.5
8 663.012 1.55585 38.9217 0.5
8 656.315 14.3299 -73.5603 0.5
8 630.029 -61.2207 21.039 0.5
8 627.75 -55.819 -46.7243 0.5
8 615.898 111.02 14.425 0.5
8 664.478 180.376 -54.0009 0.5
8 646.897 104.928 -92.0093 0.5
8 640.775 -27.9165 55.6703 0.5
8 647.83 149.932 -56.4286 0.5
8 653.207 141.512 76.1425 0.5
8 646.705 32.9108 94.5665 0.5
8 634.555 82.1 92.6139 0.5
8 661.486 -3.42686 32.8428 0.5
8 665.768 130.454 -94.7381 0.5
8 646.455 162.012 24.2328 0.5
8 642.437 -20.1397 -62.3631 0.5
8 620.348 60.4708 -91.3444 0.5
8 618.539 112.076 29.8676 0.5
8 638.28 -42.2576 36.5255 0.5
8 659.294 8.49443 61.6486 0.5
8 617.862 64.8514 -86.9551 0.5
8 649.296 166.873 24.4683 0.5
8 649.051 138.023 -72.8218 0.5
8 648.252 47.4189 -97.8371 0.5
8 656.283 84.3408 -99.9729 0.5
8 662.02 162.364 -71.0089 0.5
8 663.045 193.723 0.988023 0.5
8 636.067 -2.81125 86.7115 0.5
8 616.281 -8.50759 -97.719 0.5
8 659.13 -12.9453 4.64583 0.5
8 648.552 85.0131 98.648 0.5
8 647.483 108.727 -90.7737 0.5
8 641.14 -33.0717 45.871 0.5
8 625.778 100.14 70.4595 0.5
8 665.852 198.439 5.47215 0.5
8 637.294 -22.179 70.1121 0.5
8 627.078 122.973 -40.2488 0.5
8 624.681 -64.976 -38.5869 0.5
8 655.404 -13.6041 -33.8497 0.5
8 635.462 145.618 -8.15589 0.5
8 642.208 78.4576 97.8084 0.5
8 648.249 106.616 -92.285 0.5
8 644.983 140.7 62.2564 0.5
8 612.77 -4.68319 -99.3558 0.5
8 619.835 8.15736 -99.4229 0.5
8 636.289 83.5401 93.2347 0.5
8 630.878 68.147 -95.3514 0.5
8 620.39 51.4157 94.8859 0.5
8 635.755 93.8838 -88.0393 0.5
8 628.087 132.584 10.8813 0.5
8 617.644 -19.7265 -93.7431 0.5
8 629.571 135.557 -6.18129 0.5
8 619.497 36.1769 98.3892 0.5
8 658.41 -13.3767 13.5591 0.5
8 658.045 173.646 -46.4068 0.5
8 641.182 -3.70572 80.324 0.5
8 637.661 -2.31958 85.3673 0.5
8 613.493 94.2868 -50.3722 0.5
8 627.183 -37.2332 72.5273 0.5
8 654.844 64.0454 98.7951 0.5
8 647.32 144.858 -62.1181 0.5
8 638.981 39.8812 -99.2572 0.5
8 628.187 96.8653 -77.2392 0.5
8 615.209 45.9661 93.6401 0.5
8 652.213 1.76526 68.1294 0.5
8 660.396 43.789 89.1259 0.5
8 651.242 101.062 96.0644 0.5
8 658.001 -0.556786 -51.7832 0.5
8 642.544 -35.8161 -34.0228 0.5
8 645.272 111.433 87.4574 0.5
8 639.209 -17.6255 -71.3481 0.5
8 640.947 130.488 -66.102 0.5
8 615.573 102.913 40.5492 0.5
8 665.817 6.15187 38.2942 0.5
8 616.964 34.68 -97.8197 0.5
8 624.312 -64.3167 41.5559 0.5
8 637.176 127.42 -61.95 0.5
8 664.618 48.7857 87.909 0.5
8 656.507 177.869 -29.7674 0.5
8 621.279 12.0822 99.5663 0.5
8 641.096 151.845 -27.5312 0.5
8 638.354 150.16 -12.6341 0.5
8 648.929 161.881 -37.7443 0.5
8 656.325 103.08 -97.7718 0.5
8 617.788 -73.5158 -45.8777 0.5
8 660.024 181.103 -37.732 0.5
8 647.233 -12.727 -61.2235 0.5
8 621.693 50.8915 95.7668 0.5
8 617.755 -60.5516 65.1853 0.5
8 665.534 135.67 -92.6489 0.5
8 663.547 113.478 -98.2011 0.5
8 638.421 38.9598 99.2631 0.5
8 630.069 111.607 -66.1477 0.5
8 653.765 70.8683 -99.7696 0.5
8 623.272 -70.5483 -30.0251 0.5
8 634.451 96.875 -85.0026 0.5
8 616.943 59.7895 88.8367 0.5
8 617.373 8.43721 99.8087 0.5
8 663.512 132.782 -92.3969 0.5
8 639.9 135.622 -57.2613 0.5
8 613.629 107.795 -8.24942 0.5
8 655.713 172.256 40.9556 0.5
8 627.197 -2.9778 93.8181 0.5
8 616.816 -70.9999 53.2282 0.5
8 651.106 -26.6671 7.52959 0.5
8 631.959 -45.4251 -52.176 0.5
8 639.187 26.0458 -96.464 0.5
8 631.28 79.3386 91.3741 0.5
8 652.412 -13.0615 -46.8037 0.5
8 617.575 -17.8651 -94.4552 0.5
8 661.827 137.915 88.6366 0.5
8 645.194 74.1497 -99.3548 0.5
8 644.708 60.4241 99.9881 0.5
8 622.688 -74.6419 -17.4358 0.5
8 619.539 -58.547 -63.9006 0.5
8 629.614 -6.40817 90.645 0.5
8 612.08 19.6774 98.9833 0.5
8 645.573 -25.5707 45.5271 0.5
8 635.695 -43.0467 44.8028 0.5
8 657.842 183.972 -12.1686 0.5
8 613.89 -79.807 -46.7586 0.5
8 631.499 126.254 -49.0088 0.5
8 659.571 134.804 88.2166 0.5
8 650.704 -24.2394 25.8859 0.5
9 769.639 8.69293 40.7801 0.5
9 906.857 11.7787 -47.085 0.5
9 820.306 67.0625 -94.4199 0.5
9 972.556 96.8586 99.9506 0.5
9 764.369 129.275 95.6188 0.5
9 880.132 199.884 -4.80818 0.5
9 981.148 162.307 78.2167 0.5
9 953.564 69.9635 -95.3824 0.5
9 779.644 27.5884 -68.9678 0.5
9 725.812 104.81 99.8842 0.5
9 902.379 193.839 34.5587 0.5
9 844.834 177.731 62.9113 0.5
9 685.444 132.414 94.6011 0.5
9 894.093 182.174 56.9857 0.5
9 682.406 3.40223 -25.8625 0.5
9 869.039 184.652 -53.2358 0.5
9 740.882 133.183 -94.334 0.5
9 728.939 101.091 99.9941 0.5
9 723.627 48.1423 85.5031 0.5
9 860.466 33.7733 74.9268 0.5
9 805.924 95.0573 -99.8778 0.5
9 672.414 0.122944 -4.95719 0.5
9 736.147 199.589 9.06107 0.5
9 969.962 16.5896 -55.1607 0.5
9 885.966 31.8685 73.1991 0.5
9 965.426 187.357 -48.6696 0.5
9 667.098 70.9213 95.6788 0.5
9 930.254 165.951 75.1692 0.5
9 865.824 186.455 50.2543 0.5
9 877.747 71.8662 -95.9609 0.5
9 848.537 198.313 -18.2929 0.5
9 673.15 54.2037 -88.8971 0.5
9 815.312 105.514 -99.8479 0.5
9 920.79 5.68454 33.2354 0.5
9 731.754 5.65091 33.1398 0.5
9 943.917 58.3272 -90.9031 0.5
9 836.823 66.7009 94.293 0.5
9 797.896 77.1295 -97.3496 0.5
9 717.24 165.248 75.781 0.5
9 978.733 23.422 64.3102 0.5
9 822.625 59.8304 91.5773 0.5
9 946.551 188.602 46.3652 0.5
9 828.222 126.566 -96.4066 0.5
9 671.103 13.0327 -49.3628 0.5
9 953.621 31.3307 -72.6948 0.5
9 952.05 175.177 65.9423 0.5
9 907.488 68.0269 -94.7508 0.5
9 856.878 24.4748 65.5434 0.5
9 995.898 170.152 71.2646 0.5
9 842.407 0.509259 -10.0793 0.5
9 792.811 50.5107 -86.8954 0.5
9 683.628 199.948 -3.22236 0.5
9 734.503 153.797 -84.2967 0.5
9 862.531 97.4681 99.9679 0.5
9 906.026 141.946 -90.7776 0.5
9 790.382 143.176 -90.199 0.5
9 838.675 189.74 44.1214 0.5
9 954.198 33.5956 74.7694 0.5
9 733.338 180.361 -59.5152 0.5
9 811.368 190.85 41.7894 0.5
9 734.802 14.22 -51.3983 0.5
9 792.587 199.437 -10.5949 0.5
9 710.699 13.4283 -50.0535 0.5
9 929.087 198.224 -18.7605 0.5
9 930.09 10.5739 -44.7545 0.5
9 733.68 22.4937 63.1883 0.5
9 852.858 24.0049 64.9981 0.5
9 937.191 148.09 87.6776 0.5
9 723.445 1.62279 17.9423 0.5
9 959.405 111.623 99.3223 0.5
9 950.843 20.4267 60.5647 0.5
9 741.719 179.841 60.2113 0.5
9 947.513 93.4908 -99.7879 0.5
9 776.68 67.4897 -94.5678 0.5
9 734.342 197.439 22.4872 0.5
9 927.701 113.925 -99.0258 0.5
9 870.246 147.928 -87.766 0.5
9 895.14 126.595 -96.3986 0.5
9 851.854 8.21918 -39.7024 0.5
9 856.641 199.953 -3.06478 0.5
9 716.805 199.93 -3.74318 0.5
9 902.811 61.7767 -92.4066 0.5
9 752.853 75.302 -96.9021 0.5
9 722.475 80.7629 -98.1322 0.5
9 992.506 96.6521 99.9439 0.5
9 904.598 173.024 68.3192 0.5
9 756.431 195.364 30.0937 0.5
9 701.012 93.3336 99.7776 0.5
9 680.618 1.03937 -14.3803 0.5
9 882.623 55.608 -89.6067 0.5
9 933.797 115.94 98.7213 0.5
9 676.194 145.077 89.2641 0.5
9 687.03 198.334 -18.1781 0.5
9 965.08 44.1376 82.9421 0.5
9 809.281 183.129 55.5841 0.5
9 874.524 155.445 -83.2218 0.5
9 870.058 98.188 -99.9836 0.5
9 897.523 2.39907 21.7729 0.5
9 976.815 126.657 -96.3815 0.5
9 717.678 152.912 84.8546 0.5
9 738.257 199.979 2.04236 0.5
9 990.177 170.619 70.8024 0.5
9 678.603 50.4436 86.8571 0.5
9 942.809 67.0267 -94.4074 0.5
9 687.137 199.744 7.14663 0.5
9 879.342 53.4216 -88.4898 0.5
9 733.001 24.4801 65.5495 0.5
9 690.944 62.8063 -92.8258 0.5
9 679.426 51.0753 87.2145 0.5
9 803.623 199.723 7.43599 0.5
9 897.697 155.481 -83.1977 0.5
9 863.388 45.869 -84.0823 0.5
9 909.694 35.9356 76.7838 0.5
9 696.414 153.553 -84.4517 0.5
9 919.283 95.024 -99.8761 0.5
9 828.61 60.8911 -92.0353 0.5
9 826.308 47.8724 85.3388 0.5
9 770.209 0.0114443 -1.51285 0.5
9 679.205 29.4621 70.8831 0.5
9 952.189 17.0237 -55.8116 0.5
9 880.303 199.962 2.75458 0.5
9 779.069 87.5761 99.2252 0.5
9 934.74 39.8015 -79.8508 0.5
9 735.357 190.185 -43.2043 0.5
9 988.482 107.367 -99.7283 0.5
9 931.921 151.212 -85.8911 0.5
9 714.556 165.043 -75.9566 0.5
9 683.59 156.125 82.7649 0.5
9 896.22 199.999 -0.534276 0.5
9 910.799 3.69397 26.9286 0.5
9 770.962 189.16 -45.2825 0.5
9 925.182 8.01069 -39.2169 0.5
9 720.349 77.5522 97.4479 0.5
9 873.121 154.066 84.1243 0.5
9 705.936 194.068 -33.9303 0.5
9 916.727 0.0940683 -4.33645 0.5
9 755.82 83.7703 98.6742 0.5
9 781.535 2.74383 23.2645 0.5
9 868.034 57.8617 -90.6883 0.5
9 776.971 55.8802 89.741 0.5
9 827.54 14.5961 -52.0208 0.5
9 956.718 14.1664 51.3088 0.5
9 930.658 48.538 -85.7418 0.5
9 861.242 170.701 -70.7208 0.5
9 678.587 128.866 95.7431 0.5
9 905.258 165.126 75.8851 0.5
9 782.786 193.684 34.9768 0.5
9 795.687 132.224 -94.6658 0.5
9 747.703 74.9909 96.8222 0.5
9 678.936 65.4753 93.8512 0.5
9 718.7 199.429 10.6666 0.5
9 777.677 192.378 38.2915 0.5
9 957.869 90.3286 99.5312 0.5
9 723.136 60.175 91.7277 0.5
9 918.067 77.6607 -97.4728 0.5
9 714.937 103.81 -99.9274 0.5
9 931.365 33.5305 74.7115 0.5
9 699.238 197.873 20.5174 0.5
9 858.812 197.276 -23.1815 0.5
9 670.226 13.7985 50.6882 0.5
9 835.63 186.965 -49.3675 0.5
9 899.528 182.192 -56.9597 0.5
9 854.844 152.253 85.2621 0.5
9 941.267 12.3433 48.128 0.5
9 773.138 171.23 70.1876 0.5
9 871.752 169.695 71.7121 0.5
9 881.426 192.416 -38.2006 0.5
9 840.091 48.9337 -85.9781 0.5
9 806.654 7.7295 -38.5507 0.5
9 905.713 30.7222 72.1151 0.5
9 693.305 193.821 -34.6072 0.5
9 789.823 44.8081 83.3898 0.5
9 704.88 199.766 6.84198 0.5
9 757.984 7.33856 -37.6013 0.5
9 791.945 173.081 68.2578 0.5
9 902.437 77.4618 97.427 0.5
9 811.053 161.269 -79.0324 0.5
9 874.364 194.004 -34.1057 0.5
9 949.46 123.633 -97.1672 0.5
9 938.227 11.7849 47.0967 0.5
9 981.521 187.318 48.7397 0.5
9 821.07 64.7675 -93.5878 0.5
9 798.835 128.881 -95.7386 0.5
9 863.174 47.3731 -85.0318 0.5
9 703.027 54.527 -89.0629 0.5
9 707.9 0.895794 -13.355 0.5
9 995.43 165.836 75.2703 0.5
9 693.087 55.7681 -89.6858 0.5
9 752.935 1.51194 -17.3235 0.5
9 773.063 8.22415 39.7139 0.5
9 770.744 199.662 8.21219 0.5
9 922.717 94.918 99.8708 0.5
9 999.233 93.8374 99.8099 0.5
9 815.288 104.922 99.8788 0.5
9 833.164 177.856 62.7567 0.5
9 806.431 132.016 94.7363 0.5
9 974.146 156.359 82.6057 0.5
9 695.152 7.30684 37.523 0.5
9 764.838 25.8716 -67.1192 0.5
9 836.105 175.607 65.4488 0.5
9 953.789 168.917 72.4602 0.5
9 744.93 197.846 -20.6418 0.5
9 690.615 151.907 85.4731 0.5
9 852.234 35.2197 76.1808 0.5
9 900.683 123.768 -97.1343 0.5
9 807.045 57.5637 90.5492 0.5
9 800.076 59.447 91.4082 0.5
9 782.629 141.754 -90.8659 0.5
9 881.758 162.424 -78.1232 0.5
9 832.051 129.603 95.5178 0.5
9 968.478 72.06 96.0175 0.5
9 675.377 138.882 -92.1314 0.5
9 677.633 0.244681 -6.99116 0.5
9 915.183 135.364 -93.5383 0.5
9 719.752 27.8852 69.2781 0.5
9 911.848 197.472 22.3452 0.5
9 767.883 1.87157 -19.2565 0.5
9 948.092 149.089 -87.1223 0.5
9 731.352 168.759 72.6101 0.5
9 716.583 5.71265 -33.3151 0.5
9 778.723 98.8409 -99.9933 0.5
9 785.22 0.177423 -5.95425 0.5
9 904.898 2.67095 22.9577 0.5
9 819.456 24.6239 -65.7149 0.5
9 779.607 150.684 86.2043 0.5
9 790.804 146.61 88.473 0.5
9 694.193 187.498 -48.416 0.5
9 763.184 118.333 98.3051 0.5
9 686.623 185.092 52.5292 0.5
9 794.191 174.464 66.7462 0.5
9 982.334 188.111 -47.2914 0.5
9 954.319 26.2282 67.5109 0.5
9 844.752 26.6565 67.976 0.5
9 682.713 0.0637855 3.57114 0.5
9 829.526 185.094 52.5263 0.5
9 849.637 189.363 44.8802 0.5
9 881.268 20.9155 61.2016 0.5
9 743.424 199.659 8.25026 0.5
9 767.03 130.055 -95.3766 0.5
9 993.488 5.37319 -32.3383 0.5
9 852.949 2.66859 -22.9477 0.5
9 669.397 171.986 69.4117 0.5
9 767.885 33.6378 -74.8068 0.5
9 726.583 199.759 -6.93825 0.5
9 820.041 183.037 -55.7205 0.5
9 831.206 199.249 12.2326 0.5
9 926.133 10.5756 -44.758 0.5
9 986.443 40.758 -80.5629 0.5
9 893.176 199.476 -10.2249 0.5
9 748.069 187.879 -47.7217 0.5
9 890.365 83.0576 98.5543 0.5
9 929.971 175.521 65.548 0.5
9 781.282 180.157 59.7898 0.5
9 832.221 46.6434 -84.5758 0.5
9 673.052 52.9529 -88.2415 0.5
9 723.17 139.567 91.8391 0.5
9 927.674 1.99263 -19.8634 0.5
9 787.128 157.132 -82.073 0.5
9 961.261 58.9388 -91.181 0.5
9 943.952 65.417 93.8297 0.5
9 890.247 29.9117 71.3277 0.5
9 772.682 197.565 -21.9318 0.5
9 997.628 120.442 -97.8882 0.5
9 702.11 64.4903 93.4829 0.5
9 961.107 152.938 84.8385 0.5
9 935.874 24.0962 65.1047 0.5
9 948.398 3.22776 -25.2019 0.5
9 842.527 90.2103 -99.5197 0.5
9 971.756 93.4515 99.7854 0.5
9 670.516 42.5352 81.84 0.5
9 677.818 195.527 -29.5727 0.5
