0 20.1038 88.965 -10.1602 0.5
0 92.2659 91.0303 12.0227 0.5
0 57.8765 85.0466 -1.18207 0.5
0 79.23 111.013 -10.1835 0.5
0 12.6302 110.976 -10.2241 0.5
0 109.769 104.121 14.4228 0.5
0 34.4047 102.159 14.8438 0.5
0 51.7834 114.097 -5.12686 0.5
0 35.3307 101.538 14.9209 0.5
0 102.614 87.9389 8.91801 0.5
0 80.6507 107.256 -13.1284 0.5
0 85.177 114.856 -2.07378 0.5
0 47.6138 114.491 3.87578 0.5
0 57.4098 108.928 12.0536 0.5
0 71.2616 107.349 13.0764 0.5
0 16.9594 85.051 -1.23539 0.5
0 58.8284 87.1064 7.66515 0.5
0 33.7966 104.147 -14.4155 0.5
0 60.565 93.2001 13.3702 0.5
0 6.66688 114.4 4.20039 0.5
0 81.7894 109.792 11.363 0.5
0 99.9825 101.532 -14.9216 0.5
0 54.6722 85.0669 -1.41466 0.5
0 95.1406 85.1698 -2.25086 0.5
0 3.0079 102.773 14.7414 0.5
0 62.4206 106.612 13.4641 0.5
0 69.4531 102.654 -14.7634 0.5
0 62.4991 85.7859 -4.79145 0.5
0 66.2055 109.767 11.3848 0.5
0 28.7406 87.1866 -7.79856 0.5
0 10.9531 85.0129 0.62207 0.5
0 43.2236 114.883 1.87083 0.5
0 20.4592 96.515 -14.5895 0.5
0 83.0437 110.576 -10.6374 0.5
0 91.7616 94.3124 13.8799 0.5
0 11.832 99.1477 -14.9758 0.5
0 50.6288 106.731 13.4051 0.5
0 106.919 86.1814 5.83485 0.5
0 93.3673 93.1289 13.3337 0.5
0 51.9626 87.2673 7.92962 0.5
0 50.9904 93.8093 -13.6629 0.5
0 6.86914 87.085 -7.62916 0.5
0 53.1946 98.4827 -14.9231 0.5
0 15.6806 86.3258 -6.16576 0.5
0 97.849 107.425 13.0334 0.5
0 16.3174 85.249 2.72165 0.5
0 66.6658 89.6691 -10.8753 0.5
0 7.53422 106.755 13.3928 0.5
0 45.7301 113.307 6.92281 0.5
0 43.5307 103.227 14.6487 0.5
0 49.2671 85.2208 -2.56424 0.5
0 59.8924 85.1583 -2.17339 0.5
0 108.684 87.1327 7.70929 0.5
0 78.6268 108.935 12.0483 0.5
0 85.1512 85.8873 -5.08245 0.5
0 47.4508 92.0197 -12.701 0.5
0 80.3763 87.6546 8.52004 0.5
0 79.5122 102.092 14.8534 0.5
0 105.401 113.221 -7.08578 0.5
0 37.5972 114.102 5.11107 0.5
0 8.86539 89.3098 10.5224 0.5
0 22.1734 109.82 11.3385 0.5
0 66.8553 85.8855 5.07754 0.5
0 30.7939 111.935 -9.0859 0.5
0 5.31444 103.175 14.6601 0.5
0 15.7907 114.996 0.365235 0.5
0 61.1909 112.191 8.73979 0.5
0 6.53351 99.0466 -14.9697 0.5
0 59.5558 112.532 8.2434 0.5
0 44.6948 90.4141 11.5373 0.5
0 70.714 85.0269 -0.898591 0.5
0 104.501 87.2599 -7.91772 0.5
0 36.7496 112.831 -7.76912 0.5
0 2.68513 93.2664 -13.4037 0.5
0 49.6442 87.9714 8.96177 0.5
0 18.5764 99.8696 14.9994 0.5
0 23.7825 85.1854 -2.35098 0.5
0 33.8134 105.112 -14.102 0.5
0 35.5794 105.928 13.7791 0.5
0 56.5068 104.389 -14.3435 0.5
0 76.4229 85.0083 0.499384 0.5
0 86.4705 86.5732 -6.68729 0.5
0 82.0439 113.8 -5.8798 0.5
0 19.0605 93.3952 -13.4676 0.5
0 89.3311 94.1231 13.8008 0.5
0 19.4018 111.359 -9.79685 0.5
0 14.4041 88.805 9.98359 0.5
0 35.1124 95.4868 -14.3049 0.5
0 9.02802 108.543 -12.3292 0.5
0 75.9115 86.8183 -7.15837 0.5
0 48.4695 100.487 -14.9921 0.5
0 22.6904 114.81 -2.37841 0.5
1 120.714 82.2977 14.9618 0.5
1 136.302 50.451 13.7837 0.5
1 121.66 81.9665 -14.9981 0.5
1 154.802 35.6643 9.81957 0.5
1 159.201 1.72896 0.844307 0.5
1 134.368 59.74 15 0.5
1 139.892 64.2087 5.23109 0.5
1 122.102 95.7717 -2.39382 0.5
1 153.912 10.976 -1.80683 0.5
1 151.738 30.7739 14.9565 0.5
1 119.649 70.2126 -0.101648 0.5
1 121.367 69.4597 7.85924 0.5
1 117.646 103.061 -4.2671 0.5
1 139.787 36.0612 4.61799 0.5
1 132.079 78.3663 3.06719 0.5
1 122.953 84.8462 -14.0111 0.5
1 156.474 26.0246 -14.2785 0.5
1 137.53 56.5663 -14.8187 0.5
1 165.663 13.685 12.5783 0.5
1 128.016 65.5302 14.0739 0.5
1 113.814 106.976 9.43839 0.5
1 152.304 17.9103 -10.4703 0.5
1 128.769 55.5968 -5.83312 0.5
1 160.886 14.9677 -14.9535 0.5
1 126.909 80.9746 -12.4693 0.5
1 145.028 27.8275 -6.68817 0.5
1 118.291 73.608 -5.49734 0.5
1 136.43 67.4805 9.82506 0.5
1 142.681 38.9609 13.5858 0.5
1 136.868 41.4879 5.63661 0.5
1 152.478 37.3016 -12.037 0.5
1 116.657 76.0343 -4.33479 0.5
1 146.892 47.1145 11.9327 0.5
1 160.374 12.2347 14.8004 0.5
1 158.792 31.3511 -5.54505 0.5
1 128.399 83.685 -6.26642 0.5
1 160.641 29.0438 -2.23853 0.5
1 163.845 -6.33715 -0.143567 0.5
1 123.913 81.5309 14.5353 0.5
1 122.74 70.0102 11.315 0.5
1 127.311 86.5123 -3.56139 0.5
1 165.322 -6.95629 7.37805 0.5
1 129.495 74.5409 -13.5744 0.5
1 121.3 78.8811 -14.5928 0.5
1 113.239 89.6806 -13.4538 0.5
1 154.486 39.7773 -1.68907 0.5
1 120.184 87.8375 -14.5732 0.5
1 133.599 52.5936 12.3898 0.5
1 152.369 34.785 -13.6378 0.5
1 153.17 26.973 14.9989 0.5
1 129.335 57.6287 10.4026 0.5
1 139.566 48.5381 -14.8412 0.5
1 161.067 22.7853 11.7601 0.5
1 120.731 97.2596 -5.58412 0.5
1 118.222 73.002 -3.07766 0.5
1 127.729 85.6898 3.94174 0.5
1 114.429 79.8001 4.01138 0.5
1 155.602 37.6444 -2.96217 0.5
1 137.815 64.4022 -10.5581 0.5
1 131.124 80.2156 -1.90531 0.5
1 114.107 109.762 1.22087 0.5
1 135.483 55.4021 14.8093 0.5
1 155.846 12.8908 -11.5033 0.5
1 135.517 53.2987 14.3313 0.5
1 113.818 109.604 -4.55387 0.5
1 120.463 98.3798 -3.53249 0.5
1 158.421 4.32916 6.04557 0.5
1 128.081 74.3158 -14.5344 0.5
1 118.953 78.5696 12.7832 0.5
1 143.476 40.3649 14.5673 0.5
1 124.052 91.1691 6.36462 0.5
1 163.887 10.9361 -14.8152 0.5
1 146.573 43.3673 -14.2147 0.5
1 157.586 5.76745 -6.028 0.5
1 160.844 28.8334 0.889313 0.5
1 162.985 20.0358 -11.2824 0.5
1 144.982 26.4527 1.88061 0.5
1 153.036 37.9501 -10.6471 0.5
1 147.371 43.5088 -13.6073 0.5
1 119.914 96.3913 9.46354 0.5
1 136.73 63.3745 -12.8443 0.5
1 119.763 92.9744 -12.7133 0.5
1 141.572 52.5209 -14.04 0.5
1 145.237 55.8772 0.652766 0.5
1 125.462 72.6684 14.7945 0.5
1 153.963 23.683 -14.8528 0.5
1 160.774 14.8742 14.9734 0.5
1 140.168 59.3092 -11.494 0.5
1 147.481 52.005 -0.0651299 0.5
1 132.078 74.8918 -9.96882 0.5
1 141.562 61.569 4.49395 0.5
2 178.381 9.07217 0.462405 0.5
2 195.487 68.312 3.35804 0.5
2 202.276 71.2408 -13.8379 0.5
2 189.984 34.8141 11.7306 0.5
2 214.556 71.8516 -1.97504 0.5
2 182.094 21.3161 11.8633 0.5
2 186.287 52.4136 3.20025 0.5
2 220.103 109.069 7.91839 0.5
2 172.339 -0.731786 4.4292 0.5
2 191.011 34.4486 -9.63968 0.5
2 174.413 6.60205 10.623 0.5
2 210.281 80.1799 14.9751 0.5
2 211.096 68.7177 -8.98571 0.5
2 220.863 94.1892 14.5965 0.5
2 171.007 -0.477003 9.29921 0.5
2 200.507 60.7723 -14.9127 0.5
2 172.649 -0.490357 -3.32196 0.5
2 212.171 70.6009 9.01389 0.5
2 201.397 75.5803 9.44899 0.5
2 213.022 98.886 -2.31363 0.5
2 191.299 61.4094 0.939532 0.5
2 201.513 50.3304 -5.87865 0.5
2 206.532 73.2359 14.9943 0.5
2 189.753 57.2886 6.48105 0.5
2 211.791 69.6448 8.60251 0.5
2 179.427 39.19 6.90866 0.5
2 206.323 69.3687 14.6777 0.5
2 180.784 25.7773 14.7987 0.5
2 219.53 96.4578 14.9581 0.5
2 215.927 75.5484 -6.43876 0.5
2 191.649 59.2009 8.78872 0.5
2 190.006 43.4575 -14.9816 0.5
2 208.244 71.6867 -14.4284 0.5
2 184.529 34.4289 14.9973 0.5
2 169.426 8.01236 14.9902 0.5
2 192.478 57.697 11.8358 0.5
2 215.975 77.9219 -9.91258 0.5
2 174.428 5.48526 -9.3463 0.5
2 174.758 11.2865 -13.517 0.5
2 191.35 43.6015 -14.712 0.5
2 168.934 20.9742 -6.99018 0.5
2 214.687 75.6213 -9.83335 0.5
2 197.833 60.0328 14.8264 0.5
2 170.489 16.5666 13.6716 0.5
2 200.669 63.9982 -14.9409 0.5
2 213.791 71.3977 5.38975 0.5
2 211.092 69.9933 -10.4827 0.5
2 185.497 32.0257 -14.351 0.5
2 183.006 26.5962 -13.9638 0.5
2 213.683 87.3435 -14.8474 0.5
2 193.365 47.3681 14.764 0.5
2 221.971 94.3602 -14.0684 0.5
2 187.073 33.5155 -13.9135 0.5
2 214.172 99.2722 7.09635 0.5
2 209.848 63.8022 -2.64453 0.5
2 169.23 22.0856 -5.71182 0.5
2 205.315 83.5379 -7.78433 0.5
2 210.453 82.3264 14.753 0.5
2 170.274 11.8203 -14.8919 0.5
2 214.173 86.0602 -15 0.5
2 213.275 70.0178 3.89411 0.5
2 213.551 80.78 -14.3999 0.5
2 174.833 31.0925 7.17294 0.5
2 181.491 17.093 -8.49998 0.5
2 199.889 75.1128 -5.88853 0.5
2 184.522 28.9471 -13.8523 0.5
2 200.74 77.4928 -2.98387 0.5
2 219.477 106.625 -9.77154 0.5
2 197.694 56.0845 14.9316 0.5
2 180.24 14.0991 7.1505 0.5
2 221.457 106.778 -12.623 0.5
2 209.303 63.918 -6.09583 0.5
2 220.773 109.884 -8.44742 0.5
2 195.583 62.4021 -12.3293 0.5
2 174.944 6.01681 8.87285 0.5
2 169.849 1.71371 12.9481 0.5
2 194.517 63.9501 9.08421 0.5
2 207.613 82.7428 -12.6594 0.5
2 210.356 65.3134 5.02267 0.5
2 171.033 18.2553 13.3094 0.5
2 190.068 29.4084 1.73757 0.5
2 166.854 18.5954 3.8541 0.5
2 177.69 8.47424 4.21946 0.5
3 315.55 94.1875 13.828 0.5
3 233.31 91.5368 12.3844 0.5
3 261.418 113.044 -7.40635 0.5
3 269.737 111.526 9.60008 0.5
3 276.854 87.4818 -8.26412 0.5
3 317.065 114.973 0.896668 0.5
3 237.941 108.259 -12.5216 0.5
3 324.173 114.612 -3.39128 0.5
3 320.057 96.6105 14.612 0.5
3 250.612 114.671 -3.12275 0.5
3 327.516 85.6326 4.31029 0.5
3 262.815 100.826 -14.9772 0.5
3 313.194 108.386 12.4366 0.5
3 309.072 106.866 -13.3363 0.5
3 252.716 85.1293 -1.96559 0.5
3 312.689 89.3941 10.6074 0.5
3 293.938 113.294 -6.94761 0.5
3 268.933 114.941 -1.3243 0.5
3 319.593 111.151 10.0322 0.5
3 284.784 109.746 11.4025 0.5
3 249.747 94.5527 -13.9759 0.5
3 270.565 102.777 -14.7408 0.5
3 328.169 113.568 6.39669 0.5
3 313.097 101.934 14.8748 0.5
3 227.993 102.134 14.8474 0.5
3 224.966 97.1759 -14.7317 0.5
3 273.672 111.962 -9.05084 0.5
3 294.378 89.0233 -10.2231 0.5
3 289.964 85.3395 -3.17312 0.5
3 225.875 85.043 1.1348 0.5
3 322.845 94.3987 13.9149 0.5
3 252.99 104.68 -14.2511 0.5
3 323.552 85.0179 0.73311 0.5
3 239.151 114.861 -2.03653 0.5
3 273.173 105.446 13.9764 0.5
3 279.344 97.2579 -14.7472 0.5
3 295.722 90.8761 -11.906 0.5
3 251.771 102.458 -14.7972 0.5
3 291.634 85.4904 3.80414 0.5
3 231.545 87.2367 -7.88023 0.5
3 254.897 99.051 14.9699 0.5
3 240.435 91.4522 12.3262 0.5
3 233.45 85.8687 -5.03056 0.5
3 260.163 96.0214 -14.4627 0.5
3 262.232 103.936 -14.4745 0.5
3 322.885 110.033 11.1506 0.5
3 297.869 92.6844 -13.0951 0.5
3 317.027 113.81 5.85487 0.5
3 223.346 107.087 13.22 0.5
3 230.917 109.715 11.429 0.5
3 251.844 87.2684 -7.93133 0.5
3 262.64 109.617 11.5114 0.5
3 304.958 85.9409 5.22895 0.5
3 258.922 85.0127 0.61831 0.5
3 284.325 87.0914 -7.63987 0.5
3 255.364 110.478 10.7341 0.5
3 315.586 95.6274 -14.3485 0.5
3 299.778 85.5192 -3.91238 0.5
3 310.154 113.467 -6.60637 0.5
3 311.755 96.7418 -14.6419 0.5
3 312.549 87.7769 8.69457 0.5
3 298.055 106.385 13.5733 0.5
3 304.739 99.3302 -14.985 0.5
3 305.247 102.466 -14.7959 0.5
3 286.849 85.9723 5.31252 0.5
3 239.059 98.5361 14.9284 0.5
3 274.738 93.8744 -13.6922 0.5
3 278.483 109.368 11.7146 0.5
3 255.506 92.0045 -12.6914 0.5
3 243.462 87.9422 -8.92241 0.5
4 377.544 37.9713 -3.65961 0.5
4 371.553 36.0253 -14.8342 0.5
4 365.406 29.5093 1.35297 0.5
4 345.221 89.0711 11.475 0.5
4 381.683 18.7543 -14.7905 0.5
4 337.314 78.1203 -0.657182 0.5
4 344.066 70.1803 -9.94492 0.5
4 335.061 104.152 13.1898 0.5
4 371.517 46.6311 7.87296 0.5
4 333.836 88.1157 -10.1839 0.5
4 387.636 15.0017 11.9574 0.5
4 384.661 3.08909 12.6825 0.5
4 355.48 50.0924 9.57348 0.5
4 359.127 69.4928 -4.92359 0.5
4 354.179 55.7284 -12.583 0.5
4 352.041 53.8525 6.00565 0.5
4 351.913 76.423 -12.2877 0.5
4 358.18 47.2781 -11.4529 0.5
4 386.974 18.2537 -10.0202 0.5
4 339.187 104.282 -4.12479 0.5
4 355.643 50.6848 -10.5399 0.5
4 386.328 21.8566 6.22617 0.5
4 361.286 37.396 4.86772 0.5
4 356.724 55.503 -14.4614 0.5
4 338.334 98.3321 -13.2703 0.5
4 354.022 67.2677 -14.6757 0.5
4 357.133 63.6221 -14.196 0.5
4 338.378 82.2156 -11.9647 0.5
4 383.138 28.6529 1.56665 0.5
4 370.654 50.2537 1.77812 0.5
4 372.492 17.7677 4.17437 0.5
4 370.201 44.5857 12.3987 0.5
4 346.869 67.4518 -11.9214 0.5
4 356.513 73.7886 -5.54723 0.5
4 362.914 63.7564 -0.527178 0.5
4 347.291 80.4295 -14.2757 0.5
4 339.677 76.5127 -8.29169 0.5
4 371.867 37.5293 -14.3791 0.5
4 342.615 97.5473 -6.27787 0.5
4 357.241 47.1246 9.67193 0.5
4 338.478 85.9524 -14.0927 0.5
4 347.167 90.4986 -3.9898 0.5
4 368.41 35.3695 -14.4904 0.5
4 375.608 33.0277 -13.6361 0.5
4 368.489 53.7485 -3.26686 0.5
4 359.27 56.4202 14.9396 0.5
4 350.698 55.1879 -2.80608 0.5
4 349.121 87.0633 4.1732 0.5
4 352.9 81.1068 0.270707 0.5
4 384.153 26.4272 -4.02885 0.5
4 377.467 18.1802 14.0028 0.5
4 351.173 62.8169 -13.6203 0.5
4 369.781 51.8391 0.986765 0.5
4 377.087 9.34855 1.98161 0.5
4 363.466 57.1526 -11.7339 0.5
4 335.874 86.1984 11.6878 0.5
4 339.694 97.5097 -12.3402 0.5
4 344.192 66.2156 -0.831942 0.5
4 367.474 41.7918 -14.9714 0.5
4 372.398 34.2215 -14.8813 0.5
4 381.581 25.6826 11.8081 0.5
4 371.063 28.984 -13.8888 0.5
4 334.003 111.925 7.33211 0.5
4 336.874 103.958 -11.0976 0.5
4 343.152 81.6497 14.9397 0.5
4 351.086 64.9624 14.3735 0.5
4 378.157 33.1639 10.4086 0.5
4 382.921 -0.0276745 5.00556 0.5
4 364.182 31.8858 -3.07071 0.5
4 381.842 16.9371 -14.9695 0.5
4 378.022 35.5156 7.62334 0.5
4 368.268 28.6434 10.3604 0.5
4 379.88 27.7427 -12.4512 0.5
4 341.994 75.5122 -11.6185 0.5
4 346.806 61.7171 1.25888 0.5
4 354.27 62.1349 14.9143 0.5
4 354.697 70.0796 13.2229 0.5
4 369.071 38.2157 -14.9996 0.5
4 355.257 61.3401 14.9843 0.5
4 339.031 87.0658 -14.6834 0.5
4 384.113 16.8818 14.1996 0.5
4 363.996 47.1915 -14.997 0.5
4 387.833 -2.96851 12.3088 0.5
4 359.047 40.475 -0.604829 0.5
4 361.248 64.156 -8.28349 0.5
4 344.741 90.0666 -11.3344 0.5
4 380.733 31.2389 6.864 0.5
4 376.645 19.9253 -14.122 0.5
4 334.715 82.6157 0.530706 0.5
4 354.161 69.4988 13.9263 0.5
4 340.205 99.4673 9.78522 0.5
4 366.972 29.4238 -8.56878 0.5
4 341.489 71.8217 5.2474 0.5
5 386.847 -11.6472 -9.15164 0.5
5 355.497 -68.527 3.97069 0.5
5 363.074 -49.6367 12.2203 0.5
5 353.519 -45.5535 -9.08751 0.5
5 341.713 -68.5588 -11.7075 0.5
5 360 -45.6137 14.986 0.5
5 373.898 -23.5791 14.9355 0.5
5 360.537 -33.4679 -9.17934 0.5
5 379.776 -18.5501 13.499 0.5
5 359.648 -31.9101 1.0631 0.5
5 381.104 -13.997 -14.3741 0.5
5 387.397 8.82408 -12.9124 0.5
5 366.955 -42.1109 -12.7542 0.5
5 375.772 -33.9433 0.206448 0.5
5 346.271 -73.8756 14.5017 0.5
5 372.373 -34.1228 11.7755 0.5
5 335.358 -79.0072 -11.2366 0.5
5 344.459 -80.6941 -12.9817 0.5
5 382.72 -0.236456 13.4339 0.5
5 352.956 -62.3496 -14.4874 0.5
5 367.161 -28.212 -13.8964 0.5
5 373.278 -25.4655 -14.8374 0.5
5 378.356 -1.71464 -7.89492 0.5
5 357.092 -36.8595 -4.06236 0.5
5 366.687 -48.5521 -5.70596 0.5
5 368.372 -27.4827 14.3767 0.5
5 341.466 -84.79 -13.5537 0.5
5 378.609 -4.03687 11.1864 0.5
5 375.241 -34.6379 -2.59301 0.5
5 352.714 -44.6884 -4.85172 0.5
5 341.617 -82.661 -14.2904 0.5
5 346.689 -70.0629 14.9815 0.5
5 376.949 -24.1972 13.1084 0.5
5 377.764 -4.74654 10.4646 0.5
5 335.335 -101.512 8.24695 0.5
5 353.739 -43.0062 5.11731 0.5
5 379.163 0.584019 6.20674 0.5
5 346.342 -58.4425 -9.66021 0.5
5 387.554 6.41725 -14.1582 0.5
5 344.164 -88.3692 3.09272 0.5
5 336.519 -79.1481 -12.8219 0.5
5 347.581 -56.8081 -10.2371 0.5
5 349.479 -49.5635 1.52895 0.5
5 375.44 -22.8306 14.6299 0.5
5 385.08 10.1333 7.56125 0.5
5 341.998 -69.919 -12.9768 0.5
5 386.389 10.476 -10.164 0.5
5 341.577 -66.8909 9.88619 0.5
5 374.219 -29.8747 12.534 0.5
5 379.664 -26.4435 -4.71087 0.5
5 365.747 -39.8116 -14.5851 0.5
5 349.847 -52.4715 9.77733 0.5
5 367.304 -19.2069 4.18667 0.5
5 346.279 -79.1131 11.9353 0.5
5 377.39 -30.9102 -2.6262 0.5
5 372.87 -24.4712 14.9917 0.5
5 339.313 -82.923 14.977 0.5
5 377.786 -10.7539 14.2442 0.5
5 338.534 -71.3859 8.92454 0.5
5 353.066 -57.4497 -14.9774 0.5
5 338.151 -73.0265 -10.1128 0.5
5 365.693 -47.6154 9.96177 0.5
5 360.059 -36.9102 -11.8083 0.5
5 349.126 -60.3265 -14.2213 0.5
5 339.691 -84.7161 -14.6374 0.5
5 358.697 -40.725 -12.8165 0.5
5 381.885 2.74791 -10.0849 0.5
5 380.26 -7.98513 -14.658 0.5
5 333.952 -106.158 -2.56671 0.5
5 363.547 -30.8178 -11.7679 0.5
5 356.227 -46.7992 13.7485 0.5
5 379.702 -7.16384 -14.1514 0.5
5 379.483 -0.485214 8.95704 0.5
5 368.461 -45.6111 5.3751 0.5
5 338.27 -77.5456 13.5881 0.5
5 365.185 -50.9338 6.21388 0.5
5 385.677 -6.84983 -14.1205 0.5
5 356.642 -66.7723 3.0153 0.5
5 365.165 -52.2544 1.36316 0.5
6 346.105 -106.244 -5.8921 0.5
6 426.177 -99.8762 13.0328 0.5
6 336.321 -77.6963 2.70635 0.5
6 412.727 -102.413 -11.2137 0.5
6 419.445 -83.8051 -12.2582 0.5
6 434.727 -96.4141 -14.4667 0.5
6 375.519 -107.203 -2.71326 0.5
6 356.495 -92.5729 -14.9995 0.5
6 367.903 -94.2924 -14.8864 0.5
6 351.566 -81.5208 -10.2738 0.5
6 384.26 -87.8748 14.2852 0.5
6 390.552 -101.612 -11.8766 0.5
6 433.874 -77.8257 -3.33561 0.5
6 382.488 -102.649 10.999 0.5
6 388.098 -105.743 -6.94982 0.5
6 421.357 -77.626 2.29055 0.5
6 400.724 -107.022 3.55612 0.5
6 403.561 -80.6808 9.29963 0.5
6 349.768 -78.6669 5.91802 0.5
6 356.179 -85.4229 -13.2521 0.5
6 411.712 -82.2906 -11.0356 0.5
6 386.677 -89.5203 -14.7111 0.5
6 408.825 -87.0823 14.0067 0.5
6 441.432 -103.068 10.5952 0.5
6 440.58 -82.8778 -11.5487 0.5
6 415.619 -94.1499 14.9034 0.5
6 354.578 -87.1293 14.0246 0.5
6 341.065 -92.088 -14.9956 0.5
6 419.567 -92.678 14.9983 0.5
6 344.021 -107.374 -1.51149 0.5
6 334.934 -97.5875 -14.0928 0.5
6 340.501 -77.9799 -3.95148 0.5
6 440.934 -96.7012 -14.385 0.5
6 414.836 -78.3301 5.06218 0.5
6 381.906 -98.3718 13.7816 0.5
6 410.155 -84.5251 12.7356 0.5
6 380.137 -100.042 12.9369 0.5
6 337.013 -89.8143 -14.7666 0.5
6 355.144 -98.241 13.8371 0.5
6 339.514 -89.8917 14.7802 0.5
6 423.946 -103.931 -9.65293 0.5
6 371.361 -89.2174 -14.6475 0.5
6 430.491 -107.233 2.54358 0.5
6 353.66 -106.549 -5.12011 0.5
6 408.173 -78.9299 -6.49642 0.5
6 426.238 -104.745 -8.59284 0.5
6 374.528 -100.24 12.8189 0.5
6 357.353 -97.2488 14.2117 0.5
6 403.544 -105.408 -7.55589 0.5
6 441.233 -78.5748 5.69879 0.5
6 354.62 -80.8404 -9.49821 0.5
6 428.254 -91.7772 14.9849 0.5
6 341.793 -79.6822 -7.8728 0.5
6 356.853 -96.4115 -14.4675 0.5
6 410.011 -81.3784 -10.1202 0.5
6 397.857 -102.247 -11.3588 0.5
6 424.384 -80.5531 9.1357 0.5
6 397.914 -78.3173 5.02646 0.5
6 372.929 -103.143 -10.5192 0.5
6 396.949 -78.8387 -6.30317 0.5
6 412.626 -106.01 6.41227 0.5
6 340.787 -86.98 -13.967 0.5
6 336.385 -87.1016 -14.0141 0.5
6 435.736 -88.0456 14.3388 0.5
6 419.894 -107.26 -2.38107 0.5
6 415.959 -106.326 -5.69668 0.5
6 427.16 -78.6731 -5.93256 0.5
6 442.836 -78.7082 6.01334 0.5
6 413.954 -100.588 12.6005 0.5
6 399.657 -92.4651 15 0.5
6 358.854 -99.0855 -13.4526 0.5
6 421.251 -84.4208 12.67 0.5
6 350.477 -105.158 7.96924 0.5
6 351.221 -106.718 4.63029 0.5
6 333.426 -92.2143 -14.9981 0.5
6 393.916 -78.3622 -5.15096 0.5
6 336.452 -107.204 -2.70469 0.5
6 394.996 -83.5481 12.0729 0.5
6 370.555 -106.235 -5.91306 0.5
6 395.316 -94.9843 -14.7844 0.5
6 393.08 -79.8652 8.1622 0.5
6 416.236 -103.546 10.0935 0.5
6 362.549 -78.6735 -5.93332 0.5
6 419.68 -98.1781 -13.8632 0.5
6 400.481 -107.408 1.12004 0.5
6 335.664 -102.957 10.7058 0.5
6 373.028 -107.313 -2.02665 0.5
6 423.821 -91.1297 14.9418 0.5
6 360.727 -98.6591 13.6546 0.5
6 369.82 -97.7826 14.0202 0.5
6 426.143 -78.9516 6.54142 0.5
6 433.285 -88.4335 -14.4522 0.5
6 394.595 -107.311 -2.03466 0.5
6 391.82 -102.495 11.1396 0.5
6 376.322 -80.2717 -8.75717 0.5
6 384.486 -100.695 12.5309 0.5
6 418.299 -85.0195 13.0302 0.5
7 451.531 -89.8297 1.77519 0.5
7 482.698 -171.676 7.53807 0.5
7 496.426 -167.498 0.633265 0.5
7 449.256 -88.2576 -8.25209 0.5
7 468.185 -148.423 -2.0872 0.5
7 484.1 -153.364 -12.8293 0.5
7 490.022 -168.622 14.742 0.5
7 471.186 -124.524 4.70516 0.5
7 486.714 -157.055 12.2842 0.5
7 494.825 -189.18 11.6344 0.5
7 467.171 -124.903 13.3131 0.5
7 494.86 -167.042 7.93398 0.5
7 485.338 -157.099 13.6675 0.5
7 445.308 -108.427 3.91049 0.5
7 455.784 -108.281 -14.5079 0.5
7 451.887 -94.621 10.4922 0.5
7 495.063 -178.621 -14.9245 0.5
7 474.936 -130.923 4.39893 0.5
7 484.279 -148.945 -8.29037 0.5
7 485.894 -179.187 -1.29455 0.5
7 495.182 -188.266 12.7287 0.5
7 472.858 -144.396 -14.7489 0.5
7 462.529 -109.074 -2.98791 0.5
7 470.007 -141.757 14.1314 0.5
7 482.251 -162.967 14.13 0.5
7 488.399 -179.954 -9.78147 0.5
7 458.271 -104.428 9.03898 0.5
7 480.325 -161.08 -13.5264 0.5
7 454.353 -94.654 1.12897 0.5
7 496.531 -195.466 -7.82109 0.5
7 489.875 -177.581 13.5454 0.5
7 489.837 -179.987 12.063 0.5
7 485.418 -176.886 6.60516 0.5
7 454.661 -108.57 -14.917 0.5
7 478.819 -138.137 5.75628 0.5
7 497.681 -169.66 -0.220715 0.5
7 469.691 -144.22 -12.6623 0.5
7 477.927 -138.209 8.67915 0.5
7 479.077 -140.329 -8.85723 0.5
7 453.465 -101.839 13.6424 0.5
7 456.998 -101.534 8.04666 0.5
7 465.437 -133.061 -14.3852 0.5
7 480.795 -158.986 -14.568 0.5
7 488.581 -173.265 14.3498 0.5
7 456.189 -98.9215 5.70981 0.5
7 476.771 -146.813 14.9115 0.5
7 477.058 -157.547 -12.2844 0.5
7 450.171 -110.187 -12.8017 0.5
7 460.632 -135.404 -1.58004 0.5
7 489.471 -175.752 -14.0273 0.5
7 445.586 -100.638 -13.6536 0.5
7 457.66 -107.207 -12.6034 0.5
7 477.295 -134.767 3.51512 0.5
7 449.722 -88.8234 7.87424 0.5
7 472.059 -148.237 12.7158 0.5
7 447.744 -105.919 12.84 0.5
7 496.023 -185.842 14.4414 0.5
7 447.74 -83.2497 -1.65166 0.5
7 466.085 -127.367 -14.779 0.5
7 482.218 -151.595 -13.6212 0.5
7 466.301 -143.885 -6.37397 0.5
7 488.214 -183.258 0.333104 0.5
7 480.863 -144.273 -9.91472 0.5
7 498.762 -187.238 -14.9833 0.5
7 480.486 -154.375 14.9916 0.5
7 448.623 -87.8403 9.19964 0.5
7 489.297 -156.914 -7.08314 0.5
7 492.436 -184.712 11.8955 0.5
7 465.69 -138.308 11.9556 0.5
7 455.809 -107.089 -14.1262 0.5
7 490.974 -162.416 10.5874 0.5
7 446.826 -86.2874 -10.917 0.5
8 525.961 -145.024 14.9424 0.5
8 533.126 -126.774 -14.3013 0.5
8 511.506 -164.612 -14.419 0.5
8 522.344 -144.775 -14.0703 0.5
8 552.661 -82.5245 -1.34206 0.5
8 524.557 -160.354 -4.79868 0.5
8 547.755 -93.9837 -9.02922 0.5
8 506.075 -163.716 -4.07374 0.5
8 511.706 -158.187 10.9865 0.5
8 507.272 -169.699 13.5756 0.5
8 501.862 -178.887 -13.4883 0.5
8 526.742 -131.228 -10.057 0.5
8 541.979 -128.142 8.75963 0.5
8 520.832 -152.953 14.9957 0.5
8 544.439 -121.293 -11.5356 0.5
8 517.263 -173.709 1.39921 0.5
8 548.513 -91.1028 6.44219 0.5
8 542.386 -118.351 -14.6781 0.5
8 511.033 -171.176 -14.9134 0.5
8 506.933 -171.127 13.9396 0.5
8 501.293 -188.539 -14.8518 0.5
8 521.83 -161.073 10.9899 0.5
8 548.409 -119.122 4.5483 0.5
8 555.487 -97.6394 -14.1167 0.5
8 538.765 -115.574 13.7657 0.5
8 550.521 -100.714 -14.993 0.5
8 504.126 -174.608 -13.3083 0.5
8 525.842 -154.857 -10.261 0.5
8 520.342 -142.462 10.221 0.5
8 552.364 -104.73 -13.3948 0.5
8 541.564 -131.658 0.878721 0.5
8 544.494 -103.267 -12.466 0.5
8 537.714 -128.208 -14.1927 0.5
8 517.123 -170.846 -9.22494 0.5
8 528.163 -125.126 -2.61714 0.5
8 509.035 -184.119 -10.0977 0.5
8 523.418 -162.839 2.8596 0.5
8 502.245 -171.412 -6.79242 0.5
8 513.864 -149.961 2.98256 0.5
8 524.104 -136.097 -10.3798 0.5
8 535.194 -133.115 13.9948 0.5
8 526.343 -130.297 7.89978 0.5
8 531.991 -119.753 -6.51101 0.5
8 525.462 -159.324 -2.72912 0.5
8 515.362 -156.114 13.7679 0.5
8 548.527 -118.174 -6.43358 0.5
8 542.958 -103.164 -10.0819 0.5
8 553.877 -103.558 12.5594 0.5
8 526.569 -156.257 6.32534 0.5
8 548.006 -102.779 -14.7462 0.5
8 514.858 -164.654 -14.9018 0.5
8 550.101 -110.39 -12.3642 0.5
8 509.169 -159.052 6.01261 0.5
8 514.853 -167.005 -14.4414 0.5
8 516.864 -156.994 -14.7949 0.5
8 540.542 -105.735 7.9509 0.5
8 518.369 -142.335 3.74948 0.5
8 532.337 -147.659 0.488158 0.5
8 539.167 -105.878 1.12755 0.5
8 541.941 -129.305 6.98724 0.5
8 541.477 -102.907 5.57063 0.5
8 554.37 -104.121 -11.511 0.5
8 515.93 -146.36 2.86727 0.5
8 515.984 -146.517 3.94376 0.5
8 500.888 -173.194 -5.52993 0.5
8 504.228 -187.447 13.7056 0.5
8 508.447 -161.782 -8.6399 0.5
8 513.359 -154.313 9.95095 0.5
8 508.165 -159.559 -0.875072 0.5
8 505.686 -176.108 14.7514 0.5
8 543.857 -99.7218 7.49866 0.5
8 508.597 -164.789 -12.0035 0.5
8 517.911 -166.751 11.9248 0.5
8 500.766 -178.316 11.9759 0.5
8 539.099 -134.127 7.17491 0.5
8 518.255 -162.591 -13.9416 0.5
8 509.425 -159.122 7.07142 0.5
8 555.176 -84.8793 12.5416 0.5
8 508.815 -162.919 -10.7244 0.5
8 538.852 -133.22 9.21126 0.5
8 543.591 -102.743 10.781 0.5
9 638.145 -88.1013 14.3558 0.5
9 650.048 -77.528 1.52718 0.5
9 577.917 -81.1299 -9.84135 0.5
9 615.891 -78.6325 -5.83739 0.5
9 607.942 -90.618 -14.8877 0.5
9 617.057 -103.693 9.92928 0.5
9 600.138 -77.7232 -2.84914 0.5
9 653.749 -102.799 10.8586 0.5
9 560.908 -107.417 -0.993827 0.5
9 568.921 -82.8688 11.5412 0.5
9 616.669 -96.6272 -14.4067 0.5
9 655.246 -106.034 6.36241 0.5
9 616.138 -101.795 11.7335 0.5
9 631.044 -107.295 -2.15168 0.5
9 589.342 -107.153 2.97018 0.5
9 608.877 -107.24 -2.50133 0.5
9 645.488 -105.449 -7.48606 0.5
9 613.259 -106.921 -3.94834 0.5
9 648.604 -80.9009 -9.5716 0.5
9 638.446 -89.3977 14.6861 0.5
9 632.28 -77.6681 -2.54823 0.5
9 631.608 -77.625 2.28432 0.5
9 650.654 -77.6422 -2.39301 0.5
9 611.666 -85.2408 13.154 0.5
9 559.184 -106.699 4.68616 0.5
9 656.547 -77.9267 3.75112 0.5
9 666.237 -89.5416 -14.7153 0.5
9 613.682 -86.3124 -13.6868 0.5
9 648.196 -101.459 -11.9936 0.5
9 634.74 -103.589 -10.0465 0.5
9 568.766 -105.42 -7.53471 0.5
9 620.117 -95.2522 -14.7359 0.5
9 601.588 -86.4277 13.7379 0.5
9 649.979 -107.286 -2.21564 0.5
9 666.216 -84.2451 12.557 0.5
9 577.819 -106.505 5.24008 0.5
9 634.45 -96.2843 -14.5017 0.5
9 599.739 -86.8615 -13.92 0.5
9 615.08 -94.5511 -14.8521 0.5
9 660.01 -106.848 -4.20813 0.5
9 565.21 -83.1685 11.7836 0.5
9 614.748 -88.6978 -14.5231 0.5
9 597.542 -77.9198 -3.7242 0.5
9 574.213 -78.7111 -6.02003 0.5
9 619.836 -103.299 -10.3587 0.5
9 558.975 -78.542 -5.61828 0.5
9 654.158 -83.19 11.8005 0.5
9 644.049 -77.5603 -1.81517 0.5
9 564.252 -78.8597 6.34838 0.5
9 652.365 -91.4521 -14.9668 0.5
9 623.941 -106.665 4.78975 0.5
9 654.418 -90.3304 14.8495 0.5
9 602.257 -88.0161 14.3297 0.5
9 557.153 -100.672 12.5462 0.5
9 601.927 -96.5402 14.4316 0.5
9 614.036 -86.1187 13.5983 0.5
9 664.389 -77.6592 2.49583 0.5
9 651.077 -79.6013 7.73999 0.5
9 617.052 -82.4985 -11.2235 0.5
9 649.738 -105.703 -7.0255 0.5
9 626.882 -78.9946 6.62943 0.5
9 561.714 -77.4811 -0.964496 0.5
9 587.252 -105.434 7.51186 0.5
9 624.164 -93.1451 -14.9839 0.5
10 649.646 -53.059 -11.2595 0.5
10 612.38 0.893288 -14.9844 0.5
10 634.471 -23.3293 6.82785 0.5
10 649.459 -49.0673 -6.37355 0.5
10 665.705 -86.1361 14.2618 0.5
10 624.261 -23.5827 14.2833 0.5
10 628.383 -31.4831 14.0162 0.5
10 659.713 -89.5575 -11.8843 0.5
10 616.637 1.36531 -13.1801 0.5
10 621.263 0.232045 -5.28027 0.5
10 626.618 -36.7573 6.16745 0.5
10 648.807 -65.5683 14.4423 0.5
10 648.514 -59.0105 -14.8662 0.5
10 625.925 -34.8653 7.51332 0.5
10 649.154 -47.2405 1.9198 0.5
10 661.304 -95.8391 -8.01846 0.5
10 648.199 -64.5582 -14.43 0.5
10 646.853 -57.8199 -14.9968 0.5
10 619.737 -15.739 -14.2856 0.5
10 651.599 -75.0398 -12.2278 0.5
10 623.833 -21.8021 -14.576 0.5
10 653.008 -69.7657 -14.9684 0.5
10 631.147 -43.1119 8.74917 0.5
10 626.788 -37.5271 -4.98008 0.5
10 663.153 -71.5791 2.52722 0.5
10 662.486 -81.0092 -14.3999 0.5
10 635.61 -53.5416 1.87235 0.5
10 612.296 -4.30497 13.7355 0.5
10 620.746 -27.1205 -4.80953 0.5
10 651.508 -53.4053 -7.83712 0.5
10 635.104 -51.346 6.40275 0.5
10 635.103 -25.3184 -8.34778 0.5
10 639.808 -32.5001 6.68112 0.5
10 655.219 -86.4477 -5.81773 0.5
10 660.369 -85.1389 14.5622 0.5
10 666.397 -104.679 7.98711 0.5
10 654.457 -69.8692 14.9315 0.5
10 661.709 -93.7474 -11.2821 0.5
10 664.397 -98.994 -10.7364 0.5
10 622.14 -4.62519 -10.5097 0.5
10 656.295 -87.2723 7.84192 0.5
10 657.895 -88.7882 9.59296 0.5
10 652.668 -81.4447 -7.04712 0.5
10 665.311 -104.643 -3.68038 0.5
10 658.099 -83.4412 -13.8203 0.5
10 626.85 -38.0018 3.77759 0.5
10 639.046 -41.121 -14.5888 0.5
10 665.861 -104.935 -5.68886 0.5
10 664.156 -73.6793 -4.12392 0.5
10 665.229 -77.1458 -7.79703 0.5
10 652.097 -81.3848 -4.92125 0.5
10 625.113 -35.4729 0.328391 0.5
10 614.13 -9.37843 12.7357 0.5
10 612.185 8.00507 -13.7077 0.5
10 646.778 -47.874 11.0651 0.5
10 645.25 -61.6726 -13.6049 0.5
10 625.692 -16.586 -14.1791 0.5
10 620.743 -11.0376 14.8829 0.5
10 645.094 -69.8125 -2.84793 0.5
10 656.972 -74.6845 14.9683 0.5
10 638.001 -33.8513 12.038 0.5
10 659.365 -66.9136 7.67274 0.5
10 641.517 -33.9004 0.575188 0.5
10 634.582 -41.3253 14.3254 0.5
10 641.802 -64.3783 0.374996 0.5
10 621.237 -20.2418 -13.5292 0.5
10 613.843 13.5704 -3.73723 0.5
10 643.316 -65.6064 -6.32501 0.5
10 647.136 -45.3901 7.06389 0.5
10 631.121 -20.4662 -10.7923 0.5
10 634.556 -27.4087 -11.6693 0.5
10 638.817 -53.9864 -11.3794 0.5
10 652.308 -59.8867 -12.8769 0.5
10 664.655 -75.1473 -5.83471 0.5
10 642.111 -63.8369 5.59105 0.5
11 619.392 8.32026 11.358 0.5
11 631.319 48.9961 -10.9792 0.5
11 627.218 22.9825 12.226 0.5
11 613.37 22.1592 -3.94734 0.5
11 633.061 43.2638 14.9277 0.5
11 629.243 27.9128 -13.1221 0.5
11 620.591 18.5532 -14.91 0.5
11 654.307 84.8172 -13.6471 0.5
11 647.789 58.6608 -12.2599 0.5
11 646.995 71.5023 -13.9254 0.5
11 631.843 54.0954 4.16195 0.5
11 652.811 88.0719 8.90477 0.5
11 624.91 23.2865 14.3434 0.5
11 642.778 69.0526 -10.7816 0.5
11 653.471 90.5943 6.64019 0.5
11 647.149 63.0376 14.664 0.5
11 618.122 2.46003 6.62433 0.5
11 657.865 92.5672 -12.8052 0.5
11 623.057 31.3711 13.3162 0.5
11 651.854 64.8213 -11.5901 0.5
11 633.919 49.5233 13.6387 0.5
11 664 83.8694 9.61666 0.5
11 662.064 86.4206 13.9126 0.5
11 646.913 78.1423 -8.50495 0.5
11 665.932 98.4394 14.9972 0.5
11 649.86 64.9684 -13.7816 0.5
11 617.844 29.7293 4.55443 0.5
11 631.36 23.8847 1.05461 0.5
11 636.534 41.1003 -13.4166 0.5
11 620.344 4.81771 1.24398 0.5
11 643.956 69.6355 -12.0208 0.5
11 647.321 66.8463 -14.9958 0.5
11 657.136 77.6573 -13.8184 0.5
11 637.921 35.2499 1.07456 0.5
11 642.028 60.9548 -14.5542 0.5
11 662.354 92.9716 14.9935 0.5
11 637.185 38.1021 10.3741 0.5
11 652.447 64.9422 -10.7818 0.5
11 637.168 46.8047 14.852 0.5
11 611.718 14.2204 -11.6935 0.5
11 627.658 23.925 -12.3526 0.5
11 650.244 63.5368 -12.6769 0.5
11 640.47 40.1027 3.749 0.5
11 663.109 108.048 4.80309 0.5
11 657.196 68.731 2.00032 0.5
11 644.358 46.4639 -1.76531 0.5
11 665.084 82.8247 4.08397 0.5
11 658.568 77.5965 -12.4437 0.5
11 648.735 83.4025 -3.98289 0.5
11 662.466 78.6378 5.1542 0.5
11 633.591 41.5358 -14.9538 0.5
11 641.166 42.8051 -7.43588 0.5
11 646.056 52.5252 9.29073 0.5
11 611.62 7.8138 -14.6638 0.5
11 660.786 98.994 11.8633 0.5
11 665.723 84.7514 6.29707 0.5
11 628.031 18.1307 1.21728 0.5
11 655.731 83.5875 -14.7854 0.5
11 623.908 29.6796 -14.5265 0.5
11 649.635 82.9375 -8.38418 0.5
11 660.858 97.6996 12.8361 0.5
11 663.763 101.184 13.6528 0.5
11 613.241 18.4994 10.1592 0.5
11 657.207 98.6027 0.638052 0.5
11 616.685 15.6574 14.8336 0.5
11 655.416 94.9023 4.23554 0.5
11 653.224 66.4538 -10.9395 0.5
12 775.087 85.4627 3.69694 0.5
12 672.202 85.7746 4.75797 0.5
12 668.02 87.0529 7.57442 0.5
12 671.93 108.309 12.4884 0.5
12 774.231 102.029 14.8622 0.5
12 670.246 85.0648 1.39244 0.5
12 711.534 93.4564 -13.4974 0.5
12 746.806 98.7139 -14.9448 0.5
12 692.994 97.4958 14.7895 0.5
12 670.038 104.796 -14.2126 0.5
12 673.811 90.6016 11.6906 0.5
12 694.844 91.9778 -12.6746 0.5
12 705.256 87.149 7.73641 0.5
12 736.007 86.3803 6.28529 0.5
12 717.892 114.984 -0.683862 0.5
12 749.218 108.909 -12.0678 0.5
12 725.825 114.746 -2.7508 0.5
12 729.814 113.985 -5.42412 0.5
12 770.415 102.575 14.7774 0.5
12 688.773 85.0253 0.870501 0.5
12 771.511 103.025 14.6918 0.5
12 723.118 85.5699 4.09533 0.5
12 713.838 111.45 9.69038 0.5
12 679.788 114.876 -1.92409 0.5
12 728.879 112.087 -8.88288 0.5
12 755.236 95.2328 -14.2223 0.5
12 765.667 112.147 -8.80063 0.5
12 758.393 98.1389 -14.8841 0.5
12 697.879 92.4289 12.9491 0.5
12 720.807 112.836 7.76073 0.5
12 736.561 90.4408 11.5594 0.5
12 724.071 86.6785 6.89479 0.5
12 735.925 94.6634 -14.0186 0.5
12 712.649 108.68 12.2333 0.5
12 737.039 113.776 5.93523 0.5
12 677.431 91.1135 12.0843 0.5
12 725.686 101.944 14.8735 0.5
12 691.121 102.067 -14.8569 0.5
12 725.192 87.8247 8.76134 0.5
12 697.775 88.7435 -9.91422 0.5
12 721.044 88.8347 -10.0168 0.5
12 756.11 114.244 -4.70114 0.5
12 717.068 114.826 -2.27591 0.5
12 745.634 91.0957 12.0712 0.5
12 716.592 109.76 -11.3908 0.5
12 691.121 103.425 14.6036 0.5
12 750.571 111.706 -9.37978 0.5
12 676.36 102.932 -14.7106 0.5
12 774.081 102.874 -14.7221 0.5
12 685.322 113.763 5.9645 0.5
12 672.208 97.3229 14.7592 0.5
12 749.226 91.7919 -12.5549 0.5
12 764.274 100.828 -14.9772 0.5
12 702.037 103.916 -14.4797 0.5
12 775.134 87.1434 7.72712 0.5
12 735.928 105.198 14.0706 0.5
12 735.765 96.4847 -14.5823 0.5
12 702.545 85.2663 2.81397 0.5
12 740.079 97.1121 -14.7194 0.5
12 760.091 114.662 -3.1644 0.5
12 723.648 113.932 -5.55855 0.5
12 764.732 106.019 -13.7396 0.5
12 704.465 111.677 -9.41523 0.5
12 734.762 88.5938 -9.74163 0.5
12 746.684 107.386 13.0557 0.5
12 668.16 112.613 8.11862 0.5
12 698.671 100.288 14.9972 0.5
12 754.426 94.164 -13.8181 0.5
12 709.321 105.346 14.0149 0.5
12 732.583 92.3397 -12.8965 0.5
12 759.526 85.1898 -2.37852 0.5
12 673.402 88.6701 9.83023 0.5
12 770.673 107.52 -12.9787 0.5
12 711.314 108.523 -12.3436 0.5
12 733.248 87.857 -8.80606 0.5
13 778.825 87.9166 -10.9335 0.5
13 812.442 27.2957 -8.03963 0.5
13 826.75 23.08 -12.7496 0.5
13 802.404 50.6663 13.4304 0.5
13 811.298 27.7046 4.72473 0.5
13 824.94 24.168 -13.8096 0.5
13 794.444 82.7225 9.52202 0.5
13 831.301 22.1461 2.10763 0.5
13 823.071 36.3483 2.4538 0.5
13 792.974 61.1535 8.25201 0.5
13 781.281 106.807 7.69753 0.5
13 793.628 87.5307 0.685406 0.5
13 817.198 46.6843 1.0665 0.5
13 823.457 34.7588 5.69158 0.5
13 783.261 76.2216 -4.58614 0.5
13 824.134 23.3107 14.5611 0.5
13 812.5 54.7287 1.9708 0.5
13 821.691 37.5287 6.35112 0.5
13 831.12 11.1093 14.5858 0.5
13 782.194 90.5861 -14.8959 0.5
13 814.696 45.5603 -11.6038 0.5
13 815.582 28.1366 -13.5731 0.5
13 796.425 56.6864 -10.1808 0.5
13 814.67 30.6191 13.9625 0.5
13 805.602 38.5953 -7.10156 0.5
13 820.552 27.0856 -14.9541 0.5
13 795.684 69.7621 14.9799 0.5
13 832.956 -9.99099 4.13038 0.5
13 817.176 34.8353 14.6816 0.5
13 791.424 67.3295 11.9741 0.5
13 814.751 32.023 14.4742 0.5
13 791.65 88.4523 -8.32279 0.5
13 824.786 25.2816 13.4194 0.5
13 797.813 56.3136 12.0117 0.5
13 779.987 108.367 -8.735 0.5
13 798.659 52.8859 -10.2552 0.5
13 808.339 60.4188 6.83388 0.5
13 790.333 89.3818 -10.0575 0.5
13 780.325 81.3842 -4.82227 0.5
13 804.976 42.6109 -10.9228 0.5
13 807.468 44.6793 -14.4852 0.5
13 788.944 73.2719 -13.0545 0.5
13 790.195 87.4344 -12.0442 0.5
13 833.072 8.63195 14.3387 0.5
13 783.391 103.866 -6.35381 0.5
13 778.292 85.4369 6.17053 0.5
13 802.137 54.0388 -14.5185 0.5
13 791.741 69.8595 -13.7668 0.5
13 833.036 4.79481 14.9915 0.5
13 804.345 39.0757 -1.65706 0.5
13 820.616 25.1659 -14.9865 0.5
13 820.737 37.6799 8.88312 0.5
13 780.217 80.7795 0.324479 0.5
13 799.691 50.1562 -9.14599 0.5
13 823.419 31.582 -10.579 0.5
13 805.239 60.8401 12.4242 0.5
13 785.754 72.3953 5.9044 0.5
13 779.961 84.8131 -9.74213 0.5
13 821.89 33.5594 11.2128 0.5
13 793.56 58.8095 5.74662 0.5
13 784.098 79.4846 11.5518 0.5
13 816.692 46.0007 6.73756 0.5
13 818.192 15.9514 5.25711 0.5
13 818.307 43.6181 5.841 0.5
13 784.648 78.7527 -11.7312 0.5
13 779.426 86.6576 -10.724 0.5
13 832.639 15.1936 10.9841 0.5
13 831.501 3.10635 14.4996 0.5
13 825.099 12.3395 13.8755 0.5
14 860.807 41.3568 -11.177 0.5
14 860.342 63.6369 7.33914 0.5
14 842.373 27.0403 12.9268 0.5
14 864.323 58.6669 -14.9506 0.5
14 834.928 21.3552 -2.3231 0.5
14 837.984 14.1449 -14.8202 0.5
14 837.582 -2.71022 -5.77433 0.5
14 850.764 28.1343 13.8204 0.5
14 883.921 96.7198 14.0235 0.5
14 868.29 58.4553 -13.8053 0.5
14 840.845 11.6214 14.0831 0.5
14 863.214 70.5291 0.214223 0.5
14 873.165 59.8766 -7.67251 0.5
14 867.308 48.1053 -3.784 0.5
14 883.432 75.6297 -1.55209 0.5
14 868.889 57.9464 -13.0404 0.5
14 854.942 44.5335 14.6252 0.5
14 882.54 74.076 -1.47089 0.5
14 844.411 17.8409 14.0989 0.5
14 852.755 34.8605 -14.781 0.5
14 876.588 63.7098 0.666981 0.5
14 888.176 113.664 1.74133 0.5
14 839.226 7.30329 13.4313 0.5
14 843.355 8.39833 -7.92739 0.5
14 833.334 -9.8512 -6.27023 0.5
14 837.691 -1.00011 8.55252 0.5
14 845.951 33.0484 -13.0369 0.5
14 875.856 73.4372 -14.4597 0.5
14 846.773 33.5354 13.5272 0.5
14 862.228 39.4955 -4.442 0.5
14 834.792 -7.32212 -6.27547 0.5
14 834.117 17.9069 7.86264 0.5
14 885.394 108.652 2.95767 0.5
14 870.905 54.1361 -2.91128 0.5
14 872.748 57.3455 2.99306 0.5
14 877.334 69.3294 -10.5565 0.5
14 848.276 17.1382 8.26422 0.5
14 838.106 23.7975 9.31667 0.5
14 867.905 72.2998 12.2588 0.5
14 847.967 36.9084 12.8207 0.5
14 862.551 67.6137 7.06375 0.5
14 876.195 63.1222 1.80624 0.5
14 887.473 110.11 -8.19748 0.5
14 885.044 102.654 11.7576 0.5
14 860.706 63.2412 -8.92673 0.5
14 850.833 48.3138 -4.74855 0.5
14 885.128 107.456 5.46174 0.5
14 837.542 15.4733 -14.3372 0.5
14 842.931 8.50964 -9.14723 0.5
14 858.029 32.0683 3.91234 0.5
14 865.643 57.1009 14.7667 0.5
14 853.273 37.3817 -14.9712 0.5
14 833.65 5.45227 -14.9575 0.5
14 881.4 101.83 2.43801 0.5
14 842.526 13.2297 13.5341 0.5
14 867.251 49.3147 -7.10956 0.5
14 886.209 107.494 8.81721 0.5
14 864.653 61.0299 14.6954 0.5
14 852.791 36.6558 14.9776 0.5
14 834.921 -4.97407 9.63293 0.5
14 870.96 73.8408 -14.179 0.5
14 865.455 55.7858 -14.5552 0.5
14 868.713 79.2082 4.96469 0.5
14 849.713 39.5021 -13.0721 0.5
14 840.26 14.6076 14.9547 0.5
14 886.233 85.5316 11.297 0.5
14 844.398 26.0181 -14.6806 0.5
14 874.697 66.0775 -11.7361 0.5
14 880.935 99.2625 7.41615 0.5
14 837.759 -3.18389 3.33606 0.5
14 863.77 43.649 -7.7478 0.5
14 879.333 95.057 9.49998 0.5
14 842.488 17.251 14.81 0.5
14 888.068 83.8229 2.70299 0.5
14 837.4 24.1863 6.80437 0.5
15 932.973 107.485 12.999 0.5
15 972.003 97.2624 14.7481 0.5
15 930.972 92.7177 13.1137 0.5
15 994.778 114.773 2.60035 0.5
15 933.014 85.1255 -1.93605 0.5
15 951.249 114.707 2.94987 0.5
15 981.72 85.5307 3.95482 0.5
15 893.026 86.4985 6.5353 0.5
15 912.587 108.635 12.2653 0.5
15 979.582 114.991 -0.524329 0.5
15 941.128 97.8041 -14.8384 0.5
15 958.324 101.192 14.9526 0.5
15 970.353 114.431 4.0924 0.5
15 937.489 101.036 14.9642 0.5
15 901.118 86.77 7.06867 0.5
15 984.135 114.941 -1.32787 0.5
15 909.451 101.82 -14.8892 0.5
15 926.237 114.892 1.79606 0.5
15 938.686 90.3118 11.4516 0.5
15 980.802 109.563 11.5567 0.5
15 976.242 100.979 14.968 0.5
15 961.812 85.4796 -3.76257 0.5
15 968.345 86.6221 6.78469 0.5
15 898.697 85.0794 -1.54149 0.5
15 940.83 86.368 6.25849 0.5
15 945.139 85.6127 4.24332 0.5
15 962.478 87.7258 8.62225 0.5
15 958.539 113.56 6.41284 0.5
15 996.271 108.933 12.0497 0.5
15 975.054 85.553 4.03533 0.5
15 889.365 113.834 5.7972 0.5
15 954.302 98.6494 -14.9391 0.5
15 938.201 85.1504 2.1191 0.5
15 992.697 99.7899 -14.9985 0.5
15 948.277 114.115 5.07595 0.5
15 938.239 95.2364 14.2235 0.5
15 970.572 108.001 12.688 0.5
15 975.324 110.153 -11.0412 0.5
15 908.29 86.7797 7.08694 0.5
15 997.692 114.007 5.36695 0.5
15 946.094 114.841 2.17591 0.5
15 890.773 111.15 10.0337 0.5
15 977.596 111.139 10.0459 0.5
15 985.626 85.6837 -4.47701 0.5
15 898.796 111.13 -10.0563 0.5
15 891.375 88.1855 -9.24212 0.5
15 996.379 93.8799 13.6947 0.5
15 951.909 85.1287 1.96088 0.5
15 935.129 112.042 8.94413 0.5
15 906.577 86.5904 -6.72182 0.5
15 898.855 85.0704 1.45124 0.5
15 926.905 114.655 -3.19709 0.5
15 908.163 96.9826 -14.6934 0.5
15 954.656 111.204 -9.97376 0.5
15 981.74 114.999 -0.207198 0.5
15 922.161 113.535 -6.46533 0.5
15 920.529 85.6779 -4.45832 0.5
15 964.92 97.9353 14.8572 0.5
15 970.834 108.244 -12.5315 0.5
15 970.394 114.261 -4.65104 0.5
15 969.644 90.5246 11.6283 0.5
15 994.001 87.0705 7.60452 0.5
15 959.37 86.6536 6.84645 0.5
15 928.901 111.35 -9.80677 0.5
15 977.149 105.061 -14.1203 0.5
15 980.958 105.395 -13.9961 0.5
15 926.451 92.1826 -12.8019 0.5
15 921.409 87.3889 -8.12154 0.5
15 923.949 114.944 -1.29074 0.5
15 949.64 101.163 14.9548 0.5
15 996.713 111.584 -9.53 0.5
15 990.414 114.887 -1.83825 0.5
15 933.586 106.947 -13.2941 0.5
15 890.688 98.9574 -14.9637 0.5
15 893.367 94.2532 -13.8555 0.5
15 917.518 108.387 -12.4362 0.5
15 933.313 114.624 3.3396 0.5
