0 287.694 114.597 -3.45307 0.5
0 165.141 99.2746 -14.9825 0.5
0 49.6274 110.354 10.8535 0.5
0 118.549 114.117 5.06978 0.5
0 116.322 114.844 2.15487 0.5
0 161.065 111.827 -9.2259 0.5
0 315.989 114.646 -3.2398 0.5
0 299.795 108.799 12.1483 0.5
0 167.029 114.854 2.0856 0.5
0 62.1224 98.3012 -14.9035 0.5
0 121.207 106.724 -13.4087 0.5
0 10.0338 95.9529 14.4437 0.5
0 254.012 85.5462 4.0111 0.5
0 162.56 106.769 13.3858 0.5
0 294.931 111.91 -9.1194 0.5
0 169.562 86.0109 -5.41337 0.5
0 247.394 91.0671 -12.05 0.5
0 329.935 104.312 14.3667 0.5
0 42.7354 88.4763 -9.60231 0.5
0 1.74031 112.356 -8.5048 0.5
0 145.171 113.115 -7.27972 0.5
0 279.229 113.145 -7.22502 0.5
0 267.652 105.919 13.7826 0.5
0 131.642 97.6073 -14.8079 0.5
0 305.86 114.565 -3.58532 0.5
0 331.705 114.846 -2.14275 0.5
0 228.313 109.278 11.7866 0.5
0 16.1448 85.4154 -3.50556 0.5
0 223.451 92.0188 -12.7004 0.5
0 66.5067 87.7271 -8.62413 0.5
0 58.789 85.7886 4.79955 0.5
0 192.417 103.729 -14.5291 0.5
0 28.3466 88.9204 -10.1115 0.5
0 81.7208 102.858 -14.7253 0.5
0 89.0005 101.107 14.9591 0.5
0 325.394 85.8059 4.85051 0.5
0 327.186 104.469 -14.3189 0.5
0 227.404 103.642 -14.5511 0.5
0 105.067 114.892 1.79864 0.5
0 307.164 113.293 6.94962 0.5
0 172.13 92.2744 12.8575 0.5
0 220.949 103.822 -14.505 0.5
0 99.217 88.5312 9.66778 0.5
0 290.001 102.78 14.7401 0.5
0 307.393 102.247 14.8307 0.5
0 165.192 86.6037 6.74825 0.5
0 212.896 87.3744 8.09904 0.5
0 84.8792 85.3926 3.40951 0.5
0 302.918 107.472 -13.0063 0.5
0 100.662 106.518 13.5098 0.5
0 243.744 107.591 12.9372 0.5
0 288.346 114.998 0.221953 0.5
0 158.273 104.162 14.4109 0.5
0 234.342 86.9924 7.47012 0.5
0 244.429 100.57 14.9892 0.5
0 122.49 88.2121 -9.27605 0.5
0 287.028 101.927 -14.8757 0.5
0 243.16 94.7596 -14.0548 0.5
0 128.648 103.519 -14.5814 0.5
0 81.6515 90.7898 11.8394 0.5
0 185.047 88.051 -9.06754 0.5
0 44.7233 86.9393 -7.37679 0.5
0 253.662 95.0897 14.1735 0.5
0 117.345 91.7095 -12.5007 0.5
0 9.96281 85.6897 -4.49608 0.5
0 265.07 90.5228 -11.6268 0.5
0 55.448 97.234 14.7428 0.5
0 133.746 111.797 9.26481 0.5
0 162.207 104.334 -14.3603 0.5
0 177.188 91.908 12.6301 0.5
0 53.5225 102.934 -14.7103 0.5
0 21.2952 89.6017 -10.8109 0.5
0 218.877 100.058 -14.9999 0.5
0 326.298 85.8874 -5.08265 0.5
0 70.6381 90.1613 11.3225 0.5
0 36.1921 100.237 14.9981 0.5
0 270.242 105.026 14.1328 0.5
0 138.162 114.965 -1.0169 0.5
0 214.303 86.8383 -7.19518 0.5
0 188.397 114.949 1.23887 0.5
0 151.573 107.812 -12.8055 0.5
0 229.496 87.3834 -8.11311 0.5
0 68.6178 103.685 14.5404 0.5
0 33.2128 90.9936 -11.9952 0.5
0 39.0171 85.566 -4.08165 0.5
0 14.9707 98.1839 14.8896 0.5
0 78.9891 114.878 -1.91134 0.5
0 18.8597 113.878 5.69191 0.5
0 239.248 108.224 -12.5444 0.5
0 56.8202 114.965 1.02757 0.5
0 87.7918 99.4523 14.99 0.5
0 134.099 108.346 12.4639 0.5
0 312.781 110.427 -10.7832 0.5
0 12.9007 87.3162 8.00753 0.5
0 126.78 87.4549 -8.2231 0.5
0 11.249 111.492 -9.64053 0.5
0 201.232 90.9271 11.945 0.5
0 146.232 86.8255 7.17167 0.5
0 205.254 114.765 -2.64259 0.5
0 42.0472 104.003 14.456 0.5
0 268.509 91.2949 12.2156 0.5
0 84.4574 89.1219 10.328 0.5
0 176.098 98.7293 -14.9461 0.5
0 244.764 105.955 -13.7672 0.5
0 54.6193 88.954 10.1482 0.5
0 54.9321 114.446 -4.04037 0.5
0 51.3551 113.715 -6.07459 0.5
0 325.9 86.7632 -7.05595 0.5
0 216.023 85.0373 1.0572 0.5
0 190.664 99.9563 14.9999 0.5
0 30.7463 109.79 -11.3647 0.5
0 177.56 90.9653 11.9739 0.5
0 322.42 104.496 -14.3105 0.5
0 30.797 108.465 12.383 0.5
0 168.843 89.0405 10.2415 0.5
0 117.436 88.5137 9.64704 0.5
0 21.7773 112.67 -8.02941 0.5
0 255.928 114.656 3.19609 0.5
0 265.329 88.5695 -9.71305 0.5
0 270.267 114.741 2.7777 0.5
0 294.357 114.857 2.06329 0.5
0 317.327 111.403 -9.7459 0.5
0 123.731 104.356 14.3537 0.5
0 267.605 113.52 6.49703 0.5
0 262.146 104.025 -14.4499 0.5
0 212.689 103.626 14.555 0.5
0 141.643 107.946 -12.7226 0.5
0 265.42 103.498 14.5864 0.5
0 41.2978 100.266 -14.9976 0.5
0 102.162 113.26 7.01167 0.5
0 162.217 92.2017 -12.8135 0.5
0 231.489 108.277 -12.5094 0.5
0 8.26947 87.0651 -7.59528 0.5
0 294.328 106.591 -13.4742 0.5
0 185.941 113.784 -5.91654 0.5
0 44.7075 99.6117 14.995 0.5
0 331.991 112.073 -8.90234 0.5
0 190.164 105.783 -13.8404 0.5
0 240.534 86.1147 5.67432 0.5
0 235.277 113.17 -7.18001 0.5
0 165.831 114.942 1.32044 0.5
0 55.4951 88.6313 9.78532 0.5
0 33.7587 86.5232 -6.58611 0.5
0 56.0379 108.551 -12.3236 0.5
0 73.0513 85.3898 3.3974 0.5
0 252.89 93.0454 -13.2904 0.5
0 87.383 87.88 8.83778 0.5
0 78.4734 85.0795 -1.54208 0.5
0 244.119 110.717 -10.4948 0.5
0 230.642 85.1731 2.27254 0.5
0 327.361 93.2588 -13.3998 0.5
0 279.369 107.863 12.7741 0.5
0 208.356 91.5469 -12.3913 0.5
0 18.3681 113.221 -7.08536 0.5
0 93.9702 98.7404 14.947 0.5
0 193.682 95.4051 -14.2789 0.5
0 138.224 103.672 -14.5435 0.5
0 164.345 93.3458 -13.4433 0.5
0 122.579 95.7291 14.3791 0.5
0 167.523 86.162 5.78869 0.5
0 15.2286 109.42 11.6729 0.5
0 109.629 94.7431 14.0487 0.5
0 320.375 101.764 -14.8959 0.5
0 215.207 114.708 -2.94539 0.5
0 102.818 115 -0.0305452 0.5
0 66.0094 92.2395 12.8365 0.5
0 266.708 86.8382 -7.19488 0.5
0 329.857 103.484 -14.5897 0.5
0 26.4528 85.5406 3.99071 0.5
0 188.881 104.158 -14.4122 0.5
0 283.109 114.05 -5.25401 0.5
0 328.578 102.733 -14.749 0.5
0 93.2423 114.35 4.36928 0.5
0 92.7745 105.81 -13.8292 0.5
0 224.508 88.1509 -9.19778 0.5
0 60.3483 104.814 14.2065 0.5
0 261.476 97.5519 14.7989 0.5
0 263.355 86.0694 5.56232 0.5
0 57.0812 85.0202 0.778084 0.5
0 236.513 86.1665 5.79953 0.5
0 21.4036 114.437 -4.06971 0.5
0 143.262 113.856 5.74671 0.5
0 64.3288 109.658 11.4767 0.5
0 88.0831 87.1417 -7.72418 0.5
0 6.32122 114.918 -1.56255 0.5
0 70.631 112.728 -7.93674 0.5
0 74.0321 87.1588 -7.75272 0.5
0 2.09397 112.331 8.54035 0.5
0 276.129 92.1043 -12.7538 0.5
0 188.871 111.049 10.1444 0.5
0 281.425 107.657 -12.8986 0.5
0 24.1817 114.758 -2.68304 0.5
0 313.921 85.4825 3.77385 0.5
0 295.138 99.8541 14.9993 0.5
0 178.614 105.185 -14.0754 0.5
0 82.602 87.0518 -7.57258 0.5
0 0.811746 95.1129 14.1815 0.5
0 221.742 101.154 -14.9555 0.5
0 281.321 90.1843 -11.3425 0.5
0 20.1323 113.308 -6.92136 0.5
0 247.85 94.103 13.7922 0.5
0 247.029 97.092 -14.7154 0.5
0 243.009 109.767 11.3849 0.5
0 31.8879 93.9421 13.7223 0.5
0 310.707 88.2675 9.34609 0.5
0 217.26 102.684 -14.758 0.5
0 32.562 86.7926 7.1108 0.5
0 300.957 87.7256 8.62201 0.5
0 62.1037 113.518 6.50182 0.5
0 280.986 91.3817 -12.277 0.5
0 300.363 108.446 -12.3959 0.5
0 212.419 108.908 -12.0682 0.5
0 196.403 85.0072 -0.466058 0.5
0 155.552 113.897 -5.64673 0.5
0 58.5205 94.6205 -14.0022 0.5
0 217.137 85.1949 -2.41046 0.5
0 114.082 112.15 8.79608 0.5
0 277.636 86.6431 -6.82584 0.5
0 36.6553 111.963 -9.04885 0.5
0 183.504 95.4138 -14.2817 0.5
0 327.338 106.229 13.6455 0.5
0 194.113 86.3529 -6.22543 0.5
0 145.204 86.201 5.88112 0.5
0 125.851 105.605 -13.9136 0.5
0 252.364 89.2308 10.4414 0.5
0 295.264 85.1298 1.96902 0.5
0 85.3334 114.515 -3.78404 0.5
0 119.71 102.436 -14.8009 0.5
0 146.409 89.0837 10.2876 0.5
0 108.86 102.207 14.8367 0.5
0 18.7124 91.9951 -12.6855 0.5
0 326.279 85.4031 3.45418 0.5
0 112.727 93.1268 13.3326 0.5
0 44.8978 93.8001 -13.6587 0.5
0 175.858 101.906 -14.8784 0.5
0 288.519 86.9324 -7.36468 0.5
0 160.071 102.602 14.7726 0.5
0 260.186 104.187 -14.4039 0.5
0 136.785 100.984 -14.9677 0.5
0 72.1972 97.7906 -14.8364 0.5
0 221.982 85.1596 2.1823 0.5
0 0.444629 85.7091 -4.5575 0.5
0 171.026 96.8559 14.6668 0.5
0 173.402 98.9263 -14.9615 0.5
0 322.053 85.9172 5.16469 0.5
0 65.0024 104.945 14.1616 0.5
0 318.774 113.527 -6.4814 0.5
0 156.183 110.106 11.0845 0.5
0 27.6948 85.5808 -4.13346 0.5
0 287.285 113.008 -7.46982 0.5
0 210.194 97.1739 -14.7314 0.5
0 14.4636 102.55 14.7816 0.5
0 90.1154 92.6381 13.0691 0.5
0 306.848 99.9548 -14.9999 0.5
0 216.897 102.847 14.7273 0.5
0 300.305 85.1463 -2.09016 0.5
0 226.35 85.47 3.72546 0.5
0 176.17 111.788 9.27579 0.5
0 104.021 86.3606 -6.24238 0.5
0 70.3742 114.264 -4.64105 0.5
0 286.452 86.0503 5.51428 0.5
0 28.5625 114.785 -2.53067 0.5
0 196.488 98.1989 -14.8915 0.5
0 110.641 85.5887 -4.16115 0.5
0 104.095 112.217 8.70311 0.5
0 130.426 112.494 8.30063 0.5
0 6.08101 108.962 12.0286 0.5
0 331.187 93.4148 13.4772 0.5
0 71.5755 101.111 -14.9588 0.5
0 229.833 96.3096 14.5389 0.5
0 265.324 114.318 -4.47205 0.5
0 71.5982 105.717 13.8677 0.5
0 72.7303 95.6371 -14.3515 0.5
0 27.8044 114.709 2.93842 0.5
0 158 89.0803 10.2839 0.5
0 129.312 90.2684 -11.4147 0.5
0 111.294 87.5633 -8.38618 0.5
0 181.686 107.473 -13.006 0.5
0 7.57719 101.131 -14.9573 0.5
0 97.5407 103.061 14.6844 0.5
0 23.1736 85.2682 2.82402 0.5
0 236.725 85.2527 2.74175 0.5
0 226.438 96.3379 -14.5461 0.5
0 169.972 113.27 6.99329 0.5
0 204.773 114.768 2.62602 0.5
0 163.492 112.33 -8.54196 0.5
0 318.97 109.641 -11.4914 0.5
0 282.717 85.5493 -4.02226 0.5
0 226.963 85.0367 1.04805 0.5
0 189.04 112.175 -8.76134 0.5
0 54.185 95.7075 -14.3727 0.5
0 77.7255 88.4119 -9.52447 0.5
0 150.147 114.815 -2.34962 0.5
0 14.0067 113.319 6.89975 0.5
0 309.303 113.653 6.21362 0.5
0 176.881 87.8134 8.74567 0.5
0 219.395 87.577 -8.40654 0.5
0 87.9958 106.818 -13.3609 0.5
0 229.97 85.0622 1.36453 0.5
0 131.87 110.316 -10.8897 0.5
0 328.673 93.3387 -13.4398 0.5
0 329.571 85.1729 2.27101 0.5
0 239.927 114.678 -3.0895 0.5
0 320.484 114.922 1.52868 0.5
0 64.4982 109.537 -11.5775 0.5
0 289.661 86.6709 -6.88009 0.5
0 80.9592 90.0001 -11.1804 0.5
0 167.333 102.559 -14.7801 0.5
0 34.5265 99.7748 14.9983 0.5
0 190.456 101.181 -14.9535 0.5
0 87.3265 106.141 13.6854 0.5
0 115.836 89.0734 -10.2767 0.5
0 245.685 90.0184 -11.1968 0.5
0 240.973 103.033 14.6901 0.5
0 227.642 113.65 -6.2201 0.5
0 327.963 113.624 -6.27563 0.5
0 78.5107 109.116 11.912 0.5
0 18.7343 86.0953 -5.6266 0.5
0 104.026 107.306 -13.1005 0.5
0 70.3643 85.4789 -3.75989 0.5
0 181.257 114.692 3.02489 0.5
0 225.442 103.499 -14.5862 0.5
0 100.098 111.485 9.64831 0.5
0 228.927 92.6707 13.0875 0.5
0 201.36 85.2149 2.53027 0.5
0 141.004 113.928 -5.56933 0.5
0 195.973 85.1507 2.12087 0.5
0 127.327 93.5511 13.543 0.5
0 91.3912 112.288 8.60205 0.5
0 321.929 106.764 13.3885 0.5
0 294.791 86.997 -7.47804 0.5
0 108.953 85.5484 -4.01898 0.5
0 207.709 89.3668 -10.5799 0.5
0 321.522 99.007 14.9671 0.5
0 82.7143 85.0566 -1.30128 0.5
0 118.341 98.7549 14.9482 0.5
0 1.67327 96.9769 -14.6922 0.5
0 303.159 111.087 10.1038 0.5
0 40.1808 114 -5.38577 0.5
0 168.967 112.055 8.92618 0.5
0 171.579 114.59 3.48196 0.5
0 250.261 97.9765 -14.8629 0.5
0 238.039 89.1238 10.3299 0.5
0 180.84 112.114 -8.84658 0.5
0 280.934 114.982 0.743682 0.5
0 149.688 111.359 -9.79667 0.5
0 27.9302 102.725 -14.7505 0.5
0 112.646 99.8214 14.9989 0.5
0 275.871 89.4753 -10.6878 0.5
0 300.658 102.378 14.8104 0.5
0 153.752 89.9848 11.1668 0.5
0 143.707 87.8027 -8.7308 0.5
0 28.7165 86.864 7.24192 0.5
0 90.1456 88.4598 -9.58242 0.5
0 198.812 86.6392 -6.81835 0.5
0 157.657 103.288 14.6353 0.5
0 253.587 85.3949 -3.41903 0.5
0 185.465 85.7322 4.62918 0.5
0 224.223 108.098 12.6264 0.5
0 276.722 85.5725 -4.10458 0.5
0 240.829 85.0001 0.0599673 0.5
0 214.801 114.95 1.22611 0.5
0 117.626 92.7636 -13.1391 0.5
0 312.927 85.6543 -4.38204 0.5
0 321.505 107.748 12.8439 0.5
0 217.108 86.594 6.72904 0.5
0 327.064 114.528 -3.73329 0.5
0 105.348 86.0503 5.51422 0.5
0 240.266 85.1337 1.99794 0.5
0 220.423 86.0365 5.47916 0.5
0 253.091 85.0601 1.34135 0.5
0 30.1315 95.13 14.1874 0.5
0 229.803 113.997 5.39234 0.5
0 216.147 108.313 12.4856 0.5
0 170.852 98.2195 -14.894 0.5
0 215.866 112.15 8.79595 0.5
0 222.989 109.183 -11.8608 0.5
0 103.189 105.134 -14.0941 0.5
0 239.184 102.478 14.7938 0.5
0 110.992 111.848 9.19948 0.5
0 234.007 112.073 8.90242 0.5
0 118.255 100.738 -14.9818 0.5
0 282.072 89.288 -10.5002 0.5
0 265.783 101.553 -14.9194 0.5
0 256.662 97.3459 14.7633 0.5
0 124.682 85.4378 3.59758 0.5
0 11.0017 107.028 13.2515 0.5
0 297.306 108.133 12.604 0.5
0 145.118 86.092 -5.61846 0.5
0 229.94 99.9335 14.9999 0.5
0 137.96 114.589 -3.48769 0.5
0 129.739 114.957 1.12907 0.5
0 49.5511 85.752 -4.68981 0.5
0 160.616 110.623 -10.5902 0.5
0 236.715 110.903 -10.3016 0.5
0 118.807 86.5203 6.58008 0.5
0 4.96623 92.0595 -12.7259 0.5
0 304.775 90.9492 -11.9617 0.5
0 315.819 113.064 -7.37165 0.5
0 91.5427 111.548 -9.57254 0.5
0 237.409 91.2356 12.1731 0.5
0 197.933 87.4034 8.14413 0.5
0 99.6302 113.588 6.35447 0.5
0 194.436 85.0142 0.653169 0.5
0 44.0747 112.106 8.85736 0.5
0 257.739 109.025 -11.9809 0.5
0 147.492 113.818 5.83535 0.5
0 139.844 86.8997 7.30623 0.5
0 81.0371 87.1053 7.66331 0.5
0 286.612 111.32 -9.84206 0.5
0 75.7197 86.3308 -6.1768 0.5
0 202.649 90.081 -11.2523 0.5
0 24.0797 114.943 1.30276 0.5
0 131.963 91.4406 -12.3181 0.5
1 353.303 54.4859 10.2768 0.5
1 492.821 -188.958 -7.95563 0.5
1 428.01 -73.6359 -11.4825 0.5
1 427.176 -52.2794 10.9422 0.5
1 406.529 -37.0982 10.8854 0.5
1 366.465 57.3999 -2.52634 0.5
1 412.055 -21.7736 -3.54269 0.5
1 381.528 12.795 14.529 0.5
1 466.157 -124.768 -14.0367 0.5
1 342.67 72.1213 -9.37823 0.5
1 349.865 57.2145 -4.97282 0.5
1 392.376 10.4404 -7.97285 0.5
1 431.268 -55.6255 5.37799 0.5
1 458.031 -125.246 -11.7972 0.5
1 477.834 -141.51 -12.1681 0.5
1 412.534 -35.2702 14.8779 0.5
1 485.713 -148.941 -0.598818 0.5
1 411.698 -40.4625 14.2345 0.5
1 400.118 -25.6386 -11.2118 0.5
1 401.589 -19.1706 -14.97 0.5
1 478.78 -145.895 -13.7361 0.5
1 449.198 -98.3387 14.8157 0.5
1 346.319 91.9327 -4.11571 0.5
1 356.727 46.1021 -6.78169 0.5
1 401.779 -33.2054 3.20474 0.5
1 454.243 -102.912 -13.5136 0.5
1 344.696 73.349 -13.2823 0.5
1 482.77 -149.592 11.8164 0.5
1 461.321 -136.648 -0.984163 0.5
1 493.416 -189.895 -8.10322 0.5
1 473.638 -135.961 13.238 0.5
1 372.731 29.5459 14.8356 0.5
1 470.215 -122.133 -1.1772 0.5
1 397.538 2.30424 6.51887 0.5
1 405.502 -11.7259 6.9854 0.5
1 337.275 80.7209 -8.36434 0.5
1 403.541 -9.57005 8.95538 0.5
1 414.403 -49.7437 11.7471 0.5
1 440.157 -95.5553 -10.6814 0.5
1 491.515 -173.765 14.9985 0.5
1 444.971 -78.6986 3.16182 0.5
1 454.754 -95.4474 2.04847 0.5
1 491.115 -188.279 0.444778 0.5
1 362.594 59.1952 -11.2896 0.5
1 338.756 105.329 2.87685 0.5
1 491.422 -160.52 -6.94138 0.5
1 474.664 -143.433 -14.9383 0.5
1 470.635 -128.401 11.6788 0.5
1 471.377 -124.099 0.0752887 0.5
1 347.258 88.3504 8.33865 0.5
1 391.183 -4.81808 -14.271 0.5
1 383.952 6.98561 -14.0169 0.5
1 471.131 -153.285 3.38692 0.5
1 434.936 -62.7714 7.10581 0.5
1 477.763 -162.739 -8.1701 0.5
1 463.686 -131.529 13.854 0.5
1 394.525 -20.8565 -1.96919 0.5
1 369.762 26.7093 -11.0028 0.5
1 463.393 -120.471 -14.2116 0.5
1 405.085 -19.1022 14.0787 0.5
1 383.511 -1.88117 0.924865 0.5
1 358.857 45.2807 10.7019 0.5
1 373.542 31.3524 14.9669 0.5
1 471.979 -138.197 14.8736 0.5
1 489.129 -180.668 -10.3858 0.5
1 380.607 17.4263 14.984 0.5
1 354.501 73.9231 -10.6265 0.5
1 336.949 102.438 -12.2192 0.5
1 408.028 -15.1019 4.61475 0.5
1 418.564 -42.1421 -13.9622 0.5
1 418.359 -32.7356 -3.7135 0.5
1 454.298 -96.5857 7.6022 0.5
1 447.993 -112.882 4.57186 0.5
1 431.409 -79.2856 11.6781 0.5
1 437.078 -82.0923 14.8066 0.5
1 374.863 42.8057 -2.7976 0.5
1 398.054 -3.57402 -12.3422 0.5
1 392.971 -18.044 2.73951 0.5
1 354.408 71.7102 -12.5517 0.5
1 450.131 -101.068 14.9494 0.5
1 488.606 -181.118 8.75843 0.5
1 461.593 -136.262 -5.09239 0.5
1 348.314 66.682 13.0642 0.5
1 405.205 -29.0497 14.2887 0.5
1 481.364 -160.762 -14.3507 0.5
1 479.295 -144.356 -12.389 0.5
1 397.714 0.561178 -8.90283 0.5
1 438.832 -92.4995 11.3821 0.5
1 413.188 -52.3188 -5.37035 0.5
1 471.842 -143.353 14.5981 0.5
1 363.662 47.6905 -14.9984 0.5
1 473.824 -153.075 11.4088 0.5
1 463.919 -130.024 -14.4994 0.5
1 356.946 71.3157 8.70849 0.5
1 348.576 86.1541 8.20684 0.5
1 428.351 -58.7388 13.8178 0.5
1 344.912 93.1378 -7.13788 0.5
1 418.02 -34.4205 8.64107 0.5
1 399.11 -1.37667 -8.21171 0.5
1 383.814 15.199 14.767 0.5
1 497.641 -172.895 9.39379 0.5
1 341.921 70.3771 2.73534 0.5
1 455.508 -121.077 11.6366 0.5
1 487.262 -156.777 -11.3259 0.5
1 488.749 -182.796 -6.31111 0.5
1 343.612 95.4176 -7.08694 0.5
1 392.09 -14.703 -7.59722 0.5
1 434.652 -89.3332 5.77465 0.5
1 363.95 61.9693 -0.143937 0.5
1 423.162 -45.9129 11.4629 0.5
1 357.576 72.2518 -4.70865 0.5
1 352.205 60.1813 13.1958 0.5
1 495.943 -195.727 5.17295 0.5
1 428.087 -74.6243 -10.707 0.5
1 437.517 -67.5639 -7.67688 0.5
1 354.74 47.9301 0.456314 0.5
1 443.398 -104.006 6.80291 0.5
1 361.668 49.3772 14.9201 0.5
1 462.257 -136.978 -6.16145 0.5
1 466.039 -115.36 3.86775 0.5
1 443.743 -78.6097 8.0986 0.5
1 436.683 -69.9323 -11.944 0.5
1 334.59 112.552 2.84124 0.5
1 358.599 66.3156 11.1102 0.5
1 436.995 -71.4893 -12.6515 0.5
1 470.078 -124.248 -8.13878 0.5
1 426.98 -49.1136 -7.33074 0.5
1 376.951 9.45537 0.354724 0.5
1 351.006 64.2996 14.1101 0.5
1 379.682 10.4487 11.7897 0.5
1 346.537 87.0595 11.2441 0.5
1 435.965 -89.5052 9.33457 0.5
1 457.707 -124.921 11.6081 0.5
1 476.026 -133.579 6.38706 0.5
1 403.172 -34.6333 -6.17849 0.5
1 347.018 88.3557 -8.92082 0.5
1 491.021 -183.044 11.2506 0.5
1 414.774 -43.3006 -14.8317 0.5
1 448.403 -90.2413 -11.9502 0.5
1 379.031 27.5395 13.425 0.5
1 471.111 -151.839 7.12246 0.5
1 397.389 -16.3677 13.9865 0.5
1 442.878 -103.963 4.75586 0.5
1 380.175 31.1259 8.64474 0.5
1 400.056 -2.99037 8.17506 0.5
1 384.984 6.63583 14.4835 0.5
1 355.366 49.9795 -9.18584 0.5
1 481.169 -146.879 -11.8626 0.5
1 337.503 97.1679 14.3431 0.5
1 385.747 18.9566 11.4082 0.5
1 474.605 -152.867 -12.5745 0.5
1 467.402 -144.583 8.48606 0.5
1 341.193 73.5746 7.80097 0.5
1 343.669 70.5841 -9.6146 0.5
1 453.644 -100.243 12.5985 0.5
1 361 67.0377 -1.11846 0.5
1 488.25 -180.181 9.18857 0.5
1 393.725 10.2677 1.97957 0.5
1 434.711 -64.9408 10.5622 0.5
1 459.854 -133.699 -3.61027 0.5
1 416.874 -56.5164 9.23439 0.5
1 493.309 -180.974 14.4874 0.5
1 365.963 28.5134 0.929442 0.5
1 365.397 57.0716 -8.12665 0.5
1 468.633 -123.331 10.1825 0.5
1 461.878 -113.172 11.6293 0.5
1 462.355 -123.255 -14.9984 0.5
1 492.964 -178.779 -14.8241 0.5
1 403.127 -23.9515 14.6833 0.5
1 433.175 -59.1268 -5.8697 0.5
1 498.198 -170.739 -2.34913 0.5
1 459.532 -133.576 -0.436137 0.5
1 420.599 -66.1182 0.963739 0.5
1 351.222 80.8301 9.24331 0.5
1 428.257 -60.1275 14.3752 0.5
1 446.203 -92.7597 14.7482 0.5
1 406.638 -14.6269 8.52717 0.5
1 466.551 -121.501 -11.8172 0.5
1 437.593 -90.4657 -11.2834 0.5
1 411.253 -25.2283 11.4139 0.5
1 341.33 73.3241 -7.77998 0.5
1 435.88 -85.4197 12.8101 0.5
1 386.225 -6.56069 -1.22041 0.5
1 446.892 -106.691 11.1783 0.5
1 412.542 -37.2242 -15 0.5
1 404.602 -23.0326 14.9944 0.5
1 403.732 -15.3409 13.4731 0.5
1 402.402 -32.8225 -7.13962 0.5
1 339.655 97.6128 -12.3159 0.5
1 458.897 -104.217 -7.00241 0.5
1 482.373 -156.988 14.9553 0.5
1 477.972 -137.421 -7.30656 0.5
1 363.582 39.6987 12.7449 0.5
1 339.851 103.422 2.93001 0.5
1 457.169 -102.585 -9.127 0.5
1 405.552 -24.8953 -14.9988 0.5
1 385.554 10.1187 -14.9893 0.5
1 438.668 -97.1255 -3.08263 0.5
1 456.35 -111.106 14.8708 0.5
1 492.77 -162.035 5.06881 0.5
1 480.634 -156.854 14.9008 0.5
1 437.498 -66.1002 4.47231 0.5
1 400.127 -12.7091 14.7008 0.5
1 394.819 -5.82469 -14.985 0.5
1 475.15 -146.467 -14.9769 0.5
1 454.545 -112.119 14.8416 0.5
1 469.568 -149.047 -7.34043 0.5
1 346.18 62.8592 -1.81676 0.5
1 335.617 82.1117 5.55717 0.5
1 428.68 -79.7565 -3.39357 0.5
1 457.607 -104.264 -10.2155 0.5
1 395.34 4.52155 -9.10515 0.5
1 411.451 -23.4812 9.2311 0.5
1 463.358 -128.825 14.5577 0.5
1 432.573 -76.0622 14.4078 0.5
1 475.564 -153.087 -13.4024 0.5
1 484.921 -154.732 12.7977 0.5
1 464.569 -113.942 -6.81162 0.5
1 438.259 -78.5005 14.6467 0.5
1 367.704 55.4487 -0.767911 0.5
1 374.952 31.299 -14.6131 0.5
1 456.996 -100.681 6.51969 0.5
1 420.291 -64.2724 -6.20358 0.5
1 463.289 -110.19 -1.72889 0.5
1 496.943 -176.229 13.1855 0.5
1 368.217 31.258 12.4796 0.5
1 401.622 -22.6524 -14.3482 0.5
1 434.032 -70.7153 -14.5364 0.5
1 497.916 -193.353 -12.5024 0.5
1 425.909 -47.2106 7.24399 0.5
1 454.52 -107.283 -14.7696 0.5
1 447.4 -112.557 0.605489 0.5
1 349.294 85.1138 -7.88722 0.5
1 443.885 -106.409 1.46236 0.5
1 465.384 -118.535 -11.013 0.5
1 373.581 38.2091 -12.7389 0.5
1 363.202 59.9902 9.3558 0.5
1 390.631 -14.227 -0.680311 0.5
1 384.113 2.15372 -11.275 0.5
1 359.895 58.9846 14.1453 0.5
1 381.48 1.87061 -2.79833 0.5
1 369.19 32.701 -14.0725 0.5
1 496.01 -185.303 14.5764 0.5
1 430.459 -65.1191 14.6745 0.5
1 382.421 29.9776 0.00720568 0.5
1 482.967 -162.548 -14.6155 0.5
1 342.02 99.8281 -1.94556 0.5
1 486.224 -154.671 11.0501 0.5
1 425.846 -69.1961 -12.0298 0.5
1 485.474 -154.271 11.8129 0.5
1 401.971 -22.785 14.4836 0.5
1 349.032 69.9917 -14.7332 0.5
1 403.571 -29.5804 -12.7356 0.5
1 417.962 -55.5237 12.043 0.5
1 360.891 44.0178 -12.5274 0.5
1 482.577 -150.35 -12.5941 0.5
1 357.785 42.9666 -3.07402 0.5
1 463.437 -134.435 -11.9333 0.5
1 434.135 -74.4948 14.9997 0.5
1 481.236 -169.517 6.8546 0.5
1 402.794 -29.5408 11.8233 0.5
1 478.822 -159.793 12.8122 0.5
1 339.557 99.4413 -10.9784 0.5
1 469.519 -137.871 14.8675 0.5
1 399.132 -26.7514 7.8463 0.5
1 433.006 -60.4712 8.77238 0.5
1 381.841 2.79571 -7.14957 0.5
1 460.409 -133.084 7.51169 0.5
1 431.204 -63.1832 -13.5975 0.5
1 337.388 93.5948 14.9873 0.5
1 407.296 -13.6298 -3.92417 0.5
1 354.919 56.3529 13.6313 0.5
1 464.371 -120.963 13.7469 0.5
1 458.198 -114.963 -14.9428 0.5
1 343.795 67.1385 2.76899 0.5
1 354.467 58.5819 14.2068 0.5
1 412.739 -22.534 -0.0258063 0.5
1 371.116 49.2916 -2.81556 0.5
1 350.818 54.9411 -2.59102 0.5
1 417.675 -38.9051 13.1709 0.5
1 436.362 -63.6008 -2.11522 0.5
1 380.456 24.0333 -13.8945 0.5
1 471.503 -131.543 12.8282 0.5
1 351.255 76.8896 12.7319 0.5
1 449.14 -89.4875 10.0936 0.5
1 466.006 -143.75 -5.50168 0.5
1 448.195 -108.111 -11.8752 0.5
1 390.133 -0.0946326 -14.9016 0.5
1 486.975 -152.722 6.75394 0.5
1 475.866 -157.556 -10.5302 0.5
1 351.838 77.9149 -11.2103 0.5
1 403.571 -35.994 -4.40533 0.5
1 462.501 -114.803 12.0575 0.5
1 472.109 -152.66 8.59584 0.5
1 464.077 -139.976 -6.49566 0.5
1 472.951 -153.046 9.95319 0.5
1 472.582 -126.412 -2.59925 0.5
1 408.802 -34.2258 -14.5835 0.5
1 460.367 -134.38 -4.36262 0.5
1 334.055 100.536 -14.8934 0.5
1 371.634 48.6404 -0.783701 0.5
1 379.147 31.5227 10.3329 0.5
1 400.291 -29.1309 -7.20431 0.5
1 499.328 -175.763 9.32575 0.5
1 428.415 -52.1596 -8.2515 0.5
1 490.057 -186.057 3.42955 0.5
1 337.219 85.7804 12.996 0.5
1 451.274 -117.126 -7.74261 0.5
1 334.993 86.8886 -10.9641 0.5
1 352.745 57.6694 12.2127 0.5
1 361.228 66.3572 3.11634 0.5
1 374.545 18.2964 -10.8836 0.5
1 484.615 -176.639 3.39548 0.5
1 465.68 -117.352 -9.159 0.5
1 467.81 -147.589 3.13247 0.5
1 443.119 -100.567 -10.7982 0.5
1 455.244 -125.172 -5.34393 0.5
1 465.092 -140.356 -8.80424 0.5
1 398.881 -11.4784 14.8588 0.5
1 468.898 -120.214 -3.48443 0.5
1 362.692 58.0283 -12.0904 0.5
1 474.069 -144.19 14.9939 0.5
1 338.707 82.3406 12.4592 0.5
1 484.723 -148.247 5.47005 0.5
1 485.572 -168.774 14.1105 0.5
1 337.461 106.523 6.17053 0.5
1 496.196 -187.402 14.027 0.5
1 350.497 81.4449 10.0074 0.5
1 420.96 -48.7781 -14.6977 0.5
1 398.656 -24.4964 -9.80133 0.5
1 354.092 54.2127 11.3285 0.5
1 408.044 -21.1346 -12.5151 0.5
1 372.589 39.6787 -12.8901 0.5
1 366.42 56.1927 -6.5369 0.5
1 497.25 -190.483 13.4839 0.5
1 406.942 -15.7428 -9.32329 0.5
1 484.67 -147.205 -1.57317 0.5
1 435.557 -89.7263 8.02854 0.5
1 382.699 28.5824 -5.15554 0.5
1 440.993 -86.2173 14.9978 0.5
1 439.41 -68.9756 2.70242 0.5
1 497.421 -196.362 8.79098 0.5
1 365.885 36.8537 13.3882 0.5
1 410.871 -46.1041 9.25457 0.5
1 488.62 -177.787 -12.1312 0.5
1 467.899 -147.593 -3.7687 0.5
1 338.462 92.9271 14.8903 0.5
1 450.842 -89.3204 -4.80256 0.5
1 414.217 -38.7336 14.9381 0.5
1 421.087 -63.6117 -9.48814 0.5
1 487.104 -151.545 2.47841 0.5
1 430.195 -75.5684 12.8133 0.5
1 378.233 15.8778 13.5878 0.5
1 387.166 18.637 9.15978 0.5
1 462.23 -116.53 -13.4075 0.5
1 337.696 79.2314 7.10128 0.5
1 357.839 54.2909 14.6405 0.5
1 338.281 106.43 0.074678 0.5
1 471.432 -140.364 -14.9543 0.5
1 485.907 -172.42 12.5898 0.5
1 409.443 -42.044 -10.9813 0.5
1 374.991 12.8595 -0.616985 0.5
1 421.168 -41.125 10.1877 0.5
1 349.984 86.0231 2.02664 0.5
1 491.933 -189.449 -2.74352 0.5
1 476.504 -158.924 -10.2561 0.5
1 455.002 -124.282 -6.44329 0.5
1 385.654 2.75303 -13.4573 0.5
1 371.07 26.4951 -12.5968 0.5
1 377.174 25.2515 -14.953 0.5
1 366.63 52.0612 11.4132 0.5
1 366.294 41.1591 14.8975 0.5
1 444.739 -101.858 12.0752 0.5
1 472.232 -130.128 10.76 0.5
1 410.558 -23.9704 -11.367 0.5
1 427.321 -48.5109 -4.58714 0.5
1 378.729 24.2947 14.7126 0.5
1 363.314 58.2058 -11.0589 0.5
1 351.219 68.5894 -14.9938 0.5
1 389.817 -12.6436 2.36837 0.5
1 366.255 53.0813 11.0873 0.5
1 391.07 -12.5847 -8.16613 0.5
1 387.763 -2.22903 -12.7171 0.5
1 469.343 -143.693 12.6145 0.5
1 356.439 51.2146 12.173 0.5
1 499.1 -190.479 14.6184 0.5
1 423.31 -42.6317 7.1005 0.5
1 413.46 -24.9675 -5.83993 0.5
1 415.203 -51.3172 11.5963 0.5
1 341.572 88.5278 14.7368 0.5
1 461.313 -111.893 11.3778 0.5
1 342.217 73.6502 10.2377 0.5
1 412.868 -24.1482 6.30645 0.5
1 387.461 18.7942 -8.22163 0.5
1 489.195 -155.973 -5.41962 0.5
1 475.914 -138.435 12.3438 0.5
1 369.949 23.9274 -8.05632 0.5
1 432.047 -79.5461 -12.3118 0.5
1 391.616 -11.9931 -10.1501 0.5
1 417.906 -51.6346 -14.0883 0.5
1 341.289 91.7708 13.9356 0.5
1 401.169 -20.8624 14.617 0.5
1 382.333 14.8465 -14.9973 0.5
1 374.968 18.4121 11.6293 0.5
1 349.168 66.3154 -13.632 0.5
1 409.469 -45.3672 6.54551 0.5
1 334.136 85.8977 -7.96351 0.5
1 435.451 -83.7376 13.3373 0.5
1 376.779 18.6001 -13.6815 0.5
1 387.329 -8.52289 0.110946 0.5
1 340.79 88.9252 -14.8866 0.5
1 485.68 -160.865 14.6955 0.5
1 449.884 -87.5751 -4.54107 0.5
1 366.192 34.4739 12.2804 0.5
1 362.722 40.2124 12.0849 0.5
1 412.121 -46.7611 10.9078 0.5
1 411.389 -39.1856 -14.4599 0.5
1 466.621 -143.756 -7.66327 0.5
1 400.179 -29.9199 5.00655 0.5
1 419.277 -35.9355 -7.61473 0.5
1 443.723 -79.3087 -9.14203 0.5
1 385.931 22.8432 -5.52761 0.5
1 451.193 -101.087 -14.6863 0.5
1 403.559 -22.6628 14.9647 0.5
1 454.537 -114.335 14.3387 0.5
1 423.081 -68.7263 6.97808 0.5
1 450.627 -117.821 -3.16526 0.5
1 461.459 -108.232 -6.13388 0.5
1 358.906 68.3279 8.10579 0.5
1 458.12 -101.208 1.46664 0.5
2 568.964 -73.0787 -14.497 0.5
2 593.55 -12.8051 -5.79229 0.5
2 625.155 23.0282 14.1166 0.5
2 578.212 -39.0019 4.81636 0.5
2 656.24 86.3865 -14.3257 0.5
2 605.749 -20.3576 2.1477 0.5
2 595.84 -17.8676 14.2084 0.5
2 651.883 87.7625 -6.80314 0.5
2 644.266 50.0252 10.006 0.5
2 575.791 -63.0759 13.8854 0.5
2 592.515 -16.4722 -9.05114 0.5
2 602.649 -16.221 14.0178 0.5
2 563.058 -84.2802 14.2027 0.5
2 607.536 -17.394 -0.822471 0.5
2 662.769 80.7452 -8.28513 0.5
2 548.936 -102.144 14.895 0.5
2 547.824 -97.0953 12.1861 0.5
2 625.513 42.4198 6.10663 0.5
2 584.463 -57.381 0.0490846 0.5
2 510.07 -158.415 -7.79187 0.5
2 528.577 -127.003 8.7613 0.5
2 600.354 -13.4407 -14.9329 0.5
2 512.652 -175.734 -12.0204 0.5
2 642.161 64.5664 -13.2604 0.5
2 563.047 -69.168 -10.898 0.5
2 631.698 49.9925 10.6523 0.5
2 577.38 -67.2135 -8.19226 0.5
2 652.424 69.6047 -13.8642 0.5
2 585.168 -42.4609 14.9434 0.5
2 626.458 15.9465 -4.16821 0.5
2 636.622 33.161 2.4406 0.5
2 510.122 -171.03 -14.9996 0.5
2 533.371 -117.141 -6.02996 0.5
2 628.613 42.5749 12.3692 0.5
2 578.676 -38.7625 6.23787 0.5
2 644.389 68.029 13.4628 0.5
2 654.977 69.0206 -10.4789 0.5
2 662.241 105.832 -6.5447 0.5
2 655.264 95.2477 -0.291643 0.5
2 609.59 -2.10427 -14.645 0.5
2 500.332 -174.24 5.73682 0.5
2 570.988 -59.7568 -13.7635 0.5
2 637.242 63.9585 -1.51181 0.5
2 631.673 48.1644 -12.1653 0.5
2 557.043 -103.325 6.63785 0.5
2 529.442 -145.016 -13.0835 0.5
2 556.273 -95.5712 14.3513 0.5
2 594.62 -13.1164 -9.42094 0.5
2 559.934 -95.8062 10.2634 0.5
2 658.357 70.6708 1.38082 0.5
2 553.739 -92.3466 -14.6439 0.5
2 604.348 -22.6899 -2.72652 0.5
2 614.1 6.22472 14.7501 0.5
2 615 5.79189 -14.2383 0.5
2 547.97 -103.994 14.915 0.5
2 562.648 -68.0082 8.78705 0.5
2 655.726 78.8871 -14.8431 0.5
2 577.296 -69.68 1.84425 0.5
2 606.883 -16.0927 -8.22405 0.5
2 646.507 56.8037 -12.5081 0.5
2 613.152 -0.817098 -12.6082 0.5
2 647.83 73.7883 -13.5593 0.5
2 660.446 74.9949 -4.74006 0.5
2 553.781 -80.5753 -1.25063 0.5
2 572.188 -54.6339 11.9942 0.5
2 665.817 99.0298 -14.9916 0.5
2 544.333 -126.1 -4.79884 0.5
2 519.111 -169.084 6.51814 0.5
2 552.459 -104.5 13.4275 0.5
2 530.779 -137.757 14.808 0.5
2 609.018 13.9781 5.81196 0.5
2 583.015 -32.1298 7.88657 0.5
2 643.373 64.2183 -14.2888 0.5
2 554.663 -78.9967 0.139402 0.5
2 570.429 -56.6609 -11.1561 0.5
2 638.709 59.2069 12.9137 0.5
2 615.976 27.1555 -1.16023 0.5
2 602.212 -10.5881 14.9632 0.5
2 554.243 -79.9937 2.83761 0.5
2 537.714 -110.992 8.49644 0.5
2 632.974 26.6433 -0.0265024 0.5
2 610.898 -11.5917 -0.25613 0.5
2 538.666 -109.166 8.23499 0.5
2 583.117 -30.9755 -6.02431 0.5
2 536.847 -111.127 -6.04832 0.5
2 554.652 -89.6935 14.364 0.5
2 612.544 18.5468 8.59975 0.5
2 589.769 -35.3325 -14.8463 0.5
2 632.797 26.6783 3.18329 0.5
2 529.068 -137.453 14.9744 0.5
2 547.985 -107.288 -14.9004 0.5
2 565.459 -73.8046 14.9257 0.5
2 503.518 -168.439 -4.99773 0.5
2 545.764 -114.494 14.112 0.5
2 650.126 65.6486 -13.8741 0.5
2 544.304 -97.5784 4.33311 0.5
2 563.686 -75.5712 14.7371 0.5
2 655.556 66.2186 -3.69616 0.5
2 630.61 22.552 0.346532 0.5
2 516.59 -147.979 9.05232 0.5
2 562.19 -86.1699 14.0659 0.5
2 637.24 39.7229 -11.7616 0.5
2 553.172 -88.8012 -12.8268 0.5
2 540.402 -122.687 14.4593 0.5
2 505.377 -194.358 -0.343917 0.5
2 619.542 30.9873 -8.12393 0.5
2 555.462 -78.372 4.71284 0.5
2 517.571 -172.684 4.05324 0.5
2 560.598 -96.5136 7.82399 0.5
2 643.391 58.2833 14.9344 0.5
2 515.791 -175.57 4.69524 0.5
2 641.283 61.0485 14.1369 0.5
2 618.223 25.3744 11.7834 0.5
2 571.169 -50.9032 -3.82657 0.5
2 572.548 -48.1571 2.03787 0.5
2 590.782 -17.6781 -5.97478 0.5
2 658.243 77.431 -12.7016 0.5
2 647.153 59.5779 13.4587 0.5
2 516.262 -154.016 -13.5225 0.5
2 563.005 -70.213 11.7418 0.5
2 527.503 -131.11 -11.2449 0.5
2 647.092 76.7112 10.5982 0.5
2 542.967 -103.867 -10.822 0.5
2 650.472 61.618 10.8746 0.5
2 595.237 -25.8591 14.8466 0.5
2 602.906 -4.75418 -13.8817 0.5
2 556.324 -84.858 13.6306 0.5
2 522.67 -164.401 0.491483 0.5
2 532.857 -119.043 7.94815 0.5
2 591.818 -33.9937 -14.3549 0.5
2 651.745 59.1848 0.941409 0.5
2 649.828 55.8363 -0.181568 0.5
2 603.175 4.29001 4.64815 0.5
2 646.79 63.3609 14.8362 0.5
2 573.41 -61.3762 14.9993 0.5
2 611.528 16.9993 -8.2891 0.5
2 566.218 -79.6651 13.8819 0.5
2 657.372 80.5794 -14.6277 0.5
2 550.923 -85.9224 3.63904 0.5
2 514.443 -161.983 -14.906 0.5
2 560.34 -97.5233 -6.81844 0.5
2 648.769 56.9904 -8.98782 0.5
2 600.564 -20.8127 -13.6035 0.5
2 655.916 93.5608 8.75235 0.5
2 661.975 96.2012 14.3624 0.5
2 522.402 -153.83 14.4688 0.5
2 656.357 97.1129 0.949334 0.5
2 529.513 -140.802 14.6447 0.5
2 653.111 61.569 1.19767 0.5
2 630.979 32.29 -13.7923 0.5
2 578.751 -37.5272 -2.73808 0.5
2 533.312 -120.427 -10.6634 0.5
2 613.302 -7.33323 1.70009 0.5
2 629.566 26.0534 -11.4538 0.5
2 518.57 -141.836 -3.10478 0.5
2 512.79 -151.618 -1.69909 0.5
2 589.526 -23.8935 11.4259 0.5
2 578.677 -40.1278 -8.62104 0.5
2 531.641 -120.425 -6.64681 0.5
2 502.322 -189.23 -14.2847 0.5
2 605.237 -21.137 2.79678 0.5
2 654.126 92.9857 2.95233 0.5
2 633.784 53.0121 -11.2104 0.5
2 654.87 65.5312 5.2885 0.5
2 625.861 35.1798 13.8095 0.5
2 502.136 -194.288 11.7591 0.5
2 654.713 70.7065 -12.2976 0.5
2 514.805 -162.56 14.9926 0.5
2 587.268 -22.7621 -2.67333 0.5
2 548.302 -92.3593 -8.05493 0.5
2 527.997 -148.085 12.7502 0.5
2 549.021 -95.3616 -12.423 0.5
2 608.918 -12.3192 8.59222 0.5
2 658.521 72.4512 6.66161 0.5
2 620.001 16.7201 -14.7983 0.5
2 599.672 -5.84652 11.0054 0.5
2 574.581 -46.7396 7.89059 0.5
2 503.992 -196.394 3.29441 0.5
2 655.759 95.5534 4.03805 0.5
2 544.021 -99.0103 -6.70507 0.5
2 578.569 -59.5714 -13.2765 0.5
2 644.988 65.3309 14.721 0.5
2 652.475 88.3705 7.56706 0.5
2 553.938 -105.568 -10.8898 0.5
2 517.267 -152.375 13.5699 0.5
2 526.771 -149.432 -13.1988 0.5
2 531.492 -131.885 -14.8312 0.5
2 522.635 -140.097 11.7103 0.5
2 627.405 43.2703 9.89417 0.5
2 665.8 112.229 -6.03851 0.5
2 529.44 -132.266 13.9878 0.5
2 532.4 -127.983 14.2858 0.5
2 624.872 13.6601 5.51464 0.5
2 524.95 -146.803 14.9399 0.5
2 611.433 19.1121 2.56164 0.5
2 650.103 57.7912 -6.49926 0.5
2 634.289 52.8317 12.0663 0.5
2 616.604 28.0867 -2.45176 0.5
2 632.46 55.5485 2.46686 0.5
2 518.906 -143.556 -8.48088 0.5
2 655.921 95.308 5.5889 0.5
2 599.534 -2.47114 -5.86477 0.5
2 662.066 106.992 -1.07221 0.5
2 662.466 93.8219 -14.9598 0.5
2 521.141 -149.164 -14.7181 0.5
2 652.119 74.2148 14.9885 0.5
2 666.603 111.84 -9.06723 0.5
2 604.171 -16.6444 12.4281 0.5
2 635.089 56.2794 10.2272 0.5
2 571.441 -76.4109 9.66111 0.5
2 591.003 -38.3905 -13.0833 0.5
2 565.817 -85.8485 -10.0099 0.5
2 521.952 -144.925 13.8636 0.5
2 531.311 -119.933 -3.80039 0.5
2 512.579 -178.152 -9.90581 0.5
2 501.999 -170.238 -0.877646 0.5
2 609.377 0.851713 14.9998 0.5
2 637.074 35.652 7.31993 0.5
2 612.845 21.179 4.19728 0.5
2 611.852 10.0531 -14.1442 0.5
2 527.068 -127.723 5.203 0.5
2 561.958 -81.8605 14.9917 0.5
2 518.57 -142.827 6.14484 0.5
2 529.146 -124.58 -6.30135 0.5
2 535.574 -115.237 -9.23294 0.5
2 595.449 -34.8097 -9.68229 0.5
2 541.528 -110.186 -13.4895 0.5
2 579.3 -51.1273 14.9987 0.5
2 598.667 -24.9614 13.1685 0.5
2 572.601 -57.0183 -13.7878 0.5
2 500.1 -194.764 13.6303 0.5
2 657.698 92.452 12.6974 0.5
2 528.638 -135.725 14.6217 0.5
2 506.611 -192.125 -1.71773 0.5
2 514.124 -152.489 9.3575 0.5
2 501.106 -172.096 3.15934 0.5
2 575.12 -45.6497 -7.62977 0.5
2 596.179 -14.8144 13.1179 0.5
2 597.545 -34.7217 0.0908278 0.5
2 505.475 -165.28 5.60887 0.5
2 582.476 -49.5023 14.5418 0.5
2 585.549 -53.1359 8.08416 0.5
2 596.618 -33.3189 9.01196 0.5
2 660.458 104.207 1.07401 0.5
2 596.202 -34.3225 8.62306 0.5
2 549.727 -102.889 14.9961 0.5
2 512.812 -170.861 -14.3473 0.5
2 666.124 113.765 -2.95715 0.5
2 564.776 -71.3595 -14.0988 0.5
2 622.587 33.8118 -11.0345 0.5
2 643.56 64.9942 14.1367 0.5
2 657.523 77.6007 -13.4889 0.5
2 615.783 13.8389 14.8698 0.5
2 548.866 -89.0371 -0.122104 0.5
2 616.619 2.79721 10.6953 0.5
2 535.681 -113.686 7.14825 0.5
2 564.165 -63.7585 -5.92754 0.5
2 583.39 -44.9055 14.9852 0.5
2 589.756 -47.5317 4.46913 0.5
2 639.252 67.5145 -0.190088 0.5
2 594.452 -19.3334 13.8557 0.5
2 633.608 43.744 -14.9664 0.5
2 632.608 44.183 -14.6604 0.5
2 601.225 -21.5959 12.5294 0.5
2 569.077 -54.3348 3.00789 0.5
2 587.574 -51.1813 4.86779 0.5
2 661.109 77.643 7.93205 0.5
2 664.96 84.094 -7.56845 0.5
2 502.523 -176.536 -12.8316 0.5
2 529.302 -138.628 -14.9834 0.5
2 533.268 -127.274 14.516 0.5
2 555.786 -79.1092 -7.58438 0.5
2 618.976 30.7016 -6.92745 0.5
2 563.775 -82.8287 -14.2726 0.5
2 578.339 -48.1194 -14.188 0.5
2 542.318 -126.739 9.79341 0.5
2 508.581 -172.874 -14.9706 0.5
2 507.935 -189.702 2.61273 0.5
2 645.913 77.4151 6.81681 0.5
2 666.249 96.6615 14.7703 0.5
2 589.197 -46.3292 8.79932 0.5
2 501.826 -200.359 2.14563 0.5
2 606.495 -2.82749 -14.9352 0.5
2 552.793 -100.852 -14.5577 0.5
2 585.039 -47.2934 13.7863 0.5
2 622.755 29.228 -14.038 0.5
2 557.612 -85.8931 14.6978 0.5
2 635.843 31.9453 3.14513 0.5
2 589.209 -49.0363 -1.92205 0.5
2 528.334 -152.247 -8.0646 0.5
2 523.487 -155.114 13.2032 0.5
2 572.465 -74.9585 -9.26529 0.5
2 580.499 -56.6272 13.0588 0.5
2 602.858 -22.7521 8.68082 0.5
2 665.225 104.954 13.0181 0.5
2 587.265 -23.8907 -6.2477 0.5
2 582.728 -35.0843 10.9023 0.5
2 645.23 62.8258 -14.9999 0.5
2 620.647 8.78473 -9.62318 0.5
2 561.417 -93.0362 -10.4724 0.5
2 563.883 -63.4042 3.34685 0.5
2 616.348 25.4206 8.17816 0.5
2 561.978 -74.2103 -13.2052 0.5
2 627.556 41.393 -11.8981 0.5
2 607.285 10.7889 6.23841 0.5
2 506.639 -173.9 -14.6379 0.5
2 508.077 -174.963 14.9974 0.5
2 546.593 -122.009 5.29142 0.5
2 581.675 -32.293 1.57949 0.5
2 510.573 -173.686 -14.6271 0.5
2 592.477 -18.8082 11.4485 0.5
2 514.12 -161.253 14.7037 0.5
2 574.947 -55.3274 -14.5775 0.5
2 575.505 -50.2356 12.896 0.5
2 621.809 17.7648 14.2965 0.5
2 515.182 -147.416 -1.04553 0.5
2 591.127 -45.5025 3.15759 0.5
2 581.386 -56.7897 11.9403 0.5
2 508.18 -162.416 8.87917 0.5
2 653.864 68.1776 11.4853 0.5
2 596.521 -8.83699 8.04559 0.5
2 571.101 -75.7572 -10.9676 0.5
2 594.541 -25.8283 -14.9728 0.5
2 621.533 8.106 6.06085 0.5
2 590.532 -16.8693 -0.171935 0.5
2 589.15 -26.9681 -13.1066 0.5
2 654.736 87.4588 12.6102 0.5
2 562.911 -82.4378 -14.7499 0.5
2 620.098 29.6757 10.8715 0.5
2 551.904 -83.812 -1.05018 0.5
2 561.978 -70.9049 -10.7885 0.5
2 640.216 69.1154 -1.44753 0.5
2 536.16 -129.473 14.6029 0.5
2 593.664 -16.5121 11.24 0.5
2 534.691 -143.236 3.22953 0.5
2 602.893 0.570737 -10.1656 0.5
2 540.435 -121.184 14.7826 0.5
2 615.132 24.6723 -5.55588 0.5
2 504.485 -193.926 7.44867 0.5
2 624.132 24.9219 14.934 0.5
2 504.82 -165.964 -4.32868 0.5
2 574.147 -51.7801 12.3801 0.5
2 585.246 -38.5066 14.7871 0.5
2 584.256 -47.4015 -14.2569 0.5
2 512.204 -152.854 3.07135 0.5
2 560.012 -86.171 14.9307 0.5
2 580.464 -41.9319 -13.0615 0.5
2 605.992 -15.5625 10.7403 0.5
2 552.609 -108.136 -10.6312 0.5
2 649.996 56.7608 4.31811 0.5
2 634.952 58.8356 5.95406 0.5
2 562.695 -73.1062 13.2782 0.5
2 568.55 -60.5085 -11.661 0.5
2 531.802 -125.313 12.5078 0.5
2 561.617 -95.8318 -5.68457 0.5
2 574.783 -73.6178 -3.95167 0.5
2 584.155 -28.25 -3.1565 0.5
2 605.71 -8.518 -14.7095 0.5
2 517.536 -151.05 -13.1307 0.5
2 624.98 23.0675 -14.2349 0.5
2 570.416 -54.4261 -8.60692 0.5
2 559.532 -93.3745 -12.8051 0.5
2 619.212 9.96491 12.7877 0.5
2 647.26 58.7488 12.9095 0.5
2 636.756 56.256 -12.6491 0.5
2 550.96 -113.886 -6.58474 0.5
2 610.848 -7.33117 -10.5622 0.5
2 581.993 -57.9916 -9.82639 0.5
2 608.073 -15.6943 4.81126 0.5
2 636.297 32.4888 1.65272 0.5
2 540.049 -131.094 9.27892 0.5
2 623.992 13.0602 7.43916 0.5
2 558.047 -103.111 0.827494 0.5
2 534.72 -131.563 -14.6918 0.5
2 623.34 33.5787 -12.2741 0.5
2 645.301 77.0295 -5.29293 0.5
2 516.476 -155.442 14.2459 0.5
2 568.613 -84.8041 0.958743 0.5
2 525.206 -143.444 -14.9174 0.5
2 628.053 25.5138 -12.9294 0.5
2 565.18 -89.8525 5.19284 0.5
2 538.611 -136.024 4.75751 0.5
2 573.837 -65.0299 -14.3872 0.5
2 657.016 89.345 13.7214 0.5
2 642.806 46.1106 -8.19859 0.5
2 627.603 32.8325 14.9919 0.5
2 513.491 -177.771 8.34708 0.5
2 650.925 74.684 14.8728 0.5
2 594.187 -10.9163 -3.34878 0.5
2 618.026 16.8449 14.9602 0.5
2 555.146 -78.3541 -2.40539 0.5
2 648.659 59.7699 11.9696 0.5
2 533.508 -123.683 13.2898 0.5
2 511.215 -182.457 -7.11278 0.5
2 613.325 22.6068 -0.265636 0.5
2 591.454 -40.5269 -10.9474 0.5
2 580.346 -36.058 -6.63265 0.5
2 506.689 -181.309 14.3944 0.5
2 630.019 43.6554 13.1968 0.5
2 617.664 24.3901 -11.7969 0.5
2 643.945 49.3904 -9.91559 0.5
2 596.325 -35.5119 -6.16099 0.5
2 617.535 28.6706 5.94976 0.5
2 560.073 -99.1942 -3.56833 0.5
2 610.359 -9.04682 -9.60723 0.5
2 588.806 -20.2834 3.54525 0.5
2 585.413 -54.4474 -6.08215 0.5
2 547.87 -120.557 2.47591 0.5
2 517.794 -144.345 -6.51861 0.5
2 547.51 -92.8061 -6.37362 0.5
2 576.415 -54.5877 -14.8996 0.5
2 607.396 -6.78297 14.4223 0.5
2 634.751 50.0382 14.0256 0.5
2 611.133 18.8115 -0.218323 0.5
2 663.83 109.936 2.11863 0.5
2 612.337 20.1365 4.71747 0.5
2 539.076 -106.162 2.23699 0.5
2 626.263 17.5424 8.3259 0.5
2 638.954 66.095 -5.13378 0.5
2 518.305 -162.604 -13.902 0.5
2 662.409 83.4448 -11.8627 0.5
2 603.858 -12.7278 14.4735 0.5
2 612.313 -5.10106 -10.244 0.5
2 640.854 60.4768 -14.0749 0.5
2 628.361 40.8095 13.1829 0.5
2 537.358 -111.446 -8.25588 0.5
2 542.215 -130.161 3.42321 0.5
2 568.574 -70.8655 14.969 0.5
2 521.807 -137.3 -6.31953 0.5
2 629.368 39.1525 14.5224 0.5
2 581.045 -51.0798 14.7404 0.5
2 553.188 -94.1495 14.8066 0.5
2 604.045 1.59276 11.1297 0.5
2 612.256 20.3445 -3.50064 0.5
2 537.203 -129.253 14.1371 0.5
2 581.609 -62.2483 -1.50547 0.5
2 641.167 44.1792 -9.44344 0.5
2 532.722 -134.773 -14.7414 0.5
2 502.938 -197.949 4.329 0.5
2 530.439 -122.195 5.97822 0.5
3 775.947 109.513 -11.5972 0.5
3 919.796 107.823 12.7986 0.5
3 998.337 106.444 -13.5455 0.5
3 756.188 97.8978 -14.852 0.5
3 855.926 114.393 4.22487 0.5
3 821.59 86.9776 7.44423 0.5
3 786.295 97.6865 -14.8205 0.5
3 770.837 95.9832 -14.4522 0.5
3 677.349 114.776 2.58064 0.5
3 797.83 108.165 -12.5832 0.5
3 894.341 91.1789 12.1321 0.5
3 787.592 112.8 -7.82093 0.5
3 927.119 112.123 -8.83329 0.5
3 971.174 103.382 14.6137 0.5
3 719.466 104.789 -14.2151 0.5
3 774.049 112.219 -8.70005 0.5
3 759.273 104.858 -14.1914 0.5
3 818.19 98.763 14.9489 0.5
3 929.559 113.756 -5.98187 0.5
3 952.611 104.753 -14.227 0.5
3 791.331 113.044 -7.40561 0.5
3 765.535 88.7784 9.95364 0.5
3 846.632 114.985 -0.660119 0.5
3 716.924 85.5145 -3.89509 0.5
3 969.365 85.5832 -4.14208 0.5
3 983.93 86.3689 6.26038 0.5
3 779.668 104.531 14.2992 0.5
3 963.608 98.6598 -14.94 0.5
3 782.329 87.5751 -8.40366 0.5
3 952.502 90.7665 11.8212 0.5
3 884.482 113.654 6.21083 0.5
3 728.385 105.96 13.7649 0.5
3 964.109 111.037 -10.1582 0.5
3 856.512 102.168 -14.8426 0.5
3 853.428 107.829 -12.7946 0.5
3 888.898 96.4711 -14.579 0.5
3 989.366 109.958 11.2179 0.5
3 736.53 103.544 -14.5753 0.5
3 779.283 97.3524 14.7645 0.5
3 966.495 86.3516 6.22256 0.5
3 945.329 108.37 -12.4473 0.5
3 711.667 103.489 14.5886 0.5
3 960.174 89.9155 -11.1042 0.5
3 694.866 89.6101 10.8189 0.5
3 953.454 95.8276 -14.408 0.5
3 760.837 92.2239 12.827 0.5
3 890.221 114.67 -3.12821 0.5
3 984.641 90.6379 -11.7197 0.5
3 887.183 114.577 3.53553 0.5
3 746.028 105.417 13.9877 0.5
3 757.167 110.805 -10.4043 0.5
3 767.591 110.418 -10.7917 0.5
3 901.949 114.905 1.68208 0.5
3 892.023 114.921 1.53339 0.5
3 979.643 87.9485 8.93086 0.5
3 983.596 108.795 12.1512 0.5
3 713.919 86.6205 6.78146 0.5
3 895.711 114.76 -2.67062 0.5
3 780.968 105.095 14.1081 0.5
3 917.728 114.749 -2.73502 0.5
3 823.034 99.7056 14.9971 0.5
3 990.589 100.963 -14.9691 0.5
3 742.481 111.686 -9.40448 0.5
3 764.447 86.9962 7.47667 0.5
3 666.679 87.7925 -8.71646 0.5
3 735.078 113.923 -5.58013 0.5
3 975.304 95.9544 -14.4441 0.5
3 796.08 91.6003 -12.4276 0.5
3 812.719 98.8881 14.9587 0.5
3 720.406 103.57 14.569 0.5
3 805.421 86.5295 -6.59901 0.5
3 935.244 114.535 3.70633 0.5
3 846.141 98.9582 -14.9638 0.5
3 693.035 95.4283 -14.2863 0.5
3 937.542 98.7984 14.9518 0.5
3 709.372 85.0105 -0.562149 0.5
3 769.402 103.022 14.6924 0.5
3 819.706 94.5558 -13.9772 0.5
3 669.945 104.311 14.3671 0.5
3 937.154 97.001 14.6971 0.5
3 673.873 112.486 -8.31221 0.5
3 777.535 111.204 -9.97356 0.5
3 816.623 109.653 11.4816 0.5
3 731.784 95.2541 14.2294 0.5
3 975.08 111.796 -9.26586 0.5
3 766.89 90.6909 -11.7618 0.5
3 748.592 85 0.019457 0.5
3 737.93 112.097 -8.86876 0.5
3 871.122 89.0931 -10.2976 0.5
3 960.095 104.986 -14.1473 0.5
3 897.718 107.225 -13.1456 0.5
3 903.714 114.603 3.42951 0.5
3 784.781 87.531 -8.33814 0.5
3 791.786 112.522 -8.25808 0.5
3 899.13 90.2587 -11.4064 0.5
3 867.058 112.77 7.86922 0.5
3 857.62 86.8594 -7.23354 0.5
3 732.027 100.541 -14.9902 0.5
3 973.722 96.2373 14.5204 0.5
3 911.384 97.7247 14.8264 0.5
3 901.793 101.89 14.8804 0.5
3 733.902 92.6809 13.0931 0.5
3 860.34 98.8811 14.9582 0.5
3 958.971 109.278 11.7861 0.5
3 730.181 94.7224 14.0409 0.5
3 874.582 87.5633 8.38614 0.5
3 994.752 94.1789 -13.8244 0.5
3 925.094 90.5139 11.6196 0.5
3 890.821 112 9.00044 0.5
3 798.684 86.9176 -7.33831 0.5
3 690.888 105.01 14.1385 0.5
3 682.081 91.0119 12.0089 0.5
3 790.343 85.3628 3.27908 0.5
3 880.59 112.883 7.68276 0.5
3 776.84 88.8222 -10.0028 0.5
3 700.381 101.776 14.8945 0.5
3 774.755 96.7507 -14.6438 0.5
3 885.541 104.227 -14.3921 0.5
3 898.909 106.377 -13.5771 0.5
3 860.264 113.992 5.40515 0.5
3 833.458 88.3106 9.3999 0.5
3 974.617 85.0726 1.47376 0.5
3 855.902 110.558 -10.6553 0.5
3 674.021 109.551 -11.5665 0.5
3 854.958 100.648 14.986 0.5
3 800.78 99.5222 -14.9924 0.5
3 837.135 85.0028 0.287424 0.5
3 668.497 89.1596 10.3675 0.5
3 835.07 93.4666 -13.5024 0.5
3 820.203 88.3874 9.49455 0.5
3 733.317 106.327 -13.6003 0.5
3 735.145 114.541 -3.68155 0.5
3 963.101 96.2657 -14.5277 0.5
3 700.103 112.366 8.49059 0.5
3 815.828 105.519 -13.9479 0.5
3 715.692 113.56 6.41348 0.5
3 881.85 94.1329 -13.805 0.5
3 686.92 89.7769 10.9767 0.5
3 923.96 97.0967 -14.7164 0.5
3 836.119 90.437 -11.5563 0.5
3 738.562 89.85 11.0443 0.5
3 925.274 90.4889 -11.5991 0.5
3 708.174 108.291 12.5002 0.5
3 688.118 113.333 -6.87324 0.5
3 716.956 94.8699 14.0955 0.5
3 985.391 85.2583 2.77154 0.5
3 736.734 113.822 -5.82715 0.5
3 969.717 110.439 10.7715 0.5
3 849.989 103.095 -14.6772 0.5
3 975.058 92.0418 12.7149 0.5
3 734.654 112.998 -7.48647 0.5
3 963.242 85.8 4.83311 0.5
3 861.39 97.431 14.7784 0.5
3 719.206 88.9042 10.0937 0.5
3 928.962 85.6313 -4.306 0.5
3 717.079 108.375 12.4445 0.5
3 814.582 107.287 13.1108 0.5
3 788.89 85.0743 -1.49089 0.5
3 822.353 96.1023 -14.4847 0.5
3 902.874 91.152 12.1125 0.5
3 716.275 102.161 14.8435 0.5
3 824.874 92.6819 13.0937 0.5
3 808.327 91.3536 12.2573 0.5
3 785.026 96.9252 14.6815 0.5
3 895.265 85.6601 4.40088 0.5
3 889.328 85.3238 3.09963 0.5
3 941.354 105.534 13.9419 0.5
3 784.668 85.2659 -2.812 0.5
3 677.272 92.4912 -12.9853 0.5
3 790.565 112.487 8.31119 0.5
3 760.97 112.005 -8.99396 0.5
3 764.486 103.504 -14.5849 0.5
3 954.758 92.4695 12.9727 0.5
3 932.353 93.1264 13.3324 0.5
3 679.44 99.3918 14.9877 0.5
3 899.398 95.3623 14.265 0.5
3 902.838 99.3751 -14.987 0.5
3 733.45 90.6853 -11.7574 0.5
3 708.697 86.3955 6.3181 0.5
3 925.51 85.674 4.44571 0.5
3 978.605 93.9657 13.7327 0.5
3 816.819 95.8156 14.4045 0.5
3 714.239 113.749 5.99774 0.5
3 765.305 109.281 11.7842 0.5
3 897.983 89.5191 -10.7308 0.5
3 679.514 109.867 -11.2981 0.5
3 794.51 114.985 0.665421 0.5
3 706.379 113.998 5.39097 0.5
3 912.62 95.0773 14.1692 0.5
3 864.216 94.631 -14.0062 0.5
3 959.826 114.91 1.63734 0.5
3 951.078 114.821 -2.30854 0.5
3 987.558 85.0126 -0.614712 0.5
3 850.499 85.0039 0.340962 0.5
3 679.337 114.928 1.46493 0.5
3 954.926 88.7095 9.87546 0.5
3 761.374 100.615 14.9874 0.5
3 754.813 101.045 14.9635 0.5
3 852.091 85.0016 -0.220527 0.5
3 672.173 99.7848 14.9985 0.5
3 947.597 114.267 -4.63245 0.5
3 971.194 114.279 4.59573 0.5
3 921.354 85.027 0.900034 0.5
3 712.815 102.886 -14.7198 0.5
3 686.952 114.965 1.02331 0.5
3 796.344 114.998 -0.257156 0.5
3 946.259 114.935 1.3997 0.5
3 747.251 85.0194 -0.76269 0.5
3 686.758 106.546 13.4961 0.5
3 893.688 85.0032 0.311586 0.5
3 812.75 85.1754 2.28734 0.5
3 841.602 112.818 7.79102 0.5
3 989.923 93.9487 13.7252 0.5
3 747.225 109.772 -11.38 0.5
3 709.764 94.8667 14.0943 0.5
3 768.837 107.325 -13.09 0.5
3 862.486 85.0288 0.929033 0.5
3 806.957 110.324 -10.8821 0.5
3 991.823 95.911 -14.4319 0.5
3 845.837 109.719 11.4257 0.5
3 723.216 85.6635 4.41178 0.5
3 829.282 110.905 -10.2993 0.5
3 969.028 85.0078 -0.483707 0.5
3 684.857 113.585 6.3606 0.5
3 985.834 114.895 1.77111 0.5
3 782.257 86.0008 5.3873 0.5
3 913.004 92.3503 12.9028 0.5
3 997.336 107.034 13.2487 0.5
3 939.524 92.3027 12.8745 0.5
3 734.921 107.599 12.9327 0.5
3 782.438 85.076 1.5085 0.5
3 823.782 105.858 -13.8087 0.5
3 873.716 89.4229 10.636 0.5
3 820.709 85.1886 -2.37093 0.5
3 675.291 85.7799 -4.77376 0.5
3 911.483 106.21 -13.6544 0.5
3 768.684 106.247 13.6371 0.5
3 887.429 91.7899 -12.5536 0.5
3 952.877 89.4124 -10.6256 0.5
3 926.818 87.6103 8.45551 0.5
3 952.033 108.894 -12.0785 0.5
3 906.925 114.938 1.35881 0.5
3 807.154 99.4757 14.9908 0.5
3 964.389 108.785 -12.158 0.5
3 748.717 92.7887 13.1528 0.5
3 743.182 111.56 9.55819 0.5
3 858.615 85.1272 1.94906 0.5
3 856.259 93.8933 13.7006 0.5
3 748.075 89.1931 -10.4024 0.5
3 939.21 106.579 -13.48 0.5
3 678.084 90.3354 -11.4715 0.5
3 892.914 107.433 -13.0289 0.5
3 704.406 93.0973 13.3174 0.5
3 982.908 98.248 14.8973 0.5
3 779.981 110.314 -10.8916 0.5
3 678.104 102.15 -14.8451 0.5
3 808.254 86.1821 -5.8365 0.5
3 739.891 96.8471 14.6649 0.5
3 980.636 107.23 -13.1428 0.5
3 717.158 85.1788 2.30896 0.5
3 994.421 98.5306 14.9279 0.5
3 906.015 85.5511 -4.02851 0.5
3 718.46 94.1174 -13.7984 0.5
3 804.065 85.9832 5.34118 0.5
3 862.116 109.068 -11.9484 0.5
3 730.057 108.454 -12.3909 0.5
3 983.805 87.9629 8.95038 0.5
3 865.319 112.536 8.23767 0.5
3 703.195 101.797 14.892 0.5
3 965.99 102.825 -14.7315 0.5
3 814.535 99.6727 -14.9964 0.5
3 807.225 112.449 8.36806 0.5
3 729.353 91.6896 -12.4875 0.5
3 857.945 85.7238 -4.60313 0.5
3 710.09 86.0796 -5.58781 0.5
3 963.577 105.837 -13.8178 0.5
3 820.613 101.613 14.913 0.5
3 835.926 85.041 -1.10833 0.5
3 898.295 104.677 -14.2522 0.5
3 901.286 108.493 -12.3637 0.5
3 931.19 114.624 3.33875 0.5
3 881.774 108.855 12.1071 0.5
3 760.203 86.5301 6.60019 0.5
3 937.155 114.954 -1.17778 0.5
3 893.647 111.882 9.15551 0.5
3 942.342 87.3352 -8.03762 0.5
3 963.61 114.999 0.133696 0.5
3 908.434 88.5595 -9.70126 0.5
3 676.477 85.1331 1.99348 0.5
3 828.828 112.447 -8.37032 0.5
3 928.513 113.548 -6.43858 0.5
3 866.568 94.7413 14.048 0.5
3 868.491 87.2407 -7.88673 0.5
3 682.463 85.513 3.8892 0.5
3 950.833 106.56 13.4896 0.5
3 896.24 104.915 -14.1719 0.5
3 676.977 95.6469 -14.3545 0.5
3 702.197 95.8487 -14.4141 0.5
3 897.137 95.8372 14.4108 0.5
3 900.11 96.6849 14.6291 0.5
3 864.516 113.791 -5.89882 0.5
3 776.871 87.5961 8.43466 0.5
3 727.454 108.736 12.1937 0.5
3 748.209 109.102 -11.9227 0.5
3 982.901 114.963 1.04672 0.5
3 770.629 108.003 12.6867 0.5
3 688.332 104.156 -14.4129 0.5
3 732.266 90.8702 11.9016 0.5
3 761.314 87.6151 -8.46251 0.5
3 771.717 94.7133 14.0375 0.5
3 712.401 101.523 -14.9225 0.5
3 721.564 110.096 -11.0938 0.5
3 989.631 92.555 -13.022 0.5
3 936.939 101.507 14.9242 0.5
3 839.903 110.826 -10.3827 0.5
3 721.278 102.713 -14.7525 0.5
3 752.411 108.176 12.5756 0.5
3 711.321 109.174 -11.8678 0.5
3 746.406 94.5466 13.9736 0.5
3 877.557 85.2261 -2.59473 0.5
3 686.599 112.182 8.75219 0.5
3 942.322 87.9128 -8.88257 0.5
3 741.827 89.143 -10.3502 0.5
3 827.647 85.2744 -2.85605 0.5
3 948.689 85.0359 1.03664 0.5
3 978.817 114.955 -1.16103 0.5
3 822.158 111.015 -10.1816 0.5
3 824.917 110.699 -10.5131 0.5
3 843.128 114.584 -3.50884 0.5
3 900.811 90.3381 -11.4738 0.5
3 725.801 91.7135 -12.5033 0.5
3 903.939 87.7069 -8.59536 0.5
3 949.569 92.615 -13.0561 0.5
3 813.626 91.7977 -12.5587 0.5
3 942.287 111.189 -9.99035 0.5
3 989.002 86.3958 -6.31877 0.5
3 811.046 96.5584 -14.5998 0.5
3 881.395 91.4506 12.3251 0.5
3 955.924 112.331 8.54105 0.5
3 983.477 103.478 -14.5912 0.5
3 868.824 95.4672 -14.2987 0.5
3 887.431 109.07 -11.9476 0.5
3 965.909 110.113 11.0785 0.5
3 854.592 98.2378 -14.8961 0.5
3 947.99 95.672 14.3621 0.5
3 823.266 113.165 -7.1895 0.5
3 835.899 107.119 13.2032 0.5
3 865.162 91.6974 12.4926 0.5
3 751.146 107.095 13.2161 0.5
3 868.506 91.3073 12.2244 0.5
3 777.84 111.205 9.97182 0.5
3 696.736 99.1268 14.9746 0.5
3 759.02 89.4283 -10.6413 0.5
3 820.103 113.447 6.64597 0.5
3 704.478 89.0225 10.2222 0.5
3 939.047 111.918 9.10837 0.5
3 988.2 87.3042 7.98851 0.5
3 754.654 95.0467 -14.1586 0.5
3 682.308 113.748 -5.99824 0.5
3 931.707 114.757 -2.68751 0.5
3 772.793 113.733 -6.03435 0.5
3 756.239 94.7696 14.0585 0.5
3 884.009 99.0142 -14.9676 0.5
3 696.014 95.5772 14.3331 0.5
3 775.093 108.714 12.2092 0.5
3 817.869 114.575 3.54514 0.5
3 978.583 105.729 -13.8629 0.5
3 755.719 96.8143 14.6578 0.5
3 733.64 110.389 -10.8198 0.5
3 926.997 113.187 7.14926 0.5
3 867.122 114.944 1.29786 0.5
3 719.442 114.175 4.90586 0.5
3 829.437 112.534 8.2398 0.5
3 706.055 89.4718 -10.6844 0.5
3 953.063 112.896 7.66136 0.5
3 673.643 99.3913 14.9876 0.5
3 768.444 88.8404 10.0232 0.5
3 739.104 114.39 -4.23306 0.5
3 921.778 103.536 14.5772 0.5
3 706.705 86.5338 6.60773 0.5
3 835.569 90.8143 11.8584 0.5
3 810.622 103.978 14.463 0.5
3 723.344 92.0439 -12.7162 0.5
3 692.856 109.241 -11.8158 0.5
3 991.781 99.0968 -14.9728 0.5
3 823.445 107.865 12.773 0.5
3 768.271 114.525 -3.74611 0.5
3 704.761 105.583 -13.9222 0.5
3 786.101 104.466 14.3196 0.5
3 726.033 98.8607 -14.9567 0.5
3 815.2 111.977 -9.03032 0.5
3 960.844 114.619 -3.358 0.5
3 684.684 97.9391 14.8577 0.5
3 849.282 96.7639 -14.6468 0.5
3 761.228 102.122 14.8491 0.5
3 962.351 114.294 4.54659 0.5
3 781.107 92.5644 13.0274 0.5
3 831.869 97.6978 14.8223 0.5
3 853.848 95.5264 14.3173 0.5
3 876.528 114.327 4.4436 0.5
3 977.477 113.075 7.3517 0.5
3 794.608 112.328 8.54495 0.5
3 881.18 102.596 -14.7736 0.5
3 801.259 105.651 -13.8947 0.5
3 972.486 114.899 -1.73838 0.5
3 847.811 89.2193 -10.4296 0.5
3 809.059 105.75 13.8541 0.5
3 764.338 89.7633 -10.964 0.5
3 928.294 111.862 -9.18171 0.5
3 805.906 86.1458 5.74997 0.5
3 747.796 112.049 8.93439 0.5
3 924.271 85.1842 2.34361 0.5
3 900.026 113.439 -6.66347 0.5
3 968.602 114.995 -0.377599 0.5
3 886.412 86.9839 -7.45524 0.5
3 769.411 91.2659 -12.1949 0.5
3 808.86 92.7698 13.1425 0.5
3 726.941 86.65 6.83936 0.5
3 821.787 104.608 14.2747 0.5
3 838.406 114.594 3.46782 0.5
3 917.687 112.801 7.8195 0.5
3 850.023 111.552 -9.56797 0.5
3 863.676 113.18 7.16084 0.5
3 983.584 102.982 14.7006 0.5
3 999.767 114.998 -0.267081 0.5
3 839.481 89.4403 -10.6533 0.5
3 908.451 90.4208 -11.5429 0.5
3 693.331 85 0.0372042 0.5
3 867.096 88.1551 -9.20316 0.5
3 842.478 96.5623 -14.6008 0.5
3 934.698 112.585 8.16177 0.5
3 684.431 92.2114 -12.8195 0.5
3 879.697 85.4957 3.82422 0.5
3 703.282 93.1426 -13.3408 0.5
3 974.407 86.4125 -6.3545 0.5
3 829.036 85.0003 -0.0909316 0.5
3 687.904 88.8306 10.0122 0.5
3 797.204 99.2376 14.9806 0.5
3 870.106 112.819 -7.78892 0.5
3 692.024 113.037 7.41865 0.5
3 893.186 85.2347 -2.64327 0.5
3 921.359 97.5509 14.7987 0.5
3 985.79 97.2227 -14.7406 0.5
3 924.55 91.3509 12.2553 0.5
3 669.314 98.6777 14.9416 0.5
3 922.588 113.602 6.3229 0.5
