0 66.4211 85.1633 2.20738 0.5
0 60.9548 87.8323 8.77192 0.5
0 82.973 100.667 -14.9851 0.5
0 10.5455 92.2624 12.8503 0.5
0 8.25797 95.7667 -14.3902 0.5
0 90.6443 114.62 3.35381 0.5
0 7.68201 92.7978 13.1578 0.5
0 64.4546 113.788 -5.90738 0.5
0 86.193 103.958 14.4684 0.5
0 7.21005 106.485 13.5259 0.5
0 9.94227 112.037 8.95043 0.5
0 83.1956 107.735 12.8518 0.5
0 88.1373 88.2026 9.26392 0.5
0 10.8915 105.088 -14.1107 0.5
0 79.1069 114.566 -3.58125 0.5
0 33.9253 114.133 5.02571 0.5
0 36.931 93.1356 -13.3372 0.5
0 105.5 111.85 -9.19612 0.5
0 67.4429 114.954 -1.16859 0.5
0 66.0641 99.0569 -14.9703 0.5
0 17.2832 85.089 -1.63192 0.5
0 53.0932 109.733 11.4135 0.5
0 57.8398 101.305 14.9431 0.5
0 103.78 85.9748 5.31918 0.5
0 60.8629 109.122 -11.9076 0.5
0 85.1628 98.0162 -14.8682 0.5
0 23.3238 114.985 0.680648 0.5
0 19.7146 89.2316 -10.4423 0.5
0 45.9139 99.6757 -14.9965 0.5
0 10.0956 108.338 12.4693 0.5
0 14.9211 85 0.0205296 0.5
0 27.9282 87.332 8.0326 0.5
0 33.3461 86.7272 6.98802 0.5
0 53.7017 114.956 1.15454 0.5
0 109.591 85.0734 -1.48238 0.5
0 9.08963 114.189 4.86454 0.5
0 11.9022 106.549 13.4947 0.5
0 36.3962 104.744 -14.23 0.5
0 56.7648 112.908 -7.64153 0.5
0 83.4614 96.9559 14.6879 0.5
0 59.1782 94.9768 -14.1339 0.5
0 9.15384 106.246 -13.6379 0.5
0 56.4217 89.7132 10.917 0.5
0 46.4208 85.0223 -0.817095 0.5
0 59.0038 96.4625 -14.5769 0.5
0 61.0978 113.059 -7.37967 0.5
0 46.2007 106.965 13.2848 0.5
0 94.6628 110.082 11.1063 0.5
0 77.2417 91.3312 12.2414 0.5
0 106.225 88.2915 -9.37613 0.5
0 91.5333 88.0048 -9.00642 0.5
0 0.0252355 91.9312 -12.6449 0.5
0 60.268 112.523 -8.25646 0.5
0 8.67398 87.3891 -8.12191 0.5
0 67.6409 110.454 -10.757 0.5
0 95.0038 85.2554 -2.75625 0.5
0 62.2393 102.473 14.7947 0.5
0 94.4039 113.877 -5.69555 0.5
0 35.0077 85.0293 -0.937576 0.5
0 77.375 88.9586 -10.1532 0.5
0 64.6118 90.0961 11.2656 0.5
0 39.4736 98.5246 14.9273 0.5
0 37.8588 95.6909 14.3677 0.5
0 15.8229 107.817 -12.802 0.5
0 32.9056 90.5486 11.6478 0.5
0 3.09459 103.792 -14.5127 0.5
0 53.4008 87.6598 8.52764 0.5
0 104.723 113.722 -6.05904 0.5
0 29.2104 85.1092 -1.80664 0.5
0 79.0231 110.741 -10.4702 0.5
0 75.8357 92.6713 -13.0878 0.5
0 18.125 110.673 10.5394 0.5
0 89.6123 112.643 -8.07202 0.5
0 103.503 94.8791 -14.0988 0.5
0 38.6752 114.593 3.47209 0.5
0 99.3577 94.3963 13.914 0.5
0 60.3491 94.1794 13.8246 0.5
0 16.9233 87.441 8.20191 0.5
0 49.8411 102.59 14.7747 0.5
0 24.8507 91.149 -12.1103 0.5
0 52.8546 98.5946 -14.934 0.5
0 70.5072 101.105 -14.9593 0.5
0 95.6046 97.4622 -14.7838 0.5
0 2.79184 114.128 5.03992 0.5
0 29.146 115 -0.110181 0.5
0 37.2444 114.974 -0.884824 0.5
0 35.8943 114.957 -1.13258 0.5
0 43.6113 99.3936 14.9877 0.5
0 71.2776 86.4515 -6.43733 0.5
0 86.6224 92.8395 -13.1806 0.5
0 14.9475 85.8516 4.9822 0.5
0 5.25933 105.068 14.1179 0.5
0 30.4558 89.6406 -10.8482 0.5
0 52.7555 87.2836 -7.9557 0.5
0 43.6809 108.725 12.2014 0.5
0 8.51776 103.351 14.6209 0.5
0 83.1953 104.743 14.2305 0.5
0 3.35986 112.771 -7.86829 0.5
0 78.3694 106.976 -13.2789 0.5
0 110.054 88.7206 9.88809 0.5
0 10.0776 89.6896 -10.8948 0.5
0 109.17 97.1455 14.7259 0.5
0 83.4893 86.9593 7.41221 0.5
0 42.9321 112.312 8.56894 0.5
0 19.9852 111.604 9.50556 0.5
0 24.1723 108.026 -12.6721 0.5
0 84.8771 85.7346 -4.63654 0.5
0 15.7804 105.727 13.8637 0.5
0 5.37676 113.785 5.91398 0.5
0 18.1306 113.6 -6.32786 0.5
0 25.9217 114.96 1.09829 0.5
0 40.6931 86.5912 6.72348 0.5
0 106.175 110.204 10.9943 0.5
0 0.705061 114.977 -0.83906 0.5
0 61.9545 88.9471 10.1407 0.5
0 37.137 102.653 14.7636 0.5
0 60.8099 114.216 4.7863 0.5
0 2.18603 110.224 10.9756 0.5
0 72.6315 113.811 -5.85179 0.5
0 57.1838 109.565 11.555 0.5
0 51.9992 105.466 -13.9685 0.5
0 3.75469 114.948 -1.25319 0.5
0 96.4598 87.2599 -7.91769 0.5
0 75.9475 104.225 14.3927 0.5
0 35.6186 85.4866 3.78962 0.5
0 51.35 85.1279 -1.95432 0.5
0 97.8822 93.4928 13.515 0.5
0 2.73383 95.423 -14.2846 0.5
0 22.8197 96.9431 -14.6852 0.5
0 84.6051 89.8938 -11.0844 0.5
0 61.9677 109.71 -11.4329 0.5
0 86.4716 104.869 -14.1879 0.5
0 57.9867 113.191 -7.14148 0.5
0 80.5423 114.971 0.939772 0.5
0 68.1176 99.1671 14.9769 0.5
0 55.3227 97.2614 -14.7479 0.5
0 90.8074 105.294 14.0346 0.5
0 2.87357 85.0002 0.0864029 0.5
0 64.5473 85.0997 1.72635 0.5
0 2.08979 104.013 14.4532 0.5
0 7.70244 110.024 -11.1588 0.5
0 85.1092 88.7657 9.93932 0.5
0 84.0249 92.4922 -12.9858 0.5
0 99.1358 93.2094 13.3749 0.5
0 95.6329 114.975 0.87092 0.5
0 63.1175 85.5948 -4.18213 0.5
0 19.6869 87.9325 8.90931 0.5
0 48.7063 89.372 10.5851 0.5
0 98.9514 92.3177 -12.8834 0.5
0 36.469 85.8815 5.06641 0.5
0 52.0501 95.3917 -14.2746 0.5
0 88.2906 96.354 14.5501 0.5
1 127.005 80.9759 12.3559 0.5
1 148.804 19.8049 1.6492 0.5
1 120.315 92.2433 -12.5699 0.5
1 139.347 62.8148 -9.36011 0.5
1 140.765 40.4251 -12.5513 0.5
1 122.585 76.8772 -14.6438 0.5
1 119.522 80.3741 14.1213 0.5
1 111.963 103.447 14.1695 0.5
1 119.479 100.34 -2.22158 0.5
1 120.488 75.6396 -12.6121 0.5
1 112.607 96.4374 -14.9685 0.5
1 126.243 87.153 -6.81679 0.5
1 124.239 84.6196 -13.0711 0.5
1 111.785 107.651 12.134 0.5
1 149.044 47.373 -7.35186 0.5
1 136.339 43.0801 -7.07992 0.5
1 152.812 37.2839 11.5983 0.5
1 125.027 82.1678 13.6266 0.5
1 151.983 32.3353 -14.6702 0.5
1 119.777 99.3771 4.24653 0.5
1 122.448 65.378 0.632482 0.5
1 164.309 -7.11834 0.834611 0.5
1 116.285 77.0347 -5.37519 0.5
1 122.51 71.5197 12.1926 0.5
1 156.892 6.34516 4.33528 0.5
1 129.392 76.522 -12.5695 0.5
1 143.43 59.0201 0.257088 0.5
1 155.243 19.2111 -14.3553 0.5
1 116.406 85.5475 14.0392 0.5
1 152.164 38.9563 -11.1249 0.5
1 152.925 32.1704 14.279 0.5
1 152.499 41.3923 -7.34561 0.5
1 160.882 26.2193 -8.40305 0.5
1 160.02 30.1651 1.91566 0.5
1 117.012 83.3795 -13.5662 0.5
1 156.441 15.7275 13.8502 0.5
1 136.003 61.0882 -14.3994 0.5
1 142.266 60.5587 -3.76011 0.5
1 132.513 71.0806 12.5925 0.5
1 145.069 26.3903 2.48866 0.5
1 147.614 40.1955 14.6048 0.5
1 139.702 65.4718 0.446451 0.5
1 111.786 93.403 -13.9832 0.5
1 143.857 53.7258 -10.7666 0.5
1 144.883 55.4062 -5.63433 0.5
1 138.397 67.6591 1.54735 0.5
1 127.078 64.733 -12.9256 0.5
1 161.764 3.1306 -11.8973 0.5
1 156.211 36.7802 1.77257 0.5
1 121.394 70.3186 9.16993 0.5
1 132.547 76.9835 -5.08462 0.5
1 165.331 -5.17594 9.90502 0.5
1 111.67 107.209 -12.5752 0.5
1 142.799 49.5737 14.3219 0.5
1 151.595 23.9862 -13.7937 0.5
1 122.554 88.8875 12.2135 0.5
1 142.393 48.131 14.8207 0.5
1 133.537 65.594 -14.329 0.5
1 129.978 75.7505 12.4072 0.5
1 129.793 78.2486 10.6071 0.5
1 137.237 40.3109 4.06925 0.5
1 120.16 83.8574 -14.9927 0.5
1 144.488 37.946 -14.3872 0.5
1 160.811 23.9418 -11.1579 0.5
1 128.729 63.2658 -13.6499 0.5
1 132.729 71.7238 -11.8723 0.5
1 121.381 69.4097 7.81694 0.5
1 139.477 65.8145 -1.26592 0.5
1 135.367 63.2688 -14.0393 0.5
1 149.694 48.1696 -0.314645 0.5
1 137.734 58.8228 14.1651 0.5
1 115.85 106.445 -3.2065 0.5
1 156.688 31.0197 -11.2142 0.5
1 144.363 57.3582 -1.20728 0.5
1 163.432 10.9622 14.9161 0.5
1 148.388 43.2163 -12.8235 0.5
1 111.786 85.8188 7.46241 0.5
1 124.869 90.5694 -4.20484 0.5
1 121.384 97.157 1.21254 0.5
1 123.665 70.1002 12.5894 0.5
1 115.69 84.9042 -13.178 0.5
1 111.553 87.2921 -9.07613 0.5
1 165.77 -7.9811 6.91858 0.5
1 114.288 83.3061 9.98825 0.5
1 152.639 24.3563 -14.5326 0.5
1 129.293 53.5565 1.19937 0.5
1 114.18 101.463 13.3809 0.5
1 114.54 108.098 5.28968 0.5
1 131.872 66.3511 -14.821 0.5
1 123.25 92.5284 6.42754 0.5
1 117.957 100.457 -8.56411 0.5
1 161.578 12.126 14.9928 0.5
1 124.73 90.7759 4.31835 0.5
1 146.771 23.8826 -4.35848 0.5
1 134.323 60.8637 -14.962 0.5
1 130.35 62.6979 -14.4626 0.5
1 126.418 59.49 5.38888 0.5
1 151.932 14.3094 0.615646 0.5
1 115.933 91.0558 14.9883 0.5
1 138.82 67.006 -0.215627 0.5
1 129.713 65.828 -14.8724 0.5
1 139.66 62.3196 9.30154 0.5
1 115.798 90.845 -14.9641 0.5
1 161.261 27.9445 -2.40489 0.5
1 159.638 3.50081 -8.37019 0.5
1 114.41 88.1364 13.6812 0.5
1 116.737 101.122 -10.3405 0.5
1 127.361 62.7653 -11.9333 0.5
1 129.539 70.4459 -14.8126 0.5
1 123.436 67.2207 -9.71213 0.5
1 131.783 78.8711 3.1002 0.5
1 114.276 79.6855 2.23841 0.5
1 152.333 13.9193 3.06811 0.5
1 124.548 67.4252 -11.7683 0.5
1 160.35 18.866 -14.4144 0.5
1 165.384 17.5828 9.5262 0.5
1 158.742 26.7983 -11.7709 0.5
1 117.527 87.7832 -14.9593 0.5
1 124.806 67.4047 12.0924 0.5
1 156.336 7.54237 5.04355 0.5
1 123.59 77.7522 -14.9866 0.5
2 176.181 19.7933 14.9929 0.5
2 215.041 102.549 -0.614474 0.5
2 206.818 59.0665 -4.67441 0.5
2 209.361 81.1092 14.6129 0.5
2 204.172 55.8574 7.69021 0.5
2 204.851 56.6242 -6.95953 0.5
2 213.842 90.3165 14.2006 0.5
2 209.515 88.5846 -10.6194 0.5
2 197.187 52.4276 14.397 0.5
2 169.99 -3.638 7.18196 0.5
2 201.329 50.5281 6.96705 0.5
2 214.77 73.2612 -5.80445 0.5
2 174.049 31.3281 2.63367 0.5
2 216.927 85.3521 -13.9645 0.5
2 195.067 61.5714 12.2856 0.5
2 204.9 84.9015 1.69304 0.5
2 212.735 72.5358 -10.1633 0.5
2 170.797 3.86295 13.2317 0.5
2 206.974 86.5875 7.48507 0.5
2 184.286 32.8188 14.9274 0.5
2 211.806 67.1603 -2.44836 0.5
2 204.802 67.5691 -14.8292 0.5
2 194.36 37.9143 5.81477 0.5
2 206.066 66.9311 14.1116 0.5
2 171.168 4.8542 -13.4118 0.5
2 188.803 46.9177 14.2106 0.5
2 169.524 5.82912 14.718 0.5
2 186.664 38.6919 -14.9974 0.5
2 171.175 -0.747385 8.54027 0.5
2 209.249 82.1775 14.2617 0.5
2 200.994 52.4621 10.4407 0.5
2 171.807 24.3012 -9.48162 0.5
2 220.474 90.9767 -13.7501 0.5
2 201.121 76.9697 6.49998 0.5
2 190.781 49.9661 -14.333 0.5
2 190.689 43.9013 -14.9267 0.5
2 206.299 83.997 9.53892 0.5
2 167.349 19.866 -1.64435 0.5
2 205.521 62.8118 -12.5207 0.5
2 188.283 26.3048 -1.63111 0.5
2 170.032 19.5798 -11.2015 0.5
2 184.401 25.721 12.1682 0.5
2 166.842 -9.93713 5.34272 0.5
2 184.286 38.6774 -14.345 0.5
2 195.333 63.9866 10.6535 0.5
2 197.965 50.3772 -12.9271 0.5
2 197.119 43.8118 -7.96777 0.5
2 178.167 29.2827 -13.9198 0.5
2 220.213 84.8674 -9.4459 0.5
2 206.569 58.3638 3.75194 0.5
2 204.751 69.285 -14.9931 0.5
2 209.51 83.6639 -13.882 0.5
2 178.896 23.1532 -14.8912 0.5
2 195.234 56.669 -14.6062 0.5
2 219.145 83.7298 -10.2615 0.5
2 207.428 59.5871 2.50996 0.5
2 201.428 57.4684 -13.5113 0.5
2 202.823 65.3806 14.9654 0.5
2 170.726 7.05869 -14.5245 0.5
2 192.792 34.7444 4.58823 0.5
2 170.57 10.2132 14.9965 0.5
2 193.84 62.8491 8.98864 0.5
2 177.202 20.9703 14.9631 0.5
2 191.9 38.3209 11.8793 0.5
2 173.67 12.166 14.5266 0.5
2 211.67 91.1854 11.6389 0.5
2 179.102 19.7644 -13.9358 0.5
2 201.701 79.1571 -2.98361 0.5
2 169.036 0.0562913 -12.7985 0.5
2 190.706 35.4511 -11.2148 0.5
2 211.541 68.346 7.21044 0.5
2 184.229 37.5214 14.6262 0.5
2 186.945 40.9063 14.8649 0.5
2 177.028 34.0343 8.56691 0.5
2 182.72 30.6467 14.9709 0.5
2 182.092 28.11 14.8095 0.5
2 208.288 87.5163 -9.44653 0.5
2 172.812 10.2714 14.415 0.5
2 174.792 14.4767 -14.6162 0.5
2 212.679 70.0306 -6.66193 0.5
2 218.131 83.1081 11.3514 0.5
2 181.164 14.5429 -4.39215 0.5
2 203.128 73.8427 13.311 0.5
2 178.307 12.5302 9.74091 0.5
2 194.02 58.1651 -13.2601 0.5
2 204.387 82.6457 6.46106 0.5
2 189.677 28.6326 0.229148 0.5
2 197.435 42.1004 -1.00303 0.5
2 215.397 74.2002 -5.4422 0.5
2 187.576 30.2406 11.3989 0.5
2 184.069 31.694 -14.8343 0.5
2 211.166 83.5172 -14.761 0.5
2 207.809 87.9567 7.62005 0.5
2 196.156 46.6397 12.5522 0.5
2 193.543 42.566 -12.8371 0.5
2 208.339 69.155 13.3707 0.5
2 204.547 54.4747 1.62681 0.5
2 177.064 12.2094 11.5475 0.5
2 189.449 49.1342 -13.7916 0.5
2 169.933 -4.56113 -5.40409 0.5
2 204.209 58.6723 -11.0646 0.5
2 180.79 23.695 14.2956 0.5
2 199.972 68.5835 -13.2011 0.5
2 189.748 30.0325 -6.06143 0.5
2 176.229 23.4518 -14.673 0.5
2 210.375 81.9737 14.7912 0.5
2 187.28 24.8958 -3.5109 0.5
2 175.148 16.7805 14.9052 0.5
2 206.172 58.8335 -6.80777 0.5
2 172.09 11.0885 14.8551 0.5
2 184.805 43.9992 -12.1422 0.5
2 182.879 21.2311 10.5888 0.5
2 210.557 94.6921 1.75129 0.5
2 204.773 77.2508 -13.0052 0.5
2 181.491 14.4909 -1.08335 0.5
2 190.956 39.1114 -13.4034 0.5
2 203.558 72.4557 -14.2169 0.5
2 181.886 25.1586 -14.1503 0.5
2 169.175 10.6598 14.7834 0.5
2 218.401 93.0453 -14.9963 0.5
2 190.927 45.0957 14.9837 0.5
2 181.778 20.5377 -11.6807 0.5
2 195.152 38.179 -1.40108 0.5
2 188.334 53.2563 -9.06325 0.5
2 172.88 1.87167 8.03626 0.5
2 178.186 25.4057 14.9058 0.5
2 172.031 -0.313241 6.78014 0.5
2 172.904 3.75179 10.3819 0.5
2 178.07 8.53092 -0.395367 0.5
2 172.656 12.2539 -14.8797 0.5
2 202.602 80.8173 -2.43399 0.5
2 216.179 75.187 4.38084 0.5
2 212.872 93.2616 -11.6433 0.5
2 202.667 78.5281 -8.4417 0.5
2 181.359 14.5053 2.89503 0.5
2 179.684 41.2589 1.3747 0.5
2 216.783 79.8756 -10.5081 0.5
2 194.94 43.6465 11.9245 0.5
2 191.862 37.7095 -11.437 0.5
2 175.803 7.87813 9.35906 0.5
2 169.195 14.4365 13.621 0.5
2 193.828 65.8135 0.419853 0.5
2 180.827 27.0209 -14.9453 0.5
2 189.375 55.5683 8.35063 0.5
2 176.052 5.03467 0.315233 0.5
2 213.349 79.5627 -14.1178 0.5
2 200.061 47.035 3.52048 0.5
2 194.07 38.5806 -8.04668 0.5
2 214.421 91.4385 -14.1597 0.5
2 168.015 18.945 -7.76458 0.5
2 207.208 63.8835 -11.0801 0.5
3 292.435 89.3654 -10.5785 0.5
3 255.686 104.327 14.3622 0.5
3 232.782 103.012 -14.6945 0.5
3 301.371 94.6789 14.0245 0.5
3 248.999 94.501 13.9557 0.5
3 254.407 110.021 11.1616 0.5
3 231.756 92.7439 -13.1282 0.5
3 230.896 114.612 -3.39117 0.5
3 322.805 113.111 -7.28753 0.5
3 317.95 100.285 14.9973 0.5
3 277.228 95.2731 14.2358 0.5
3 309.22 96.8773 -14.6714 0.5
3 254.924 87.1006 -7.65538 0.5
3 246.146 99.5429 14.993 0.5
3 263.233 114.208 4.80877 0.5
3 259.135 101.142 14.9565 0.5
3 327.178 93.7377 13.6303 0.5
3 272.149 107.189 -13.1651 0.5
3 274.21 112.086 8.8846 0.5
3 327.971 104.333 -14.3607 0.5
3 326.113 94.8372 -14.0835 0.5
3 297.714 101.208 14.9513 0.5
3 235.712 109.775 -11.3779 0.5
3 245.843 109.137 11.8963 0.5
3 300.296 89.6463 10.8536 0.5
3 246.201 112.673 -8.02498 0.5
3 329.612 97.1784 -14.7322 0.5
3 252.26 98.4835 -14.9231 0.5
3 307.229 97.9103 14.8537 0.5
3 266.328 106.677 -13.4322 0.5
3 273.154 94.272 13.8633 0.5
3 294.556 114.96 -1.09498 0.5
3 233.564 94.823 -14.0783 0.5
3 259.398 113.779 5.92811 0.5
3 248.323 108.986 12.0106 0.5
3 324.289 92.9187 13.2233 0.5
3 308.26 112.969 -7.5365 0.5
3 242.02 114.94 -1.33519 0.5
3 249.784 114.982 -0.732053 0.5
3 247.911 97.5694 -14.8018 0.5
3 275.978 114.771 2.60857 0.5
3 246.532 85.0004 0.105516 0.5
3 238.36 94.9437 -14.1221 0.5
3 311.47 104.676 14.2525 0.5
3 224.025 114.857 2.06911 0.5
3 329.209 108.151 12.5918 0.5
3 265.693 85.654 4.381 0.5
3 316.445 89.9998 11.1801 0.5
3 287.693 85.0258 0.879545 0.5
3 305.888 98.0961 -14.8787 0.5
3 238.412 88.1326 9.17416 0.5
3 308.781 99.9302 14.9998 0.5
3 249.182 85.9582 -5.27529 0.5
3 328.047 98.9154 14.9607 0.5
3 287.726 85.3879 3.38897 0.5
3 278.985 86.4718 -6.4798 0.5
3 284.918 91.3971 12.2878 0.5
3 319.835 114.695 -3.00863 0.5
3 230.099 92.7627 -13.1386 0.5
3 283.552 114.726 -2.85501 0.5
3 232.223 114.387 -4.24486 0.5
3 283.497 113.652 6.21552 0.5
3 227.514 109.149 11.8866 0.5
3 234.63 87.5161 8.31576 0.5
3 289.659 91.8587 12.5984 0.5
3 225.399 108.427 -12.4091 0.5
3 291.809 89.5593 10.77 0.5
3 273.403 103.295 14.6337 0.5
3 306.254 87.0844 -7.62814 0.5
3 331.15 114.934 1.40882 0.5
3 270.06 103.579 14.5667 0.5
3 286.829 90.3755 -11.5052 0.5
3 316.812 93.6456 -13.5876 0.5
3 255.38 112.214 -8.7074 0.5
3 295.773 90.3301 -11.467 0.5
3 236.444 89.1056 -10.3108 0.5
3 245.586 85.7235 4.60229 0.5
3 321.664 87.8116 -8.74313 0.5
3 225.273 85.6271 -4.29174 0.5
3 249.422 103.57 -14.5691 0.5
3 253.062 103.39 -14.612 0.5
3 280.542 97.6113 -14.8086 0.5
3 249.592 85.2547 -2.75228 0.5
3 264.439 90.8046 11.8509 0.5
3 292.864 86.4711 6.47826 0.5
3 238.857 97.6744 -14.8186 0.5
3 239.61 114.999 0.198041 0.5
3 227.959 99.5387 14.9929 0.5
3 234.531 103.646 14.5502 0.5
3 323.099 102.113 14.8504 0.5
3 234.634 114.675 -3.10523 0.5
3 317.675 114.918 -1.57066 0.5
3 245.659 87.7089 8.59816 0.5
3 251.443 113.105 7.29808 0.5
3 233.266 114.085 5.15859 0.5
3 321.021 85.8846 -5.07496 0.5
3 282.133 113.101 -7.30554 0.5
3 258.006 105.583 -13.9222 0.5
3 260.628 99.4173 14.9887 0.5
3 232.67 114.392 4.22903 0.5
3 326.47 111.781 -9.28453 0.5
3 278.293 106.922 13.3075 0.5
3 298.796 85.3487 -3.21527 0.5
3 292.405 111.128 -10.0585 0.5
3 302.76 95.4413 14.2905 0.5
3 293.589 89.4669 -10.6796 0.5
3 321.261 85.882 5.06775 0.5
3 241.265 105.22 14.0624 0.5
3 275.195 114.909 -1.65121 0.5
3 245.913 108.152 12.5911 0.5
3 250.312 111.934 9.08708 0.5
3 333.056 96.2293 14.5183 0.5
3 275.651 111.646 9.45307 0.5
3 226.31 85.3597 3.26541 0.5
3 322.688 112.053 -8.92838 0.5
3 294.802 114.536 3.70365 0.5
3 266.289 100.912 -14.9723 0.5
3 299.552 86.7352 -7.00322 0.5
3 278.395 112.319 -8.55883 0.5
3 227.779 93.6973 -13.6116 0.5
3 326.108 107.335 -13.0845 0.5
3 323.601 111.753 -9.32018 0.5
3 263.856 114.66 -3.1752 0.5
3 320.997 103.444 -14.5992 0.5
3 271.074 112.353 -8.5091 0.5
3 254.521 112.641 8.07518 0.5
3 282.581 103.552 -14.5733 0.5
3 281.193 85.2983 -2.97681 0.5
3 259.2 89.2086 -10.4185 0.5
3 307.029 99.2787 -14.9826 0.5
3 237.241 86.0611 -5.54133 0.5
3 288.092 87.0762 7.61413 0.5
3 256.197 85.9077 5.13871 0.5
3 297.752 89.0839 -10.2878 0.5
3 243.857 99.5908 14.9944 0.5
3 223.103 102.3 14.8226 0.5
3 238.014 110.795 -10.4145 0.5
3 260.696 114.755 2.69904 0.5
3 244.876 95.1904 -14.208 0.5
3 253.737 97.7744 -14.834 0.5
3 317.46 86.6972 -6.93077 0.5
3 274.583 88.9915 10.1888 0.5
3 308.67 85.6533 -4.37861 0.5
3 258.301 90.971 -11.9782 0.5
3 224.316 102.615 -14.7702 0.5
3 227.374 85.5121 3.88609 0.5
3 237.961 113.553 -6.42805 0.5
4 350.973 63.0496 -13.5674 0.5
4 378.461 36.6075 2.61273 0.5
4 376.754 28.3816 -14.5646 0.5
4 348.265 70.6915 14.5987 0.5
4 368.616 37.2245 -14.9073 0.5
4 368.839 44.786 13.6206 0.5
4 375.183 35.6217 -12.6199 0.5
4 364.674 31.0892 -3.3271 0.5
4 372.075 20.5308 8.48992 0.5
4 385.183 21.9139 -9.36153 0.5
4 362.632 51.6281 14.8108 0.5
4 338.398 89.6069 14.9121 0.5
4 382.203 28.702 6.84553 0.5
4 361.552 48.6433 -14.7935 0.5
4 371.583 19.78 -5.46551 0.5
4 362.159 37.9775 -8.87224 0.5
4 383.225 14.5045 -14.9718 0.5
4 367.014 56.5841 1.53699 0.5
4 337.727 91.3295 14.9624 0.5
4 382.21 30.0206 -3.09595 0.5
4 350.613 81.4185 -9.80981 0.5
4 364.357 53.238 13.2809 0.5
4 350.966 61.8392 12.9199 0.5
4 344.533 93.1452 8.22455 0.5
4 338.484 103.567 -8.30932 0.5
4 387.102 15.2899 12.4134 0.5
4 358.784 70.9069 0.593835 0.5
4 351.019 54.367 -0.0647086 0.5
4 385.142 -0.521478 10.4243 0.5
4 344.596 77.4091 14.6797 0.5
4 355.731 69.7682 12.316 0.5
4 337.292 78.2673 -1.9303 0.5
4 343.094 81.5584 -14.9212 0.5
4 345.385 66.114 -7.46306 0.5
4 373.828 15.3295 3.72204 0.5
4 350.193 62.0927 12.2155 0.5
4 374.908 20.5697 13.036 0.5
4 353.715 49.9253 2.60458 0.5
4 383.96 -0.632147 -7.57828 0.5
4 335.044 93.2656 -14.518 0.5
4 349.761 82.7363 -9.99013 0.5
4 337.767 84.4848 12.7906 0.5
4 352.505 79.7785 -7.5101 0.5
4 358.794 43.09 7.80247 0.5
4 387.339 8.4364 14.869 0.5
4 362.901 52.1093 -14.6276 0.5
4 333.757 112.923 -6.20352 0.5
4 340.516 74.8945 8.03845 0.5
4 373.058 46.138 1.30943 0.5
4 343.042 88.2734 14.1102 0.5
4 340.83 73.2674 5.99822 0.5
4 351.098 66.8701 -14.8132 0.5
4 366.396 48.9041 -13.6723 0.5
4 355.955 61.2137 -14.9948 0.5
4 356.236 75.3132 -0.746657 0.5
4 372.996 29.0987 -14.8374 0.5
4 351.719 78.1004 -11.2287 0.5
4 379.301 34.5271 4.99246 0.5
4 370.03 48.1184 -9.413 0.5
4 336.143 86.4785 -12.2514 0.5
4 373.434 41.7661 -9.95249 0.5
4 383.158 4.9593 12.1894 0.5
4 357.365 71.9012 -6.48578 0.5
4 339.487 85.1205 14.3938 0.5
4 359.097 66.6358 9.91122 0.5
4 374.209 17.8491 -9.80447 0.5
4 341.333 100.743 3.44891 0.5
4 373.767 31.0942 14.9575 0.5
4 337.727 104.069 9.4123 0.5
4 368.196 37.8094 14.8909 0.5
4 338 105.126 -7.10703 0.5
4 361.719 37.114 6.06239 0.5
4 369.281 39.5402 -14.8912 0.5
4 362.703 64.0278 1.74487 0.5
4 350.887 73.0542 -14.5961 0.5
4 380.561 31.9478 -5.99831 0.5
4 345.326 71.0368 -12.5655 0.5
4 381.338 23.5689 -13.4132 0.5
4 381.426 21.9722 14.043 0.5
4 347.173 61.1564 -1.95002 0.5
4 380.267 4.23061 -3.92397 0.5
4 371.328 49.0092 -2.32795 0.5
4 384.824 -1.95883 7.8609 0.5
4 357.628 48.4039 -11.5948 0.5
4 371.448 37.1566 -14.6606 0.5
4 352.425 63.5925 14.6235 0.5
4 343.479 89.1609 13.4034 0.5
4 364.554 59.9735 5.25362 0.5
4 375.734 12.1367 -4.12089 0.5
4 365.121 51.6339 13.4249 0.5
4 370.567 28.7237 -13.3777 0.5
4 360.253 59.9208 13.496 0.5
4 385.556 22.616 7.36366 0.5
4 344.036 69.609 -9.19211 0.5
4 335.635 99.9969 14.4615 0.5
4 375.884 13.6906 -8.12467 0.5
4 376.127 12.0007 -5.6901 0.5
4 363.667 62.431 -0.935554 0.5
4 353.487 53.5284 -9.5533 0.5
4 355.406 70.6139 -12.1143 0.5
4 379.151 7.26338 -6.7845 0.5
4 388.011 11.8295 13.5019 0.5
4 376.776 39.3511 -3.4553 0.5
4 365.44 36.6551 12.8525 0.5
4 351.169 58.633 10.7366 0.5
4 337.28 107.941 -2.57652 0.5
4 380.177 29.8224 10.2428 0.5
4 352.388 53.8269 -7.18088 0.5
4 366.423 35.1788 12.986 0.5
4 338.048 90.7113 -14.9579 0.5
4 342.389 69.4196 1.76827 0.5
4 349.435 80.5875 12.375 0.5
4 367.428 32.8473 12.6252 0.5
4 348.8 61.8474 9.7921 0.5
4 365.796 58.0111 4.72177 0.5
4 363.381 35.4479 8.27818 0.5
4 348.141 66.4926 12.7763 0.5
4 367.625 44.3154 14.5337 0.5
4 335.253 81.8097 2.01045 0.5
4 348.006 60.0254 3.60017 0.5
4 336.778 83.9218 -11.0793 0.5
4 348.279 77.9062 -14.5126 0.5
4 385.681 16.0671 13.4024 0.5
4 347.269 62.1676 6.11931 0.5
4 345.05 68.4602 -9.92577 0.5
4 371.65 47.5579 5.57854 0.5
4 362.918 46.2919 -14.7959 0.5
4 381.089 2.64918 3.28539 0.5
4 346.478 82.0578 14.2026 0.5
4 367.361 39.9685 14.9601 0.5
4 345.713 83.0362 14.3161 0.5
5 372.647 -30.4034 -13.7276 0.5
5 371.716 -35.7416 11.3803 0.5
5 384.829 -3.28054 -15 0.5
5 353.762 -72.0644 0.298837 0.5
5 348.187 -58.1687 -12.3224 0.5
5 358.513 -40.2204 12.2778 0.5
5 384.811 11.2415 -3.72528 0.5
5 376.302 -30.3822 8.50334 0.5
5 372.13 -23.9187 14.9406 0.5
5 387.286 13.4274 -8.39894 0.5
5 383.541 8.84806 4.41545 0.5
5 363.088 -53.2157 -8.58234 0.5
5 350.471 -47.7684 0.176171 0.5
5 359.115 -42.5642 -14.0586 0.5
5 354.187 -58.9189 -14.7749 0.5
5 342.047 -91.7874 4.09773 0.5
5 380.244 3.53651 2.80573 0.5
5 335.887 -82.7665 -14.0471 0.5
5 378.508 -28.9454 -2.77864 0.5
5 360.82 -59.8337 -0.468522 0.5
5 350.542 -61.4791 14.9547 0.5
5 338.622 -87.6731 14.345 0.5
5 379.974 -18.3099 13.4488 0.5
5 335.258 -100.793 9.41691 0.5
5 343.095 -72.7333 14.7347 0.5
5 376.275 -19.7169 -14.9096 0.5
5 385.632 -8.17072 13.6103 0.5
5 340.038 -70.7393 11.0925 0.5
5 347.512 -72.8584 -14.1538 0.5
5 357.828 -51.2809 -14.9472 0.5
5 340.527 -78.1213 14.8831 0.5
5 352.278 -72.431 7.83096 0.5
5 366.186 -50.5276 0.779975 0.5
5 375.01 -11.6404 12.2736 0.5
5 360.112 -31.5397 -3.73243 0.5
5 349.769 -58.5908 -13.9976 0.5
5 347.432 -75.1074 13.2253 0.5
5 360.807 -30.3473 3.77701 0.5
5 379.945 -9.60738 14.851 0.5
5 335.451 -92.8139 14.4478 0.5
5 368.084 -24.1288 -12.6045 0.5
5 377.119 -6.38315 -10.9719 0.5
5 340.018 -86.4743 13.9142 0.5
5 378.023 -11.6815 -14.6179 0.5
5 337.591 -76.1705 -12.0711 0.5
5 342.544 -68.682 12.804 0.5
5 346.384 -67.8896 14.872 0.5
5 353.097 -69.8966 9.41342 0.5
5 360.937 -39.0834 -13.9329 0.5
5 349.544 -54.2909 11.1076 0.5
5 347.842 -54.5952 7.94197 0.5
5 358.956 -61.5703 -6.53723 0.5
5 364.189 -50.0646 10.1356 0.5
5 339.296 -96.4386 4.4774 0.5
5 358.623 -50.4475 -14.8916 0.5
5 378.713 -27.4287 -6.37213 0.5
5 375.602 -33.9534 2.91159 0.5
5 338.454 -76.5514 -13.2509 0.5
5 382.615 -8.43257 14.9399 0.5
5 381.572 1.27917 -11.0197 0.5
5 366.21 -44.458 12.0365 0.5
5 347.41 -80.8051 -7.92216 0.5
5 335.162 -94.028 -14.2298 0.5
5 355.687 -38.9956 2.7997 0.5
5 369.952 -14.0289 -0.364001 0.5
5 386.163 -7.18043 13.6428 0.5
5 386.97 -12.1031 8.20976 0.5
5 355.136 -65.2079 -10.6918 0.5
5 358.153 -59.8334 -10.8356 0.5
5 354.578 -57.7308 14.8554 0.5
5 362.865 -45.9183 14.271 0.5
5 387.014 15.4798 -1.18614 0.5
5 377.217 -12.3291 -14.4252 0.5
5 385.416 -17.1917 1.19943 0.5
5 338.359 -74.281 11.6368 0.5
5 340.988 -77.2704 -14.8764 0.5
5 333.564 -106.881 -2.24556 0.5
5 351.023 -68.7375 13.3051 0.5
5 351.907 -66.1627 13.798 0.5
5 385.213 -12.5543 -11.2136 0.5
5 358.053 -52.7182 14.6795 0.5
5 349.968 -74.4181 10.4302 0.5
5 386.469 -1.93187 -14.9233 0.5
5 366.739 -26.0877 -12.3574 0.5
5 341.412 -86.7439 -12.5033 0.5
5 371.746 -31.5955 13.8837 0.5
5 376.128 -5.23845 7.32632 0.5
5 368.707 -38.434 -13.1296 0.5
5 338.486 -80.0919 14.6016 0.5
5 355.483 -68.8018 -2.90537 0.5
5 369.403 -25.6566 -14.3649 0.5
5 368.881 -19.4369 -9.69821 0.5
5 341.128 -69.639 -11.7602 0.5
5 375.973 -9.02446 -11.5495 0.5
5 351.282 -66.7887 -13.9842 0.5
5 349.431 -66.9262 -14.8135 0.5
5 371.479 -36.1444 -11.386 0.5
5 366.881 -19.3837 1.09445 0.5
5 385.045 5.82878 12.2115 0.5
5 377.71 -1.33802 -4.68419 0.5
5 385.627 11.7337 -6.30809 0.5
5 388.086 16.7631 -4.27312 0.5
5 341.404 -93.2603 -2.50599 0.5
5 366.66 -46.7125 -9.01783 0.5
5 357.151 -36.2351 -1.06778 0.5
5 346.139 -69.658 14.9875 0.5
5 367.677 -46.0677 7.30272 0.5
5 350.539 -47.7041 1.28664 0.5
5 339.295 -85.5696 -14.5989 0.5
5 371.274 -11.8482 -1.84473 0.5
5 370.259 -14.5418 5.51221 0.5
5 371.562 -38.9701 7.92818 0.5
5 382.538 -17.2262 -11.1792 0.5
5 334.849 -88.6138 14.951 0.5
5 339.008 -70.3283 8.59491 0.5
5 363.06 -44.8907 14.4766 0.5
5 369.77 -31.5071 -14.8427 0.5
5 388.316 -12.216 0.126369 0.5
5 366.036 -46.7995 10.2064 0.5
5 346.64 -71.0063 -14.9141 0.5
5 384.494 -12.0109 12.5775 0.5
5 347.461 -53.5015 3.91885 0.5
5 350.246 -78.1527 0.356635 0.5
5 333.903 -80.2864 10.0033 0.5
5 358.088 -34.5749 0.236899 0.5
6 400.228 -107.427 0.837068 0.5
6 338.726 -96.0224 14.5684 0.5
6 345.034 -89.6057 -14.7278 0.5
6 413.121 -78.8844 -6.40091 0.5
6 442.586 -105.512 -7.37471 0.5
6 356.65 -79.7866 -8.03966 0.5
6 418.99 -85.9163 -13.5022 0.5
6 434.873 -77.4505 -0.111439 0.5
6 396.663 -77.4503 0.0770864 0.5
6 436.856 -101.438 12.0092 0.5
6 432.999 -77.6387 -2.37138 0.5
6 402.086 -80.3555 8.8725 0.5
6 425.237 -78.3768 5.19063 0.5
6 375.169 -103.489 10.1561 0.5
6 358.642 -107.266 2.34431 0.5
6 405.268 -105.87 6.70149 0.5
6 438.268 -100.76 -12.4877 0.5
6 360.642 -79.3435 -7.29503 0.5
6 337.952 -100.075 -12.9174 0.5
6 370.769 -106.349 -5.64028 0.5
6 354.973 -107.272 -2.30447 0.5
6 336.881 -94.021 14.9175 0.5
6 347.531 -106.602 -4.97163 0.5
6 389.32 -94.4854 14.8613 0.5
6 368.596 -91.0272 -14.9324 0.5
6 386.467 -80.0016 -8.36864 0.5
6 383.308 -87.6654 -14.2164 0.5
6 366.725 -79.6639 -7.84306 0.5
6 436.683 -77.4509 0.159228 0.5
6 378.616 -78.7339 6.07176 0.5
6 440.643 -91.8226 14.9869 0.5
6 442.738 -100.384 -12.7299 0.5
6 333.452 -85.6008 13.3449 0.5
6 340.405 -104.42 9.03942 0.5
6 418.326 -105.988 -6.46051 0.5
6 359.347 -77.585 2.00751 0.5
6 374.951 -107.011 -3.60227 0.5
6 354.012 -106.719 -4.62721 0.5
6 351.927 -105.133 -8.00881 0.5
6 417.317 -106.687 4.72364 0.5
6 383.724 -90.5745 -14.8823 0.5
6 359.277 -82.626 -11.3352 0.5
6 386.589 -107.293 -2.16571 0.5
6 435.626 -107.315 -2.0085 0.5
6 339.309 -95.9145 -14.5944 0.5
6 432.331 -77.7785 3.12181 0.5
6 366.099 -83.6444 -12.1433 0.5
6 389.676 -96.5235 14.4363 0.5
6 333.682 -89.0722 14.6147 0.5
6 380.069 -80.0233 8.40082 0.5
6 403.83 -80.1298 8.55631 0.5
6 372.45 -89.8932 14.7805 0.5
6 359.634 -88.672 14.5164 0.5
6 406.517 -106.163 -6.07915 0.5
6 395.447 -98.0081 13.9323 0.5
6 343.593 -77.4636 -0.636882 0.5
6 334.363 -85.377 -13.2277 0.5
6 359.971 -107.154 2.96445 0.5
6 393.654 -77.4657 -0.685163 0.5
6 411.708 -98.1843 13.8607 0.5
6 338.025 -88.7129 -14.527 0.5
6 426.099 -95.5187 -14.6828 0.5
6 349.803 -89.8498 14.7729 0.5
6 340.19 -91.3803 -14.9618 0.5
6 351.017 -107.404 1.17292 0.5
6 340.655 -97.3553 14.1753 0.5
6 395.858 -101.682 11.8221 0.5
6 433.474 -106.816 4.31663 0.5
6 366.539 -82.4022 11.1373 0.5
6 397.584 -98.3193 13.8041 0.5
6 344.522 -84.7323 12.8622 0.5
6 351.544 -100.436 -12.6973 0.5
6 397.02 -82.1153 -10.8716 0.5
6 340.76 -100.825 -12.4446 0.5
6 423.402 -78.0941 -4.34817 0.5
6 401.95 -82.7014 11.4001 0.5
6 352.494 -89.7974 -14.7636 0.5
6 444.111 -80.2803 -8.7691 0.5
6 336.682 -78.1604 -4.56126 0.5
6 345.509 -77.5508 -1.73506 0.5
6 357.832 -84.1136 -12.4701 0.5
6 424.91 -106.677 4.75479 0.5
6 433.899 -102.754 -10.9012 0.5
6 348.147 -82.9086 11.5741 0.5
6 440.65 -77.8207 3.31355 0.5
6 408.177 -77.5861 -2.01561 0.5
6 438.143 -105.96 6.51845 0.5
6 360.354 -84.1614 12.5019 0.5
6 399.647 -84.2774 -12.578 0.5
6 410.007 -89.3126 -14.6682 0.5
6 403.286 -78.1899 4.65265 0.5
6 351.967 -77.6805 2.61901 0.5
6 385.211 -80.625 9.22866 0.5
6 437.645 -77.4803 -0.950872 0.5
6 364.705 -86.8077 13.8983 0.5
6 440.016 -105.169 -7.95235 0.5
6 405.911 -82.6782 11.3803 0.5
6 429.411 -89.8758 14.7775 0.5
6 401.337 -99.0602 -13.465 0.5
6 382.793 -97.397 14.1608 0.5
6 385.566 -99.9698 12.979 0.5
6 406.477 -78.5036 -5.52231 0.5
6 362.236 -90.6773 14.8949 0.5
6 344.105 -106.906 4.00268 0.5
6 444.078 -93.0352 14.9886 0.5
6 405.85 -106.638 4.87004 0.5
6 373.861 -100.51 -12.6509 0.5
6 423.952 -101.826 11.7085 0.5
6 364.557 -101.234 -12.1588 0.5
6 369.751 -85.9816 -13.5336 0.5
6 418.543 -87.5885 -14.1903 0.5
6 368.336 -102.234 -11.3697 0.5
6 430.836 -107.043 -3.4724 0.5
6 351.486 -102.869 10.7909 0.5
6 398.538 -77.4568 0.449821 0.5
6 357.159 -107.408 -1.1177 0.5
6 347.49 -101.899 11.6495 0.5
6 388.95 -85.7803 -13.4355 0.5
6 389.152 -86.8186 -13.9027 0.5
6 361.103 -103.523 -10.119 0.5
6 380.099 -84.8296 -12.9201 0.5
6 365.416 -99.1531 13.419 0.5
6 413.918 -77.4845 1.01551 0.5
6 346.686 -103.802 -9.80458 0.5
6 344.387 -97.5093 -14.1211 0.5
6 344.253 -103.153 -10.5093 0.5
6 424.001 -79.9054 -8.2238 0.5
6 427.278 -94.291 -14.8866 0.5
7 468.785 -146.272 9.43429 0.5
7 498.119 -193.423 -12.6846 0.5
7 457.91 -100.8 -0.908905 0.5
7 460.574 -129.437 11.9627 0.5
7 448.9 -88.4363 -9.34705 0.5
7 480.398 -141.307 6.70907 0.5
7 457.261 -127.685 -7.41979 0.5
7 487.471 -175.749 12.1655 0.5
7 449.589 -103.477 14.85 0.5
7 475.766 -161.695 0.397588 0.5
7 481.339 -169.638 6.96681 0.5
7 457.323 -114.383 14.9953 0.5
7 490.584 -175.186 14.7325 0.5
7 453.983 -94.8363 -5.02175 0.5
7 473.263 -136.961 -13.9928 0.5
7 476.814 -163.507 -0.532167 0.5
7 491.89 -188.947 4.46586 0.5
7 467.506 -145.016 -8.10446 0.5
7 445.853 -101.204 13.6067 0.5
7 485.835 -172.363 12.5458 0.5
7 472.935 -136.94 14.1919 0.5
7 447.483 -88.0308 -11.4566 0.5
7 496.313 -196.973 3.06062 0.5
7 448.06 -96.5398 14.8419 0.5
7 496.276 -168.336 -5.6668 0.5
7 452.37 -113.42 -13.1357 0.5
7 496.058 -175.579 -13.6271 0.5
7 484.297 -172.826 -9.8073 0.5
7 494.634 -193.969 -3.49344 0.5
7 496.165 -179.331 14.7547 0.5
7 488.748 -180.944 9.3149 0.5
7 453.891 -97.5572 9.91626 0.5
7 483.661 -158.627 14.8979 0.5
7 483.414 -144.947 -0.00428939 0.5
7 475.501 -138.209 12.6676 0.5
7 469.363 -125.578 11.1515 0.5
7 460.028 -123.163 -14.531 0.5
7 447.301 -105.904 -12.3554 0.5
7 447.003 -104.951 -12.6446 0.5
7 467.838 -132.578 14.9949 0.5
7 471.277 -135.97 -14.7059 0.5
7 497.739 -176.695 12.6479 0.5
7 470.824 -152.124 5.4307 0.5
7 495.629 -195.177 5.19223 0.5
7 474.233 -139.004 14.1275 0.5
7 497.733 -173.235 9.61298 0.5
7 478.287 -157.054 13.7533 0.5
7 458.831 -103.1 4.62574 0.5
7 496.103 -180.712 -14.9508 0.5
7 498.829 -187.154 -14.9915 0.5
7 483.969 -150.382 -10.6865 0.5
7 492.738 -176.707 -14.9876 0.5
7 482.141 -170.692 -7.56973 0.5
7 496.234 -186.772 14.2708 0.5
7 456.514 -101.388 -9.0434 0.5
7 489.336 -176.674 -13.5333 0.5
7 457.697 -103.342 -8.91595 0.5
7 459.797 -124.916 -13.8016 0.5
7 465.623 -121.043 12.6314 0.5
7 483.747 -146.212 -4.48774 0.5
7 490.795 -158.875 -5.7446 0.5
7 488.152 -171.396 -14.6452 0.5
7 487.143 -177.114 -10.5051 0.5
7 446.703 -90.155 13.6553 0.5
7 482.03 -142.822 -2.8384 0.5
7 492.332 -170.628 14.2227 0.5
7 467.927 -136.916 14.5122 0.5
7 480.204 -157.06 -14.7601 0.5
7 487.133 -151.409 0.784512 0.5
7 467.434 -133.128 -14.9754 0.5
7 488.474 -182.561 -5.75893 0.5
7 476.208 -142.735 -14.2342 0.5
7 472.731 -134.294 -13.1864 0.5
7 456.364 -127.979 -1.87262 0.5
7 463.793 -135.029 11.9509 0.5
7 468.111 -119.092 4.37001 0.5
7 477.919 -164.949 3.76864 0.5
7 473.707 -146.683 14.5741 0.5
7 461.777 -108.647 5.82159 0.5
7 446.912 -81.9299 -2.4795 0.5
7 465.036 -113.589 3.74142 0.5
7 470.699 -142.243 -14.3651 0.5
7 457.609 -106.824 12.409 0.5
7 466.946 -117.397 5.31656 0.5
7 454.19 -103.463 -13.805 0.5
7 453.623 -111.598 14.6438 0.5
7 449.831 -104.646 -14.7236 0.5
7 454.089 -119.473 -10.8877 0.5
7 460.059 -131.764 8.6297 0.5
7 464.982 -133.785 -13.849 0.5
7 491.444 -159.047 2.38823 0.5
7 473.264 -154.713 -8.51938 0.5
7 490.788 -161.668 10.1426 0.5
7 447.5 -82.7823 1.08532 0.5
7 449.299 -106.101 -14.054 0.5
7 458.663 -131.989 -1.62663 0.5
7 495.325 -167.573 -7.47591 0.5
7 449.38 -87.3573 -6.23809 0.5
7 479.173 -138.45 -4.97484 0.5
7 456.36 -118.464 14.0038 0.5
7 454.803 -103.065 13.0892 0.5
7 466.364 -137.37 -13.2901 0.5
7 473.199 -132.181 11.1142 0.5
7 459.331 -104.544 6.13041 0.5
7 450.412 -114.431 -9.4565 0.5
7 451.322 -107.576 14.6515 0.5
7 489.04 -157.121 -8.18241 0.5
7 493.596 -167.223 10.8478 0.5
7 475.481 -145.341 14.975 0.5
7 482.273 -143.688 4.58478 0.5
7 482.182 -145.925 9.1467 0.5
7 468.783 -140.728 -13.6937 0.5
7 481.234 -162.4 -13.646 0.5
7 455.2 -100.213 -10.3409 0.5
7 476.549 -146.778 -14.9455 0.5
7 482.927 -172.239 7.24374 0.5
7 486.451 -180.206 -0.260037 0.5
7 461.355 -107.579 4.94409 0.5
7 485.402 -155.189 12.5592 0.5
7 457.363 -111.823 -14.6964 0.5
7 464.481 -136.237 11.9374 0.5
7 469.472 -120.84 -1.1154 0.5
7 459.733 -104.037 1.78572 0.5
7 464.676 -131.369 14.4905 0.5
7 492.379 -190.054 3.53137 0.5
7 482.443 -158.361 -14.9997 0.5
7 490.054 -157.5 -5.51762 0.5
7 484.593 -147.422 -3.57805 0.5
7 478.035 -135.695 1.39167 0.5
7 470.035 -147.447 10.5395 0.5
8 535.51 -138.399 9.94584 0.5
8 508.743 -186.656 -7.26261 0.5
8 535.659 -139.661 -7.90252 0.5
8 522.723 -153.598 -14.3764 0.5
8 518.008 -160.936 14.5973 0.5
8 538.595 -112.107 -11.425 0.5
8 540.908 -132.811 -0.541135 0.5
8 525.492 -159.273 2.72108 0.5
8 513.187 -180.81 0.870886 0.5
8 549.048 -114.708 -10.2138 0.5
8 538.857 -119.784 -14.9157 0.5
8 521.026 -164.687 8.39768 0.5
8 523.73 -136.406 10.0133 0.5
8 526.301 -146.264 -14.6669 0.5
8 540.121 -116.5 14.758 0.5
8 537.092 -138.755 4.44684 0.5
8 541.335 -103.265 -5.8399 0.5
8 502.084 -171.068 5.39241 0.5
8 505.031 -180.158 -14.9987 0.5
8 549.773 -95.5733 -13.3231 0.5
8 514.194 -153.848 10.9592 0.5
8 513.284 -178.522 -7.72964 0.5
8 520.326 -159.212 13.8575 0.5
8 501.23 -199.54 7.49165 0.5
8 514.205 -150.879 -7.13877 0.5
8 553.532 -90.0837 13.8032 0.5
8 522.614 -142.591 13.3106 0.5
8 535.576 -123.103 -14.4695 0.5
8 551.288 -109.604 -11.3877 0.5
8 500.302 -185.527 14.7686 0.5
8 527.145 -155.599 -5.53478 0.5
8 511.747 -182.101 -5.94211 0.5
8 512.828 -176.06 11.5233 0.5
8 500.146 -190.127 -14.9027 0.5
8 534.115 -114.815 -2.61049 0.5
8 551.795 -85.6246 6.86227 0.5
8 501.391 -175.018 9.92365 0.5
8 528.98 -135.151 -14.6259 0.5
8 545.404 -124.857 2.29601 0.5
8 524.698 -138.083 12.8044 0.5
8 506.765 -183.051 13.7067 0.5
8 519.012 -141.823 5.5813 0.5
8 544.478 -125.483 -5.77128 0.5
8 547.4 -121.38 2.41514 0.5
8 511.15 -155.943 -6.70348 0.5
8 554.1 -81.4436 6.48092 0.5
8 531.411 -148.479 -4.80626 0.5
8 543.994 -102.393 11.1052 0.5
8 514.313 -160.869 -14.6937 0.5
8 548.388 -107.318 -14.7981 0.5
8 546.282 -119.638 -10.0613 0.5
8 515.146 -176.499 5.23145 0.5
8 543.748 -120.901 12.6893 0.5
8 525.996 -158.359 -2.93884 0.5
8 550.48 -108.002 13.39 0.5
8 525.392 -134.602 11.0968 0.5
8 522.915 -161.519 -8.23977 0.5
8 509.9 -158.495 7.42685 0.5
8 546.675 -120.23 -8.4416 0.5
8 530.529 -122.3 -6.54391 0.5
8 511.414 -165.227 -14.5418 0.5
8 516.746 -158.614 -14.9628 0.5
8 551.521 -111.621 8.74972 0.5
8 502.758 -170.001 5.64613 0.5
8 529.138 -125.221 7.50902 0.5
8 529.621 -152.369 -0.0268755 0.5
8 553.836 -97.6976 -14.8275 0.5
8 534.244 -121.043 12.4811 0.5
8 541.266 -132.038 -2.19841 0.5
8 541.816 -129.128 -7.68821 0.5
8 525.56 -138.638 13.8472 0.5
8 537.836 -137.944 -2.42362 0.5
8 554.946 -79.8346 -6.17307 0.5
8 551.189 -85.9975 5.3443 0.5
8 514.412 -178.247 -3.71246 0.5
8 547.048 -97.2002 -11.1927 0.5
8 513.926 -176.398 9.20394 0.5
8 510.424 -183.679 7.37966 0.5
8 550.846 -114.625 -5.33895 0.5
8 500.453 -201.421 6.47313 0.5
8 506.625 -191.33 -5.03475 0.5
8 551.447 -86.8007 7.87648 0.5
8 540.479 -131.098 -8.239 0.5
8 531.155 -140.9 -13.6648 0.5
8 500.784 -175.913 -9.74364 0.5
8 524.064 -161.581 -3.49722 0.5
8 546.714 -114.302 13.4999 0.5
8 527.173 -138.292 14.6285 0.5
8 529.569 -144.346 -13.326 0.5
8 529.264 -136.864 -14.9577 0.5
8 548.32 -91.552 6.6807 0.5
8 546.776 -107.966 -14.9968 0.5
8 517.404 -147.127 9.74587 0.5
8 554.3 -80.3624 4.64584 0.5
8 517.242 -172.731 5.58865 0.5
8 500.078 -184.83 -14.5339 0.5
8 527.443 -143.203 -14.8578 0.5
8 508.844 -158.446 -1.6262 0.5
8 533.479 -125.821 14.1889 0.5
8 511.422 -183.314 4.12143 0.5
8 541.856 -111.621 -14.2909 0.5
8 519.151 -141.263 4.70985 0.5
8 530.242 -149.655 6.81958 0.5
8 533.083 -139.577 12.5586 0.5
8 522.466 -147.336 -14.8025 0.5
8 500.26 -181.167 -13.236 0.5
8 518.901 -144.862 -10.1164 0.5
8 544.758 -126.094 1.31088 0.5
8 525.751 -137.141 -13.3018 0.5
8 555.314 -106.969 -5.11829 0.5
8 503.744 -179.876 14.8204 0.5
8 525.346 -158.825 -5.25143 0.5
8 536.41 -122.12 14.5883 0.5
8 527.419 -152.749 9.55332 0.5
8 539.377 -125.644 14.0799 0.5
8 500.003 -178.828 -11.3203 0.5
8 524.744 -153.045 -13.1433 0.5
8 508.48 -188.378 4.23061 0.5
8 502.835 -169.658 -5.09923 0.5
8 541.087 -119.137 14.9115 0.5
8 503.259 -192.179 11.8876 0.5
8 521.33 -158.54 13.3653 0.5
8 507.83 -176.156 -14.9638 0.5
8 520.499 -161.3 -12.6061 0.5
8 506.174 -188.513 -10.68 0.5
8 534.528 -143.786 -1.58304 0.5
8 500.543 -197.707 11.2051 0.5
8 541.889 -115.435 14.9843 0.5
8 549.613 -98.9826 -14.521 0.5
8 517.966 -143.862 6.12002 0.5
8 519.548 -165.728 10.2924 0.5
8 521.245 -142.749 11.9023 0.5
8 516.205 -150.619 -11.1912 0.5
8 549.625 -88.2206 3.83254 0.5
8 538.587 -131.549 11.4345 0.5
8 546.576 -122.682 3.08277 0.5
8 511.498 -160.227 12.3363 0.5
8 533.942 -143.206 -6.89578 0.5
8 542.906 -114.797 -14.9936 0.5
8 511.408 -182.821 5.62594 0.5
8 520.236 -168.601 -0.843164 0.5
8 552.836 -84.8863 -8.62311 0.5
8 524.925 -141.569 14.4746 0.5
8 543.097 -102.287 9.33397 0.5
8 532.374 -147.422 -2.31408 0.5
9 647.489 -78.1428 4.50569 0.5
9 601.04 -83.9771 12.3778 0.5
9 638.435 -103.623 -10.0079 0.5
9 660.206 -96.6611 -14.3968 0.5
9 666.66 -78.1626 -4.56803 0.5
9 573.321 -105.04 -8.15425 0.5
9 639.476 -83.8752 12.3074 0.5
9 645.895 -78.5503 5.63876 0.5
9 608.148 -87.1251 -14.023 0.5
9 592.263 -82.1052 10.862 0.5
9 556.687 -78.4341 -5.34333 0.5
9 602.694 -79.8467 8.13353 0.5
9 660.816 -77.5114 1.35518 0.5
9 593.391 -87.844 14.2753 0.5
9 611.587 -85.5496 13.3185 0.5
9 560.814 -93.2764 -14.9772 0.5
9 560.889 -97.4158 14.1542 0.5
9 591.845 -98.3385 -13.7959 0.5
9 628.717 -92.4588 15 0.5
9 639.607 -85.932 13.5098 0.5
9 615.257 -106.924 -3.93916 0.5
9 583.388 -78.8277 6.27934 0.5
9 601.395 -93.3164 -14.975 0.5
9 629.975 -92.5973 -14.9993 0.5
9 661.465 -105.536 7.33277 0.5
9 581.32 -107.362 -1.62052 0.5
9 654.465 -92.5447 -14.9997 0.5
9 590.339 -77.4723 -0.815365 0.5
9 625.996 -78.377 5.19105 0.5
9 648.205 -95.2112 -14.7437 0.5
9 635.611 -77.5855 2.01089 0.5
9 631.225 -83.783 -12.2426 0.5
9 628.104 -100.598 12.5941 0.5
9 617.253 -81.0064 9.69757 0.5
9 659.833 -93.1189 14.9851 0.5
9 569.402 -106.549 -5.12089 0.5
9 661.073 -80.5837 9.17547 0.5
9 636.37 -78.5226 -5.56991 0.5
9 596.234 -78.3385 -5.08544 0.5
9 584.073 -77.8087 3.26054 0.5
9 570.202 -99.1258 13.4326 0.5
9 562.983 -97.1588 -14.2418 0.5
9 623.763 -101.861 11.6801 0.5
9 610.463 -85.3279 -13.2013 0.5
9 558.303 -86.6888 13.8495 0.5
9 649.043 -90.9857 14.9283 0.5
9 612.592 -103.539 10.1012 0.5
9 599.642 -102.642 -11.0061 0.5
9 646.776 -96.2203 14.5185 0.5
9 657.318 -99.1723 13.4094 0.5
9 584.999 -78.7646 6.14064 0.5
9 582.232 -100.508 12.6516 0.5
9 623.701 -106.692 -4.70864 0.5
9 577.77 -106.072 -6.27966 0.5
9 625.086 -88.4723 14.463 0.5
9 633.164 -98.2623 13.8282 0.5
9 558.012 -102.672 10.9774 0.5
9 665.283 -78.7059 -6.00804 0.5
9 665.401 -107.102 -3.21499 0.5
9 636.155 -105.097 8.06536 0.5
9 636.628 -92.7317 14.9974 0.5
9 634.223 -77.543 -1.66655 0.5
9 579.588 -104.763 -8.56742 0.5
9 664.908 -92.1948 14.9978 0.5
9 661.004 -80.6531 -9.26451 0.5
9 606.914 -106.081 6.26054 0.5
9 578.766 -104.033 9.53033 0.5
9 613.82 -105.975 6.4862 0.5
9 640.236 -104.177 9.35281 0.5
9 555.957 -81.4608 -10.2095 0.5
9 662.608 -100.531 -12.6375 0.5
9 601.606 -107.094 3.24859 0.5
9 653.332 -107.175 -2.86178 0.5
9 573.044 -86.6186 13.82 0.5
9 587.738 -94.8283 14.8103 0.5
9 628.06 -95.8803 14.6025 0.5
9 640.929 -85.2767 -13.1736 0.5
9 622.93 -100.696 -12.53 0.5
9 615.533 -107.388 -1.36553 0.5
9 664.59 -86.2081 -13.6396 0.5
9 561.351 -106.144 6.12279 0.5
9 595.33 -88.5707 -14.4897 0.5
9 632.42 -87.5076 14.1623 0.5
9 589.884 -99.6576 13.1549 0.5
9 581.432 -77.7402 -2.93607 0.5
9 619.324 -107.111 3.16972 0.5
9 560.913 -105.403 -7.56435 0.5
9 578.404 -88.1394 -14.3673 0.5
9 571.44 -83.6481 -12.146 0.5
9 575.073 -88.4842 -14.4662 0.5
9 599.892 -97.2414 -14.2142 0.5
9 652.291 -83.3515 11.9254 0.5
9 645.911 -104.705 -8.64991 0.5
9 557.641 -77.4806 0.956326 0.5
9 604.462 -88.0174 14.3301 0.5
9 626.987 -82.5296 -11.251 0.5
9 629.204 -102.011 11.5578 0.5
9 560.49 -103.661 9.96586 0.5
9 593.98 -82.0034 10.7641 0.5
9 604.047 -92.3494 14.9997 0.5
9 605.492 -102.059 -11.5185 0.5
9 657.916 -90.234 -14.8354 0.5
9 628.61 -86.9726 13.9641 0.5
9 613.288 -78.9002 6.43439 0.5
9 595.146 -94.1792 -14.9 0.5
9 604.914 -78.0575 -4.22529 0.5
9 588.197 -103.008 -10.6548 0.5
9 614.533 -105.121 8.02743 0.5
9 579.627 -79.9077 8.22726 0.5
9 574.323 -93.4992 14.9633 0.5
9 568.157 -93.1896 14.9818 0.5
9 601.39 -87.4096 14.1277 0.5
9 574.674 -81.0731 9.77566 0.5
9 631.182 -104.937 8.31189 0.5
9 596.402 -79.5685 -7.68536 0.5
9 641.085 -106.546 -5.1289 0.5
9 635.928 -85.2531 13.1606 0.5
9 609.941 -107.29 2.18244 0.5
9 587.608 -77.6282 -2.305 0.5
9 557.132 -77.6779 -2.60449 0.5
9 617.577 -104.133 9.40829 0.5
9 628.464 -88.3715 -14.4349 0.5
9 628.457 -85.5702 -13.3292 0.5
9 645.503 -106.805 -4.35271 0.5
9 616.299 -80.3748 8.89877 0.5
9 631.6 -106.958 3.81084 0.5
9 641.889 -80.9266 -9.60252 0.5
9 657.078 -106.804 4.35466 0.5
9 647.886 -105.703 -7.02583 0.5
9 642.092 -102.859 10.8007 0.5
9 597.349 -85.1923 -13.1272 0.5
9 655.482 -80.9566 9.6385 0.5
9 609.035 -80.3895 8.91864 0.5
9 619.077 -77.8126 3.27791 0.5
9 612.111 -96.2864 -14.5011 0.5
9 619.546 -107.393 -1.30716 0.5
9 636.794 -84.109 -12.467 0.5
9 608.488 -79.0249 6.69061 0.5
9 578.861 -101.59 11.8935 0.5
10 635.724 -51.1059 8.65695 0.5
10 651.616 -51.4997 -1.87467 0.5
10 660.961 -71.2431 -9.83684 0.5
10 661.959 -94.7883 10.7197 0.5
10 648.003 -62.6451 14.7865 0.5
10 623.043 -30.9255 5.29453 0.5
10 636.136 -25.375 4.84793 0.5
10 633.597 -26.2829 12.0831 0.5
10 634.329 -21.5666 -1.94423 0.5
10 640.047 -56.9622 10.5939 0.5
10 642.513 -42.3766 -12.5355 0.5
10 644.828 -62.4295 -12.8095 0.5
10 660.607 -67.1356 2.32774 0.5
10 657.535 -63.0543 -6.3721 0.5
10 649.555 -59.8739 14.7094 0.5
10 614.478 7.06442 11.9089 0.5
10 649.888 -56.7908 13.4712 0.5
10 625.749 -35.9555 -4.27901 0.5
10 617.177 8.23639 -0.977344 0.5
10 647.102 -72.6067 -5.27116 0.5
10 613.019 1.03957 14.9892 0.5
10 623.574 -20.5279 14.7519 0.5
10 638.705 -58.5352 -3.77753 0.5
10 634.664 -41.318 14.371 0.5
10 620.156 -14.9713 14.6803 0.5
10 658.495 -91.3104 7.46028 0.5
10 640.704 -35.2557 -8.69039 0.5
10 630.751 -15.3477 -1.77914 0.5
10 661.618 -97.2799 -6.38139 0.5
10 640.835 -48.4829 14.98 0.5
10 614.864 -16.4076 -6.14675 0.5
10 621.857 -0.311494 -3.74263 0.5
10 647.95 -72.7327 -7.98085 0.5
10 611.811 -3.09616 13.8919 0.5
10 625.07 -8.35168 -8.93071 0.5
10 649.215 -62.6652 -14.9935 0.5
10 664.528 -77.2253 -9.6067 0.5
10 630.068 -14.062 0.256469 0.5
10 637.596 -28.334 -5.96304 0.5
10 643.924 -67.968 -1.64746 0.5
10 663.567 -81.5978 -13.9621 0.5
10 621.474 -3.14769 10.1698 0.5
10 617.245 6.93568 -5.91495 0.5
10 622.515 -1.01738 1.08744 0.5
10 650.097 -78.723 0.912381 0.5
10 654.502 -78.1356 -13.3924 0.5
10 622.584 -30.5051 4.17 0.5
10 656.929 -88.6559 7.35679 0.5
10 643.784 -38.0688 2.73935 0.5
10 620.866 -7.31038 13.8287 0.5
10 640.552 -62.1946 0.843924 0.5
10 639.764 -30.9029 1.21397 0.5
10 659.7 -68.9292 9.68462 0.5
10 619.701 3.30543 -4.16793 0.5
10 620.27 2.91012 -0.0993842 0.5
10 653.677 -82.8464 7.66379 0.5
10 613.851 10.8223 9.26878 0.5
10 643.679 -56.6114 14.4632 0.5
10 627.2 -36.1931 8.86233 0.5
10 630.895 -22.1993 12.4994 0.5
10 641.154 -63.26 0.12123 0.5
10 617.624 -18.9857 9.65355 0.5
10 654.066 -81.2621 10.5755 0.5
10 643.953 -67.7888 3.08077 0.5
10 664.848 -100.815 9.61368 0.5
10 641.642 -38.9905 -11.076 0.5
10 658.069 -91.3193 5.97054 0.5
10 618.391 1.35431 11.009 0.5
10 666.522 -99.5632 -13.0681 0.5
10 618.77 -23.5694 -5.17358 0.5
10 629.42 -32.9329 -14.1437 0.5
10 664.259 -88.3854 -14.9996 0.5
10 618.018 -17.1428 -12.0343 0.5
10 659.926 -92.5492 9.29247 0.5
10 658.779 -71.6246 13.1787 0.5
10 652.802 -82.4721 5.29106 0.5
10 619.671 -25.7956 -2.76198 0.5
10 665.151 -81.6385 12.5696 0.5
10 641.009 -53.9933 -13.7546 0.5
10 639.291 -32.0105 7.44166 0.5
10 659.927 -93.3506 8.17889 0.5
10 651.412 -55.1221 10.2991 0.5
10 639.687 -60.7182 0.188042 0.5
10 633.663 -36.858 -14.9174 0.5
10 660.303 -77.4958 -14.4753 0.5
10 646.962 -70.5758 8.64953 0.5
10 663.897 -72.6684 0.672952 0.5
10 657.918 -76.1104 14.953 0.5
10 634.409 -50.9451 -4.31198 0.5
10 617.382 -6.66531 14.9941 0.5
10 642.013 -63.2288 -6.58029 0.5
10 647.169 -67.5441 12.1001 0.5
10 615.267 -17.6874 -4.63915 0.5
10 651.718 -58.7149 12.7862 0.5
10 665.841 -93.7839 -14.7432 0.5
10 662.024 -69.7899 3.36045 0.5
10 623.244 -2.25047 -0.547143 0.5
10 628.276 -31.946 13.7517 0.5
10 615.687 7.17658 9.83318 0.5
10 659.056 -67.2709 9.00285 0.5
10 650.282 -65.079 14.9661 0.5
10 649.561 -61.1252 -14.9037 0.5
10 635.199 -43.2221 -14.0418 0.5
10 613.751 -12.7626 9.04574 0.5
10 625.779 -6.6588 -0.908126 0.5
10 613.622 -1.46282 14.9736 0.5
10 646.379 -54.8889 -14.8032 0.5
10 632.8 -20.5756 7.09625 0.5
10 634.861 -26.8969 10.7463 0.5
10 657.701 -89.3341 8.42206 0.5
10 664.134 -75.4089 -8.05288 0.5
10 619.034 -2.5999 13.0767 0.5
10 634.571 -35.5159 -14.9397 0.5
10 651.211 -65.776 -14.9997 0.5
10 630.71 -21.2661 -12.0705 0.5
10 648.279 -75.5885 0.649603 0.5
10 666.446 -81.0852 -10.2159 0.5
10 613.859 6.67533 -12.8966 0.5
10 637.687 -32.0586 11.0012 0.5
10 662.629 -70.5107 1.27262 0.5
10 651.965 -74.8308 -12.785 0.5
10 649.46 -73.8055 -10.0238 0.5
10 633.541 -22.9434 -8.82288 0.5
10 646.3 -71.3719 4.84115 0.5
10 612.886 15.5515 2.10834 0.5
10 641.422 -50.1457 14.9326 0.5
10 648.209 -49.7446 10.4759 0.5
10 634.836 -27.8352 -11.6221 0.5
10 658.278 -68.5713 11.7296 0.5
10 650.941 -80.059 2.13574 0.5
10 651.243 -53.3757 8.49885 0.5
10 643.954 -59.2099 13.7043 0.5
10 665.881 -82.9969 -12.6302 0.5
10 618.575 5.212 -4.31914 0.5
10 658.627 -66.2466 -8.61586 0.5
10 640.216 -31.8429 -2.48289 0.5
10 642.452 -35.7351 2.5938 0.5
10 623.303 -30.7198 6.78638 0.5
10 641.973 -36.946 7.92856 0.5
10 634.155 -45.6905 -11.5648 0.5
10 640.434 -33.4536 -6.4119 0.5
10 611.823 -9.07723 -9.48637 0.5
10 628.021 -17.1396 12.4448 0.5
10 643.95 -57.1601 -14.4409 0.5
10 637.881 -27.6817 -1.64548 0.5
10 624.803 -11.584 -12.4572 0.5
10 645.225 -41.1616 -4.97623 0.5
10 616.143 5.63425 10.6376 0.5
10 662.102 -69.6504 -1.7848 0.5
10 647.264 -61.8506 -14.6956 0.5
10 633.748 -40.38 -14.1611 0.5
10 614.676 -4.87525 14.7943 0.5
10 625.543 -13.756 13.0101 0.5
10 653.993 -84.1245 6.27089 0.5
10 660.975 -82.9798 14.995 0.5
10 640.103 -58.3256 -9.15187 0.5
11 660.844 80.0435 11.2946 0.5
11 646.156 52.3861 -8.88114 0.5
11 660.346 104.043 -0.545849 0.5
11 661.805 102.239 10.5543 0.5
11 665.494 102.004 14.4469 0.5
11 663.908 87.4743 12.8439 0.5
11 629.074 23.6144 -9.89619 0.5
11 650.104 83.4998 -8.74472 0.5
11 662.632 106.616 -6.31931 0.5
11 635.617 56.8591 -10.5753 0.5
11 646.336 79.736 -1.2357 0.5
11 631.109 23.72 -3.02674 0.5
11 624.576 36.6137 -11.5943 0.5
11 639.839 56.5582 14.6917 0.5
11 631.949 31.277 -12.2966 0.5
11 664.732 85.9093 -10.4719 0.5
11 657.436 69.0741 1.36279 0.5
11 647.567 81.8882 -0.938376 0.5
11 624.448 20.2149 -13.4401 0.5
11 658.417 97.3006 9.52339 0.5
11 613.804 2.10055 13.5953 0.5
11 657.164 81.3885 -14.8448 0.5
11 665.457 88.3781 11.5856 0.5
11 635.44 34.3158 9.51278 0.5
11 642.29 72.5768 2.4507 0.5
11 641.247 47.765 -12.556 0.5
11 634.233 29.0414 2.54664 0.5
11 654.326 66.8687 9.31538 0.5
11 643.031 54.7177 14.3574 0.5
11 647.487 55.0121 -9.30109 0.5
11 665.818 112.962 4.08448 0.5
11 663.246 88.1965 -13.8002 0.5
11 655.596 65.945 1.89324 0.5
11 613.511 3.83248 -14.429 0.5
11 613.526 22.4897 -3.71672 0.5
11 621.997 35.4042 -7.86352 0.5
11 657.781 70.4108 4.83788 0.5
11 646.679 80.3232 1.31537 0.5
11 645.091 59.199 14.6024 0.5
11 615.629 26.2149 -3.38105 0.5
11 666.363 100.378 14.9727 0.5
11 659.241 76.4518 10.5252 0.5
11 656.504 67.4319 -1.00375 0.5
11 639.714 68.2506 1.3992 0.5
11 660.967 75.4378 3.03307 0.5
11 665.235 111.059 6.45861 0.5
11 641.148 40.8114 -0.588705 0.5
11 650.987 61.059 9.28204 0.5
11 650.81 76.6216 -14.4327 0.5
11 662.727 96.7267 14.5736 0.5
11 622.012 16.3024 -13.5882 0.5
11 650.78 82.8756 10.8173 0.5
11 635.156 36.2029 -11.8321 0.5
11 659.268 72.2041 -0.741114 0.5
11 638.19 37.2076 -6.60274 0.5
11 663.299 107.808 6.23877 0.5
11 665.581 109.276 10.0267 0.5
11 641.75 51.0276 13.8271 0.5
11 620.733 24.8164 -14.3478 0.5
11 636.221 47.5939 -14.9964 0.5
11 658.677 79.0974 13.2321 0.5
11 632.056 43.469 14.6059 0.5
11 630.807 31.5812 13.6089 0.5
11 615.759 22.2245 -10.8108 0.5
11 626.858 41.4218 -10.8362 0.5
11 648.517 55.2568 -6.92397 0.5
11 662.024 102.699 -10.4721 0.5
11 657.913 98.2917 6.63204 0.5
11 636.708 37.3723 10.4744 0.5
11 624.11 40.6395 4.36708 0.5
11 621.037 15.6764 14.0362 0.5
11 623.021 27.3011 14.7174 0.5
11 665.024 98.4548 14.9436 0.5
11 619.153 14.6561 -14.6873 0.5
11 657.303 74.4569 11.7496 0.5
11 660.258 75.6944 -7.11354 0.5
11 643.835 70.3032 11.3144 0.5
11 654.254 93.45 1.23413 0.5
11 617.359 27.1792 -8.16562 0.5
11 664.921 87.4367 -11.5759 0.5
11 659.833 80.3787 -12.8215 0.5
11 626.156 44.1954 -4.32563 0.5
11 652.912 83.5359 -13.0703 0.5
11 659.201 72.2507 2.3296 0.5
11 638.018 36.197 -4.88525 0.5
11 627.844 37.5021 14.2295 0.5
11 641.831 42.0977 1.84465 0.5
11 611.246 5.47851 -14.9279 0.5
11 649.589 69.604 -14.9778 0.5
11 662.205 100.803 -12.338 0.5
11 659.826 78.3076 -11.3176 0.5
11 658.543 73.4398 -8.3076 0.5
11 626.037 19.9533 11.4631 0.5
11 666.255 85.679 -6.30959 0.5
11 612.357 17.3412 9.73925 0.5
11 619.081 12.8528 14.2357 0.5
11 645.678 78.5864 1.35082 0.5
11 626.437 41.4577 10.0475 0.5
11 658.771 83.686 14.7663 0.5
11 637.296 39.3118 11.3419 0.5
11 629.452 47.0034 -9.6774 0.5
11 645.699 60.1498 14.5779 0.5
11 634.755 58.9292 -4.82528 0.5
11 629.966 47.597 10.0175 0.5
11 625.627 27.6717 -14.9482 0.5
11 662.954 89.5648 -14.4557 0.5
11 660.279 75.0501 5.67084 0.5
11 639.108 41.6499 10.5966 0.5
11 665.541 101.882 -14.5023 0.5
11 642.128 53.1276 14.3491 0.5
11 636.425 62.4106 2.49954 0.5
11 643.189 45.4632 -5.70672 0.5
11 658.462 91.5443 -13.8521 0.5
11 641.615 41.6604 -1.2392 0.5
11 654.637 92.2288 -7.36942 0.5
11 623.957 11.5245 3.83649 0.5
11 616.399 13.0104 14.9998 0.5
11 646.094 74.9342 10.6457 0.5
11 616.352 16.4844 -14.5535 0.5
11 638.56 36.788 -3.72289 0.5
12 699.552 85.1851 -2.34916 0.5
12 704.259 103.997 -14.4575 0.5
12 767.687 95.2453 -14.2265 0.5
12 710.395 88.0492 -9.06518 0.5
12 768 89.6177 -10.8263 0.5
12 667.391 114.162 -4.94437 0.5
12 727.85 90.7756 11.8284 0.5
12 701.751 104.236 -14.3896 0.5
12 700.838 109.926 -11.2464 0.5
12 736.616 112.573 8.18018 0.5
12 671.471 86.4176 6.3653 0.5
12 704.624 111.319 -9.84311 0.5
12 711.314 85.0134 -0.633632 0.5
12 715.236 87.4323 8.1886 0.5
12 675.168 85.2942 -2.95608 0.5
12 709.786 85.3174 -3.06955 0.5
12 705.546 111.221 9.95487 0.5
12 753.834 85.0295 0.940613 0.5
12 761.562 114.991 -0.504988 0.5
12 669.551 114.524 -3.74848 0.5
12 717.633 90.6649 11.7412 0.5
12 740.566 101.302 -14.9434 0.5
12 677.082 114.776 2.58014 0.5
12 747.557 107.132 -13.1959 0.5
12 750.465 85.651 4.37102 0.5
12 724.225 111.62 9.48571 0.5
12 674.354 88.7008 9.8655 0.5
12 771.791 112.368 -8.48671 0.5
12 724.506 105.636 13.901 0.5
12 707.558 87.9088 -8.87716 0.5
12 722.751 108.713 -12.2099 0.5
12 696.886 98.9128 14.9605 0.5
12 741.039 86.9915 -7.46857 0.5
12 709.296 111.814 9.24223 0.5
12 689.121 104.688 -14.2485 0.5
12 755.007 102.4 -14.8067 0.5
12 766.855 113.848 -5.7658 0.5
12 765.535 108.943 12.0427 0.5
12 672.337 85.1968 2.42208 0.5
12 771.5 90.2797 -11.4243 0.5
12 716.873 113.842 5.77917 0.5
12 775.083 89.0957 10.3003 0.5
12 747.663 95.0282 -14.1521 0.5
12 691.545 111.271 9.89794 0.5
12 764.325 89.0076 -10.2062 0.5
12 714.757 92.0865 12.7427 0.5
12 688.972 88.8455 10.0288 0.5
12 746.885 95.9248 -14.4358 0.5
12 685.941 114.418 -4.13611 0.5
12 720.058 99.3294 -14.985 0.5
12 707.284 99.2522 -14.9813 0.5
12 681.813 93.4289 -13.4841 0.5
12 771.426 114.226 -4.75684 0.5
12 723.737 114.369 4.30383 0.5
12 723.872 94.6833 14.0261 0.5
12 712.737 85.2185 -2.55093 0.5
12 775.216 106.415 -13.5588 0.5
12 678.025 95.7638 14.3894 0.5
12 705.847 90.8721 11.903 0.5
12 696.914 106.577 -13.4813 0.5
12 762.065 101.661 -14.9077 0.5
12 697.923 92.3315 -12.8916 0.5
12 757.468 85.1043 -1.76582 0.5
12 745.089 85.6807 4.46752 0.5
12 712.002 97.1709 -14.7308 0.5
12 766.361 102.13 -14.848 0.5
12 736.277 108.813 -12.1377 0.5
12 766.126 91.8505 12.5931 0.5
12 675.979 86.4106 -6.35047 0.5
12 771.129 114.627 3.3254 0.5
12 759.583 109.002 -11.9987 0.5
12 765.643 112.352 8.51012 0.5
12 721.771 96.4001 -14.5616 0.5
12 771.558 104.968 14.1533 0.5
12 696.445 104.709 14.2418 0.5
12 766.563 90.2438 -11.3937 0.5
12 701.914 85.4569 -3.67417 0.5
12 698.791 98.9403 14.9625 0.5
12 687.642 93.3318 13.4363 0.5
12 671.303 107.163 13.1791 0.5
12 696.014 114.982 -0.728544 0.5
12 681.257 95.434 -14.2882 0.5
12 669.032 86.2523 6.00004 0.5
12 690.624 94.0852 13.7846 0.5
12 700.627 92.1023 12.7525 0.5
12 773.139 99.9936 15 0.5
12 748.358 114.965 1.02172 0.5
12 748.119 89.4013 10.6145 0.5
12 768.293 93.4227 13.481 0.5
12 738.588 96.6518 -14.6215 0.5
12 777.049 96.224 14.5169 0.5
12 729.665 112.254 8.65051 0.5
12 757 92.4424 -12.9569 0.5
12 768.246 85.3658 3.29224 0.5
12 685.45 94.8221 -14.078 0.5
12 674.828 110.82 -10.3892 0.5
12 769.971 85.0053 0.39863 0.5
12 772.634 85.4103 3.48421 0.5
12 750.665 105.646 13.897 0.5
12 738.271 94.8112 -14.074 0.5
12 760.082 114.944 -1.29062 0.5
12 776.227 91.9003 12.6251 0.5
12 742.858 113.598 6.33096 0.5
12 702.425 111.488 -9.64499 0.5
12 763.011 103.831 -14.5026 0.5
12 774.068 107.002 -13.2655 0.5
12 701.56 113.494 6.54999 0.5
12 776.092 97.6456 14.8141 0.5
12 700.964 89.6263 -10.8345 0.5
12 713.524 104.528 14.3002 0.5
12 688.982 85.0114 -0.585629 0.5
12 701.512 111.986 9.01862 0.5
12 670.543 93.3486 13.4447 0.5
12 666.919 86.5541 -6.64899 0.5
12 675.616 96.57 14.6026 0.5
12 677.955 105.954 13.7675 0.5
12 734.804 97.4591 -14.7832 0.5
12 762.941 108.932 12.0505 0.5
12 747.026 108.841 -12.1175 0.5
12 704.7 110.222 -10.9776 0.5
12 726.186 108.485 12.3692 0.5
12 689.44 104.733 14.2338 0.5
12 690.94 111.651 -9.44747 0.5
12 729.843 108.964 -12.0266 0.5
12 712.96 92.974 13.2528 0.5
12 695.588 109.837 -11.3241 0.5
12 735.266 85.0053 -0.397869 0.5
12 738.444 112.482 -8.31831 0.5
12 765.703 96.7394 -14.6413 0.5
12 724.33 96.0582 -14.4728 0.5
12 689.525 114.738 2.78925 0.5
12 666.999 114.696 3.00575 0.5
12 681.617 112.165 -8.77583 0.5
12 689.522 91.3282 -12.2393 0.5
12 704.326 88.0649 -9.08589 0.5
12 752.592 114.908 1.66129 0.5
12 755.505 103.879 -14.4898 0.5
12 728.361 109.521 11.5911 0.5
12 744.577 99.6347 14.9956 0.5
12 693.592 108.275 -12.511 0.5
13 805.297 63.6854 -9.80687 0.5
13 792.713 76.8655 14.7486 0.5
13 786.757 76.8145 -12.9128 0.5
13 789.192 93.0596 -7.77102 0.5
13 801.008 65.4011 13.9006 0.5
13 801.598 43.7451 0.298459 0.5
13 809.393 60.1313 -1.81616 0.5
13 794.859 57.7154 7.98296 0.5
13 809.821 58.0959 6.33641 0.5
13 812.858 24.8839 -4.35123 0.5
13 803.906 69.6764 1.42409 0.5
13 777.887 106.676 13.3365 0.5
13 814.652 44.8183 12.2286 0.5
13 791.275 88.6668 8.94075 0.5
13 783.823 96.4622 -13.3014 0.5
13 783.397 84.4567 -13.8292 0.5
13 790.245 68.433 -11.2042 0.5
13 781.799 80.4177 8.11217 0.5
13 789.407 85.8385 13.756 0.5
13 792.732 89.058 -1.09846 0.5
13 807.417 40.8473 12.8031 0.5
13 784.527 74.6359 6.1652 0.5
13 787.187 86.8207 14.6724 0.5
13 798.94 78.3319 -0.629739 0.5
13 811.316 30.3774 9.59065 0.5
13 831.354 7.58413 14.9952 0.5
13 802.253 53.6414 14.4661 0.5
13 809.165 53.7564 12.612 0.5
13 798.409 49.3176 1.25634 0.5
13 818.309 31.1064 -14.9428 0.5
13 827.426 3.00033 10.1902 0.5
13 828.525 -2.45616 -3.61158 0.5
13 782.993 100.732 -11.3859 0.5
13 800.845 56.5983 -14.5985 0.5
13 784.073 83.0139 13.7118 0.5
13 787.618 68.0156 -1.33603 0.5
13 820.873 16.0268 -11.7456 0.5
13 806.233 38.2971 8.41501 0.5
13 785.624 75.0111 9.75013 0.5
13 818.853 29.5235 14.9851 0.5
13 787.665 70.4072 -8.34025 0.5
13 817.081 42.0447 11.0722 0.5
13 819.236 28.0233 -14.999 0.5
13 820.001 30.2537 -14.6129 0.5
13 819.104 15.3712 7.39776 0.5
13 817.75 20.891 -11.2907 0.5
13 802.194 65.8242 -12.6155 0.5
13 810.268 57.7233 -5.3914 0.5
13 785.976 76.9936 -12.1422 0.5
13 813.848 47.4959 11.2062 0.5
13 777.937 110.946 -9.95478 0.5
13 832.968 14.8522 -10.7655 0.5
13 789.492 70.0326 -11.4601 0.5
13 782.548 85.7941 -13.7722 0.5
13 802.691 70.0007 -7.21264 0.5
13 778.843 101.568 14.6064 0.5
13 821.652 37.7789 5.94762 0.5
13 805.701 37.8059 5.80759 0.5
13 792.817 62.7425 -9.96849 0.5
13 801.917 51.6734 13.5109 0.5
13 823.074 29.4535 12.7451 0.5
13 796.856 72.2749 -14.025 0.5
13 807.259 59.6784 -10.4707 0.5
13 798.764 58.9673 -14.2498 0.5
13 781.267 100.379 13.5552 0.5
13 805.594 52.4471 -14.9869 0.5
13 814.952 23.3078 8.57773 0.5
13 829.969 4.03214 -13.9274 0.5
13 797.849 50.3366 -1.73284 0.5
13 816.482 31.8932 14.9618 0.5
13 824.849 16.8992 14.9175 0.5
13 793.867 66.3002 13.8197 0.5
13 827.852 13.6341 14.9955 0.5
13 792.068 60.6802 3.57548 0.5
13 806.753 48.0714 -14.8985 0.5
13 799.811 74.9288 -7.3212 0.5
13 829.24 13.2995 -14.8012 0.5
13 825.343 7.60815 -11.1747 0.5
13 806.201 59.2371 -12.382 0.5
13 823.889 29.5085 -11.7084 0.5
13 830.212 0.303918 -12.0905 0.5
13 818.535 44.3753 0.960713 0.5
13 787.126 74.104 11.4374 0.5
13 828.772 26.3514 -3.0981 0.5
13 828.673 11.7581 -14.9997 0.5
13 784.86 102.587 2.09181 0.5
13 823.576 33.2189 -8.22636 0.5
13 797.315 54.4755 9.40473 0.5
13 803.236 42.4359 -6.60014 0.5
13 813.755 30.8563 -13.355 0.5
13 826.596 0.622139 -2.30284 0.5
13 829.212 25.7325 -2.32119 0.5
13 818.205 42.935 7.55763 0.5
13 803.763 55.3494 14.9957 0.5
13 828.429 3.48112 12.1554 0.5
13 785.73 100.921 3.00734 0.5
13 803.276 70.6145 -2.56731 0.5
13 827.62 1.19405 -8.32648 0.5
13 824.623 15.2718 -14.5641 0.5
13 821.787 10.0083 -5.95973 0.5
13 795.188 84.0617 -4.7808 0.5
13 813.423 29.7645 -12.362 0.5
13 817.784 29.4292 -14.9454 0.5
13 788.553 79.2052 14.8478 0.5
13 828.879 25.6733 4.88389 0.5
13 794.246 56.478 0.225676 0.5
13 786.386 73.9352 10.0282 0.5
13 815.427 21.9404 7.74004 0.5
13 802.135 52.9824 -14.2014 0.5
13 832.804 2.86775 -14.8887 0.5
13 819.775 26.2363 14.9651 0.5
13 827.804 25.503 8.79552 0.5
13 798.028 76.4288 9.62671 0.5
13 825.023 16.9053 -14.9466 0.5
13 780.547 99.8896 -14.249 0.5
13 819.782 35.8742 12.2704 0.5
13 787.635 93.9106 10.2154 0.5
13 802.913 46.8965 11.5524 0.5
13 817.96 22.8133 -12.9384 0.5
13 812.356 52.089 -9.02724 0.5
13 809.958 51.8318 -12.9495 0.5
13 831.597 -7.10875 -5.6608 0.5
13 795.904 54.5692 5.29147 0.5
13 826.108 9.5817 13.4162 0.5
13 821.925 13.1086 10.7843 0.5
13 806.183 51.1985 -14.9947 0.5
13 807.318 47.0988 14.8991 0.5
13 799.148 70.3888 -13.046 0.5
13 827.37 26.9987 7.66336 0.5
13 826.659 29.6461 -4.49423 0.5
13 800.238 61.8403 14.9816 0.5
13 829.458 5.72077 14.2225 0.5
13 791.506 83.0406 13.3609 0.5
13 784.093 100.514 9.68719 0.5
13 811.983 55.7174 1.06781 0.5
14 852.278 28.1445 -12.3975 0.5
14 880.544 100.163 3.36893 0.5
14 858.949 35.5905 -8.21194 0.5
14 834.347 7.03702 -14.9242 0.5
14 866.517 47.0714 -4.8911 0.5
14 862.911 52.6007 14.8062 0.5
14 853.238 49.4054 -10.0296 0.5
14 834.57 -0.604387 13.5079 0.5
14 851.083 47.6289 7.28916 0.5
14 878.849 80.9516 -14.9079 0.5
14 849.114 20.7604 -10.8589 0.5
14 867.161 77.2681 -1.71127 0.5
14 877.366 65.2767 2.64076 0.5
14 883.311 76.4049 5.55501 0.5
14 886.734 88.8891 13.0597 0.5
14 871.345 75.8494 13.6422 0.5
14 835.95 21.8162 -6.51813 0.5
14 838.274 6.3178 13.7416 0.5
14 882.504 103.672 2.83419 0.5
14 864.814 69.0953 -10.416 0.5
14 838.375 26.5817 -5.18652 0.5
14 873.44 80.1327 -13.3235 0.5
14 871.059 68.3172 -14.9786 0.5
14 853.913 34.8778 -14.2955 0.5
14 876.747 69.5095 -11.6402 0.5
14 844.9 10.0472 -5.96932 0.5
14 839.419 27.1062 -7.83714 0.5
14 887.085 82.943 5.55873 0.5
14 851.866 20.8795 0.386192 0.5
14 833.343 11.3166 -12.9763 0.5
14 837.465 7.42436 14.5844 0.5
14 845.14 39.189 1.04047 0.5
14 841.177 10.9029 13.5387 0.5
14 871.874 55.5433 0.662795 0.5
14 881.174 73.37 6.9997 0.5
14 868.557 58.5418 13.6392 0.5
14 864.483 59.0789 -14.939 0.5
14 887.717 110.204 -8.67917 0.5
14 871.332 82.2756 8.00519 0.5
14 861.641 66.4325 6.26834 0.5
14 873.394 65.465 -12.8747 0.5
14 874.575 62.2847 7.61565 0.5
14 851.963 31.8239 14.3948 0.5
14 864.715 72.0609 5.56231 0.5
14 835.753 22.0246 -5.23008 0.5
14 856.3 49.2623 13.8719 0.5
14 867.434 76.5445 6.09411 0.5
14 863.291 69.8477 4.879 0.5
14 876.993 92.9661 6.39227 0.5
14 852.553 22.4542 3.39936 0.5
14 864.53 43.0592 2.73082 0.5
14 849.841 28.338 14.4486 0.5
14 843.515 13.6105 12.8127 0.5
14 848.694 40.4412 11.1261 0.5
14 858.514 32.6019 -2.52144 0.5
14 851.364 30.1799 -14.2028 0.5
14 866.165 74.4421 5.87491 0.5
14 879.947 82.8889 -14.9118 0.5
14 836.857 12.0786 -14.8377 0.5
14 840.031 7.21014 -12.5833 0.5
14 886.041 98.7477 14.5416 0.5
14 841.651 20.8654 -14.758 0.5
14 857.363 59.9901 -3.4668 0.5
14 856.179 32.6534 10.5212 0.5
14 874.404 74.2463 14.9852 0.5
14 840.48 24.4412 12.5024 0.5
14 839.814 25.9888 10.209 0.5
14 887.378 110.943 -6.41403 0.5
14 855.997 35.0747 -12.7167 0.5
14 852.614 28.0678 11.9228 0.5
14 881.752 85.5677 14.8564 0.5
14 852.03 43.882 12.8583 0.5
14 849.695 32.4903 14.9953 0.5
14 873.391 79.6606 13.5167 0.5
14 834.351 -3.50239 11.9704 0.5
14 880.422 75.7929 -11.5739 0.5
14 859.015 53.2922 -14.1293 0.5
14 859.317 59.087 -10.8978 0.5
14 885.849 85.8119 -12.058 0.5
14 874.403 84.2918 -11.7036 0.5
14 861.546 38.7092 5.56132 0.5
14 867.429 75.7093 -7.68905 0.5
14 885.214 86.1107 12.9765 0.5
14 872.257 79.8477 -12.2507 0.5
14 873.332 82.8838 11.3308 0.5
14 840.501 31.1804 0.533975 0.5
14 849.611 43.3735 9.74262 0.5
14 834.885 12.4053 -13.7729 0.5
14 842.312 33.8042 -3.92085 0.5
14 868.555 71.9083 -13.198 0.5
14 883.882 103.362 -8.95416 0.5
14 883.356 86.8834 -14.5779 0.5
14 876.111 91.6993 5.80293 0.5
14 867.855 48.5971 0.916211 0.5
14 870.09 74.7376 -13.1045 0.5
14 876.163 83.7358 13.8425 0.5
14 886.591 111.015 -0.410591 0.5
14 846.584 20.0712 13.4431 0.5
14 880.934 74.9647 9.91404 0.5
14 842.789 23.1395 14.6998 0.5
14 845 14.2629 -11.4258 0.5
14 858.298 55.0959 -12.6368 0.5
14 869.657 56.8867 11.3541 0.5
14 855.15 36.6306 14.1662 0.5
14 883.046 77.4646 8.41913 0.5
14 870.128 81.5492 5.26768 0.5
14 858.743 51.8168 14.4483 0.5
14 872.824 82.5006 -10.8795 0.5
14 884.844 78.8015 4.85545 0.5
14 883.81 100.538 -11.7404 0.5
14 860.505 63.9789 7.23156 0.5
14 862.462 67.8473 6.28589 0.5
14 886.345 92.0313 -14.5707 0.5
14 839.467 13.0305 -14.9374 0.5
14 874.927 64.3552 9.67608 0.5
14 871.799 80.2892 11.2779 0.5
14 854.344 29.1369 -10.1663 0.5
14 845.772 16.1993 -11.9095 0.5
14 863.621 70.8741 -3.26855 0.5
14 884.789 78.0221 -1.92092 0.5
14 838.09 -0.12655 -8.81074 0.5
14 873.132 73.4929 14.9794 0.5
14 888.749 103.943 -14.4041 0.5
14 840.072 18.817 14.6166 0.5
14 855.59 46.0553 -14.5284 0.5
14 847.69 27.1173 -14.9224 0.5
14 871.008 60.759 12.5135 0.5
14 845.937 21.5597 14.4442 0.5
14 847.17 20.0907 -12.9022 0.5
14 865.878 70.8401 10.5168 0.5
14 866.036 66.7891 13.5798 0.5
14 877.311 73.4618 -13.5257 0.5
14 881.605 100.15 7.87699 0.5
14 842.313 6.00736 -6.89706 0.5
14 871.992 82.9466 8.70858 0.5
14 873.401 70.5972 -14.7771 0.5
14 846.525 32.5604 13.7755 0.5
14 887.993 83.8442 -3.42143 0.5
14 850.21 18.0077 -0.156943 0.5
15 920.778 85.1 1.72926 0.5
15 930.022 87.3305 8.03015 0.5
15 954.613 85.821 4.89437 0.5
15 996.014 108.356 12.457 0.5
15 947.171 92.5031 12.9921 0.5
15 994.431 113.917 -5.59576 0.5
15 965.269 90.2114 -11.3659 0.5
15 957.596 114.621 -3.35061 0.5
15 977.825 96.1379 -14.4943 0.5
15 917.79 86.9382 7.37488 0.5
15 974.958 90.3456 -11.4801 0.5
15 928.72 113.127 7.25744 0.5
15 907.412 99.4534 14.99 0.5
15 955.84 87.8714 -8.8259 0.5
15 947.754 114.762 -2.66298 0.5
15 933.261 103.839 14.5005 0.5
15 921.934 113.91 5.6143 0.5
15 984.744 103.927 -14.4768 0.5
15 974.159 103.623 -14.5558 0.5
15 967.228 111.171 -10.0108 0.5
15 916.755 85.1009 1.73674 0.5
15 987.585 113.368 6.80329 0.5
15 890.221 91.4148 12.3002 0.5
15 937.104 111.139 10.0465 0.5
15 916.37 86.5084 -6.55575 0.5
15 947.902 90.754 11.8115 0.5
15 918.056 95.3648 14.2659 0.5
15 945.164 111.382 9.77019 0.5
15 977.676 87.0905 7.63831 0.5
15 934.974 86.6508 6.84088 0.5
15 934.312 89.2437 10.4547 0.5
15 931.182 86.7682 7.06541 0.5
15 919.045 110.619 10.5942 0.5
15 904.273 88.1995 9.26008 0.5
15 978.338 104.434 14.3296 0.5
15 965.716 85.6343 -4.31586 0.5
15 934.448 91.4515 -12.3257 0.5
15 905.655 111.203 -9.97434 0.5
15 985.068 112.937 7.59148 0.5
15 991.331 114.665 3.15445 0.5
15 916.19 114.978 -0.812644 0.5
15 942.074 89.0356 10.2363 0.5
15 979.361 114.618 -3.36336 0.5
15 921.935 91.6713 12.4753 0.5
15 926.898 85.0447 1.1566 0.5
15 950.571 92.7058 13.1071 0.5
15 949.703 105.62 -13.9075 0.5
15 914.012 86.1851 -5.84377 0.5
15 981.108 89.1581 -10.366 0.5
15 934.56 103.111 -14.6739 0.5
15 916.282 114.993 0.444741 0.5
15 958.407 106.435 -13.5498 0.5
15 906.624 111.398 9.75173 0.5
15 967.457 86.5645 -6.6699 0.5
15 979.237 110.468 10.7437 0.5
15 944.176 110.698 10.5145 0.5
15 929.904 98.2925 -14.9025 0.5
15 960.451 114.337 4.41013 0.5
15 889.064 86.9183 7.33962 0.5
15 942.063 87.7381 -8.63978 0.5
15 948.172 93.2436 13.3922 0.5
15 969.374 85.0433 -1.13854 0.5
15 982.569 87.729 -8.62692 0.5
15 966.35 91.1223 -12.0907 0.5
15 980.375 88.5977 -9.74617 0.5
15 896.813 86.3068 6.12346 0.5
15 924.541 86.4306 6.39302 0.5
15 928.773 114.06 5.22659 0.5
15 962.436 104.594 -14.2791 0.5
15 987.947 110.452 -10.7587 0.5
15 981.305 101.258 -14.9472 0.5
15 991.961 102.521 -14.7865 0.5
15 958.509 100.429 -14.9939 0.5
15 890.657 112.23 8.68478 0.5
15 998.257 85.2669 2.81708 0.5
15 951.229 90.199 -11.3552 0.5
15 941.684 96.4539 14.5748 0.5
15 915.952 88.2916 -9.37619 0.5
15 960.668 110.906 -10.2984 0.5
15 954.315 98.9937 -14.9662 0.5
15 893.859 100.722 -14.9826 0.5
15 919.019 98.9179 -14.9609 0.5
15 897.63 100.286 14.9973 0.5
15 919.122 113.323 -6.89271 0.5
15 993.138 98.0859 -14.8774 0.5
15 994.455 99.1651 14.9767 0.5
15 966.047 106.88 -13.3292 0.5
15 996.338 100.119 14.9995 0.5
15 924.924 93.4156 -13.4776 0.5
15 988.373 104.719 -14.2384 0.5
15 960.184 97.7894 -14.8362 0.5
15 938.925 103.061 14.6844 0.5
15 993.977 96.5911 14.6075 0.5
15 980.008 93.3207 13.4308 0.5
15 949.653 99.9493 -14.9999 0.5
15 928.707 87.4181 -8.16671 0.5
15 984.484 88.326 -9.41895 0.5
15 999.729 114.883 1.8669 0.5
15 993.064 105.262 -14.0467 0.5
15 912.961 104.436 14.3292 0.5
15 932.762 98.7412 14.9471 0.5
15 993.287 109.071 11.9461 0.5
15 922.658 96.7834 -14.6511 0.5
15 960.178 102.168 -14.8426 0.5
15 954.73 106.998 13.2674 0.5
15 973.975 93.8858 -13.6973 0.5
15 977.791 95.1326 14.1883 0.5
15 942.746 93.7067 13.616 0.5
15 949.163 91.5217 12.3741 0.5
15 926.603 85.0243 -0.852792 0.5
15 936.839 112.874 -7.69757 0.5
