0 48.1547 112.784 7.84738 0.5
0 95.1259 86.9198 -7.34222 0.5
0 105.742 89.9778 -11.1605 0.5
0 95.906 85.4614 -3.69164 0.5
0 6.45468 91.6954 -12.4913 0.5
0 66.7968 95.8309 14.409 0.5
0 53.6395 85.1088 1.80322 0.5
0 15.6297 86.6506 6.84058 0.5
0 1.47192 86.6445 -6.82859 0.5
0 58.5118 103.53 14.5788 0.5
0 3.85826 111.506 9.62307 0.5
0 0.847562 91.2231 -12.1641 0.5
0 87.2243 93.9506 13.7261 0.5
0 4.0645 114.985 0.666951 0.5
0 30.3322 114.958 -1.12413 0.5
0 40.991 105.027 -14.1324 0.5
0 10.2399 111.581 9.53356 0.5
0 60.3995 105.952 13.7685 0.5
0 51.2615 86.3768 6.27771 0.5
0 92.0334 85.4842 -3.78037 0.5
0 80.2127 85.7284 4.61749 0.5
0 81.6991 102.496 14.7909 0.5
0 65.9644 101.994 14.8669 0.5
0 31.8255 89.1349 -10.3417 0.5
0 2.95271 97.7616 14.832 0.5
0 40.2446 86.6307 6.80156 0.5
0 106.474 105.103 -14.1052 0.5
0 85.577 94.2597 -13.8582 0.5
0 35.5938 108.798 -12.1491 0.5
0 65.8553 109.589 -11.535 0.5
0 107.594 106.767 -13.3866 0.5
0 64.144 94.0874 -13.7855 0.5
0 96.7635 111.957 9.05749 0.5
0 109.431 114.93 -1.44506 0.5
0 81.4947 92.0724 12.734 0.5
0 55.6708 88.6379 -9.79297 0.5
0 46.3142 93.5245 13.5303 0.5
0 101.33 106.087 13.7095 0.5
0 45.7672 86.7875 -7.10146 0.5
0 93.9096 96.3232 -14.5424 0.5
0 71.8711 89.7213 10.9246 0.5
0 60.0074 92.877 13.2009 0.5
0 34.2768 85.3539 3.23914 0.5
0 75.1979 111.586 9.52672 0.5
0 18.0623 89.1694 10.3777 0.5
0 91.4487 103.018 -14.6933 0.5
0 110.455 90.1377 -11.302 0.5
0 61.0916 85.004 -0.345574 0.5
0 93.1941 114.987 0.636241 0.5
0 47.0327 86.3877 -6.30132 0.5
0 68.723 109.065 11.9508 0.5
0 96.8546 85.1053 1.77423 0.5
0 29.4 106.75 -13.3954 0.5
0 80.9437 86.3101 -6.13079 0.5
0 73.9724 109.104 11.9212 0.5
0 109.597 98.2211 -14.8941 0.5
0 47.6922 114.352 4.36075 0.5
0 24.6266 88.1053 -9.13874 0.5
0 92.6088 111.475 -9.66057 0.5
0 55.1825 108.128 -12.6071 0.5
0 1.32425 93.7865 13.6526 0.5
0 4.65927 101.649 -14.9091 0.5
0 7.74796 113.544 6.44637 0.5
0 38.87 85.0192 -0.75908 0.5
0 67.3809 110.437 10.7731 0.5
0 93.8968 91.736 12.5183 0.5
0 4.41527 85.0573 -1.30987 0.5
0 93.0479 113.94 5.53831 0.5
0 2.54427 114.394 4.21888 0.5
0 100.847 102.327 -14.8185 0.5
0 91.61 98.5813 -14.9328 0.5
0 55.0933 98.6072 -14.9352 0.5
0 29.6521 108.963 12.0277 0.5
0 7.96835 102.507 -14.789 0.5
0 42.0502 86.9707 -7.43222 0.5
0 40.8441 99.9308 -14.9998 0.5
0 54.4799 109.23 -11.8243 0.5
0 31.3966 85.0022 -0.257893 0.5
0 60.4816 114.482 -3.90655 0.5
0 86.7148 96.6372 14.6182 0.5
0 110.83 108.275 12.5111 0.5
0 83.374 110.423 10.7867 0.5
0 48.5383 97.3336 -14.7611 0.5
0 53.576 114.159 4.95324 0.5
0 41.8073 110.728 10.4843 0.5
0 93.2576 86.015 -5.42395 0.5
0 22.6103 109.842 11.3196 0.5
0 38.6536 103.887 14.4876 0.5
0 49.8745 114.842 -2.17413 0.5
0 16.4141 95.2182 14.2174 0.5
0 64.6609 90.8115 -11.8563 0.5
0 95.7427 99.3959 14.9878 0.5
0 97.1887 88.1203 9.15817 0.5
0 24.2641 114.837 2.2021 0.5
0 5.56909 112.323 -8.55252 0.5
0 41.32 96.3387 -14.5463 0.5
0 84.6212 114.41 4.16437 0.5
0 83.1005 104.516 14.304 0.5
0 35.556 101.648 -14.9092 0.5
0 1.14878 114.245 4.69854 0.5
0 65.3768 114.005 -5.37105 0.5
0 77.8772 100.133 14.9994 0.5
0 61.1649 114.621 3.34872 0.5
0 10.3439 101.734 -14.8994 0.5
0 97.0377 114.192 4.85717 0.5
0 97.495 98.0525 14.873 0.5
0 30.3996 85.0006 -0.136703 0.5
0 94.902 108.544 12.3291 0.5
0 96.7943 92.7498 13.1314 0.5
0 103.231 107.509 -12.9854 0.5
0 104.317 89.1086 10.314 0.5
0 32.8679 106.323 13.6021 0.5
0 46.6213 94.555 -13.9768 0.5
0 13.2368 97.7208 14.8258 0.5
0 31.3833 90.1595 11.321 0.5
0 17.1461 91.1007 12.0749 0.5
0 39.8442 107.567 12.9516 0.5
0 28.4978 90.4415 11.56 0.5
0 109.59 88.0827 -9.10921 0.5
0 59.4926 91.4642 -12.3345 0.5
0 84.0119 88.6473 9.80387 0.5
0 8.10855 108.898 -12.0755 0.5
0 31.5282 94.272 13.8633 0.5
0 3.83675 98.6688 14.9408 0.5
0 82.1856 89.7998 -10.998 0.5
0 72.2676 98.4718 -14.922 0.5
0 49.4943 87.0584 -7.58388 0.5
0 77.6471 86.8391 -7.19651 0.5
0 4.76764 102.852 -14.7264 0.5
0 82.5491 96.5804 -14.605 0.5
0 11.7668 88.2196 -9.28563 0.5
0 28.7015 85.0952 -1.687 0.5
0 19.2876 114.577 -3.53852 0.5
0 90.8073 92.7468 -13.1298 0.5
0 85.1514 93.6626 13.5955 0.5
0 15.4342 112.879 -7.69011 0.5
0 27.2047 91.5324 12.3814 0.5
0 108.29 86.6867 6.91059 0.5
0 17.2337 112.093 8.87444 0.5
0 73.4871 114.827 -2.27414 0.5
0 13.3627 93.6816 13.6043 0.5
0 9.23672 114.502 -3.83263 0.5
0 25.3836 114.867 1.99178 0.5
0 56.6465 89.3328 10.5457 0.5
0 18.8588 110.305 -10.8995 0.5
0 94.0428 112.672 8.02583 0.5
0 64.228 88.9622 -10.1572 0.5
0 24.9876 109.811 11.3464 0.5
0 56.2029 101.981 14.8685 0.5
0 60.4819 103.452 -14.5974 0.5
0 95.6907 110.392 10.8168 0.5
0 70.7081 85.3563 3.24997 0.5
0 67.0397 97.7946 14.837 0.5
1 126.39 85.2417 -9.37893 0.5
1 156.793 30.4761 -11.5255 0.5
1 111.482 96.8671 -14.7919 0.5
1 157.692 4.32062 -0.158091 0.5
1 128.213 81.2275 10.3588 0.5
1 111.567 87.2708 9.08008 0.5
1 119.843 70.6837 -4.85801 0.5
1 148.045 39.3748 -14.6221 0.5
1 137.661 43.6738 -10.8661 0.5
1 134.862 49.7566 11.9195 0.5
1 144.42 57.2998 0.468532 0.5
1 121.657 69.9271 -9.25076 0.5
1 164.08 19.2367 10.2188 0.5
1 142.411 49.8378 -14.4429 0.5
1 144.854 36.4846 14.1165 0.5
1 148.7 49.6616 -2.63171 0.5
1 162.755 4.88623 -13.8897 0.5
1 120.354 82.9726 -14.9654 0.5
1 153.962 40.0197 4.71618 0.5
1 127.435 61.2103 10.6961 0.5
1 159.463 20.1233 14.4916 0.5
1 164.287 -6.95215 2.12141 0.5
1 130.204 75.0362 12.6209 0.5
1 114.562 91.647 -14.8106 0.5
1 125.763 60.5653 -5.23665 0.5
1 128.524 84.0642 -4.76351 0.5
1 129.006 69.731 14.9825 0.5
1 155.454 30.2135 -13.2568 0.5
1 154.141 28.5938 14.6711 0.5
1 131.836 66.9764 -14.7223 0.5
1 125.716 68.4733 -13.6451 0.5
1 128.103 68.9004 14.9068 0.5
1 166.182 -7.37342 -9.01679 0.5
1 133.721 75.8195 -0.752487 0.5
1 157.795 16.0924 -14.687 0.5
1 161.54 -2.33818 -0.480564 0.5
1 129.325 53.57 -1.87293 0.5
1 162.483 10.0927 14.9712 0.5
1 130.233 69.1138 -14.8327 0.5
1 150.097 42.3919 11.2533 0.5
1 154.148 24.8745 14.9887 0.5
1 159.186 26.9344 10.9965 0.5
1 129.129 53.7923 0.00618293 0.5
1 152.313 43.1769 -3.68296 0.5
1 122.357 69.411 10.0769 0.5
1 149.664 45.504 -8.61551 0.5
1 159.269 1.73861 2.12187 0.5
1 154.829 30.893 13.4631 0.5
1 120.513 80.1301 14.5651 0.5
1 113.651 92.9008 14.7549 0.5
1 137.915 68.4362 -2.02628 0.5
1 114.813 90.7005 14.7196 0.5
1 129.87 65.5133 14.8667 0.5
1 111.83 106.141 -13.0561 0.5
1 166.447 18.8186 -3.1644 0.5
1 112.067 92.6149 13.8625 0.5
1 115.565 81.5206 -10.4461 0.5
1 141.404 42.2438 14.0374 0.5
1 112.381 82.9005 -1.73368 0.5
1 117.917 83.8104 -14.3398 0.5
1 150.992 44.8231 5.6414 0.5
1 129.498 78.3302 -11.0193 0.5
1 154.113 40.5182 -0.163095 0.5
1 128.326 55.2011 0.727373 0.5
1 113.52 81.1292 2.99033 0.5
1 136.757 41.3091 4.61757 0.5
1 111.721 110.084 10.045 0.5
1 139.021 66.2247 -3.58175 0.5
1 148.153 35.4165 14.994 0.5
1 143.6 56.7273 -7.48346 0.5
1 153.591 41.1461 2.86981 0.5
1 161.666 26.9671 -3.71966 0.5
1 130.032 56.0163 -9.96503 0.5
1 137.53 41.1632 7.34639 0.5
1 158.528 30.2766 -8.43351 0.5
1 138.971 66.7232 0.818519 0.5
1 136.633 61.2398 -13.977 0.5
1 160.87 2.12453 9.39808 0.5
1 160.467 19.0455 -14.2989 0.5
1 150.834 16.5629 -3.29224 0.5
1 116.969 101.751 -9.13526 0.5
1 121.495 91.9572 -11.2316 0.5
1 133.039 63.0136 -14.967 0.5
1 151.687 44.3442 3.34087 0.5
1 133.704 53.4196 13.0203 0.5
1 134.082 75.0882 -1.93571 0.5
1 123.017 89.9859 -10.6057 0.5
1 134.592 45.1978 5.0297 0.5
1 166.143 -10.0161 -2.99847 0.5
1 147.816 40.4087 -14.4613 0.5
1 156.541 24.5601 14.6442 0.5
1 115.015 105.76 -8.25883 0.5
1 131.737 50.5224 5.99062 0.5
1 118.558 72.4615 3.26396 0.5
1 151.927 35.5828 13.6228 0.5
1 146.426 53.1887 -4.34884 0.5
1 151.678 15.7469 5.41135 0.5
1 161.998 15.7007 -14.5003 0.5
1 128.143 85.4536 1.18431 0.5
1 150.357 31.4736 -14.9899 0.5
1 133.548 70.8881 11.3993 0.5
1 111.91 110.17 -9.56566 0.5
1 141.725 46.54 14.9937 0.5
1 136.165 48.0722 12.3364 0.5
1 163.338 24.0249 3.89978 0.5
1 128.639 81.875 8.67942 0.5
1 156.962 5.899 -3.05596 0.5
1 116.119 91.0384 -14.9973 0.5
1 112.954 95.6991 -14.959 0.5
1 150.241 39.6208 -13.0497 0.5
1 113.745 95.6457 14.9986 0.5
1 121.711 90.0582 12.4152 0.5
1 113.069 100.798 14.4031 0.5
1 155.623 8.3066 3.45291 0.5
1 130.592 53.742 8.26814 0.5
1 154.735 11.732 -7.96611 0.5
1 114.682 79.1066 -2.94625 0.5
1 149.47 37.1562 -14.5627 0.5
1 158.238 26.0138 -12.909 0.5
1 148.074 38.3302 14.8144 0.5
1 121.991 66.4362 -2.88925 0.5
1 115.388 95.9875 -14.6109 0.5
1 142.413 37.6946 12.6323 0.5
1 134.77 74.0221 0.0758704 0.5
1 154.252 36.7446 -9.67008 0.5
1 132.898 77.0331 -2.61717 0.5
1 113.775 100.167 -14.2175 0.5
1 117.255 76.0967 7.01012 0.5
1 152.54 13.2426 0.0827383 0.5
1 156.368 13.692 12.7378 0.5
1 148.347 43.8242 12.4818 0.5
1 131.607 49.6145 1.85483 0.5
1 127.803 58.137 7.56648 0.5
1 112.03 92.7636 -13.8971 0.5
1 123.965 78.4612 -14.9825 0.5
1 112.135 87.2515 10.225 0.5
1 158.95 24.6096 13.0082 0.5
1 127.124 70.2729 -14.8671 0.5
1 124.994 88.1345 8.75397 0.5
1 141.848 56.4899 11.4175 0.5
1 157.094 6.02444 -4.43223 0.5
1 140.512 64.0761 -0.0669707 0.5
1 150.318 24.1767 -12.7423 0.5
1 114.246 81.6294 7.58519 0.5
1 149.644 24.981 12.5089 0.5
1 154.269 40.2002 -1.19893 0.5
1 165.36 1.26515 14.2204 0.5
1 141.043 52.4804 14.3635 0.5
1 139.074 42.6127 12.034 0.5
1 122.12 86.6291 -13.8764 0.5
1 128.183 59.9257 10.7066 0.5
1 160.107 29.1956 -5.22814 0.5
1 134.89 73.1146 4.52809 0.5
1 144.485 28.2204 5.44998 0.5
1 165.699 3.09481 14.8137 0.5
1 159.778 13.1736 -14.7847 0.5
1 117.338 97.1321 -12.7398 0.5
1 149.096 29.2884 14.1703 0.5
1 146.565 53.4715 -1.9008 0.5
1 129.962 54.7865 8.19556 0.5
1 112.95 83.8664 -7.57207 0.5
1 129.063 75.012 -13.7014 0.5
2 199.43 54.2567 -13.6283 0.5
2 220.468 83.5829 -6.78419 0.5
2 192.691 58.3331 11.6217 0.5
2 196.608 65.1943 -11.5599 0.5
2 209.533 92.2197 -4.83748 0.5
2 195.852 61.2081 -13.3275 0.5
2 207.265 88.701 -3.40451 0.5
2 220.949 109.743 9.0688 0.5
2 195.346 40.6078 -7.75326 0.5
2 191.464 50.5184 -14.5126 0.5
2 193.603 62.5662 -8.81439 0.5
2 195.195 40.0363 7.2143 0.5
2 189.143 31.2214 9.65099 0.5
2 193.733 52.2132 14.9188 0.5
2 191.463 57.8923 -10.0119 0.5
2 189.307 27.9897 0.107175 0.5
2 194.654 47.4965 -14.2269 0.5
2 219.856 81.759 4.99752 0.5
2 191.319 41.3048 -14.0813 0.5
2 198.004 71.5543 6.53605 0.5
2 180.326 24.4352 14.6971 0.5
2 197.427 53.1139 14.4736 0.5
2 211.396 77.1224 14.4215 0.5
2 171.452 4.2515 12.8049 0.5
2 201.701 59.2552 14.0693 0.5
2 189.04 28.5898 5.54854 0.5
2 198.605 45.0787 5.34755 0.5
2 185.135 39.6541 -14.4865 0.5
2 172.177 -1.25222 -3.55852 0.5
2 215.545 100.253 -9.23621 0.5
2 197.942 42.9646 -0.774723 0.5
2 196.546 42.0851 -6.65733 0.5
2 179.827 38.6972 8.82696 0.5
2 198.126 47.6291 -10.5783 0.5
2 213.038 69.2373 2.08239 0.5
2 214.877 85.8099 -14.928 0.5
2 200.19 72.7819 -10.2595 0.5
2 173.202 10.5575 14.2973 0.5
2 195.654 68.2026 4.77333 0.5
2 200.396 77.0597 2.02134 0.5
2 221.453 85.2277 6.65921 0.5
2 179.336 22.0809 -14.5523 0.5
2 180.454 42.5748 -1.55121 0.5
2 187.259 50.2167 10.4357 0.5
2 172.174 23.3277 11.1673 0.5
2 190.464 30.5289 3.97146 0.5
2 185.146 48.8153 7.42652 0.5
2 215.759 103.784 -0.802651 0.5
2 205.926 64.7454 -13.2513 0.5
2 207.742 89.761 -2.17122 0.5
2 199.701 55.5432 13.9752 0.5
2 188.128 55.4547 -3.81428 0.5
2 176.225 18.5356 -14.8921 0.5
2 172.939 29.6381 -0.221128 0.5
2 194.286 44.9045 -13.4164 0.5
2 175.405 17.9318 14.9681 0.5
2 175.474 33.7174 -3.04281 0.5
2 195.62 38.9258 0.275619 0.5
2 219.978 110.612 -3.84647 0.5
2 201.766 50.9914 -6.37779 0.5
2 215.124 97.6192 -11.2568 0.5
2 218.548 104.972 9.82266 0.5
2 205.536 56.2605 2.19218 0.5
2 202.821 71.1642 14.222 0.5
2 176.602 8.20752 7.8605 0.5
2 184.837 30.5662 14.251 0.5
2 220.807 83.4044 -4.99546 0.5
2 219.954 107.253 9.99859 0.5
2 205.118 84.2618 -5.67 0.5
2 200.055 47.8069 5.88078 0.5
2 173.855 10.7958 -13.9831 0.5
2 219.69 109.875 -4.65162 0.5
2 220.463 82.0213 1.42996 0.5
2 216.149 95.5765 -13.7056 0.5
2 180.097 26.6462 14.9949 0.5
2 178.613 36.8292 8.49627 0.5
2 202.53 79.0363 -7.22533 0.5
2 196.913 53.0295 -14.6692 0.5
2 220.121 81.8551 3.82128 0.5
2 175.668 5.11478 -4.68341 0.5
2 186.053 32.2322 14.099 0.5
2 177.95 32.3353 11.9873 0.5
2 177.444 7.80703 3.29313 0.5
2 182.691 44.5113 7.51442 0.5
2 179.865 37.2757 -10.573 0.5
2 216.268 87.3743 -14.8205 0.5
2 207.67 64.7136 11.1072 0.5
2 191.866 41.9578 13.9692 0.5
2 201.142 53.5629 11.2474 0.5
2 186.15 47.9465 -10.7847 0.5
2 203.206 67.4205 -14.9957 0.5
2 191.782 34.4961 -7.85443 0.5
2 221.52 112.398 -6.29964 0.5
2 197.093 67.0186 10.6693 0.5
2 189.375 57.2887 4.88678 0.5
2 175.246 21.3097 -14.7596 0.5
2 202.052 76.698 9.46849 0.5
2 216.771 98.3332 -12.8279 0.5
2 177.185 20.947 14.9634 0.5
2 181.381 15.9572 6.92927 0.5
2 178.702 13.413 -9.96938 0.5
2 170.693 18.6089 -12.7752 0.5
2 178.247 17.3454 13.5248 0.5
2 203.867 83.155 1.25029 0.5
2 184.648 49.8259 -1.66636 0.5
2 182.122 19.9549 10.6236 0.5
2 178.616 9.63459 2.20406 0.5
2 168.136 19.8973 -6.37506 0.5
2 210.703 92.6753 -8.09763 0.5
2 210.356 64.6714 2.58456 0.5
2 178.718 20.5403 14.4264 0.5
2 204.264 61.7395 13.1827 0.5
2 219.771 80.9557 -2.44831 0.5
2 210.247 80.1654 14.9726 0.5
2 186.693 46.7042 12.5327 0.5
2 200.053 59.6352 -14.8706 0.5
2 188.265 28.4641 -7.95056 0.5
2 172.045 6.02487 -13.2318 0.5
2 174.324 9.63789 -13.0472 0.5
2 219.069 89.971 14.2876 0.5
2 194.075 51.4236 -14.999 0.5
2 217.613 77.0181 0.255722 0.5
2 173.086 26.8392 -9.07108 0.5
2 177.685 8.0748 -2.5347 0.5
2 178.371 35.9931 -9.07291 0.5
2 178.732 11.4228 7.03026 0.5
2 218.66 92.9457 -14.9739 0.5
2 177.761 8.75346 -4.72015 0.5
2 169.74 22.3404 7.04553 0.5
2 176.282 23.979 -14.5739 0.5
2 205.12 55.6029 -2.5885 0.5
2 183.266 37.4983 14.1519 0.5
2 167.136 -8.07654 -8.03797 0.5
2 192.548 51.8744 14.6389 0.5
2 221.312 84.6747 -5.99577 0.5
2 180.724 40.3995 8.61999 0.5
2 204.619 62.2921 -13.1487 0.5
2 222.017 113.959 -4.48382 0.5
2 206.368 86.7213 -4.88829 0.5
2 181.259 36.3664 13.0945 0.5
2 181.578 27.5115 14.8537 0.5
2 190.557 50.2998 -14.0898 0.5
2 174.303 24.5087 12.9865 0.5
2 180.777 18.0246 11.0073 0.5
2 170.968 0.490234 -10.4766 0.5
2 202.292 51.7862 6.12319 0.5
3 244.039 89.9151 -11.1038 0.5
3 331.8 97.517 -14.7931 0.5
3 224.404 89.8172 -11.0141 0.5
3 241.477 106.682 13.4296 0.5
3 288.403 87.2001 7.8207 0.5
3 299.37 86.836 7.19085 0.5
3 238.085 111.214 -9.96236 0.5
3 250.6 88.4729 -9.59822 0.5
3 304.85 95.3387 14.2574 0.5
3 244.575 93.0966 -13.317 0.5
3 311.478 107.561 -12.9552 0.5
3 315.537 101.723 14.9008 0.5
3 246.336 89.6476 -10.8549 0.5
3 248.683 108.517 12.3476 0.5
3 264.264 103.961 14.4675 0.5
3 266.869 92.6946 13.1008 0.5
3 321.257 87.0444 7.55984 0.5
3 311.009 113.619 6.2863 0.5
3 304.777 97.6487 14.8146 0.5
3 257.236 87.2314 7.87171 0.5
3 231.828 91.5922 -12.4221 0.5
3 328.56 86.4153 -6.36052 0.5
3 315.559 100.434 14.9937 0.5
3 274.314 85.2065 -2.48036 0.5
3 331.17 112.748 7.90508 0.5
3 255.864 88.5216 9.6564 0.5
3 315.639 109.21 -11.8397 0.5
3 332.664 114.659 -3.17793 0.5
3 270.103 114.908 1.66292 0.5
3 267.21 92.7783 -13.1471 0.5
3 332.539 114.897 -1.75556 0.5
3 288.883 102.027 -14.8624 0.5
3 256.049 98.0494 -14.8726 0.5
3 279.302 114.884 1.86083 0.5
3 271.021 101.614 14.9129 0.5
3 224.014 112.345 -8.52092 0.5
3 231.441 105.809 13.8296 0.5
3 239.809 85.8796 5.061 0.5
3 318.791 85.165 -2.21864 0.5
3 306.864 94.4228 13.9246 0.5
3 326.583 106.263 13.6298 0.5
3 265.023 102.068 -14.8568 0.5
3 298.813 106.016 13.7409 0.5
3 230.227 110.266 10.937 0.5
3 292.079 85.0581 1.31885 0.5
3 228.551 98.9229 -14.9613 0.5
3 242.497 112.929 -7.60479 0.5
3 252.151 95.4177 14.2829 0.5
3 314.706 94.7326 -14.0447 0.5
3 304.847 85.5977 4.1922 0.5
3 326.724 107.233 13.1409 0.5
3 230.442 85.5726 4.10494 0.5
3 281.373 91.0125 -12.0094 0.5
3 311.479 87.431 -8.1866 0.5
3 264.844 109.306 11.764 0.5
3 300.877 113.316 6.90608 0.5
3 243.686 100.852 14.9758 0.5
3 317.597 111.327 9.8336 0.5
3 332.535 111.715 -9.3684 0.5
3 288.786 89.6426 10.8501 0.5
3 329.844 101.617 14.9126 0.5
3 225.623 109.765 -11.386 0.5
3 316.489 112.376 -8.47554 0.5
3 251.747 109.758 -11.3919 0.5
3 321.226 103.655 14.5478 0.5
3 229.825 105.147 14.0894 0.5
3 326.341 89.9381 -11.1247 0.5
3 323.154 114.326 4.44442 0.5
3 286.197 86.8125 -7.14763 0.5
3 225.97 106.995 -13.269 0.5
3 280.393 85.31 -3.03371 0.5
3 301.908 112.602 8.13623 0.5
3 260.402 112.133 8.81944 0.5
3 314.621 85.0868 1.6114 0.5
3 239.652 105.165 -14.0828 0.5
3 248.674 111.128 10.0583 0.5
3 246.905 112.529 8.24836 0.5
3 234.68 85.7165 4.58052 0.5
3 317.673 105.918 -13.7834 0.5
3 238.186 99.7079 14.9972 0.5
3 238.315 87.9779 8.97048 0.5
3 264.482 86.9568 7.40774 0.5
3 304.229 113.689 -6.13281 0.5
3 302.617 113.759 5.97444 0.5
3 228.641 112.883 -7.6826 0.5
3 318.338 99.0913 -14.9724 0.5
3 299.338 94.8674 -14.0945 0.5
3 322.832 112.032 -8.95655 0.5
3 312.033 93.5623 -13.5483 0.5
3 319.477 90.0444 -11.2199 0.5
3 259.385 114.743 2.76509 0.5
3 269.417 85.5893 4.16321 0.5
3 318.176 107.544 -12.9646 0.5
3 225.873 111.347 9.81002 0.5
3 323.329 92.3175 12.8833 0.5
3 297.429 95.5573 14.327 0.5
3 280.736 104.49 -14.3121 0.5
3 332.501 112.933 7.5983 0.5
3 294.942 87.5127 -8.31071 0.5
3 266.08 97.7587 14.8316 0.5
3 274.775 87.7874 8.70939 0.5
3 230.219 96.307 -14.5383 0.5
3 242.005 86.4894 6.51649 0.5
3 271.985 85.9719 -5.31155 0.5
3 272.748 89.8497 11.0441 0.5
3 314.431 91.8169 -12.5713 0.5
3 246.611 114.345 -4.38389 0.5
3 238.896 85.6183 4.26233 0.5
3 250.206 96.7515 -14.644 0.5
3 270.657 97.0386 -14.7048 0.5
3 270.562 107.576 -12.946 0.5
3 323.573 99.3713 14.9868 0.5
3 298.528 91.4193 12.3033 0.5
3 256.121 94.1423 13.8089 0.5
3 282.34 109.507 11.6027 0.5
3 282.322 100.218 -14.9984 0.5
3 273.651 86.539 6.61822 0.5
3 272.216 98.7316 14.9463 0.5
3 309.34 114.379 -4.27204 0.5
3 262.232 95.0662 14.1654 0.5
3 284.806 88.2775 9.35854 0.5
3 229.317 103.146 14.6664 0.5
3 275.491 113.63 6.26248 0.5
3 306.867 103.578 14.567 0.5
3 256.295 103.378 14.6148 0.5
3 277.161 109.66 -11.4757 0.5
3 329.184 97.932 14.8568 0.5
3 226.512 112.789 7.83827 0.5
3 238.467 85.0062 0.429767 0.5
3 270.637 85.0022 0.258018 0.5
3 256.699 113.006 -7.47335 0.5
3 268.074 114.191 4.85855 0.5
3 327.243 101.93 -14.8753 0.5
3 310.358 95.2118 14.2152 0.5
3 292.478 105.76 13.85 0.5
3 283.445 114.731 -2.82615 0.5
3 230.652 89.0964 -10.301 0.5
3 283 114.907 1.67081 0.5
3 225.657 86.3269 -6.16815 0.5
3 276.476 112.961 7.55005 0.5
3 257.978 85.2236 2.5804 0.5
3 292.879 95.7825 14.3949 0.5
3 234.171 97.1046 -14.7179 0.5
3 295.809 107.176 13.1721 0.5
3 265.055 114.742 -2.76885 0.5
3 285.499 113.747 -6.00242 0.5
3 284.061 94.2784 -13.8659 0.5
3 241.822 114.808 -2.39293 0.5
3 240.669 113.397 -6.74778 0.5
3 278.581 89.0997 10.3046 0.5
3 296.573 108.506 -12.3554 0.5
3 265.432 88.6915 9.85479 0.5
3 318.107 101.66 14.9078 0.5
3 303.7 111.618 -9.48758 0.5
3 240.155 87.837 8.77844 0.5
3 262.279 103.63 14.5543 0.5
3 315.704 111.279 -9.88912 0.5
3 305.833 92.772 -13.1437 0.5
3 292.658 85.1329 -1.99217 0.5
3 269.181 101.334 14.9406 0.5
4 371.677 43.77 11.014 0.5
4 352.481 80.2469 6.71675 0.5
4 381.473 29.1185 -8.29353 0.5
4 346.468 92.2503 -0.0201077 0.5
4 352.271 72.4001 14.0694 0.5
4 364.283 61.3217 -1.46757 0.5
4 345.398 66.8087 8.59216 0.5
4 337.803 77.2649 0.454043 0.5
4 343.494 67.45 -1.2029 0.5
4 360.298 40.9416 8.50726 0.5
4 381.056 22.4046 14.1196 0.5
4 387.609 12.9842 13.2703 0.5
4 347.718 84.9662 11.2857 0.5
4 384.173 4.42455 -12.9797 0.5
4 365.613 51.5366 13.0214 0.5
4 384.905 5.81099 -14.1896 0.5
4 356.363 66.9612 -13.345 0.5
4 338.109 85.1322 13.4718 0.5
4 335.263 109.534 7.69522 0.5
4 362.853 55.8906 -13.2559 0.5
4 335.058 88.2973 12.2079 0.5
4 376.088 24.2874 14.9079 0.5
4 375.155 39.9301 8.48787 0.5
4 377.468 31.6353 12.6385 0.5
4 380.318 8.89076 11.4162 0.5
4 350.177 84.3678 6.44962 0.5
4 378.561 35.7274 5.21584 0.5
4 368.031 33.3513 -13.4941 0.5
4 345.375 85.4923 -13.5902 0.5
4 382.709 10.0127 14.3195 0.5
4 370.659 21.5813 -5.94976 0.5
4 352.84 72.9136 13.4208 0.5
4 335.596 99.3557 14.6383 0.5
4 374.369 23.5224 13.9937 0.5
4 363.605 42.6605 14.1743 0.5
4 335.307 104.963 -12.4392 0.5
4 359.784 67.8882 -6.10407 0.5
4 380.384 33.3584 -2.10318 0.5
4 384.299 2.12119 11.5228 0.5
4 367.055 40.6747 -14.9719 0.5
4 333.553 98.6583 -14.9692 0.5
4 359.236 45.8351 11.7686 0.5
4 370.821 24.0371 -10.164 0.5
4 336.294 108.779 5.6209 0.5
4 343.288 67.7577 -0.0657471 0.5
4 352.39 59.3909 12.9308 0.5
4 355.677 75.129 -5.80973 0.5
4 372.423 28.917 14.6149 0.5
4 370.413 21.2434 -3.71331 0.5
4 348.85 87.7739 3.2206 0.5
4 361.475 38.2686 -7.50341 0.5
4 355.638 76.2865 -1.54836 0.5
4 376.303 39.965 -4.23158 0.5
4 343.571 77.1441 14.0978 0.5
4 383.96 -2.55498 1.99445 0.5
4 348.909 72.1142 14.9724 0.5
4 353.086 61.5802 14.3978 0.5
4 383.009 -0.997257 -1.14827 0.5
4 378.828 30.2753 11.9435 0.5
4 356.557 48.7841 10.2075 0.5
4 353.298 52.598 7.78318 0.5
4 364.713 31.5181 5.03428 0.5
4 354.868 50.0413 8.04557 0.5
4 333.625 95.1779 14.3657 0.5
4 348.851 80.9571 -12.7916 0.5
4 336.113 84.4769 10.504 0.5
4 385.964 21.0231 8.75259 0.5
4 368.703 24.8431 -5.64971 0.5
4 382.716 28.8637 -4.20778 0.5
4 383.666 -1.04162 5.73068 0.5
4 337.267 79.1986 -5.41416 0.5
4 341.79 99.4444 5.13889 0.5
4 371.95 43.5681 -10.7566 0.5
4 348.457 67.5034 -13.6123 0.5
4 342.791 93.3748 11.3945 0.5
4 335.494 93.7192 14.7837 0.5
4 358.607 64.9132 -12.2278 0.5
4 359.776 68.45 -4.68215 0.5
4 377.412 25.8983 14.8311 0.5
4 338.88 83.3437 -13.2408 0.5
4 355.697 62.1101 -14.9761 0.5
4 335.036 100.979 -14.4764 0.5
4 384.781 13.0327 14.8463 0.5
4 367.899 54.8735 -2.76066 0.5
4 340.724 91.0812 -14.4889 0.5
4 359.255 45.0502 -11.1343 0.5
4 350.145 58.8385 8.94232 0.5
4 377.827 37.3913 4.00165 0.5
4 383.964 26.3513 -5.26227 0.5
4 367.073 26.5671 -0.445976 0.5
4 384.39 6.90863 14.2582 0.5
4 344.574 65.8211 2.94062 0.5
4 370.156 42.8499 -13.4559 0.5
4 364.888 32.4506 -7.66337 0.5
4 375.336 16.8701 -10.8289 0.5
4 343.955 68.2755 6.8837 0.5
4 357.076 52.1728 -13.419 0.5
4 352.677 56.7989 11.4448 0.5
4 363.546 32.9672 -2.97436 0.5
4 341.849 70.8649 4.2485 0.5
4 378.783 12.9214 12.4562 0.5
4 346.609 75.4842 -14.9227 0.5
4 349.523 78.1373 -13.6686 0.5
4 387.392 15.8374 -11.6327 0.5
4 359.405 40.6144 4.75002 0.5
4 350.928 60.9873 -12.3332 0.5
4 372.327 38.2366 13.8433 0.5
4 337.749 82.6814 -11.4663 0.5
4 342.625 93.2924 -11.7012 0.5
4 364.868 41.4545 -14.4773 0.5
4 381.714 30.8157 -3.38158 0.5
4 361.518 36.3332 -2.12173 0.5
4 344.623 67.9679 8.32433 0.5
4 387.038 0.079602 13.3181 0.5
4 379.45 5.1664 -1.13797 0.5
4 337.491 78.1203 3.09227 0.5
4 364.745 58.335 7.91648 0.5
4 373.503 44.1329 -6.08683 0.5
4 385.044 15.4655 -14.1313 0.5
4 368.846 53.2472 -2.68687 0.5
4 334.514 106.823 -12.0971 0.5
4 361.882 61.9504 9.75075 0.5
4 366.566 29.5466 -7.66705 0.5
4 361.631 65.9853 -0.169262 0.5
4 341.062 100.661 -5.26018 0.5
4 357.481 58.5059 14.9964 0.5
4 354.539 54.7836 -12.3679 0.5
4 346.058 82.1912 14.391 0.5
4 347.171 72.7823 14.6435 0.5
4 345.095 79.8268 -14.9987 0.5
4 384.299 -2.3254 -5.25295 0.5
4 342.133 69.9192 -2.19437 0.5
4 359.952 60.4126 -13.5104 0.5
4 341.76 99.4808 -5.18163 0.5
4 348.212 60.2919 5.54596 0.5
4 334.93 103.317 -13.7117 0.5
4 371.045 22.0523 -8.09479 0.5
4 341.667 81.2563 14.3679 0.5
4 341.463 87.9077 14.8675 0.5
4 337.728 104.835 8.37249 0.5
4 342.073 86.4713 -14.9134 0.5
4 384.261 18.7067 -13.3102 0.5
4 363.476 52.8583 -14.1182 0.5
4 356.256 64.4296 -14.4193 0.5
4 372.241 44.6591 -8.93456 0.5
4 369.111 46.3614 12.4745 0.5
4 358.494 66.4172 -11.1831 0.5
4 352.435 54.7064 -8.71448 0.5
4 364.209 60.1368 -6.29552 0.5
4 386.34 6.06567 -14.8489 0.5
4 354.057 62.3199 14.8933 0.5
4 352.004 79.396 -9.34262 0.5
4 333.65 105.693 13.6399 0.5
4 336.721 98.7639 -14.267 0.5
4 375.81 20.483 13.7712 0.5
4 375.307 36.0709 12.1683 0.5
4 377.828 9.04961 5.67845 0.5
4 371.15 19.6309 -1.98337 0.5
4 361.602 58.2386 13.158 0.5
5 370.239 -24.6031 14.4777 0.5
5 350.088 -73.2417 11.3459 0.5
5 372.539 -38.2742 6.03986 0.5
5 380.636 -16.5471 13.7358 0.5
5 346.14 -82.3123 -8.94151 0.5
5 375.028 -16.0274 14.3986 0.5
5 350.533 -77.5243 -2.00501 0.5
5 349.245 -52.108 -7.8498 0.5
5 376.753 -19.528 -14.8252 0.5
5 348.418 -77.0861 -10.4474 0.5
5 386.784 1.46543 14.9403 0.5
5 372.697 -22.0114 14.8288 0.5
5 371.761 -30.3318 14.3279 0.5
5 376.417 -21.6949 14.4929 0.5
5 357.601 -38.7534 -9.43169 0.5
5 381.462 3.47129 8.20089 0.5
5 357.418 -48.7029 -14.8617 0.5
5 379.763 2.05218 -5.16381 0.5
5 383.012 3.38916 -11.3618 0.5
5 337.149 -100.151 -4.49607 0.5
5 382.754 -11.0147 14.4106 0.5
5 381.258 5.55301 0.401285 0.5
5 362.508 -29.7679 8.79674 0.5
5 341.327 -78.8645 -14.9977 0.5
5 365.762 -49.2797 7.48592 0.5
5 361.513 -57.4143 -5.94299 0.5
5 353.687 -42.2342 -1.06867 0.5
5 354.284 -71.1226 -1.09544 0.5
5 344.507 -58.1057 -0.498787 0.5
5 337.368 -81.5496 -14.4807 0.5
5 366.953 -49.2192 0.00894539 0.5
5 348.207 -79.4856 7.82478 0.5
5 344.905 -76.7112 -14.3695 0.5
5 381.249 -22.6183 -7.19855 0.5
5 385.084 -17.7614 1.2656 0.5
5 356.472 -43.3063 11.9498 0.5
5 361.66 -29.4097 5.44476 0.5
5 342.293 -77.7799 14.976 0.5
5 354.064 -47.9657 -12.3058 0.5
5 370.697 -28.8968 -14.9549 0.5
5 346.775 -54.5854 -3.509 0.5
5 374.547 -14.505 13.4891 0.5
5 358.74 -34.7437 -6.10778 0.5
5 373.864 -35.227 7.52169 0.5
5 385.068 2.6249 13.9677 0.5
5 333.808 -106.206 -3.53521 0.5
5 371.804 -40.5121 -3.00534 0.5
5 357.769 -35.1854 1.33114 0.5
5 366.555 -20.0626 -2.14674 0.5
5 341.151 -92.8377 5.56978 0.5
5 353.928 -42.7867 5.40475 0.5
5 342.78 -68.7683 -13.0926 0.5
5 374.109 -20.1782 -14.9094 0.5
5 333.768 -99.8729 12.5756 0.5
5 348.226 -52.3377 -4.47552 0.5
5 349.203 -79.9437 -0.756821 0.5
5 379.431 -21.6513 -11.9668 0.5
5 372.987 -12.3775 9.76097 0.5
5 361.545 -36.4542 13.1959 0.5
5 375.716 -27.659 -12.2774 0.5
5 346.995 -73.5356 -14.2284 0.5
5 348.685 -60.0971 -13.849 0.5
5 385.282 4.17441 13.447 0.5
5 366.454 -36.5159 -14.9315 0.5
5 359.137 -48.1103 14.9959 0.5
5 340.758 -87.6919 -12.6233 0.5
5 361.431 -56.485 -7.97824 0.5
5 387.167 -7.21907 -12.6813 0.5
5 335.167 -83.1297 13.6837 0.5
5 388.697 -9.66835 7.28772 0.5
5 373.619 -11.8923 10.4285 0.5
5 348.304 -74.2426 12.8596 0.5
5 385.87 -13.079 -9.48017 0.5
5 357.388 -39.6812 10.083 0.5
5 349.564 -61.3078 14.6909 0.5
5 338.236 -69.5283 4.09358 0.5
5 339.094 -77.3176 14.0863 0.5
5 336.783 -101.323 2.13236 0.5
5 335.038 -76.0055 -6.55594 0.5
5 366.749 -38.0343 14.595 0.5
5 378.806 -8.10454 -13.9216 0.5
5 340.183 -65.632 -1.17025 0.5
5 352.114 -74.3877 -3.96627 0.5
5 344.559 -83.2014 -11.0024 0.5
5 350.37 -70.2172 13.117 0.5
5 337.369 -97.5996 -8.81169 0.5
5 355.653 -60.8312 13.2454 0.5
5 369.536 -35.1796 -13.9813 0.5
5 341.298 -84.3533 -13.8754 0.5
5 377.977 -23.838 12.21 0.5
5 345.343 -59.7753 -9.16607 0.5
5 370.901 -21.6353 -13.8557 0.5
5 335.499 -83.011 -13.8796 0.5
5 366.355 -21.2755 5.44032 0.5
5 347.78 -71.0817 -14.548 0.5
5 344.229 -66.5165 13.2338 0.5
5 388.858 -8.65276 -8.47888 0.5
5 377.443 -30.2992 -4.68356 0.5
5 365.028 -37.856 14.9969 0.5
5 337.557 -73.3937 9.33666 0.5
5 377.965 -0.40498 -2.77771 0.5
5 388.792 18.1175 3.80153 0.5
5 378.701 -3.10394 10.4431 0.5
5 366.282 -26.1784 -11.8445 0.5
5 363.895 -51.9716 8.35741 0.5
5 364.695 -29.7035 12.4093 0.5
5 356.303 -61.0749 -12.4206 0.5
5 387.622 -8.54509 -11.0666 0.5
5 346.325 -71.3327 14.9359 0.5
5 344.656 -64.5564 12.5062 0.5
5 349.711 -55.8685 12.5506 0.5
5 365.087 -51.7582 4.5053 0.5
5 360.614 -59.1828 5.42759 0.5
5 354.391 -62.5104 -13.5025 0.5
5 367.64 -32.3641 14.9853 0.5
5 380.668 -25.1887 2.85706 0.5
5 345.926 -84.5806 -5.53532 0.5
5 356.601 -53.3652 14.9507 0.5
5 337.566 -93.7106 -12.2962 0.5
5 369.621 -14.6431 -1.1614 0.5
5 343.867 -59.382 -2.29388 0.5
5 376.319 -14.1997 14.5115 0.5
5 344.024 -88.933 0.169714 0.5
5 356.926 -45.0676 13.5098 0.5
5 361.996 -42.5635 -14.998 0.5
5 345.763 -69.3391 14.9164 0.5
5 385.38 -14.859 -8.20562 0.5
5 373.675 -25.7612 -14.6579 0.5
5 337.758 -87.3393 -14.7812 0.5
5 378.482 -21.4607 13.1532 0.5
5 359.612 -49.6434 14.7532 0.5
5 338.974 -97.064 4.25276 0.5
5 333.981 -76.8026 3.74442 0.5
5 378.358 -17.6406 -14.6599 0.5
5 374.512 -12.5776 12.3258 0.5
5 367.164 -48.5674 2.91796 0.5
5 357.605 -63.5661 7.20537 0.5
5 387.49 3.51936 14.8425 0.5
5 366.629 -22.6141 8.77326 0.5
5 377.783 -30.4212 1.08636 0.5
5 361.008 -33.481 -10.16 0.5
5 338.667 -95.1493 9.08254 0.5
5 360.033 -41.1338 14.1168 0.5
5 349.234 -77.9333 -7.4402 0.5
5 360.279 -37.8384 12.7257 0.5
5 354.702 -68.1878 -7.90266 0.5
5 371.09 -35.043 -12.6948 0.5
5 352.271 -57.995 14.9086 0.5
5 367.465 -32.5143 -14.9776 0.5
5 368.035 -42.2324 11.2796 0.5
5 384.059 -19.588 -0.288436 0.5
5 373.2 -37.6317 4.7383 0.5
5 350.022 -65.3112 -14.8956 0.5
5 359.874 -53.7257 13.1338 0.5
5 383.228 -18.6308 -8.13633 0.5
5 338.384 -70.3339 6.80224 0.5
5 341.608 -91.2596 7.23065 0.5
5 347.68 -57.7201 11.2857 0.5
5 344.464 -86.9418 -5.94773 0.5
5 388.411 -4.10086 13.2406 0.5
5 337.513 -70.3363 -1.93302 0.5
5 364.332 -53.3427 3.5103 0.5
5 341.405 -91.9908 6.4946 0.5
5 383.997 9.28565 5.42622 0.5
5 355.928 -53.5546 -14.9981 0.5
5 372.262 -36.6203 9.51308 0.5
5 358.636 -34.0634 3.59841 0.5
6 429.958 -98.5148 -13.7193 0.5
6 384.769 -106.778 4.44089 0.5
6 347.254 -105.406 -7.56015 0.5
6 428.002 -92.1311 -14.9966 0.5
6 412.098 -77.485 1.02282 0.5
6 428.548 -107.246 2.46372 0.5
6 388.879 -87.2257 14.0608 0.5
6 345.279 -77.4578 0.479967 0.5
6 428.707 -84.2658 12.5705 0.5
6 377.696 -106.004 6.42614 0.5
6 351.667 -82.2331 10.9824 0.5
6 426.269 -90.7519 -14.9036 0.5
6 441.374 -105.82 6.79992 0.5
6 426.674 -103.642 -9.98669 0.5
6 377.154 -86.8726 13.9245 0.5
6 341.729 -107.261 2.37611 0.5
6 432.963 -103.582 -10.0537 0.5
6 410.182 -90.7861 -14.9074 0.5
6 404.611 -79.0053 -6.65108 0.5
6 358.807 -97.4515 -14.1416 0.5
6 379.369 -107.336 1.84857 0.5
6 440.645 -95.9189 14.5934 0.5
6 335.702 -96.2781 14.5033 0.5
6 401.045 -84.8861 -12.9532 0.5
6 388.863 -105.723 6.98748 0.5
6 340.202 -79.5 -7.56932 0.5
6 348.194 -104.221 9.29703 0.5
6 415.148 -103.947 -9.63389 0.5
6 377.516 -102.41 11.2157 0.5
6 352.659 -89.7593 -14.7567 0.5
6 351.486 -79.2942 7.20579 0.5
6 369.019 -79.2931 7.20377 0.5
6 405.922 -97.9595 -13.9516 0.5
6 416.915 -82.9258 11.5883 0.5
6 386.804 -84.6191 -12.7936 0.5
6 427.348 -99.675 -13.1454 0.5
6 409.989 -97.7961 14.015 0.5
6 339.038 -107.441 0.512168 0.5
6 427.087 -97.8669 13.9878 0.5
6 364.743 -93.9618 -14.9236 0.5
6 355.562 -107.154 -2.96529 0.5
6 344.323 -106.776 -4.44773 0.5
6 383.084 -97.2051 14.2264 0.5
6 386.111 -105.449 7.48577 0.5
6 430.936 -77.7291 -2.87973 0.5
6 427.633 -90.141 14.8212 0.5
6 400.425 -106.206 5.9802 0.5
6 404.201 -77.597 2.0944 0.5
6 356.238 -87.222 14.0594 0.5
6 358.276 -77.4597 -0.538153 0.5
6 422.665 -106.621 4.91809 0.5
6 335.562 -96.3711 -14.4784 0.5
6 340.783 -89.9927 14.7973 0.5
6 415.813 -106.557 5.09784 0.5
6 356.528 -99.4951 13.2427 0.5
6 399.503 -79.8455 -8.13162 0.5
6 382.68 -81.5018 10.2536 0.5
6 438.726 -105.329 -7.68935 0.5
6 365.398 -107.443 -0.456222 0.5
6 382.199 -95.6522 14.6542 0.5
6 438.679 -91.6109 14.9765 0.5
6 336.593 -101.89 11.6572 0.5
6 391.932 -91.8015 -14.986 0.5
6 407.681 -80.7078 -9.33368 0.5
6 366.203 -82.8371 11.5148 0.5
6 424.809 -100.199 12.8433 0.5
6 360.223 -82.8061 -11.4888 0.5
6 337.511 -77.67 -2.559 0.5
6 356.027 -107.342 1.79376 0.5
6 337.241 -95.3528 14.7165 0.5
6 363.802 -101.087 -12.2643 0.5
6 356.432 -84.0007 12.3938 0.5
6 346.359 -87.7152 14.2331 0.5
6 420.043 -95.5384 -14.6786 0.5
6 378.725 -79.1221 -6.88221 0.5
6 347.877 -77.5546 1.76783 0.5
6 377.156 -77.5263 -1.51047 0.5
6 387.853 -88.3558 14.4304 0.5
6 435.185 -79.2567 -7.13683 0.5
6 414.566 -93.6228 -14.9541 0.5
6 350.171 -107.131 3.07922 0.5
6 342.59 -99.4936 13.2434 0.5
6 435.103 -91.5343 14.972 0.5
6 389.207 -83.9524 12.3608 0.5
6 365.889 -87.4318 14.1357 0.5
6 385.628 -107.03 3.52515 0.5
6 442.899 -79.688 7.88223 0.5
6 398.092 -105.7 7.03083 0.5
6 443.928 -86.243 -13.6555 0.5
6 416.903 -107.384 1.40895 0.5
6 381.005 -99.8134 13.0683 0.5
6 338.753 -89.5924 14.7253 0.5
6 388.379 -97.03 14.2837 0.5
6 390.337 -100.141 -12.8785 0.5
6 372.735 -106.46 -5.35842 0.5
6 427.638 -102.396 11.2286 0.5
6 414.866 -79.1556 -6.94661 0.5
6 379.849 -87.9512 14.3094 0.5
6 344.794 -84.5033 12.7219 0.5
6 362.66 -77.6601 -2.50107 0.5
6 434.404 -99.6733 -13.1463 0.5
6 381.406 -87.4678 14.1484 0.5
6 391.783 -89.3314 -14.6722 0.5
6 425.758 -99.4137 13.2856 0.5
6 387.368 -98.6618 13.6534 0.5
6 378.403 -100.417 12.7093 0.5
6 352.859 -99.5498 13.2134 0.5
6 426.038 -88.7044 -14.5248 0.5
6 369.739 -105.019 -8.18715 0.5
6 363.768 -93.1968 14.9814 0.5
6 420.391 -101.866 -11.6769 0.5
6 378.657 -90.8185 -14.911 0.5
6 422.578 -82.5434 11.2631 0.5
6 418.856 -80.5105 9.07995 0.5
6 379.797 -99.3878 13.2992 0.5
6 368.635 -106.483 -5.29874 0.5
6 424.348 -84.8627 12.9395 0.5
6 434.124 -80.8464 9.50551 0.5
6 389.808 -102.442 -11.1878 0.5
6 387.837 -107.327 1.91824 0.5
6 390.404 -105.277 -7.77659 0.5
6 418.298 -99.8746 13.0337 0.5
6 431.976 -107.313 2.02237 0.5
6 428.931 -105.358 7.6418 0.5
6 421.629 -82.9832 -11.6352 0.5
6 431.735 -106.021 6.38976 0.5
6 337.274 -106.228 5.93119 0.5
6 374.018 -82.1734 -10.9265 0.5
6 351.057 -98.9046 13.5403 0.5
6 411.769 -78.9011 -6.43614 0.5
6 339.309 -81.0893 -9.79457 0.5
6 426.346 -104.582 8.82167 0.5
6 439.768 -82.6779 11.38 0.5
6 409.566 -102.842 10.8171 0.5
6 404.758 -90.8885 -14.9185 0.5
6 400.669 -77.9912 3.99245 0.5
6 386.699 -79.4303 -7.4489 0.5
6 396.126 -96.0563 14.5601 0.5
6 380.869 -98.756 13.6101 0.5
6 435.108 -100.522 12.6426 0.5
6 339.097 -77.4569 -0.450838 0.5
6 398.989 -85.4769 13.2806 0.5
6 426.511 -81.71 -10.4714 0.5
6 368.74 -86.4986 -13.7688 0.5
6 431.477 -107.443 0.455049 0.5
6 380.529 -91.3404 -14.9589 0.5
6 388.653 -79.4795 -7.53423 0.5
6 366.091 -77.8933 -3.61956 0.5
6 371.409 -83.5461 -12.0714 0.5
6 410.893 -84.0443 -12.4235 0.5
6 372.188 -80.865 -9.52818 0.5
6 343.224 -104.123 9.42088 0.5
6 434.885 -95.2777 -14.7311 0.5
6 343.982 -83.8767 12.3084 0.5
6 335.985 -107.318 -1.98579 0.5
6 359.514 -85.9526 -13.5197 0.5
6 396.477 -77.951 -3.84401 0.5
6 384.393 -96.3319 14.489 0.5
6 440.631 -99.9105 13.0132 0.5
6 393.524 -78.7091 6.01538 0.5
6 421.279 -77.9866 -3.97572 0.5
6 340.763 -100.746 12.4974 0.5
6 432.646 -101.319 -12.0969 0.5
6 381.749 -91.396 14.9629 0.5
6 364.299 -99.1436 -13.4238 0.5
7 489.436 -157.213 -7.19101 0.5
7 446.98 -100.333 -14.5881 0.5
7 477.632 -136.035 5.64205 0.5
7 465.397 -115.145 -6.33827 0.5
7 445.445 -79.7005 3.90639 0.5
7 497.85 -196.928 -9.03021 0.5
7 474.28 -131.025 7.30279 0.5
7 497.104 -169.71 -5.51562 0.5
7 486.949 -155.635 -10.7754 0.5
7 499.446 -201.39 6.16792 0.5
7 491.657 -187.816 6.34749 0.5
7 472.109 -154.293 5.57073 0.5
7 481.654 -155.353 -14.9202 0.5
7 490.595 -171.769 14.9873 0.5
7 476.237 -162.424 1.66295 0.5
7 481.299 -149.65 13.4533 0.5
7 485.535 -177.505 5.67759 0.5
7 462.035 -125.892 14.702 0.5
7 451.725 -112.041 -13.2763 0.5
7 497.488 -180.214 14.4259 0.5
7 467.18 -127.055 14.2197 0.5
7 488.463 -176.867 12.5767 0.5
7 453.551 -106.621 14.9142 0.5
7 498.838 -187.836 14.9541 0.5
7 456.741 -128.458 2.93607 0.5
7 476.578 -155.039 -13.3026 0.5
7 483.327 -167.585 -12.8197 0.5
7 466.465 -116.724 -5.71971 0.5
7 481.534 -161.856 -14.0831 0.5
7 483.978 -148.722 -8.72405 0.5
7 494.625 -164.435 -1.44511 0.5
7 471.081 -149.464 -10.3281 0.5
7 459.452 -128.24 -11.3586 0.5
7 465.463 -128.376 -14.9923 0.5
7 473.745 -155.406 8.71868 0.5
7 485.178 -150.224 7.85487 0.5
7 489.02 -174.25 14.2794 0.5
7 495.22 -195.393 0.332973 0.5
7 455.468 -126.544 0.0172448 0.5
7 475.207 -136.518 -11.8355 0.5
7 494.126 -178.538 -15 0.5
7 455.255 -114.851 -14.5424 0.5
7 479.691 -164.906 -9.74078 0.5
7 467.113 -117.994 -6.06701 0.5
7 476.625 -151.449 -14.6415 0.5
7 465.821 -142.999 -6.49022 0.5
7 492.63 -161.919 5.41035 0.5
7 455.564 -105.327 13.5739 0.5
7 484.547 -153.989 12.7388 0.5
7 450.422 -117.696 -1.78371 0.5
7 481.891 -158.379 -14.9619 0.5
7 483.201 -170.949 9.78271 0.5
7 478.875 -138.404 6.14995 0.5
7 464.525 -118.365 12.1004 0.5
7 452.677 -98.7095 12.6888 0.5
7 489.783 -182.705 -9.35347 0.5
7 453.016 -92.3667 -1.45718 0.5
7 455.084 -114.837 14.4679 0.5
7 452.421 -117.306 -10.1548 0.5
7 445.533 -109.165 2.26048 0.5
7 446.872 -111.573 1.56109 0.5
7 488.095 -182.819 -2.65135 0.5
7 469.601 -123.625 8.44278 0.5
7 464.351 -123.902 14.6914 0.5
7 496.827 -174.471 12.2135 0.5
7 445.156 -81.5301 8.79297 0.5
7 461.492 -127.443 -13.9684 0.5
7 486.476 -163.142 -14.851 0.5
7 494.71 -164.909 3.43038 0.5
7 445.967 -92.0657 14.6925 0.5
7 485.936 -179.28 -1.03104 0.5
7 490.683 -184.488 -9.06589 0.5
7 490.976 -187.799 -2.70453 0.5
7 487.006 -181.033 -2.01125 0.5
7 453.189 -97.8457 -11.3985 0.5
7 477.879 -162.125 9.30543 0.5
7 474.215 -131.868 -8.80212 0.5
7 475.097 -132.983 -8.20309 0.5
7 477.734 -138.679 -9.71199 0.5
7 459.236 -132.183 -5.08148 0.5
7 459.515 -130.38 9.22532 0.5
7 490.603 -159.322 7.3467 0.5
7 484.409 -174.124 8.36104 0.5
7 495.332 -165.613 0.830383 0.5
7 475.915 -135.188 -9.29735 0.5
7 488.488 -153.735 -0.102004 0.5
7 485.789 -178.223 4.94633 0.5
7 480.286 -148.647 -13.7986 0.5
7 469.465 -128.114 -12.8895 0.5
7 464.422 -140.963 -5.61251 0.5
7 457.244 -123.581 12.0287 0.5
7 470.967 -134.383 14.4552 0.5
7 467.282 -123.254 12.1827 0.5
7 462.677 -127.427 14.6103 0.5
7 491.338 -181.888 -12.55 0.5
7 493.866 -164.233 5.83825 0.5
7 450.448 -106.567 14.5317 0.5
7 447.497 -96.2341 -14.9244 0.5
7 461.195 -111.711 11.3981 0.5
7 482.703 -151.785 -13.303 0.5
7 447.155 -83.3083 5.79334 0.5
7 499.912 -174.387 -5.01797 0.5
7 452.774 -121.74 2.01732 0.5
7 461.049 -135.177 5.47023 0.5
7 499.493 -195.897 12.6248 0.5
7 454.223 -98.5987 -10.4212 0.5
7 486.4 -160.773 14.3568 0.5
7 472.743 -149.675 -12.5533 0.5
7 456.877 -105.417 -12.3126 0.5
7 476.505 -150.704 14.7507 0.5
7 498.847 -193.694 -13.2582 0.5
7 492.71 -179.21 14.6632 0.5
7 451.632 -103.943 -14.9695 0.5
7 481.732 -142.787 -4.69216 0.5
7 457.83 -118.049 14.8044 0.5
7 452.854 -121.179 -4.94103 0.5
7 495.761 -189.666 -12.4724 0.5
7 473.176 -127.989 4.75697 0.5
7 453.96 -110.07 14.9568 0.5
7 469.496 -143.384 -12.9655 0.5
7 489.219 -165.161 -14.1975 0.5
7 466.829 -133.981 -14.7438 0.5
7 472.284 -128.423 -8.66226 0.5
7 494.516 -166.741 8.38752 0.5
7 472.079 -132.863 13.0185 0.5
7 465.27 -121.857 -13.4379 0.5
7 485.707 -155.038 12.0892 0.5
7 460.037 -112.922 13.5017 0.5
7 466.676 -138.5 12.9649 0.5
7 450.838 -88.6412 1.87434 0.5
7 474.41 -153.707 11.7262 0.5
7 467.767 -130.978 -14.8833 0.5
7 486.547 -171.911 13.5011 0.5
7 482.903 -170.313 -9.91981 0.5
7 455.303 -113.854 14.7735 0.5
7 495.96 -190.816 11.8948 0.5
7 476.81 -163.508 -0.0791562 0.5
7 473.165 -141.436 -14.9808 0.5
7 487.807 -155.864 9.3967 0.5
7 462.096 -135.81 -7.84251 0.5
7 467.188 -117.215 -3.31977 0.5
7 490.633 -157.574 1.91832 0.5
7 466.058 -115.455 -4.09384 0.5
7 474.796 -148.411 -14.6119 0.5
7 463.869 -139.814 6.06341 0.5
7 479.812 -141.853 9.19095 0.5
7 465.685 -137.082 12.7862 0.5
7 448.826 -92.3146 12.858 0.5
7 483.565 -165.093 14.1829 0.5
7 449.271 -105.348 -14.2969 0.5
7 462.335 -121.587 -14.8854 0.5
7 444.978 -80.639 -7.9243 0.5
7 446.051 -103.573 -12.468 0.5
7 496.504 -186.874 14.3842 0.5
7 445.628 -93.5397 14.9693 0.5
7 449.385 -93.3863 -12.9201 0.5
7 456.701 -108.569 14.1029 0.5
7 483.555 -151.795 -12.4296 0.5
7 483.772 -153.328 13.1372 0.5
7 488.189 -183.076 2.06298 0.5
7 464.117 -111.749 2.58543 0.5
7 477.696 -141.951 12.6304 0.5
7 487.233 -177.265 10.5095 0.5
7 450.145 -88.9513 -6.79669 0.5
7 495.653 -195.931 -2.52961 0.5
7 451.752 -101.748 14.619 0.5
7 463.202 -138.433 6.54978 0.5
8 514.907 -177.81 1.16395 0.5
8 550.047 -89.6085 -8.46477 0.5
8 538.051 -119.634 -14.6685 0.5
8 515.199 -149.913 -8.38745 0.5
8 546.472 -105.662 -14.7866 0.5
8 541.091 -131.95 -4.03472 0.5
8 523.16 -135.106 -6.63071 0.5
8 511.98 -182.866 -1.33488 0.5
8 518.393 -153.646 -14.661 0.5
8 539.596 -126.502 13.5618 0.5
8 524.275 -131.802 2.27244 0.5
8 501.275 -177.64 -12.1278 0.5
8 517.879 -165.035 -13.0886 0.5
8 501.447 -172.337 -5.8025 0.5
8 500.432 -182.854 14.1161 0.5
8 517.74 -162.281 -14.3608 0.5
8 503.363 -197.774 1.51964 0.5
8 531.674 -145.256 -9.69904 0.5
8 504.624 -188.529 12.7737 0.5
8 516.283 -169.226 -12.1816 0.5
8 508.205 -187.932 -6.60527 0.5
8 552.749 -86.6289 10.5296 0.5
8 521.653 -144.811 -13.5851 0.5
8 510.546 -162.051 -12.4558 0.5
8 525.402 -153.797 11.9095 0.5
8 502.564 -189.773 13.9398 0.5
8 509.755 -157.994 -5.91639 0.5
8 514.627 -152.777 -10.6497 0.5
8 502.131 -195.184 10.9993 0.5
8 504.154 -167.266 4.78796 0.5
8 547.236 -119.363 8.28807 0.5
8 510.694 -181.508 -9.80051 0.5
8 504.076 -166.713 -1.69869 0.5
8 530.99 -147.392 8.44935 0.5
8 524.577 -141.849 14.383 0.5
8 530.56 -139.062 -14.6285 0.5
8 525.765 -129.06 -0.597794 0.5
8 525.539 -157.159 -7.95172 0.5
8 505.743 -186.909 -12.5726 0.5
8 524.557 -136.756 -11.701 0.5
8 514.74 -173.961 -10.3937 0.5
8 514.098 -161.441 14.7333 0.5
8 508.293 -179.611 14.0325 0.5
8 550.125 -109.45 12.936 0.5
8 526.645 -143.716 14.9526 0.5
8 509.842 -159.565 -8.91401 0.5
8 521.216 -150.57 14.9385 0.5
8 503.306 -195.997 7.4008 0.5
8 532.452 -133.354 14.9738 0.5
8 553.262 -109.237 -7.79678 0.5
8 511.218 -178.452 11.8421 0.5
8 521.549 -138.8 -8.21281 0.5
8 525.592 -154.354 -11.1761 0.5
8 540.194 -110.273 -12.1588 0.5
8 550.455 -100.05 14.9491 0.5
8 538.692 -136.658 0.0200368 0.5
8 539.645 -108.075 9.08873 0.5
8 528.501 -142.079 14.7422 0.5
8 536.494 -140.005 -3.68765 0.5
8 542.764 -126.268 9.43231 0.5
8 511.169 -183.298 -5.47023 0.5
8 528.436 -147.191 -12.8321 0.5
8 512.654 -155.295 -9.67575 0.5
8 509.266 -160.514 -8.84873 0.5
8 503.591 -175.605 -13.3448 0.5
8 506.081 -167.574 -10.645 0.5
8 553.611 -110.219 4.1941 0.5
8 530.981 -145.672 -10.5552 0.5
8 526.339 -145.353 -14.8228 0.5
8 510.412 -158.418 8.69408 0.5
8 548.567 -93.8228 -10.4797 0.5
8 523.418 -152.383 -14.3795 0.5
8 516.723 -144.75 -1.11012 0.5
8 533.925 -120.55 -11.7166 0.5
8 537.301 -138.995 1.48154 0.5
8 517.089 -168.249 -11.8679 0.5
8 512.262 -152.956 -3.91195 0.5
8 511.227 -169.583 14.9958 0.5
8 549.814 -110.459 -12.6479 0.5
8 526.375 -150.434 13.0236 0.5
8 531.282 -141.418 -13.3054 0.5
8 525.555 -148.302 14.4869 0.5
8 514.373 -166.432 14.7639 0.5
8 546.871 -121.081 -6.35292 0.5
8 522.463 -161.376 9.50004 0.5
8 535.989 -138.334 -9.00845 0.5
8 528.198 -148.391 12.3196 0.5
8 524.083 -161.932 -0.944601 0.5
8 524.587 -131.501 3.49318 0.5
8 542.781 -112.541 -14.8613 0.5
8 506.691 -191.043 5.49781 0.5
8 517.628 -143.637 3.82115 0.5
8 553.433 -86.0135 11.0783 0.5
8 549.284 -105.329 -14.8639 0.5
8 517.815 -169.136 9.84477 0.5
8 537.434 -109.642 -4.84473 0.5
8 538.001 -107.918 -1.35697 0.5
8 515.296 -162.626 -14.9934 0.5
8 523.788 -152.458 14.1476 0.5
8 544.397 -103.276 12.3579 0.5
8 546.23 -102.25 -13.5889 0.5
8 502.665 -198.909 -2.11967 0.5
8 545.871 -101.439 -12.8207 0.5
8 523.224 -163.449 -0.177024 0.5
8 535.323 -133.817 13.6023 0.5
8 539.782 -108.961 -10.4007 0.5
8 504.491 -178.376 14.7867 0.5
8 515.144 -155.216 13.1436 0.5
8 521.929 -143.458 13.1398 0.5
8 506.612 -165.596 9.47678 0.5
8 529.279 -125.122 -7.75471 0.5
8 522.303 -164.833 -2.51169 0.5
8 547.097 -120.569 6.60277 0.5
8 548.937 -100.9 -14.6943 0.5
8 520.858 -152.771 14.9983 0.5
8 539.749 -116.472 14.6198 0.5
8 503.425 -191.661 -12.0606 0.5
8 516.338 -174.002 6.27191 0.5
8 505.802 -192.638 -5.35333 0.5
8 553.815 -91.1914 -14.3783 0.5
8 527.726 -155.373 -2.8846 0.5
8 532.753 -119.589 -8.5044 0.5
8 507.646 -176.395 14.9691 0.5
8 542.77 -114.781 14.9988 0.5
8 543.942 -123.625 -10.1332 0.5
8 552.852 -111.927 2.47536 0.5
8 538.737 -114.411 -13.1755 0.5
8 512.478 -173.685 -13.4584 0.5
8 518.231 -169.736 -8.08033 0.5
8 539.841 -130.952 9.88299 0.5
8 517.727 -149.68 12.5001 0.5
8 511.587 -182.895 -4.56331 0.5
8 511.497 -154.005 2.69491 0.5
8 530.373 -126.638 11.6653 0.5
8 546.025 -116.857 12.7508 0.5
8 523.203 -160.627 -8.80879 0.5
8 547.536 -91.342 -0.236433 0.5
8 522.24 -137.492 8.04189 0.5
8 502.908 -198.373 2.81124 0.5
8 538.409 -126.357 -14.3975 0.5
8 509.237 -187.132 4.00511 0.5
9 577.497 -88.3764 14.4362 0.5
9 602.744 -80.0023 8.36977 0.5
9 579.905 -103.885 9.70794 0.5
9 642.966 -106.761 -4.49572 0.5
9 660.139 -77.7326 -2.89773 0.5
9 588.442 -99.9896 -12.9675 0.5
9 620.067 -90.8546 -14.9149 0.5
9 624.103 -77.5412 -1.65106 0.5
9 616.828 -95.0376 -14.7751 0.5
9 631.83 -106.924 3.93599 0.5
9 572.574 -101.943 -11.6138 0.5
9 631.026 -93.4102 14.9692 0.5
9 561.982 -80.4985 -9.06425 0.5
9 624.123 -106.796 4.38112 0.5
9 666.062 -90.5069 -14.8736 0.5
9 585.756 -81.3374 -10.0751 0.5
9 577.57 -95.1041 -14.7633 0.5
9 640.347 -96.2165 -14.5194 0.5
9 647.245 -77.9938 4.00202 0.5
9 649.995 -107.243 -2.48142 0.5
9 629.958 -101.591 11.8933 0.5
9 627.776 -90.1486 -14.8224 0.5
9 598.856 -77.9785 -3.94612 0.5
9 621.428 -88.774 -14.5426 0.5
9 665.818 -96.7876 -14.3592 0.5
9 599.286 -77.4921 1.12122 0.5
9 562.741 -85.6394 13.3647 0.5
9 624.461 -94.4133 14.871 0.5
9 612.862 -91.732 14.9828 0.5
9 612.911 -101.738 11.7782 0.5
9 605.746 -105.697 -7.03654 0.5
9 633.004 -81.4794 -10.2295 0.5
9 636.74 -77.9523 -3.84883 0.5
9 590.952 -107.02 3.56646 0.5
9 603.864 -77.6016 -2.1265 0.5
9 562.873 -99.6223 13.1742 0.5
9 618.16 -78.8488 -6.32492 0.5
9 624.375 -104.152 -9.38412 0.5
9 620.413 -78.0191 -4.09216 0.5
9 611.171 -104.378 -9.09472 0.5
9 628.899 -88.7271 -14.5306 0.5
9 570.893 -107.003 -3.63519 0.5
9 558.502 -85.3629 -13.2201 0.5
9 642.632 -77.9777 3.94329 0.5
9 566.777 -96.1737 -14.5305 0.5
9 573.495 -80.7853 -9.43037 0.5
9 571.691 -106.403 -5.50661 0.5
9 651.837 -83.4733 -12.0173 0.5
9 566.644 -107.395 1.28954 0.5
9 569.733 -87.6374 14.207 0.5
9 587.075 -107.447 0.280954 0.5
9 574.945 -107.245 -2.47097 0.5
9 630.422 -107.387 -1.37877 0.5
9 565.84 -107.414 -1.04517 0.5
9 663.988 -78.6236 -5.81625 0.5
9 591.83 -94.5259 14.8557 0.5
9 666.048 -107.153 -2.97063 0.5
9 565.257 -88.9703 14.5908 0.5
9 588.695 -105.323 7.70055 0.5
9 659.798 -78.5915 -5.73926 0.5
9 579.52 -77.5924 2.06098 0.5
9 578.789 -81.303 -10.037 0.5
9 562.521 -105.823 -6.79527 0.5
9 612.727 -79.4061 7.40632 0.5
9 617.848 -78.2146 -4.72772 0.5
9 632.407 -79.6015 7.74035 0.5
9 595.183 -78.8301 -6.28468 0.5
9 633.677 -95.8067 -14.6196 0.5
9 560.056 -107.412 1.07431 0.5
9 616.002 -106.785 4.417 0.5
9 650.053 -83.0554 -11.6936 0.5
9 570.389 -96.0079 -14.572 0.5
9 613.563 -77.6137 -2.20949 0.5
9 572.195 -85.6703 13.3804 0.5
9 629.385 -78.708 6.01289 0.5
9 659.646 -89.0732 14.6149 0.5
9 625.441 -85.8617 -13.4756 0.5
9 609.581 -90.3577 -14.8534 0.5
9 587.767 -106.838 -4.24085 0.5
9 666.602 -93.7901 14.94 0.5
9 594.027 -77.7352 -2.91057 0.5
9 585.363 -104.56 -8.85146 0.5
9 653.736 -80.2523 8.72999 0.5
9 652.749 -96.3222 14.4916 0.5
9 634.277 -98.7001 -13.6359 0.5
9 589.798 -99.5112 -13.2341 0.5
9 569.23 -105.812 -6.81637 0.5
9 576.249 -107.42 0.955646 0.5
9 571.453 -78.1656 4.57751 0.5
9 638.825 -107.239 -2.50932 0.5
9 634.66 -82.3249 -11.0671 0.5
9 646.251 -98.3026 -13.8112 0.5
9 651.64 -106.39 5.53853 0.5
9 662.352 -107.347 -1.75422 0.5
9 619.768 -107.007 3.61893 0.5
9 576.643 -105.554 7.30056 0.5
9 602.493 -97.1994 -14.2283 0.5
9 615 -78.0658 4.25353 0.5
9 628.053 -107.437 0.631863 0.5
9 620.454 -106.124 6.16541 0.5
9 629.773 -77.4509 0.152444 0.5
9 578.435 -93.0357 -14.9886 0.5
9 561.489 -92.6975 14.998 0.5
9 617.335 -102.429 11.1992 0.5
9 598.806 -101.611 11.8774 0.5
9 635.742 -101.579 -11.9026 0.5
9 581.562 -80.5433 -9.12298 0.5
9 658.44 -106.6 4.97861 0.5
9 595.978 -107.449 -0.181935 0.5
9 636.204 -89.4758 -14.7022 0.5
9 639.624 -87.8931 14.2911 0.5
9 648.123 -104.278 -9.22517 0.5
9 609.964 -101.752 11.7672 0.5
9 617.765 -91.6053 -14.9762 0.5
9 577.086 -104.063 -9.49393 0.5
9 654.011 -98.7288 -13.6227 0.5
9 636.821 -85.1424 -13.0995 0.5
9 598.916 -96.5341 -14.4333 0.5
9 659.245 -92.3436 14.9996 0.5
9 645.951 -106.184 -6.03071 0.5
9 635.611 -97.9303 -13.9631 0.5
9 636.938 -107.378 1.47074 0.5
9 644.036 -80.7013 9.3255 0.5
9 655.092 -84.7683 -12.8837 0.5
9 579.02 -91.1246 -14.9413 0.5
9 579.076 -102.196 -11.4023 0.5
9 620.376 -77.4844 -1.0142 0.5
9 574.948 -77.4501 0.0348851 0.5
9 616.707 -96.9527 14.3083 0.5
9 625.069 -103.702 9.91961 0.5
9 596.76 -77.7169 2.81643 0.5
9 609.928 -77.5063 -1.29696 0.5
9 610.614 -82.3673 11.1057 0.5
9 572.641 -98.1456 13.8766 0.5
9 595.311 -82.5525 -11.2711 0.5
9 572.559 -88.7553 14.5378 0.5
9 622.526 -92.2372 -14.9985 0.5
9 602.935 -100.323 12.7675 0.5
9 665.24 -80.9636 -9.64678 0.5
9 591.508 -100.245 -12.8154 0.5
9 621.02 -90.0198 -14.8018 0.5
9 571.401 -105.881 -6.67865 0.5
9 558.433 -82.8475 11.5235 0.5
9 655.158 -106.405 5.50087 0.5
9 665.9 -91.2503 14.9519 0.5
9 631.836 -96.9115 -14.3212 0.5
9 562.715 -89.3394 -14.6739 0.5
9 610.734 -85.0357 13.0394 0.5
9 625.533 -102.643 -11.0047 0.5
9 640.747 -77.5025 -1.25313 0.5
9 657.94 -101.934 11.6212 0.5
9 594.603 -100.715 12.5177 0.5
9 570.977 -106.204 5.98487 0.5
9 664.664 -83.6647 12.158 0.5
9 635.923 -103.853 9.74494 0.5
9 638.124 -101.8 11.7291 0.5
9 649.036 -107.4 1.22217 0.5
9 666.611 -107.438 0.598783 0.5
9 584.899 -105.62 -7.17961 0.5
9 659.25 -102.433 11.1954 0.5
9 568.286 -92.1016 -14.996 0.5
9 583.7 -95.317 14.7235 0.5
9 660.887 -78.705 6.00613 0.5
10 639.371 -30.2328 -1.34157 0.5
10 655.608 -58.7234 3.55595 0.5
10 629.434 -17.7736 -11.0101 0.5
10 665.022 -75.2246 4.2786 0.5
10 612.259 16.7092 -1.51585 0.5
10 650.345 -49.5951 -3.50548 0.5
10 659.627 -94.9086 3.21361 0.5
10 629.438 -39.2226 9.91731 0.5
10 624.306 -16.7851 -14.8236 0.5
10 653.959 -80.5972 11.0375 0.5
10 665.43 -104.538 4.74643 0.5
10 657.939 -73.3654 -14.4657 0.5
10 657.861 -68.5664 -12.2669 0.5
10 654.913 -58.1671 5.57529 0.5
10 650.07 -48.9975 2.95692 0.5
10 640.511 -43.5596 14.5646 0.5
10 626.013 -36.7885 2.70942 0.5
10 626.53 -24.6851 -14.8972 0.5
10 629.109 -19.2665 -12.6042 0.5
10 620.63 2.25798 -0.949425 0.5
10 664.068 -99.1704 9.95338 0.5
10 614.883 -17.6644 1.67872 0.5
10 645.91 -45.9404 10.6554 0.5
10 640.059 -50.3928 14.4489 0.5
10 656.872 -85.0623 11.5453 0.5
10 648.996 -46.8575 -0.657115 0.5
10 637.431 -55.0809 6.99461 0.5
10 663.323 -97.6293 -10.2291 0.5
10 645.056 -66.7548 9.34291 0.5
10 622.431 -1.80665 -5.31832 0.5
10 656.209 -88.2329 -5.64864 0.5
10 631.03 -16.6259 5.12099 0.5
10 630.774 -15.7469 3.70622 0.5
10 625.547 -28.8042 12.9463 0.5
10 646.304 -68.1383 -10.2444 0.5
10 632.398 -37.6512 -14.2913 0.5
10 615.491 -18.7428 1.42341 0.5
10 624.117 -31.3665 -8.11659 0.5
10 612.263 -10.7146 -8.29867 0.5
10 645.908 -63.4767 -13.2765 0.5
10 646.681 -44.4274 -6.72804 0.5
10 632.908 -28.3679 -13.9113 0.5
10 638.846 -59.1203 2.06968 0.5
10 649.513 -70.2159 -13.0033 0.5
10 625.271 -20.3687 14.9951 0.5
10 646.707 -70.3413 8.34819 0.5
10 639.542 -32.5769 7.6688 0.5
10 628.145 -15.2866 10.7684 0.5
10 658.58 -80.7097 14.8279 0.5
10 641.837 -38.4307 10.1832 0.5
10 611.313 -9.1597 -8.16275 0.5
10 637.462 -40.2777 -14.9156 0.5
10 633.223 -22.4644 8.92078 0.5
10 656.301 -59.5355 -1.08848 0.5
10 612.212 0.826241 14.9638 0.5
10 637.797 -39.8147 14.7675 0.5
10 653.88 -69.5987 14.9835 0.5
10 613.393 14.2081 4.25227 0.5
10 637.899 -36.3939 13.6451 0.5
10 646.37 -71.9328 -3.27544 0.5
10 665.409 -100.446 -11.0221 0.5
10 627.524 -38.5007 -5.76493 0.5
10 626.084 -32.8143 -10.5575 0.5
10 636.637 -53.0784 -8.07495 0.5
10 627.018 -35.4347 9.43854 0.5
10 636.617 -26.0744 -4.44011 0.5
10 637.346 -55.4979 -5.80314 0.5
10 648.807 -49.3842 -8.82179 0.5
10 633.077 -41.6287 -13.0714 0.5
10 618.833 4.01497 6.29717 0.5
10 622.118 -30.0782 2.5072 0.5
10 647.579 -64.4717 -14.1128 0.5
10 641.726 -54.5385 14.0373 0.5
10 665.36 -76.6293 -6.41799 0.5
10 633.05 -47.7206 -6.54517 0.5
10 619.431 -8.57475 14.8577 0.5
10 622.849 -31.4568 -1.71785 0.5
10 620.365 2.43467 3.04629 0.5
10 636.124 -39.6078 -14.9999 0.5
10 627.12 -16.6917 -13.1249 0.5
10 634.679 -28.3084 12.1919 0.5
10 659.313 -82.1782 14.7962 0.5
10 641.637 -62.4709 -6.79395 0.5
10 664.611 -74.334 3.6208 0.5
10 615.482 -17.3635 6.39753 0.5
10 640.855 -56.6412 -12.0755 0.5
10 631.634 -21.3147 10.754 0.5
10 632.756 -19.8311 -5.67688 0.5
10 644.789 -39.8639 3.02261 0.5
10 633.383 -19.8219 0.778236 0.5
10 622.625 -27.4761 -9.85516 0.5
10 644.968 -46.8521 12.679 0.5
10 611.493 18.1115 0.233365 0.5
10 656.957 -78.5746 14.7085 0.5
10 653.467 -75.5086 13.7821 0.5
10 613.281 -5.36043 -14.0029 0.5
10 626.466 -21.2883 14.9215 0.5
10 621.774 0.244061 -1.37418 0.5
10 648.697 -70.5672 -11.8149 0.5
10 630.157 -21.2624 -12.7197 0.5
10 622.381 -4.1188 9.47821 0.5
10 638.259 -32.6692 10.6349 0.5
10 619.457 -23.4701 -7.83862 0.5
10 634.956 -44.8479 -13.0909 0.5
10 643.361 -52.8655 -14.9796 0.5
10 623.024 -3.60212 -7.01739 0.5
10 664.113 -101.3 -6.98797 0.5
10 662.279 -99.7664 1.5793 0.5
10 661.995 -69.6093 2.72823 0.5
10 643.259 -37.9988 5.61944 0.5
10 659.17 -64.4982 0.983852 0.5
10 621.348 -24.2788 -10.8821 0.5
10 621.782 -29.6627 -1.1572 0.5
10 612.459 11.2389 -11.3566 0.5
10 656.244 -66.2849 12.6167 0.5
10 617.211 -6.19983 -14.9883 0.5
10 639.798 -43.2195 -14.7562 0.5
10 613.072 -8.685 -11.9524 0.5
10 626.182 -12.331 -11.1827 0.5
10 653.221 -82.1228 -7.54894 0.5
10 645.862 -71.4158 0.0209974 0.5
10 619.214 0.663824 10.2796 0.5
10 657.694 -62.5572 -4.36121 0.5
10 658.067 -62.7445 2.37294 0.5
10 626.328 -37.503 1.52509 0.5
10 658.73 -86.6053 -12.7502 0.5
10 618.771 -7.44666 14.8598 0.5
10 661.509 -82.7019 14.9778 0.5
10 664.455 -92.1965 -14.5673 0.5
10 653.195 -54.2599 -2.06526 0.5
10 612.017 -12.0072 4.7968 0.5
10 625.892 -35.946 -5.06529 0.5
10 647.006 -72.3638 -5.47239 0.5
10 647.911 -65.319 14.0119 0.5
10 613.163 15.056 -2.21611 0.5
10 664.749 -99.6074 -10.733 0.5
10 646.537 -59.4093 14.8885 0.5
10 648.061 -63.9561 14.5285 0.5
10 626.195 -36.7923 -4.05484 0.5
10 666.517 -78.5374 -6.21336 0.5
10 651.218 -51.5984 -5.1325 0.5
10 642.798 -65.0582 5.51349 0.5
10 661.08 -91.9507 -11.8652 0.5
10 612.743 -10.0514 -10.1977 0.5
10 652.158 -52.3837 -1.37608 0.5
10 611.8 17.2304 -3.22401 0.5
10 649.777 -75.3677 8.76598 0.5
10 630.591 -44.8826 -1.56421 0.5
10 644.118 -44.229 11.874 0.5
11 615.734 16.5654 14.2171 0.5
11 647.223 60.0209 -13.612 0.5
11 625.195 14.4513 -6.06925 0.5
11 666.276 111.681 -8.50272 0.5
11 641.81 55.7425 14.9515 0.5
11 638.156 39.885 -10.4786 0.5
11 654.881 92.0874 -8.29015 0.5
11 653.775 87.0415 -11.713 0.5
11 627.573 40.2538 12.7095 0.5
11 639.588 38.919 4.89457 0.5
11 635.417 43.3769 14.7906 0.5
11 633.228 32.2955 -11.3679 0.5
11 663.827 80.7682 4.48437 0.5
11 651.49 61.7328 -9.02514 0.5
11 614.436 22.8014 -6.99823 0.5
11 656.412 81.3608 14.9743 0.5
11 623.227 36.9232 8.77824 0.5
11 625.29 43.192 2.05446 0.5
11 641.213 49.5562 -13.5864 0.5
11 616.498 10.908 -14.8381 0.5
11 657.853 94.5928 11.3057 0.5
11 665.704 83.3454 0.630224 0.5
11 656.733 69.9087 -7.67743 0.5
11 645.147 65.9893 -14.6408 0.5
11 649.861 74.8744 14.4617 0.5
11 628.748 24.4771 -11.3162 0.5
11 635.308 60.2797 -3.46631 0.5
11 644.29 54.5652 -13.4321 0.5
11 653.557 91.867 -3.54989 0.5
11 664.224 109.266 -6.547 0.5
11 634.516 56.8777 -8.19401 0.5
11 658.267 78.2914 -13.1813 0.5
11 643.106 52.8009 -13.5702 0.5
11 618.598 3.1987 -6.44523 0.5
11 619.399 5.36942 -7.8849 0.5
11 657.745 82.3082 -14.832 0.5
11 662.547 104.752 9.14861 0.5
11 623.607 19.6852 13.8612 0.5
11 651.119 66.0801 13.2716 0.5
11 617.674 28.2025 7.37654 0.5
11 665.088 83.4216 -5.77412 0.5
11 617.813 26.4889 10.0823 0.5
11 666.026 105.215 13.6013 0.5
11 625.727 39.3796 -10.9147 0.5
11 646.545 63.1365 -14.8645 0.5
11 660.571 98.0258 12.3011 0.5
11 645.432 50.238 7.51332 0.5
11 627.211 32.4412 14.9797 0.5
11 647.991 82.6476 -0.394731 0.5
11 650.832 86.3144 6.01695 0.5
11 661.135 102.637 8.70185 0.5
11 652.11 74.9021 14.9996 0.5
11 630.199 45.4983 12.2457 0.5
11 643.775 69.1279 -12.1643 0.5
11 637.619 63.2822 6.33838 0.5
11 647.613 65.7182 -14.9453 0.5
11 644.469 66.4072 14.1926 0.5
11 612.667 -2.68216 -11.8838 0.5
11 631.262 33.1604 13.9488 0.5
11 662.42 107.645 0.0901659 0.5
11 644.165 75.0331 -5.36783 0.5
11 633.639 41.7346 -14.9625 0.5
11 646.878 50.7601 -1.01566 0.5
11 663.31 103.004 12.1347 0.5
11 654.937 88.9884 11.7657 0.5
11 640.384 64.9339 10.754 0.5
11 639.56 66.6177 -6.39697 0.5
11 658.094 94.5244 -11.7119 0.5
11 640.766 59.0998 14.4675 0.5
11 631.997 26.321 -6.26479 0.5
11 652.291 60.1029 0.289666 0.5
11 662.158 106.139 5.51714 0.5
11 620.551 16.7292 14.6106 0.5
11 619.976 5.49661 6.25703 0.5
11 635.547 33.5016 8.1439 0.5
11 630.722 26.0561 -9.40416 0.5
11 661.385 105.711 2.04649 0.5
11 661.963 102.15 10.9066 0.5
11 642.776 64.929 13.609 0.5
11 652.745 76.8884 14.9666 0.5
11 620.389 11.1265 12.2065 0.5
11 643.676 71.8992 -9.36091 0.5
11 660.103 76.5568 -8.89883 0.5
11 617.351 0.612273 5.46158 0.5
11 646.029 49.8738 4.26814 0.5
11 641.674 47.4848 -11.8265 0.5
11 612.711 18.9373 -8.45259 0.5
11 639.781 62.0894 -12.2499 0.5
11 620.398 34.6717 2.37592 0.5
11 638.23 36.1197 3.32267 0.5
11 617.951 9.22503 13.568 0.5
11 648.311 58.4325 11.3781 0.5
11 662.541 83.3352 -11.5923 0.5
11 619.173 32.2316 -3.86598 0.5
11 626.107 16.1043 -6.23238 0.5
11 653.895 62.9556 -1.51138 0.5
11 658.391 100.411 -2.75308 0.5
11 635.888 49.172 14.7933 0.5
11 633.8 47.8654 -14.2137 0.5
11 641.534 53.5102 14.7053 0.5
11 641.532 53.0577 -14.6079 0.5
11 617.045 0.578302 6.59178 0.5
11 630.238 49.2462 -8.52337 0.5
11 632.623 30.3665 -10.545 0.5
11 621.756 31.86 11.4857 0.5
11 632.666 45.8083 14.2448 0.5
11 630.34 23.1956 5.6774 0.5
11 656.559 93.2343 -10.4705 0.5
11 664.406 110.904 -2.32151 0.5
11 632.016 51.5712 9.52471 0.5
11 615.75 26.6505 2.18542 0.5
11 614.502 6.06029 14.5647 0.5
11 662.885 106.009 -8.20325 0.5
11 645.599 72.2631 -12.1808 0.5
11 661.17 90.8613 -14.9951 0.5
11 666.564 86.1356 6.13814 0.5
11 665.157 82.9668 4.13885 0.5
11 662.449 77.6957 0.216944 0.5
11 646.017 49.3924 2.17816 0.5
11 623.033 9.71656 2.94572 0.5
11 653.623 69.5598 -12.7833 0.5
11 632.115 45.8816 -13.8639 0.5
11 623.922 32.9831 13.2561 0.5
11 664.757 101.369 -14.2522 0.5
11 627.452 20.2573 9.23462 0.5
11 620.221 12.0142 -12.9677 0.5
11 632.203 27.8353 -8.335 0.5
11 661.266 80.1896 10.7551 0.5
11 636.441 33.6215 5.31823 0.5
11 614.314 2.29534 13.2522 0.5
11 624.93 42.5584 -2.1258 0.5
11 661.021 84.7118 13.9518 0.5
11 640.214 45.2984 12.086 0.5
11 651.106 58.62 -4.10216 0.5
11 654.792 69.6659 -11.3855 0.5
11 624.707 15.393 -9.09046 0.5
11 648.985 65.4078 -14.4661 0.5
11 613.875 22.5389 -5.4442 0.5
11 654.765 82.6757 -14.6346 0.5
11 656.388 90.4321 -12.5371 0.5
12 695.507 114.98 -0.780625 0.5
12 766.5 105.039 14.1283 0.5
12 777.726 108.064 -12.6483 0.5
12 667.086 92.3042 12.8754 0.5
12 764.605 91.3751 12.2724 0.5
12 673.112 111.029 -10.1668 0.5
12 727.257 95.4124 14.2812 0.5
12 708.516 113.01 7.46534 0.5
12 695.875 95.5084 14.3117 0.5
12 680.86 101.244 -14.9483 0.5
12 754.99 105.075 -14.1155 0.5
12 743.363 91.9922 12.6837 0.5
12 764.445 102.381 14.8098 0.5
12 751.371 102.079 14.8553 0.5
12 776.64 86.1949 -5.86678 0.5
12 736.494 100.586 -14.9886 0.5
12 734.085 113.567 -6.39907 0.5
12 678.843 98.5029 -14.9251 0.5
12 722.01 86.4197 -6.36989 0.5
12 725.012 87.1833 -7.79311 0.5
12 729.384 107.128 -13.1981 0.5
12 734.08 93.588 -13.5605 0.5
12 757.792 114.836 -2.21356 0.5
12 755.358 86.029 -5.46001 0.5
12 743.837 86.9698 7.43054 0.5
12 714.038 109.995 11.1848 0.5
12 775.762 100.935 -14.9708 0.5
12 716.432 104.248 14.3859 0.5
12 687.189 91.7304 -12.5146 0.5
12 691.663 85.9659 5.29574 0.5
12 743.937 88.7906 -9.96738 0.5
12 746.101 113.744 -6.0094 0.5
12 687.36 86.712 -6.95915 0.5
12 694.595 104.015 14.4526 0.5
12 681.245 85.9759 5.32199 0.5
12 708.629 114.64 -3.26651 0.5
12 703.268 86.6498 6.83899 0.5
12 715.464 87.4256 -8.17831 0.5
12 736.014 109.677 11.4612 0.5
12 725.122 103.403 -14.6088 0.5
12 767.885 107.981 12.7005 0.5
12 764.284 87.5643 8.38762 0.5
12 736.006 85.2331 -2.63431 0.5
12 711.921 96.7361 14.6406 0.5
12 692.448 110.176 -11.0204 0.5
12 697.716 85.0435 1.14179 0.5
12 752.08 110.461 -10.75 0.5
12 756.203 107.782 12.8233 0.5
12 756.072 114.963 1.04627 0.5
12 715.284 100.348 14.996 0.5
12 730.848 107.067 -13.2308 0.5
12 735.531 114.994 0.408377 0.5
12 699.109 114.975 0.862933 0.5
12 688.566 87.2989 -7.98015 0.5
12 726.399 99.0476 14.9697 0.5
12 708.551 112.949 -7.57179 0.5
12 744.386 91.9102 -12.6315 0.5
12 691.62 88.3713 -9.47486 0.5
12 757.103 94.7671 14.0576 0.5
12 773.539 85.1867 2.35953 0.5
12 757.456 107.506 -12.9869 0.5
12 758.727 86.6927 6.92213 0.5
12 703.648 113.18 -7.161 0.5
12 730.781 85.7871 -4.79519 0.5
12 731.372 109.712 -11.4318 0.5
12 743.073 87.6801 -8.55693 0.5
12 734.163 91.3485 12.2536 0.5
12 721.954 85.0099 -0.545737 0.5
12 701.399 92.7285 -13.1197 0.5
12 698.39 92.3638 12.9108 0.5
12 766.54 87.0526 -7.57388 0.5
12 682.234 104.588 14.2811 0.5
12 734.807 102.351 14.8145 0.5
12 668.509 104.244 14.387 0.5
12 731.629 93.4453 -13.4921 0.5
12 741.596 99.6838 14.9967 0.5
12 686.348 109.924 11.2482 0.5
12 698.56 93.3901 13.4651 0.5
12 733.773 86.5998 -6.74052 0.5
12 726.224 94.7688 -14.0583 0.5
12 702.335 113.841 -5.78064 0.5
12 709.499 89.1344 10.3411 0.5
12 671.79 100.164 -14.9991 0.5
12 743.864 85.8102 -4.86298 0.5
12 693.666 88.6024 -9.7517 0.5
12 683.657 105.533 13.9422 0.5
12 678.967 95.2661 14.2334 0.5
12 702.261 106.997 -13.2683 0.5
12 758.011 101.063 14.9623 0.5
12 739.554 85.1001 -1.73006 0.5
12 766.534 114.307 4.50715 0.5
12 718.43 100.789 -14.9792 0.5
12 667.634 109.883 11.2837 0.5
12 731.606 106.975 13.2797 0.5
12 707.498 89.3148 -10.5275 0.5
12 696.114 112.722 7.94648 0.5
12 683.551 102.432 -14.8015 0.5
12 728.706 114.985 -0.665661 0.5
12 722.629 98.8384 14.955 0.5
12 685.541 103.195 14.6559 0.5
12 760.665 111.832 9.21918 0.5
12 731.443 94.5017 13.956 0.5
12 711.324 114.894 1.77791 0.5
12 768.138 90.6098 11.6972 0.5
12 698.853 102.552 -14.7813 0.5
12 738.223 88.7995 9.97736 0.5
12 668.202 86.0079 -5.4057 0.5
12 756.692 86.22 -5.92546 0.5
12 680.164 100.518 14.9911 0.5
12 716.268 85.3581 3.25783 0.5
12 677.376 86.4939 -6.52575 0.5
12 711.228 114.856 -2.07585 0.5
12 741.022 85.367 3.29788 0.5
12 709.776 92.5682 -13.0295 0.5
12 776.726 91.9473 12.6552 0.5
12 668.911 85.1096 -1.81002 0.5
12 684.304 99.4051 14.9882 0.5
12 681.819 97.0268 -14.7024 0.5
12 746.335 100.185 -14.9989 0.5
12 739.242 108.309 12.4887 0.5
12 720.939 93.2432 -13.392 0.5
12 736.605 102.669 -14.7607 0.5
12 776.766 110.723 -10.4889 0.5
12 746.922 114.251 -4.67971 0.5
12 701.713 86.7086 6.95255 0.5
12 750.013 103.154 14.6646 0.5
12 736.825 85.9828 5.34013 0.5
12 738.634 85.2196 2.55721 0.5
12 721.373 87.6387 -8.497 0.5
12 669.636 88.5714 -9.71525 0.5
12 751.279 85.0713 -1.46051 0.5
12 744.654 103.501 -14.5858 0.5
12 668.811 89.9258 11.1136 0.5
12 720.088 112.71 -7.96555 0.5
12 765.802 88.1136 -9.14947 0.5
12 730.294 92.354 -12.905 0.5
12 748.264 88.1016 9.13391 0.5
12 696.724 114.899 1.73572 0.5
12 704.583 85.3328 -3.14223 0.5
12 674.929 87.9371 8.9155 0.5
12 725.373 112.083 8.88784 0.5
12 739.913 102.41 14.8052 0.5
12 774.452 93.4819 13.5098 0.5
12 756.847 110.659 -10.5539 0.5
12 741.453 110.662 -10.551 0.5
12 728.21 113.647 6.22498 0.5
12 760.101 112.518 8.26425 0.5
13 778.955 111.359 -6.74311 0.5
13 822.938 8.7152 7.36893 0.5
13 821.774 13.4573 -10.8676 0.5
13 799.257 51.338 -9.67932 0.5
13 793.719 76.8351 -14.3257 0.5
13 824.196 19.2466 -14.9958 0.5
13 825.582 23.7519 13.4936 0.5
13 803.721 69.6172 -3.63841 0.5
13 796.286 82.2297 4.56787 0.5
13 794.669 77.4943 -13.3953 0.5
13 782.62 106.315 -2.97464 0.5
13 804.243 49.5342 14.2685 0.5
13 830.796 -6.00049 -4.91763 0.5
13 811.286 27.8719 -5.14563 0.5
13 809.233 41.9119 -14.56 0.5
13 821.004 22.166 14.7042 0.5
13 819.84 12.5515 3.46037 0.5
13 786.437 81.0544 -14.4714 0.5
13 821.374 11.1331 6.82895 0.5
13 821.833 9.25887 4.07856 0.5
13 785.736 87.9271 14.902 0.5
13 786.513 89.3465 -14.3163 0.5
13 790.694 63.0037 3.33568 0.5
13 788.698 89.8711 12.1578 0.5
13 832.811 -9.57707 -4.66395 0.5
13 782.056 103.041 -10.7603 0.5
13 808.375 58.6914 9.40184 0.5
13 788.506 85.4069 -14.4599 0.5
13 819.628 35.8051 12.5003 0.5
13 799.407 63.6206 14.9609 0.5
13 785.786 97.4511 9.84046 0.5
13 785.315 72.4692 -3.92911 0.5
13 820.039 32.4972 13.8767 0.5
13 781.762 107.416 -4.47373 0.5
13 778.237 97.2561 14.873 0.5
13 799.002 52.8155 -10.7868 0.5
13 795.467 83.2452 -5.67922 0.5
13 819.045 13.6898 2.22951 0.5
13 808.905 61.0851 0.0795874 0.5
13 811.888 53.8317 7.63316 0.5
13 795.187 61.8561 -12.6946 0.5
13 802.801 71.4192 -2.67104 0.5
13 830.359 19.4669 10.6722 0.5
13 781.627 90.4191 14.7144 0.5
13 778.685 113.182 2.7034 0.5
13 833.239 15.7507 -9.24461 0.5
13 788.625 93.9573 7.91087 0.5
13 823.876 28.8136 12.2491 0.5
13 806.317 63.5051 7.59387 0.5
13 818.611 15.1734 5.11286 0.5
13 788.244 68.8899 -7.51347 0.5
13 826.681 24.1873 -12.0821 0.5
13 822.041 16.0518 -13.1138 0.5
13 824.188 30.9285 9.8494 0.5
13 795.05 60.5605 11.5887 0.5
13 799.089 74.121 -10.1628 0.5
13 797.936 70.1826 -14.1072 0.5
13 787.421 68.4564 2.17552 0.5
13 819.962 35.3736 -12.4012 0.5
13 791.889 83.5745 -12.6791 0.5
13 811.451 40.9792 -14.9838 0.5
13 810.831 55.3314 8.16671 0.5
13 802.959 47.9695 12.4165 0.5
13 824.88 9.79785 12.2764 0.5
13 812.556 28.7965 10.2351 0.5
13 809.481 60.081 0.476357 0.5
13 785.31 93.9974 -13.2438 0.5
13 827.293 9.8326 14.339 0.5
13 802.97 44.6239 -9.33493 0.5
13 785.053 79.4781 12.7381 0.5
13 830.23 22.047 -7.66047 0.5
13 820.953 17.1786 -12.6637 0.5
13 796.376 82.7476 1.08968 0.5
13 799.826 72.866 10.138 0.5
13 794.63 79.9883 -11.8656 0.5
13 802.677 42.137 2.79725 0.5
13 829.137 20.8052 11.3893 0.5
13 799.149 63.1517 -14.9991 0.5
13 827.514 12.2924 -14.9185 0.5
13 800.651 47.1058 6.98165 0.5
13 809.561 34.1064 10.3634 0.5
13 786.535 85.0317 14.9987 0.5
13 783.22 93.359 14.7393 0.5
13 811.31 28.5319 -6.76191 0.5
13 821.384 32.7392 12.5155 0.5
13 807.642 48.5916 14.9966 0.5
13 805.978 57.4972 13.5938 0.5
13 832.082 18.5294 -8.15749 0.5
13 791.833 62.725 -7.60115 0.5
13 798.038 61.2369 -14.5438 0.5
13 792.542 81.1223 13.4231 0.5
13 806.514 65.1871 1.09325 0.5
13 783.467 76.6829 6.61466 0.5
13 807.832 39.9856 -12.7138 0.5
13 806.685 36.4797 6.63662 0.5
13 809.106 31.4434 4.54711 0.5
13 809.538 33.0571 -9.08898 0.5
13 783.89 97.8645 12.3925 0.5
13 807.576 47.2694 14.9583 0.5
13 831.313 2.83379 14.3277 0.5
13 828.713 23.9447 -8.77165 0.5
13 823.351 14.6032 13.5365 0.5
13 829.936 -4.89174 3.64449 0.5
13 793.095 64.3425 11.9039 0.5
13 785.85 71.344 3.10927 0.5
13 787.826 68.9903 6.31556 0.5
13 804.046 40.9256 -6.37703 0.5
13 795.479 55.6099 6.03707 0.5
13 810.992 29.8811 -8.15483 0.5
13 782.197 105.84 -6.55022 0.5
13 797.838 54.8772 -10.8303 0.5
13 801.017 60.697 14.97 0.5
13 802.29 42.6002 -1.2996 0.5
13 814.931 27.5272 -12.6116 0.5
13 795.598 68.1403 -14.967 0.5
13 804.15 58.294 -14.4645 0.5
13 809.464 31.1471 -5.46234 0.5
13 815.647 42.4051 12.6905 0.5
13 820.242 11.7128 -2.79569 0.5
13 809.015 54.2256 12.4739 0.5
13 784.943 74.2424 -6.84465 0.5
13 817.243 17.799 -5.77319 0.5
13 778.572 113.622 -0.252155 0.5
13 801.79 61.4441 14.69 0.5
13 794.736 83.7528 -7.26165 0.5
13 795.037 55.4037 -2.97044 0.5
13 798.37 49.3347 0.24295 0.5
13 801.762 54.5067 -14.4703 0.5
13 795.182 55.7008 -4.96728 0.5
13 829.01 9.49706 -14.8958 0.5
13 783.076 87.819 14.696 0.5
13 797.762 73.391 -12.6852 0.5
13 789.113 91.5042 10.0471 0.5
13 819.657 40.9936 -6.47366 0.5
13 795.984 60.7274 -12.8503 0.5
13 801.986 58.9243 -14.9756 0.5
13 786.948 82.6015 14.9232 0.5
13 779.183 86.3577 -9.96896 0.5
13 829.928 11.8501 -14.8411 0.5
13 830.701 -5.49693 -5.80363 0.5
14 862.565 39.4238 -0.718935 0.5
14 850.3 33.1429 -15 0.5
14 888.344 107.166 12.6181 0.5
14 841.474 31.9613 5.15336 0.5
14 886.546 90.4153 13.9448 0.5
14 839.818 6.75846 12.5292 0.5
14 846.112 16.9029 -11.9957 0.5
14 834.6 4.92959 14.964 0.5
14 852.051 42.0196 -13.823 0.5
14 855.742 51.8381 -11.8086 0.5
14 884.184 106.827 -0.823246 0.5
14 884.055 100.814 11.8578 0.5
14 875.023 73.236 -14.7463 0.5
14 838.389 -2.2238 2.70148 0.5
14 835.848 2.26121 13.8037 0.5
14 879 89.4502 13.4808 0.5
14 881.607 90.2235 14.7295 0.5
14 862.297 59.7697 13.8213 0.5
14 841.186 7.86042 11.5957 0.5
14 849.13 18.7396 8.44677 0.5
14 869.353 71.7207 13.9327 0.5
14 835.03 0.822044 13.7947 0.5
14 869.147 62.834 -14.7026 0.5
14 871.589 63.4798 -13.4915 0.5
14 884.091 97.8486 -13.6771 0.5
14 863.029 46.9101 12.4952 0.5
14 871.725 55.8723 -4.20466 0.5
14 859.307 63.7576 -0.413718 0.5
14 841.985 33.296 3.70111 0.5
14 882.12 100.58 8.57863 0.5
14 864.153 71.9815 2.27737 0.5
14 847.93 43.1367 5.17198 0.5
14 861.801 45.0151 -12.6463 0.5
14 875.463 81.5871 -14.197 0.5
14 839.241 25.1355 10.0576 0.5
14 836.892 19.0828 -11.891 0.5
14 843.102 31.0753 10.8283 0.5
14 882.582 93.3463 -14.3796 0.5
14 873.311 61.8484 10.0109 0.5
14 881.342 91.4925 14.2887 0.5
14 888.454 84.8796 -4.30925 0.5
14 861.029 46.5509 -14.0717 0.5
14 850.57 19.8925 -6.02191 0.5
14 857.032 55.2314 10.8002 0.5
14 873.543 60.9569 -8.34661 0.5
14 835.8 23.0443 0.287377 0.5
14 883.952 77.2491 4.83402 0.5
14 854.064 26.092 -6.35076 0.5
14 880.852 90.6802 -14.2773 0.5
14 882.773 76.6061 7.81797 0.5
14 845.441 10.5395 -4.81245 0.5
14 854.727 34.207 -13.4584 0.5
14 888.25 90.1103 -12.1591 0.5
14 854.804 55.7524 -2.50309 0.5
14 840.448 9.07323 -13.2539 0.5
14 869.162 64.598 -14.9492 0.5
14 855.38 56.5948 3.29538 0.5
14 886.381 99.7171 14.4397 0.5
14 859.679 34.5445 2.02682 0.5
14 846.228 38.3805 -8.62738 0.5
14 872.348 82.8224 9.66386 0.5
14 880.618 93.4526 -12.826 0.5
14 880.466 100.154 -2.76427 0.5
14 869.18 51.6399 -4.76214 0.5
14 881.728 99.3119 -9.36909 0.5
14 882.887 74.6629 -1.31374 0.5
14 846.515 34.7618 -12.5895 0.5
14 843.036 26.5086 13.7785 0.5
14 837.549 9.08448 -14.8672 0.5
14 847.348 21.571 13.5291 0.5
14 843.134 30.2833 11.5816 0.5
14 874.524 66.6267 -12.3637 0.5
14 836.453 -3.27475 -8.3629 0.5
14 847.942 31.2529 -14.8415 0.5
14 859.466 60.1242 -10.1051 0.5
14 836.825 10.1387 -14.9967 0.5
14 846.718 33.2223 13.6295 0.5
14 875.714 85.5462 12.4505 0.5
14 858.443 55.3715 -12.6219 0.5
14 850.748 48.6238 3.05032 0.5
14 888.424 84.1949 0.085603 0.5
14 884.723 87.6316 -14.0869 0.5
14 875.532 91.6103 -2.75259 0.5
14 851.317 40.385 13.9706 0.5
14 837.065 5.98928 -14.3855 0.5
14 848.682 38.1591 -12.813 0.5
14 848.537 40.0305 11.2497 0.5
14 857.456 54.6223 11.9508 0.5
14 856.857 33.8003 -10.4936 0.5
14 887.88 112.504 4.67862 0.5
14 880.507 80.0428 -13.979 0.5
14 836.92 24.1304 -4.99829 0.5
14 846.758 31.1419 -14.4244 0.5
14 865.659 59.0747 -14.9841 0.5
14 886.524 87.9339 12.7079 0.5
14 880.737 74.356 -9.60137 0.5
14 839.846 0.736377 4.47157 0.5
14 851.788 50.4767 -2.7955 0.5
14 880.694 100.737 -1.4463 0.5
14 865.153 64.3927 -13.9538 0.5
14 883.752 86.8679 14.3899 0.5
14 848.317 20.1041 11.5057 0.5
14 880.837 94.7593 -12.215 0.5
14 860.811 65.4494 5.16565 0.5
14 854.744 25.9448 1.60683 0.5
14 837.815 -3.08918 -3.32258 0.5
14 839.894 0.529414 -3.40179 0.5
14 842.311 33.2255 -5.63653 0.5
14 857.05 43.2995 14.9193 0.5
14 839.683 7.81857 13.2907 0.5
14 875.811 90.4723 -7.26424 0.5
14 877.056 84.5876 -14.1127 0.5
14 844.861 21.1459 14.7736 0.5
14 871.389 73.137 -14.5983 0.5
14 839.839 26.6593 -9.48918 0.5
14 866.869 72.7383 10.3285 0.5
14 852.898 22.7928 1.97046 0.5
14 865.769 74.9128 1.13582 0.5
14 842.057 20.2919 -14.9339 0.5
14 888.586 94.5556 -14.1704 0.5
14 882.914 98.4977 12.113 0.5
14 854.46 41.1956 -14.9771 0.5
14 869.948 53.8747 -6.90142 0.5
14 886.905 96.142 -14.9941 0.5
14 867.334 54.6637 12.6867 0.5
14 855.932 54.3068 9.76057 0.5
14 880.003 99.5988 -0.536003 0.5
14 838.689 -1.69667 -2.74147 0.5
14 838.399 12.8709 -14.9965 0.5
14 861.274 52.4919 14.9966 0.5
14 847.745 32.463 -14.5297 0.5
14 847.281 42.8778 1.29138 0.5
14 847.04 41.603 5.15412 0.5
14 868.571 54.8496 11.2164 0.5
14 833.746 -8.09814 8.15637 0.5
14 887.64 86.7736 10.1301 0.5
15 930.501 89.4329 10.6459 0.5
15 914.99 114.336 4.41491 0.5
15 924.831 101.861 -14.8841 0.5
15 983.289 85.7338 4.63419 0.5
15 977.676 86.1231 -5.6948 0.5
15 956.733 94.9409 14.1211 0.5
15 980.623 107.653 -12.9008 0.5
15 935.286 111.678 -9.41441 0.5
15 978.146 90.938 -11.9532 0.5
15 983.066 100.449 -14.9933 0.5
15 962.181 97.9504 14.8593 0.5
15 966.731 89.807 11.0046 0.5
15 902.857 88.9021 10.0915 0.5
15 904.467 103.056 -14.6854 0.5
15 976.395 90.5386 -11.6397 0.5
15 889.287 102.494 14.7912 0.5
15 976.532 104.068 14.4379 0.5
15 991.806 90.8825 -11.9109 0.5
15 961.275 114.839 -2.19041 0.5
15 933.827 85.9123 -5.15126 0.5
15 910.45 87.9183 8.88996 0.5
15 985.826 90.2024 -11.3581 0.5
15 892.952 86.049 5.51076 0.5
15 981.31 96.4014 14.5619 0.5
15 978.337 92.0027 -12.6903 0.5
15 914.356 113.804 5.86979 0.5
15 943.962 106.428 13.553 0.5
15 999.398 86.1209 5.68941 0.5
15 936.472 109.749 -11.3997 0.5
15 890.292 113.489 -6.56192 0.5
15 926.244 85.9002 5.11805 0.5
15 926.366 108.453 -12.3913 0.5
15 934.124 85.1139 1.84466 0.5
15 913.458 105.915 13.7844 0.5
15 901.822 92.1674 -12.7926 0.5
15 955.41 87.2091 7.8354 0.5
15 893.685 100.403 -14.9946 0.5
15 918.472 86.7922 -7.11019 0.5
15 898.721 114.95 -1.22727 0.5
15 928.35 114.261 4.64912 0.5
15 897.42 104.861 -14.1904 0.5
15 929.565 85.2641 2.80232 0.5
15 998.063 113.942 -5.53401 0.5
15 898.64 97.0773 14.7125 0.5
15 938.06 85.8553 4.99275 0.5
15 894.085 85.2421 2.68399 0.5
15 932.622 109.95 -11.2245 0.5
15 941.229 112.633 -8.08809 0.5
15 922.903 90.3488 11.4828 0.5
15 889.879 112.397 -8.44463 0.5
15 985.754 88.247 -9.32026 0.5
15 993.92 112.999 -7.48514 0.5
15 948.808 90.0252 -11.2029 0.5
15 962.138 85.2542 2.74962 0.5
15 982.532 92.3197 -12.8846 0.5
15 957.355 85.4385 -3.60055 0.5
15 971.898 114.959 -1.11017 0.5
15 999.697 107.254 -13.1294 0.5
15 908.178 110.975 10.2254 0.5
15 933.144 103.249 -14.6439 0.5
15 958.891 113.104 7.30053 0.5
15 994.966 85.0641 -1.3856 0.5
15 900.958 94.8386 14.084 0.5
15 928.871 92.3818 12.9214 0.5
15 987.025 114.863 2.02094 0.5
15 939.829 99.8747 -14.9995 0.5
15 939.51 85.0244 0.855935 0.5
15 922.815 104.128 14.4207 0.5
15 919.086 114.241 -4.71044 0.5
15 954.728 113.46 -6.62003 0.5
15 924.438 85.116 1.86211 0.5
15 907.854 103.949 14.4708 0.5
15 984.037 114.82 2.31584 0.5
15 952.261 86.0669 5.55609 0.5
15 935.594 113.646 -6.228 0.5
15 952.747 107.458 13.0145 0.5
15 958.284 96.856 14.6668 0.5
15 915.695 101.119 14.9582 0.5
15 945.755 95.2526 -14.2289 0.5
15 978.111 112.827 7.77692 0.5
15 956.635 114.538 -3.69381 0.5
15 916.415 96.0163 -14.4613 0.5
15 944.644 87.0423 7.55624 0.5
15 932.11 85.43 -3.56583 0.5
15 992.538 112.331 8.54121 0.5
15 962.211 85.7654 4.73033 0.5
15 893.991 108.947 -12.0397 0.5
15 992.36 89.1822 -10.3912 0.5
15 934.314 86.8991 -7.30517 0.5
15 914.619 94.4986 13.9547 0.5
15 972.32 86.9547 -7.40415 0.5
15 975.194 114.883 -1.86616 0.5
15 890.3 108.762 -12.1751 0.5
15 997 86.2697 -6.03986 0.5
15 973.606 97.6009 14.8069 0.5
15 972.669 104.018 14.4519 0.5
15 999.34 85.1499 2.11553 0.5
15 908.7 91.6239 12.4435 0.5
15 907.743 94.5129 -13.9604 0.5
15 990.253 104.711 -14.2411 0.5
15 982.338 88.9628 10.1577 0.5
15 962.489 91.5317 12.381 0.5
15 958.147 108.651 -12.2541 0.5
15 922.51 111.931 9.09123 0.5
15 899.082 109.87 11.2953 0.5
15 993.201 87.8106 8.74183 0.5
15 899.567 99.5121 14.9921 0.5
15 995.827 93.0176 13.2758 0.5
15 924.474 112.824 7.7809 0.5
15 975.722 105.656 13.8929 0.5
15 962.871 85.0307 -0.959757 0.5
15 984.176 111.41 -9.73703 0.5
15 901.389 112.057 8.92372 0.5
15 928.144 105.598 13.9164 0.5
15 982.399 89.8151 -11.0122 0.5
15 891.412 85.0018 -0.230752 0.5
15 942.525 92.2828 12.8625 0.5
15 900.596 97.0296 -14.703 0.5
15 939.103 85.6046 4.21586 0.5
15 936.281 102.158 -14.8439 0.5
15 908.994 103.581 14.5662 0.5
15 988.208 114.89 1.80965 0.5
15 971.893 97.831 14.8424 0.5
15 896.227 105.952 13.7687 0.5
15 895.381 93.1987 -13.3694 0.5
15 941.69 89.3046 -10.5171 0.5
15 997.362 94.0849 -13.7845 0.5
15 998.52 99.5649 -14.9937 0.5
15 947.131 86.1582 -5.77963 0.5
15 972.624 113.041 7.41116 0.5
15 944.548 113.675 -6.16308 0.5
15 968.381 108.234 -12.538 0.5
15 916.529 104.26 14.3825 0.5
15 997.937 101.599 14.9146 0.5
15 957.584 106.754 13.3935 0.5
15 973.087 92.1031 12.753 0.5
15 934.562 85.8426 4.95654 0.5
15 971.684 112.764 7.8795 0.5
15 947.598 106.098 13.7047 0.5
15 956.767 110.541 -10.6723 0.5
15 931.756 99.7341 14.9976 0.5
15 989.73 111.268 9.90139 0.5
15 906.515 103.774 14.5175 0.5
15 983.333 87.8337 8.77393 0.5
15 895.784 94.5681 13.982 0.5
15 989.584 108.13 -12.6057 0.5
15 926.027 95.4252 14.2854 0.5
15 953.19 99.5933 -14.9945 0.5
15 958.711 95.2978 14.2439 0.5
15 951.717 93.864 13.6875 0.5
15 923.247 102.877 14.7216 0.5
15 949.473 108.223 12.5454 0.5
15 985.761 108.49 -12.3659 0.5
15 940.796 94.7702 -14.0588 0.5
15 927.585 99.3623 -14.9864 0.5
