0 178.162 49.9182 -86.5553 0.5
0 330.016 18.9542 -58.5797 0.5
0 19.5887 3.31919 -25.5504 0.5
0 223.647 45.025 83.5329 0.5
0 191.192 39.3805 79.5316 0.5
0 306.995 134.025 -94.0335 0.5
0 92.9047 17.2266 -56.1121 0.5
0 82.8807 114.126 -98.9972 0.5
0 137.235 134.577 -93.8321 0.5
0 216.347 21.7829 -62.3064 0.5
0 230.731 29.2693 70.6907 0.5
0 139.572 178.19 -62.3407 0.5
0 314.566 111.192 99.3718 0.5
0 144.141 173.807 67.4719 0.5
0 57.8159 164.394 -76.5072 0.5
0 294.16 2.07775 -20.2789 0.5
0 29.258 36.1257 -76.942 0.5
0 311.778 10.3301 44.2641 0.5
0 131.321 20.4085 60.5408 0.5
0 291.895 36.2707 -77.0622 0.5
0 55.4558 47.3301 85.0052 0.5
0 290.983 132.575 -94.5455 0.5
0 154.36 183.942 -54.348 0.5
0 192.395 33.5141 74.6969 0.5
0 84.285 156.335 82.6219 0.5
0 296.98 120.697 -97.8346 0.5
0 179.282 199.957 -2.93568 0.5
0 298.966 15.8161 53.9728 0.5
0 131.139 32.8694 74.118 0.5
0 283.406 129.466 95.5603 0.5
0 325.063 13.1014 49.4837 0.5
0 89.7394 177.384 63.3377 0.5
0 1.33513 171.847 69.5555 0.5
0 261.283 2.70665 23.1085 0.5
0 145.443 197.867 -20.5439 0.5
0 12.0426 33.3533 -74.5535 0.5
0 289.946 183.841 54.5038 0.5
0 311.505 95.7208 99.9084 0.5
0 319.19 181.556 -57.8677 0.5
0 279.04 71.8272 95.9494 0.5
0 167.716 185.126 52.475 0.5
0 75.709 199.244 -12.2748 0.5
0 302.121 103.748 -99.9298 0.5
0 45.5294 156.732 82.3494 0.5
0 168.742 21.6489 -62.1378 0.5
0 66.4896 199.344 11.4345 0.5
0 158.82 161.51 -78.8448 0.5
0 4.4971 110.86 -99.4085 0.5
0 303.276 139.634 -91.8104 0.5
0 203.492 183.714 -54.6989 0.5
0 183.29 3.30074 25.4804 0.5
0 269.335 187.08 49.1635 0.5
0 29.0098 179.314 60.9036 0.5
0 315.273 118.267 -98.3174 0.5
0 287.574 59.3369 -91.3592 0.5
0 252.311 4.21903 -28.7403 0.5
0 267.405 59.993 -91.6485 0.5
0 141.06 90.2489 99.5234 0.5
0 122.583 125.879 -96.5935 0.5
0 276.086 0.197398 6.28018 0.5
0 294.578 43.7981 82.7124 0.5
0 250.98 35.9827 76.823 0.5
0 148.414 143.509 -90.0387 0.5
0 28.2573 0.718052 11.9622 0.5
0 248.681 45.9766 84.1515 0.5
0 259.124 199.8 -6.32824 0.5
0 27.4788 0.401837 -8.95577 0.5
0 314.291 134.469 93.8717 0.5
0 124.188 199.71 7.60981 0.5
0 272.757 2.8628 23.7564 0.5
0 217.731 0.10635 -4.61071 0.5
0 278.218 67.9472 -94.7239 0.5
0 209.261 129.19 95.6448 0.5
0 238.033 37.9457 -78.4172 0.5
0 299.663 106.244 -99.8049 0.5
0 99.5079 108.818 99.6104 0.5
0 81.1933 28.839 -70.2574 0.5
0 81.8979 171.333 70.0823 0.5
0 169.804 34.6752 75.7144 0.5
0 251.958 82.485 98.4542 0.5
0 274.643 140.241 91.5458 0.5
0 92.4264 77.4289 97.4194 0.5
0 206.303 193.964 -34.2162 0.5
0 84.6755 11.4958 46.5511 0.5
0 148.298 116.352 -98.6539 0.5
0 71.3183 93.7605 99.8052 0.5
0 141.978 75.8167 -97.0318 0.5
0 116.764 151.404 -85.7764 0.5
0 98.9514 181.226 58.3292 0.5
0 56.6703 4.97638 -31.153 0.5
0 137.95 81.0838 -98.1946 0.5
0 21.3011 3.20163 -25.1013 0.5
0 327.665 195.828 -28.5846 0.5
0 299.522 25.5462 -66.7581 0.5
0 246.524 189.24 45.1245 0.5
0 327.592 198.057 19.6184 0.5
0 224.194 199.592 -9.02842 0.5
0 318.005 31.5697 -72.9198 0.5
0 260.313 0.000541161 0.328986 0.5
0 265.776 116.369 -98.6511 0.5
0 117.072 78.0532 97.562 0.5
0 164.567 167.667 73.6283 0.5
0 229.829 119.093 -98.1603 0.5
0 63.9738 184.571 -53.3641 0.5
0 296.849 0.870141 -13.1632 0.5
0 214.328 55.3887 89.4977 0.5
0 286.313 133.904 -94.0772 0.5
0 268.982 196.031 27.8943 0.5
0 196.982 78.8998 -97.7486 0.5
0 332.399 0.16932 -5.81681 0.5
0 168.777 42.4702 -81.7944 0.5
0 52.9125 42.192 81.598 0.5
0 159.8 189.854 43.8895 0.5
0 116.396 182.339 56.7469 0.5
0 115.942 199.261 12.1315 0.5
0 245.651 3.48064 26.1537 0.5
0 31.6526 27.2944 68.6578 0.5
0 113.887 4.23742 28.8015 0.5
0 235.867 193.889 34.4223 0.5
0 256.488 88.3089 99.3142 0.5
0 222.43 4.63137 -30.0803 0.5
0 217.204 76.3194 -97.1557 0.5
0 150.336 198.261 -18.5693 0.5
0 303.724 115.447 98.7997 0.5
0 100.463 153.809 84.2889 0.5
0 13.4614 145.982 88.8011 0.5
0 162.432 7.64549 38.349 0.5
0 255.869 119.822 -98.0157 0.5
0 170.342 162.341 78.1891 0.5
0 175.344 198.791 15.5024 0.5
0 4.85596 3.01995 -24.39 0.5
0 309.577 174.66 66.5271 0.5
0 94.5437 14.0721 -51.1507 0.5
0 24.0283 69.8093 95.3337 0.5
0 88.3092 42.2015 -81.6048 0.5
0 98.5608 67.3974 94.5361 0.5
0 116.671 98.0649 99.9813 0.5
0 185.416 21.5569 62.0216 0.5
0 27.6647 161.556 78.8087 0.5
0 253.544 54.3329 -88.9635 0.5
0 323.231 180.317 59.5755 0.5
0 121 43.1855 -82.2928 0.5
0 311.844 168.004 73.3178 0.5
0 149.2 75.4424 -96.9377 0.5
0 167.871 96.1631 -99.9264 0.5
0 141.727 28.0991 69.5 0.5
0 261.573 177.398 63.3212 0.5
0 227.669 3.58508 -26.5361 0.5
0 131.399 118.952 98.1876 0.5
0 320.443 0.478876 -9.77476 0.5
0 272.068 58.123 90.8092 0.5
0 202.506 196.772 -25.2024 0.5
0 162.419 31.4852 72.8404 0.5
0 244.888 146.975 88.2797 0.5
0 30.3994 21.5744 -62.0437 0.5
0 89.2573 63.1996 92.9824 0.5
0 106.122 13.7318 -50.5748 0.5
0 30.9669 198.267 -18.5356 0.5
0 50.2703 189.603 -44.4002 0.5
0 70.5438 140.613 -91.3816 0.5
0 113.836 175.482 -65.593 0.5
0 112.011 42.9588 82.1358 0.5
0 143.407 39.2199 79.409 0.5
0 191.578 6.63761 -35.8255 0.5
0 126.841 136.148 -93.2382 0.5
0 203.547 91.4278 99.6319 0.5
0 153.686 80.0079 -97.9812 0.5
0 66.0806 199.603 8.90087 0.5
0 98.3042 180.001 -59.9986 0.5
0 20.4938 11.2637 46.1072 0.5
0 182.912 44.6426 -83.28 0.5
0 24.9998 94.8257 99.866 0.5
0 106.191 76.2764 -97.1452 0.5
0 324.193 25.1915 66.3603 0.5
0 115.119 15.5126 53.4966 0.5
0 306.549 7.80559 38.7323 0.5
0 4.00543 100.362 99.9993 0.5
0 86.1135 35.7933 -76.6649 0.5
0 73.2934 8.47779 -40.295 0.5
0 254.765 155.989 82.8568 0.5
0 286.042 174.99 -66.1554 0.5
0 43.8027 59.6767 -91.5097 0.5
0 77.6117 124.019 -97.0725 0.5
0 159.552 163.853 76.9601 0.5
0 329.717 43.2179 -82.3152 0.5
0 244.105 81.2908 98.2342 0.5
0 216.04 174.236 66.9998 0.5
0 196.082 14.9939 -52.6684 0.5
0 98.4827 10.8332 45.2689 0.5
0 4.80556 191.745 39.7853 0.5
0 87.6397 181.816 57.4994 0.5
0 287.943 170.424 -70.9962 0.5
0 178.711 83.6136 -98.6483 0.5
0 94.9246 5.18719 31.7889 0.5
0 249.168 129.014 -95.6985 0.5
0 177.173 129.928 95.4165 0.5
0 150.362 185.469 51.914 0.5
0 257.225 109.813 -99.5174 0.5
0 296.343 170.584 -70.8368 0.5
0 124.436 192.766 37.3433 0.5
0 124.152 82.2114 98.4051 0.5
0 32.4652 168.259 73.0805 0.5
0 307.51 173.805 67.4741 0.5
0 83.474 27.7125 69.0979 0.5
0 5.68235 70.7786 -95.6353 0.5
0 220.018 123.121 97.2904 0.5
0 2.70984 30.8783 72.2647 0.5
0 307.509 39.0245 79.259 0.5
0 22.3527 5.52782 32.7873 0.5
0 267.078 194.823 31.7592 0.5
0 181.511 37.5551 -78.1065 0.5
0 324.459 40.0975 -80.073 0.5
0 3.16519 176.515 -64.3852 0.5
0 155.985 100.506 99.9987 0.5
0 18.2567 48.3639 -85.6371 0.5
0 93.5533 0.724348 -12.0144 0.5
0 302.792 123.748 -97.1391 0.5
0 244.241 191.062 -41.3235 0.5
0 329.563 133.758 -94.1298 0.5
0 293.59 183.85 54.4898 0.5
0 197.649 57.6683 -90.5981 0.5
0 297.64 171.717 69.6903 0.5
0 184.096 66.9337 -94.3749 0.5
0 136.691 26.1344 -67.4083 0.5
0 328.944 188.884 45.8215 0.5
0 275.991 76.1696 97.1191 0.5
0 135.2 195.174 -30.6909 0.5
0 302.862 41.0097 80.7474 0.5
0 245.986 21.4081 61.833 0.5
0 62.0963 4.46193 -29.5377 0.5
0 17.0918 134.33 93.9227 0.5
0 250.048 2.23536 -21.0256 0.5
0 298.077 156.383 82.5891 0.5
0 57.1476 28.2828 -69.6896 0.5
0 47.4804 171.193 -70.2246 0.5
0 136.422 155.936 82.8922 0.5
0 291.035 176.388 64.5362 0.5
0 276.312 0.0595559 3.45074 0.5
0 162.55 199.729 7.36188 0.5
0 255.342 199.661 8.22886 0.5
0 189.037 196.41 -26.5535 0.5
0 171.936 85.032 -98.8735 0.5
0 0.965531 112.446 -99.2225 0.5
0 20.141 21.1932 61.5589 0.5
0 139.684 199.067 -13.6316 0.5
0 189.408 21.2603 61.6446 0.5
0 323.892 75.4009 96.9272 0.5
0 267.033 199.834 -5.75228 0.5
0 184.018 199.864 5.20711 0.5
0 89.1004 196.422 26.5119 0.5
0 48.0586 161.391 -78.9377 0.5
0 190.133 98.9626 99.9946 0.5
0 4.21862 12.6798 48.7358 0.5
0 290.471 90.2486 99.5234 0.5
0 20.7881 81.1518 98.2077 0.5
0 301.725 1.75247 -18.6393 0.5
0 234.421 193.421 -35.6735 0.5
0 205.533 1.99766 -19.8882 0.5
0 34.4341 94.9948 -99.8747 0.5
0 330.634 35.1018 76.0804 0.5
0 279.508 0.0514956 -3.20881 0.5
0 91.422 90.1501 99.5137 0.5
0 89.7131 54.3251 -88.9596 0.5
0 192.465 29.2929 -70.7143 0.5
0 218.1 84.4813 -98.7885 0.5
0 232.092 173.186 68.145 0.5
0 192.542 0.137923 -5.25029 0.5
0 326.461 119.259 98.1279 0.5
0 84.2172 68.8463 -95.0234 0.5
0 94.793 0.00404911 -0.899892 0.5
0 327.329 26.1526 -67.4281 0.5
0 21.9587 114.233 -98.9819 0.5
0 247.357 194.043 -33.9997 0.5
0 148.953 8.06907 39.3536 0.5
0 39.814 194.321 33.2194 0.5
0 161.521 152.981 84.8119 0.5
0 78.2118 17.6996 56.8036 0.5
0 281.628 185.981 -51.0617 0.5
0 246.918 6.89852 36.4981 0.5
0 38.4793 76.1541 -97.1153 0.5
0 197.476 160.853 79.353 0.5
0 291.99 144.88 89.3634 0.5
0 210.601 0.056689 -3.36669 0.5
0 193.729 190.682 -42.1509 0.5
0 71.6996 145.045 89.2803 0.5
0 127.414 139.819 -91.7302 0.5
0 70.1516 97.6852 99.9732 0.5
0 326.761 106.371 99.7968 0.5
0 74.9271 79.0796 97.7872 0.5
0 210.561 26.405 67.7036 0.5
0 53.155 39.8746 79.9058 0.5
0 113.533 84.1497 98.7358 0.5
0 180.968 174.618 -66.5742 0.5
0 235.467 0.584329 10.7946 0.5
0 240.191 56.606 -90.0942 0.5
0 191.255 0.99727 14.0876 0.5
0 185.524 63.9495 93.2757 0.5
0 202.777 191.728 39.8239 0.5
0 127.183 16.3219 54.7537 0.5
0 100.097 58.7219 91.083 0.5
0 121.497 0.0658963 -3.62973 0.5
0 43.9849 77.9404 97.5365 0.5
0 190.431 23.3511 64.2257 0.5
0 196.868 20.9759 -61.2797 0.5
0 57.8886 92.7206 99.7347 0.5
0 324.922 0.697034 -11.7865 0.5
0 149.991 128.334 95.9019 0.5
0 3.39822 8.38573 40.0852 0.5
0 280.668 193.949 34.257 0.5
0 129.221 130.405 95.2655 0.5
0 93.7919 111.255 -99.3646 0.5
0 332.263 141.898 -90.7996 0.5
0 95.4181 198.402 17.8044 0.5
0 160.726 199.109 13.3163 0.5
0 155.741 0.332496 -8.14792 0.5
0 312.744 1.67412 -18.2214 0.5
0 132.673 1.11712 -14.9056 0.5
0 88.9941 101.587 -99.9874 0.5
0 176.98 2.07023 -20.2425 0.5
0 15.885 8.88127 41.1992 0.5
0 103.404 105.72 -99.8363 0.5
0 128.56 23.6898 64.6278 0.5
0 108.948 17.4391 -56.4243 0.5
0 164.355 199.949 -3.19887 0.5
0 188.67 162.606 -77.9771 0.5
0 129.095 107.284 -99.7344 0.5
0 144.036 189.883 -43.8298 0.5
0 25.0478 21.826 62.3604 0.5
0 306.623 72.7204 96.2072 0.5
0 322.788 9.16734 -41.8262 0.5
0 196.071 156.649 -82.4068 0.5
0 172.161 40.7765 80.5765 0.5
0 127.777 81.3629 -98.2479 0.5
0 232.476 31.2133 -72.5837 0.5
0 315.546 71.5673 -95.8727 0.5
0 68.7004 52.7302 -88.1224 0.5
0 139.449 102.494 99.9689 0.5
0 147.069 51.5729 87.4918 0.5
0 26.5571 119.57 98.0663 0.5
0 114.46 71.6471 95.8964 0.5
0 126.528 118.016 98.3636 0.5
0 53.9737 81.4715 -98.2685 0.5
0 136.599 38.7884 79.0768 0.5
0 161.52 23.5366 64.4464 0.5
0 129.97 192.174 38.782 0.5
0 259.306 20.8067 -61.0608 0.5
0 144.626 157.49 -81.8225 0.5
0 250.473 153.069 -84.7567 0.5
0 270.78 46.2774 -84.3438 0.5
0 156.008 13.3305 -49.8838 0.5
0 248.054 188.792 -45.9997 0.5
0 144.069 4.42315 29.412 0.5
0 223.585 28.3533 -69.7621 0.5
0 200.535 112.732 99.1862 0.5
0 294.64 10.3754 -44.3557 0.5
0 131.022 199.54 -9.58028 0.5
0 145.867 52.293 -87.8866 0.5
0 307.241 161.849 78.5789 0.5
0 8.04312 159.848 -80.1137 0.5
0 6.86808 199.048 -13.7663 0.5
0 32.5916 37.7226 78.2402 0.5
0 5.54021 15.4298 -53.3655 0.5
0 259.313 199.507 9.91465 0.5
0 80.8917 153.583 84.4327 0.5
0 199.694 104.611 -99.8936 0.5
0 107.602 22.4762 63.1669 0.5
0 50.3372 34.4247 -75.4975 0.5
0 72.4402 21.6003 -62.0765 0.5
0 146.515 139.341 91.9362 0.5
0 1.18156 90.7131 99.5678 0.5
0 169.915 199.603 -8.90582 0.5
0 225.085 87.0314 99.1555 0.5
0 199.598 9.47927 42.497 0.5
0 145.355 0.0071021 -1.19179 0.5
0 93.7356 29.3641 -70.7854 0.5
0 108.462 34.8818 75.8922 0.5
0 125.784 160.372 -79.7196 0.5
0 58.2568 9.27064 42.0498 0.5
0 86.7946 132.809 -94.4646 0.5
0 43.5813 196.548 -26.0491 0.5
0 176.852 135.873 -93.344 0.5
0 140.904 140.605 -91.3852 0.5
0 50.2648 26.4273 -67.7278 0.5
0 59.9613 93.2748 -99.7736 0.5
0 286.597 176.924 63.8962 0.5
0 259.668 165.988 75.1369 0.5
0 62.0191 194.56 -32.5317 0.5
0 240.551 172.817 68.54 0.5
0 269.126 135.887 -93.3389 0.5
0 171.616 57.7618 90.6418 0.5
0 134.708 87.6309 -99.2321 0.5
0 15.2192 0.977395 13.9472 0.5
0 205.264 57.8216 -90.6696 0.5
0 267.629 72.552 -96.1593 0.5
0 316.271 181.443 58.0268 0.5
0 68.3085 25.6797 66.9066 0.5
0 156.031 187.388 -48.614 0.5
0 115.637 10.9178 -45.4352 0.5
0 182.918 34.4374 75.5086 0.5
0 252 119.861 -98.0079 0.5
0 123.664 0.536335 -10.3431 0.5
0 186.225 187.131 49.0725 0.5
0 24.0817 196.225 -27.2157 0.5
0 60.3069 6.73269 -36.0723 0.5
0 241.978 139.377 -91.9209 0.5
0 200.614 10.883 45.3669 0.5
0 118.247 199.795 -6.40194 0.5
0 261.463 4.86089 30.7985 0.5
0 72.0593 155.08 -83.4636 0.5
0 86.0462 2.51164 22.2715 0.5
0 33.9968 27.0093 -68.3546 0.5
0 303.326 0.237255 -6.88438 0.5
0 234.047 199.988 1.56474 0.5
0 219.061 33.6551 -74.8221 0.5
0 320.467 199.955 2.99889 0.5
0 295.203 130.704 95.1696 0.5
0 58.0104 160.301 -79.7736 0.5
0 258.099 20.9544 -61.2519 0.5
0 214.634 181.191 -58.378 0.5
0 138.119 76.9545 97.3083 0.5
0 76.2161 180.662 59.1075 0.5
0 182.338 32.4906 73.7731 0.5
0 20.3739 101.59 99.9874 0.5
0 7.57485 2.42863 -21.905 0.5
0 21.8095 0.507858 -10.0655 0.5
0 231.262 195.819 -28.6131 0.5
0 185.179 110.811 99.4139 0.5
0 1.35088 193.534 35.3751 0.5
0 97.0279 72.1286 -96.0374 0.5
0 311.781 0.130525 5.10764 0.5
0 116.08 155.209 83.3787 0.5
0 67.4905 174.934 66.2185 0.5
0 318.129 91.5476 -99.6421 0.5
0 195.944 102.291 99.9737 0.5
0 169.86 83.4878 -98.6273 0.5
0 198.81 94.5128 99.8493 0.5
0 142.277 167.192 -74.0627 0.5
0 184.455 61.9108 92.462 0.5
0 190.543 28.4996 69.9121 0.5
0 332.977 167.587 73.7017 0.5
0 1.0658 12.9242 -49.1711 0.5
0 98.1607 143.053 -90.2576 0.5
0 168.651 198.734 -15.8633 0.5
0 295.91 21.8818 -62.4303 0.5
0 133.832 117.738 -98.4143 0.5
0 180.22 1.17856 -15.3076 0.5
0 232.79 0.72631 -12.0306 0.5
0 58.8367 188.72 46.1394 0.5
0 317.63 0.873046 13.1851 0.5
0 94.6489 23.6693 -64.6036 0.5
0 170.065 94.1423 99.8283 0.5
0 96.228 2.99284 -24.2819 0.5
0 152.781 199.591 9.03225 0.5
0 165.74 174.807 -66.362 0.5
0 118.344 163.309 77.408 0.5
0 107.49 187.028 -49.2561 0.5
0 156.926 139.453 91.8885 0.5
0 80.5367 34.7938 75.8166 0.5
0 233.97 135.722 -93.4022 0.5
0 322.59 49.3445 86.2208 0.5
0 91.531 149.208 -87.0551 0.5
0 309.668 189.566 -44.4737 0.5
0 215.207 45.6008 -83.9091 0.5
0 209.811 198.903 14.7732 0.5
0 119.754 107.871 99.6898 0.5
0 106.388 39.9701 79.9776 0.5
0 167.548 154.96 83.543 0.5
0 91.9187 197.272 -23.1985 0.5
0 110.594 69.4742 -95.227 0.5
0 229.535 16.9428 -55.6911 0.5
0 10.5211 101.722 99.9852 0.5
0 140.18 186.36 -50.4181 0.5
0 8.35708 195.065 -31.027 0.5
0 173.046 145.232 -89.1856 0.5
0 80.2728 40.1634 80.1223 0.5
0 301.64 197.007 -24.2817 0.5
0 297.729 199.906 -4.33956 0.5
0 139.025 1.05848 -14.5112 0.5
0 331.177 109.071 99.5878 0.5
0 232.698 56.8816 90.2264 0.5
0 205.514 103.932 99.9227 0.5
0 156.096 178.369 -62.1158 0.5
0 310.945 35.3375 -76.2808 0.5
0 23.6506 157.221 82.011 0.5
0 271.603 0.325466 8.06146 0.5
0 183.056 133.203 -94.3267 0.5
0 328.075 37.5661 78.1153 0.5
0 162.735 125.747 -96.6285 0.5
0 242.427 21.0123 -61.3265 0.5
0 262.826 31.3163 72.6812 0.5
0 207.399 60.9788 92.0725 0.5
0 16.0684 3.65977 26.806 0.5
0 106.884 18.8514 58.4372 0.5
0 328.332 77.0492 97.3307 0.5
0 37.0623 1.3766 -16.5356 0.5
0 205.791 4.66783 30.1956 0.5
0 297.745 26.2075 -67.4882 0.5
0 24.6721 154.452 83.875 0.5
0 144.877 119.668 -98.0467 0.5
0 270.761 7.20325 37.2661 0.5
0 143.366 198.93 14.5867 0.5
0 233.207 0.11401 -4.77377 0.5
0 235.979 2.40058 21.7797 0.5
0 255.883 114.303 98.9718 0.5
0 236.303 1.70204 18.3714 0.5
0 130.35 188.847 -45.8932 0.5
0 168.369 4.47573 -29.5823 0.5
0 278.904 197.739 -21.1437 0.5
0 329.39 192.149 38.8391 0.5
0 214.334 172.268 69.1184 0.5
0 106.758 77.4991 97.4357 0.5
0 321.219 57.4762 90.5081 0.5
0 291.827 18.0863 57.3598 0.5
0 248.472 33.7846 -74.9368 0.5
0 100.528 8.17154 -39.5921 0.5
0 251.95 186.682 -49.8626 0.5
0 30.8849 176.314 -64.6228 0.5
0 251.106 55.3678 -89.4872 0.5
0 88.0378 10.1949 -43.9892 0.5
0 21.1585 108.135 99.6686 0.5
0 76.9634 106.402 -99.7949 0.5
0 185.597 31.4233 72.7821 0.5
0 283.925 0.0760948 3.90041 0.5
0 238.373 178.196 -62.3328 0.5
0 325.416 27.5889 -68.9684 0.5
0 325.821 18.5524 -58.0197 0.5
0 330.989 64.461 -93.4718 0.5
0 218.377 132.622 94.5296 0.5
0 66.4612 124.888 96.8535 0.5
0 328.117 44.598 -83.2503 0.5
1 348.109 12.1439 -78.2508 0.5
1 338.431 22.3987 -72.5972 0.5
1 400.456 -99.1191 -55.9866 0.5
1 378.881 -78.8344 3.37007 0.5
1 373.614 88.3342 81.3882 0.5
1 472.325 -108.626 94.7027 0.5
1 405.293 -30.8233 99.8085 0.5
1 349.228 169.509 -24.1518 0.5
1 396.59 60.7481 -71.1071 0.5
1 333.692 189.517 -43.3026 0.5
1 346.179 72.5513 -99.8647 0.5
1 338.651 93.8425 -99.9534 0.5
1 431.029 -168.767 -9.44676 0.5
1 485.128 -66.1251 25.1282 0.5
1 362.069 -45.5744 28.6675 0.5
1 446.917 -8.56843 -47.1923 0.5
1 413.752 -136.113 24.9985 0.5
1 347.806 150.129 -65.9208 0.5
1 440.092 -34.8794 -86.5844 0.5
1 398.081 34.2003 -88.6119 0.5
1 413.513 -5.95442 -94.4255 0.5
1 460.451 -117.607 -99.967 0.5
1 426.038 -156.862 26.9759 0.5
1 357.574 -4.20604 -78.286 0.5
1 461.515 -122.682 99.9978 0.5
1 393.797 -3.1026 -99.9868 0.5
1 378.202 -67.0791 -44.8792 0.5
1 438.752 -165.356 -56.1219 0.5
1 362.037 -9.89929 -79.862 0.5
1 429.61 -152.648 51.2132 0.5
1 423.963 21.2816 62.256 0.5
1 491.352 -215.646 90.7757 0.5
1 416.487 36.7864 -58.9003 0.5
1 473.988 -52.2272 40.5862 0.5
1 456.358 -122.812 99.5257 0.5
1 461.537 -125.888 99.9265 0.5
1 377.842 110.998 -47.3325 0.5
1 396.873 39.1326 87.0674 0.5
1 402.638 -118.129 19.4506 0.5
1 384.402 -11.6069 -97.2826 0.5
1 453.463 -20.0887 47.5304 0.5
1 351.439 32.0528 -93.0664 0.5
1 417.913 -115.237 72.6279 0.5
1 370.196 -53.4076 44.4862 0.5
1 428.707 -27.6757 92.696 0.5
1 452.017 -183.441 -62.7324 0.5
1 494.849 -168.747 99.3924 0.5
1 367.659 122.033 -57.9658 0.5
1 465.622 -210.031 58.7799 0.5
1 372.605 126.847 31.6241 0.5
1 448.621 -145.442 -88.9167 0.5
1 376.459 106.197 58.7911 0.5
1 427.747 -38.6578 -96.8578 0.5
1 390.243 -84.9848 -50.3234 0.5
1 433.905 -172.788 -16.7149 0.5
1 347.784 4.43833 70.8881 0.5
1 376.655 -63.6166 -46.4046 0.5
1 353.644 145.508 -59.072 0.5
1 404.97 -108.214 -54.0476 0.5
1 493.476 -79.2018 19.025 0.5
1 456.663 -38.1297 65.5913 0.5
1 441.476 -159.322 -69.3829 0.5
1 444.612 -13.845 61.4451 0.5
1 441.169 -157.347 -70.8509 0.5
1 441.421 -185.868 16.3419 0.5
1 459.895 -218.599 11.0495 0.5
1 490.448 -125.29 88.3514 0.5
1 429.706 -125.253 -81.2253 0.5
1 438.246 -72.6746 -99.5906 0.5
1 497.171 -230.037 88.6555 0.5
1 367.414 45.5031 -99.8973 0.5
1 454.587 -157.344 -88.0921 0.5
1 479.051 -193.406 -91.2017 0.5
1 465.129 -213.771 -51.8737 0.5
1 461.368 -39.3508 -56.6428 0.5
1 368.61 5.22788 -94.1605 0.5
1 460.407 -42.1232 -62.6092 0.5
1 491.512 -232.987 80.7302 0.5
1 386.068 -27.9632 -93.0518 0.5
1 402.982 79.2865 -3.95397 0.5
1 416.619 6.19177 -86.3428 0.5
1 382.086 -32.334 87.7861 0.5
1 445.276 -193.863 -2.32518 0.5
1 490.985 -101.381 -69.7277 0.5
1 388.081 -70.4937 -65.3784 0.5
1 394.25 87.3028 37.2246 0.5
1 427.558 -161.043 20.6642 0.5
1 357.454 143.403 52.3851 0.5
1 492.234 -84.6316 42.3443 0.5
1 409.076 5.64614 -92.9685 0.5
1 448.92 -0.412641 -6.49712 0.5
1 472.395 -88.1102 84.954 0.5
1 375.479 121.625 -32.3494 0.5
1 475.535 -183.085 92.989 0.5
1 352.402 153.798 49.6115 0.5
1 336.805 50.4968 90.0476 0.5
1 490.216 -90.0218 -57.6536 0.5
1 352.7 57.23 99.5736 0.5
1 435.869 -173.202 -29.3234 0.5
1 456.356 -211.659 16.8096 0.5
1 337.991 191.331 10.9445 0.5
1 460.699 -72.145 -87.4741 0.5
1 372.303 -18.9131 85.7694 0.5
1 423.921 -123.019 -75.0236 0.5
1 499.27 -284.808 22.6622 0.5
1 429.054 -82.7795 98.5467 0.5
1 365.244 -55.0058 -7.27723 0.5
1 491.566 -74.2568 -6.15976 0.5
1 435.937 -43.1451 93.8347 0.5
1 346.958 94.5008 -98.3485 0.5
1 477.109 -105.36 -89.9626 0.5
1 380.979 114.527 24.1008 0.5
1 435.469 3.3094 59.7139 0.5
1 429.652 -120.459 84.4026 0.5
1 360.811 140.288 47.7164 0.5
1 440.017 -62.41 97.4656 0.5
1 486.87 -74.0717 -39.5146 0.5
1 437.518 -48.2906 94.6865 0.5
1 499.004 -268.786 -57.4703 0.5
1 398.605 -80.7757 73.5784 0.5
1 466.358 -57.1072 68.0255 0.5
1 381.319 -64.4281 -58.2055 0.5
1 440.934 -186.36 1.37702 0.5
1 440.315 -138.504 84.6701 0.5
1 450.184 -202.385 -1.1015 0.5
1 414.451 -100.764 79.8011 0.5
1 478.879 -114.924 -92.836 0.5
1 455.738 -16.4388 -29.4266 0.5
1 397.553 74.0584 -52.2086 0.5
1 406.976 -43.2492 -98.7605 0.5
1 368.476 112.882 -67.5339 0.5
1 461.196 -22.3366 -13.1735 0.5
1 399.839 -92.5297 -63.3941 0.5
1 429.938 -98.1316 95.1362 0.5
1 390.181 84.7469 55.462 0.5
1 418.398 40.4967 47.8048 0.5
1 346.55 176.448 -11.4693 0.5
1 363.767 79.5903 94.6388 0.5
1 367.846 -26.5697 74.4239 0.5
1 482.826 -96.0289 77.7404 0.5
1 465.103 -128.933 -99.9975 0.5
1 384.836 82.597 69.6028 0.5
1 454.865 -151.657 -91.137 0.5
1 395.889 -107.171 15.3084 0.5
1 459.967 -30.5761 46.0622 0.5
1 477.943 -137.032 -99.093 0.5
1 475.053 -230.238 53.043 0.5
1 474.337 -231.509 -48.8007 0.5
1 462.482 -29.3793 -33.2451 0.5
1 344.746 115.062 -93.739 0.5
1 425.697 39.2956 -12.0238 0.5
1 377.354 -65.7154 -44.6677 0.5
1 441.976 -185.177 -24.3031 0.5
1 372.412 -60.3668 -37.5548 0.5
1 369.034 -19.7385 81.5306 0.5
1 394.588 21.7079 96.0569 0.5
1 452.049 -204.235 16.5898 0.5
1 348.628 5.02001 -72.864 0.5
1 351.682 30.85 -92.7552 0.5
1 471.48 -216.557 -63.4646 0.5
1 460.064 -92.4963 -96.2838 0.5
1 347.188 155.426 60.7625 0.5
1 370.111 136.137 -5.70883 0.5
1 359.785 154.172 1.60992 0.5
1 345.206 112.471 94.3859 0.5
1 479.869 -143.172 -99.4328 0.5
1 459.461 -40.1151 62.1471 0.5
1 469.861 -159.06 -97.4159 0.5
1 453.693 -20.6858 -47.8965 0.5
1 472.086 -126.941 99.1 0.5
1 439.613 -29.9961 84.1118 0.5
1 343.486 0.789493 -57.7695 0.5
1 382.193 -51.3966 74.4433 0.5
1 382.857 21.8338 -99.71 0.5
1 489.259 -164.999 99.8713 0.5
1 336.872 133.466 -91.8266 0.5
1 338.986 -7.7048 20.3167 0.5
1 414.998 -140.385 14.5372 0.5
1 465.501 -63.7737 75.8666 0.5
1 464.532 -41.1433 50.8627 0.5
1 447.879 -124.894 -96.4262 0.5
1 393.93 -79.11 67.0907 0.5
1 411.529 62.5371 20.0195 0.5
1 396.536 -6.42001 -99.9535 0.5
1 472.993 -41.9156 -1.91533 0.5
1 428.126 -50.169 -99.0127 0.5
1 475.704 -66.5193 59.9011 0.5
1 425.931 39.5907 -2.27438 0.5
1 452.681 -178.238 69.8905 0.5
1 362.498 14.2619 -93.5914 0.5
1 460.181 -198.662 -61.3674 0.5
1 338.642 189.939 -13.1325 0.5
1 434.753 22.1122 -20.9736 0.5
1 438.902 -121.584 -92.1936 0.5
1 462.1 -62.9118 79.9105 0.5
1 482.427 -182.523 -97.0064 0.5
1 373.673 112.479 56.7331 0.5
1 464.294 -172.803 88.8062 0.5
1 394.521 64.675 -70.7659 0.5
1 347.799 121.477 88.5142 0.5
1 381.175 117.101 -2.64063 0.5
1 403.182 -120.979 -0.809037 0.5
1 492.948 -80.474 -28.0432 0.5
1 341.658 115.644 -95.374 0.5
1 475.772 -119.302 -96.1706 0.5
1 410.613 62.5044 -26.7449 0.5
1 473.962 -243.487 -4.20524 0.5
1 417.663 53.4441 9.91393 0.5
1 392.14 -88.3658 50.1603 0.5
1 494.216 -78.792 5.19722 0.5
1 340.801 145.467 -81.1749 0.5
1 402.094 -11.6329 99.721 0.5
1 477.634 -116.625 94.2884 0.5
1 386.094 -81.6796 42.9753 0.5
1 495.875 -258 64.4393 0.5
1 367.357 2.13206 92.1083 0.5
1 496.653 -276.122 -36.1313 0.5
1 345.663 58.138 -97.8747 0.5
1 464.071 -131.598 99.8671 0.5
1 394.719 33.9008 91.5538 0.5
1 483.798 -108.559 85.3843 0.5
1 462.75 -209.885 -51.4844 0.5
1 402.776 -92.4561 -69.2132 0.5
1 454.695 -21.954 47.0299 0.5
1 372.931 110.138 61.6645 0.5
1 377.332 95.8882 -69.298 0.5
1 408.641 -39.3499 -99.602 0.5
1 450.503 -162.213 -80.5439 0.5
1 387.473 -86.818 36.6424 0.5
1 418.259 -97.2046 86.54 0.5
1 348.338 20.132 -84.2438 0.5
1 393.488 -88.2824 54.1168 0.5
1 493.638 -276.479 -15.3038 0.5
1 386.451 105.989 19.9411 0.5
1 487.196 -73.9044 -37.7666 0.5
1 475.071 -220.894 65.6908 0.5
1 461.392 -128.926 99.7461 0.5
1 346.11 151.727 -67.4175 0.5
1 403.621 -35.6933 -99.022 0.5
1 353.13 -23.1369 45.8914 0.5
1 497.189 -212.959 95.6559 0.5
1 339.301 183.293 35.122 0.5
1 398.34 43.374 82.8706 0.5
1 435.669 -133.696 -82.546 0.5
1 481.327 -172.137 98.7431 0.5
1 364.809 -46.1155 -40.1219 0.5
1 370.102 -30.1102 74.7511 0.5
1 398.568 59.5955 -68.7841 0.5
1 484.803 -78.8659 55.0437 0.5
1 411.009 -129.88 30.1661 0.5
1 354.19 -36.0353 -4.2153 0.5
1 346.357 153.768 64.6096 0.5
1 461.471 -102.847 -98.16 0.5
1 482.865 -88.5149 -70.9398 0.5
1 362.383 -12.088 78.639 0.5
1 341.174 17.9827 -72.9133 0.5
1 495.635 -198.951 -98.3967 0.5
1 468.857 -93.8024 91.2396 0.5
1 458.143 -212.109 28.2308 0.5
1 457.069 -180.874 -74.6327 0.5
1 414.017 -115.324 65.4839 0.5
1 464.068 -48.2405 -62.33 0.5
1 385.886 79.3588 71.0363 0.5
1 347.098 111.57 -93.5204 0.5
1 405.068 -41.8914 98.4312 0.5
1 468.001 -34.8473 17.7975 0.5
1 430.416 -161.359 36.2272 0.5
1 446.233 -23.5753 69.4255 0.5
1 423.031 18.7553 67.1334 0.5
1 413.283 -127.675 45.2067 0.5
1 369.812 110.425 -67.6895 0.5
1 418.213 -32.6104 -98.9569 0.5
1 368.271 -54.6512 33.7379 0.5
1 413.747 -84.1429 -89.3718 0.5
1 490.966 -272.361 11.5228 0.5
1 369.514 -42.8183 59.7975 0.5
1 374.54 -21.7743 86.3695 0.5
1 470.74 -234.953 24.4783 0.5
1 347.498 -19.264 -32.0328 0.5
1 368.512 3.39298 -93.4199 0.5
1 371.342 -49.8137 54.2892 0.5
1 388.525 18.1233 99.0547 0.5
1 424.275 -54.5896 -99.9572 0.5
1 416.215 -31.9989 99.33 0.5
1 386.704 -25.1739 94.4909 0.5
1 380.383 90.5181 -69.3866 0.5
1 373.387 -68.2625 -14.8779 0.5
1 360.656 -24.6119 63.455 0.5
1 340.897 169.478 -56.3993 0.5
1 488.541 -268.64 6.12804 0.5
1 403.111 -1.46207 98.1008 0.5
1 456.868 -182.686 -72.65 0.5
1 369.8 136.778 3.44771 0.5
1 337.926 45.922 -88.7277 0.5
1 474.492 -77.5053 74.2459 0.5
1 454.675 -84.8645 -96.7454 0.5
1 473.483 -143.696 -99.9955 0.5
1 492.194 -88.4218 -49.7734 0.5
1 389.81 -80.9007 55.6556 0.5
1 477.807 -161.804 -99.3287 0.5
1 376.489 98.5593 68.0157 0.5
1 466.885 -32.0356 11.9557 0.5
1 350.915 165.531 28.054 0.5
1 481.382 -244.847 -46.7105 0.5
1 394.867 17.5188 -97.0532 0.5
1 495.372 -180.072 -99.9983 0.5
1 417.52 -27.3759 98.2851 0.5
1 357.91 141.599 53.9993 0.5
1 457.944 -54.2582 78.7956 0.5
1 438.914 -47.4709 93.5243 0.5
1 455.526 -19.2961 -38.3671 0.5
1 463.199 -185.559 -79.5274 0.5
1 393.116 -38.0729 93.8506 0.5
1 333.539 38.1938 -78.8919 0.5
1 394.883 93.0255 -8.5615 0.5
1 497.279 -225.406 -91.0078 0.5
1 419.666 -135.006 -51.9054 0.5
1 386.736 27.7085 -97.9377 0.5
1 356.627 155.421 28.7867 0.5
1 359.149 117.107 -78.6009 0.5
1 461.105 -198.452 63.6284 0.5
1 334.582 174.283 -64.468 0.5
1 373.813 53.3833 -97.2004 0.5
1 443.768 -3.18942 47.3336 0.5
1 459.291 -166.862 87.342 0.5
1 347.165 94.3752 98.3052 0.5
1 464.558 -139.956 -99.1943 0.5
1 402.262 12.9307 94.6337 0.5
1 356.794 132.365 68.3449 0.5
1 375.553 -30.1334 -82.1598 0.5
1 491.663 -190.29 -98.7027 0.5
1 369.777 63.713 -96.332 0.5
1 354.421 -30.8978 -33.0742 0.5
1 358.206 73.8485 98.5566 0.5
1 360.969 24.2629 96.0374 0.5
1 383.438 -9.25273 97.4432 0.5
1 416.092 52.3989 -28.8702 0.5
1 366.816 141.971 -2.65985 0.5
1 495.791 -81.6729 7.58786 0.5
1 495.693 -115.051 -74.9815 0.5
1 466.477 -230.524 4.18595 0.5
1 416.996 52.2381 23.7166 0.5
1 388.938 -93.4929 -23.5687 0.5
1 489.267 -125.363 -89.4427 0.5
1 427.505 -133.612 -70.919 0.5
1 389.329 -74.5168 63.159 0.5
1 478.461 -219.237 -73.4431 0.5
1 370.603 -62.9163 18.0191 0.5
1 484.914 -81.0604 57.9676 0.5
1 421.171 -106.81 83.7327 0.5
1 365.688 58.3393 98.9609 0.5
1 362.695 60.8201 99.316 0.5
1 343.172 178.056 -30.9298 0.5
1 345.03 119.505 -91.7536 0.5
1 364.18 139.986 35.6909 0.5
1 354.02 138.398 67.0078 0.5
1 345.445 -2.11393 -58.4542 0.5
1 470.906 -58.8515 -60.7504 0.5
1 347.362 171.264 -29.4597 0.5
1 358.225 19.3324 92.6806 0.5
1 442.628 -79.1424 -99.4825 0.5
1 361.009 11.7491 -91.5129 0.5
1 455.152 -29.4217 57.841 0.5
1 365.023 72.9701 -96.0413 0.5
1 337.645 108.199 98.7653 0.5
1 445.03 3.7426 23.4661 0.5
1 428.52 -113.531 -87.3606 0.5
1 389.338 -83.2084 50.6802 0.5
1 421.263 -152.298 0.114601 0.5
1 453.792 -8.684 -2.93199 0.5
1 490.878 -128.43 -89.58 0.5
1 364.28 38.4228 -99.6814 0.5
1 334.195 0.264684 18.6667 0.5
1 345.836 73.9694 99.9042 0.5
1 477.352 -243.637 -33.5915 0.5
1 450.938 -45.6779 81.4473 0.5
1 465.566 -29.1329 -4.44016 0.5
1 453.733 -33.9956 66.6592 0.5
1 340.619 111.185 97.1255 0.5
1 467.986 -120.417 -99.1764 0.5
1 417.168 -58.6287 99.0951 0.5
1 408.199 -48.701 -98.1725 0.5
1 348.852 -16.8078 -43.7374 0.5
1 423.124 -7.02425 -87.4526 0.5
1 424.672 -89.6738 -94.9191 0.5
1 378.348 21.3829 -99.9979 0.5
1 407.869 -110.311 -58.3503 0.5
1 449.68 -128.449 -96.3055 0.5
1 409.218 -90.9873 -80.3342 0.5
1 389.041 103.266 -6.99957 0.5
1 351.664 161.912 35.0343 0.5
1 456.83 -43.8884 71.4004 0.5
1 337.477 -7.17634 -0.341369 0.5
1 363.251 144.98 -25.1002 0.5
1 457.875 -124.278 -99.6325 0.5
1 384.961 109.326 15.7708 0.5
1 365.277 134.117 -44.7158 0.5
1 393.661 72.7532 63.5089 0.5
1 429.445 -114.361 87.7865 0.5
1 348.387 169.815 -28.3792 0.5
1 487.125 -66.4134 2.79138 0.5
1 376.457 -58.3465 54.7902 0.5
1 381.429 -67.2379 54.3611 0.5
1 406.79 72.509 7.19914 0.5
1 397.219 55.4386 75.0464 0.5
1 415.691 -40.3443 99.9735 0.5
1 377.898 -3.45527 96.4884 0.5
1 344.757 173.397 -36.292 0.5
1 425.433 -99.3073 -91.7449 0.5
1 358.891 -43.8855 -8.72243 0.5
1 426.308 8.5385 71.8277 0.5
1 412.653 51.5711 -45.6799 0.5
1 484.93 -130.102 -94.5813 0.5
1 408.31 -89.5099 -80.2643 0.5
1 445.848 -39.5248 83.2812 0.5
1 425.468 40.2752 -5.33461 0.5
1 476.681 -166.634 98.3022 0.5
1 369.04 -61.5061 -8.23084 0.5
1 447.129 -194.037 24.5605 0.5
1 478.851 -246.756 32.0915 0.5
1 341.745 28.0896 -81.9268 0.5
1 382.183 114.771 11.1106 0.5
1 493.833 -93.8131 53.977 0.5
1 461.34 -59.5865 78.3592 0.5
1 472.925 -221.756 -60.0327 0.5
1 384.418 14.1715 -99.9648 0.5
1 407.016 -62.7172 -93.6396 0.5
1 354.582 -35.9371 -13.1334 0.5
1 409.972 23.3906 82.7589 0.5
1 443.452 -188.941 18.8369 0.5
1 476.648 -48.4593 -6.78781 0.5
1 428.346 -119.314 83.6818 0.5
1 432.437 -69.0843 99.967 0.5
1 475.949 -217.477 -70.962 0.5
1 496.706 -162.383 -97.8579 0.5
1 434.762 -8.53018 74.1008 0.5
1 377.073 -73.1448 22.7167 0.5
1 496.746 -108.509 -66.673 0.5
1 478.045 -250.636 1.57264 0.5
1 361.279 3.36808 87.6018 0.5
1 390.41 -57.1468 81.256 0.5
1 489.769 -99.8961 70.3606 0.5
1 335.577 4.92748 41.0494 0.5
1 468.1 -40.1964 36.1801 0.5
1 469.601 -235.05 13.9079 0.5
1 472.698 -239.617 -18.7284 0.5
1 436.703 -24.2567 83.658 0.5
1 451.031 -203.712 -5.39374 0.5
1 447.472 -0.961837 -25.3572 0.5
1 440.509 -14.1059 -69.8835 0.5
1 488.817 -74.4939 31.7918 0.5
1 411.154 -51.7995 98.5427 0.5
1 463.981 -154.714 95.8747 0.5
1 362.852 59.0078 99.485 0.5
1 343.707 170.41 46.7887 0.5
1 415.925 -59.2982 98.6715 0.5
1 455.091 -169.471 81.0451 0.5
1 452.628 -30.9926 -65.4199 0.5
1 428.288 -105.298 -91.2843 0.5
1 346.845 4.75212 69.5583 0.5
1 380.411 -42.759 79.0719 0.5
1 376.604 -70.6468 -29.0106 0.5
1 432.158 9.54472 59.0356 0.5
1 434.331 -99.5571 96.9207 0.5
1 357.842 -42.4342 1.83213 0.5
1 422.132 -3.87613 86.6445 0.5
1 336.822 64.6833 -95.619 0.5
1 478.707 -70.0028 -57.5341 0.5
1 378.286 -31.1987 84.587 0.5
1 404.994 75.8787 -0.47319 0.5
1 442.909 -36.5806 84.6678 0.5
1 353.093 161.848 27.75 0.5
1 362.276 -2.57833 85.1422 0.5
1 395.368 30.2339 92.6291 0.5
1 472.443 -62.6401 62.196 0.5
1 382.928 114.026 3.85934 0.5
1 463.132 -25.2622 9.4128 0.5
1 364.297 -53.1803 9.4726 0.5
1 493.427 -136.227 -91.1803 0.5
1 401.916 10.8962 95.4922 0.5
1 333.965 127.393 95.8568 0.5
1 351.134 23.823 -89.1279 0.5
1 475.002 -193.789 87.5006 0.5
1 468.673 -232.905 -17.3168 0.5
1 381.69 10.3197 99.8243 0.5
1 406.836 52.7776 59.8825 0.5
1 375.699 56.2782 -95.5007 0.5
1 351.389 -27.6922 26.5204 0.5
1 413.839 -32.6778 99.7712 0.5
1 408.479 -30.0538 -99.9999 0.5
1 369.286 112.393 66.5221 0.5
1 473.776 -243.238 -1.71334 0.5
1 371.236 -55.1623 -44.5797 0.5
1 495.505 -258.322 -63.2793 0.5
1 499.172 -246.531 80.5284 0.5
1 381.14 -22.3708 -91.8391 0.5
1 371.978 60.6676 -96.1153 0.5
1 477.378 -141.777 99.7019 0.5
1 446.345 -111.643 -98.7276 0.5
1 350.762 63.2662 99.7855 0.5
1 498.995 -224.142 -92.8198 0.5
1 383.634 -86.8868 6.87641 0.5
1 424.149 -152.067 -31.9192 0.5
1 348.024 123.316 87.3061 0.5
1 361.697 99.425 -87.4222 0.5
1 479.767 -70.7113 55.8952 0.5
1 477.122 -243.519 32.7948 0.5
1 454.601 -188.766 -61.6646 0.5
1 387.11 -53.7975 -79.5054 0.5
1 452.766 -80.1451 -96.3644 0.5
1 416.724 49.0694 -35.4496 0.5
1 476.241 -61.9565 51.7534 0.5
1 460.933 -93.9873 96.2801 0.5
1 352.285 -32.4424 8.74858 0.5
1 367.438 10.3344 95.205 0.5
1 388.566 61.3679 -82.1409 0.5
1 452.271 -122.446 -98.6394 0.5
1 446.827 -31.2919 75.7494 0.5
1 444.519 -32.1225 79.6559 0.5
1 345.11 147.13 73.7567 0.5
1 364.761 74.7926 95.6337 0.5
1 499.112 -175.044 99.2661 0.5
1 414.457 59.4186 -3.75869 0.5
1 421.793 -152.277 13.6786 0.5
1 498.39 -247.201 -78.9968 0.5
1 343.206 63.4451 -98.0891 0.5
1 380.004 87.4985 -73.01 0.5
1 350.588 168.779 -16.2873 0.5
1 474.735 -52.158 37.3651 0.5
1 431.201 -158.856 44.9166 0.5
1 333.862 8.68421 -42.7545 0.5
1 442.237 -84.8326 99.928 0.5
1 399.687 -69.5289 -83.7779 0.5
1 422.294 -143.405 44.9634 0.5
1 338.25 -8.50824 1.20541 0.5
1 415.919 -57.2503 98.9856 0.5
1 354.754 -28.6706 -40.1874 0.5
1 334.462 181.992 54.3402 0.5
1 355.545 5.6199 82.9106 0.5
1 450.047 -159.609 81.8473 0.5
1 459.609 -181.924 -77.4903 0.5
1 471.586 -204.873 -75.6387 0.5
1 349.582 171.855 0.642877 0.5
1 392.328 93.6123 28.6946 0.5
1 428.923 -163.377 20.8125 0.5
1 436.775 11.857 41.4079 0.5
1 406.582 65.1048 -39.2484 0.5
1 488.68 -138.284 95.1437 0.5
1 360.487 134.725 57.582 0.5
1 473.278 -221.08 -61.7102 0.5
1 472.545 -70.8292 71.1265 0.5
1 352.43 -32.9741 -4.50795 0.5
1 352.666 -25.5314 39.0822 0.5
2 649.031 15.2014 -84.0037 0.5
2 646.344 21.6188 90.1967 0.5
2 572.5 -105.189 90.7118 0.5
2 579.151 -11.1762 -91.4735 0.5
2 550.644 -3.71452 -23.3199 0.5
2 523.177 -50.7848 21.1079 0.5
2 584.679 -77.5731 93.4613 0.5
2 593.211 -126.868 -8.48353 0.5
2 633.474 123.779 -58.2674 0.5
2 531.709 -93.3407 -91.4703 0.5
2 539.046 -221.041 -0.939907 0.5
2 549.405 -141.167 92.4724 0.5
2 552.718 -86.0831 -99.3615 0.5
2 644.542 20.8412 91.2813 0.5
2 607.55 -102.248 -5.39409 0.5
2 549.953 -158.345 82.7196 0.5
2 651.823 96.8828 -97.4145 0.5
2 603.116 -90.8577 58.9382 0.5
2 629.707 91.2281 -83.3556 0.5
2 651.854 123.094 87.3125 0.5
2 655.493 -10.6162 -40.88 0.5
2 505.456 -151.89 -96.1918 0.5
2 510.939 -139.11 -95.1971 0.5
2 582.208 50.9807 23.2165 0.5
2 647.971 157.194 44.4539 0.5
2 566.816 19.1879 -38.8743 0.5
2 588.339 -118.046 -56.6912 0.5
2 550.126 -17.4957 -53.7002 0.5
2 610.146 -41.0683 90.2008 0.5
2 607.309 -24.817 97.5485 0.5
2 535.253 -57.4498 -71.2514 0.5
2 657.41 8.5134 65.6263 0.5
2 525.113 -174.118 95.7207 0.5
2 664.012 35.4578 80.0413 0.5
2 522.625 -246.201 -25.4283 0.5
2 622.77 -30.4294 83.91 0.5
2 617.968 110.73 -30.9868 0.5
2 644.181 -17.4994 -61.882 0.5
2 534.945 -163.727 93.457 0.5
2 653.828 65.9632 -99.3015 0.5
2 624.141 100.107 -67.519 0.5
2 622.65 -32.8832 82.4097 0.5
2 548.901 -42.5085 -78.8774 0.5
2 630.824 135.816 -20.404 0.5
2 530.602 -94.9297 -91.3247 0.5
2 556.344 -108.8 98.4184 0.5
2 504.039 -225.403 89.9346 0.5
2 544.962 -46.598 -76.6703 0.5
2 601.21 56.1897 -71.8394 0.5
2 584.471 -8.81393 94.2029 0.5
2 590.64 -130.82 -13.1054 0.5
2 519.072 -186.062 -95.2607 0.5
2 665.892 123.325 -96.91 0.5
2 651.605 -22.1565 -27.7646 0.5
2 528.262 -127.924 99.3012 0.5
2 619.68 -14.603 94.3209 0.5
2 627.663 -67.5434 -1.60413 0.5
2 503.641 -168.388 99.0179 0.5
2 661.173 53.9079 93.0705 0.5
2 580.849 44.3358 36.817 0.5
2 506.747 -274.607 21.695 0.5
2 636.5 -51.1211 14.9905 0.5
2 586.139 -135.12 -29.1972 0.5
2 599.771 55.1659 70.3878 0.5
2 500.975 -229.446 -90.5387 0.5
2 566.889 -41.214 94.8737 0.5
2 554.963 -28.533 76.0422 0.5
2 660.818 154.827 76.0308 0.5
2 630.567 39.6925 -99.9754 0.5
2 660.455 188.079 -15.2068 0.5
2 537.747 -148.496 -96.7728 0.5
2 535.806 -217.722 -41.3198 0.5
2 529.327 -210.928 -68.293 0.5
2 660.142 105.096 -98.6465 0.5
2 592.17 -97.5474 72.8398 0.5
2 502.696 -281.904 20.3905 0.5
2 561.716 -110.828 95.6879 0.5
2 599.141 -72.6194 83.0773 0.5
2 633.571 -57.016 7.84403 0.5
2 517.659 -224.894 74.4107 0.5
2 558.511 0.462323 47.8784 0.5
2 569.162 23.2074 -38.9779 0.5
2 560.012 -104.191 98.0883 0.5
2 541.906 -210.302 -33.5319 0.5
2 543.952 -42.5334 -71.3995 0.5
2 558.184 -171.759 54.4716 0.5
2 562.875 -179.738 -2.6377 0.5
2 512.861 -211.173 -89.4166 0.5
2 546.599 -18.4886 -44.6582 0.5
2 555.987 -191.662 -2.84715 0.5
2 571.051 -58.7812 99.7665 0.5
2 558.068 -85.6195 99.9693 0.5
2 524.671 -71.5568 -66.8321 0.5
2 551.687 -157.061 -81.5254 0.5
2 602.536 -48.9471 92.5524 0.5
2 632.086 90.4983 -86.374 0.5
2 651.163 20.0874 -84.7631 0.5
2 541.169 -121.712 99.9056 0.5
2 584.716 -108 -75.0753 0.5
2 625.344 13.8808 98.9365 0.5
2 651.027 49.5234 -97.2265 0.5
2 624.208 123.113 25.6542 0.5
2 570.566 -33.3041 94.3467 0.5
2 535.132 -66.0234 78.6173 0.5
2 659.545 5.95889 -57.6559 0.5
2 612.441 62.4835 -82.5745 0.5
2 632.633 51.0939 -99.4946 0.5
2 646.202 3.30638 79.0488 0.5
2 659.396 25.2856 -78.3637 0.5
2 624.766 -1.89929 -95.6033 0.5
2 524.043 -124.417 97.4093 0.5
2 592.496 -63.0413 -93.8329 0.5
2 500.755 -140.391 -88.2789 0.5
2 577.465 -131.152 64.2245 0.5
2 562.487 -43.6226 92.9739 0.5
2 606.297 -13.937 99.5597 0.5
2 617.02 -76.556 42.4034 0.5
2 526.211 -44.6183 16.3307 0.5
2 513.181 -78.3494 48.4216 0.5
2 598.336 -103.802 -51.946 0.5
2 554.802 -81.718 -99.2729 0.5
2 591.95 46.8109 64.7299 0.5
2 657.276 -15.0747 -15.3827 0.5
2 591.493 -68.3956 92.4201 0.5
2 615.999 -81.0952 -35.8917 0.5
2 626.246 44.6985 98.9122 0.5
2 651.383 63.269 99.4724 0.5
2 658.264 173.271 47.8206 0.5
2 658.953 46.9261 -91.7757 0.5
2 615.178 110.357 -9.60224 0.5
2 656.604 140.848 81.2635 0.5
2 533.373 -85.5451 89.1374 0.5
2 512.114 -265.282 -21.8247 0.5
2 659.366 105.283 98.3797 0.5
2 630.913 -42.6931 -58.9639 0.5
2 610.359 -72.3198 -66.3793 0.5
2 634.665 23.6141 -97.7794 0.5
2 613.83 -73.0237 57.9339 0.5
2 518.452 -220.956 76.6368 0.5
2 611.994 -85.8674 -41.0829 0.5
2 631.282 -61.1011 -6.10123 0.5
2 588.067 61.6053 -21.123 0.5
2 641.344 101.748 88.9943 0.5
2 520.789 -69.0263 54.8093 0.5
2 540.13 -218.296 -13.172 0.5
2 546.444 -22.1561 50.9024 0.5
2 638.567 100.246 -87.2194 0.5
2 590.081 57.891 -42.4546 0.5
2 519.84 -172.156 -98.3951 0.5
2 658.833 143.611 -82.04 0.5
2 523.582 -200.693 -84.8855 0.5
2 582.65 54.3491 5.08854 0.5
2 603.474 57.6769 74.119 0.5
2 629.573 -61.9754 21.1985 0.5
2 518.072 -101.624 -83.0176 0.5
2 620.142 24.2446 99.8834 0.5
2 527.995 -155.504 -98.8199 0.5
2 606.494 87.833 -39.0629 0.5
2 616.908 -29.9717 -89.9034 0.5
2 517.661 -238.296 59.7188 0.5
2 542.582 -212.345 -22.5498 0.5
2 606.724 -75.1973 70.0423 0.5
2 619.667 61.7425 90.2117 0.5
2 560.219 -180.341 28.1112 0.5
2 519.271 -103.181 85.3457 0.5
2 632.225 14.5036 -96.6033 0.5
2 659.211 18.1381 -72.43 0.5
2 652.2 99.9626 -96.8196 0.5
2 600.262 76.2202 -40.9395 0.5
2 540.538 -98.933 -98.0745 0.5
2 587.994 -90.0607 84.2971 0.5
2 518.923 -233.26 63.3661 0.5
2 530.252 -199.037 77.8533 0.5
2 636.35 9.91909 -92.6737 0.5
2 650.072 155.234 -54.2935 0.5
2 546.907 -56.7093 86.1823 0.5
2 651.864 -24.6279 14.1836 0.5
2 581.148 -44.0394 -99.9166 0.5
2 640.215 118.875 -76.257 0.5
2 628.934 11.5111 -97.2874 0.5
2 534.841 -31.4307 -24.716 0.5
2 633.701 142.378 10.224 0.5
2 631.006 138.045 6.15168 0.5
2 520.597 -217.849 -76.1232 0.5
2 638.403 126.618 65.4897 0.5
2 558.985 -7.40639 61.1767 0.5
2 543.664 -149.779 93.0092 0.5
2 620.324 96.4891 64.0973 0.5
2 645.488 132.742 -71.9736 0.5
2 555.505 6.28202 -15.3194 0.5
2 521.481 -240.89 -44.7658 0.5
2 607.984 -71.327 -71.7206 0.5
2 561.573 17.8216 -5.47854 0.5
2 585.291 -0.0270031 91.2443 0.5
2 591.368 -114.947 53.4371 0.5
2 512.874 -87.4976 61.4664 0.5
2 599.959 79.5881 -30.8266 0.5
2 500.4 -231.321 -90.1207 0.5
2 649.206 11.9288 -81.5838 0.5
2 521.078 -115.211 92.9212 0.5
2 557.039 -146.701 -82.2884 0.5
2 527.658 -240.521 7.05904 0.5
2 539.399 -40.064 -59.5036 0.5
2 537.39 -50.4519 67.8483 0.5
2 615.784 -74.7311 -50.0042 0.5
2 635.25 140.891 -30.2808 0.5
2 568.698 -5.41589 76.6117 0.5
2 581.57 -135.473 47.3457 0.5
2 551.689 -10.3941 46.0764 0.5
2 523.27 -155.174 -99.7683 0.5
2 602.189 -5.91981 -99.8341 0.5
2 506.048 -80.6117 21.8343 0.5
2 655.447 65.3814 -98.8402 0.5
2 624.895 125.265 -21.7063 0.5
2 579.572 -141.128 -43.015 0.5
2 510.807 -190.381 97.8919 0.5
2 628.687 -62.7722 24.35 0.5
2 520.546 -81.1738 69.4867 0.5
2 647.874 49.9301 -98.4533 0.5
2 525.987 -142.82 -99.9964 0.5
2 648.141 -29.5155 22.5314 0.5
2 536.687 -222.778 21.5684 0.5
2 529.6 -80.0307 81.903 0.5
2 528.738 -102.08 -92.9745 0.5
2 607.666 -48.1303 -88.8243 0.5
2 607.501 -32.215 -95.4762 0.5
2 510.62 -72.5427 21.1498 0.5
2 577.799 38.8963 -37.207 0.5
2 654.385 175.524 -25.1106 0.5
2 594.149 -114.57 45.6609 0.5
2 646.231 160.635 27.8954 0.5
2 500.785 -184.558 99.962 0.5
2 610.388 -84.2428 -49.7159 0.5
2 658.071 56.9533 95.9535 0.5
2 643.383 58.0614 99.987 0.5
2 558.641 -180.974 -34.4777 0.5
2 645.426 141.616 62.0681 0.5
2 543.324 -126.577 -99.159 0.5
2 511.309 -241.053 69.4331 0.5
2 638.003 -38.2726 -46.3203 0.5
2 654.141 -4.15599 -56.5711 0.5
2 507.192 -129.883 -88.6178 0.5
2 620.876 -56.6344 63.413 0.5
2 552.4 -62.7636 -93.6183 0.5
2 598.341 -8.392 -99.5036 0.5
2 504.897 -261.096 -58.7766 0.5
2 545.574 -186.499 64.092 0.5
2 587.895 -120.958 53.4438 0.5
2 659.055 186.271 10.4197 0.5
2 554.187 3.91326 -15.8615 0.5
2 592.3 -105.717 -63.9111 0.5
2 583.625 33.9795 -62.8111 0.5
2 606.501 -76.7585 68.8246 0.5
2 630.594 75.1417 -92.6531 0.5
2 580.596 -8.30447 -91.3094 0.5
2 584.479 -81.261 92.1203 0.5
2 627.35 -67.0655 14.3405 0.5
2 577.541 -91.7518 92.7506 0.5
2 588.802 -24.7232 99.4843 0.5
2 591.802 -112.769 -55.629 0.5
2 537.667 -26.5583 -24.8023 0.5
2 508.46 -222.21 -87.6241 0.5
2 645.629 163.53 -2.49753 0.5
2 617.763 25.398 -99.4885 0.5
2 505.041 -100.038 -60.1253 0.5
2 600.917 -106.779 -37.0137 0.5
2 600.811 82.9893 24.0913 0.5
2 643.191 154.349 31.1923 0.5
2 656.252 167.035 52.5605 0.5
2 604.669 -48.9458 -90.9539 0.5
2 572.596 -152.345 44.7852 0.5
2 649.333 13.0136 82.1897 0.5
2 531.851 -33.98 -9.71709 0.5
2 529.463 -127.385 -99.4724 0.5
2 541.488 -30.8887 -51.1521 0.5
2 500.333 -159.073 -95.6952 0.5
2 553.393 -102.243 -99.817 0.5
2 534.119 -142.118 -99.2108 0.5
2 614.501 -6.72217 -98.6513 0.5
2 571.914 -162.748 -16.4863 0.5
2 540.394 -95.0968 97.1721 0.5
2 519.614 -87.6647 -74.2019 0.5
2 527.51 -132.136 99.604 0.5
2 588.188 33.598 71.8748 0.5
2 508.126 -159.111 -98.7931 0.5
2 573.724 -160.502 -9.77149 0.5
2 540.146 -19.3123 -5.84924 0.5
2 607.97 -91.7488 -43.4181 0.5
2 514.5 -65.9053 21.5266 0.5
2 591.139 -128.598 -20.9543 0.5
2 593.595 73.0033 -9.29846 0.5
2 613.4 -91.0426 -15.5648 0.5
2 517.795 -232.078 -67.0123 0.5
2 576.821 16.8488 -68.911 0.5
2 519.338 -252.86 21.4175 0.5
2 517.351 -99.5022 80.6525 0.5
2 552.394 -164.949 -74.2152 0.5
2 510.956 -168.096 99.9872 0.5
2 533.795 -167.501 -92.7587 0.5
2 530.75 -235.366 3.12276 0.5
2 520.354 -248.697 30.3723 0.5
2 567.683 -170.442 -14.1238 0.5
2 595.456 -118.284 -31.3952 0.5
2 660.373 187.625 17.103 0.5
2 552.003 -106.211 99.7102 0.5
2 568.754 -161.178 -40.1455 0.5
2 580.261 49.217 14.9561 0.5
2 582.659 -82.0472 -93.0845 0.5
2 647.547 -4.03433 -70.5022 0.5
2 649.655 84.9128 -98.9609 0.5
2 548.59 -138.672 -93.9853 0.5
2 521.293 -142.25 99.5435 0.5
2 593.193 -126.926 8.16064 0.5
2 611.587 21.1064 -98.6283 0.5
2 557.249 -24.5076 -75.985 0.5
2 568.238 -166.777 -26.9743 0.5
2 634.684 54.422 99.517 0.5
2 579.968 47.9466 -19.3319 0.5
2 575.807 21.8797 -60.984 0.5
2 604.566 -106.009 17.5532 0.5
2 628.415 -59.5742 -35.9339 0.5
2 617.187 -72.4009 -49.8303 0.5
2 588.552 41.8161 -63.6665 0.5
2 600.618 -23.9877 -99.5392 0.5
2 609.334 45.3134 -89.495 0.5
2 506.844 -82.1337 32.1629 0.5
2 520.208 -56.9398 -25.3451 0.5
2 548.642 -150.916 88.5355 0.5
2 540.524 -202.587 -54.1007 0.5
2 525.29 -55.2775 -44.4183 0.5
2 519.982 -248.809 -31.9946 0.5
2 579.26 12.9827 -76.523 0.5
2 532.32 -128.606 99.9163 0.5
2 636.847 -44.1061 -38.1013 0.5
2 577.25 -133.934 -61.2344 0.5
2 533.261 -82.9552 87.666 0.5
2 658.884 -7.29069 -34.6335 0.5
2 553.627 -194.869 -13.5475 0.5
2 631.186 6.87443 94.8519 0.5
2 556.319 -171.133 59.9942 0.5
2 563.1 -65.8378 -99.0784 0.5
2 636.33 79.9305 94.5796 0.5
2 538.88 -218.639 23.0536 0.5
2 521.73 -251.038 -0.260794 0.5
2 613.003 -62.0457 72.2878 0.5
2 514.819 -222.902 -80.0784 0.5
2 502.653 -239.065 83.5257 0.5
2 593.159 46.934 -66.9822 0.5
2 662.145 59.8144 -94.6213 0.5
2 508.712 -169.574 99.9195 0.5
2 523.519 -219.269 70.0847 0.5
2 623.995 -16.8924 -90.2911 0.5
2 637.677 46.7966 -99.9552 0.5
2 651.885 108.781 93.9029 0.5
2 529.413 -89.9748 -87.8597 0.5
2 662.518 -6.20276 13.9923 0.5
2 551.054 -177.783 -63.1524 0.5
2 526.665 -226.738 53.871 0.5
2 606.264 -86.2699 -57.7343 0.5
2 621.348 90.3705 -72.51 0.5
2 576.157 -70.2931 -99.081 0.5
2 520.325 -56.431 24.1498 0.5
2 564.349 -173.655 -26.4568 0.5
2 515.404 -179.912 -98.3817 0.5
2 507.531 -104.565 -70.3528 0.5
2 660.353 93.4023 -99.9059 0.5
2 586.079 48.1347 48.0198 0.5
2 555.654 -8.88757 55.1896 0.5
2 634.587 -55.425 5.25929 0.5
2 518.495 -166.959 -99.4664 0.5
2 663.077 75.1914 98.2567 0.5
2 661.577 122.415 94.9984 0.5
2 621.626 -35.3418 81.9357 0.5
2 636.066 145.823 15.2849 0.5
2 562.944 -94.2974 98.9218 0.5
2 527.542 -76.4057 76.3638 0.5
2 540.119 -75.0579 89.7362 0.5
2 632.542 14.6436 96.493 0.5
2 607.694 20.7712 97.3391 0.5
2 626.682 118.651 47.6689 0.5
2 531.743 -142.965 -99.5695 0.5
2 535.864 -151.551 96.8259 0.5
2 577.315 3.5531 -81.2367 0.5
2 543.502 -157.714 89.6093 0.5
2 653.552 115.052 92.5939 0.5
2 605.825 73.4795 61.4901 0.5
2 621.493 57.7039 93.3158 0.5
2 551.415 -175.713 -64.8852 0.5
2 578.861 27.3576 -60.7378 0.5
2 574.374 38.6977 16.9449 0.5
2 620.27 106.019 50.3817 0.5
2 541.674 -202.917 -50.3088 0.5
2 505.345 -277.691 18.5035 0.5
2 610.044 20.9942 98.1654 0.5
2 516.51 -128.398 -94.8485 0.5
2 653.024 33.7841 -90.4791 0.5
2 507.107 -142.776 94.1904 0.5
2 520.806 -122.489 95.347 0.5
2 594.45 70.7919 28.4272 0.5
2 629.635 -45.404 -58.2766 0.5
2 627.48 2.57866 -95.5347 0.5
2 533.852 -223.19 36.3771 0.5
2 565.106 -175.854 3.32298 0.5
2 607.952 97.9579 -8.30597 0.5
2 564.774 -21.6905 -83.653 0.5
2 630.347 46.1876 -99.5855 0.5
2 523.418 -58.9704 45.3162 0.5
2 645.202 -36.9876 -6.16276 0.5
2 507.052 -170.989 -99.8502 0.5
2 622.692 -37.2187 79.2003 0.5
2 538.104 -70.4147 85.256 0.5
2 552.798 -173.564 -64.5966 0.5
2 519.583 -219.849 75.9143 0.5
2 654.823 165.321 51.3076 0.5
2 648.384 72.7126 -99.9041 0.5
2 587.195 31.3713 -72.362 0.5
2 535.517 -227.153 0.877857 0.5
2 595.583 6.59972 -95.4816 0.5
2 609.74 -95.3872 -25.1423 0.5
2 531.527 -207.395 -67.9942 0.5
2 555.858 6.63548 -16.9031 0.5
2 659.33 173.916 -49.9644 0.5
2 565.986 -143.691 -72.0871 0.5
2 601.741 78.8877 40.7017 0.5
2 596.199 -6.06566 -98.7135 0.5
2 502.157 -104.2 -59.0019 0.5
2 501.95 -198.546 99.1186 0.5
2 635.837 87.6193 91.2005 0.5
2 548.231 -28.2212 -63.9056 0.5
2 590.884 -110.507 -60.9903 0.5
2 564.38 -171.671 32.6933 0.5
2 550.487 -125.745 96.9482 0.5
2 523.787 -99.908 -87.9622 0.5
2 576.521 -143.536 -48.5951 0.5
2 616.342 30.8335 98.3669 0.5
2 539.179 -166.2 -89.108 0.5
2 556.404 -39.7759 85.8963 0.5
2 639.202 31.6521 97.8176 0.5
2 618.51 -68.4947 -52.5415 0.5
2 589.366 -34.377 -99.9988 0.5
2 529.691 -233.881 -25.7341 0.5
2 639.401 -4.48429 -81.9838 0.5
2 595.617 -57.494 -93.8851 0.5
2 503.276 -142.307 91.3452 0.5
2 520.375 -247.294 -34.3656 0.5
2 525.779 -241.991 20.0645 0.5
2 652.748 121.678 88.9021 0.5
2 586.037 53.5076 36.3416 0.5
2 555.549 -45.4508 -88.2609 0.5
2 620.751 96.848 -64.5492 0.5
2 608.874 -85.1074 -52.6658 0.5
2 511.099 -241.094 -69.7653 0.5
2 580.656 -103.452 83.8582 0.5
2 535.295 -38.0449 -44.6132 0.5
2 600.336 -7.12507 -99.6982 0.5
2 596.562 -120.464 -13.8314 0.5
2 574.991 -154.128 -30.1665 0.5
2 608.546 15.3083 98.7154 0.5
2 595.074 71.7677 -28.7759 0.5
2 630.843 119.025 58.5416 0.5
2 578.341 -78.409 96.7141 0.5
2 661.863 165.033 -67.9661 0.5
2 543.876 -189.669 -63.8165 0.5
2 658.346 182.448 -24.8674 0.5
2 537.337 -58.3889 -75.462 0.5
2 553.904 -173.45 -62.4041 0.5
2 661.627 139.201 -87.7658 0.5
2 538.041 -123.875 99.9941 0.5
2 572.962 -132.567 71.1522 0.5
2 575.055 41.2155 -4.65305 0.5
2 624.395 -26.0908 84.8783 0.5
2 655.984 31.757 86.7516 0.5
2 592.159 -94.6241 -75.5 0.5
2 557.878 -79.6743 99.6162 0.5
2 653.496 177.065 -4.94581 0.5
2 549.988 -192.322 43.1139 0.5
2 546.56 -137.352 95.6047 0.5
2 613.302 68.105 -79.5963 0.5
2 601.966 87.8862 3.14683 0.5
2 614.745 97.4545 -48.6187 0.5
2 578.37 9.81167 -77.8644 0.5
2 615.16 -82.6034 35.7511 0.5
2 503.282 -216.646 94.1664 0.5
2 632.507 -58.5395 -11.1737 0.5
2 604.54 83.85 40.4437 0.5
2 539.953 -212.17 -37.5168 0.5
2 557.546 10.6328 8.5298 0.5
2 565.116 -14.6904 79.0855 0.5
2 624.855 123.854 27.0401 0.5
2 503.734 -98.87 -55.2692 0.5
2 666.464 190.751 41.2351 0.5
2 561.39 17.0437 -11.0438 0.5
2 537.643 -195.98 68.8699 0.5
2 585.315 25.5907 -74.6885 0.5
2 570.688 -166.141 -4.45591 0.5
2 665.703 193.089 -31.9524 0.5
2 508.012 -197.668 97.3498 0.5
2 622.019 121.196 -17.088 0.5
2 501.533 -222.565 93.0831 0.5
2 629.74 -35.7645 -69.5977 0.5
2 613.809 -53.0457 78.8581 0.5
2 555.662 -83.0312 99.5727 0.5
2 610.115 -38.0528 -91.6066 0.5
2 589.476 -72.3373 -92.2338 0.5
2 577.794 -130.581 -64.2261 0.5
2 619.478 10.3757 -99.6882 0.5
2 635.923 4.45044 -90.6131 0.5
2 644.202 160.965 5.0224 0.5
2 551.057 -45.8221 83.8957 0.5
2 554.783 -156.879 -77.5864 0.5
2 650.852 96.8072 -97.028 0.5
2 560.89 -161.004 62.8352 0.5
2 586.755 -109.92 69.9027 0.5
2 556.597 -28.1429 -78.0603 0.5
2 552.159 -176.082 -62.8897 0.5
2 632.962 136.996 30.0629 0.5
2 548.113 -69.9673 93.5348 0.5
2 511.936 -69.0084 -14.158 0.5
2 624.6 -72.8562 1.10361 0.5
2 573.415 -27.1029 93.8917 0.5
2 646.014 -9.45851 67.604 0.5
2 570.48 -103.56 -92.9191 0.5
2 551.382 -62.5566 -92.8542 0.5
2 542.802 -213.752 12.5324 0.5
2 539.982 -219.176 7.04561 0.5
2 561.043 14.1795 23.8028 0.5
2 544.084 -116.143 -99.9269 0.5
2 578.706 -106.288 84.2079 0.5
2 622.261 -76.6542 -7.18652 0.5
2 506.389 -243.616 -75.1209 0.5
2 660.783 159.904 71.3217 0.5
2 560.509 -64.588 98.1232 0.5
2 662.692 127.424 93.9303 0.5
2 594.95 25.0072 87.0457 0.5
2 552.588 -127.672 -95.3683 0.5
2 656.077 -17.89 9.49007 0.5
2 512.98 -128.925 -92.7961 0.5
2 582.844 23.6826 72.5067 0.5
2 665.303 147.937 86.4286 0.5
2 643.428 -17.957 62.9423 0.5
2 624.767 117.76 42.8975 0.5
2 558.994 -116.008 95.5457 0.5
2 579.283 14.7825 75.008 0.5
2 517.881 -252.019 33.239 0.5
2 612.032 -3.95553 99.5642 0.5
2 623.332 116.694 39.7695 0.5
2 661.554 8.58492 56.4261 0.5
2 662.596 94.5681 -99.9869 0.5
2 547.756 -10.8416 30.8673 0.5
2 635.153 -26.8287 -69.1413 0.5
2 640.025 46.3183 99.7155 0.5
2 523.078 -228.89 59.7513 0.5
2 585.064 49.7255 41.3175 0.5
2 619.986 -55.9193 -66.0697 0.5
2 582.446 53.226 13.3786 0.5
2 554.101 3.87297 15.1734 0.5
2 530.761 -35.7812 8.77456 0.5
2 514.985 -84.4299 -62.2137 0.5
2 524.735 -139.768 99.8159 0.5
2 653.211 -6.10238 56.0768 0.5
2 534.799 -145.843 -98.4672 0.5
2 627.18 109.85 62.2743 0.5
2 596.751 63.7249 52.9639 0.5
2 636.908 128.032 -60.5624 0.5
2 563.636 -169.245 -41.917 0.5
2 598.321 -80.9607 77.997 0.5
2 521.531 -75.1185 64.682 0.5
2 519.19 -255.078 8.47411 0.5
2 543.819 -183.337 -70.8621 0.5
2 503.639 -203.306 -97.7845 0.5
2 642.412 120.551 78.0133 0.5
2 664.96 13.2831 -54.6276 0.5
2 627.141 -61.0669 37.7352 0.5
2 517.912 -215.761 81.3833 0.5
2 605.472 33.8239 -91.7314 0.5
2 558.819 -159.646 68.5068 0.5
2 643.233 159.356 -3.33904 0.5
2 515.522 -156.528 -99.8614 0.5
2 648.038 -0.95257 72.6782 0.5
2 655.567 -18.0589 15.233 0.5
2 591.86 22.534 -85.3534 0.5
2 538.701 -48.7503 -68.4598 0.5
2 539.539 -147.677 96.1486 0.5
2 601.45 82.8262 28.7294 0.5
2 629.044 129.019 -33.6094 0.5
2 632.65 -2.09479 90.1989 0.5
2 621.445 -34.3084 82.8613 0.5
2 618.583 -80.5817 23.087 0.5
2 502.057 -274.189 -45.4478 0.5
3 842.969 87.0575 -99.1589 0.5
3 873.137 54.6237 -89.1122 0.5
3 910.539 195.562 -29.4602 0.5
3 850.529 136.411 93.1354 0.5
3 675.307 76.1429 97.1125 0.5
3 691.363 35.2305 -76.19 0.5
3 834.692 90.0508 99.5038 0.5
3 958.997 20.1222 -60.1626 0.5
3 901.912 120.117 97.9555 0.5
3 707.875 38.5816 -78.9163 0.5
3 954.283 186.756 49.7326 0.5
3 726.597 0.0540061 3.28608 0.5
3 779.561 8.19328 -39.6425 0.5
3 706.974 80.5983 98.0998 0.5
3 986.679 32.288 73.5872 0.5
3 904.901 199.99 1.39157 0.5
3 702.314 8.06497 39.344 0.5
3 862.788 8.19708 -39.6513 0.5
3 858.998 193.495 35.4777 0.5
3 756.252 122.015 -97.5466 0.5
3 839.625 56.83 90.2017 0.5
3 781.576 7.2697 -37.4312 0.5
3 763.583 121.494 97.6627 0.5
3 960.657 11.8353 -47.191 0.5
3 747.934 123.425 97.2175 0.5
3 683.055 97.7346 -99.9743 0.5
3 906.977 1.34347 16.3368 0.5
3 963.391 14.0811 51.1658 0.5
3 691.486 0.136309 5.21949 0.5
3 969.679 156.164 -82.738 0.5
3 739.465 19.5588 59.4071 0.5
3 682.097 123.02 -97.3144 0.5
3 878.485 63.0403 92.9192 0.5
3 722.544 31.2876 72.654 0.5
3 901.542 154.513 83.8351 0.5
3 824.394 107.24 99.7376 0.5
3 909.426 29.2982 -70.7196 0.5
3 958.89 188.179 -47.1638 0.5
3 898.931 60.5689 -91.8977 0.5
3 691.756 179.602 -60.5267 0.5
3 793.629 7.45348 -37.8833 0.5
3 667.815 22.3277 62.9843 0.5
3 888.667 199.289 11.9071 0.5
3 707.785 199.683 -7.96188 0.5
3 775.23 120.718 -97.8303 0.5
3 880.965 179.843 -60.2083 0.5
3 772.432 191.296 40.8039 0.5
3 899.769 151.992 -85.4214 0.5
3 954.363 171.343 -70.0726 0.5
3 909.403 197.4 22.6557 0.5
3 698.675 113.105 -99.1376 0.5
3 827.315 28.9492 70.3689 0.5
3 922.172 199.976 -2.19548 0.5
3 677.047 154.169 -84.0576 0.5
3 899.976 16.2663 -54.6688 0.5
3 843.276 197.53 22.09 0.5
3 998.669 168.192 -73.1425 0.5
3 668.821 34.5069 -75.5689 0.5
3 792.792 9.04964 41.5696 0.5
3 772.215 3.58822 -26.5475 0.5
3 733.387 145.515 -89.0412 0.5
3 701.294 15.0532 -52.764 0.5
3 767.506 108.207 -99.6626 0.5
3 788.332 199.96 -2.82143 0.5
3 791.335 5.31787 32.176 0.5
3 918.416 31.679 73.0222 0.5
3 844.958 194.623 -32.3492 0.5
3 822.692 171.673 -69.7347 0.5
3 866.152 130.616 95.1979 0.5
3 873.746 199.722 7.44514 0.5
3 989.188 67.5277 -94.5809 0.5
3 761.112 139.44 91.8937 0.5
3 885.378 15.3477 -53.2352 0.5
3 672.256 160.923 79.2996 0.5
3 737.73 4.6091 -30.0096 0.5
3 891.923 135.525 -93.4772 0.5
3 673.443 0.108706 4.66148 0.5
3 724.876 198.839 15.1915 0.5
3 803.251 113.157 99.1307 0.5
3 858.646 1.09938 14.7874 0.5
3 894.003 136.749 -93.0027 0.5
3 794.773 8.8493 -41.1284 0.5
3 805.71 157.925 81.5152 0.5
3 682.155 7.87559 -38.8985 0.5
3 789.215 183.141 -55.5653 0.5
3 915.412 188.51 -46.541 0.5
3 674.028 46.2172 84.3054 0.5
3 879.709 24.4876 -65.5581 0.5
3 740.389 192.824 -37.1977 0.5
3 947.244 198.941 -14.5144 0.5
3 923.582 4.52633 29.7452 0.5
3 978.855 169.324 -72.0711 0.5
3 970.164 115.98 -98.715 0.5
3 965.882 74.5177 -96.6988 0.5
3 720.924 0.362857 -8.51115 0.5
3 965.817 10.3814 44.3679 0.5
3 905.191 0.172262 -5.86709 0.5
3 811.371 39.0104 79.2481 0.5
3 827.506 0.00181739 -0.602889 0.5
3 977.525 0.407702 9.02077 0.5
3 834.305 14.9431 -52.5864 0.5
3 722.885 0.463246 9.61429 0.5
3 828.329 196.296 26.9637 0.5
3 934.27 188.582 -46.4038 0.5
3 844.619 4.74761 30.4464 0.5
3 720.33 196.947 -24.5209 0.5
3 896.421 199.695 7.80667 0.5
3 892.233 167.29 -73.9731 0.5
3 870.061 31.7256 -73.0657 0.5
3 876.524 193.732 -34.846 0.5
3 765.101 52.3477 -87.9162 0.5
3 691.906 62.5373 92.7176 0.5
3 992.866 175.68 -65.3641 0.5
3 722.289 0.028561 -2.38985 0.5
3 902.932 142.887 -90.3368 0.5
3 808.595 85.46 98.9373 0.5
3 821.068 90.1239 99.5111 0.5
3 779.293 155.697 -83.0535 0.5
3 871.34 199.126 13.1906 0.5
3 971.156 192.874 -37.0721 0.5
3 984.158 0.954446 13.7833 0.5
3 717.792 196.263 27.0806 0.5
3 791.975 16.197 -54.5624 0.5
3 785.346 148.971 87.1887 0.5
3 912.256 129.266 -95.6217 0.5
3 790.479 63.7404 93.1946 0.5
3 730.062 0.942913 -13.7001 0.5
3 680.739 174.739 -66.4391 0.5
3 971.416 95.4225 -99.8952 0.5
3 764.088 170.426 70.9943 0.5
3 819.678 143.569 -90.0097 0.5
3 704.438 71.7936 95.9395 0.5
3 999.15 177.007 -63.7954 0.5
3 972.035 0.392588 -8.85231 0.5
3 944.654 96.8984 99.9519 0.5
3 911.67 141.335 -91.0574 0.5
3 982.999 96.3935 -99.9349 0.5
3 866.305 163.203 -77.4947 0.5
3 680.224 0.902364 -13.4037 0.5
3 867.914 85.8227 98.9899 0.5
3 795.434 24.7716 65.8839 0.5
3 802.665 53.899 88.7395 0.5
3 705.616 160.567 -79.5716 0.5
3 920.599 15.6295 53.6807 0.5
3 872.184 52.1605 -87.8145 0.5
3 720.737 54.3956 88.9957 0.5
3 825.027 123.492 -97.2014 0.5
3 804.768 140.834 -91.2831 0.5
3 860.565 4.00189 28.0065 0.5
3 765.495 170.86 -70.5607 0.5
3 781.733 46.6654 -84.5897 0.5
3 991.15 0.0350387 2.64698 0.5
3 911.182 170.691 70.7307 0.5
3 965.436 21.9895 -62.5649 0.5
3 926.35 76.0676 -97.094 0.5
3 775.189 5.38604 32.3759 0.5
3 784.362 185.168 52.4068 0.5
3 750.307 5.87579 33.7732 0.5
3 926.247 59.3395 -91.3604 0.5
3 669.749 3.8115 -27.3454 0.5
3 876.848 72.0724 -96.0211 0.5
3 953.605 128.258 -95.9244 0.5
3 804.401 178.829 61.5308 0.5
3 803.738 4.21552 -28.7286 0.5
3 807.849 44.6478 -83.2834 0.5
3 720.288 0.826509 12.8304 0.5
3 949.829 162.639 77.9507 0.5
3 750.106 18.6786 58.1965 0.5
3 747.907 59.7949 91.5617 0.5
3 707.538 1.42601 -16.8276 0.5
3 754.268 178.917 -61.4169 0.5
3 778.153 174.567 66.6312 0.5
3 994.607 0.258187 -7.18127 0.5
3 993.365 0.00986723 1.40476 0.5
3 902.197 42.579 -81.8708 0.5
3 894.795 1.9936 19.8682 0.5
3 689.101 67.4104 -94.5406 0.5
3 724.339 195.344 30.1596 0.5
3 940.841 2.662 -22.9197 0.5
3 705.555 8.43831 40.2052 0.5
3 871.77 0.00384363 -0.876762 0.5
3 954.405 38.3172 -78.7098 0.5
3 853.444 111.657 -99.3182 0.5
3 731.727 55.4365 89.5215 0.5
3 787.917 111.013 -99.3917 0.5
3 693.955 194.335 33.1804 0.5
3 682.089 55.0696 -89.3379 0.5
3 783.245 22.382 63.0511 0.5
3 913.498 16.7777 -55.444 0.5
3 824.058 114.614 98.9265 0.5
3 862.683 30.6779 -72.0725 0.5
3 793.876 50.3468 -86.8018 0.5
3 894.059 3.06534 -24.5697 0.5
3 719.901 176.91 63.9132 0.5
3 893.821 199.115 13.2775 0.5
3 962.358 106.88 -99.7631 0.5
3 780.884 33.8489 74.9936 0.5
3 732.869 125.953 96.5734 0.5
3 710.511 0.0117549 -1.53324 0.5
3 825.001 34.4286 -75.501 0.5
3 706.741 89.1278 99.4072 0.5
3 916.322 182.225 -56.9128 0.5
3 927.234 139.432 -91.8973 0.5
3 852.548 190.896 -41.6884 0.5
3 998.793 84.7208 98.8258 0.5
3 954.831 26.0782 -67.3467 0.5
3 882.024 194.328 -33.2009 0.5
3 739.889 50.5669 86.9274 0.5
3 898.993 197.208 23.4647 0.5
3 779.285 64.6194 -93.5319 0.5
3 715.595 136.115 93.2507 0.5
3 807.371 60.3493 -91.8031 0.5
3 731.076 147.836 87.8162 0.5
3 790.907 75.2329 96.8844 0.5
3 673.086 11.959 47.4213 0.5
3 876.788 49.1954 -86.133 0.5
3 706.295 136.239 -93.2026 0.5
3 930.166 51.6281 -87.5224 0.5
3 711.032 162.117 78.3679 0.5
3 882.096 0.0549123 -3.31352 0.5
3 890.386 81.9997 98.3666 0.5
3 800.454 101.897 -99.982 0.5
3 861.333 11.6826 46.9046 0.5
3 714.562 196.577 25.9395 0.5
3 957.021 73.7153 96.4837 0.5
3 943.969 178.973 -61.3449 0.5
3 797.116 11.7027 46.9424 0.5
3 979.392 98.9181 99.9941 0.5
3 809.447 13.3666 -49.9465 0.5
3 717.594 56.0254 -89.8122 0.5
3 675.148 87.9578 -99.2723 0.5
3 989.86 120.616 97.8518 0.5
3 867.348 195.73 28.9081 0.5
3 732.031 81.8011 98.33 0.5
3 819.181 20.0685 -60.0912 0.5
3 820.606 111.356 -99.3531 0.5
3 754.32 170.509 -70.9117 0.5
3 939.442 184.123 -54.0678 0.5
3 955.404 184.645 -53.2466 0.5
3 992.081 51.0769 -87.2154 0.5
3 984.007 50.3411 86.7986 0.5
3 730.804 58.7253 91.0846 0.5
3 846.76 42.1335 -81.5565 0.5
3 804.422 133.292 94.2957 0.5
3 672.135 146.439 -88.5631 0.5
3 810.413 9.03002 41.5267 0.5
3 881.534 199.459 -10.3915 0.5
3 751.951 115.174 -98.8421 0.5
3 959.07 2.03788 20.0854 0.5
3 881.451 16.5777 55.1428 0.5
3 754.976 124.451 -96.9646 0.5
3 939.445 34.4704 -75.5372 0.5
3 721.281 39.3073 -79.4758 0.5
3 821.517 85.2089 98.9001 0.5
3 893.159 2.63194 -22.7917 0.5
3 677.026 13.7944 -50.6813 0.5
3 902.467 48.057 85.4513 0.5
3 919.26 109.854 99.5133 0.5
3 866.887 173.158 -68.1754 0.5
3 963.997 4.84474 30.7486 0.5
3 965.988 114.602 -98.9282 0.5
3 724.183 194.293 -33.2989 0.5
3 869.536 8.92772 -41.3018 0.5
3 861.699 197.767 -21.0158 0.5
3 883.476 138.284 -92.3814 0.5
3 996.191 8.3223 -39.9399 0.5
3 741.573 190.011 -43.5666 0.5
3 979.076 190.299 -42.9653 0.5
3 804.952 6.29392 -34.9166 0.5
3 965.706 191.318 -40.7561 0.5
3 961.927 41.6847 -81.2362 0.5
3 685.48 191.749 -39.7754 0.5
3 699.069 160.024 -79.982 0.5
3 998.791 120.418 -97.8933 0.5
3 998.59 198.87 14.9931 0.5
3 829.558 196.322 26.8708 0.5
3 945.756 10.5025 -44.6117 0.5
3 926.126 109.113 -99.5839 0.5
3 832.677 2.29742 -21.3121 0.5
3 789.886 107.438 99.723 0.5
3 718.348 150.215 -86.478 0.5
3 753.714 85.1829 98.8962 0.5
3 808.156 123.185 97.2751 0.5
3 751.044 84.456 -98.7845 0.5
3 744.556 199.974 -2.27343 0.5
3 732.917 199.942 -3.41477 0.5
3 895.432 36.2687 77.0605 0.5
3 968.046 102.635 99.9653 0.5
3 724.15 55.4838 89.545 0.5
3 869.05 111.115 -99.3803 0.5
3 797.508 118.781 -98.2206 0.5
3 976.41 78.4592 -97.6524 0.5
3 887.948 9.81815 -43.2115 0.5
3 802.91 51.9646 -87.7075 0.5
3 975.323 42.1844 -81.5926 0.5
3 750.387 154.442 83.8813 0.5
3 870.559 71.3941 95.8212 0.5
3 974.206 0.185456 6.08743 0.5
3 775.036 27.921 -69.3153 0.5
3 770.79 59.2027 91.2994 0.5
3 930.767 94.5313 -99.8504 0.5
3 833.462 123.58 97.1803 0.5
3 868.292 24.4201 -65.4803 0.5
3 854.87 194.028 -34.0402 0.5
3 808.166 6.28083 34.8815 0.5
3 986.556 179.047 61.2498 0.5
3 883.713 106.091 -99.8143 0.5
3 728.732 188.366 -46.8128 0.5
3 702.86 149.62 -86.8209 0.5
3 846.094 180.793 -58.9285 0.5
3 827.585 191.601 -40.1146 0.5
3 817.359 197.472 -22.3426 0.5
3 934.602 185.202 -52.3507 0.5
3 994.539 62.007 92.5015 0.5
3 893.785 113.873 -99.0331 0.5
3 716.953 37.772 78.2795 0.5
3 871.92 22.3252 -62.9811 0.5
3 721.144 104.353 99.9052 0.5
3 973.41 0.359311 8.46953 0.5
3 732.862 56.5786 -90.081 0.5
3 904.363 197.967 -20.0607 0.5
3 842.946 116.344 98.6554 0.5
3 843.437 21.2982 -61.693 0.5
3 891.531 81.0538 98.1888 0.5
3 892.769 21.7759 -62.2976 0.5
3 928.52 199.244 -12.2725 0.5
3 852.53 109.071 -99.5877 0.5
3 938.861 176.302 64.6373 0.5
3 682.685 99.7873 -99.9998 0.5
3 842.554 23.7133 -64.6555 0.5
3 778.563 0.183871 6.06139 0.5
3 977.664 24.1822 65.2047 0.5
3 942.006 51.3061 87.3436 0.5
3 750.459 123.325 -97.2416 0.5
3 945.591 66.0988 -94.0782 0.5
3 975.609 5.33079 -32.214 0.5
3 762.827 189.917 43.76 0.5
3 694.4 128.536 -95.8419 0.5
3 929.306 194.887 31.5674 0.5
3 871.527 120.178 97.9431 0.5
3 881.184 169.562 -71.8413 0.5
3 701.049 49.7227 -86.4418 0.5
3 747.589 199.992 1.22688 0.5
3 822.563 23.3035 64.1689 0.5
3 787.105 93.6622 99.799 0.5
3 891.755 198.395 -17.846 0.5
3 847.708 81.2148 98.2197 0.5
3 798.941 88.6754 -99.3567 0.5
3 846.279 96.8886 99.9516 0.5
3 805.088 162.425 -78.1228 0.5
3 868.059 90.9619 99.5907 0.5
3 719.122 30.2302 71.6392 0.5
3 886.553 194.306 33.2625 0.5
3 879.072 182.696 56.2255 0.5
3 991.877 183.772 -54.6094 0.5
3 899.637 4.8672 30.818 0.5
3 694.226 120.857 97.8007 0.5
3 778.421 2.51499 -22.2861 0.5
3 786 60.0366 91.6675 0.5
3 838.822 158.877 -80.83 0.5
3 811.571 109.709 99.5275 0.5
3 699.538 126.96 96.2972 0.5
3 833.362 194.98 -31.2845 0.5
3 769.756 112.279 -99.2433 0.5
3 934.922 57.3552 -90.4512 0.5
3 952.134 130.019 95.3879 0.5
3 870.528 176.096 64.8804 0.5
3 750.335 151.171 -85.9158 0.5
3 825.266 65.6519 -93.916 0.5
3 694.157 31.8303 73.1635 0.5
3 814.206 72.1364 96.0397 0.5
3 983.316 185.578 51.7332 0.5
3 748.983 124.052 97.0643 0.5
3 747.87 2.20606 -20.8889 0.5
3 730.507 189.219 -45.1661 0.5
3 896.782 13.7621 -50.6264 0.5
3 733.68 110.892 -99.405 0.5
3 973.898 100.459 99.9989 0.5
3 686.135 58.0609 90.7806 0.5
3 988.446 1.27726 15.9317 0.5
3 954.556 196.714 -25.4257 0.5
3 978.796 21.6042 -62.0814 0.5
3 973.621 136.809 -92.9792 0.5
3 874.616 134.726 93.7767 0.5
3 746.636 136.483 93.1075 0.5
3 980.334 188.391 -46.7665 0.5
3 927.918 76.3488 97.1628 0.5
3 910.506 136.303 93.1777 0.5
3 980.91 23.7746 64.7278 0.5
3 756.103 0.576515 10.7224 0.5
3 849.536 164.277 -76.6062 0.5
3 868.543 164.342 76.5512 0.5
3 943.573 23.9238 64.903 0.5
3 857.972 155.221 -83.3705 0.5
3 765.13 0.749685 12.2219 0.5
3 745.667 110.017 -99.4971 0.5
3 937.786 114.659 -98.9197 0.5
3 846.221 83.8253 98.6832 0.5
3 933.508 17.9395 57.1495 0.5
3 813.352 195.965 28.1204 0.5
3 827.512 149.87 86.6777 0.5
3 727.615 193.09 36.527 0.5
3 937.914 37.3959 -77.979 0.5
3 964.671 62.3701 -92.6498 0.5
3 753.078 76.3503 97.1632 0.5
3 950.257 12.848 49.0361 0.5
3 897.288 175.674 -65.3712 0.5
3 817.538 22.1342 -62.7449 0.5
3 871.07 184.244 -53.879 0.5
3 910.777 121.126 -97.743 0.5
3 833.129 178.639 -61.7732 0.5
3 673.63 93.6766 99.7999 0.5
3 953.782 189.369 44.8681 0.5
3 749.922 46.9005 84.7375 0.5
3 880.761 90.0347 -99.5022 0.5
3 931.625 57.1884 90.3724 0.5
3 889.748 121.316 97.7017 0.5
3 810.462 179.734 -60.3524 0.5
3 834.58 129.49 -95.5528 0.5
3 816.062 8.22923 -39.7256 0.5
3 859.361 9.58942 42.7309 0.5
3 958.315 197.722 21.222 0.5
3 930.49 45.4518 -83.8123 0.5
3 766.883 12.3236 48.0921 0.5
3 997.143 43.4421 82.4694 0.5
3 922.637 10.9742 -45.5457 0.5
3 880.456 112.437 99.2236 0.5
3 931.549 18.4919 57.9347 0.5
3 820.256 46.594 -84.5447 0.5
3 773.875 0.0423968 2.91162 0.5
3 908.123 97.6352 -99.972 0.5
3 751.014 0.00471891 -0.971473 0.5
3 835.921 185.085 -52.5416 0.5
3 683.031 5.2021 31.8333 0.5
3 753.013 199.338 -11.4873 0.5
3 745.417 71.6116 -95.8859 0.5
3 720.602 121.946 97.5621 0.5
3 823.587 157.593 -81.75 0.5
3 963.236 199.913 4.16816 0.5
3 761.677 0.835396 12.8989 0.5
3 703.826 198.586 -16.7587 0.5
3 984.443 166.055 -75.0783 0.5
3 731.826 76.8386 97.2808 0.5
3 863.152 107.054 -99.7509 0.5
3 692.041 185.292 -52.2049 0.5
3 949.561 93.6142 99.7959 0.5
3 936.735 12.1089 -47.6986 0.5
3 766.023 90.8459 99.5801 0.5
3 768.702 195.912 28.2992 0.5
3 684.832 65.1007 -93.7125 0.5
3 884.235 55.168 -89.3873 0.5
3 827.276 95.8151 -99.9124 0.5
3 685.826 181.186 -58.3856 0.5
3 762.69 37.8372 78.3312 0.5
3 970.336 131.778 -94.8164 0.5
3 897.643 139.407 -91.9082 0.5
3 684.639 17.9285 57.1338 0.5
3 804.051 77.629 97.4656 0.5
3 840.688 196.798 -25.1035 0.5
3 672.533 42.5328 -81.8384 0.5
3 797.905 163.523 -77.2326 0.5
3 765.401 93.9063 99.8142 0.5
3 759.874 197.254 23.2752 0.5
3 851.557 28.0639 69.4637 0.5
3 912.341 160.854 -79.3527 0.5
3 885.467 21.1666 -61.5247 0.5
3 830.272 55.0512 -89.3287 0.5
3 714.22 132.795 -94.4696 0.5
3 721.444 25.3198 -66.5047 0.5
3 868.212 190.658 42.2027 0.5
3 669.086 0.688999 11.7186 0.5
3 768.748 196.193 27.3312 0.5
3 979.732 190.071 43.4414 0.5
3 981.5 179.106 -61.1743 0.5
3 691.708 81.5359 98.2806 0.5
3 761.587 174.025 -67.2335 0.5
3 769.968 121.231 97.7202 0.5
3 867.576 163.557 77.2042 0.5
3 933.94 0.416714 -9.11971 0.5
3 828.094 11.7988 47.1227 0.5
3 709.203 7.13634 -37.0991 0.5
3 799.721 166.589 -74.6052 0.5
3 827.718 50.41 86.838 0.5
3 933.673 74.9834 96.8203 0.5
3 788.918 193.369 35.8093 0.5
3 961.197 0.798802 -12.6144 0.5
3 781.847 11.0686 45.7297 0.5
3 871.767 104.296 99.9077 0.5
3 836.586 196.538 -26.083 0.5
3 807.34 19.1137 -58.7998 0.5
3 758.224 199.949 -3.19406 0.5
3 824.082 65.4245 93.8325 0.5
3 857.538 179.504 -60.6557 0.5
3 973.599 187.57 -48.2859 0.5
3 846.099 34.4398 -75.5107 0.5
3 727.605 159.735 80.1978 0.5
3 898.224 1.62614 -17.9606 0.5
3 813.488 4.48996 29.6282 0.5
3 875.232 11.7167 46.9686 0.5
3 855.435 170.764 -70.6577 0.5
3 897.562 115.618 -98.7729 0.5
3 771.617 39.1343 -79.3434 0.5
3 987 193.066 36.5876 0.5
3 803.658 181.441 58.0288 0.5
3 676.754 17.3049 56.2275 0.5
3 828.157 136.806 -92.9804 0.5
3 686.555 70.4926 -95.5474 0.5
3 837.59 56.1593 89.8777 0.5
3 929.42 14.7013 -52.1932 0.5
3 855.735 187.294 -48.7819 0.5
3 962.37 198.525 17.1102 0.5
3 917.548 70.2662 -95.4772 0.5
3 695.457 172.414 68.9648 0.5
3 838.888 30.5459 -71.9453 0.5
3 932.511 193.19 36.2719 0.5
3 777.993 25.8858 67.1348 0.5
3 994.859 72.4074 -96.1179 0.5
3 961.259 183.836 54.5122 0.5
3 746.027 18.479 -57.9166 0.5
3 826.974 185.445 -51.9537 0.5
3 926.629 70.9286 95.681 0.5
3 996.89 19.5865 -59.4447 0.5
3 696.068 4.43064 -29.4363 0.5
3 983.289 180.52 59.3008 0.5
3 808.858 64.7758 93.5909 0.5
3 836.03 111.173 -99.3739 0.5
3 996.556 3.84771 -27.4725 0.5
3 875.222 165.684 75.4031 0.5
