0 112.589 44.7582 -83.3567 0.5
0 49.8482 6.83856 -36.3448 0.5
0 63.6875 7.25328 37.3904 0.5
0 252.594 198.172 -19.0307 0.5
0 150.573 34.1301 75.2407 0.5
0 88.6057 42.5833 -81.8738 0.5
0 101.449 8.1922 -39.64 0.5
0 160.943 116.489 98.6311 0.5
0 236.69 61.548 92.3116 0.5
0 104.605 179.557 -60.586 0.5
0 117.067 23.0612 -63.8782 0.5
0 191.404 2.12487 -20.5051 0.5
0 195.548 197.388 22.7059 0.5
0 61.1931 140.043 -91.6325 0.5
0 223.52 184.506 53.4677 0.5
0 326.115 192.06 -39.0501 0.5
0 146.27 199.854 5.40224 0.5
0 317.425 64.7365 -93.5761 0.5
0 315.498 86.8141 -99.1268 0.5
0 295.365 191.504 -40.3356 0.5
0 173.029 100.287 99.9996 0.5
0 24.2499 161.084 -79.1756 0.5
0 104.525 192.331 38.4048 0.5
0 198.823 0.278132 -7.45312 0.5
0 311.385 27.6123 -68.9929 0.5
0 227.87 65.4106 -93.8274 0.5
0 135.072 2.64216 -22.8353 0.5
0 234.36 103.495 99.9389 0.5
0 128.549 162.056 78.4161 0.5
0 239.228 48.2708 85.5809 0.5
0 254.4 78.33 -97.6238 0.5
0 202.377 172.18 69.2097 0.5
0 201.126 25.0968 66.2534 0.5
0 10.5171 116.673 98.6003 0.5
0 327.108 3.60568 26.6108 0.5
0 177.671 45.2475 83.6789 0.5
0 112.717 10.0314 -43.6538 0.5
0 270.553 0.924392 13.5655 0.5
0 28.3034 196.279 -27.0241 0.5
0 119.329 185.835 51.3069 0.5
0 35.1926 23.7405 -64.6877 0.5
0 320.081 174.029 67.2288 0.5
0 135.317 7.03015 36.8321 0.5
0 329.016 148.248 -87.5908 0.5
0 145.096 31.3422 -72.7056 0.5
0 103.252 137.89 92.5438 0.5
0 234.625 186.887 49.5034 0.5
0 269.586 8.77048 40.9533 0.5
0 2.89178 199.808 -6.19708 0.5
0 299.328 193.004 -36.745 0.5
0 78.9542 83.2759 98.5916 0.5
0 301.82 145.675 -88.9597 0.5
0 278.643 58.3294 90.9041 0.5
0 160.76 170.175 71.2428 0.5
0 166.714 2.64012 -22.8266 0.5
0 3.9652 162.484 78.0754 0.5
0 37.2138 134.053 -94.0233 0.5
0 8.89144 137.401 -92.7424 0.5
0 93.6019 77.1716 97.3595 0.5
0 241.549 25.0501 66.2006 0.5
0 135.52 94.0087 -99.8204 0.5
0 229.55 131.642 -94.8619 0.5
0 176.062 194.165 33.6594 0.5
0 1.44482 86.3848 99.0688 0.5
0 76.3321 117.279 -98.4958 0.5
0 151 108.097 99.6717 0.5
0 74.709 94.3633 -99.841 0.5
0 147.273 190.618 42.2882 0.5
0 243.753 12.2106 -47.8856 0.5
0 195.987 5.0012 31.2287 0.5
0 320.291 168.252 -73.087 0.5
0 89.19 13.6057 50.359 0.5
0 249.407 76.6414 -97.2336 0.5
0 16.3473 133.129 94.3528 0.5
0 258.711 172.941 -68.4079 0.5
0 213.408 196.547 -26.0503 0.5
0 6.15031 156.404 -82.5749 0.5
0 78.0914 74.8352 -96.7819 0.5
0 248.915 125.043 -96.8134 0.5
0 91.9465 17.245 -56.1392 0.5
0 47.7302 44.3202 -83.0648 0.5
0 109.118 186.965 49.3669 0.5
0 288.868 116.395 98.6469 0.5
0 292.03 91.8118 -99.6642 0.5
0 309.787 152.642 -85.0226 0.5
0 36.7631 187.188 -48.972 0.5
0 19.9417 188.256 -47.019 0.5
0 217.241 7.85372 -38.8467 0.5
0 29.2203 148.518 -87.4414 0.5
0 170.32 0.0105223 -1.45064 0.5
0 201.584 4.8386 30.7296 0.5
0 226.3 121.979 -97.5548 0.5
0 171.588 124.665 -96.9105 0.5
0 142.706 6.85016 -36.3745 0.5
0 320.782 100.577 99.9983 0.5
0 162.88 1.58046 -17.7086 0.5
0 10.737 129.487 95.5539 0.5
0 38.8271 70.3438 -95.5014 0.5
0 81.0569 197.663 21.494 0.5
0 39.9273 145.475 89.0619 0.5
0 0.534826 166.491 -74.6921 0.5
1 366.455 141.276 -16.4128 0.5
1 364.824 -36.6739 57.0497 0.5
1 342.9 14.6464 -72.5863 0.5
1 388.299 -56.9836 78.6331 0.5
1 384.149 -56.7884 72.5961 0.5
1 363.323 -51.8058 5.24236 0.5
1 344.911 25.7851 84.0624 0.5
1 345.142 122.447 -90.3305 0.5
1 349.179 160.762 -47.1098 0.5
1 352.042 32.8374 93.765 0.5
1 356.917 -14.6034 -67.529 0.5
1 347.182 100.708 96.9029 0.5
1 343.598 87.0894 99.8814 0.5
1 376.333 120.698 30.6822 0.5
1 385.196 103.567 35.7366 0.5
1 333.711 59.2735 91.62 0.5
1 369.54 75.477 92.4205 0.5
1 362.093 118.998 72.5606 0.5
1 340.638 -12.5506 4.49158 0.5
1 361.177 -17.2515 72.3565 0.5
1 360.67 -47.3454 0.708572 0.5
1 339.655 150.107 -79.1964 0.5
1 360.139 -20.631 -67.0377 0.5
1 376.219 -68.3343 33.9694 0.5
1 372.576 -59.8597 39.4513 0.5
1 382.517 19.2712 -99.9005 0.5
1 355.275 117.825 -82.9644 0.5
1 342.854 6.90423 -64.2772 0.5
1 334.992 71.982 -96.787 0.5
1 384.722 60.4488 86.9139 0.5
1 335.974 195.337 -4.20022 0.5
1 378.647 111.94 -42.6992 0.5
1 333.875 114.187 98.8496 0.5
1 370.846 75.0331 -91.6482 0.5
1 354.753 25.8953 -92.9014 0.5
1 368.695 -53.1951 -39.3177 0.5
1 376.407 81.9168 82.4932 0.5
1 337.014 88.8462 -99.8858 0.5
1 358.452 133.091 -64.2866 0.5
1 353.296 -12.8847 -62.1915 0.5
1 343.429 125.036 -90.5091 0.5
1 376.806 74.1638 -86.9114 0.5
1 362.972 10.0541 92.2455 0.5
1 345.134 69.125 -99.454 0.5
1 381.429 24.9402 99.6596 0.5
1 386.947 -53.9659 79.1592 0.5
1 347.186 173.989 -19.986 0.5
1 345.328 31.2075 -87.7177 0.5
1 343.758 55.8615 96.5388 0.5
1 357.947 -13.3059 -70.7482 0.5
1 347.629 10.1872 75.9494 0.5
1 354.667 -13.8813 63.8874 0.5
1 371.933 -64.9951 -19.2061 0.5
1 368.857 -54.0464 37.9542 0.5
1 364.626 145.475 -8.05179 0.5
1 339.963 150.922 -78.1389 0.5
1 357.66 148.505 42.2442 0.5
1 358.722 -40.1507 27.3902 0.5
1 355.151 27.9111 93.9334 0.5
1 381.491 -79.131 -28.947 0.5
1 355.551 115.865 83.9427 0.5
1 338.949 13.3354 63.8786 0.5
1 377.579 82.1151 -80.9222 0.5
1 367.254 133.626 38.2911 0.5
1 373.309 -13.0904 -89.873 0.5
1 361.933 146.631 -27.4224 0.5
1 356.631 159.316 8.1301 0.5
1 380.017 41.4795 -97.473 0.5
1 386.389 86.3419 -62.2822 0.5
1 357.699 153.473 29.0893 0.5
1 334.645 190.139 38.2126 0.5
1 356.473 19.2429 -91.3527 0.5
1 377.347 2.9428 97.8081 0.5
1 374.344 67.2753 92.3714 0.5
1 336.748 12.0004 57.1134 0.5
1 341.505 11.807 -67.2177 0.5
1 367.019 -47.7618 44.7736 0.5
1 372.713 42.728 99.4003 0.5
1 340.713 182.67 -29.8152 0.5
1 384.226 38.3233 -96.4325 0.5
1 345.255 -10.9264 43.0129 0.5
1 353.744 30.664 94.0481 0.5
1 337.523 169.295 64.3418 0.5
1 337.262 135.896 -90.4246 0.5
1 345.38 -5.83191 52.7312 0.5
1 359.978 -39.6116 -35.565 0.5
1 341.526 -8.52418 -33.1809 0.5
1 345.632 90.0755 99.3507 0.5
1 388.645 -67.4086 69.8036 0.5
1 356.868 153.344 33.8184 0.5
1 344.263 180.204 13.1312 0.5
1 387.576 12.9815 99.7595 0.5
1 343.848 -17.8859 8.07379 0.5
1 381.228 -67.274 53.7633 0.5
1 368.072 1.32054 -92.2875 0.5
1 364.748 141.221 -29.2262 0.5
1 368.895 136.917 17.1893 0.5
1 368.23 70.2978 -95.1576 0.5
1 386.456 105.705 -21.2528 0.5
1 364.059 -35.0282 57.5074 0.5
1 354.078 162.802 15.8739 0.5
1 347.005 116.878 91.406 0.5
1 355.113 -37.573 -5.47771 0.5
1 336.263 116.618 97.619 0.5
1 385.137 94.3001 54.2164 0.5
1 372.565 -34.9278 74.2569 0.5
1 347.561 94.9079 -98.0703 0.5
1 384.853 80.3763 71.7929 0.5
1 350.443 117.957 -87.9491 0.5
1 367.65 46.5584 -99.82 0.5
1 358.721 -38.4892 -32.6585 0.5
1 356.911 31.4535 -96.0847 0.5
1 349.69 38.2009 94.233 0.5
1 336.372 190.317 -29.4029 0.5
1 341.793 108.047 97.3896 0.5
1 354.039 -35.7743 -4.19912 0.5
1 387.95 -52.3679 -81.6255 0.5
1 340.343 52.1837 93.4202 0.5
1 343.466 180.734 -18.4475 0.5
1 380.353 118.294 -7.26784 0.5
1 344.925 179.704 -6.61016 0.5
2 377.595 -90.6534 -66.2949 0.5
2 360.616 -142.331 23.7638 0.5
2 373.471 9.43874 -94.6166 0.5
2 347.626 -133.266 75.501 0.5
2 349.624 -85.9561 97.6123 0.5
2 376.888 -108.963 -39.3027 0.5
2 336.394 -86.2425 99.9959 0.5
2 343.116 24.4005 -4.32928 0.5
2 343.068 24.1071 7.79911 0.5
2 353.437 -139.703 57.1326 0.5
2 359.484 -140.286 36.4257 0.5
2 378.118 -33.0072 -98.3435 0.5
2 367.085 -133.631 -8.47984 0.5
2 362.293 -133.498 41.0026 0.5
2 344.532 -142.151 -72.2877 0.5
2 348.901 -116.233 86.1671 0.5
2 342.478 16.2339 -37.1469 0.5
2 337.401 9.28609 -32.1519 0.5
2 387.751 -16.8709 -98.2409 0.5
2 345.632 6.39833 -63.1384 0.5
2 347.056 30.3901 13.5921 0.5
2 387.939 95.7185 -35.2297 0.5
2 388.31 -95.3485 19.293 0.5
2 363.769 -18.4998 -97.7196 0.5
2 342.337 -99.1487 97.4834 0.5
2 350.032 -83.1028 -98.0652 0.5
2 339.032 17.0198 -8.94682 0.5
2 383.232 -49.4937 90.0574 0.5
2 366.236 37.3373 -68.559 0.5
2 366.783 -127.723 36.2206 0.5
2 365.808 60.2333 -26.4589 0.5
2 360.797 34.2268 -61.1718 0.5
2 370.398 -106.452 -62.3273 0.5
2 359.753 -124.648 -62.6314 0.5
2 383.79 85.2909 42.8643 0.5
2 345.281 -171.117 11.2891 0.5
2 345.1 -104.369 -94.6403 0.5
2 342.831 -22.1578 -84.2674 0.5
2 337.254 -174.336 46.2235 0.5
2 357.792 -116.344 74.8998 0.5
2 357.786 15.4987 75.4803 0.5
2 350.431 30.9809 34.6188 0.5
2 383.231 -28.5192 -97.4371 0.5
2 387.686 47.8754 -88.6963 0.5
2 372.524 24.0821 -87.3669 0.5
2 349.954 -31.1772 -94.5765 0.5
2 343.28 11.3176 -50.1076 0.5
2 340.646 -176.205 -26.5143 0.5
2 364.208 -68.0176 95.6892 0.5
2 367.576 23.8419 -82.1769 0.5
2 349.443 -163.743 -12.6646 0.5
2 338.257 -37.6204 88.6351 0.5
2 350.078 -163.333 -4.8067 0.5
2 364.855 -136.603 -15.7596 0.5
2 370.173 71.3503 -1.23405 0.5
2 378.927 -67.8842 83.9056 0.5
2 374.511 31.7992 84.845 0.5
2 342.918 -66.185 99.532 0.5
2 359.556 -30.1622 98.5669 0.5
2 358.088 -37.8018 -99.3047 0.5
2 378.133 -0.834461 -99.0122 0.5
2 385.492 -54.1914 -85.3662 0.5
2 335.448 -160.618 69.5729 0.5
2 352.129 -90.2775 95.273 0.5
2 335.975 -187.64 6.85924 0.5
2 380.11 78.3882 43.96 0.5
2 367.638 -81.54 -87.4478 0.5
2 338.709 1.99604 52.4598 0.5
2 358.799 -148.332 1.47029 0.5
2 359.675 45.8569 -37.5523 0.5
2 381.582 73.4487 -56.762 0.5
2 365.969 25.223 79.1273 0.5
2 388.793 -71.5188 -65.998 0.5
2 352.015 -139.41 60.8991 0.5
2 366.594 19.619 83.8691 0.5
2 351.178 -151.91 -42.8215 0.5
2 359.791 -19.268 -96.1853 0.5
2 379.559 -103.751 40.6483 0.5
2 382.836 -37.6651 -95.0882 0.5
2 360.151 47.683 34.9776 0.5
2 381.208 35.8513 89.1103 0.5
2 366.674 -125.318 -42.2936 0.5
2 352.354 -145.773 50.5749 0.5
2 335.692 -65.3968 97.3266 0.5
2 338.23 1.42756 -52.0332 0.5
2 350.064 4.29618 -73.5351 0.5
2 381 2.69293 99.2052 0.5
2 386.242 -75.3714 -66.6379 0.5
2 336.891 -164.341 62.5109 0.5
2 375.733 79.1566 19.0483 0.5
2 354.817 12.1163 -73.9138 0.5
2 382.676 -24.9795 98.3678 0.5
2 347.784 -28.8208 -92.2502 0.5
2 381.299 -71.7846 78.132 0.5
2 354.27 43.5459 7.29982 0.5
2 357.679 44.3273 32.391 0.5
2 370.793 17.5405 89.2485 0.5
2 355.605 -99.0481 -89.2147 0.5
2 364.091 23.9526 77.5552 0.5
2 363.053 -124.168 -55.485 0.5
2 333.764 -5.91082 -51.3764 0.5
2 337.782 -68.3807 -98.6519 0.5
2 371.137 -41.9765 98.868 0.5
2 366.129 48.2386 -54.437 0.5
2 377.936 -97.1085 57.3609 0.5
2 340.502 -62.9187 98.5245 0.5
2 349.401 -150.27 51.6141 0.5
2 367.297 -62.7445 -95.6659 0.5
2 385.87 80.9806 56.6088 0.5
2 385.972 -32.2518 -95.0821 0.5
2 373.023 -117.286 -35.2533 0.5
2 343.298 15.8964 41.2698 0.5
2 344.363 -158.407 -52.5789 0.5
2 384.198 75.4812 -60.2239 0.5
2 383.979 21.9517 -96.3748 0.5
2 337.531 -158.022 68.5116 0.5
2 368.496 -84.3473 -84.9239 0.5
2 367.967 -7.11158 -96.7334 0.5
2 369.972 19.5085 -87.4518 0.5
2 373.648 25.8232 -87.4815 0.5
2 369.243 58.0976 46.8427 0.5
2 342.378 10.164 -49.3972 0.5
2 341.173 -158.911 59.9475 0.5
2 383.873 94.0935 14.0625 0.5
2 381.776 88.3679 -24.6571 0.5
2 385.703 -46.7017 89.3236 0.5
2 376.084 60.8223 -61.0175 0.5
2 363.823 60.3597 -0.332444 0.5
2 348.191 -147.702 -58.6628 0.5
2 336.944 11.6926 -20.4359 0.5
3 444.123 -7.20813 -52.2858 0.5
3 434.129 -78.1374 98.9704 0.5
3 408.209 -96.7177 -99.9089 0.5
3 386.598 -43.7628 -87.3473 0.5
3 424.977 -30.3274 78.363 0.5
3 431.605 -72.7206 98.0344 0.5
3 412.696 -27.5757 76.1007 0.5
3 383.162 -188.405 -28.155 0.5
3 360.484 -139.245 88.3755 0.5
3 343.508 -192.16 -7.61792 0.5
3 344.198 -20.2525 -69.1918 0.5
3 408.072 2.59503 -31.0874 0.5
3 441.076 -128.122 -93.4213 0.5
3 350.119 -151.801 -80.4828 0.5
3 346.875 -85.4201 99.7526 0.5
3 384.098 -106.138 99.0587 0.5
3 402.599 -174.713 56.8583 0.5
3 421.266 -114.548 -97.528 0.5
3 407.688 -53.7146 -92.1931 0.5
3 401.479 -122.555 -95.361 0.5
3 334.237 7.34803 -6.35106 0.5
3 357.178 6.71548 12.8915 0.5
3 424.165 -46.3948 88.7632 0.5
3 336.479 -0.292812 38.8206 0.5
3 439.992 6.92016 11.2051 0.5
3 383.226 -110.592 98.3405 0.5
3 342.686 -111.429 98.1825 0.5
3 388.768 -14.2014 -62.2667 0.5
3 370.796 -21.4236 70.3934 0.5
3 345.5 -42.0955 86.3968 0.5
3 338.399 -162.284 71.5764 0.5
3 411.877 -188.503 27.8163 0.5
3 346.911 -105.856 -99.0974 0.5
3 377.104 -6.39487 50.9362 0.5
3 397.349 -75.4294 98.5408 0.5
3 425.69 -114.882 -97.4516 0.5
3 442.393 -148.098 83.0859 0.5
3 426.609 -36.0113 82.551 0.5
3 399.036 -186.037 35.2338 0.5
3 349.156 -24.0268 72.9264 0.5
3 381.574 -79.4851 99.156 0.5
3 367.413 -135.119 -90.4398 0.5
3 397.257 -192.173 -7.43331 0.5
3 366.564 -144.923 85.1268 0.5
3 400.966 -3.2539 45.2111 0.5
3 390.801 -9.22234 -55.4359 0.5
3 377.832 -21.3293 70.2982 0.5
3 408.074 -100.383 -99.6849 0.5
3 399.137 6.12238 16.8365 0.5
3 374.101 -112.86 97.895 0.5
3 433.938 -117.019 96.9349 0.5
3 385.592 -178.634 -50.7176 0.5
3 339.674 -188.097 -29.1819 0.5
3 384.068 -28.5321 -76.9057 0.5
3 433.304 -151.069 -81.0177 0.5
3 339.52 -50.3776 90.7188 0.5
3 390.439 -129.77 -92.7751 0.5
3 407.008 -64.1036 -95.8983 0.5
3 434.823 2.54963 31.2258 0.5
3 405.559 1.9086 -33.1125 0.5
3 360.008 -172.863 -59.4456 0.5
3 439.159 -157.606 75.86 0.5
3 379.79 -185.69 36.1419 0.5
3 350.162 6.54366 14.1505 0.5
3 440.514 -15.0169 -63.278 0.5
3 406.588 -67.1703 96.7519 0.5
3 383.789 -153.675 79.0663 0.5
3 364.888 -144.111 85.6224 0.5
3 398.206 -156.702 -76.6267 0.5
3 334.459 -191.075 16.5275 0.5
3 398.492 -191.817 11.239 0.5
3 416.383 -164.313 69.539 0.5
3 400.926 -24.5064 -73.3734 0.5
3 401.216 -114.558 97.5257 0.5
3 432.442 -83.673 -99.6141 0.5
3 393.864 6.22167 16.2445 0.5
3 422.234 -191.251 15.4393 0.5
3 346.039 5.03653 22.2791 0.5
3 357.051 -134.707 90.633 0.5
3 417.749 -169.408 63.8546 0.5
3 407.115 -0.198028 38.5948 0.5
3 395.118 -180.958 46.5431 0.5
3 438.757 3.45632 28.3189 0.5
3 404.65 -65.3397 96.255 0.5
3 409.765 -110.129 98.4249 0.5
3 341.128 -174.327 57.4118 0.5
3 437.898 -20.5422 69.4929 0.5
3 391.975 -157.242 76.1711 0.5
3 408.348 -25.5219 -74.3009 0.5
3 412.879 -161.624 72.2152 0.5
3 380.172 -16.0784 64.5551 0.5
3 385.885 -52.6275 91.7287 0.5
3 414.431 -4.99516 -48.4937 0.5
3 369.4 -16.6722 65.2511 0.5
3 363.158 -66.1758 96.4866 0.5
3 431.455 -79.2111 -99.1198 0.5
3 342.126 2.94852 29.9851 0.5
3 375.918 -9.00955 55.1151 0.5
3 337.715 -76.7661 -98.7624 0.5
3 365.559 7.24958 -7.7444 0.5
3 427.577 -167.33 66.2793 0.5
3 351.929 -192.403 3.07053 0.5
3 388.369 -14.9457 63.1908 0.5
3 423.026 -39.2208 -84.656 0.5
3 341.856 2.12659 -32.4846 0.5
3 434.04 -52.7511 91.7823 0.5
3 400.39 6.62263 -13.5866 0.5
3 426.037 -173.29 58.8634 0.5
3 350.911 -1.29686 41.1229 0.5
3 383.031 -32.9429 -80.3672 0.5
3 421.446 -66.669 -96.6195 0.5
3 410.951 -158.383 75.1855 0.5
3 397.138 -109.939 98.4588 0.5
3 437.674 5.87135 -18.2454 0.5
3 380.579 -88.5568 99.9242 0.5
3 342.37 -25.6423 74.4091 0.5
3 355.59 -11.5575 58.7911 0.5
3 352.657 -190.634 18.9722 0.5
3 411.699 -178.997 -50.0965 0.5
3 344.34 -110.985 -98.2674 0.5
3 434.372 -104.471 99.2749 0.5
3 425.345 -98.0613 -99.8424 0.5
3 353.896 -183.11 -42.2002 0.5
3 410.449 -10.0863 56.7116 0.5
3 372.422 -24.1149 -73.0089 0.5
3 375.12 -174.688 -56.8941 0.5
3 364.15 -191.799 11.3921 0.5
3 377.199 -62.4015 -95.3786 0.5
3 350.906 -53.9238 -92.2807 0.5
3 340.126 -3.19069 45.0861 0.5
3 350.949 -3.329 45.3589 0.5
4 490.362 -86.0566 -51.1548 0.5
4 485.536 -106.216 -81.8803 0.5
4 479.824 -53.8926 5.72727 0.5
4 493.93 -95.1192 -55.7129 0.5
4 470.469 -181.077 90.0181 0.5
4 472.249 -228.687 47.3531 0.5
4 497.148 -280.323 25.9003 0.5
4 464.362 -213.482 50.1184 0.5
4 456.361 -186.153 68.2779 0.5
4 486.088 -255.514 -41.6032 0.5
4 450.383 -88.247 -98.9448 0.5
4 452.987 -7.72156 9.73821 0.5
4 451.624 -117.384 99.216 0.5
4 484.314 -62.236 -12.0587 0.5
4 472.211 -227.648 49.1191 0.5
4 450.165 -131.1 -95.7807 0.5
4 473.791 -199.329 82.8161 0.5
4 454.909 -68.2143 -90.5849 0.5
4 468.109 -66.6815 -74.4554 0.5
4 490.357 -249.492 -63.1724 0.5
4 468.635 -72.602 78.6588 0.5
4 493.766 -79.4904 17.8852 0.5
4 491.701 -240.422 -75.0201 0.5
4 465.93 -50.1532 60.6477 0.5
4 478.623 -161.129 99.5496 0.5
4 489.931 -259.771 46.4902 0.5
4 499.511 -148.096 91.7678 0.5
4 454.86 -172.304 -78.6062 0.5
4 474.129 -86.9058 82.1922 0.5
4 452.212 -174.009 -73.2244 0.5
4 481.341 -56.9946 11.2781 0.5
4 481.048 -67.4263 -46.7057 0.5
4 474.826 -207.58 78.0571 0.5
4 448.439 -11.2013 -47.1846 0.5
4 467.473 -190.985 -80.996 0.5
4 471.211 -39.7406 13.5979 0.5
4 465.626 -43.704 -51.9709 0.5
4 492.03 -115.276 80.3021 0.5
4 445.287 -162.186 -73.0637 0.5
4 482.02 -100.692 82.2747 0.5
4 454.924 -209.6 14.1136 0.5
4 494.451 -97.752 -58.2084 0.5
4 470.421 -191.849 83.9048 0.5
4 483.357 -197.784 92.5255 0.5
4 456.743 -201.93 -47.1658 0.5
4 470.456 -235.492 19.9518 0.5
4 488.126 -208.292 -91.5712 0.5
4 494.213 -173.262 99.8546 0.5
4 451.379 -5.02502 -10.608 0.5
4 466.687 -57.2806 67.5942 0.5
4 497.263 -84.3685 9.30949 0.5
4 458.412 -33.4556 55.496 0.5
4 446.471 -73.2359 -97.3839 0.5
4 455.142 -36.5658 -66.8027 0.5
4 462.816 -182.703 -81.1513 0.5
4 450.592 -199.78 -25.5436 0.5
4 496.375 -83.0992 11.8411 0.5
4 498.303 -284.973 -12.3213 0.5
4 457.031 -86.5671 96.0916 0.5
4 447.552 -11.2071 -49.96 0.5
4 450.156 -154.948 -85.045 0.5
4 448.272 -21.5104 -63.1108 0.5
4 456.637 -193.939 59.5026 0.5
4 495.393 -280.619 -3.92507 0.5
4 494.712 -220.452 -91.2378 0.5
4 444.861 -37.2243 82.8844 0.5
4 497.218 -265.943 57.1127 0.5
4 458.552 -216.802 -4.07709 0.5
4 446.462 1.11307 -24.0772 0.5
4 491.139 -163.551 -99.521 0.5
4 484.5 -159.338 99.969 0.5
4 471.246 -68.5001 71.0483 0.5
4 474.241 -104.203 -91.7145 0.5
4 495.81 -181.679 -99.9997 0.5
4 469.581 -235.885 -4.5489 0.5
4 453.347 -206.385 -17.1627 0.5
4 476.748 -214.449 75.0845 0.5
4 445.578 -66.1457 95.9216 0.5
4 476.42 -90.0243 -81.5969 0.5
4 467.031 -32.7555 15.3461 0.5
4 447.329 0.550878 19.9159 0.5
4 453.996 -137.27 -95.9187 0.5
4 478.524 -231.395 -60.1095 0.5
4 448.304 -64.3305 93.7478 0.5
4 499.61 -274.398 50.3501 0.5
4 480.972 -195.008 91.9581 0.5
4 474.757 -46.5511 -17.8082 0.5
4 468.389 -38.556 -30.082 0.5
4 456.983 -190.119 65.0487 0.5
4 464.526 -227.232 -0.360551 0.5
4 476.991 -148.534 -99.9996 0.5
4 489.803 -221.238 -86.4731 0.5
4 487.137 -73.4161 -36.8055 0.5
4 490.124 -211.98 91.4714 0.5
4 461.546 -192.898 -70.5945 0.5
4 464.323 -41.7992 -52.547 0.5
4 471.428 -118.49 -97.835 0.5
4 469.94 -181.842 -89.1855 0.5
4 480.19 -59.3077 -31.0569 0.5
4 450.234 -111.521 99.5902 0.5
4 490.848 -135.208 92.6558 0.5
4 456.738 -179.651 75.2077 0.5
4 449.586 -18.0423 55.3074 0.5
4 450.032 -7.12682 -31.2224 0.5
4 457.684 -214.493 -13.2972 0.5
4 489.76 -270.493 -9.42471 0.5
4 452.31 -122.328 -98.6702 0.5
4 485.011 -174.165 -99.3423 0.5
4 467.873 -34.9302 -19.4082 0.5
4 472.557 -212.764 69.7882 0.5
4 448.906 -108.445 99.6577 0.5
4 452.893 -66.2958 91.3036 0.5
4 454.692 -11.5886 -16.61 0.5
4 453.076 -157.72 86.4166 0.5
4 481.454 -218.378 -78.598 0.5
4 456.498 -14.1878 -13.0856 0.5
4 471.177 -66.8659 -69.5148 0.5
4 480.715 -209.282 84.1603 0.5
4 489.174 -83.4222 50.174 0.5
4 494.959 -186.681 -99.7728 0.5
4 474.055 -123.991 -98.0311 0.5
5 507.397 -258.236 56.6982 0.5
5 521.694 -78.2676 -68.523 0.5
5 550.83 -160.972 79.7462 0.5
5 508.918 -260.144 49.455 0.5
5 502.983 -282.905 -10.9601 0.5
5 530.003 -91.1095 88.9988 0.5
5 539.403 -214.92 -32.7287 0.5
5 539.771 -70.2701 -86.8783 0.5
5 526.54 -112.313 95.2692 0.5
5 525.967 -96.4972 88.1589 0.5
5 554.895 -17.4107 64.7778 0.5
5 538.881 -105.348 98.7142 0.5
5 514.431 -258.505 -31.7515 0.5
5 518.699 -71.2835 52.6716 0.5
5 540.788 -134.03 -98.7115 0.5
5 508.78 -116.902 -82.4647 0.5
5 510.726 -165.73 99.9046 0.5
5 503.99 -92.224 -44.5252 0.5
5 534.84 -156.72 -95.8857 0.5
5 552.393 -197.858 3.72348 0.5
5 528.589 -237.711 16.9465 0.5
5 507.681 -266.819 -40.4624 0.5
5 539.572 -200.17 -59.9535 0.5
5 508.472 -80.323 34.9929 0.5
5 510.449 -109.511 79.1902 0.5
5 511.251 -118.533 -86.2218 0.5
5 500.794 -287.013 -7.56695 0.5
5 539.934 -162.818 -90.1342 0.5
5 540.102 -154.184 -93.6872 0.5
5 520.255 -58.8825 -32.092 0.5
5 540.548 -167.774 86.9852 0.5
5 533.718 -36.4014 34.4653 0.5
5 507.747 -238.916 77.1202 0.5
5 515.322 -123.595 -92.2743 0.5
5 516.961 -182.14 -97.3561 0.5
5 551.962 -198.654 2.00373 0.5
5 546.244 -179.492 -70.5063 0.5
5 539.124 -160.678 -91.7525 0.5
5 507.98 -235.218 79.7248 0.5
5 523.876 -63.2674 -54.177 0.5
5 544.343 -27.0721 53.0009 0.5
5 516.345 -69.138 40.9585 0.5
5 543.767 -28.8162 54.1766 0.5
5 505.953 -271.474 36.4782 0.5
5 531.151 -110.989 97.1436 0.5
5 532.684 -231.003 14.5303 0.5
5 543.385 -212.732 12.6054 0.5
5 542.806 -212.446 -20.3217 0.5
5 508.846 -83.411 43.7069 0.5
5 517.052 -245.065 51.1557 0.5
5 519.38 -157.065 -99.9808 0.5
5 518.622 -164.074 -99.7066 0.5
5 506.408 -190.505 -99.1607 0.5
5 541.356 -211.094 -33.9819 0.5
5 510.447 -269.546 -14.3447 0.5
5 529.424 -37.8016 -4.2435 0.5
5 535.966 -191.392 -75.9829 0.5
5 547.141 -32.9847 67.2169 0.5
5 536.587 -131.861 99.7848 0.5
5 503.917 -106.835 66.0805 0.5
5 540.988 -210.658 -36.8193 0.5
5 548.682 -59.9383 89.5943 0.5
5 538.067 -59.6556 -77.5901 0.5
5 546.522 -93.1161 -98.8717 0.5
5 535.479 -220.759 -35.3693 0.5
5 543.383 -108.93 -99.894 0.5
5 524.506 -93.1545 -84.753 0.5
5 555.429 -182.634 43.6624 0.5
5 531.874 -109.03 -96.968 0.5
5 515.802 -244.864 -54.936 0.5
5 516.577 -72.128 -47.8021 0.5
5 549.365 -139.01 -93.3573 0.5
5 511.055 -241.755 -69.1604 0.5
5 518.222 -134.267 97.3552 0.5
5 508.373 -120.224 -84.1988 0.5
5 543.563 -19.2862 34.2921 0.5
5 536.629 -26.2403 -14.1709 0.5
5 516.558 -200.693 91.344 0.5
5 519.073 -204.616 -87.1853 0.5
5 547.265 -19.115 -48.0577 0.5
5 547.669 -189.233 55.5946 0.5
5 509.417 -78.5801 -34.705 0.5
5 511.096 -259.225 44.0625 0.5
5 542.587 -207.254 38.3781 0.5
5 510.976 -71.1529 -17.1954 0.5
5 554.209 -59.3262 93.5032 0.5
5 509.498 -152.008 97.935 0.5
5 529.948 -156.687 98.0034 0.5
5 534.596 -212.268 -55.0025 0.5
5 515.755 -233.188 69.602 0.5
5 546.824 -112.482 -99.8795 0.5
5 527.499 -53.1507 -47.692 0.5
5 517.496 -204.591 -88.6778 0.5
5 548.698 -5.14484 12.763 0.5
5 533.934 -70.5814 -80.5071 0.5
5 542.702 -51.1324 77.1845 0.5
5 550.76 -34.5025 74.9029 0.5
5 515.448 -88.6278 68.0325 0.5
5 523.876 -184.5 92.8317 0.5
5 537.464 -223.304 -9.80727 0.5
5 505.642 -131.39 87.9918 0.5
5 521.666 -251.081 3.6964 0.5
5 525.416 -47.2147 -22.4898 0.5
5 544.717 -69.5983 90.9252 0.5
5 522.41 -52.6071 -23.2818 0.5
6 654.24 -192.395 3.31757 0.5
6 640.799 -171.222 -61.6033 0.5
6 577.617 1.29768 34.8045 0.5
6 656.4 -171.312 61.4876 0.5
6 634.391 -174.311 -57.4344 0.5
6 623.438 -187.832 30.0372 0.5
6 592.684 -38.2049 -84.0087 0.5
6 641.872 -108.746 -98.6633 0.5
6 616.338 -188.227 28.7526 0.5
6 561.44 0.780125 -36.168 0.5
6 583.021 -49.2171 -90.1715 0.5
6 655.582 -13.0278 -60.7627 0.5
6 649.043 -31.5861 -79.3446 0.5
6 576.561 -95.0223 -99.9669 0.5
6 631.352 -178.582 50.8065 0.5
6 653.779 -156.918 -76.4455 0.5
6 575.784 -148.525 -82.7989 0.5
6 646.323 -191.085 -16.4655 0.5
6 588.363 -149.375 -82.2162 0.5
6 659.019 -138.187 -88.9275 0.5
6 565.052 -54.355 -92.4595 0.5
6 593.275 -25.311 74.1104 0.5
6 627.497 -3.75113 46.1789 0.5
6 652.801 -85.9895 99.7911 0.5
6 603.61 -186.785 33.181 0.5
6 666.409 7.50443 3.01554 0.5
6 641.956 -86.8158 99.8411 0.5
6 635.158 6.53725 -14.1953 0.5
6 567.371 -117.765 -96.7427 0.5
6 655.562 -34.9487 -81.8143 0.5
6 559.421 -29.9582 78.0689 0.5
6 559.744 -175.877 55.1356 0.5
6 562.176 3.08032 -29.5625 0.5
6 560.866 -44.6585 -87.8406 0.5
6 630.906 4.82048 -23.2042 0.5
6 580.862 -167.262 -66.357 0.5
6 590.08 -139.016 88.4966 0.5
6 617.543 -134.044 -90.9392 0.5
6 564.302 -170.356 -62.6953 0.5
6 638.362 3.42734 28.4169 0.5
6 616.33 -191.183 -15.8708 0.5
6 641.629 -21.1125 -70.0781 0.5
6 581.564 -6.08999 -50.4176 0.5
6 606.039 -158.618 -74.9786 0.5
6 653.159 -179.029 -50.0414 0.5
6 612.366 1.66277 -33.8049 0.5
6 569.221 -165.881 67.8814 0.5
6 574.203 7.35578 6.22808 0.5
6 658.576 3.53516 -28.0505 0.5
6 652.837 -166.645 -67.0457 0.5
6 616.181 -16.1122 -64.5951 0.5
6 614.616 -25.7434 -74.4998 0.5
6 631.771 -183.907 40.4434 0.5
6 657.103 -142.508 -86.5692 0.5
6 637.982 -19.5171 -68.4163 0.5
6 616.377 -165.328 -68.4748 0.5
6 564.291 -3.10415 44.9144 0.5
6 572.554 -77.5527 98.8841 0.5
6 657.07 -57.5492 -93.7119 0.5
6 613.738 -70.1189 97.4747 0.5
6 650.105 -32.1778 79.7951 0.5
6 580.709 -47.8434 89.5 0.5
6 557.087 -180.471 47.4582 0.5
6 560.259 -0.266318 -38.7576 0.5
6 590.946 -30.0514 -78.1435 0.5
6 612.986 -183.554 41.2318 0.5
6 570.131 0.583328 36.6713 0.5
6 564.575 -21.0872 70.0524 0.5
6 656.899 -190.419 -20.0523 0.5
6 622.501 -39.6629 84.9324 0.5
6 601.645 -189.256 25.0737 0.5
6 640.584 -141.371 87.2168 0.5
6 586.455 5.11942 21.9133 0.5
6 591.179 -105.657 99.1241 0.5
6 599.46 -182.495 43.4956 0.5
6 584.764 -73.1135 -98.1127 0.5
6 647.008 1.41317 -34.4919 0.5
6 655.015 -186.278 34.5889 0.5
6 643.048 -109.393 98.5543 0.5
6 607.371 -191.743 11.8715 0.5
6 635.445 -95.1545 -99.9634 0.5
6 636.598 -153.272 -79.3773 0.5
6 562.54 -175.756 55.319 0.5
6 633.818 -160.833 -72.9639 0.5
6 568.442 -86.9374 -99.8479 0.5
6 586.086 6.83192 -11.9617 0.5
6 562.447 -17.3745 -66.058 0.5
6 638.352 -63.4671 -95.7078 0.5
6 575.84 4.39505 24.9202 0.5
6 562.971 -2.79388 44.2918 0.5
6 589.478 -154.147 78.6985 0.5
6 591.257 -191.517 13.6301 0.5
6 611.747 -133.528 91.1734 0.5
6 572.56 -179.687 -48.8852 0.5
6 665.83 -87.9773 99.8999 0.5
6 643.259 -34.855 -81.7484 0.5
6 571.155 1.72162 -33.6406 0.5
6 593.978 -122.706 95.313 0.5
6 641.12 -31.8609 -79.5547 0.5
6 664.665 7.5338 -1.79491 0.5
6 571.606 -7.71614 53.1052 0.5
6 663.209 -2.38145 -43.447 0.5
6 606.035 -69.6042 -97.3554 0.5
6 615.126 -115.946 97.2005 0.5
6 619.09 -54.8223 -92.6507 0.5
6 561.22 -169.318 -63.9637 0.5
6 595.644 -9.64522 56.0656 0.5
6 641.603 -33.4721 80.7564 0.5
6 637.109 -86.4693 99.821 0.5
6 555.956 5.91167 18.0268 0.5
6 575.96 4.864 23.021 0.5
6 592.388 -162.488 -71.3768 0.5
6 606.425 -124.966 94.566 0.5
6 606.958 4.64626 -23.9228 0.5
6 653.931 -105.597 99.132 0.5
6 622.769 -190.703 -18.6126 0.5
6 658.623 6.36166 -15.37 0.5
6 607.802 -154.245 78.6217 0.5
6 570.183 -64.953 96.1453 0.5
6 650.389 -189.9 22.438 0.5
6 598.55 -32.2151 79.8233 0.5
6 608.351 -50.2733 -90.6704 0.5
6 565.765 -191.495 -13.7863 0.5
7 622.58 83.497 9.07658 0.5
7 639.694 33.7902 -60.6311 0.5
7 629.394 -111.108 -55.4544 0.5
7 661.927 -180.213 -28.0956 0.5
7 637.83 -43.3593 99.9963 0.5
7 611.712 77.9431 -65.9054 0.5
7 622.667 56.7425 68.3634 0.5
7 648.751 -6.5764 -83.6199 0.5
7 641.753 -55.8272 -99.7866 0.5
7 641.548 -148.229 11.93 0.5
7 666.317 4.92508 -25.2131 0.5
7 614.667 -101.202 15.3332 0.5
7 617.192 89.1158 -28.4296 0.5
7 634.997 -130.004 38.2224 0.5
7 656.76 -90.3211 -98.864 0.5
7 624.172 -85.0436 -74.9533 0.5
7 644.632 0.735855 -83.5031 0.5
7 633.955 -48.4742 -99.1925 0.5
7 635.673 -121.061 56.8129 0.5
7 643.769 8.51866 79.0019 0.5
7 656.406 1.21216 65.1213 0.5
7 630.305 -99.8779 -71.0118 0.5
7 642.876 17.4991 72.6261 0.5
7 627.553 -111.655 49.3898 0.5
7 625.189 73.4933 33.8346 0.5
7 617.616 -106.614 13.2167 0.5
7 663.601 12.4196 -9.37017 0.5
7 654.239 19.7553 42.1557 0.5
7 645.963 -156.441 -5.47697 0.5
7 656.614 -155.53 -59.3386 0.5
7 616.12 -39.1973 93.935 0.5
7 655.374 -61.0606 99.2977 0.5
7 666.354 -9.93764 -57.2782 0.5
7 633.118 52.0269 50.4014 0.5
7 646.384 42.5953 -4.10681 0.5
7 642.441 47.1628 -21.5376 0.5
7 641.498 -136.854 47.5015 0.5
7 663.582 8.47156 -29.4064 0.5
7 645.655 38.5796 32.3122 0.5
7 629.909 -35.4954 -99.7745 0.5
7 638.974 55.5078 1.25363 0.5
7 624.766 -107.404 -48.3613 0.5
7 661.022 -121.996 -91.9443 0.5
7 643.633 -41.1529 99.3479 0.5
7 620.308 67.1867 60.8689 0.5
7 622.625 -24.1812 -99.6784 0.5
7 618.43 -93.5146 53.2988 0.5
7 630.66 -106.793 64.1547 0.5
7 648.224 -15.9402 -89.5204 0.5
7 644.219 42.4696 -27.8653 0.5
7 650.301 -161.32 23.4324 0.5
7 656.616 -6.72242 73.0236 0.5
7 634.95 -48.2277 -99.4245 0.5
7 631.554 -74.8359 90.1858 0.5
7 635.044 -59.367 97.6196 0.5
7 656.311 -160.601 50.8828 0.5
7 660.894 6.68562 45.3279 0.5
7 636.309 -18.1402 97.6107 0.5
7 634.504 -81.7739 -89.2876 0.5
7 622.308 84.3315 -3.15762 0.5
7 645.392 -120.761 -75.8567 0.5
7 633.986 -42.9327 99.7486 0.5
7 637.865 56.5772 13.0794 0.5
7 619.076 -97.7304 48.0296 0.5
7 665.368 -104.767 98.9335 0.5
7 611.677 -38.9027 -90.892 0.5
7 646.318 39.4272 25.7305 0.5
7 622.248 70.2748 51.3818 0.5
7 645.644 -128.591 -68.8199 0.5
7 658.823 -115.092 -93.2069 0.5
7 638.296 28.0987 -70.0058 0.5
7 665.194 6.21772 -27.5944 0.5
7 649.412 -105.243 90.4353 0.5
7 666.069 -128.553 -92.8483 0.5
7 623.547 -90.7254 -68.3871 0.5
7 619.178 -109.884 -7.91711 0.5
7 665.478 -153.739 -77.3754 0.5
7 619.373 -36.3202 96.6183 0.5
7 629.221 -45.4774 98.3877 0.5
7 630.622 58.3875 -46.7359 0.5
7 638.888 -7.11537 -92.8148 0.5
7 647.615 -96.1023 93.0414 0.5
7 648.423 -33.8554 -96.2872 0.5
7 666.419 -172.937 -58.7591 0.5
7 650.236 -47.3141 98.5996 0.5
7 665.295 -186.812 -25.3321 0.5
7 632.16 20.067 -84.9558 0.5
7 659.172 -149.576 71.3094 0.5
7 652.104 -145.594 62.1161 0.5
7 640.385 52.1477 -13.5542 0.5
7 650.136 11.2433 -66.0743 0.5
7 612.141 16.992 -98.8685 0.5
7 636.004 -72.3905 -94.3807 0.5
7 666.023 -4.30871 -49.2583 0.5
7 642.624 37.0566 47.7482 0.5
7 641.257 37.4067 51.2888 0.5
7 628.382 -84.9107 -80.9072 0.5
7 643.87 44.7727 -21.1508 0.5
7 666.301 -128.854 92.8885 0.5
7 662.305 -163.921 -61.2775 0.5
7 658.154 -161.043 55.2703 0.5
7 665.523 9.46005 -3.75533 0.5
7 656.974 -70.0809 -99.8441 0.5
7 665.304 -155.426 -75.7055 0.5
7 622.964 39.9113 -82.3951 0.5
7 659.738 -148.496 -73.2771 0.5
7 620.27 -48.0752 -93.3003 0.5
7 623.28 81.6054 -14.7437 0.5
7 653.736 -159.878 43.9512 0.5
7 652.974 30.2627 -14.1341 0.5
7 640.253 -48.307 -99.9871 0.5
7 619.334 -26.878 98.6443 0.5
7 619.359 -13.8066 -99.9457 0.5
7 634.385 -3.79126 94.487 0.5
7 623.696 -27.0214 -99.5942 0.5
7 628.453 -99.4252 68.1692 0.5
7 664.505 -134.856 -88.7137 0.5
7 660.99 -73.2681 99.5619 0.5
7 663.427 -80.7803 99.8162 0.5
7 621.101 7.29059 -97.8088 0.5
7 619.988 -76.8314 -75.7949 0.5
7 655.338 -160.331 -48.4091 0.5
7 629.231 -34.5492 -99.7589 0.5
7 658.127 -21.6471 -82.8417 0.5
7 614.487 -23.3349 -97.7133 0.5
7 658.926 -162.747 54.7131 0.5
7 661.299 -144.995 78.5848 0.5
7 631.484 -107.204 65.3516 0.5
7 660.744 -84.4514 99.9745 0.5
7 651.507 -165.587 -10.9864 0.5
7 625.463 62.8211 54.4053 0.5
7 666.176 7.52681 13.1795 0.5
7 649.074 -160.866 -14.8736 0.5
8 611.505 100.347 28.3777 0.5
8 653.277 67.932 -99.6053 0.5
8 635.067 -12.2171 81.8263 0.5
8 646.644 156.208 -41.7056 0.5
8 638.559 -13.2686 -76.3468 0.5
8 650.71 154.663 -56.8023 0.5
8 634.196 141.151 -22.6866 0.5
8 656.588 99.1395 -98.6131 0.5
8 615.654 -16.9256 95.8322 0.5
8 633.372 -44.8244 -49.0295 0.5
8 615.321 -65.8254 -63.9346 0.5
8 657.709 24.8214 -80.2509 0.5
8 655.86 4.81935 -64.4465 0.5
8 634.811 77.3665 94.5567 0.5
8 627.937 27.6569 -99.8615 0.5
8 649.458 -11.2846 57.9776 0.5
8 663.845 -4.33312 -10.5194 0.5
8 629.426 121.884 -50.3708 0.5
8 656.154 177.701 28.3097 0.5
8 620.115 -11.5561 -95.0975 0.5
8 615.668 85.3551 67.6021 0.5
8 633.117 0.520649 91.0414 0.5
8 665.844 44.5205 84.131 0.5
8 630.12 -4.13627 91.2823 0.5
8 647.211 -13.4587 60.3191 0.5
8 630.064 80.9435 -89.6315 0.5
8 617.389 -49.4969 -76.7158 0.5
8 624.419 125.248 -17.6945 0.5
8 666.286 145.038 -88.9479 0.5
8 629.452 96.5982 79.1974 0.5
8 626.571 11.2754 -98.1243 0.5
8 648.209 45.7619 -97.4889 0.5
8 651.896 44.7859 -95.5093 0.5
8 648.463 168.432 2.78517 0.5
8 627.051 65.9696 -93.8289 0.5
8 614.735 -89.9446 -0.919655 0.5
8 659.19 -12.9312 -1.93651 0.5
8 641.799 60.4336 -99.9385 0.5
8 628.08 -55.3104 -46.6051 0.5
8 654.11 100.459 97.5031 0.5
8 617.634 -4.6189 98.0422 0.5
8 630.93 6.06629 94.7298 0.5
8 616.798 89.3983 -65.2567 0.5
8 664.192 51.2616 -89.5766 0.5
8 637.334 149.194 -0.206351 0.5
8 616.103 -10.0369 97.4454 0.5
8 619.898 118.574 -9.16124 0.5
8 628.371 48.0379 -98.9624 0.5
8 624.231 -57.0183 54.9975 0.5
8 646.702 10.3769 -83.4881 0.5
8 623.225 38.6322 -99.0327 0.5
8 642.22 102.983 -89.1377 0.5
8 653.846 167.004 -45.1829 0.5
8 650.118 5.85368 -75.5772 0.5
8 661.012 90.5329 99.9995 0.5
8 642.43 -41.7163 -7.25016 0.5
8 638.521 -35.8352 49.1541 0.5
8 646.559 70.6568 -99.8495 0.5
8 644.652 124.157 -78.233 0.5
8 640.628 133.76 61.4907 0.5
8 642.74 158.528 2.42202 0.5
8 651.346 141.281 73.4905 0.5
8 619.789 -16.493 -93.5631 0.5
8 660.497 68.4871 97.8072 0.5
8 664.176 0.177831 -29.6362 0.5
8 614.385 -90.3144 6.927 0.5
8 650.603 158.035 51.27 0.5
8 639.78 38.4442 -98.8707 0.5
8 627.553 -67.7124 -2.61945 0.5
8 615.873 -83.5308 29.4854 0.5
8 618.199 42.2938 -96.4952 0.5
8 633.359 142.211 4.41803 0.5
8 656.672 -17.2999 1.5126 0.5
8 663.373 93.4252 -99.9962 0.5
8 633.899 95.312 85.3759 0.5
8 649.353 -10.5989 -59.1775 0.5
8 632.623 26.085 98.8763 0.5
8 614.357 108.83 -10.6281 0.5
8 617.638 -52.9788 73.2661 0.5
8 664.155 -3.48031 13.1597 0.5
8 625.079 -65.9211 -34.4189 0.5
8 625.703 5.88718 -97.2809 0.5
8 629.976 -63.0114 10.3647 0.5
8 633.747 -50.9056 -34.4261 0.5
8 661.271 81.419 99.5727 0.5
8 614.929 -49.1524 -80.3429 0.5
8 617.561 16.9261 -99.9804 0.5
8 646.421 19.5092 -89.0878 0.5
8 640.092 -45.7573 7.36503 0.5
8 664.941 1.21847 -28.6988 0.5
8 662.522 63.4035 95.5749 0.5
8 647.574 -32.7645 7.80507 0.5
8 650.773 -18.6556 41.1811 0.5
8 657.917 113.57 -95.786 0.5
8 618.58 -80.1693 24.7845 0.5
8 631.862 109.599 -71.5297 0.5
8 648.69 86.0208 98.5172 0.5
8 660.451 -10.5408 -6.70207 0.5
8 655.683 40.2177 91.3172 0.5
8 621.19 -78.7256 2.91397 0.5
8 638.262 41.6232 -99.5778 0.5
8 612.775 -92.5575 12.5077 0.5
8 656.595 -17.2644 -5.98966 0.5
8 640.905 1.60893 -84.3131 0.5
8 645.798 163.576 7.45862 0.5
8 666.126 64.2981 93.7623 0.5
8 649.107 5.87251 77.0757 0.5
8 640.523 88.161 -94.2418 0.5
8 633.427 -45.2661 48.06 0.5
8 633.961 137.668 33.2338 0.5
8 647.212 13.8587 85.1442 0.5
8 658.02 40.3789 89.4811 0.5
8 630.516 105.636 -73.0887 0.5
8 631.9 3.6944 93.2612 0.5
8 628.355 104.338 70.7244 0.5
8 612.543 -92.2812 17.0432 0.5
8 618.407 101.429 52.6504 0.5
8 633.736 15.7117 -96.2153 0.5
8 658.274 181.118 -29.1595 0.5
8 644.379 83.8283 97.4516 0.5
8 639.513 -34.4013 -48.6471 0.5
8 627.344 11.0057 97.7946 0.5
8 656.884 -4.52686 -48.2623 0.5
8 665.693 176.65 -62.1567 0.5
8 643.265 37.5925 -97.5782 0.5
8 649.777 -29.1602 4.3419 0.5
8 631.345 94.5444 83.0355 0.5
8 662.051 171.173 61.093 0.5
8 640.722 131.709 -64.2281 0.5
8 625.164 -31.2778 80.4511 0.5
8 640.147 -40.4812 -32.5679 0.5
8 629.079 27.7219 99.7423 0.5
8 646.497 103.665 -92.2497 0.5
8 633.796 30.9613 99.2647 0.5
8 637.885 7.24235 90.3274 0.5
8 649.309 78.2771 99.6516 0.5
9 853.897 28.5874 -70.0018 0.5
9 829.229 26.107 67.3782 0.5
9 878.666 24.4529 65.5182 0.5
9 966.788 88.6755 99.3567 0.5
9 697.933 162.473 -78.0841 0.5
9 688.511 46.6016 -84.5495 0.5
9 842.284 104.419 99.9023 0.5
9 675.84 123.448 97.2121 0.5
9 844.179 8.29221 -39.8708 0.5
9 717.726 65.9171 -94.0125 0.5
9 907.116 41.9668 81.438 0.5
9 845.443 88.2028 -99.3017 0.5
9 799.45 4.07132 -28.2434 0.5
9 701.626 29.0549 70.4755 0.5
9 998.875 161.95 78.5 0.5
9 942.48 192.767 37.3409 0.5
9 791.771 118.898 -98.1981 0.5
9 769.172 168.971 -72.4088 0.5
9 832.297 117.915 -98.3821 0.5
9 811.327 125.445 96.7085 0.5
9 767.274 99.8892 -99.9999 0.5
9 941.349 199.89 4.69555 0.5
9 673.541 0.317525 -7.96268 0.5
9 892.791 193.244 -36.132 0.5
9 858.097 7.05086 36.8844 0.5
9 868.691 187.502 -48.4084 0.5
9 993.086 34.9002 75.9079 0.5
9 987.638 10.4719 44.5502 0.5
9 796.891 61.4419 92.2674 0.5
9 894.159 92.8638 -99.745 0.5
9 921.206 2.73713 -23.2365 0.5
9 694.002 62.3838 92.6554 0.5
9 986.493 63.0201 92.9112 0.5
9 709.942 123.24 -97.262 0.5
9 814.704 199.877 4.9583 0.5
9 690.299 157.374 81.9041 0.5
9 687.675 2.34184 -21.5147 0.5
9 949.53 91.6924 99.6543 0.5
9 770.653 196.077 27.734 0.5
9 912.914 56.0996 -89.8485 0.5
9 762.713 96.411 99.9356 0.5
9 835.59 0.674669 -11.5965 0.5
9 711.464 142.55 90.4959 0.5
9 801.642 63.4994 -93.1005 0.5
9 920.549 28.0216 -69.4198 0.5
9 769.694 132.839 94.4542 0.5
9 912.005 1.97154 19.7591 0.5
9 725.492 102.715 -99.9631 0.5
9 845.629 30.6444 72.0403 0.5
9 974.466 21.6646 -62.1576 0.5
9 978.973 6.87634 36.4415 0.5
9 879.863 178.006 -62.5703 0.5
9 713.089 87.3787 99.2003 0.5
9 961.95 188.579 -46.4078 0.5
9 746.768 186.486 -50.2014 0.5
9 693.514 31.137 -72.5113 0.5
9 681.974 139.209 91.9929 0.5
9 932.636 14.1334 51.2535 0.5
9 908.035 176.888 -63.939 0.5
9 896.523 81.0193 98.1821 0.5
9 886.04 155.197 83.3863 0.5
9 707.805 35.352 -76.2931 0.5
9 947.619 4.17993 28.6097 0.5
9 797.847 27.672 69.0555 0.5
9 799.052 199.372 -11.1922 0.5
9 941.347 88.7986 99.3707 0.5
9 936.144 97.4492 99.9675 0.5
9 788.953 199.991 -1.34824 0.5
9 753.083 120.573 97.8608 0.5
9 933.151 193.841 -34.5533 0.5
9 770.729 141.77 90.8586 0.5
9 966.522 199.999 -0.399842 0.5
9 969.611 19.2704 -59.0146 0.5
9 699.804 5.03809 31.3406 0.5
9 982.519 12.4641 48.3473 0.5
9 776.996 0.021912 2.0933 0.5
9 774.427 150.942 -86.0517 0.5
9 788.934 191.981 -39.2364 0.5
9 726.233 38.7479 -79.0455 0.5
9 789.875 33.9452 75.0784 0.5
9 854.035 182.79 -56.0869 0.5
9 827.832 48.6569 85.8131 0.5
9 737.29 4.3509 -29.1762 0.5
9 866.99 18.1239 -57.4134 0.5
9 795.005 145.175 89.2146 0.5
9 977.531 188.657 -46.2604 0.5
9 972.073 4.6502 30.1399 0.5
9 751.258 85.6511 -98.9652 0.5
9 987.203 92.7486 99.7367 0.5
9 888.615 191.219 40.976 0.5
9 866.353 155.008 -83.5112 0.5
9 741.545 0.252219 -7.0979 0.5
9 743.631 199.248 12.2377 0.5
9 927.046 5.2635 -32.0156 0.5
9 986.506 53.4782 -88.5196 0.5
9 889.19 130.033 -95.3836 0.5
9 803.181 123.234 97.2634 0.5
9 943.009 13.993 51.0176 0.5
9 776.417 186.78 49.6911 0.5
9 906.38 0.00329492 0.811772 0.5
9 871.29 0.0716819 -3.78566 0.5
9 842.903 195.293 30.3176 0.5
9 683.113 64.0353 93.3088 0.5
9 942.14 161.988 78.4694 0.5
9 925.173 199.911 4.20949 0.5
9 750.797 199.606 -8.8724 0.5
9 877.621 129.071 95.681 0.5
9 774.25 95.5442 -99.9007 0.5
9 869.689 0.422595 9.18371 0.5
9 769.548 34.7004 75.7361 0.5
9 851.37 12.4321 48.2893 0.5
9 934.692 147.896 -87.7836 0.5
9 829.289 198.122 19.2872 0.5
9 733.666 196.253 -27.116 0.5
9 861.892 10.7268 45.0589 0.5
9 937.813 178.578 -61.8503 0.5
9 873.174 197.41 -22.6097 0.5
9 853.394 86.2721 -99.0532 0.5
9 685.16 32.1658 -73.4747 0.5
9 832.052 182.266 -56.8536 0.5
9 910.278 190.673 -42.1704 0.5
9 829.633 34.412 75.4865 0.5
9 808.429 62.8151 92.8293 0.5
9 971.966 144.076 89.7624 0.5
9 880.397 15.2574 -53.0914 0.5
9 809.319 78.4578 97.6521 0.5
9 960.323 80.993 -98.177 0.5
9 904.871 181.958 -57.2961 0.5
9 696.398 191.767 39.7354 0.5
