0 116.168 136.638 -93.0463 0.5
0 320.696 165.588 75.4866 0.5
0 289.669 84.4364 98.7814 0.5
0 249.877 191.139 41.1553 0.5
0 176.846 78.8533 -97.7385 0.5
0 215.374 193.457 -35.5776 0.5
0 5.67446 178.984 61.3311 0.5
0 305.399 198.819 -15.3231 0.5
0 329.568 189.008 45.5811 0.5
0 317.033 199.967 2.55877 0.5
0 310.297 129.687 95.4917 0.5
0 73.2222 196.64 -25.7038 0.5
0 115.802 163.092 -77.5845 0.5
0 95.2303 115.686 98.7621 0.5
0 182.244 199.883 -4.83639 0.5
0 261.809 197.477 22.3213 0.5
0 58.4585 18.3225 57.6957 0.5
0 179.677 191.035 41.3842 0.5
0 265.792 92.5489 99.722 0.5
0 264.011 112.053 99.271 0.5
0 184.297 0.511075 -10.0972 0.5
0 32.1937 19.0454 -58.7056 0.5
0 121.706 93.8253 99.8092 0.5
0 138.882 7.58819 -38.2107 0.5
0 214.886 8.00306 -39.199 0.5
0 188.182 64.8229 -93.6086 0.5
0 190.184 103.217 99.9482 0.5
0 254.681 5.62401 33.0632 0.5
0 249.717 191.925 -39.3677 0.5
0 233.504 1.66453 -18.1696 0.5
0 115.737 198.964 14.3543 0.5
0 1.22969 194.72 32.0635 0.5
0 26.5576 5.85025 -33.702 0.5
0 319.172 45.2882 -83.7056 0.5
0 68.3555 101.946 99.9811 0.5
0 34.6068 72.2256 -96.0655 0.5
0 295.803 0.315694 -7.93972 0.5
0 293.026 8.57865 -40.5233 0.5
0 275.791 195.338 30.1782 0.5
0 213.938 198.259 18.5763 0.5
0 14.0655 144.607 89.4996 0.5
0 150.809 14.5267 51.9067 0.5
0 199.824 130.447 95.2521 0.5
0 40.8153 69.9986 -95.3935 0.5
0 120.194 2.25843 -21.1326 0.5
0 287.386 177.536 63.1517 0.5
0 317.413 111.647 -99.3195 0.5
0 308.185 0.356727 -8.43909 0.5
0 128.361 171.612 69.7982 0.5
0 82.3262 51.8695 87.6553 0.5
0 236.154 6.39697 -35.1919 0.5
0 274.312 20.7845 -61.032 0.5
0 224.925 198.639 -16.4434 0.5
0 48.745 181.577 57.8375 0.5
0 53.9093 118.466 -98.2803 0.5
0 122.984 75.9684 97.0695 0.5
0 137.434 155.246 -83.3542 0.5
0 69.8258 95.1114 -99.8804 0.5
0 298.598 120.49 -97.8782 0.5
0 192.944 172.02 69.3762 0.5
0 31.4136 36.5633 -77.3032 0.5
0 268.571 169.38 -72.0171 0.5
0 124.988 112.167 99.2571 0.5
0 75.6747 177.189 -63.5754 0.5
0 115.354 199.405 -10.8898 0.5
0 246.707 199.619 8.71948 0.5
0 114.096 182.065 57.1434 0.5
0 80.5691 102.807 -99.9606 0.5
0 21.0058 65.8028 -93.971 0.5
0 244.966 26.9979 -68.3425 0.5
0 325.913 199.324 11.6041 0.5
0 141.877 187.205 48.942 0.5
0 59.2704 199 14.105 0.5
0 226.836 27.1598 -68.515 0.5
0 239.648 163.459 -77.2848 0.5
0 194.482 37.8544 -78.3449 0.5
0 90.696 160.166 -79.8753 0.5
0 26.9561 199.164 12.9049 0.5
0 72.6055 159.117 80.655 0.5
0 283.684 90.8415 -99.5797 0.5
0 159.509 10.708 45.0215 0.5
0 327.984 199.284 -11.9416 0.5
0 23.5032 61.4748 92.2811 0.5
0 56.8028 99.315 99.9977 0.5
0 235.279 193.464 -35.5595 0.5
0 47.644 177.911 -62.6884 0.5
0 193.789 129.03 95.6937 0.5
0 175.213 42.2252 -81.6215 0.5
0 0.40392 158.281 81.2611 0.5
0 27.9435 128.622 95.8163 0.5
0 288.724 80.7403 98.1278 0.5
0 299.397 0.589299 -10.8403 0.5
0 162.049 69.1294 95.1157 0.5
0 147.396 58.5675 -91.0129 0.5
0 301.487 0.299509 -7.73383 0.5
0 264.144 153.6 -84.4216 0.5
0 21.4842 167.216 -74.0403 0.5
0 87.1311 183.424 -55.1405 0.5
0 306.747 78.2143 97.5981 0.5
0 139.721 149.638 86.8103 0.5
0 277.42 105.156 99.867 0.5
0 38.6947 194.825 31.751 0.5
0 196.299 0.000185818 -0.192778 0.5
0 63.8377 55.5353 89.5706 0.5
0 200.832 189.376 -44.8537 0.5
0 124.166 8.19367 39.6434 0.5
0 252.173 23.1628 -64.0004 0.5
0 51.7318 128.712 95.7896 0.5
0 264.718 71.2865 -95.789 0.5
0 330.618 163.079 -77.5955 0.5
0 63.2832 165.531 75.5362 0.5
0 218.485 9.06039 -41.5931 0.5
0 143.144 89.254 99.4209 0.5
0 222.841 146.675 -88.4391 0.5
0 48.8704 195.703 -28.9977 0.5
0 131.286 193.569 -35.283 0.5
0 223.827 161.279 -79.0246 0.5
0 121.572 43.8729 82.7632 0.5
0 81.4256 13.9948 51.0207 0.5
0 47.7819 15.8795 -54.0717 0.5
0 213.425 44.4495 -83.1513 0.5
0 131.24 195.594 -29.3578 0.5
0 321.589 93.1406 -99.7645 0.5
0 319.715 59.5538 91.4555 0.5
0 92.8778 50.9175 87.1258 0.5
0 250.139 185.779 51.3993 0.5
0 10.8374 186.877 49.5218 0.5
0 150.547 180.458 -59.3848 0.5
0 287.974 50.2947 -86.772 0.5
0 48.9172 81.8254 -98.3346 0.5
0 39.7985 184.757 53.0678 0.5
0 28.6391 21.6736 -62.1689 0.5
0 62.7089 174.046 67.2099 0.5
0 327.203 14.4055 -51.7066 0.5
0 171.884 187.077 49.1695 0.5
0 160.352 6.35011 -35.067 0.5
0 164.929 14.9736 -52.6356 0.5
0 121.804 83.9801 -98.7085 0.5
0 170.99 196.149 27.4854 0.5
0 282.044 71.6257 -95.89 0.5
0 148.379 62.7447 -92.8011 0.5
0 214.34 185.984 -51.0559 0.5
0 170.708 75.5561 96.9665 0.5
0 69.5845 193.347 35.8648 0.5
0 202.846 19.0765 58.7485 0.5
0 296.178 112.994 -99.1522 0.5
0 134.859 0.00326539 0.808126 0.5
0 310.16 53.629 -88.5987 0.5
0 285.416 85.4282 -98.9326 0.5
0 54.0335 17.7914 -56.9364 0.5
0 6.26799 183.449 -55.1028 0.5
0 172.929 39.736 79.8013 0.5
0 29.9318 184.336 -53.7353 0.5
0 285.988 192.789 37.2851 0.5
0 156.53 102.53 -99.968 0.5
0 236.63 45.9705 84.1475 0.5
0 302.896 125.31 96.7441 0.5
0 113.809 120.565 97.8625 0.5
0 129.615 55.3001 -89.4534 0.5
0 272.87 179.382 -60.8147 0.5
0 53.3058 199.681 7.98686 0.5
0 121.955 61.3447 -92.2267 0.5
0 299.663 199.629 -8.60308 0.5
0 170.146 40.6792 -80.5049 0.5
0 44.3998 56.0774 89.8377 0.5
0 64.6061 116.799 98.5789 0.5
0 295.733 142.772 -90.3912 0.5
0 127.442 12.7324 48.83 0.5
0 241.229 2.80201 23.5064 0.5
0 286.596 163.8 -77.0037 0.5
0 111.328 10.2762 44.1547 0.5
0 31.9949 197.128 -23.7929 0.5
0 16.9673 143.886 89.8558 0.5
0 53.9241 183.662 54.7778 0.5
0 19.2372 142.067 -90.7215 0.5
0 222.105 195.403 -29.9713 0.5
0 161.751 188.905 -45.7804 0.5
0 96.0895 59.4879 91.4263 0.5
0 47.279 65.85 -93.9882 0.5
0 294.072 61.889 -92.453 0.5
0 108.814 23.7866 -64.7419 0.5
0 259.966 6.52609 35.5335 0.5
0 239.604 51.8715 -87.6564 0.5
0 38.9085 103.713 99.931 0.5
0 317.345 189.068 -45.4621 0.5
0 187.262 187.124 -49.0849 0.5
0 303.53 181.462 58 0.5
0 198.681 8.44925 40.2301 0.5
0 30.0528 185.444 51.9556 0.5
0 257.021 198.219 -18.788 0.5
0 101.628 132.373 -94.6149 0.5
0 279.523 0.010112 1.42207 0.5
0 103.5 1.26447 15.8523 0.5
0 220.765 197.242 23.3222 0.5
0 259.122 42.583 81.8736 0.5
0 130.506 116.813 -98.5765 0.5
0 114.842 198.423 -17.6912 0.5
0 255.205 182.982 -55.8038 0.5
0 4.11429 19.5097 59.3406 0.5
0 221.629 1.43958 -16.9069 0.5
0 238.88 152.996 -84.8023 0.5
0 293.025 178.376 -62.1069 0.5
0 235.868 171.506 -69.9061 0.5
0 330.81 111.915 99.2876 0.5
0 284.288 41.311 -80.9666 0.5
0 114.029 4.00012 28.0004 0.5
0 166.951 43.7384 -82.6718 0.5
0 326.602 0.0948411 -4.35422 0.5
0 278.155 164.764 -76.1948 0.5
0 73.1691 21.1056 61.4465 0.5
0 306.465 189.793 44.014 0.5
0 145.468 153.737 84.3346 0.5
0 56.492 192.093 -38.9722 0.5
0 73.9814 22.9263 -63.7154 0.5
0 222.564 106.684 -99.7764 0.5
0 176.239 151.092 -85.9629 0.5
0 81.4088 0.786311 12.5157 0.5
0 11.0673 52.1153 87.7898 0.5
0 286.348 190.457 42.6315 0.5
0 290.512 194.868 -31.6242 0.5
0 138.005 171.327 70.0894 0.5
0 72.6771 30.8892 -72.2751 0.5
0 182.569 106.142 -99.8112 0.5
0 176.284 9.73793 -43.0437 0.5
0 108.361 70.7951 95.6403 0.5
0 165.223 38.1353 78.5669 0.5
0 31.3792 50.2078 86.7222 0.5
0 164.764 102.752 99.9621 0.5
0 265.613 71.1589 95.7507 0.5
0 40.1701 81.2912 -98.2343 0.5
0 228.678 188.957 45.6798 0.5
1 476.744 -247.955 -9.37333 0.5
1 352.404 153.089 50.8248 0.5
1 452.552 -135.78 95.6153 0.5
1 399.882 49.5251 76.1724 0.5
1 417.506 -23.2129 97.4178 0.5
1 375.269 47.463 97.9597 0.5
1 352.501 -33.0892 4.71088 0.5
1 437.142 -179.749 3.23898 0.5
1 446.087 -54.1204 -91.1301 0.5
1 419.057 48.2467 -25.3844 0.5
1 473.009 -76.3535 75.5007 0.5
1 410.521 -127.205 35.4328 0.5
1 486.482 -263.796 17.0578 0.5
1 427.582 -57.1257 -99.8126 0.5
1 471.519 -73.6699 75.4107 0.5
1 488.708 -81.3703 -47.9648 0.5
1 376.44 64.145 -92.1629 0.5
1 493.66 -124.195 84.486 0.5
1 414.769 -82.834 90.8528 0.5
1 484.751 -76.7512 51.8434 0.5
1 404.936 -123.915 -4.56089 0.5
1 389.357 102.743 6.64459 0.5
1 390.361 -98.7463 2.38256 0.5
1 428.624 -160.476 -29.89 0.5
1 343.477 119.971 -92.6864 0.5
1 395.063 -105.895 14.2766 0.5
1 454.127 -31.7721 -63.2592 0.5
1 461.403 -218.736 -24.6599 0.5
1 425.901 -151.631 40.7957 0.5
1 450.258 -59.1547 90.1086 0.5
1 337.536 50.6737 90.7303 0.5
1 389.676 -88.1832 42.3375 0.5
1 339.839 66.113 -97.4083 0.5
1 492.847 -147.793 95.8549 0.5
1 436.989 -157.192 -63.0053 0.5
1 448.358 -21.0029 62.295 0.5
1 460.262 -215.739 -28.3701 0.5
1 359.603 151.047 -26.0479 0.5
1 423.421 12.4065 -72.9086 0.5
1 458.648 -57.1754 80.0926 0.5
1 475.943 -78.6543 -72.9915 0.5
1 406.944 62.047 -44.5163 0.5
1 342.981 13.3416 71.4657 0.5
1 437.182 -15.1596 -76.2386 0.5
1 487.544 -77.5489 -44.5025 0.5
1 425.019 -118.149 -80.4877 0.5
1 419.751 -29.2163 97.8838 0.5
1 341.237 171.397 -52.5379 0.5
1 412.099 -83.7958 -88.0688 0.5
1 461.364 -55.9581 75.3033 0.5
1 416.667 9.83491 -84.0557 0.5
1 441.485 10.9168 18.6738 0.5
1 476.102 -47.7722 9.88827 0.5
1 482.365 -143.565 98.9335 0.5
1 457.603 -212.247 -24.2856 0.5
1 478.062 -175.157 -96.9576 0.5
1 435.042 0.673625 64.0001 0.5
1 471.476 -42.7319 -26.0854 0.5
1 499.001 -202.164 -98.835 0.5
1 381.735 56.8645 91.3432 0.5
1 471.242 -44.5082 -33.1209 0.5
1 368.701 138.74 -0.515621 0.5
1 473.059 -74.8941 74.1288 0.5
1 469.246 -224.592 -45.2343 0.5
1 432.672 -86.7861 -98.9096 0.5
1 429.063 -37.3383 -95.8614 0.5
1 414.282 -35.7684 99.9014 0.5
1 381.818 -38.3088 83.9538 0.5
1 362.708 126.178 -63.7375 0.5
1 494.309 -121.472 81.9226 0.5
1 473.629 -72.2964 -70.719 0.5
1 472.239 -119.207 97.6865 0.5
1 472.077 -41.7169 16.7105 0.5
1 393.458 65.7766 71.497 0.5
1 354.653 -28.932 39.1802 0.5
1 430.875 9.79386 -61.6437 0.5
1 375.612 62.7782 93.2927 0.5
1 497.852 -208.402 -97.2122 0.5
1 395.335 64.4341 69.5797 0.5
1 392.693 -42.9863 -91.5759 0.5
1 475.814 -107.3 91.875 0.5
1 386.848 54.9763 -87.909 0.5
1 395.813 88.456 -25.575 0.5
1 369.263 132.459 -32.1513 0.5
1 446.706 -175.693 60.8899 0.5
1 424.871 -87.5264 95.7093 0.5
1 448.485 -157.784 81.221 0.5
1 401.894 65.4227 -53.9889 0.5
1 495.497 -222.773 -90.7999 0.5
1 423.569 36.1701 -38.0888 0.5
1 333.787 0.968046 -18.6461 0.5
1 338.916 123.329 -94.3988 0.5
1 443.814 -50.5718 -91.304 0.5
1 340.301 8.08012 -60.1985 0.5
1 369.808 -60.6913 -22.1504 0.5
1 492.263 -79.0013 -27.0448 0.5
1 474.191 -226.391 -56.632 0.5
1 372.514 66.5721 -93.8844 0.5
1 425.701 -21.2902 -92.2099 0.5
1 379.301 -76.342 25.3906 0.5
1 420.714 -90.5895 91.9788 0.5
1 439.601 -114.683 -95.1959 0.5
1 474.291 -231.91 47.9301 0.5
1 489.205 -205.445 -93.4994 0.5
1 363.536 -51.841 9.69586 0.5
1 472.31 -96.7037 -89.7941 0.5
1 432.827 -171.223 14.8243 0.5
1 416.032 20.8541 -76.7599 0.5
1 483.755 -174.354 99.0409 0.5
1 493.035 -86.0461 -42.4023 0.5
1 344.125 55.6711 -96.6578 0.5
1 375.091 -25.7186 -84.5534 0.5
1 488.274 -125.156 -90.1833 0.5
1 377.38 -48.8525 -68.8106 0.5
1 409.677 59.8452 39.0125 0.5
1 453.914 -86.0208 -97.3587 0.5
1 354.077 154.161 -43.4042 0.5
1 437.21 -75.8755 -99.9182 0.5
1 389.078 -63.0301 -74.7047 0.5
1 335.455 194.862 17.0404 0.5
1 454.99 -146.209 93.4891 0.5
1 414.384 37.2173 63.0718 0.5
1 439.563 -23.4455 -79.5854 0.5
1 388.789 -14.4307 -98.2967 0.5
1 464.721 -28.425 -13.052 0.5
1 400.013 -100.863 -52.0759 0.5
1 409.752 -126.151 34.689 0.5
1 389.874 -78.8694 58.7277 0.5
1 428.64 -163.752 16.2195 0.5
1 369.322 -60.313 20.0063 0.5
1 386.634 -79.1809 -49.5477 0.5
1 435.964 -91.6297 -99.0337 0.5
1 369.534 70.712 -94.2527 0.5
1 490.199 -111.906 80.155 0.5
1 467.635 -53.5114 -61.1741 0.5
1 384.703 -6.21711 98.5023 0.5
1 468.217 -36.7607 24.8437 0.5
1 339.884 83.5983 -99.8722 0.5
1 354.924 162.201 -8.97225 0.5
1 440.507 -170.874 -52.2829 0.5
1 411.33 -115.198 -59.8614 0.5
1 458.45 -26.2795 -42.6925 0.5
1 400.573 -41.3033 96.8655 0.5
1 406.993 5.55185 94.351 0.5
1 356.572 69.4528 -99.5282 0.5
1 398.735 69.4263 -56.2119 0.5
1 446.772 -195.09 16.6232 0.5
1 448.176 -97.4196 99.9888 0.5
1 429.733 -9.96382 82.1611 0.5
1 465.017 -149.737 97.6273 0.5
1 461.766 -183.845 -78.9356 0.5
1 363.751 -11.0724 81.1845 0.5
1 349.177 104.716 -94.6882 0.5
1 377.758 -51.6663 66.4589 0.5
1 478.482 -221.57 71.2514 0.5
1 391.264 -71.0702 -70.6902 0.5
1 381.796 -8.16383 -97.0215 0.5
1 404.589 72.6966 27.6054 0.5
1 376.3 17.7735 -99.6948 0.5
1 481.308 -126.875 95.5727 0.5
1 351.084 10.3209 80.7891 0.5
1 350.503 162.698 -38.1502 0.5
1 432.997 25.9584 -16.7856 0.5
1 379.496 -79.7627 -6.22745 0.5
1 381.353 24.6647 -99.6924 0.5
1 475.921 -48.0045 14.3516 0.5
1 432.165 -111.114 -91.6811 0.5
1 485.528 -165.599 99.9802 0.5
1 395.743 -81.0978 68.3429 0.5
1 451.159 -199.761 29.0692 0.5
1 366.525 129.811 -48.7721 0.5
1 381.24 -54.6082 69.7782 0.5
1 378.66 -13.2812 93.7594 0.5
1 334.55 -2.107 0.200696 0.5
1 390.879 83.5116 55.5033 0.5
1 402.122 68.7679 47.6566 0.5
1 336.78 55.7137 92.3682 0.5
1 415.887 -8.97053 94.0366 0.5
1 444.961 -122.631 95.6153 0.5
1 396.779 58.6085 72.8548 0.5
1 381.243 29.4866 99.2197 0.5
1 433.304 -152.146 -61.3224 0.5
1 444.148 -191.317 11.112 0.5
1 497.852 -217.453 -94.5719 0.5
1 402.74 -17.0635 -99.9503 0.5
1 393.88 19.473 96.9917 0.5
1 490.753 -148.413 97.0162 0.5
1 472.777 -146.394 -99.8813 0.5
1 349.087 66.5409 99.8093 0.5
1 387.687 -36.177 90.7369 0.5
1 422.077 28.7312 -56.6013 0.5
1 351.443 -29.5202 -19.1304 0.5
1 337.15 169.81 64.4976 0.5
1 470.254 -70.1028 -74.1909 0.5
1 399.888 61.1642 -64.4737 0.5
1 388.991 63.6323 -79.9741 0.5
1 341.601 -4.05686 44.1293 0.5
1 432.827 -118.455 -88.7256 0.5
1 450.905 -43.6395 79.9996 0.5
1 492.675 -154.787 -97.727 0.5
1 360.594 24.7556 95.9918 0.5
1 420.18 -109.793 -80.4689 0.5
1 352.015 85.6356 -98.3678 0.5
1 445.288 -186.838 36.9411 0.5
1 344.3 120.721 91.7752 0.5
1 407.721 -116.122 48.8114 0.5
1 420.542 44.8194 28.4437 0.5
1 401.779 -46.5471 96.0012 0.5
1 429.777 -136.811 -71.643 0.5
1 428.675 -4.58854 79.5862 0.5
1 403.723 -49.5359 -96.1107 0.5
1 443.457 -3.95595 49.6851 0.5
1 436.331 5.48557 -54.4391 0.5
1 493.714 -162.715 -98.8574 0.5
1 385.669 97.2393 -47.7058 0.5
1 436.053 7.85314 51.416 0.5
1 434.999 -12.6001 77.2598 0.5
2 548.213 -85.3051 -98.0077 0.5
2 522.587 -58.6294 41.6263 0.5
2 510.54 -213.616 90.1888 0.5
2 504.079 -143.064 -92.2726 0.5
2 615.611 -88.1645 7.28715 0.5
2 589.175 65.7546 -2.28284 0.5
2 616.924 -67.2805 -58.472 0.5
2 643.446 131.704 69.4774 0.5
2 595.086 72.7155 -25.4896 0.5
2 660.201 63.858 96.8391 0.5
2 606.459 93.7893 19.5449 0.5
2 643.509 94.7194 -93.7386 0.5
2 622.035 0.705579 -97.5522 0.5
2 639.537 66.3532 99.1058 0.5
2 605.995 45.2484 -86.4083 0.5
2 537.175 -65.0831 -80.5911 0.5
2 538.459 -43.5511 -61.9347 0.5
2 574.038 -116.748 82.6383 0.5
2 658.773 -7.02209 35.8559 0.5
2 570.099 -32.3927 93.7244 0.5
2 609.656 53.1511 85.48 0.5
2 592.274 47.426 64.6655 0.5
2 567.947 -8.61113 -78.1616 0.5
2 545.116 -161.721 -85.9046 0.5
2 621.518 109.31 48.3947 0.5
2 664.969 10.9181 50.7905 0.5
2 581.226 -128.518 -59.2857 0.5
2 566.213 -173.737 7.12219 0.5
2 517.235 -126.713 -94.7043 0.5
2 559.086 -186.297 -2.73168 0.5
2 657.799 -6.3158 41.5563 0.5
2 556.243 -116.485 96.766 0.5
2 621.407 119.297 -21.3704 0.5
2 626.178 -43.5826 -67.8559 0.5
2 505.554 -172.113 99.7588 0.5
2 582.594 -124.333 -61.6762 0.5
2 621.101 -68.7948 -43.852 0.5
2 550.898 -61.3003 -91.9896 0.5
2 558.954 -134.633 87.6891 0.5
2 634.971 127.552 -56.587 0.5
2 610.975 -6.46185 -99.4986 0.5
2 562.505 -51.1181 95.6129 0.5
2 602.886 72.0991 56.4109 0.5
2 551.199 -95.5106 99.8994 0.5
2 579.133 41.9485 35.3028 0.5
2 613.679 -21.0415 -95.6222 0.5
2 504.377 -278.302 -23.4624 0.5
2 657.096 52.3942 -95.064 0.5
2 601.955 -53.1088 -91.1973 0.5
2 528.394 -235.819 26.8647 0.5
2 522.154 -250.292 1.52087 0.5
2 524.408 -49.9034 26.2422 0.5
2 575.682 22.8334 -59.4318 0.5
2 518.762 -105.516 86.2168 0.5
2 651.86 169.274 31.4683 0.5
2 546.084 -205.08 27.2195 0.5
2 654.929 152.878 68.121 0.5
2 531.125 -138.735 -99.9211 0.5
2 528.888 -218.226 -60.5482 0.5
2 574.811 -145.383 50.5491 0.5
2 521.661 -245.909 -31.9696 0.5
2 588.91 59.8259 -32.6952 0.5
2 559.153 -59.5788 96.3863 0.5
2 600.593 -19.0066 -99.8958 0.5
2 520.061 -146.586 99.7301 0.5
2 564.532 -106.173 -95.6202 0.5
2 636.527 127.218 -60.764 0.5
2 656.047 73.9581 99.7071 0.5
2 639.782 142.96 44.5544 0.5
2 635.612 -53.5551 -6.81529 0.5
2 610.364 100.501 -19.799 0.5
2 501.255 -185.389 99.9938 0.5
2 590.998 -95.4258 -76.5337 0.5
2 537.532 -64.0335 -80.2734 0.5
2 627.38 -3.53413 -93.4914 0.5
2 657.678 -4.11519 -46.4703 0.5
2 600.545 -21.7955 99.7354 0.5
2 638.663 -3.05818 83.8088 0.5
2 560.176 -89.2351 -99.8853 0.5
2 589.531 -112.149 -61.8902 0.5
2 584.222 -142.75 -3.11185 0.5
2 509.739 -212.792 -91.2148 0.5
2 641.391 -43.7498 -2.39296 0.5
2 551.547 -116.153 -98.5857 0.5
2 612.993 107.005 -2.38762 0.5
2 598.705 -13.0793 -99.8926 0.5
2 550.542 -160.028 80.8174 0.5
2 598.436 -103.112 -52.7872 0.5
2 570.435 -31.256 93.516 0.5
2 619.739 97.3385 61.7977 0.5
2 549.986 -186.949 -52.9161 0.5
2 605.083 -83.742 -63.7135 0.5
2 581.995 30.3524 63.7937 0.5
2 516.381 -160.64 -99.9994 0.5
2 561.637 -88.2843 99.7971 0.5
2 522.615 -249.036 9.6621 0.5
2 635.561 -47.6041 34.8597 0.5
2 586.063 -134.3 -32.1523 0.5
2 611.246 76.6764 68.6986 0.5
2 569.252 2.41244 -70.2788 0.5
2 555.401 -45.172 87.9736 0.5
2 561.142 -8.78381 67.2712 0.5
2 516.015 -192.289 -94.9577 0.5
2 609.998 -84.9003 -49.7472 0.5
2 608.757 -14.5278 -98.9829 0.5
2 552.797 -192.003 31.9011 0.5
2 554.793 -188.539 31.9197 0.5
2 647.308 160.576 -33.8222 0.5
2 606.056 87.2327 -38.6889 0.5
2 523.409 -143.288 99.8827 0.5
2 523.264 -235.247 -49.5411 0.5
2 569.727 31.9719 -4.95713 0.5
2 635.936 82.678 -93.3316 0.5
2 507.966 -251.24 -64.5664 0.5
2 568.368 -58.538 99.3108 0.5
2 522.963 -51.3495 21.9882 0.5
2 638.131 -31.6961 56.8455 0.5
2 575.933 -2.50547 83.7455 0.5
2 605.798 90.2978 28.9256 0.5
2 556.104 -143.675 85.3105 0.5
2 561.831 -99.1288 98.4484 0.5
2 521.318 -239.281 -48.358 0.5
2 662.783 192.639 11.2447 0.5
2 628.504 -65.362 -12.124 0.5
2 524.59 -51.9015 33.6107 0.5
2 543.945 -18.1711 -33.0252 0.5
2 625.863 83.9982 83.7309 0.5
2 631.186 9.74106 -95.7616 0.5
2 631.528 124.805 51.5878 0.5
2 651.024 170.818 -20.3296 0.5
2 603.572 -92.282 -55.7791 0.5
2 624.839 -65.3956 -36.8863 0.5
2 623.403 -72.4393 22.2024 0.5
2 666.212 177.329 -62.4311 0.5
2 584.759 -75.2126 94.2769 0.5
2 616.639 107.77 32.9355 0.5
2 586.011 -15.1482 96.9394 0.5
2 651.966 142.112 73.7142 0.5
2 543.282 -13.9171 -6.45143 0.5
2 619.798 -56.7062 -65.5405 0.5
2 542.353 -212.968 -21.5511 0.5
2 559.477 10.2313 -28.3797 0.5
2 516.935 -92.8949 74.7306 0.5
2 588.829 -101.216 74.7756 0.5
2 641.728 147.863 -41.3329 0.5
2 580.247 -69.0268 98.1113 0.5
2 526.565 -147.243 99.895 0.5
2 552.913 -178.744 -57.641 0.5
2 579.508 49.0219 1.73983 0.5
2 519.581 -174.28 -98.0764 0.5
2 520.67 -61.3872 40.377 0.5
2 574.703 37.6015 -24.7547 0.5
2 576.38 -153.292 24.6621 0.5
2 625.139 94.0612 -75.1367 0.5
2 613.093 93.0085 -51.3635 0.5
2 574.416 -55.7084 -99.9169 0.5
2 520.532 -160.829 99.7019 0.5
2 658.405 160.571 66.279 0.5
2 649.28 10.7297 -80.6263 0.5
2 580.012 -93.8218 89.9311 0.5
2 523.57 -138.657 -99.5764 0.5
2 562.681 -106.064 96.573 0.5
2 591.552 34.5576 76.2831 0.5
2 665.537 -0.508761 16.9554 0.5
2 625.626 87.0144 -81.3916 0.5
2 525.048 -55.7205 -44.4645 0.5
2 552.272 -84.2345 -99.0287 0.5
2 524.946 -235.392 -43.7452 0.5
2 642.482 -5.55169 77.1173 0.5
2 547.518 -16.4682 43.7874 0.5
2 620.126 1.17737 -98.3277 0.5
2 658.491 185.202 11.2716 0.5
2 638.583 78.2469 96.317 0.5
2 666.055 34.6423 -76.5887 0.5
2 656.831 182.908 3.32032 0.5
2 550.301 -44.2164 81.9309 0.5
2 650.905 -12.8954 51.7044 0.5
2 502.2 -207.234 97.4661 0.5
2 517.517 -112.854 89.0584 0.5
2 520.264 -217.006 77.309 0.5
2 634.715 143.312 16.353 0.5
2 578.089 -93.1627 -91.7637 0.5
2 576.292 -153.531 -24.3212 0.5
2 657.746 184.331 -6.60189 0.5
2 539.087 -220.967 -1.19406 0.5
2 570.336 -123.188 -82.6195 0.5
2 530.494 -142.544 99.7763 0.5
2 572.536 -156.358 -35.9381 0.5
2 553.266 -82.5876 99.0392 0.5
2 605.505 -23.7379 -98.4026 0.5
2 553.059 -3.76953 -36.742 0.5
2 500.404 -91.8772 -27.663 0.5
2 588.356 -20.8357 -98.8984 0.5
2 576.168 -110.403 -84.387 0.5
2 595.575 -123.05 4.11367 0.5
2 521.079 -208.994 82.283 0.5
2 572.907 -143.22 58.8855 0.5
2 504.308 -275.669 32.8332 0.5
2 660.882 -5.5983 -29.4024 0.5
2 597.917 -59.9678 91.2581 0.5
2 611.857 5.75788 99.9976 0.5
2 529.853 -92.538 -89.5879 0.5
2 509.336 -208.386 93.3414 0.5
2 568.22 -131.577 79.1921 0.5
2 577.881 -136.922 55.5656 0.5
2 654.605 -20.8626 2.40789 0.5
2 526.687 -53.2163 45.1345 0.5
2 631.314 38.3891 -99.9993 0.5
2 536.747 -223.833 15.4081 0.5
2 515.906 -155.584 99.8463 0.5
2 542.354 -167.76 -85.1446 0.5
2 653.622 32.4371 -89.3185 0.5
2 561.429 -6.99654 -65.8236 0.5
2 581.387 -119.651 -69.4576 0.5
2 628.681 -62.263 -26.3351 0.5
3 669.976 93.2159 -99.7696 0.5
3 673.287 12.0675 47.6223 0.5
3 773.352 197.674 21.4446 0.5
3 982.735 199.358 -11.3108 0.5
3 750.339 127.116 96.2533 0.5
3 969.516 18.0076 57.2473 0.5
3 873.38 176.49 64.4151 0.5
3 767.698 41.8619 -81.3631 0.5
3 685.975 191.967 -39.2697 0.5
3 856.393 0.176171 5.93323 0.5
3 998.025 90.7886 -99.5748 0.5
3 980.07 163.6 -77.1687 0.5
3 830.129 192.136 38.8704 0.5
3 711.72 65.3981 93.8227 0.5
3 907.769 23.9864 -64.9764 0.5
3 748.3 110.371 -99.4608 0.5
3 835.861 175.705 65.3354 0.5
3 863.442 148.803 87.2826 0.5
3 782.054 8.80278 41.0252 0.5
3 997.297 123.02 -97.3144 0.5
3 930.184 60.9217 -92.0483 0.5
3 774.64 111.705 -99.3126 0.5
3 890.176 46.1277 84.2483 0.5
3 747.149 32.5196 73.7997 0.5
3 861.102 57.6315 -90.5809 0.5
3 919.276 156.028 82.8303 0.5
3 710.336 164.602 -76.3323 0.5
3 737.649 10.1025 -43.8001 0.5
3 772.265 157.733 -81.6514 0.5
3 784.284 111.953 -99.2831 0.5
3 953.234 33.069 74.2984 0.5
3 973.865 119.744 -98.0315 0.5
3 831.995 133.287 -94.2972 0.5
3 867.238 22.675 63.4102 0.5
3 691.418 28.5455 69.9589 0.5
3 728.739 0.0179473 1.8945 0.5
3 966.793 197.096 23.9245 0.5
3 796.153 188.349 -46.8451 0.5
3 850.997 65.8691 -93.9951 0.5
3 773.754 90.6602 99.5629 0.5
3 836.514 7.69935 -38.4784 0.5
3 860.447 156.53 -82.4886 0.5
3 681.219 127.635 96.1058 0.5
3 957.279 181.19 -58.379 0.5
3 693.907 199.998 0.583828 0.5
3 709.44 71.8337 -95.9513 0.5
3 924.751 32.2197 73.5244 0.5
3 760.34 0.40048 -8.94067 0.5
3 885.766 60.6597 91.9366 0.5
3 921.228 34.4084 75.4834 0.5
3 805.325 62.0473 92.5181 0.5
3 995.166 156.57 82.4611 0.5
3 814.478 178.509 61.938 0.5
3 689.469 106.66 -99.778 0.5
3 979.76 59.2283 -91.3108 0.5
3 880.377 44.0299 82.8695 0.5
3 866.062 29.9019 71.318 0.5
3 712.418 38.1193 78.5543 0.5
3 837.682 152.117 -85.345 0.5
3 699.343 67.6481 94.6222 0.5
3 782.732 180.83 -58.8774 0.5
3 688.568 120.486 -97.879 0.5
3 800.646 82.0829 -98.3818 0.5
3 990.558 0.498191 9.96945 0.5
3 754.698 131.631 94.8655 0.5
3 811.039 199.96 2.82625 0.5
3 889.001 70.9116 95.6758 0.5
3 728.991 16.0434 -54.3258 0.5
3 813.653 0.0408849 2.85925 0.5
3 742.881 193.266 -36.0761 0.5
3 697.222 3.3381 25.6218 0.5
3 885.868 125.149 96.7861 0.5
3 895.886 109.737 -99.5249 0.5
3 803.463 0.0254734 -2.257 0.5
3 861.274 198.384 -17.9069 0.5
3 905.671 122.993 97.3208 0.5
3 941.35 46.3944 -84.4182 0.5
3 919.043 182.699 -56.2213 0.5
3 801.369 152.445 -85.144 0.5
3 899.945 0.00453251 0.952093 0.5
3 805.101 127.415 96.1688 0.5
3 671.468 0.455459 9.53333 0.5
3 869.488 33.9997 -75.1263 0.5
3 911.711 181.039 -58.5889 0.5
3 998.9 48.5341 -85.7395 0.5
3 962.052 182.51 -56.499 0.5
3 749.616 115.543 98.7847 0.5
3 968.881 89.7409 99.4724 0.5
3 740.969 116.414 98.6437 0.5
3 896.268 69.392 95.2006 0.5
3 935.632 199.924 3.90871 0.5
3 816.748 179.377 60.8216 0.5
3 909.743 139.201 -91.9961 0.5
3 931.388 143.517 90.0348 0.5
3 711.294 199.929 -3.77949 0.5
3 784.321 179.128 -61.1452 0.5
3 882.512 11.0132 -45.6217 0.5
3 894.419 39.9672 79.9754 0.5
3 948.655 185.272 52.2374 0.5
3 670.527 45.3042 83.716 0.5
3 717.397 162.655 -77.9379 0.5
3 884.585 111.911 -99.2881 0.5
3 954.894 9.35296 -42.2269 0.5
3 822.218 42.1935 -81.5991 0.5
3 764.728 20.9992 61.3097 0.5
3 719.386 87.2714 -99.1866 0.5
3 687.517 45.2271 83.6656 0.5
3 776.138 10.8626 45.3268 0.5
3 891.016 196.292 -26.9789 0.5
3 808.93 183.866 54.4662 0.5
3 782.93 147.668 87.9078 0.5
3 855.727 158.836 80.8601 0.5
3 878.694 143.588 90.0005 0.5
3 952.089 0.321281 8.00955 0.5
3 945.18 14.0631 -51.1355 0.5
3 719.12 81.8968 -98.3477 0.5
3 686.743 198.278 -18.4771 0.5
3 861.695 99.7219 99.9996 0.5
3 673.177 143.679 89.9561 0.5
3 807.488 143.998 89.8009 0.5
3 694.675 117.964 98.3733 0.5
3 775.411 185.716 51.5049 0.5
3 993.954 155.199 -83.3853 0.5
3 914.933 160.016 -79.9876 0.5
3 737.96 199.541 -9.57178 0.5
3 997.133 194.512 32.671 0.5
3 893.216 85.6702 98.968 0.5
3 671.711 40.0718 -80.0538 0.5
3 905.188 107.419 99.7244 0.5
3 819.946 198.399 -17.8215 0.5
3 710.125 180.328 59.5608 0.5
3 709.294 126.908 -96.3119 0.5
3 733.339 171.942 -69.4572 0.5
3 855.039 0.228256 -6.75271 0.5
3 896.222 91.2339 -99.615 0.5
3 796.506 199.551 -9.46662 0.5
3 813.224 153.161 -84.6989 0.5
3 875.531 6.39723 -35.1926 0.5
3 880.885 58.4712 90.969 0.5
3 889.593 6.62369 35.7892 0.5
3 727.995 28.7404 -70.1575 0.5
3 791.37 30.8946 72.2803 0.5
3 923.239 196.321 26.8756 0.5
3 804.069 10.1768 43.9522 0.5
3 938.089 126.592 -96.3994 0.5
3 769.942 68.6063 -94.9444 0.5
3 937.501 199.996 0.906988 0.5
3 988.014 6.40244 -35.2065 0.5
3 682.115 135.977 -93.3043 0.5
3 768.809 19.1853 -58.8981 0.5
3 840.807 195.226 -30.5299 0.5
3 843.943 158.44 81.1465 0.5
3 779.451 120.563 97.863 0.5
3 984.615 141.59 -90.941 0.5
3 853.253 199.34 -11.4691 0.5
3 858.739 176.367 -64.5606 0.5
3 839.226 61.7611 -92.4001 0.5
3 963.939 147.801 -87.8356 0.5
3 854.851 147.454 -88.0233 0.5
3 832.37 86.6242 99.1014 0.5
3 710.338 189.17 45.2619 0.5
3 811.534 58.8789 91.154 0.5
3 982.223 16.3651 54.8197 0.5
3 676.443 200 0.172088 0.5
3 929.69 130.516 -95.2302 0.5
3 678.056 87.472 -99.2121 0.5
3 881.442 162.164 78.3303 0.5
3 694.709 39.8082 -79.8558 0.5
3 992.01 106.879 99.7631 0.5
3 705.05 35.0048 75.9975 0.5
3 965.874 57.3193 90.4343 0.5
3 725.907 168.671 -72.6936 0.5
3 749.453 198.542 17.0116 0.5
3 787.069 199.986 1.6665 0.5
3 816.45 34.5973 75.6472 0.5
3 756.327 195.606 29.318 0.5
3 891.581 109.308 99.5659 0.5
3 937.035 37.7245 -78.2417 0.5
3 843.404 17.7259 56.8417 0.5
3 898.729 88.511 -99.3378 0.5
3 695.279 56.8389 -90.206 0.5
3 898.419 198.396 17.8393 0.5
3 721.677 198.925 14.6264 0.5
3 873.171 198.622 -16.5422 0.5
3 791.575 38.5617 -78.9008 0.5
3 686.163 99.5 -99.9988 0.5
3 876.787 196.679 25.5569 0.5
3 765.249 26.3107 -67.601 0.5
3 960.512 39.9418 -79.9563 0.5
3 736.225 199.966 -2.6001 0.5
3 904.23 71.762 -95.9303 0.5
3 947.161 199.671 8.10737 0.5
3 905.249 195.322 -30.2275 0.5
3 828.639 79.6071 97.8986 0.5
3 806.842 175.498 -65.5744 0.5
3 970.908 80.7752 -98.1346 0.5
3 741.41 28.2553 -69.6613 0.5
3 797.897 152.958 84.826 0.5
3 991.986 104.787 99.8854 0.5
3 777.389 155.607 83.1137 0.5
3 783.056 59.8909 91.6038 0.5
3 985.145 184.597 53.3234 0.5
3 825.174 57.4837 90.5117 0.5
3 908.125 113.131 99.1342 0.5
3 825.383 157.769 -81.6255 0.5
3 922.711 188.502 -46.5551 0.5
3 885.437 191.172 -41.0803 0.5
3 708.273 6.89266 -36.4832 0.5
3 994.982 78.5961 97.6825 0.5
3 857.493 107.902 -99.6873 0.5
3 738.87 61.0692 -92.1108 0.5
3 955.913 141.535 90.9661 0.5
3 861.535 125.182 -96.7775 0.5
3 964.69 191.047 41.3576 0.5
3 765.848 126.681 96.3748 0.5
3 894.285 162.996 -77.6629 0.5
3 668.963 0.0217742 -2.08671 0.5
3 956.873 107.551 99.7145 0.5
3 947.858 85.7369 98.9776 0.5
3 785.019 29.8739 -71.2904 0.5
3 821.33 93.1322 -99.7639 0.5
3 990.251 122.704 97.3884 0.5
3 838.063 54.7867 -89.1951 0.5
3 718.238 189.305 -44.9949 0.5
3 798.125 102.247 99.9747 0.5
3 934.449 100.678 -99.9977 0.5
3 882.542 193.905 34.3785 0.5
