0 331.714 37.2381 -77.8521 0.5
0 251.776 2.16074 -20.6756 0.5
0 183.239 1.84706 -19.1311 0.5
0 193.335 13.2978 49.8269 0.5
0 293.035 191.616 40.0808 0.5
0 222.045 122.845 97.3556 0.5
0 13.6706 21.8586 62.4012 0.5
0 91.2076 1.69124 -18.3136 0.5
0 226.102 199.916 4.10802 0.5
0 257.277 21.7282 62.2376 0.5
0 149.828 51.4613 -87.43 0.5
0 280.366 108.931 99.6004 0.5
0 61.378 194.323 33.2143 0.5
0 218.888 27.54 68.9169 0.5
0 83.9512 129.454 -95.564 0.5
0 179.204 12.1186 -47.7164 0.5
0 162.285 197.45 -22.4392 0.5
0 296.854 196.857 -24.8746 0.5
0 93.875 123.837 97.1174 0.5
0 51.5624 87.2407 -99.1827 0.5
0 186.118 39.6643 -79.7471 0.5
0 131.49 196.27 27.0568 0.5
0 139.587 5.88943 33.8112 0.5
0 9.51028 174.178 -67.0648 0.5
0 136.091 187.33 -48.7184 0.5
0 221.434 156.711 82.3639 0.5
0 207.272 119.657 98.0489 0.5
0 131.007 109.396 99.5576 0.5
0 226.904 170.726 -70.6952 0.5
0 109.116 21.5688 -62.0367 0.5
0 132.99 7.64802 -38.3551 0.5
0 245.437 195.293 30.3193 0.5
0 144.589 198.999 14.1108 0.5
0 286.699 192.879 -37.0597 0.5
0 295.126 130.12 -95.3561 0.5
0 186.497 8.28316 -39.85 0.5
0 134.71 137.17 92.8354 0.5
0 2.94785 14.9645 52.621 0.5
0 250.315 36.092 -76.9141 0.5
0 17.1016 21.2986 -61.6935 0.5
0 130.103 140.373 91.4878 0.5
0 264.609 36.3946 77.1645 0.5
0 293.781 8.16242 39.5709 0.5
0 238.857 75.2936 96.8999 0.5
0 76.3127 197.165 -23.643 0.5
0 152.528 199.842 5.62244 0.5
0 207.542 162.85 -77.7813 0.5
0 281.42 96.3318 -99.9327 0.5
0 150.119 133.296 94.2942 0.5
0 33.754 72.4159 -96.1203 0.5
0 183.72 199.938 -3.51996 0.5
0 261.049 1.06831 -14.5781 0.5
0 302.805 9.83336 -43.2432 0.5
0 146.983 114.455 98.9498 0.5
0 244.949 40.1636 80.1224 0.5
0 2.35172 105.88 -99.827 0.5
0 188.907 169.07 72.3143 0.5
0 100.201 170.074 71.3419 0.5
0 160.296 1.27233 -15.9012 0.5
0 243.204 10.2355 44.0719 0.5
0 264.08 93.2149 99.7695 0.5
0 217.053 123.123 97.29 0.5
0 318.827 194.179 -33.6192 0.5
0 23.6211 50.9674 87.1539 0.5
0 215.133 18.9198 58.5321 0.5
0 58.4106 158.822 80.8701 0.5
0 123.527 64.4013 93.4491 0.5
0 259.841 196.486 26.2754 0.5
0 22.5234 1.52863 17.4181 0.5
0 221.253 9.93869 -43.4622 0.5
0 258.018 16.1436 -54.4804 0.5
0 109.094 114.257 -98.9784 0.5
0 159.977 152.239 85.2706 0.5
0 295.436 188.135 47.2457 0.5
0 71.3467 36.6261 77.3547 0.5
0 53.918 7.27181 -37.4364 0.5
0 216.844 174.124 -67.1242 0.5
0 174.68 17.5724 -56.6189 0.5
0 177.004 196.321 26.8743 0.5
0 302.605 137.177 92.8325 0.5
0 85.2629 7.05323 36.8903 0.5
0 117.964 52.3879 87.938 0.5
0 118.647 162.533 78.0363 0.5
0 61.3712 12.0726 -47.6317 0.5
0 62.0626 168.241 73.0968 0.5
0 122.153 7.65535 -38.3727 0.5
0 239.744 186.999 49.3072 0.5
0 104.478 179.012 61.2946 0.5
0 287.08 83.487 -98.6272 0.5
0 278.343 78.7904 97.7249 0.5
0 284.264 192.18 -38.7666 0.5
0 56.4116 152.539 85.0861 0.5
0 320.903 41.243 80.9173 0.5
0 171.309 135.803 -93.3712 0.5
0 26.9321 83.5136 98.6316 0.5
0 241.241 188.804 45.9757 0.5
0 6.18561 98.4269 -99.9876 0.5
0 5.59542 118.382 98.2961 0.5
0 43.6902 4.07706 -28.2629 0.5
0 200.014 123.466 97.2079 0.5
0 73.3883 198.498 -17.2645 0.5
0 294.429 176.408 64.5121 0.5
0 134.983 31.0879 72.4646 0.5
0 143.024 121.715 97.6138 0.5
0 3.20562 3.00019 -24.3112 0.5
0 227.039 8.56144 -40.4844 0.5
0 185.13 189.954 -43.6848 0.5
0 322.607 13.111 49.5005 0.5
0 109.573 198.215 -18.8109 0.5
0 73.0312 168.646 72.7166 0.5
0 251.343 183.466 -55.0761 0.5
0 314.196 165.069 -75.9344 0.5
0 38.8227 2.64818 -22.861 0.5
0 54.2674 6.65935e-05 -0.115407 0.5
0 146.278 141.509 -90.9781 0.5
0 300.858 77.8481 97.5156 0.5
0 177.37 199.988 1.57076 0.5
0 202.292 190.052 43.4821 0.5
0 256.636 35.2633 -76.2178 0.5
0 53.6591 176.635 -64.2423 0.5
0 289.942 4.12469 -28.424 0.5
0 131.221 0.14273 5.34094 0.5
0 102.805 4.2088 28.7062 0.5
0 190.285 132.858 94.4477 0.5
0 53.6384 140.804 -91.2962 0.5
0 229.119 95.6146 -99.9038 0.5
0 258.027 118.547 -98.2649 0.5
0 154.245 54.6228 -89.1118 0.5
0 149.53 58.5663 -91.0123 0.5
0 163.633 62.1853 92.5746 0.5
0 208.995 130.903 95.1051 0.5
0 283.284 95.804 -99.9119 0.5
0 216.707 40.4136 -80.3086 0.5
0 278.146 0.899697 -13.3839 0.5
0 300.949 2.87016 -23.7864 0.5
0 48.891 152.448 85.1425 0.5
0 273.451 3.25681 25.3131 0.5
0 158.861 23.6993 -64.6391 0.5
0 79.3883 199.991 -1.34226 0.5
0 45.2209 153.546 84.4562 0.5
0 184.553 196.464 -26.3578 0.5
0 134.205 5.73869 -33.3887 0.5
0 83.6981 0.251561 -7.08865 0.5
0 256.534 65.4898 -93.8565 0.5
0 163.216 28.0147 -69.4127 0.5
0 167.923 107.89 -99.6882 0.5
0 131.55 3.18766 -25.0474 0.5
0 50.7847 34.3301 -75.4153 0.5
0 211.074 1.93605 -19.5822 0.5
0 304.876 79.3007 -97.8342 0.5
0 324.39 199.365 -11.2544 0.5
0 11.6861 144.103 -89.7495 0.5
0 243.723 199.654 -8.31056 0.5
0 67.3201 155.475 83.2017 0.5
0 243.343 75.1935 -96.8743 0.5
0 274.529 11.0914 45.774 0.5
0 68.9807 188.333 46.8757 0.5
0 140.433 87.0206 99.1541 0.5
0 242.953 199.984 1.79473 0.5
0 31.4289 194.136 -33.7391 0.5
0 98.4695 40.1515 80.1134 0.5
0 283.945 65.1445 93.7288 0.5
0 24.7866 13.6716 50.4718 0.5
0 58.7166 14.3146 -51.5559 0.5
0 320.195 146.321 88.625 0.5
0 37.5313 153.367 -84.569 0.5
0 313.039 2.00705 19.9344 0.5
0 163.24 141.818 90.8364 0.5
0 280.935 106.565 -99.7843 0.5
0 184.284 86.5815 -99.0956 0.5
0 92.4926 199.996 0.902364 0.5
0 294.732 53.6261 -88.5972 0.5
0 332.353 129.474 -95.5578 0.5
0 332.478 139.73 -91.7687 0.5
0 48.7409 107.508 99.7177 0.5
0 320.022 47.2598 -84.9616 0.5
0 246.446 68.8206 95.015 0.5
0 144.344 74.083 96.5832 0.5
0 202.798 59.449 -91.4091 0.5
0 40.1184 60.1805 91.7301 0.5
0 136.139 101.843 99.983 0.5
0 190.337 185.531 -51.8111 0.5
0 276.682 47.4718 85.0928 0.5
0 58.3229 7.92363 39.0121 0.5
0 2.89792 27.7846 69.1733 0.5
0 310.23 1.3435 -16.3369 0.5
0 49.2684 55.4454 89.5259 0.5
0 73.1282 198.924 -14.632 0.5
0 285.415 11.4197 46.4062 0.5
0 289.66 11.5681 46.6883 0.5
0 94.0553 34.6178 75.6649 0.5
0 22.9136 107.701 -99.703 0.5
0 246.313 0.0902607 4.24782 0.5
0 37.0777 8.39909 40.1158 0.5
0 283.954 123.194 -97.273 0.5
0 259.345 167.573 73.7146 0.5
0 161.024 94.5644 99.8522 0.5
0 225.706 140.293 91.5233 0.5
0 2.29903 2.99653 24.2967 0.5
0 319.582 14.1675 -51.3106 0.5
0 168.578 50.092 86.6556 0.5
0 63.8218 1.32831 16.2449 0.5
0 217.944 189.242 45.1211 0.5
0 206.614 100.264 -99.9997 0.5
0 16.3025 92.4028 99.711 0.5
0 25.8902 196.847 24.9141 0.5
0 78.4354 10.8979 -45.3963 0.5
0 67.102 2.06067 20.1962 0.5
0 301.527 86.5583 99.0925 0.5
0 99.1839 173.846 67.4295 0.5
0 197.119 14.6632 -52.1309 0.5
0 260.798 46.6069 84.5528 0.5
0 76.0789 124.538 -96.9426 0.5
0 288.215 49.4815 -86.3011 0.5
0 26.8316 2.73325 -23.2203 0.5
0 121.798 115.031 98.8639 0.5
0 153.62 7.10356 -37.0169 0.5
0 287.862 146.411 88.5779 0.5
0 72.1256 29.6753 71.0946 0.5
0 44.0255 1.28324 -15.9688 0.5
0 69.5777 198.702 16.0609 0.5
0 312.096 187.17 -49.0038 0.5
0 131.503 170.988 70.4327 0.5
0 155.509 115.913 98.7258 0.5
0 225.535 86.9163 -99.1404 0.5
0 315.522 94.2497 -99.8345 0.5
0 144.154 11.652 -46.8468 0.5
0 165.026 198.901 -14.7876 0.5
0 30.561 7.58499 38.203 0.5
0 26.8301 166.614 74.5826 0.5
0 298.496 11.542 46.6389 0.5
0 115.106 88.7459 -99.3647 0.5
0 329.866 32.1703 73.4788 0.5
0 38.1598 138.852 92.1441 0.5
0 198.542 193.406 35.7109 0.5
0 247.797 199.764 -6.86248 0.5
0 152.048 126.663 96.3799 0.5
0 52.0248 30.6226 72.0192 0.5
0 112.234 5.19563 -31.814 0.5
0 103.917 179.543 60.6049 0.5
0 279.04 56.1055 89.8514 0.5
0 301.423 0.0428122 2.92585 0.5
0 241.945 198.528 17.0936 0.5
0 237.701 190.643 42.2361 0.5
0 272.055 185.249 -52.2746 0.5
0 55.7819 172.694 68.6699 0.5
0 271.938 49.2861 -86.1864 0.5
0 57.355 123.894 -97.1035 0.5
0 189.07 4.76235 -30.4924 0.5
0 203.696 5.07789 31.461 0.5
0 218.878 185.955 -51.1048 0.5
0 95.089 3.29758 25.4685 0.5
0 250.618 170.321 -71.0985 0.5
0 321.087 188.547 -46.4699 0.5
0 240.61 63.998 93.2944 0.5
0 75.6355 6.1108 34.4212 0.5
0 199.288 27.6711 69.0545 0.5
0 68.0822 41.0053 80.7442 0.5
0 37.7151 3.76886 -27.195 0.5
0 119.63 89.1155 99.4059 0.5
0 286.416 166.771 -74.4418 0.5
0 281.819 126.241 96.4957 0.5
0 230.798 102.926 -99.9572 0.5
0 41.7373 156.706 82.3678 0.5
0 301.249 60.7567 -91.9781 0.5
0 195.852 122.139 -97.5185 0.5
0 124.874 0.0455503 -3.01795 0.5
0 100.032 198.284 18.4476 0.5
0 107.702 29.973 -71.3878 0.5
0 112.035 73.7336 -96.4887 0.5
0 154.816 0.166532 5.76877 0.5
0 63.5083 0.307127 7.83142 0.5
0 216.858 63.208 -92.9857 0.5
0 82.6867 95.9843 -99.9193 0.5
0 160.006 55.9684 89.7843 0.5
0 296.66 189.728 44.1462 0.5
0 69.5533 103.099 -99.952 0.5
0 289.117 196.703 25.4654 0.5
0 233.877 149.403 86.9443 0.5
0 321.911 166.626 -74.5723 0.5
0 252.834 6.93768 -36.5979 0.5
0 130.467 199.668 -8.14496 0.5
0 176.498 106.709 -99.7747 0.5
0 125.864 83.0479 98.5527 0.5
0 301.59 182.832 -56.0249 0.5
0 176.789 183.798 54.5701 0.5
0 42.4529 20.5934 -60.7832 0.5
0 29.4862 138.007 92.4957 0.5
0 211.677 136.597 -93.0628 0.5
0 326.426 14.0173 51.0586 0.5
0 201.833 179.303 60.9182 0.5
0 66.4999 158.739 80.93 0.5
0 70.4135 93.194 -99.7681 0.5
0 9.26237 137.356 -92.7605 0.5
0 10.6889 78.1585 97.5856 0.5
0 277.224 193.225 -36.1807 0.5
0 35.849 52.2263 87.8503 0.5
0 236.271 65.9606 -94.0283 0.5
0 193.862 96.8358 99.9499 0.5
0 256.241 165.367 75.678 0.5
0 316.622 159.914 -80.0643 0.5
0 150.344 59.0894 91.2487 0.5
0 326.363 134.357 93.9128 0.5
0 70.1908 169.661 -71.745 0.5
0 131.417 173.273 -68.052 0.5
0 200.494 61.4625 92.276 0.5
0 320.237 135.96 -93.3108 0.5
0 250.537 41.5696 -81.1535 0.5
0 262.476 194.427 32.9173 0.5
0 290.077 127.747 96.0736 0.5
0 318.671 174.406 66.811 0.5
0 6.96817 199.588 9.06673 0.5
0 262.131 40.0928 80.0695 0.5
0 188.811 0.746896 12.1992 0.5
0 30.3735 179.813 60.2485 0.5
0 108.677 8.58776 40.5438 0.5
0 292.561 189.71 -44.1828 0.5
0 0.812111 170.96 -70.4609 0.5
0 309.871 199.32 -11.6378 0.5
0 328.856 82.6166 -98.4775 0.5
1 529.552 -99.7737 -71.3713 0.5
1 449.583 -86.6417 -99.7292 0.5
1 289.419 27.2634 66.8187 0.5
1 373.694 -2.83839 98.6351 0.5
1 293.637 -23.8956 26.8576 0.5
1 434.968 -68.9052 -99.9364 0.5
1 448.312 62.8401 58.6508 0.5
1 422.923 -190 73.8612 0.5
1 280.702 17.3912 49.5092 0.5
1 464.336 51.209 45.4865 0.5
1 365.617 -138.479 40.8385 0.5
1 419.448 20.4018 93.7574 0.5
1 430.282 54.8801 78.9305 0.5
1 374.865 -163.823 28.1901 0.5
1 396.459 -185.675 -47.1829 0.5
1 398.957 -189.255 -47.873 0.5
1 557.749 -150.55 72.3096 0.5
1 495.326 -128.078 96.4931 0.5
1 318.174 -63.1717 -32.082 0.5
1 468.095 64.461 14.5398 0.5
1 429.313 9.61996 92.5271 0.5
1 549.195 -104.531 53.1977 0.5
1 330.172 85.8732 -99.5185 0.5
1 552.091 -93.185 -37.1142 0.5
1 542.702 -94.1557 -53.8846 0.5
1 420.587 27.0121 92.0517 0.5
1 484.107 -128.935 -98.6944 0.5
1 313.875 23.3465 83.399 0.5
1 387.464 37.1759 -98.7967 0.5
1 383.383 -158.701 51.0189 0.5
1 401.809 135.657 63.6469 0.5
1 471.234 -46.9715 -88.8233 0.5
1 503.686 -135.167 -95.4108 0.5
1 430.552 -116.968 -97.0052 0.5
1 530.925 -109.607 -74.8481 0.5
1 474.389 -9.49432 73.8636 0.5
1 386.811 -78.7988 -90.2417 0.5
1 346.62 -98.0665 48.364 0.5
1 448.878 -174.04 -92.9209 0.5
1 328.138 4.32938 -85.2123 0.5
1 424.281 -125.168 94.107 0.5
1 425.782 -183.097 -78.8637 0.5
1 527.602 -127.744 -83.9279 0.5
1 271.031 52.2115 62.7647 0.5
1 454.869 -202.698 88.7422 0.5
1 417.361 -207.016 -59.0032 0.5
1 447.182 -92.878 99.9767 0.5
1 282.481 37.4151 65.7652 0.5
1 283.7 6.03337 43.6578 0.5
1 278.088 40.8939 63.3219 0.5
1 390.102 -13.7779 -99.7011 0.5
1 527.397 -100.936 -73.6932 0.5
1 286.369 -14.2182 20.9479 0.5
1 270.538 21.3173 -34.8698 0.5
1 341.211 77.8958 99.9105 0.5
1 367.669 -82.5036 -78.8401 0.5
1 368.05 -73.7676 -82.2905 0.5
1 419.443 77.9499 77.2117 0.5
1 411.928 -128.197 -88.7746 0.5
1 510.757 -50.9999 62.3862 0.5
1 348.932 -32.3945 84.9937 0.5
1 260.951 26.6351 -11.2326 0.5
1 338.776 -90.2009 42.7811 0.5
1 317.686 -59.9099 35.4485 0.5
1 398.689 -107.599 -88.16 0.5
1 512.621 -130.239 -91.5866 0.5
1 492.275 -30.376 68.9173 0.5
1 280.943 38.1076 64.6191 0.5
1 311.151 16.124 -79.1259 0.5
1 431.383 -68.539 99.9979 0.5
1 472.734 54.6256 19.7143 0.5
1 430.271 130.596 12.2323 0.5
1 333.399 49.7159 -96.8025 0.5
1 420.637 70.504 -79.3486 0.5
1 495.457 -182.609 99.9959 0.5
1 451.346 -178.853 -92.8133 0.5
1 478.97 -166.124 -99.7591 0.5
1 291.043 -11.9747 -37.7237 0.5
1 519.669 -29.1899 25.1863 0.5
1 340.571 -108.557 -19.8456 0.5
1 279.361 6.52393 35.5192 0.5
1 371.772 -67.4093 -86.361 0.5
1 408.161 -77.6784 97.0683 0.5
1 263.175 34.9124 35.9816 0.5
1 358.774 -2.66954 95.6106 0.5
1 365.108 -122.09 -54.9829 0.5
1 394.723 98.6481 -85.1168 0.5
1 518.231 -43.9652 47.23 0.5
1 538.007 -55.314 -8.98228 0.5
1 306.864 4.97554 -70.9853 0.5
1 438.728 -38.82 -97.5804 0.5
1 258.057 34.4337 -20.0237 0.5
1 470.924 57.0995 -21.2933 0.5
1 255.435 35.5306 7.78167 0.5
1 450.83 -6.24696 -87.3781 0.5
1 355.891 65.0351 -99.9789 0.5
1 422.722 102.274 61.8868 0.5
1 257.361 46.5493 -37.9504 0.5
1 439.733 113.285 -15.528 0.5
1 414.63 10.4216 -96.6636 0.5
1 382.748 -185.25 -5.81385 0.5
1 451.508 23.4865 76.7665 0.5
1 415.578 121.229 57.4644 0.5
1 568.909 -117.449 -30.3292 0.5
1 339.049 97.8475 99.9249 0.5
1 459.033 -158.139 -97.9363 0.5
1 318.253 -71.8861 -14.0885 0.5
1 326.827 -65.7304 46.56 0.5
1 369.905 92.5413 -96.0168 0.5
1 505.036 -1.16202 19.3099 0.5
1 258.53 36.0198 25.2041 0.5
1 363.069 9.43777 98.0745 0.5
1 448.572 100.238 -4.04199 0.5
1 461.351 36.157 61.3816 0.5
1 287.187 9.44491 -52.2874 0.5
1 448.329 74.0948 49.941 0.5
1 321.893 -20.6679 -71.1767 0.5
1 352.84 104.9 98.1115 0.5
1 355.333 -92.4533 63.5931 0.5
1 434.338 -165.732 89.1034 0.5
1 409.249 -130.025 87.0216 0.5
1 521.632 -30.4977 -20.7527 0.5
1 305.143 -50.7029 6.84836 0.5
1 554.273 -83.7205 10.1972 0.5
1 457.945 -102.327 99.7717 0.5
1 401.224 69.3341 90.0615 0.5
1 423.319 -128.714 93.1292 0.5
1 402.587 -212.979 26.1725 0.5
1 462.705 -69.493 -96.2034 0.5
1 432.153 8.00544 91.8324 0.5
1 468.88 24.4485 -60.5149 0.5
1 501.025 -139.456 96.6948 0.5
1 530.461 -146.493 -88.0143 0.5
1 356.849 110.827 96.6201 0.5
1 451.731 60.5431 56.0626 0.5
1 433.156 -204.153 75.4525 0.5
1 375.495 27.4833 99.9997 0.5
1 353.105 -127.777 25.2266 0.5
1 405.654 -192.328 54.9763 0.5
1 469.414 -162.036 99.1292 0.5
1 263.405 23.6563 15.8746 0.5
1 374.604 -57.5519 90.2666 0.5
1 439.03 115.591 -11.5426 0.5
1 363.74 -112.466 60.1329 0.5
1 262.188 39.4118 -39.4078 0.5
1 456.64 61.1872 -48.6272 0.5
1 471.136 -64.8542 -92.9374 0.5
1 369.449 -3.26554 97.9063 0.5
1 435.174 71.6067 67.261 0.5
1 277.84 51.669 -69.1645 0.5
1 413.481 126.401 -56.3524 0.5
1 482.263 -157.957 100 0.5
1 470.772 -31.6466 84.6733 0.5
1 573.298 -144.798 52 0.5
1 442.767 72.5297 58.5913 0.5
1 537.753 -143.893 83.4595 0.5
1 385.76 -58.6198 94.076 0.5
1 315.954 5.39859 -78.1808 0.5
1 567.363 -122.594 -40.6197 0.5
1 310.404 -12.0397 -65.1357 0.5
1 357.748 -99.9621 -61.52 0.5
1 543.786 -146.159 80.6099 0.5
1 402.373 -204.315 38.317 0.5
1 509.397 -22.8701 -41.3722 0.5
1 366.679 -116.971 60.5209 0.5
1 465.582 14.1861 -69.7852 0.5
1 278.75 14.5606 43.6087 0.5
1 435.262 -162.775 90.2282 0.5
1 402.105 -196.1 -46.5746 0.5
1 438.58 -210.068 76.9307 0.5
1 476.674 -10.8851 -72.6713 0.5
1 565.738 -108.833 24.8936 0.5
1 394.64 134.59 -71.0319 0.5
1 473.8 -31.5574 82.9377 0.5
1 424.042 -230.449 -49.886 0.5
1 369.24 -129.906 54.4792 0.5
1 464.221 -8.45371 80.6489 0.5
1 377.436 -135.137 60.8255 0.5
1 523.621 -138.957 -89.1433 0.5
1 382.573 122.595 -84.2049 0.5
1 346.354 -43.9459 -79.4725 0.5
1 286.633 28.326 64.6626 0.5
1 467.601 -21.396 -83.131 0.5
1 384.795 -49.8977 95.2729 0.5
1 338.833 69.4932 99.4482 0.5
1 520.193 -157.394 94.3533 0.5
1 361.515 -45.4691 87.5463 0.5
1 454.183 -24.2613 90.5061 0.5
1 498.978 -34.3515 64.6672 0.5
1 438.46 4.23338 90.2069 0.5
1 367.247 -71.1692 82.704 0.5
1 554.416 -153.333 76.167 0.5
1 261.817 32.0964 28.3861 0.5
1 541.712 -62.5251 12.6336 0.5
1 341.031 -110.47 16.8603 0.5
1 365.382 -154.576 -9.65735 0.5
1 455.564 18.9988 75.689 0.5
1 488.513 1.79912 52.2084 0.5
1 464.645 -158.193 -98.8107 0.5
1 370.412 -69.9675 84.8793 0.5
1 467.908 5.50547 72.0961 0.5
1 331.326 -76.738 -43.367 0.5
1 448.288 73.7963 -50.2597 0.5
1 386.791 -60.0419 -94.1414 0.5
1 308.187 -49.0299 26.9787 0.5
1 399.227 -213.155 -9.86595 0.5
1 501.116 -79.0485 82.9978 0.5
1 441.414 -176.254 -89.5401 0.5
1 458.35 -88.6251 -99.0215 0.5
1 544.644 -82.5 39.7735 0.5
1 464.365 32.9439 -60.0689 0.5
1 349.816 36.9516 98.5009 0.5
1 344.223 46.5876 -98.4965 0.5
1 266.006 20.2504 -18.9827 0.5
1 484.806 -77.2621 -90.4969 0.5
1 525.868 -90.6866 70.0181 0.5
1 499.036 -27.1297 -60.0828 0.5
1 525.969 -79.4147 -63.6595 0.5
1 374.348 36.723 99.9247 0.5
1 313.315 -55.1607 31.4775 0.5
1 356.9 112.418 96.3921 0.5
1 301.795 22.4206 75.0359 0.5
1 419.314 -67.0709 99.5874 0.5
1 447.621 50.4646 -67.0307 0.5
1 377.142 -172.496 -18.3159 0.5
1 382.153 95.6493 -91.6063 0.5
1 368.754 50.8669 -99.8132 0.5
1 563.652 -121.552 46.2052 0.5
1 490.066 -58.5234 82.5278 0.5
1 462.153 65.5137 -33.2282 0.5
1 450.101 -174.283 -93.2882 0.5
1 505.503 -115.793 91.1154 0.5
1 429.136 -220.725 63.3251 0.5
1 406.909 -224.192 17.9397 0.5
1 390.682 -129.965 75.7214 0.5
1 402.155 53.6862 -93.1226 0.5
1 309.799 -27.6959 53.902 0.5
1 337.398 -88.0783 -42.5007 0.5
1 346.204 -97.5419 -48.1868 0.5
1 406.516 -161.028 74.1128 0.5
1 317.986 -69.6531 19.3108 0.5
1 405.343 -162.392 -72.5395 0.5
1 373.323 33.5763 -99.9899 0.5
1 496.157 17.516 6.81646 0.5
1 310.054 -56.8252 16.8309 0.5
1 436.771 -84.2317 -99.9678 0.5
1 486.595 22.164 -34.6353 0.5
1 464.346 -126.988 -100 0.5
1 282.89 34.4833 -64.47 0.5
1 399.239 133.346 67.536 0.5
1 438.377 97.069 44.5962 0.5
1 387.52 51.4718 -97.3982 0.5
1 394.046 115.029 -79.9298 0.5
1 550.159 -135.992 71.629 0.5
1 439.601 -169.539 90.4069 0.5
1 534.886 -106.361 -70.0461 0.5
1 412.389 132.239 53.3439 0.5
1 533.42 -51.5952 -22.295 0.5
1 398.628 -192.276 44.4236 0.5
1 562.819 -129.409 -54.2026 0.5
1 483.101 40.0667 7.25776 0.5
1 345.595 -81.3286 59.9395 0.5
1 301.622 8.35875 -68.0411 0.5
1 308.667 6.64933 73.2867 0.5
1 419.447 -228.178 -44.5818 0.5
1 349.256 32.314 97.9686 0.5
2 546.879 -107.62 -100 0.5
2 506.527 -69.6487 -84.2557 0.5
2 570.778 -27.7005 98.141 0.5
2 601.462 -32.7741 -99.5069 0.5
2 674.841 -76.8631 29.6268 0.5
2 458.892 -89.308 -52.2176 0.5
2 603.693 3.60817 99.7988 0.5
2 608.274 43.5245 -97.4746 0.5
2 675.751 -66.9441 40.7083 0.5
2 692.348 24.741 80.0969 0.5
2 658.198 -22.5436 84.2066 0.5
2 682.218 77.2329 -96.8628 0.5
2 679.193 -31.1318 -64.5047 0.5
2 618.152 -164.087 -43.5291 0.5
2 649.033 81.3018 99.8245 0.5
2 490.431 -5.25469 -0.69961 0.5
2 531.036 -178.363 -97.6122 0.5
2 620.016 -177.169 -18.9704 0.5
2 486.856 -175.4 -98.3629 0.5
2 582.768 68.0164 82.3951 0.5
2 531.768 15.7194 66.4989 0.5
2 501.127 -11.2099 47.9456 0.5
2 628.857 -154.568 -32.5909 0.5
2 608.716 39.0996 98.0331 0.5
2 493.87 -10.703 33.2945 0.5
2 479.882 -152.279 -93.4407 0.5
2 499.458 -180.623 -99.8989 0.5
2 598.134 -102.348 -90.8339 0.5
2 540.941 -174.684 95.8644 0.5
2 640.697 -110.007 56.494 0.5
2 495.382 -97.7227 -86.903 0.5
2 553.923 104.648 -2.74078 0.5
2 611.641 -38.2456 -97.6682 0.5
2 580.511 7.18112 -95.9404 0.5
2 614.321 -162.134 51.4741 0.5
2 589.815 119.517 64.6239 0.5
2 631.402 -67.1576 -84.7755 0.5
2 564.409 118.507 20.8089 0.5
2 569.542 127.091 21.5136 0.5
2 569.612 122.676 30.0126 0.5
2 514.041 11.3396 -47.7788 0.5
2 529.781 43.6961 -42.7658 0.5
2 505.873 -147.458 98.7879 0.5
2 515.223 6.13186 53.9159 0.5
2 608.964 129.692 -76.1489 0.5
2 607.18 71.7381 -92.7486 0.5
2 526.733 -37.2609 -85.0757 0.5
2 597.64 -7.74397 -99.8254 0.5
2 677.092 13.9396 85.3807 0.5
2 601.866 25.6219 98.192 0.5
2 638.215 -50.0018 86.3929 0.5
2 715.734 -12.9466 14.3364 0.5
2 614.09 124.218 -81.7154 0.5
2 730.91 12.5515 11.289 0.5
2 725.124 38.1886 57.9027 0.5
2 564.849 111.222 -34.6962 0.5
2 580.98 126.664 48.3424 0.5
2 531.878 -205.696 93.2498 0.5
2 695.913 -42.8157 -25.3395 0.5
2 710.876 -15.1876 28.4089 0.5
2 686.186 -51.8999 -37.1229 0.5
2 596.537 -97.7032 -92.4502 0.5
2 489.58 -9.57358 16.8231 0.5
2 663.122 70.7631 -99.3309 0.5
2 527.865 -146.711 -99.9504 0.5
2 573.06 101.369 57.5928 0.5
2 591.995 -218.67 -32.2204 0.5
2 547.258 80.4479 -35.1081 0.5
2 564.048 54.7926 -74.8917 0.5
2 688.771 26.6344 -82.9667 0.5
2 643.901 -83.2681 -69.4818 0.5
2 442.551 -148.53 71.5856 0.5
2 678.799 -47.965 -53.4932 0.5
2 595.518 25.6239 -96.9703 0.5
2 614.703 -74.2496 90.6953 0.5
2 608.064 -178.469 -46.5915 0.5
2 744.181 36.6497 -15.4172 0.5
2 569.404 4.99457 93.0104 0.5
2 581.277 -192.523 69.0722 0.5
2 614.596 -188.079 -14.4881 0.5
2 674.373 -50.8009 57.1293 0.5
2 693.533 28.845 80.854 0.5
2 462.521 -117.961 73.4921 0.5
2 671.631 -91.3 -3.17511 0.5
2 529.33 -119.201 99.5632 0.5
2 595.706 -211.314 33.5521 0.5
2 511.63 -21.5453 -67.8143 0.5
2 640.674 -30.7745 -90.3415 0.5
2 735.239 39.4564 44.2895 0.5
2 625.665 -89.5781 -80.5346 0.5
2 579.013 -54.409 -99.9916 0.5
2 580.744 -234.964 36.5757 0.5
2 666.666 -95.348 21.4448 0.5
2 555.306 -107.895 -99.7179 0.5
2 541.227 -70.3385 97.2081 0.5
2 527.568 -175.357 -98.5069 0.5
2 692.571 75.3011 93.7557 0.5
2 433.856 -110.665 26.9963 0.5
2 486.304 -31.0742 42.1963 0.5
2 589.05 -232.295 -14.5937 0.5
2 420.154 -129.411 -15.5667 0.5
2 653.613 -77.0328 -63.5486 0.5
2 713.566 -5.92711 -35.2543 0.5
2 572.102 -117.503 -96.3263 0.5
2 510.989 29.6902 -8.16768 0.5
2 544.973 74.6229 -37.5032 0.5
2 566.363 -127.025 -96.3842 0.5
2 598.338 -85.8933 94.1247 0.5
2 664.274 -81.4903 -46.2283 0.5
2 567.476 -66.4377 -99.964 0.5
2 421.784 -125.348 -10.9305 0.5
2 638.439 -80.1472 75.4523 0.5
2 729.174 14.6361 25.0381 0.5
2 609.872 -181.901 39.7395 0.5
2 619.855 -146.472 56.2262 0.5
2 630.681 -67.9949 -84.904 0.5
2 505.949 -138.781 -98.0211 0.5
2 602.088 -121.106 83.7614 0.5
2 520.032 -147.837 -99.9528 0.5
2 553.423 -112.059 99.6829 0.5
2 567.502 128.223 -1.41513 0.5
2 482.552 -145.006 -92.9252 0.5
2 518.076 -192.331 98.4601 0.5
2 704.826 -32.6389 11.236 0.5
2 514.478 -97.2257 -94.3327 0.5
2 567.981 -74.7903 -99.9814 0.5
2 602.935 -43.8608 -98.5894 0.5
2 577.103 124.116 44.3607 0.5
2 732.653 26.9811 35.052 0.5
2 622.796 -167.336 -29.0907 0.5
2 596.703 134.473 -62.7927 0.5
2 512.648 -17.3167 -66.4537 0.5
2 513.909 -43.4623 79.5763 0.5
2 577.382 59.858 -81.989 0.5
2 741.281 30.415 -10.8415 0.5
2 697.054 -2.69726 62.9931 0.5
2 682.204 -52.5559 -44.1342 0.5
2 691.106 -22.8524 -56.3795 0.5
2 524.145 -23.1044 78.5583 0.5
2 657.099 65.9815 -99.6188 0.5
2 602.406 -115.71 85.2922 0.5
2 640.029 -101.309 63.0911 0.5
2 643.227 -64.7563 -78.3979 0.5
2 684.8 -49.1415 43.0178 0.5
2 419.918 -130.337 -17.1282 0.5
2 584.544 -195.614 -64.1809 0.5
2 592.409 -213.775 -37.8067 0.5
2 632.158 -159.386 -6.2071 0.5
2 602.163 -181.186 -53.1097 0.5
2 593.109 -192.665 56.3237 0.5
2 533.463 -12.1665 -80.5393 0.5
2 676.951 43.5295 92.8467 0.5
2 557.969 98.615 -35.6158 0.5
2 661.53 -81.9432 50.1375 0.5
2 541.275 53.7777 -51.8939 0.5
2 659.31 -95.4106 -40.7192 0.5
2 706.991 30.2326 71.6046 0.5
2 551.351 -152.029 96.521 0.5
2 527.952 29.1222 53.1723 0.5
2 751.009 49.1535 -17.4473 0.5
2 571.443 133.322 -13.1802 0.5
2 567.197 -220.822 66.965 0.5
2 474.48 -74.3535 -60.9715 0.5
2 538.329 26.789 -66.6636 0.5
2 567.191 -8.71593 94.8124 0.5
2 499.676 0.480528 31.6517 0.5
2 609.622 16.5152 99.7062 0.5
2 707.657 56.4864 -81.9867 0.5
2 587.851 -146.643 -83.4733 0.5
2 633.849 -109.987 -64.3162 0.5
2 572.382 94.3131 -61.5554 0.5
2 672.535 58.4697 96.6019 0.5
2 426.611 -119.715 -19.7173 0.5
2 580.627 128.136 -46.406 0.5
2 599.481 122.748 71.8445 0.5
2 578.679 128.006 43.1674 0.5
2 629.82 -148.253 -38.6803 0.5
2 512.839 29.6901 19.5841 0.5
2 487.853 -148.946 95.2722 0.5
2 594.895 -11.9928 99.8101 0.5
2 604.764 3.83326 99.8472 0.5
2 460.752 -56.9938 5.81542 0.5
2 608.878 -190.952 -29.8846 0.5
2 564.157 -175.218 -87.266 0.5
2 598.795 136.078 64.0232 0.5
2 503.879 -72.6302 -83.7375 0.5
2 446.913 -99.6847 -42.6045 0.5
2 612.115 -184.278 31.5412 0.5
2 546.701 -160.785 96.4252 0.5
2 539.146 -148.439 99.0455 0.5
2 527.002 -7.86261 74.2161 0.5
2 593.452 -22.1277 99.9726 0.5
2 675.911 -83.8639 3.52727 0.5
2 499.315 -134.675 -96.1178 0.5
2 657.225 -38.3074 79.258 0.5
2 730.205 34.0753 47.5192 0.5
2 625.939 41.5311 99.8176 0.5
2 674.491 -85.4401 -10.0267 0.5
2 506.287 -179.389 99.9968 0.5
2 558.602 36.083 78.7528 0.5
2 735.982 22.4902 15.5472 0.5
2 632.857 -39.6558 91.4104 0.5
2 419.959 -129.593 15.067 0.5
2 539.794 32.6196 -64.7761 0.5
2 684.086 82.9878 97.1773 0.5
2 561.768 -185.209 85.5625 0.5
2 455.979 -64.9371 -1.23491 0.5
2 657.446 -68.9785 -64.3987 0.5
2 508.086 -183.713 99.8977 0.5
2 726.739 20.2913 39.4761 0.5
2 520.654 -137.598 99.7069 0.5
2 524.212 -158.459 -99.8282 0.5
2 655.696 97.3135 99.6667 0.5
2 668.786 -41.8629 68.593 0.5
2 548.346 -99.0545 99.9567 0.5
2 623.273 -54.3642 91.824 0.5
2 682.938 -30.9383 60.5814 0.5
2 441.281 -103.978 -36.2427 0.5
2 522.364 -145.765 99.9782 0.5
2 590.703 -130.886 -86.7998 0.5
2 541.616 -44.1384 93.207 0.5
2 443.236 -131.381 62.8187 0.5
2 493.765 -141.102 -95.6461 0.5
2 634.436 -51.1128 -87.9208 0.5
2 646.895 92.3468 99.1121 0.5
2 498.58 -55.8019 73.629 0.5
2 540.178 -77.1255 -97.7744 0.5
2 495.269 -106.39 89.1818 0.5
2 636.884 -124.276 50.4423 0.5
2 537.673 76.342 4.84017 0.5
2 610.505 -197.186 -2.98364 0.5
2 606.899 16.4441 99.5005 0.5
2 455.046 -85.0344 -42.0018 0.5
2 602.384 -24.8307 -99.7723 0.5
2 596.095 -221.16 10.3518 0.5
2 605.897 -117.781 -82.6714 0.5
2 532.541 56.1716 -33.4439 0.5
2 529.492 -114.132 99.3095 0.5
2 591.031 -221.628 30.2608 0.5
2 626.523 116.605 90.2506 0.5
2 591.531 -209.468 -44.2753 0.5
2 538.099 -172.542 96.8431 0.5
2 681.949 9.9791 -81.2867 0.5
2 630.624 -73.4907 -83.1638 0.5
2 547.55 -137.557 98.7724 0.5
2 505.32 -56.001 -78.6726 0.5
2 621.037 -73.5899 -88.1178 0.5
2 553.167 -209.892 82.4043 0.5
2 495.086 -20.2879 46.6561 0.5
2 574.638 -170.958 82.9978 0.5
2 525.722 -50.6533 -88.4072 0.5
2 512.643 -129.479 98.2458 0.5
2 711.737 -7.60933 -37.1654 0.5
2 485.547 -66.6963 -67.7997 0.5
2 417.535 -140.236 -29.2181 0.5
2 547.973 -118.023 -99.8064 0.5
2 646.903 -22.3516 89.7705 0.5
2 689.845 -0.60396 -71.0449 0.5
2 554.654 -167.604 92.9841 0.5
2 649.57 -55.5481 -77.6859 0.5
2 690.16 54.9594 90.3465 0.5
2 632.556 20.9314 -99.4994 0.5
2 641.51 86.6256 -98.8535 0.5
2 659.127 -94.2506 42.3368 0.5
2 591.764 -147.81 80.7126 0.5
2 623.025 97.0539 93.1703 0.5
2 622.96 -27.3871 96.6031 0.5
2 682.961 64.1363 94.7272 0.5
2 550.127 4.16584 84.7939 0.5
2 550.199 76.1529 45.7129 0.5
2 658.385 17.9233 -94.091 0.5
2 444.021 -122.853 -58.1006 0.5
2 577.128 -43.9878 -99.846 0.5
2 544.516 -181.665 93.6573 0.5
2 463.631 -143.298 84.0475 0.5
2 527.861 -172.306 -98.7208 0.5
2 663.723 -86.8936 41.6842 0.5
2 428.133 -117.115 19.8062 0.5
2 425.897 -124.145 26.4439 0.5
2 689.837 -51.7921 28.1297 0.5
2 507.443 -2.04654 49.5364 0.5
2 516.095 -132.502 -98.9941 0.5
2 545.41 17.9812 -76.8358 0.5
2 540.389 -201.883 -90.9447 0.5
2 456.949 -144.553 80.488 0.5
2 507.071 -179.836 -99.9855 0.5
2 510.616 -28.887 -70.7212 0.5
2 538.388 31.1363 -64.2115 0.5
2 593.555 -173.699 -67.7714 0.5
2 608.584 -13.0952 -99.8047 0.5
2 693.861 -41.9539 32.6257 0.5
2 563.549 -4.75539 -92.933 0.5
2 624.843 -154.685 41.1914 0.5
2 498.487 -1.92408 -32.1646 0.5
2 529.119 45.9552 -38.9633 0.5
2 495.479 -18.5592 -45.6481 0.5
2 510.601 10.9556 42.254 0.5
2 632.467 37.5005 99.9867 0.5
2 500.647 -15.675 51.131 0.5
2 427.687 -133.845 43.5075 0.5
2 595.132 -202.105 45.3964 0.5
2 563.927 -179.432 86.1705 0.5
2 580.838 -101.608 -96.4319 0.5
2 462.32 -57.1243 17.775 0.5
2 487.663 -38.8371 -51.6927 0.5
2 530.995 -142.463 99.9302 0.5
2 579.655 -182.454 75.2382 0.5
2 538.365 -16.166 -84.7813 0.5
2 495.941 -46.9176 66.825 0.5
2 534.413 -38.374 -89.1268 0.5
2 535.175 -197.742 -93.6766 0.5
3 892.841 21.3922 -61.8127 0.5
3 998.453 181.252 58.2931 0.5
3 794.2 3.72222 -27.0294 0.5
3 803.717 196.647 25.6798 0.5
3 901.574 176.555 -64.3379 0.5
3 874.501 40.226 80.169 0.5
3 884.304 8.9494 -41.3496 0.5
3 816.337 8.83119 -41.0883 0.5
3 936.174 78.0413 -97.5593 0.5
3 935.992 17.9521 57.1676 0.5
3 729.42 5.67885 -33.2193 0.5
3 873.277 43.6912 82.6397 0.5
3 667.565 23.1994 64.0442 0.5
3 964.912 58.1026 90.7998 0.5
3 748.543 2.89813 -23.9004 0.5
3 950.55 124.38 -96.9827 0.5
3 727.385 33.5869 74.7617 0.5
3 993.444 165.018 75.9782 0.5
3 759.54 20.3145 60.417 0.5
3 771.472 171.097 70.3226 0.5
3 791.84 0.257798 7.17587 0.5
3 682.517 23.6522 -64.5834 0.5
3 807.208 127.31 96.1987 0.5
3 801.342 2.63447 -22.8025 0.5
3 935.271 153.366 -84.57 0.5
3 735.213 175.527 65.541 0.5
3 885.184 112.622 99.2002 0.5
3 727.716 97.3695 -99.9654 0.5
3 965.474 1.62352 -17.9463 0.5
3 747.434 1.12049 -14.9279 0.5
3 789.19 196.903 -24.6953 0.5
3 847.775 4.92489 -30.9955 0.5
3 977.462 1.5109 -17.3175 0.5
3 962.042 161.95 78.5001 0.5
3 713.252 151.632 -85.6393 0.5
3 668.96 121.817 97.591 0.5
3 985.119 1.52617 17.4042 0.5
3 961.222 195.357 30.1166 0.5
3 812.862 126.314 -96.4757 0.5
3 869.718 3.83278 -27.4202 0.5
3 668.379 36.439 77.201 0.5
3 941.585 158.56 81.06 0.5
3 787.561 146.263 -88.6554 0.5
3 695.114 50.1472 -86.6874 0.5
3 762.284 6.08461 -34.3497 0.5
3 901.509 58.4291 -90.9498 0.5
3 827.879 192.92 -36.9565 0.5
3 910.211 190.59 -42.3493 0.5
3 846.669 162.291 -78.2295 0.5
3 861.096 180.512 -59.3109 0.5
3 978.454 2.27301 -21.1999 0.5
3 953.75 175.6 65.4577 0.5
3 693.275 183.192 55.4894 0.5
3 743.733 198.32 18.2528 0.5
3 753.558 121.198 -97.7274 0.5
3 842.277 150.192 -86.4913 0.5
3 984.959 12.4899 48.3941 0.5
3 957.11 198.585 -16.7628 0.5
3 948.489 77.0286 97.3258 0.5
3 885.637 0.100185 -4.47516 0.5
3 755.041 34.3783 75.4572 0.5
3 948.495 47.8146 85.3035 0.5
3 827.239 148.373 87.5216 0.5
3 686.973 173.694 67.5957 0.5
3 937.086 12.4678 48.3541 0.5
3 742.673 118.712 -98.2337 0.5
3 846.001 156.989 82.1721 0.5
3 875.38 191.81 39.634 0.5
3 978.771 26.1064 -67.3776 0.5
3 883.874 199.402 10.9163 0.5
3 792.181 6.42199 35.2584 0.5
3 810.134 5.92936 33.9222 0.5
3 782.768 67.3695 94.5265 0.5
3 680.969 32.2238 -73.5282 0.5
3 982.08 1.2343 -15.6632 0.5
3 815.828 146.831 88.3565 0.5
3 955.244 192.218 38.6763 0.5
3 889.363 10.2536 -44.1087 0.5
3 764.929 124.866 96.8591 0.5
3 751.478 98.0462 -99.9809 0.5
3 883.199 199.225 -12.4247 0.5
3 719.66 152.684 -84.9966 0.5
3 803.216 191.283 40.8338 0.5
3 908.312 41.6391 81.2035 0.5
3 867.432 170.672 70.7491 0.5
3 891.082 47.4165 85.0587 0.5
3 963.767 118.801 -98.2168 0.5
3 874.722 196.829 24.9828 0.5
3 782.166 190.34 -42.8794 0.5
3 966.232 144.575 -89.5155 0.5
3 854.932 67.3286 -94.5123 0.5
3 848.388 25.6738 -66.9001 0.5
3 768.378 174.647 -66.5414 0.5
3 991.735 13.7195 50.5537 0.5
3 891.316 3.28842 -25.4336 0.5
3 996.209 195.396 -29.9929 0.5
3 949.525 10.3603 -44.3252 0.5
3 982.026 95.3847 99.8934 0.5
3 897.762 12.7446 48.8518 0.5
3 904.504 36.1305 76.946 0.5
3 999.704 198.337 18.1622 0.5
3 705.37 4.95064 -31.0744 0.5
3 930.408 63.6354 93.1537 0.5
3 896.625 189.448 -44.7107 0.5
3 991.883 15.4327 53.3701 0.5
3 816.157 180.886 58.8004 0.5
3 736.334 27.0912 -68.442 0.5
3 776.716 191.851 39.5407 0.5
3 845.212 167.635 73.6576 0.5
3 675.283 0.146725 -5.41511 0.5
3 679.092 172.222 -69.1665 0.5
3 850.93 64.5604 93.5095 0.5
3 688.165 6.04265 -34.2347 0.5
3 834.941 9.89325 -43.3679 0.5
3 866.386 131.52 -94.9025 0.5
3 797.948 47.5803 85.1597 0.5
3 860.355 0.0843708 -4.10695 0.5
3 701.716 21.4175 61.845 0.5
3 770.617 104.676 -99.8906 0.5
3 994.155 104.323 99.9065 0.5
3 888.248 187.997 -47.5034 0.5
3 866.875 140.038 -91.6349 0.5
3 767.092 158.412 -81.1669 0.5
3 769.987 190.939 -41.5938 0.5
3 970.368 67.7081 -94.6426 0.5
3 751.475 185.487 51.8849 0.5
3 714.484 141.029 -91.1954 0.5
3 750.523 83.1499 98.5701 0.5
3 677.748 198.973 -14.2945 0.5
3 993.775 171.65 -69.7589 0.5
3 787.241 109.612 99.537 0.5
3 746.993 116.11 -98.6938 0.5
3 813.679 190.851 -41.786 0.5
3 946.378 173.522 67.7834 0.5
3 732.616 65.0453 93.6919 0.5
3 669.317 36.141 -76.9547 0.5
3 720.983 102.524 -99.9681 0.5
3 765.648 116.522 98.6256 0.5
3 913.624 81.7609 98.3226 0.5
3 813.811 198.649 -16.3843 0.5
3 822.061 4.08843 -28.3014 0.5
3 754.421 107.273 99.7352 0.5
3 993.888 199.992 1.2952 0.5
3 993.773 4.80883 -30.6372 0.5
3 814.895 170.368 71.0514 0.5
3 857.485 134.385 93.9024 0.5
3 721.598 131.748 -94.8266 0.5
3 970.151 62.0332 92.5123 0.5
3 809.018 199.902 4.41926 0.5
3 896.996 6.59836 35.723 0.5
3 934.077 132.564 -94.5492 0.5
3 880.534 10.7062 -45.0179 0.5
3 732.911 42.0193 -81.4754 0.5
3 668.563 196.041 27.8578 0.5
3 919.739 0.00592977 1.089 0.5
3 878.853 198.667 16.2704 0.5
3 899.411 70.8012 -95.6422 0.5
3 980.407 75.6415 -96.988 0.5
3 941.495 6.46288 35.3667 0.5
3 886.694 8.06763 -39.3502 0.5
3 989.233 14.7062 52.2013 0.5
3 715.229 0.55151 -10.488 0.5
3 987.233 190.783 41.9329 0.5
3 946.473 132.209 94.6709 0.5
3 884.769 150.325 -86.4143 0.5
3 862.306 0.0716558 3.78497 0.5
3 746.399 39.284 -79.458 0.5
3 803.503 0.13384 5.17206 0.5
3 761.664 0.0510446 3.19473 0.5
3 975.717 176.175 -64.7875 0.5
3 999.443 158.354 -81.2087 0.5
3 692.102 17.768 -56.9025 0.5
3 977.706 48.1335 85.4977 0.5
3 945.844 11.8087 -47.1412 0.5
3 826.905 93.6483 -99.7981 0.5
3 801.955 141.337 91.0562 0.5
3 962.589 6.11781 34.4403 0.5
3 669.448 192.127 38.8914 0.5
3 761.888 149.173 -87.0749 0.5
3 856.383 51.0556 87.2035 0.5
3 879.133 121.927 97.5665 0.5
3 754.189 2.85585 -23.7279 0.5
3 798.117 42.9354 -82.1196 0.5
3 837.84 38.6673 -78.9829 0.5
3 722.686 132.613 -94.5327 0.5
3 836.41 180.722 -59.0245 0.5
3 984.442 179.03 -61.2721 0.5
3 797.261 15.3422 53.2265 0.5
3 897.96 32.0698 -73.3859 0.5
3 691.537 6.56603 35.6384 0.5
3 930.253 6.76604 36.1584 0.5
3 862.524 33.8703 -75.0124 0.5
3 793.24 163.505 -77.247 0.5
3 808.132 3.38152 -25.7851 0.5
3 866.542 33.0618 74.2919 0.5
3 811.467 6.43205 -35.2851 0.5
3 943.651 5.49081 -32.6805 0.5
3 932.274 174.162 67.0824 0.5
3 731.389 4.33775 29.133 0.5
3 732.864 175.894 -65.1166 0.5
3 965.159 192.348 38.3654 0.5
3 959.738 0.169885 5.82651 0.5
3 854.44 171.893 69.5079 0.5
3 707.542 134.292 93.9365 0.5
3 797.321 6.627 35.7978 0.5
3 811.354 199.949 3.206 0.5
3 854.594 33.2082 74.4235 0.5
3 754.288 128.123 95.9639 0.5
3 747.118 103.451 -99.9404 0.5
3 745.498 199.536 9.62454 0.5
3 667.732 40.3464 -80.2587 0.5
3 678.559 0.00315029 -0.793755 0.5
3 734.192 195.059 31.0456 0.5
3 687.465 34.8394 -75.8558 0.5
3 964.703 0.660527 11.4747 0.5
3 927.142 68.4264 -94.8847 0.5
3 674.183 51.3296 -87.3567 0.5
3 873.051 95.0339 -99.8766 0.5
3 865.612 198.538 17.0398 0.5
3 940.738 19.0605 -58.7264 0.5
3 921.04 192.326 38.4164 0.5
3 826.877 26.3006 -67.5899 0.5
3 859.749 199.665 -8.17462 0.5
3 802.422 2.79014 23.4573 0.5
3 716.19 19.0292 58.6833 0.5
3 758.666 141.168 -91.1329 0.5
3 871.066 52.5236 -88.0113 0.5
3 916.135 81.6502 -98.302 0.5
3 911.12 198.329 -18.202 0.5
3 982.269 1.54012 17.4829 0.5
3 911.479 0.030472 2.4685 0.5
3 889.359 14.4368 -51.7585 0.5
3 993.701 83.2294 98.5837 0.5
3 734.748 2.61077 -22.7011 0.5
3 843.455 154.691 -83.7192 0.5
3 867.633 162.62 77.9659 0.5
3 722.104 1.46731 17.0678 0.5
3 890.28 20.4073 -60.5393 0.5
3 702.002 7.18157 37.2121 0.5
3 734.448 27.1786 -68.535 0.5
3 852.864 6.07816 -34.332 0.5
3 997.594 3.88232 -27.5933 0.5
3 722.137 133.832 94.1032 0.5
3 692.437 67.3677 94.5258 0.5
3 695.988 104.658 99.8915 0.5
3 954.851 101.236 99.9924 0.5
3 989.997 108.465 -99.6411 0.5
3 829.622 161.906 -78.5346 0.5
3 824.552 150.624 86.2392 0.5
3 856.577 101.091 -99.994 0.5
3 873.402 133.518 94.2153 0.5
3 869.95 189.871 -43.8551 0.5
3 714.165 141.242 91.0993 0.5
3 734.073 176.869 63.9619 0.5
3 877.98 162.653 -77.9397 0.5
3 786.364 196.031 27.8935 0.5
3 687.483 43.9086 82.7874 0.5
3 839.809 95.2829 99.8887 0.5
3 771.426 41.1657 80.8611 0.5
3 699.331 196.753 25.2755 0.5
3 916.471 8.19975 -39.6575 0.5
3 667.766 142.853 -90.3527 0.5
3 680.126 125.725 -96.6345 0.5
3 777.341 199.164 -12.9016 0.5
3 904.118 38.7554 79.0512 0.5
3 849.365 128.52 -95.8468 0.5
3 717.968 87.617 99.2303 0.5
3 718.415 7.49046 -37.9735 0.5
3 975.546 75.8526 -97.0407 0.5
3 842.628 196.497 -26.2352 0.5
3 789.008 44.3671 -83.0962 0.5
3 689.836 192.057 -39.0572 0.5
3 721.166 145.939 88.8237 0.5
3 988.718 178.342 62.1493 0.5
3 671.2 168.258 -73.0815 0.5
3 897.335 198.934 -14.5615 0.5
3 968.862 177.789 -62.8401 0.5
3 686.366 4.27602 -28.9296 0.5
3 861 192.237 -38.6296 0.5
3 959.57 111.25 -99.3651 0.5
3 776.757 70.2115 -95.4602 0.5
3 907.625 149.778 86.7303 0.5
3 753.49 41.862 81.3632 0.5
3 991.286 190.229 43.1121 0.5
3 942.618 117.211 -98.5077 0.5
3 724.978 181.059 58.5613 0.5
3 787.854 0.387967 -8.80016 0.5
3 773.429 13.3234 -49.8715 0.5
3 967.097 129.354 95.5946 0.5
3 684.56 39.8425 -79.8817 0.5
3 959.345 188.401 -46.7463 0.5
3 924.757 53.1277 88.3345 0.5
3 849.467 79.3232 97.839 0.5
3 805.908 35.7961 76.6672 0.5
3 964.164 114.67 98.918 0.5
3 719.77 74.0054 96.5623 0.5
3 866.198 39.2363 -79.4215 0.5
3 994.042 199.432 10.642 0.5
3 707.766 78.9864 97.7672 0.5
3 801.659 199.997 0.756552 0.5
3 697.354 9.78743 -43.1473 0.5
3 845.153 192.644 37.6444 0.5
3 700.8 90.2212 99.5207 0.5
