0 166.115 6.82281 -36.3044 0.5
0 26.7494 36.8191 -77.5125 0.5
0 164.64 54.4939 89.046 0.5
0 305.897 93.5504 99.7918 0.5
0 182.76 45.9191 84.1145 0.5
0 30.1711 110.411 -99.4566 0.5
0 217.458 167.791 73.5149 0.5
0 76.1916 164.714 76.2371 0.5
0 287.897 20.5371 -60.7096 0.5
0 180.147 199.735 7.26902 0.5
0 90.8892 13.8631 50.7979 0.5
0 299.191 2.40053 -21.7794 0.5
0 274.753 88.0998 -99.2894 0.5
0 2.51025 180.742 58.9974 0.5
0 214.857 106.568 99.7841 0.5
0 122.166 13.9171 -50.8894 0.5
0 266.383 61.7574 -92.3986 0.5
0 330.623 10.4695 -44.5454 0.5
0 139.68 12.8335 49.0102 0.5
0 240.906 40.1061 -80.0795 0.5
0 155.607 56.2053 89.9001 0.5
0 113.673 132.197 94.6751 0.5
0 262.15 126.827 -96.3344 0.5
0 29.0786 194.591 -32.4438 0.5
0 275.594 106.549 -99.7853 0.5
0 88.1269 199.521 9.77622 0.5
0 133.586 8.75494 40.9187 0.5
0 198.101 68.485 -94.9042 0.5
0 101.308 118.282 98.3146 0.5
0 323.407 16.9932 55.7662 0.5
0 23.1422 23.7328 64.6785 0.5
0 63.9796 0.346464 8.31701 0.5
0 31.0153 0.0604083 -3.47534 0.5
0 291.243 10.9882 -45.5729 0.5
0 223.023 187.066 -49.1883 0.5
0 159.814 27.7592 -69.1467 0.5
0 188.806 96.0182 -99.9207 0.5
0 3.86379 58.3397 -90.9088 0.5
0 237.83 30.2722 71.6801 0.5
0 218.548 179.446 -60.7314 0.5
0 42.7073 11.5153 46.5882 0.5
0 152.66 190.427 42.6962 0.5
0 278.43 42.0329 81.4851 0.5
0 164.725 7.20802 37.278 0.5
0 175.459 129.349 -95.5961 0.5
0 258.659 55.2699 89.4384 0.5
0 136.242 36.1129 76.9314 0.5
0 198.777 63.868 93.2442 0.5
0 28.6337 185.792 51.3787 0.5
0 205.909 18.6789 58.197 0.5
0 6.1166 192.967 36.8383 0.5
0 233.614 123.547 -97.1883 0.5
0 132.135 35.2211 -76.182 0.5
0 145.092 187.36 48.6648 0.5
0 204.582 167.718 73.5821 0.5
0 195.741 92.5413 -99.7214 0.5
0 59.8162 9.85887 43.2964 0.5
0 51.0998 27.7592 69.1467 0.5
0 195.43 118.075 98.353 0.5
0 244.266 15.149 52.9179 0.5
0 266.05 129.399 -95.581 0.5
0 272.496 63.1078 92.946 0.5
0 95.4108 155.178 83.3991 0.5
0 135.434 67.9762 94.7337 0.5
0 181.72 178.962 -61.359 0.5
0 14.7076 189.223 -45.1587 0.5
0 199.711 50.1814 -86.707 0.5
0 276.868 68.2667 94.8314 0.5
0 161.455 131.725 94.8341 0.5
0 113.706 154.596 83.781 0.5
0 321.319 148.36 -87.529 0.5
0 30.2843 10.5333 -44.6733 0.5
0 247.869 1.51453 17.3382 0.5
0 48.0047 11.5149 -46.5874 0.5
0 330.253 3.78028 -27.2354 0.5
0 268.623 64.1631 -93.358 0.5
0 178.306 148.44 87.4845 0.5
0 218.184 62.5541 92.7243 0.5
0 211.043 194.363 33.0999 0.5
0 86.7296 186.762 -49.7232 0.5
0 247.764 9.39629 42.3198 0.5
0 306.191 177.343 63.3884 0.5
0 237.47 2.84504 -23.6836 0.5
0 58.8971 82.9335 -98.5329 0.5
0 233.906 12.2694 -47.9932 0.5
0 16.0611 0.00570384 -1.06805 0.5
0 275.658 198.402 17.8071 0.5
0 289.587 7.71331 38.5119 0.5
0 106.227 198.453 -17.5193 0.5
0 235.768 166.246 74.9098 0.5
0 64.2663 0.000753144 -0.388109 0.5
0 212.27 133.628 94.1761 0.5
0 246.16 4.57663 -29.9062 0.5
0 122.215 198.779 -15.5788 0.5
0 280.42 2.39329 -21.747 0.5
0 129.24 83.08 -98.5582 0.5
0 220.115 3.71298 26.9965 0.5
0 295.545 199.495 10.0395 0.5
0 158.567 194.367 -33.09 0.5
0 240.983 199.712 -7.58143 0.5
0 46.9069 150.519 86.301 0.5
0 157.024 12.4158 48.2597 0.5
0 295.131 3.93934 -27.7912 0.5
0 93.1202 182.509 -56.5009 0.5
0 214.222 40.4854 80.3618 0.5
0 311.585 122.93 97.3357 0.5
0 251.521 10.0735 -43.7405 0.5
0 331.883 8.3145 -39.922 0.5
0 220.153 141.457 91.0019 0.5
0 23.8863 68.8097 -95.0114 0.5
0 119.01 0.0272701 2.33523 0.5
0 65.4194 13.787 -50.6687 0.5
0 155.721 197.258 23.2583 0.5
0 55.3449 113.002 99.1512 0.5
0 150.483 28.4534 69.8647 0.5
0 299.937 0.629332 -11.2014 0.5
0 145.26 0.408947 -9.0345 0.5
0 268.591 105.564 99.8451 0.5
0 223.521 198.578 16.8039 0.5
0 30.6595 190.687 -42.1417 0.5
0 293.624 61.2203 92.1745 0.5
0 248.504 191.041 -41.3705 0.5
0 165.897 114.136 98.9959 0.5
0 4.7735 13.4216 -50.0418 0.5
0 22.3888 27.6525 -69.0351 0.5
0 132.246 47.1527 84.895 0.5
0 210.225 55.6162 -89.6107 0.5
0 282.368 12.4276 -48.2813 0.5
0 234.511 198.866 -15.0194 0.5
0 194.895 118.374 -98.2974 0.5
0 177.407 122.962 -97.328 0.5
0 254.048 187.177 48.9921 0.5
0 191.209 192.062 39.0455 0.5
0 181.349 51.6807 -87.5514 0.5
0 207.798 177.108 -63.6734 0.5
0 299.138 63.532 -93.1133 0.5
0 316.4 73.2187 96.3471 0.5
0 150.294 42.7387 81.9826 0.5
0 263.41 198.808 -15.3954 0.5
0 54.4541 1.08089 14.6632 0.5
0 7.42784 199.595 -8.98854 0.5
0 192.134 78.2111 97.5974 0.5
0 92.9559 34.8697 -75.8817 0.5
0 313.828 197.768 21.0112 0.5
0 122.414 43.1954 82.2997 0.5
0 140.995 199.629 -8.60345 0.5
0 318.09 48.955 -85.9907 0.5
0 175.978 132.993 -94.4005 0.5
0 296.919 0.458389 -9.56387 0.5
0 31.938 95.4869 99.8981 0.5
0 208.897 134.084 -94.0122 0.5
0 220.46 41.6043 81.1784 0.5
0 273.171 129.895 -95.427 0.5
0 57.3563 169.128 -72.2587 0.5
0 265.808 13.1571 -49.5813 0.5
0 283.777 85.3119 98.9154 0.5
0 147.415 134.226 -93.9606 0.5
0 5.01341 196.004 -27.9855 0.5
0 116.794 199.82 -5.98991 0.5
0 323.694 165.023 75.9736 0.5
0 308.486 184.019 -54.2298 0.5
0 287.892 170.766 -70.655 0.5
0 46.4941 99.0246 99.9952 0.5
0 288.445 199.977 2.14466 0.5
0 285.452 17.8055 56.9567 0.5
0 156.938 41.804 -81.3217 0.5
0 247.982 5.59236 -32.9727 0.5
0 188.989 55.5892 89.5973 0.5
0 61.3533 84.289 98.7581 0.5
0 27.0927 13.0973 -49.4765 0.5
0 57.0769 0.161283 -5.6772 0.5
0 98.9042 157.126 82.0769 0.5
0 280.593 14.3515 51.6172 0.5
0 127.115 188.155 -47.2096 0.5
0 149.944 1.99992 19.8993 0.5
0 281.356 47.6208 85.1846 0.5
0 256.309 113.864 99.0343 0.5
0 35.708 12.2456 -47.9496 0.5
0 114.704 8.7747 40.9627 0.5
0 118.573 191.15 -41.1293 0.5
0 140.742 116.414 -98.6436 0.5
0 33.2165 1.37487 -16.5252 0.5
0 128.415 98.3438 99.9863 0.5
0 308.468 167.843 73.4669 0.5
0 45.3279 17.0796 55.8947 0.5
0 203.154 1.15909 -15.1814 0.5
0 271.998 90.2098 -99.5196 0.5
0 180.393 0.365841 8.54602 0.5
0 186.535 196.242 27.1562 0.5
0 313.718 5.97133 34.0384 0.5
0 145.677 194.843 -31.6987 0.5
0 248.829 199.002 -14.0908 0.5
0 42.1589 96.9313 -99.9529 0.5
0 129.18 0.42476 -9.20715 0.5
0 269.436 140.362 91.4925 0.5
0 67.8309 167.904 73.41 0.5
0 124.024 150.979 86.0297 0.5
0 75.1775 15.3481 53.2358 0.5
0 124.959 69.4548 95.2207 0.5
0 165.063 160.68 79.4853 0.5
0 124.147 161.365 -78.9576 0.5
0 9.14319 197.687 21.3842 0.5
0 207.689 0.490023 -9.8876 0.5
0 68.1562 197.808 20.821 0.5
0 310.896 52.2996 87.8901 0.5
0 171.034 10.1279 43.8522 0.5
1 431.462 -96.8749 96.3108 0.5
1 460.985 -159.368 -92.3881 0.5
1 461.51 -24.3612 -21.566 0.5
1 473.314 -47.4112 31.0955 0.5
1 408.947 60.548 -40.3133 0.5
1 478.676 -78.5715 68.1628 0.5
1 465.856 -229.344 -6.19894 0.5
1 358.519 88.8416 -94.5839 0.5
1 468.591 -229.182 31.5021 0.5
1 417.644 31.7681 -62.8289 0.5
1 382.579 97.5966 -55.9369 0.5
1 389.984 -92.4546 -33.1842 0.5
1 396.51 37.3239 -88.3999 0.5
1 389.589 20.7691 -98.3286 0.5
1 386.647 -33.6038 91.0904 0.5
1 449.376 -1.02868 -2.69504 0.5
1 432.721 -47.8505 -97.0039 0.5
1 371.069 123.143 46.5537 0.5
1 425.718 -48.4989 -99.3348 0.5
1 345.5 63.3666 98.7821 0.5
1 366.088 -56.6722 -3.47917 0.5
1 393.633 -91.9816 48.3415 0.5
1 462.859 -38.3344 51.0102 0.5
1 467.575 -91.455 91.1823 0.5
1 495.297 -97.9372 56.3792 0.5
1 368.386 0.354487 92.1104 0.5
1 421.281 -105.442 -84.7296 0.5
1 365.068 -21.6728 74.4996 0.5
1 469.525 -215.164 -60.9582 0.5
1 446.783 -191.271 31.9119 0.5
1 394.136 -25.387 -97.9644 0.5
1 345.807 178.393 -0.681072 0.5
1 464.272 -39.8282 -49.3693 0.5
1 382.56 114.292 9.42182 0.5
1 489.641 -146.176 96.9377 0.5
1 353.684 18.0204 88.4095 0.5
1 372.584 29.359 -99.9647 0.5
1 338.103 137.14 89.0993 0.5
1 498.699 -284.007 21.8435 0.5
1 378.778 40.3424 -98.1679 0.5
1 424.382 40.7901 -17.3071 0.5
1 452.099 -13.8934 -39.6246 0.5
1 466.268 -229.671 10.7395 0.5
1 424.3 -147.547 -43.6143 0.5
1 365.166 134.788 -43.746 0.5
1 391.665 87.5857 46.333 0.5
1 376.308 -2.78879 95.896 0.5
1 443.066 -180.378 -42.93 0.5
1 478.859 -231.679 -60.5026 0.5
1 353.17 -25.6262 40.8658 0.5
1 418.129 37.0553 -54.3728 0.5
1 426.222 -160.879 -1.29372 0.5
1 362.534 -50.0482 -10.2628 0.5
1 453.674 -178.648 71.2062 0.5
1 453.691 -114.669 -99.8074 0.5
1 499.363 -287.535 -2.74036 0.5
1 426.566 -65.1509 99.9328 0.5
1 490.497 -82.9306 -45.0348 0.5
1 494.84 -86.3148 -35.665 0.5
1 429.068 29.6251 29.8428 0.5
1 429.957 4.71729 -69.3201 0.5
1 461.175 -196.635 65.909 0.5
1 411.027 -26.5991 -99.6818 0.5
1 493.625 -254.023 -64.5348 0.5
1 469.743 -101.967 93.933 0.5
1 461.736 -150.41 95.9973 0.5
1 467.168 -205.559 67.5343 0.5
1 495.468 -217.098 93.1895 0.5
1 464.707 -196.992 -71.9523 0.5
1 468.269 -233.28 9.32709 0.5
1 393.77 84.7679 44.7115 0.5
1 379.511 -72.4137 -38.1632 0.5
1 375.381 58.2707 95.041 0.5
1 378.161 83.224 79.3415 0.5
1 364.411 -8.53829 -83.7067 0.5
1 347.695 -13.3096 -46.683 0.5
1 417.751 -11.3498 93.7253 0.5
1 384.566 -56.1777 73.8366 0.5
1 446.187 -89.6719 -99.8318 0.5
1 348.945 -23.4424 26.5847 0.5
1 432.573 -7.44352 76.4655 0.5
1 470.021 -42.0355 32.0795 0.5
1 364.09 89.6665 90.312 0.5
1 354.213 162.067 18.7177 0.5
1 352.986 2.90751 -77.6163 0.5
1 455.78 -209.537 22.4268 0.5
1 447.845 -6.24933 38.98 0.5
1 381.631 107.744 -40.5749 0.5
1 372.612 -49.4221 58.1004 0.5
1 433.896 -119.428 -89.1777 0.5
1 353.459 11.2776 -84.2535 0.5
1 350.313 88.8671 98.3157 0.5
1 458.227 -157.913 -90.9403 0.5
1 344.389 131.843 86.0219 0.5
1 457.843 -201.728 -50.9114 0.5
1 410.236 60.6605 -34.4991 0.5
1 406.213 -67.3542 91.1529 0.5
1 489.156 -257.9 47.4861 0.5
1 407.498 -92.9269 76.4432 0.5
1 419.953 11.1021 -79.1388 0.5
1 488.544 -193.675 -96.8651 0.5
1 394.228 94.453 -3.84248 0.5
1 437.685 -38.6755 90.7213 0.5
1 492.202 -118.946 82.6979 0.5
1 410.365 -6.34753 -96.2648 0.5
1 406.079 -7.91593 98.3514 0.5
1 409.866 11.7666 -89.6398 0.5
1 499.88 -125.82 -77.9444 0.5
1 490.663 -190.806 98.3109 0.5
1 437.428 6.07442 -50.3989 0.5
1 497.154 -208.467 96.8961 0.5
1 354.798 95.9339 -94.3591 0.5
1 445.923 -194.43 10.7541 0.5
1 356.922 35.7907 -97.2351 0.5
1 440.665 -53.2576 94.5207 0.5
1 441.654 -85.7017 99.9817 0.5
1 475.806 -185.312 92.2741 0.5
1 345.528 -14.7212 -35.2007 0.5
1 354.095 153.452 -44.7824 0.5
1 421.309 -144.125 39.7821 0.5
1 439.718 -93.6342 -99.56 0.5
1 494.839 -274.944 -30.584 0.5
1 433.154 -90.6168 98.4171 0.5
1 437.002 -76.3528 -99.9486 0.5
1 362.925 134.592 51.2862 0.5
1 446.215 -76.4486 -98.1652 0.5
1 461.746 -145.325 -97.3407 0.5
1 349.912 171.206 -3.9721 0.5
1 396.24 43.3098 85.2538 0.5
1 452.22 -11.7601 -33.6785 0.5
1 339.653 178.796 -44.1193 0.5
1 432.394 26.0723 21.5467 0.5
1 426.597 -161.034 10.0127 0.5
1 433.419 23.191 26.0632 0.5
1 436.34 21.3911 6.26649 0.5
1 343.446 1.445 58.5886 0.5
1 450.423 -3.63256 -12.8323 0.5
1 499.977 -129.484 -80.629 0.5
1 375.543 46.1248 -98.1328 0.5
1 395.258 91.9208 -12.8013 0.5
1 375.315 77.6103 -86.4143 0.5
1 430.425 -159.669 -40.3428 0.5
1 449.596 -59.0052 90.5817 0.5
1 384.848 25.8358 -98.8591 0.5
1 457.718 -206.667 40.9602 0.5
1 393.49 30.7184 93.7077 0.5
1 487.485 -240.775 67.5048 0.5
1 458.08 -16.7049 -11.2718 0.5
1 398.178 -111.332 -13.9839 0.5
1 400.503 83.5601 4.4238 0.5
1 498.802 -99.8024 -49.659 0.5
1 453.083 -180.931 67.7874 0.5
1 490.113 -109.227 -78.2037 0.5
1 487.752 -248.14 59.0854 0.5
1 430.047 -108.039 -91.4204 0.5
1 472.572 -125.602 98.7811 0.5
1 352.454 123.175 -82.6507 0.5
1 485.035 -136.97 -96.6186 0.5
1 472.507 -156.363 98.8214 0.5
1 464.912 -34.2602 -35.0892 0.5
1 425.467 20.9049 -59.3473 0.5
1 372.356 16.3379 -98.6998 0.5
1 423.374 -115.926 -80.0219 0.5
1 450.401 -172.472 71.7032 0.5
1 466.82 -130.509 -99.9976 0.5
1 492.612 -216.532 91.3632 0.5
1 399.115 -20.2108 -99.803 0.5
1 346.887 118.488 -90.7693 0.5
1 450.01 -50.7982 -85.8438 0.5
1 376.553 -28.4835 -84.4057 0.5
1 413.432 -54.019 98.8251 0.5
1 353.814 33.506 -95.0671 0.5
1 383.879 -15.6063 95.9829 0.5
1 380.184 14.4439 99.9028 0.5
1 449.968 -46.6258 -83.2579 0.5
1 404.952 -100.439 64.5321 0.5
1 404.157 -86.3886 77.0718 0.5
1 366.121 -56.4733 -7.95487 0.5
1 397.67 -104.442 36.7391 0.5
1 347.271 113.312 92.7215 0.5
1 450.155 -134.251 -94.7723 0.5
1 422.52 -13.7497 -91.3315 0.5
1 378.41 120.537 -16.6075 0.5
1 387.208 106.525 -5.67554 0.5
1 387.486 -66.0337 69.1497 0.5
1 373.867 102.409 68.7538 0.5
1 404.54 62.0007 52.1348 0.5
1 454.549 -61.3467 -87.3936 0.5
1 393.963 68.4889 -67.8031 0.5
1 418.073 34.1527 58.7454 0.5
1 417.84 -125.057 -61.7111 0.5
1 443.928 -86.1609 -99.8543 0.5
1 336.251 26.0622 -72.4916 0.5
1 433.698 -11.8813 78.4952 0.5
1 347.238 -4.793 -59.0424 0.5
1 459.054 -211.902 33.7088 0.5
2 610.028 68.4113 -74.6739 0.5
2 508.931 -174.998 99.9839 0.5
2 538.986 -158.281 -92.8505 0.5
2 657.53 177.181 -36.7413 0.5
2 644.454 23.2244 92.3741 0.5
2 514.393 -118.179 -89.0152 0.5
2 590.493 -99.2332 -73.9675 0.5
2 508.674 -76.2001 -22.4318 0.5
2 513.527 -167.51 99.9743 0.5
2 570.03 -46.0734 -97.7039 0.5
2 635.786 102.439 -82.8998 0.5
2 550.293 -3.7652 20.8575 0.5
2 514.862 -111.717 -85.8884 0.5
2 526.44 -205.403 78.0434 0.5
2 634.995 51.1986 99.8165 0.5
2 623.404 16.499 99.6322 0.5
2 598.565 55.8731 67.4491 0.5
2 511.683 -266.56 19.301 0.5
2 647.546 162.59 28.9813 0.5
2 590.669 58.0363 -44.2664 0.5
2 544.89 -30.7458 -59.7624 0.5
2 634.986 59.8626 98.9084 0.5
2 591.784 -107.546 -62.7702 0.5
2 626.21 -61.924 -39.5406 0.5
2 665.539 140.426 -90.5757 0.5
2 556.461 -129.966 92.0458 0.5
2 533.17 -115.109 98.6932 0.5
2 610.968 -25.7206 -95.6271 0.5
2 588.751 -126.369 -40.5376 0.5
2 532.78 -181.302 86.9446 0.5
2 615.382 60.0457 -87.2437 0.5
2 653.848 173.61 -28.6332 0.5
2 524.051 -47.1331 4.8163 0.5
2 597.954 -51.3837 94.6158 0.5
2 556.304 -161.529 71.0446 0.5
2 617.663 93.5007 62.1055 0.5
2 520.307 -253.163 -8.23238 0.5
2 621.867 117.996 -29.3622 0.5
2 600.353 31.4323 -88.6406 0.5
2 616.94 51.9799 92.4538 0.5
2 596.16 -5.45806 98.6019 0.5
2 540.141 -169.935 86.1442 0.5
2 532.026 -136.44 -99.9476 0.5
2 643.517 -39.6386 9.55668 0.5
2 528.636 -158.375 -98.12 0.5
2 553.46 -195.616 9.61876 0.5
2 638.929 100.333 87.5201 0.5
2 591.921 70.2449 7.63023 0.5
2 530.761 -169.492 -94.0076 0.5
2 610.639 -36.7198 91.7914 0.5
2 653.01 170.6 33.4097 0.5
2 588.119 30.3294 -74.793 0.5
2 500.648 -273.586 -50.974 0.5
2 574.668 38.6992 -19.6782 0.5
2 627.057 128.366 24.4248 0.5
2 611.132 -94.5613 17.9682 0.5
2 547.518 -7.04923 -11.6171 0.5
2 665.843 7.18723 -40.6038 0.5
2 520.121 -111.961 90.8152 0.5
2 545.97 -83.483 -96.6758 0.5
2 605.197 -31.8086 96.7361 0.5
2 529.242 -110.541 -96.1486 0.5
2 596.71 62.205 55.2166 0.5
2 506.016 -261.108 55.9947 0.5
2 596.097 63.4203 -51.6152 0.5
2 625.171 121.066 36.9113 0.5
2 573.406 -121.778 79.8143 0.5
2 662.209 114.581 97.4815 0.5
2 522.94 -138.76 99.4803 0.5
2 594.84 56.2093 59.1688 0.5
2 622.217 122.895 4.80615 0.5
2 599.088 10.6888 96.0756 0.5
2 542.828 -25.2019 -45.0185 0.5
2 516.363 -131.798 95.842 0.5
2 561.763 -114.384 -94.5077 0.5
2 537.742 -33.1547 -43.278 0.5
2 583.518 11.5619 -83.1319 0.5
2 615.019 -7.23734 98.4066 0.5
2 642.924 137.387 -61.9375 0.5
2 519.708 -225.388 -70.5732 0.5
2 656.472 25.033 81.9496 0.5
2 559.481 -34.238 85.7715 0.5
2 588.92 40.7108 -65.7197 0.5
2 572.908 -147.798 -52.0232 0.5
2 652.269 0.302763 66.4161 0.5
2 636.219 -45.6178 -37.0567 0.5
2 546.284 -207.008 -17.2559 0.5
2 655.214 56.863 -97.2477 0.5
2 534.941 -72.7187 -83.2272 0.5
2 627.172 49.4765 98.388 0.5
2 506.883 -254.458 -62.9447 0.5
2 554.796 -3.9234 43.9146 0.5
2 605.425 -32.8407 96.351 0.5
2 608.707 -99.9353 9.52149 0.5
2 575.522 -157.835 2.52685 0.5
2 531.409 -82.5305 -85.5722 0.5
2 509.813 -71.6883 -1.4473 0.5
2 567.191 -94.7917 -97.4372 0.5
2 505.212 -238.128 81.1178 0.5
2 566.71 -3.13722 71.4206 0.5
2 579.156 47.9901 -9.33985 0.5
2 567.294 -54.3815 98.4144 0.5
2 650.593 57.7464 98.9559 0.5
2 547.043 -49.5528 81.7159 0.5
2 598.414 46.8114 -75.9693 0.5
2 590.825 38.2489 71.7942 0.5
2 643.706 -39.0928 -11.6079 0.5
2 630.805 -52.9542 41.8097 0.5
2 574.092 32.4283 -37.3261 0.5
2 662.958 14.5663 -61.2973 0.5
2 542.914 -183.743 -72.0003 0.5
2 592.729 -6.31728 97.6067 0.5
2 605.996 60.3757 75.5972 0.5
2 551.854 -194.961 27.6548 0.5
2 525.838 -71.4516 -68.9054 0.5
2 590.818 66.2702 -21.5818 0.5
2 579.011 42.8386 32.2314 0.5
2 509.923 -261.473 43.6196 0.5
2 532.048 -233.13 -2.66895 0.5
2 645.596 -36.0412 9.52042 0.5
2 530.543 -198.496 77.8845 0.5
2 563.126 -176.376 -24.1576 0.5
2 527.999 -172.68 94.5715 0.5
2 624.463 63.6017 93.0217 0.5
2 574.433 39.1545 -14.7435 0.5
2 641.406 149.237 -36.7843 0.5
2 630.948 -39.2781 63.3034 0.5
2 618.92 98.4104 -58.4898 0.5
2 561.362 13.3195 -28.9661 0.5
2 657.569 184.237 1.02096 0.5
2 630.747 81.3488 90.0121 0.5
2 547.426 -84.1689 97.4675 0.5
2 615.649 7.3036 99.9062 0.5
2 590.474 -25.3697 99.782 0.5
2 595.807 -84.8133 78.3958 0.5
2 548.169 -199.699 -32.8348 0.5
2 580.668 -135.595 49.9335 0.5
2 560.712 -98.4802 -98.8744 0.5
2 531.083 -66.5401 -73.0439 0.5
2 605.339 3.05251 99.569 0.5
2 553.477 -10.2643 -51.3874 0.5
2 634.393 -2.52961 -88.463 0.5
2 577.009 -97.0695 90.8548 0.5
2 571.386 -82.6867 98.4292 0.5
2 614.735 -50.1091 79.8788 0.5
2 518.805 -198.079 -90.764 0.5
2 549.687 -30.1513 68.9142 0.5
2 591.878 -36.6869 -99.7442 0.5
2 645.639 163.579 -0.0361044 0.5
2 644.794 9.89358 85.2811 0.5
2 659.21 146.359 -80.5391 0.5
2 529.159 -227.226 -45.4874 0.5
2 534.239 -175.013 88.9767 0.5
2 620.522 -68.5202 46.3789 0.5
2 621.937 61.0416 -92.2849 0.5
2 659.206 71.1053 -98.7162 0.5
2 564.44 -71.25 99.831 0.5
2 652.697 -8.19106 54.2663 0.5
2 654.901 100.28 -97.843 0.5
2 579.284 -147.074 28.9342 0.5
2 549.985 -104.55 -99.9699 0.5
2 637.647 97.1573 88.0416 0.5
2 636.869 -2.77324 -85.9213 0.5
2 633.981 -17.4215 -79.3871 0.5
2 545.801 -9.72707 -8.72876 0.5
2 632.938 125.825 53.8769 0.5
2 533.605 -30.5344 -3.59896 0.5
2 533.827 -66.2226 -76.9521 0.5
2 606.063 -16.1234 -99.3759 0.5
2 626.763 36.1307 99.8623 0.5
2 577.567 41.0118 -30.1792 0.5
2 580.705 32.6455 -57.8968 0.5
2 520.579 -189.276 93.2004 0.5
2 597.351 79.5149 -9.22922 0.5
2 566.257 -126.683 -84.9433 0.5
2 513.41 -257.573 38.8995 0.5
2 625.389 -48.3736 -63.9511 0.5
2 572.554 -151.031 47.4547 0.5
2 625.395 67.9935 91.8776 0.5
2 593.157 68.7591 -27.717 0.5
2 634.773 143.928 -12.8698 0.5
2 511.898 -94.0015 67.1878 0.5
2 562.21 -69.2419 -99.3152 0.5
2 656.641 166.086 -55.0983 0.5
2 593.799 -84.5572 -81.2131 0.5
2 598.539 -66.0642 -87.6922 0.5
2 581.296 44.7256 37.7742 0.5
2 512.839 -91.3592 -66.0547 0.5
2 523.746 -214.009 -74.7173 0.5
2 577.429 45.432 -0.84891 0.5
2 635.615 -53.5114 7.36828 0.5
2 647.115 49.6764 -98.6362 0.5
2 662.89 -4.67634 -19.2221 0.5
2 577.634 -111.478 -81.9777 0.5
2 607.397 7.36035 -99.4969 0.5
2 555.069 -193.279 -1.664 0.5
2 519.903 -119.292 -93.7081 0.5
2 559.272 1.11633 49.0767 0.5
2 518.768 -114.42 -90.8684 0.5
2 579.411 41.943 -36.5688 0.5
2 618.563 85.8808 72.1912 0.5
2 610.018 31.7592 -95.4321 0.5
2 635.709 135.547 45.2679 0.5
2 558.296 12.2461 -3.14766 0.5
2 652.187 153.359 62.0274 0.5
2 602.706 79.0792 -43.8716 0.5
2 619.255 115.039 -23.6709 0.5
2 637.56 71.2814 97.618 0.5
2 533.925 -227.606 -21.3691 0.5
2 635.533 114.967 72.4832 0.5
2 546.931 -22.5456 -52.9305 0.5
2 571.73 -91.6756 96.2182 0.5
2 630.008 -60.2985 -25.0817 0.5
2 632.117 -52.4688 -37.687 0.5
2 616.771 70.8747 -81.9578 0.5
3 857.503 142.635 90.456 0.5
3 867.17 180.943 58.7221 0.5
3 675.823 13.4468 -50.0853 0.5
3 698.305 112.009 -99.2763 0.5
3 777.286 197.978 -20.0086 0.5
3 840.359 84.8771 98.8499 0.5
3 899.686 36.7974 -77.4947 0.5
3 736.423 192.801 -37.2545 0.5
3 895.661 0.97726 -13.9462 0.5
3 880.283 195.275 -30.3744 0.5
3 689.707 197.635 -21.6202 0.5
3 687.599 3.86895 27.5467 0.5
3 842.228 192.136 38.871 0.5
3 832.56 134.363 -93.9107 0.5
3 885.144 0.204936 -6.39884 0.5
3 985.683 70.8565 -95.6591 0.5
3 736.899 195.956 -28.1517 0.5
3 914.885 76.904 -97.2963 0.5
3 700.972 94.5572 99.8518 0.5
3 828.68 145.808 88.8909 0.5
3 914.776 103.079 99.9526 0.5
3 731.467 129.39 -95.5836 0.5
3 939.716 199.813 -6.12031 0.5
3 832.932 15.8483 54.0231 0.5
3 862.92 9.07125 41.6168 0.5
3 914.133 141.548 -90.9603 0.5
3 935.617 13.9628 -50.9667 0.5
3 936.299 198.111 19.3449 0.5
3 723.551 199.053 13.7268 0.5
3 737.261 198.063 -19.5854 0.5
3 836.572 192.912 36.9767 0.5
3 945.688 199.205 -12.5818 0.5
3 830.072 84.85 98.8457 0.5
3 758.833 2.9407 -24.0726 0.5
3 936.534 198.746 15.7887 0.5
3 858.815 183.736 -54.6649 0.5
3 681.13 5.11728 31.5796 0.5
3 923.262 3.18772 25.0476 0.5
3 737.76 15.6653 53.737 0.5
3 977.848 44.4463 -83.1492 0.5
3 941.503 195.9 28.3407 0.5
3 729.513 77.1828 -97.3621 0.5
3 827.806 73.7172 -96.4843 0.5
3 851.667 95.3802 99.8932 0.5
3 753.65 111.362 99.3524 0.5
3 831.742 144.228 89.6876 0.5
3 937.169 61.4404 -92.2668 0.5
3 904.438 132.39 -94.6091 0.5
3 734.487 168.793 -72.5778 0.5
3 999.482 54.34 88.9672 0.5
3 740.548 0.424632 9.20577 0.5
3 723.499 122.086 -97.5306 0.5
3 915.173 23.4832 -64.3831 0.5
3 996.954 197.546 -22.017 0.5
3 851.796 32.314 -73.6111 0.5
3 883.022 47.3352 -85.0084 0.5
3 699.751 93.5588 99.7923 0.5
3 744.793 174.634 66.5569 0.5
3 783.1 50.4796 86.8777 0.5
3 958.945 182.267 56.8522 0.5
3 811.169 123.05 -97.3072 0.5
3 695.28 0.106089 4.60505 0.5
3 953.046 189.085 45.4307 0.5
3 793.012 30.1395 71.5508 0.5
3 876.415 95.9803 99.9192 0.5
3 712.975 37.9599 -78.4285 0.5
3 793.421 62.1047 92.5416 0.5
3 687.627 140.502 -91.4309 0.5
3 977.274 194.643 -32.2898 0.5
3 959.354 197.39 -22.6985 0.5
3 770.99 162.306 78.2176 0.5
3 977.244 52.3289 -87.906 0.5
3 847.97 92.8337 -99.7429 0.5
3 765.378 34.4993 -75.5623 0.5
3 806.945 30.5951 -71.9927 0.5
3 894.248 6.49392 35.4488 0.5
3 862.213 128.009 -95.9975 0.5
3 851.837 186.252 50.6026 0.5
3 697.133 73.7543 96.4944 0.5
3 963.025 133.946 94.0619 0.5
3 682.438 199.956 -2.96223 0.5
3 756.184 122.883 -97.3467 0.5
3 939.975 177.769 -62.8654 0.5
3 902.246 133.35 -94.2749 0.5
3 951.117 12.5113 48.4326 0.5
3 705.598 141.905 -90.7962 0.5
3 809.138 92.3719 -99.7086 0.5
3 908.435 86.1418 -99.0351 0.5
3 764.483 178.037 -62.5318 0.5
3 930.991 153.732 -84.3377 0.5
3 895.852 0.0911899 -4.26962 0.5
3 808.362 170.712 70.7096 0.5
3 768.896 191.241 40.9285 0.5
3 885.28 188.453 46.6491 0.5
3 876.275 115.205 98.8373 0.5
3 815.92 6.8374 -36.3418 0.5
3 666.791 77.4077 97.4145 0.5
3 971.362 91.8839 -99.6701 0.5
3 891.41 26.0194 67.282 0.5
3 931.231 145.783 -88.9041 0.5
3 758.153 158.342 81.2169 0.5
3 936.638 199.991 1.33628 0.5
3 770.971 134.55 93.8417 0.5
3 712.51 120.628 97.8494 0.5
3 690.397 121.267 -97.7125 0.5
3 673.457 1.33535 -16.2876 0.5
3 913.682 179.57 60.5697 0.5
3 932.914 183.638 54.8143 0.5
3 797.727 199.366 11.2389 0.5
3 804.791 114.129 98.9968 0.5
3 720.993 191 -41.4609 0.5
3 879.063 199.87 5.10166 0.5
3 726.441 137.945 92.5211 0.5
3 835.412 114.516 98.9409 0.5
3 961.179 176.697 64.1684 0.5
3 682.697 163.68 77.103 0.5
3 707.031 147.702 87.889 0.5
3 879.021 32.6767 73.9431 0.5
3 759.236 47.9917 -85.4116 0.5
3 678.082 39.1583 -79.3617 0.5
3 744.235 196 -27.9996 0.5
3 906.91 0.236325 6.87089 0.5
3 887.185 199.882 4.8538 0.5
3 920.394 34.3977 75.4741 0.5
3 742.826 92.0702 -99.6851 0.5
3 948.842 6.96707 36.6725 0.5
3 976.164 182.264 -56.8568 0.5
3 858.771 1.49504 17.2271 0.5
3 698.772 85.7572 -98.9805 0.5
3 919.775 114.129 -98.9969 0.5
3 759.097 143.959 89.8201 0.5
3 893.826 194.148 33.7078 0.5
3 742.568 1.18176 -15.3283 0.5
3 750.433 1.83271 19.0574 0.5
3 695.671 123.821 97.1213 0.5
3 704.533 14.3889 -51.6792 0.5
3 931.867 3.57993 26.5174 0.5
3 802.066 87.5863 -99.2265 0.5
3 905.11 136.344 -93.1617 0.5
3 679.872 139.774 91.7499 0.5
3 758.335 198.229 18.7389 0.5
3 961.274 0.963139 -13.8456 0.5
3 746.35 39.0988 -79.3161 0.5
3 927.334 0.219853 -6.62739 0.5
3 892.53 190.638 -42.2464 0.5
3 772.017 0.171056 5.84653 0.5
3 903.351 198.524 -17.1159 0.5
3 707.216 90.0534 99.5041 0.5
3 913.092 197.291 23.1175 0.5
3 870.042 0.498789 -9.97542 0.5
3 843.227 186.391 -50.3651 0.5
3 979.717 195.188 -30.6456 0.5
3 756.667 172.252 69.1352 0.5
3 989.791 141.747 -90.8689 0.5
3 797.507 170.064 71.3512 0.5
3 791.16 122.651 97.4009 0.5
3 874.015 7.44811 37.8702 0.5
3 668.738 0.289828 -7.60799 0.5
3 890.795 70.3568 95.5054 0.5
3 869.629 64.7726 -93.5897 0.5
3 881.131 166.969 74.2642 0.5
3 715.834 140.111 91.603 0.5
3 880.835 7.48033 -37.9488 0.5
3 845.501 107.461 -99.7212 0.5
3 673.116 185.457 51.9337 0.5
3 852.316 105.302 99.8593 0.5
3 907.912 197.837 20.688 0.5
3 892.183 133.836 -94.1016 0.5
3 703.021 145.332 89.1347 0.5
3 994.542 165.929 75.1887 0.5
3 808.213 151.204 -85.8959 0.5
3 806.018 67.8771 -94.7002 0.5
3 889.38 121.667 -97.6244 0.5
3 781.587 111.394 -99.3487 0.5
3 956.214 7.71891 -38.5253 0.5
3 947.466 47.9808 85.4049 0.5
3 864.517 34.8851 75.895 0.5
3 911.699 105.351 -99.8567 0.5
3 957.651 199.968 2.52779 0.5
3 889.964 7.88103 -38.9114 0.5
3 787.792 5.50647 -32.7257 0.5
3 812.096 55.1594 -89.383 0.5
3 760.649 199.091 -13.4557 0.5
3 938.92 142.625 -90.4603 0.5
3 768.238 194.655 -32.2545 0.5
3 881.365 91.945 -99.6751 0.5
3 768.636 141.868 -90.8135 0.5
3 667.32 52.2568 -87.8669 0.5
3 718.854 20.2032 60.2699 0.5
3 847.108 38.9295 -79.1859 0.5
3 759.496 141.606 90.9336 0.5
3 998.692 155.495 -83.1883 0.5
3 839.212 2.20931 20.9041 0.5
3 881.413 9.44545 42.4249 0.5
3 857.183 26.9239 68.2633 0.5
3 844.376 71.6421 95.8949 0.5
3 820.513 11.8477 -47.2141 0.5
3 974.013 131.024 -95.0657 0.5
3 703.933 165.977 -75.1467 0.5
3 711.309 9.03492 41.5374 0.5
3 915.812 13.6565 50.446 0.5
3 852.504 48.5131 -85.7269 0.5
3 772.732 167.951 73.3668 0.5
