0 102.882 45.8767 -84.0873 0.5
0 56.5675 199.767 -6.81633 0.5
0 53.984 193.01 -36.7305 0.5
0 52.3144 199.963 2.73149 0.5
0 28.6445 30.1697 71.5802 0.5
0 99.7225 196.862 24.8539 0.5
0 49.7572 43.7682 82.6921 0.5
0 41.7292 101.311 -99.9914 0.5
0 86.1909 51.1662 -87.2655 0.5
0 106.546 47.3837 85.0383 0.5
0 77.6889 57.3727 -90.4595 0.5
0 73.4531 196.63 -25.7416 0.5
0 79.347 75.5276 96.9593 0.5
0 80.6614 158.481 81.1173 0.5
0 73.8224 127.669 96.096 0.5
0 8.38927 56.3883 89.989 0.5
0 1.71501 45.0877 83.5741 0.5
0 103.684 139.839 91.7214 0.5
0 85.6715 147.033 88.2488 0.5
0 49.8595 198.7 -16.0718 0.5
0 22.4474 9.35654 42.2346 0.5
0 90.1515 11.7757 47.0794 0.5
0 51.6937 33.1195 -74.3438 0.5
0 92.7367 0.0818904 4.04616 0.5
0 70.7789 193.096 -36.5118 0.5
0 60.3826 5.65645 -33.1556 0.5
0 55.763 198.203 18.871 0.5
0 66.3806 144.951 -89.3277 0.5
0 31.4809 120.744 97.8248 0.5
0 9.55034 141.156 -91.1382 0.5
0 35.6475 163.836 -76.9734 0.5
0 93.604 165.94 75.1791 0.5
0 78.9851 182.421 -56.6288 0.5
0 39.2652 183.548 -54.9515 0.5
0 66.8005 5.60169 32.9994 0.5
0 1.78612 3.3798 25.7786 0.5
0 80.0604 0.144554 5.37493 0.5
0 45.5606 200 0.111828 0.5
0 75.4478 2.62572 22.7651 0.5
0 36.8631 199.366 -11.2405 0.5
0 37.6588 33.0664 74.2959 0.5
0 106.029 29.4271 70.8482 0.5
0 16.7563 160.347 79.7389 0.5
0 87.7794 92.7525 99.737 0.5
0 100.44 194.437 32.8873 0.5
0 23.4228 139.401 91.9107 0.5
0 94.5277 11.0421 -45.6781 0.5
0 9.24851 167.12 74.1274 0.5
0 8.99105 33.193 -74.4099 0.5
0 83.2315 29.0215 -70.4419 0.5
0 37.6804 146.199 -88.6887 0.5
0 99.3265 191.092 41.2586 0.5
0 72.6202 149.322 -86.9904 0.5
0 11.4209 4.83055 -30.7046 0.5
0 20.099 117.264 98.4985 0.5
0 19.2001 6.41223 -35.2325 0.5
0 108.962 165.063 -75.9396 0.5
0 83.2996 16.5869 55.1567 0.5
0 24.1396 27.585 -68.9643 0.5
0 13.6064 199.273 -12.0391 0.5
0 57.4692 61.3512 92.2295 0.5
0 12.9302 121.095 97.7498 0.5
0 73.794 1.09334 -14.747 0.5
0 34.3435 195.319 -30.2383 0.5
0 10.0119 197.684 -21.3962 0.5
0 87.0815 0.0647902 3.59914 0.5
0 105.232 107.418 -99.7245 0.5
0 84.5311 44.7203 83.3316 0.5
0 42.3263 176.079 -64.8996 0.5
0 27.0626 199.855 5.37946 0.5
0 108.736 107.927 -99.6854 0.5
0 43.7846 66.2383 -94.1284 0.5
0 58.5758 37.442 -78.016 0.5
0 37.9662 96.9777 99.9543 0.5
0 49.1155 13.0276 49.3538 0.5
0 67.5349 148.051 87.699 0.5
0 3.67428 32.0183 -73.3381 0.5
0 28.8088 14.286 51.5083 0.5
0 0.512741 193.02 36.7058 0.5
0 90.5499 163.552 77.2084 0.5
0 62.1611 19.5312 -59.3697 0.5
0 56.4746 31.4353 -72.7934 0.5
0 22.9026 102.564 99.9671 0.5
0 45.9492 178.298 62.2049 0.5
0 46.5696 188.794 -45.9961 0.5
0 29.1556 49.2571 86.1694 0.5
0 74.5758 5.61374 33.0338 0.5
0 20.7513 49.0895 -86.0704 0.5
0 18.74 190.965 -41.5378 0.5
0 70.3866 75.5529 -96.9657 0.5
0 85.4405 185.84 51.2978 0.5
0 55.4501 178.072 62.4876 0.5
0 16.153 56.3609 -89.9757 0.5
0 9.05242 3.32518 -25.573 0.5
1 137.535 35.8166 -98.2897 0.5
1 149.362 -42.2648 64.9787 0.5
1 111.429 5.92825 -35.4079 0.5
1 162.466 66.8677 82.9729 0.5
1 111.333 62.1826 92.7298 0.5
1 148.629 -34.4458 -71.9364 0.5
1 165.167 -88.3153 32.1601 0.5
1 133.905 43.2596 -98.4991 0.5
1 161.116 38.6635 -96.7533 0.5
1 137.668 147.499 35.4751 0.5
1 151.566 21.2922 -99.6262 0.5
1 156.198 92.0021 -71.3212 0.5
1 141.156 107.076 80.6564 0.5
1 155.504 113.455 -42.8684 0.5
1 155.677 2.90181 97.9984 0.5
1 155.863 101.592 -61.1773 0.5
1 151.76 30.8983 -99.9915 0.5
1 118.145 184.324 26.2007 0.5
1 136.393 -21.9391 62.391 0.5
1 124.274 -16.1233 35.9221 0.5
1 117.13 50.0578 -91.8607 0.5
1 160.767 40.6311 -96.387 0.5
1 158.222 116.149 -21.1034 0.5
1 115.542 85.0714 99.7365 0.5
1 119.77 -10.48 29.7171 0.5
1 147.862 22.2634 -99.0035 0.5
1 116.123 107.508 -98.6808 0.5
1 150.001 -48.1525 58.9269 0.5
1 145.266 64.5064 97.1598 0.5
1 128.299 45.7844 -96.9662 0.5
1 145.515 -55.7348 -27.4975 0.5
1 127.309 -27.9595 -4.37173 0.5
1 148.032 93.3926 -81.9264 0.5
1 134.596 110.223 -86.0764 0.5
1 141.509 45.3532 -99.9801 0.5
1 162.024 -42.1096 84.2142 0.5
1 121.012 61.6458 97.7259 0.5
1 121.1 49.8469 94.4497 0.5
1 122.624 75.999 -99.9175 0.5
1 119.986 18.4022 -74.9268 0.5
1 160.007 2.24592 99.143 0.5
1 118.279 111.863 97.0082 0.5
1 125.922 2.73801 69.8007 0.5
1 118.556 150.093 77.6689 0.5
1 166.289 100.747 -26.8882 0.5
1 127.769 163.515 38.3188 0.5
1 113.488 13.5549 -56.7645 0.5
1 154.345 -66.1523 40.8654 0.5
1 160.91 22.3123 -99.6325 0.5
1 162.656 70.3537 -80.2753 0.5
1 139.262 149.319 -19.5163 0.5
1 146.269 -60.8106 -4.10221 0.5
1 127.051 45.6968 -96.3712 0.5
1 114.88 190.616 -23.7275 0.5
1 159.74 -82.6731 17.5677 0.5
1 128.456 -27.6064 -21.9352 0.5
1 118.438 8.70772 61.8203 0.5
1 162.402 109.221 -19.6024 0.5
1 151.217 80.571 -86.5812 0.5
1 120.643 35.0845 87.5038 0.5
1 128.852 61.2034 -99.674 0.5
1 125.172 -5.22129 -58.8251 0.5
1 148.112 -54.128 43.5051 0.5
1 164.449 -80.8557 -46.6116 0.5
1 129.662 -29.8109 21.418 0.5
1 141.998 52.3743 -99.8275 0.5
1 141.572 17.6748 -95.5295 0.5
1 141.253 23.5167 -97.0086 0.5
1 115.728 167.738 -65.3003 0.5
1 124.413 75.7849 99.9931 0.5
1 130.476 154.646 -47.1496 0.5
1 140.383 -43.0976 -38.2456 0.5
1 139.663 131.786 -58.3114 0.5
1 115.787 181.073 -45.2571 0.5
1 120.392 -12.4145 -26.8078 0.5
1 142.657 96.7044 85.8131 0.5
1 132.144 70.574 99.7544 0.5
1 148.901 112.408 62.751 0.5
1 165.034 -73.7376 59.5429 0.5
1 140.981 132.251 54.2794 0.5
1 125.619 90.6588 98.7461 0.5
1 131.868 163.978 -3.75786 0.5
1 153.485 -43.2912 71.5151 0.5
1 141.132 119.384 70.0342 0.5
1 138.038 -43.5391 24.708 0.5
1 138.565 110.704 -81.2792 0.5
1 153.645 101.887 -65.5053 0.5
1 139.376 137.2 -50.7669 0.5
1 156.981 -57.7838 62.1592 0.5
1 111.267 199.362 8.56849 0.5
1 133.504 79.9692 -98.2254 0.5
1 165.182 -7.17857 99.0813 0.5
1 117.959 187.767 -8.61911 0.5
1 126.177 -15.5765 44.6451 0.5
1 125.78 108.064 -94.2323 0.5
1 115.505 188.905 -26.1669 0.5
1 166.103 -46.5103 85.8621 0.5
1 132.868 105.794 90.0542 0.5
2 214.992 174.218 49.7595 0.5
2 215.748 61.305 96.1496 0.5
2 180.362 47.7662 -97.9241 0.5
2 203.374 132.57 -75.8079 0.5
2 178.207 122.182 -17.7082 0.5
2 167.667 -76.3143 57.4915 0.5
2 168.471 -92.4311 -11.5509 0.5
2 221.535 70.0972 95.7892 0.5
2 184.371 64.0698 -95.5097 0.5
2 202.977 -29.1344 -28.6771 0.5
2 206.705 33.7249 91.9117 0.5
2 188.604 18.3783 -97.2253 0.5
2 211.878 171.026 -45.7079 0.5
2 189.983 133.742 -44.4409 0.5
2 171.785 -30.0035 90.4518 0.5
2 175.933 41.3372 97.6587 0.5
2 214.701 177.78 -41.8811 0.5
2 211.244 10.4132 70.8486 0.5
2 186.628 136.521 19.0334 0.5
2 171.583 -87.2859 -9.20079 0.5
2 191.822 -47.9264 -30.384 0.5
2 202.526 98.8761 94.4014 0.5
2 179.558 107.363 58.2817 0.5
2 196.482 -40.6721 -27.6922 0.5
2 204.594 59.2967 -99.4814 0.5
2 186.368 -22.3574 79.8078 0.5
2 185.657 135.528 -15.0509 0.5
2 184.298 119.312 52.681 0.5
2 198.938 97.721 -92.4781 0.5
2 209.37 171.239 -35.4684 0.5
2 170.837 110.979 -1.96709 0.5
2 214.637 28.1536 80.9532 0.5
2 218.824 68.4211 -96.643 0.5
2 175.346 102.034 -55.4399 0.5
2 175.897 80.2957 -79.5976 0.5
2 198.319 158.46 5.26364 0.5
2 169.665 -6.23132 98.8381 0.5
2 203.813 -28.9814 23.9244 0.5
2 206.743 126.853 -84.3808 0.5
2 192.857 24.7456 96.9796 0.5
2 220.015 21.3467 66.3349 0.5
2 194.609 25.8742 96.4799 0.5
2 195.785 4.41503 -86.7207 0.5
2 203.152 138.283 70.103 0.5
2 175.03 83.4123 -75.8637 0.5
2 203.545 -18.1792 -51.3152 0.5
2 214.365 186.208 -6.04207 0.5
2 210.559 33.4014 -88.5852 0.5
2 203.264 164.275 -23.8563 0.5
2 174.555 102.258 52.9682 0.5
2 221.381 77.2039 -97.6968 0.5
2 199.263 -32.8646 36.5078 0.5
2 175.641 105.629 50.5025 0.5
2 197.93 78.2701 97.9084 0.5
2 191.354 146.064 -9.69233 0.5
2 180.831 -44.5069 68.5419 0.5
2 198.441 132.08 -68.056 0.5
2 182.064 71.3171 91.2651 0.5
2 202.773 7.23915 -80.686 0.5
2 190.192 140.449 -28.251 0.5
2 214.518 182.686 -27.8976 0.5
2 186.791 123.109 53.5135 0.5
2 221.925 6.30209 -36.288 0.5
2 181.002 -59.637 47.0479 0.5
2 200.176 137.767 65.0481 0.5
2 193.874 -47.7857 16.1634 0.5
2 219.633 5.59274 43.7497 0.5
2 193.765 -47.165 20.5034 0.5
2 198.274 152.027 -35.4488 0.5
2 188.13 16.2843 -96.91 0.5
2 208.022 86.9303 99.3336 0.5
2 193.609 137.159 -49.7991 0.5
2 194.39 15.0416 -93.002 0.5
2 218.505 -3.225 25.1482 0.5
2 185.85 29.2167 -99.6966 0.5
2 219.015 179.72 -52.2307 0.5
2 200.671 157.732 -31.0423 0.5
2 199.701 137.474 -64.4238 0.5
2 193.742 114.973 -76.5854 0.5
2 173.805 15.4099 -99.9973 0.5
2 220.532 151.755 83.7243 0.5
2 214.18 186.068 -0.685223 0.5
2 168.629 -91.9883 -12.9131 0.5
2 201.799 141.26 -64.2438 0.5
2 200.234 45.7315 98.6818 0.5
2 173.111 -5.64064 97.8598 0.5
2 216.463 183.02 36.767 0.5
2 212.904 63.2748 97.8581 0.5
3 285.281 3.86758 -27.5419 0.5
3 268.713 185.142 52.4488 0.5
3 314.255 142.079 90.716 0.5
3 272.327 183.389 -55.1932 0.5
3 317.972 0.0278159 2.35847 0.5
3 331.274 199.117 13.2583 0.5
3 321.264 199.915 4.12462 0.5
3 259.041 0.288045 7.5846 0.5
3 242.823 19.6172 59.4861 0.5
3 270.582 7.21054 -37.2842 0.5
3 257.93 5.57054 -32.9101 0.5
3 299.726 56.0395 -89.8191 0.5
3 226.837 29.9553 71.3704 0.5
3 244.907 0.386474 -8.78324 0.5
3 252.473 24.111 65.1219 0.5
3 310.471 4.27282 28.919 0.5
3 236.437 26.6023 -67.9174 0.5
3 286.09 195.321 30.2316 0.5
3 301.037 171.779 69.6258 0.5
3 223.55 187.422 48.5528 0.5
3 261.257 44.9328 -83.4722 0.5
3 269.468 37.9165 78.3941 0.5
3 317.624 45.0498 83.5492 0.5
3 299.442 181.933 57.3327 0.5
3 275.718 124.098 97.053 0.5
3 304.326 10.2276 44.0559 0.5
3 271.945 33.9789 75.108 0.5
3 239.649 184.777 53.0358 0.5
3 287.64 167.629 -73.6635 0.5
3 270.706 181.259 58.2837 0.5
3 275.602 107.171 99.7426 0.5
3 267.912 4.14025 -28.4765 0.5
3 295.528 141.311 -91.0679 0.5
3 299.614 37.0537 -77.703 0.5
3 253.109 28.4996 -69.912 0.5
3 299.873 86.4906 99.0833 0.5
3 330.853 182.327 -56.7653 0.5
3 223.174 1.21128 15.5174 0.5
3 237.463 82.8215 -98.5134 0.5
3 264.012 122.361 97.468 0.5
3 263.006 84.4393 -98.7819 0.5
3 249.831 16.4864 55.0044 0.5
3 302.489 173.822 67.456 0.5
3 309.744 17.5556 56.5943 0.5
3 250.737 113.211 99.1235 0.5
3 287.848 134.265 93.9464 0.5
3 262.141 37.0172 -77.6734 0.5
3 294.996 2.23693 -21.0329 0.5
3 259.709 176.767 64.0843 0.5
3 298.481 187.758 -47.9433 0.5
3 269.681 192.629 -37.681 0.5
3 282.776 83.159 -98.5717 0.5
3 246.169 11.3027 -46.1821 0.5
3 289.593 29.4117 -70.8329 0.5
3 320.03 191.986 39.2243 0.5
3 240.634 184.439 53.5732 0.5
3 252.832 74.5356 96.7035 0.5
3 301.158 0.138879 -5.26845 0.5
3 224.821 69.3356 95.1824 0.5
3 317.469 164.844 76.1267 0.5
3 307.714 139.642 91.807 0.5
3 291.647 121.218 97.7232 0.5
3 222.602 1.80063 -18.8913 0.5
3 283.985 199.03 13.8973 0.5
3 318.682 126.617 96.3926 0.5
3 295.321 198.862 -15.0458 0.5
3 327.802 198.917 14.678 0.5
3 250.056 195.471 29.7533 0.5
3 333.294 169.749 -71.6593 0.5
3 298.609 199.562 9.34408 0.5
3 264.879 194.933 -31.4276 0.5
3 296.209 107.188 -99.7413 0.5
3 315.9 24.107 -65.1172 0.5
3 269.885 189.912 -43.7696 0.5
3 247.726 87.8511 99.2593 0.5
3 318.897 25.7857 67.0242 0.5
3 302.373 31.2465 72.6151 0.5
3 231.988 14.4266 51.7416 0.5
3 261.029 96.5964 -99.9421 0.5
3 322.555 40.9976 80.7386 0.5
3 261.08 154.562 -83.8031 0.5
3 235.249 122.899 97.3428 0.5
3 294.998 77.3164 97.3933 0.5
3 306.312 156.318 -82.6332 0.5
3 229.469 10.3376 -44.2793 0.5
4 361.786 96.8053 88.7468 0.5
4 350.72 112.821 -90.3137 0.5
4 354.104 72.3598 -99.652 0.5
4 355.086 162.153 5.84688 0.5
4 360.448 -12.6931 75.3632 0.5
4 358.794 154.481 -16.7908 0.5
4 358.054 146.733 -44.5041 0.5
4 365.958 21.1804 97.4791 0.5
4 357.252 117.815 -80.5622 0.5
4 345.782 49.5011 -95.7219 0.5
4 347.627 163.159 47.6518 0.5
4 350.475 111.817 -90.9789 0.5
4 373.408 50.543 -97.989 0.5
4 386.526 -89.6686 -22.0579 0.5
4 336.34 12.7077 57.1151 0.5
4 383.994 5.46235 99.7692 0.5
4 358.918 155.661 2.25241 0.5
4 379.391 -25.3273 89.0221 0.5
4 333.4 185.239 52.1005 0.5
4 386.09 55.0036 -88.5938 0.5
4 342.247 169.27 53.1453 0.5
4 344.29 24.4148 82.4353 0.5
4 386.295 78.4548 71.2302 0.5
4 375.08 -71.6076 -11.8115 0.5
4 359.471 -45.1124 -5.63794 0.5
4 361.064 75.8718 97.1014 0.5
4 349.01 1.71278 70.2851 0.5
4 345.656 9.11215 71.8574 0.5
4 388.602 -81.6035 51.2402 0.5
4 338.294 166.477 -66.0655 0.5
4 347.969 -19.7661 -32.9487 0.5
4 370.164 38.1193 -99.9817 0.5
4 378.287 21.0275 -99.9938 0.5
4 342.344 183.707 -11.6891 0.5
4 352.549 74.3163 -99.7109 0.5
4 374.963 15.1063 -99.1789 0.5
4 368.079 -59.3455 12.9022 0.5
4 367.784 -19.8766 79.8446 0.5
4 337.856 64.4336 96.0774 0.5
4 359.472 52.1863 99.9677 0.5
4 377.228 119.613 -29.2046 0.5
4 342.504 153.118 -72.3801 0.5
4 336.656 144.09 86.6914 0.5
4 359.374 -28.71 54.8626 0.5
4 357.602 130.665 68.6648 0.5
4 339.058 -3.11243 36.2549 0.5
4 356.778 143.071 -54.7532 0.5
4 357.165 62.3914 -99.9327 0.5
4 387.926 -77.2994 56.1573 0.5
4 347.972 117.36 90.4179 0.5
4 382.073 66.8443 85.8604 0.5
4 337.954 191.61 -8.78296 0.5
4 363.02 131.666 -55.6497 0.5
4 384.64 -28.9265 -91.6246 0.5
4 352.05 -30.7507 18.1881 0.5
4 336.188 70.1365 -96.8452 0.5
4 386.888 32.5938 96.7328 0.5
4 339.426 0.390176 -45.4847 0.5
4 374.481 44.7487 -98.7086 0.5
4 342.91 156.375 -68.3852 0.5
4 340.943 -1.96179 -46.0206 0.5
4 335.105 69.3615 -96.1244 0.5
4 386.244 -80.5663 -45.748 0.5
4 382.451 10.9781 -99.9221 0.5
4 343.583 17.3542 76.0848 0.5
4 346.217 -11.9641 44.3063 0.5
4 333.478 120.056 -97.9165 0.5
4 340.427 122.107 93.8995 0.5
4 355.521 105.449 89.8589 0.5
4 374.788 122.724 -32.6352 0.5
4 370.03 -51.5552 47.5073 0.5
4 353.776 137.272 68.6846 0.5
4 345.064 28.5893 85.9628 0.5
4 375.291 59.8717 -94.5563 0.5
4 358.783 28.4936 96.1654 0.5
4 352.782 162.877 25.9906 0.5
4 375.334 50.4907 97.2626 0.5
4 337.745 -5.183 22.0394 0.5
4 364.391 131.575 -52.0773 0.5
5 353.29 -94.2004 93.1727 0.5
5 378.823 85.5515 -12.5348 0.5
5 342.302 21.7066 16.5448 0.5
5 374.367 34.4286 82.9799 0.5
5 379.464 -83.988 -69.9749 0.5
5 382.65 -60.7762 -84.3298 0.5
5 387.957 66.0901 76.8964 0.5
5 382.682 45.4168 -85.176 0.5
5 349.109 -91.9992 -96.3216 0.5
5 356.391 -144.266 39.7659 0.5
5 358.851 38.3522 49.9959 0.5
5 337.802 7.29379 39.182 0.5
5 356.253 42.8981 29.1729 0.5
5 338.419 -163.79 59.7998 0.5
5 366.62 -127.47 37.5716 0.5
5 339.554 -144.644 77.6851 0.5
5 378.885 82.406 -28.1406 0.5
5 374.451 78.7656 -0.74743 0.5
5 334.203 9.05642 -0.161433 0.5
5 381.643 -17.2886 99.637 0.5
5 350.319 -102.989 91.6697 0.5
5 388.197 68.5826 75.1219 0.5
5 361.051 -27.3521 98.5288 0.5
5 358.49 -112.931 -76.7922 0.5
5 387.754 88.2341 50.3056 0.5
5 364.971 17.0952 -83.6827 0.5
5 344.739 -26.3287 88.6009 0.5
5 368.657 -103.269 -69.3963 0.5
5 373.452 56.3836 -60.8619 0.5
5 370.619 3.13954 -95.0705 0.5
5 353.68 -156.532 11.6153 0.5
5 376.271 44.5927 -77.9245 0.5
5 351.911 -159.794 -9.765 0.5
5 365.481 53.1633 -43.7278 0.5
5 350.072 6.00843 -71.9337 0.5
5 377.504 67.6502 -54.8814 0.5
5 350.162 19.8777 55.508 0.5
5 338.792 -99.0225 98.7073 0.5
5 349.812 32.9149 25.0053 0.5
5 383.811 79.4292 53.5569 0.5
5 361.071 26.2836 -70.7312 0.5
5 348.186 -6.10195 79.5295 0.5
5 337.048 12.0375 19.635 0.5
5 368.7 68.7569 -3.15735 0.5
5 359.826 -119.234 68.6941 0.5
5 360.047 38.1882 -53.6823 0.5
5 371.885 74.1975 -5.01941 0.5
5 378.598 23.2639 92.7778 0.5
5 371.593 46.4679 68.716 0.5
5 380.285 -104.085 -36.8611 0.5
5 356.032 29.0145 -57.0212 0.5
5 353.736 -155.826 -15.9856 0.5
5 359.469 42.5141 44.2129 0.5
5 384.926 16.2387 -98.1144 0.5
5 339.349 -181.966 3.58611 0.5
5 352.773 -47.1536 99.3219 0.5
5 368.032 1.21175 94.1996 0.5
5 344.389 -146.537 68.0924 0.5
5 337.752 13.4356 18.72 0.5
5 335.635 -95.3366 99.7635 0.5
5 372.598 -49.4644 -96.8185 0.5
5 336.763 -153.315 -74.4114 0.5
5 356.687 -151.277 12.0011 0.5
5 385.254 -27.235 -96.8977 0.5
5 343.933 -49.853 -97.0182 0.5
5 368.669 -101.027 -71.6287 0.5
5 349.071 -43.4908 97.6168 0.5
5 358.407 -17.5035 -94.9035 0.5
5 388.254 -96.8507 -9.72766 0.5
5 368.914 -35.0192 -99.9119 0.5
5 352.38 -122.361 -77.7399 0.5
5 338.998 -168.42 -51.3949 0.5
5 346.418 -148.057 62.2394 0.5
5 382.145 59.4242 73.9374 0.5
5 354.678 -63.2746 99.6958 0.5
5 336.166 -77.1455 99.4579 0.5
5 384.64 -68.8099 -75.8002 0.5
5 337.198 -177.713 39.2961 0.5
5 334.08 -116.805 96.6552 0.5
5 349.026 -56.8507 99.645 0.5
5 355.905 -40.1243 -99.1209 0.5
5 370.978 -70.8686 89.9841 0.5
5 377.598 -113.213 22.5239 0.5
5 359.117 -106.82 -80.7195 0.5
5 363.155 -133.088 38.5025 0.5
5 362.316 52.996 -30.4626 0.5
5 336.657 -168.352 -57.7229 0.5
5 344.816 -140.982 72.9278 0.5
5 388.608 85.4177 -57.0505 0.5
5 372.652 -122.793 -17.5684 0.5
5 362.067 -33.2387 -99.5531 0.5
5 356.292 16.6328 -72.0764 0.5
5 382.549 -56.2622 -87.1405 0.5
5 369.249 -63.6878 -94.2411 0.5
5 369.477 70.0562 -4.38903 0.5
5 382.906 13.0632 -98.0503 0.5
5 350.425 -68.2574 99.8535 0.5
5 335.069 -32.0949 81.9209 0.5
6 362.292 -1.78108 42.1797 0.5
6 406.05 -52.3775 -91.6198 0.5
6 417.029 -172.028 60.5581 0.5
6 357.025 -115.094 97.4025 0.5
6 436.228 -181.143 46.1906 0.5
6 393.522 -85.5198 -99.7596 0.5
6 384.829 -166.722 -66.9606 0.5
6 367.589 -189.219 -25.2135 0.5
6 366.368 1.11127 -35.3026 0.5
6 442.793 -175.03 -56.3962 0.5
6 416.273 -116.076 97.1689 0.5
6 362.087 -169.814 63.3631 0.5
6 442.499 -173.593 -58.4447 0.5
6 411.838 -179.002 -50.088 0.5
6 367.821 -31.5101 -79.2863 0.5
6 364.486 -191.35 -14.7901 0.5
6 388.24 -48.9742 90.0547 0.5
6 404.075 -189.998 -22.0084 0.5
6 397.345 -135.197 -90.4031 0.5
6 358.913 -14.6569 -62.8349 0.5
6 442.065 -85.7465 -99.7751 0.5
6 399.571 -46.654 88.8972 0.5
6 439.998 4.68062 -23.7829 0.5
6 338.753 6.61655 -13.6309 0.5
6 333.896 -73.3951 98.1677 0.5
6 368.749 -151.635 -80.6047 0.5
6 425.487 -150.383 -81.5091 0.5
6 412.192 -173.078 59.1533 0.5
6 339.791 7.35941 -6.16956 0.5
6 369.483 -4.89188 -48.3069 0.5
6 342.774 -37.9366 83.8349 0.5
6 438.98 -180.725 -46.9853 0.5
6 333.73 -157.587 -75.8758 0.5
6 360.877 -53.0166 -91.8967 0.5
6 354.9 -131.215 -92.1806 0.5
6 408.494 -61.4156 -95.0624 0.5
6 334.389 -122.504 95.377 0.5
6 363.677 -77.8788 -98.9327 0.5
6 420.568 -10.1635 -56.8236 0.5
6 441.172 -187.222 31.9116 0.5
6 439.091 7.15377 -8.89221 0.5
6 390.387 -86.1996 -99.8045 0.5
6 405.18 4.72028 -23.6203 0.5
6 433.75 -5.27009 -48.9862 0.5
6 341.752 6.58625 -13.8493 0.5
6 377.301 -185.257 37.2398 0.5
6 363.392 -26.5442 75.2092 0.5
6 382.451 -191.507 -13.7021 0.5
6 389.262 -146.457 -84.162 0.5
6 418.43 -99.0811 99.7799 0.5
6 375.686 -163.92 -69.9435 0.5
6 386.208 -156.337 -76.9313 0.5
6 431.15 -168.684 -64.7175 0.5
6 393.873 -24.6759 73.53 0.5
6 385.785 -177.91 -51.9285 0.5
6 388.528 -14.772 -62.9771 0.5
6 404.463 2.59855 31.0766 0.5
6 412.93 5.6589 19.3553 0.5
6 418.576 -29.1983 77.4546 0.5
6 428.703 -176.131 -54.75 0.5
6 425.863 -75.8262 -98.6086 0.5
6 374.593 -143.416 86.0376 0.5
6 347.179 -163.693 -70.1748 0.5
6 380.389 5.68316 -19.2319 0.5
6 441.26 -40.8381 -85.6516 0.5
6 355.861 -191.625 -12.8217 0.5
6 430.8 -126 -94.2039 0.5
6 343.226 -8.28592 -54.0036 0.5
6 344.561 1.35616 34.6466 0.5
6 443.253 -109.75 98.4922 0.5
6 438.258 -29.7422 -77.8956 0.5
6 384.544 -190.683 18.7174 0.5
6 367.9 -172.477 59.9641 0.5
6 372.116 -171.921 60.6985 0.5
6 364.581 -192.421 2.39386 0.5
6 339.78 -11.6396 -58.9038 0.5
6 438.689 3.97782 26.4888 0.5
6 416.752 -173.235 -58.9385 0.5
6 418.496 -29.4228 -77.6374 0.5
6 417.55 -157.322 -76.1032 0.5
6 399.475 -170.008 -63.125 0.5
6 343.979 -184.586 -38.8719 0.5
6 442.954 -31.9655 79.6343 0.5
6 417.885 -2.2456 43.1642 0.5
6 422.088 -104.901 -99.2218 0.5
6 410.412 -26.3464 75.0353 0.5
6 336.773 -192.434 -1.82106 0.5
6 413.027 -46.3726 -88.7517 0.5
6 384.29 -19.4545 -68.3494 0.5
6 396.564 -124.497 94.7257 0.5
6 361.356 4.8504 23.0785 0.5
6 359.719 -90.0565 -99.9714 0.5
6 408.719 -169.354 63.9199 0.5
6 398.747 -75.6835 -98.5844 0.5
6 421.124 -183.987 -40.2609 0.5
6 416.086 -191.756 11.7641 0.5
6 376.415 -175.317 -55.9738 0.5
6 367.397 -34.2048 -81.2864 0.5
6 377.301 -161.897 71.9526 0.5
6 424.422 -188.341 28.37 0.5
6 369.262 -31.948 -79.621 0.5
6 405.85 7.36099 -6.14402 0.5
6 347.852 -83.0192 -99.5543 0.5
7 466.818 -69.4057 -78.6204 0.5
7 497.776 -91.7072 36.4594 0.5
7 482.696 -59.2357 10.3042 0.5
7 485.515 -98.673 76.0672 0.5
7 496.772 -283.077 -1.27367 0.5
7 452.896 -191.356 -53.841 0.5
7 495.006 -81.2964 -15.8967 0.5
7 447.881 1.02421 -10.6889 0.5
7 460.491 -97.8504 -97.4603 0.5
7 456.951 -103.052 99.3866 0.5
7 471.623 -210.442 -70.5039 0.5
7 485.375 -252.958 44.3771 0.5
7 491.248 -109.666 76.962 0.5
7 479.643 -133.474 -97.9916 0.5
7 463.556 -26.4676 -13.4937 0.5
7 498.972 -88.9765 20.2987 0.5
7 471.295 -63.9795 -66.1696 0.5
7 449.786 -188.596 -49.4916 0.5
7 456.962 -104.938 99.5765 0.5
7 453.184 -204.786 23.5019 0.5
7 465.283 -30.1789 -18.0085 0.5
7 452.353 -137.611 94.9213 0.5
7 450.064 -90.3721 99.2999 0.5
7 495.904 -83.922 -21.514 0.5
7 448.446 -65.9272 -94.2383 0.5
7 476.09 -205.642 -81.1897 0.5
7 493.436 -202.572 96.7554 0.5
7 499.929 -288.5 3.24293 0.5
7 461.886 -111.141 99.3345 0.5
7 462.807 -224.205 3.15546 0.5
7 483.935 -220.792 80.0435 0.5
7 467.249 -108.545 -97.2228 0.5
7 457.109 -26.3306 47.394 0.5
7 499.671 -229.095 91.2129 0.5
7 486.521 -255.28 43.6884 0.5
7 480.841 -172.135 -98.6052 0.5
7 493.201 -199.495 -97.4138 0.5
7 478.725 -194.466 -90.4532 0.5
7 464.504 -29.4856 -21.282 0.5
7 448.128 -141.819 90.2883 0.5
7 481.209 -239.176 -55.7057 0.5
7 496.838 -93.8077 44.8256 0.5
7 451.787 -203.829 -16.3067 0.5
7 484.951 -205.836 -90.1748 0.5
7 485.865 -76.567 48.1839 0.5
7 452.344 -28.1906 -62.6494 0.5
7 493.596 -125.086 -85.1121 0.5
7 473.854 -238.047 32.2496 0.5
7 455.947 -63.0428 -86.9859 0.5
7 477.281 -50.4149 14.7203 0.5
7 498.059 -119.213 75.0388 0.5
7 460.216 -145.13 -96.7304 0.5
7 495.639 -95.3777 -51.4579 0.5
7 474.169 -242.851 -14.6773 0.5
7 453.693 -194.521 -50.9413 0.5
7 468.747 -35.8917 -16.3664 0.5
7 475.595 -88.8677 81.7894 0.5
7 466.458 -226.345 28.7878 0.5
7 461.236 -106.919 -98.9263 0.5
7 489.538 -118.603 -85.446 0.5
7 465.802 -53.97 -65.6035 0.5
7 484.335 -69.5452 39.1996 0.5
7 478.985 -54.6039 21.4497 0.5
7 491.705 -74.7236 -9.10862 0.5
7 473.48 -92.9493 86.7224 0.5
7 494.742 -276.645 -24.0059 0.5
7 486.677 -188.846 97.2603 0.5
7 497.182 -143.282 -91.4264 0.5
7 450.556 -137.791 93.7658 0.5
7 490.253 -246.463 -66.5148 0.5
7 464.458 -226.295 12.7854 0.5
7 456.537 -198.847 -51.9409 0.5
7 496.118 -125.262 82.3786 0.5
7 453.732 -92.0679 -98.6346 0.5
7 487.312 -201.607 93.7095 0.5
7 496.533 -101.478 -58.3765 0.5
7 468.879 -79.2118 -83.1446 0.5
7 468.861 -127.168 -99.7129 0.5
7 480.121 -103.544 86.1946 0.5
7 478.578 -100.855 -86.1851 0.5
7 445.615 5.05045 9.70533 0.5
7 467.151 -31.7803 0.56117 0.5
7 446.465 -182.269 50.4871 0.5
7 472.106 -106.268 94.0087 0.5
7 481.367 -187.978 -94.8837 0.5
7 475.546 -66.6003 -60.3727 0.5
7 484.34 -127.395 -93.9862 0.5
7 451.962 -7.29674 19.023 0.5
7 479.159 -198.145 -89.0147 0.5
7 493.587 -129.116 87.4785 0.5
7 463.513 -225.477 0.252554 0.5
7 496.522 -262.822 59.7727 0.5
7 476.194 -214.8 -73.9118 0.5
7 488.066 -68.3941 8.81468 0.5
7 453.281 -151.17 -90.0842 0.5
7 496.214 -164.939 98.5133 0.5
7 467.592 -180.432 87.787 0.5
7 453.19 -194.123 50.1334 0.5
7 491.776 -272.876 17.5639 0.5
7 479.67 -247.876 -32.9571 0.5
7 452.663 -197.383 42.118 0.5
7 477.514 -116.523 94.3262 0.5
7 488.041 -105.426 -78.0348 0.5
7 489.898 -107.032 -76.7162 0.5
8 520.163 -252.769 -13.9814 0.5
8 544.24 -211.392 -11.4536 0.5
8 504.771 -111.522 72.4871 0.5
8 511.512 -121.747 88.2723 0.5
8 511.762 -121.866 -88.5644 0.5
8 527.965 -224.034 -54.5738 0.5
8 515.637 -66.816 -31.9025 0.5
8 536.933 -131.521 99.7675 0.5
8 537.087 -180.381 -82.8881 0.5
8 553.641 -166.435 -70.7521 0.5
8 518.077 -253.2 28.5584 0.5
8 511.873 -210.043 -90.7832 0.5
8 510.257 -152.326 98.2582 0.5
8 501.224 -122.926 -77.1455 0.5
8 520.681 -240.095 48.8779 0.5
8 528.719 -39.2019 -7.34007 0.5
8 511.768 -254.325 -50.9737 0.5
8 538.393 -98.9346 -97.2617 0.5
8 503.336 -128.355 83.8166 0.5
8 503.53 -83.4403 -13.2325 0.5
8 538.38 -146.845 -96.9154 0.5
8 526.914 -236.132 33.9141 0.5
8 514.135 -255.981 -39.686 0.5
8 551.837 0.0158172 -14.745 0.5
8 518.253 -239.81 56.1471 0.5
8 522.252 -231.197 58.5558 0.5
8 516.904 -67.5923 -39.6485 0.5
8 515.077 -210.18 87.9348 0.5
8 545.219 -153.594 -90.1678 0.5
8 541.679 -210.338 34.522 0.5
8 508.875 -231.674 -81.1959 0.5
8 507.433 -111.898 -76.9187 0.5
8 533.119 -40.374 41.5981 0.5
8 532.651 -76.5518 -83.1379 0.5
8 552.33 -74.0335 97.0762 0.5
8 538.582 -126.45 -99.8941 0.5
8 507.029 -82.922 35.2579 0.5
8 523.034 -48.8106 -2.52255 0.5
8 501.453 -98.6098 -48.3257 0.5
8 523.849 -200.228 -84.8865 0.5
8 500.664 -271.317 -54.5788 0.5
8 508.595 -93.5587 59.693 0.5
8 539.293 -93.8472 96.3503 0.5
8 505.012 -233.984 84.173 0.5
8 548.751 -92.1335 99.265 0.5
8 532.448 -229.043 -25.9695 0.5
8 504.892 -279.673 10.2715 0.5
8 525.567 -106.79 -92.6615 0.5
8 515.483 -191.6 95.4746 0.5
8 529.534 -169.395 -94.7844 0.5
8 508.844 -107.686 75.414 0.5
8 551.333 -182.945 55.5047 0.5
8 520.734 -97.3258 -83.2267 0.5
8 540.588 -215.827 -22.4272 0.5
8 531.896 -215.626 -56.9549 0.5
8 533.421 -223.184 -38.2473 0.5
8 546.798 -183.179 -65.502 0.5
8 513.411 -85.6393 -60.2571 0.5
8 538.346 -60.2353 78.4421 0.5
8 548.514 -7.49027 23.6801 0.5
8 525.693 -47.6465 -26.1269 0.5
8 525.276 -229.574 -53.1933 0.5
8 546.429 -23.2561 -52.6757 0.5
8 530.133 -62.5348 67.318 0.5
8 516.16 -162.174 -99.9889 0.5
8 546.771 -9.26891 -17.8373 0.5
8 522.894 -163.598 98.932 0.5
8 542.477 -16.1754 -14.6104 0.5
8 532.695 -89.3628 -90.4334 0.5
8 524.573 -62.2243 54.4291 0.5
8 538.499 -210.956 45.6667 0.5
8 505.677 -184.456 99.8423 0.5
8 535.584 -27.8555 -12.7336 0.5
8 540.1 -86.729 94.5745 0.5
8 515.368 -72.4831 44.4567 0.5
8 553.932 -151.804 -82.4804 0.5
8 545.377 -86.3411 97.1416 0.5
8 513.396 -65.4898 -1.84001 0.5
8 524.541 -55.2404 41.6192 0.5
8 515.042 -239.5 63.9519 0.5
8 554.328 -130.839 93.1931 0.5
8 536.124 -201.073 -66.1806 0.5
8 500.909 -141.487 88.9909 0.5
8 519.418 -194.038 92.0832 0.5
8 521.832 -247.152 26.9818 0.5
8 530.566 -91.7607 89.8136 0.5
8 542.593 -15.5141 11.0523 0.5
8 512.734 -72.457 33.6653 0.5
8 517.911 -143.246 -98.9569 0.5
8 533.78 -77.2089 -84.8266 0.5
8 500.053 -185.682 -99.9579 0.5
8 545.095 -209.192 -16.5378 0.5
8 519.165 -79.9128 -65.495 0.5
8 520.121 -53.9211 -4.41063 0.5
8 519.927 -238.066 54.4042 0.5
8 509.228 -137.722 93.686 0.5
8 522.136 -240.951 42.2937 0.5
8 500.098 -179.013 99.5485 0.5
8 529.653 -215.804 -61.9621 0.5
8 527.169 -189.467 -87.8084 0.5
8 514.271 -84.2857 -60.4354 0.5
8 531.602 -87.369 88.494 0.5
8 533.058 -225.254 34.563 0.5
8 519.643 -210.946 -82.6501 0.5
8 549.978 -3.997 -19.3303 0.5
8 540.316 -218.084 -12.3214 0.5
8 531.12 -52.5607 -56.931 0.5
8 516.13 -78.4789 -56.8639 0.5
8 543.854 -175.644 77.7193 0.5
8 522.011 -216.425 -75.2379 0.5
9 648.572 -17.9965 66.7582 0.5
9 604.893 -190.7 -18.6279 0.5
9 638.771 -139.125 -88.4391 0.5
9 629.657 -81.7092 99.4215 0.5
9 560.367 -94.1929 99.9848 0.5
9 590.073 -65.6317 96.3368 0.5
9 634.75 -59.7056 -94.487 0.5
9 609.638 -3.66122 -46.0058 0.5
9 633.492 -24.1116 -73.0058 0.5
9 598.119 -185.722 36.0602 0.5
9 643.633 -88.7015 99.9297 0.5
9 627.927 -107.294 -98.8921 0.5
9 651.595 -62.5761 -95.4335 0.5
9 570.015 -4.66778 -47.8985 0.5
9 661.988 -80.3034 -99.2595 0.5
9 636.087 -106.241 -99.0445 0.5
9 610.45 -121.576 95.6644 0.5
9 584.985 -118.879 96.4442 0.5
9 587.646 -185.585 36.4117 0.5
9 610.024 -12.1073 59.5402 0.5
9 573.145 -18.4594 67.2709 0.5
9 608.171 -84.8943 99.7141 0.5
9 585.004 -34.8914 81.7741 0.5
9 634.418 -29.0471 -77.3309 0.5
9 563.383 -162.913 -70.9572 0.5
9 642.203 -166.889 66.7749 0.5
9 646 -185.675 36.1818 0.5
9 656.897 -189.525 24.0108 0.5
9 594.135 -98.3083 99.8283 0.5
9 572.918 -183.318 41.7485 0.5
9 614.755 -155.605 77.5335 0.5
9 597.44 -48.545 -89.8462 0.5
9 609.863 -58.0555 93.8989 0.5
9 598.517 -189.066 -25.7936 0.5
9 640.332 -120.973 95.8461 0.5
9 634.379 -34.3684 81.4034 0.5
9 616.088 -179.662 48.93 0.5
9 598.689 -25.925 -74.662 0.5
9 588.309 -18.2737 -67.0661 0.5
9 557.196 -170.221 -62.8626 0.5
9 655.872 -70.443 -97.5484 0.5
9 637.036 -95.5068 99.9533 0.5
9 646.438 7.43618 4.76801 0.5
9 589.638 -22.5003 71.4634 0.5
9 637.232 -10.5921 57.4393 0.5
9 604.906 -1.17699 -40.8561 0.5
9 574.114 -126.668 93.9633 0.5
9 654.349 7.04232 -10.0628 0.5
9 566.941 -52.189 91.5371 0.5
9 556.837 -63.6757 95.7707 0.5
9 660.325 -50.4162 -90.7367 0.5
9 619.48 -75.6681 -98.5818 0.5
9 652.814 -58.5696 94.0857 0.5
9 605.714 -24.9015 73.7373 0.5
9 602.437 -26.3285 -75.0195 0.5
9 613.278 6.94892 10.947 0.5
9 650.711 -191.962 9.86675 0.5
9 597.867 -43.0013 86.9184 0.5
9 580.212 -183.303 41.7826 0.5
9 597.589 -63.2443 95.6401 0.5
9 591.402 -166.037 -67.7122 0.5
9 589.436 -99.7578 99.7326 0.5
9 609.402 2.54504 -31.2398 0.5
9 556.337 -190.723 18.5039 0.5
9 650.591 -125.714 94.3052 0.5
9 637.316 -162.088 71.767 0.5
9 575.583 -160.9 -72.9018 0.5
9 566.162 -189.65 -23.4975 0.5
9 567.531 -24.3883 -73.2639 0.5
9 661.241 -161.801 -72.0444 0.5
9 660.56 -103.835 -99.3498 0.5
9 590.459 0.95275 -35.7199 0.5
9 612.446 -98.0434 -99.8435 0.5
9 664.768 -186.605 -33.6866 0.5
9 556.182 -176.6 -54.0261 0.5
9 574.576 -8.81297 -54.8164 0.5
9 603.292 -118.815 -96.4619 0.5
9 603.929 -17.4105 66.0989 0.5
9 605.106 -181.414 -45.6671 0.5
9 563.113 -1.57955 41.7438 0.5
9 598.205 -44.8062 -87.9208 0.5
9 640.988 -46.0678 88.5928 0.5
9 584.179 4.9458 22.6725 0.5
9 567.899 -177.472 52.6431 0.5
9 650.078 -104.311 99.2941 0.5
9 646.138 -149.959 81.8089 0.5
9 594.961 -177.99 -51.7964 0.5
9 605.405 6.01729 17.4406 0.5
9 608.985 -119.155 96.3682 0.5
9 561.743 -66.2448 -96.5054 0.5
9 658.003 -141.077 87.3812 0.5
9 607.895 -49.2799 -90.2016 0.5
9 663.075 4.26888 25.4055 0.5
9 578.966 -191.447 14.1303 0.5
9 597.515 -94.6702 -99.9754 0.5
9 654.369 -19.0778 67.9449 0.5
9 592.847 -29.7692 -77.9173 0.5
9 585.19 -165.818 67.9492 0.5
9 642.955 -192.202 7.0357 0.5
9 599.912 -6.60777 -51.2942 0.5
9 639.79 -186.206 34.7833 0.5
10 654.586 3.37252 -66.2596 0.5
10 636.277 -101.915 78.3808 0.5
10 661.056 -166.76 54.215 0.5
10 663.294 -180.256 35.0759 0.5
10 620.655 -92.0277 -60.9594 0.5
10 653.94 -144.649 -66.9938 0.5
10 623.881 74.4517 -37.2718 0.5
10 658.311 -120.456 -90.5297 0.5
10 642.262 -127.858 -62.978 0.5
10 644.47 -75.0983 97.7498 0.5
10 658.671 -25.7885 84.9167 0.5
10 654.122 -61.7986 99.601 0.5
10 615.249 -57.4471 -84.1312 0.5
10 617.057 -45.1232 92.2499 0.5
10 664.431 -89.8974 -99.9913 0.5
10 660.084 5.80767 -49.5588 0.5
10 634.044 47.0394 -55.7982 0.5
10 621.713 -113.178 -16.7286 0.5
10 656.261 -11.6496 77.8395 0.5
10 653.189 27.7116 -25.0272 0.5
10 642.114 -133.44 -55.0017 0.5
10 626.936 9.53559 -94.3386 0.5
10 650.395 -163.57 -11.783 0.5
10 642.421 25.4473 65.1056 0.5
10 656.699 -159.033 54.4938 0.5
10 647.583 -129.357 -71.4525 0.5
10 666.35 -166.454 -66.649 0.5
10 643.475 -41.0566 99.3681 0.5
10 665.227 6.8308 25.1413 0.5
10 647.692 -152.959 -35.7948 0.5
10 614.84 95.0604 21.1185 0.5
10 666.337 -2.00882 43.856 0.5
10 655.871 -155.51 57.5822 0.5
10 647.896 -24.6352 93.5608 0.5
10 659.455 18.0039 20.0814 0.5
10 617.749 89.8692 21.8154 0.5
10 627.259 -123.614 10.7544 0.5
10 657.587 -105.087 -95.8934 0.5
10 664.968 -0.644301 -45.8618 0.5
10 660.943 -64.433 98.3477 0.5
10 634.813 26.6082 76.9329 0.5
10 647.85 36.4681 26.854 0.5
10 633.521 -116.101 58.5594 0.5
10 659.524 -98.3947 98.3083 0.5
10 656.943 -88.1591 -99.2093 0.5
10 643.233 -17.4234 93.8831 0.5
10 640.017 38.4239 -53.1342 0.5
10 612.4 29.7658 -95.9343 0.5
10 626.337 -92.6825 71.3309 0.5
10 666.459 5.81469 20.3646 0.5
10 643.815 -137.928 52.5852 0.5
10 662.058 -39.9273 89.5326 0.5
10 611.938 12.8674 -99.4445 0.5
10 619.797 -58.3971 -88.1988 0.5
10 625.131 -60.9583 -91.4537 0.5
10 643.032 -144.203 37.5338 0.5
10 645.056 7.94953 77.685 0.5
10 639.57 -132.196 49.8661 0.5
10 639.938 -23.798 -97.4689 0.5
10 617.945 -16.7969 -99.6177 0.5
10 615.052 -101.309 -18.5828 0.5
10 636.385 59.3912 11.0082 0.5
10 623.97 -117.673 -12.8191 0.5
10 666.559 -143.636 -85.7955 0.5
10 644.294 2.29291 82.8545 0.5
10 664.077 -127.995 91.6382 0.5
10 619.817 -23.9242 -99.2005 0.5
10 628.326 27.3709 -84.5398 0.5
10 627.087 45.2453 72.2463 0.5
10 615.377 96.0622 -8.0449 0.5
10 644.35 -139.391 -51.7048 0.5
10 650.682 -163.434 16.2537 0.5
10 641.838 -111.201 -78.6531 0.5
10 659.148 -179.278 5.45812 0.5
11 663.133 45.5811 87.5633 0.5
11 635.101 125.508 59.7584 0.5
11 635.218 -28.009 67.7644 0.5
11 639.284 122.859 -71.1311 0.5
11 650.495 136.215 -76.6494 0.5
11 636.939 -51.275 -6.55866 0.5
11 657.085 12.1796 -70.1933 0.5
11 622.381 122.651 11.3282 0.5
11 615.459 -85.3678 -25.5777 0.5
11 626.887 3.86093 -96.2187 0.5
11 619.564 -81.2828 7.75266 0.5
11 623.906 -12.0323 92.5117 0.5
11 641.539 132.696 -64.737 0.5
11 621.29 -60.1288 57.8986 0.5
11 648.379 114.076 -88.9208 0.5
11 644.117 -18.2237 61.0951 0.5
11 619.966 -54.9155 -67.2302 0.5
11 620.778 -68.5536 45.456 0.5
11 618.287 -1.00971 -98.5073 0.5
11 655.491 0.634576 -59.9894 0.5
11 615.691 9.45755 99.9747 0.5
11 619.228 -67.2354 -52.5673 0.5
11 650.923 58.5349 98.9871 0.5
11 653.737 90.7091 99.1378 0.5
11 625.333 -65.0461 -35.5852 0.5
11 645.523 22.6317 -91.3225 0.5
11 616.898 -81.0492 31.6872 0.5
11 634.849 17.7298 96.2409 0.5
11 632.914 -16.4131 -81.4965 0.5
11 629.175 50.9079 -98.7365 0.5
11 627.131 128.998 -22.3246 0.5
11 643.549 -39.5587 -9.80527 0.5
11 659.331 69.5108 98.4061 0.5
11 628.361 -9.39639 -90.2595 0.5
11 640.225 11.0826 -90.2264 0.5
11 642.026 142.762 51.958 0.5
11 646.815 5.57369 79.9685 0.5
11 631.028 -59.4853 -21.0601 0.5
11 644.932 152.21 43.8871 0.5
11 663.583 188.299 35.091 0.5
11 638.692 59.2965 99.6992 0.5
11 651.663 0.407015 67.6927 0.5
11 646.283 -35.3028 -0.824438 0.5
11 612.283 18.1963 99.2293 0.5
11 653.598 174.96 21.7962 0.5
11 618.183 -76.2161 -38.6243 0.5
11 664.217 184.79 -45.5297 0.5
11 632.696 50.1155 99.5983 0.5
11 628.782 75.5166 -91.1475 0.5
11 652.977 109.438 94.3456 0.5
11 656.668 -10.3159 -36.7632 0.5
11 638.441 108.486 81.9034 0.5
11 659.74 125.696 -92.6239 0.5
11 635.95 -17.2468 76.8008 0.5
11 662.346 130.575 92.4746 0.5
11 656.307 -9.63806 -39.9006 0.5
11 635.433 -19.8539 -75.3403 0.5
11 662.315 191.628 -12.8917 0.5
11 643.564 -23.6257 -54.8554 0.5
11 658.2 19.4227 75.2033 0.5
11 660.756 21.1335 -72.733 0.5
11 617.745 -74.0971 44.8831 0.5
11 657.46 1.84134 -56.93 0.5
11 652.602 158.737 55.6319 0.5
11 611.243 -93.6087 -21.7267 0.5
11 663.409 176.051 -57.6726 0.5
11 644.531 161.442 -6.58659 0.5
11 660.178 170.893 -57.0478 0.5
11 666.056 93.6189 99.8582 0.5
11 614.807 -88.6832 -15.0595 0.5
11 623.962 -13.7446 91.7483 0.5
11 657.783 55.0475 95.5293 0.5
11 666.54 4.07306 28.9817 0.5
11 630.64 104.456 74.3656 0.5
11 626.398 -62.6818 36.922 0.5
11 650.634 74.6333 99.9711 0.5
11 647.567 -9.87122 -64.0565 0.5
11 639.064 80.5316 95.9 0.5
11 658.512 -9.90655 28.7389 0.5
11 653.051 65.7467 -99.4291 0.5
11 654.201 127.461 87.143 0.5
11 656.845 -8.46327 40.4532 0.5
11 647.039 165.236 12.3608 0.5
11 635.704 139.846 -35.5285 0.5
11 662.631 183.428 -42.7142 0.5
11 657.269 41.4577 90.6289 0.5
11 615.632 75.3467 -77.0519 0.5
11 657.497 183.98 5.24114 0.5
11 630.893 95.3295 81.9621 0.5
11 656.547 36.9827 89.0541 0.5
11 658.297 165.966 59.3773 0.5
11 653.59 89.549 99.2532 0.5
11 614.736 76.2859 74.9212 0.5
11 622.518 108.623 52.5307 0.5
11 615.378 0.522161 99.4319 0.5
11 614.857 25.8757 -98.7736 0.5
11 622.127 31.2867 99.644 0.5
11 612.347 -15.6875 97.6386 0.5
11 623.53 44.8323 -98.0708 0.5
12 719.046 21.3505 -61.7597 0.5
12 703.245 191.904 -39.4163 0.5
12 681.778 110.678 -99.4282 0.5
12 671.786 110.066 99.4921 0.5
12 688.326 58.9871 -91.2028 0.5
12 748.67 87.225 -99.1806 0.5
12 750.992 65.2828 -93.7801 0.5
12 735.31 24.2885 65.3281 0.5
12 718.997 131.007 95.0713 0.5
12 734.189 133.115 94.3578 0.5
12 765.82 150.185 86.4953 0.5
12 763.968 31.2938 72.6599 0.5
12 775.261 172.151 69.2404 0.5
12 674.587 21.8433 62.3821 0.5
12 691.52 44.022 82.8641 0.5
12 682.617 186.595 -50.0127 0.5
12 733.981 46.6941 -84.6078 0.5
12 672.12 15.1267 -52.8821 0.5
12 726.723 192.88 37.0574 0.5
12 770.623 195.738 28.8823 0.5
12 743.61 197.646 -21.5709 0.5
12 710.115 147.737 87.8705 0.5
12 766.423 37.8492 -78.3407 0.5
12 774.575 112.937 -99.1596 0.5
12 703.124 104.813 -99.8841 0.5
12 725.679 176.411 -64.5086 0.5
12 760.386 62.7371 -92.798 0.5
12 773.419 183.172 55.5196 0.5
12 727.072 152.037 -85.3939 0.5
12 732.185 9.92441 -43.4326 0.5
12 768.515 109.605 99.5376 0.5
12 681.349 196.317 26.8908 0.5
12 753.994 64.3604 93.4335 0.5
12 693.494 45.0549 -83.5526 0.5
12 712.372 14.8544 52.4426 0.5
12 678.682 152.872 84.8799 0.5
12 728.333 11.2579 -46.096 0.5
12 735.863 28.5874 70.0017 0.5
12 721.128 98.9702 99.9947 0.5
12 669.424 2.50113 -22.2254 0.5
12 760.599 83.7615 98.6728 0.5
12 738.662 0.00348024 -0.834287 0.5
12 737.234 196.681 25.5484 0.5
12 685.657 1.30021 16.0733 0.5
12 773.564 198.436 17.6143 0.5
12 737.754 88.2632 -99.3088 0.5
12 705.907 199.994 -1.07735 0.5
12 745.76 88.7063 99.3602 0.5
12 759.536 167.873 73.4385 0.5
12 731.162 80.7869 -98.1369 0.5
12 733.628 123.093 -97.2971 0.5
12 716.942 159.105 -80.6632 0.5
12 747.877 25.1063 -66.2641 0.5
12 669.375 178.981 61.3349 0.5
12 681.283 199.48 10.1817 0.5
12 741.924 196.155 27.4622 0.5
12 722.192 185.521 -51.8282 0.5
12 717.559 34.205 75.3062 0.5
12 709.271 178.888 61.4543 0.5
12 736.009 78.0296 97.5567 0.5
12 722.489 108.333 -99.6522 0.5
12 702.755 3.57227 26.4895 0.5
12 711.446 105.401 99.854 0.5
12 726.533 7.01238 36.7873 0.5
12 677.232 169.956 71.4571 0.5
12 764.113 29.2325 70.6538 0.5
12 696.391 0.365359 -8.5404 0.5
12 760.955 176.316 -64.6206 0.5
12 692.113 10.8548 45.3115 0.5
12 688.549 141.939 90.7804 0.5
12 761.669 123.411 -97.2211 0.5
12 745.544 177.977 62.6068 0.5
12 715.289 2.15187 20.6335 0.5
12 690.835 103.038 99.9539 0.5
12 773.293 60.2639 -91.7662 0.5
12 774.491 122.791 97.3682 0.5
12 686.315 0.370683 8.60227 0.5
12 697.686 174.264 -66.9693 0.5
12 699.956 174.535 -66.6678 0.5
12 669.261 146.813 88.3658 0.5
12 766.441 55.6133 89.6093 0.5
12 713.468 176.037 -64.9492 0.5
12 736.391 195.501 -29.6578 0.5
12 719.272 0.0700918 -3.74345 0.5
12 677.154 3.60278 26.6003 0.5
12 766.087 199.633 8.5552 0.5
12 745.761 193.486 -35.5021 0.5
12 731.68 150.865 -86.0975 0.5
12 774.791 187.349 -48.684 0.5
12 691.144 24.5034 -65.5764 0.5
12 670.58 198.844 15.1627 0.5
13 788.524 -11.6561 -36.6448 0.5
13 790.316 -3.58912 57.4193 0.5
13 825.181 -26.2503 89.7286 0.5
13 795.158 -29.9149 -6.13906 0.5
13 791.941 -16.9749 38.1356 0.5
13 802.582 156.24 12.6022 0.5
13 828.909 -88.493 3.71096 0.5
13 794.155 170.753 -13.2374 0.5
13 826.17 -80.3242 -26.2046 0.5
13 780.813 22.555 69.2017 0.5
13 784.613 15.4538 68.6566 0.5
13 785.696 101.79 -98.7907 0.5
13 823.17 31.8315 -99.4522 0.5
13 794.432 -23.1983 -33.1325 0.5
13 817.502 -68.8041 0.183686 0.5
13 804.151 15.377 -92.1052 0.5
13 819.296 125.546 22.4052 0.5
13 829.102 8.39213 99.9632 0.5
13 807.955 143.139 29.9606 0.5
13 818.243 125.501 29.3712 0.5
13 800.029 -16.8785 -62.1545 0.5
13 790.162 113.443 -93.7148 0.5
13 798.551 -30.0121 -34.0275 0.5
13 810.221 -27.1138 70.5006 0.5
13 830.282 70.377 -78.9956 0.5
13 824.022 3.18731 98.593 0.5
13 824.61 -58.5998 -63.2156 0.5
13 825.819 -38.1344 -83.5663 0.5
13 803.81 137.949 55.7182 0.5
13 829.772 -44.749 83.7179 0.5
13 798.571 147.559 -54.9117 0.5
13 827.595 -71.4181 52.4641 0.5
13 794.61 -7.64144 -61.9656 0.5
13 778.39 24.4424 -66.7101 0.5
13 788.97 -12.4314 36.6406 0.5
13 825.167 -79.0876 -24.2832 0.5
13 807.322 -47.0155 28.5325 0.5
13 817.172 -9.74277 90.9772 0.5
13 794.791 14.8576 -83.0682 0.5
13 808.968 98.8209 -84.8971 0.5
13 786.536 165.175 59.5376 0.5
13 824.541 112.883 -34.4489 0.5
13 799.313 101.742 -92.0636 0.5
13 820.172 -71.5762 19.1613 0.5
13 792.27 29.7822 -89.244 0.5
13 803.566 37.0191 98.3087 0.5
13 808.068 77.0668 95.5401 0.5
13 778.104 196.823 -22.7026 0.5
13 793.685 156.946 53.48 0.5
13 785.589 186.393 3.94924 0.5
13 793.109 2.49774 70.4722 0.5
13 782.348 135.59 90.0402 0.5
13 778.808 198.174 2.89489 0.5
13 817.216 28.8435 -99.9594 0.5
13 826.172 -79.3569 -29.5458 0.5
13 791.643 85.6858 99.5284 0.5
13 810.042 132.863 -46.0871 0.5
13 793.187 153.216 -60.1259 0.5
13 805.277 150.868 17.2683 0.5
13 784.172 46.0094 -90.3229 0.5
13 830.252 -33.683 -90.3802 0.5
13 786.707 166.126 57.8157 0.5
13 785.503 17.0416 -71.825 0.5
13 833.135 -73.1348 -63.4976 0.5
13 784.838 97.1097 -99.5631 0.5
13 796.176 74.2527 99.8126 0.5
13 822.983 -66.9815 46.2097 0.5
13 807.146 -49.8675 14.108 0.5
13 786.66 -4.24938 45.8577 0.5
13 803.553 16.4618 92.1263 0.5
13 781.056 163.47 -72.2404 0.5
13 821.64 -48.4105 68.9386 0.5
13 779.277 5.9051 -40.3481 0.5
13 794.286 47.1209 97.0062 0.5
13 794.199 168.607 24.1139 0.5
13 789.555 44.866 93.7737 0.5
13 816.782 54.9712 97.4293 0.5
13 825.654 -82.1434 12.4721 0.5
13 778.57 63.6396 -93.6795 0.5
13 788.382 19.928 78.6924 0.5
13 805.674 -39.8005 40.3824 0.5
13 808.039 -0.525027 87.6662 0.5
13 806.36 -4.34104 -83.6251 0.5
13 790.414 173.496 30.0397 0.5
13 812.508 -36.3591 64.7526 0.5
13 807.17 119.109 71.3973 0.5
13 832.843 -78.7666 -55.1909 0.5
13 820.676 -71.8703 -21.9218 0.5
14 838.406 -47.4747 -79.9732 0.5
14 885.83 33.3208 78.9452 0.5
14 850.26 -61.6482 32.0048 0.5
14 861.292 -28.8287 58.6017 0.5
14 853.133 17.8851 -97.942 0.5
14 839.292 -84.4822 16.8044 0.5
14 864.432 -20.3611 62.5769 0.5
14 856.395 -20.277 76.8404 0.5
14 849.282 -45.0962 64.4085 0.5
14 838.702 -51.4871 -76.3665 0.5
14 855.552 -44.6919 -49.3922 0.5
14 852.915 32.3493 99.8572 0.5
14 880.156 45.0681 -91.7361 0.5
14 865.525 147.925 -46.7643 0.5
14 863.466 109.145 -84.6883 0.5
14 883.04 141.913 85.3898 0.5
14 887.799 2.57748 29.5483 0.5
14 860.52 117.697 74.3864 0.5
14 861.504 -46.5071 -13.5656 0.5
14 863.079 154.844 9.49822 0.5
14 861.796 -7.57887 79.5062 0.5
14 884.681 181.053 -46.8617 0.5
14 878.688 -16.1578 17.3126 0.5
14 842.512 -60.9912 -59.1043 0.5
14 852.077 28.8266 -99.7248 0.5
14 855.12 25.4241 -98.6976 0.5
14 841.16 -82.1915 9.76358 0.5
14 841.866 15.0119 -99.9372 0.5
14 842.755 43.4545 -97.2331 0.5
14 870.13 119.738 85.2768 0.5
14 879.982 116.976 -94.6049 0.5
14 865.205 -39.8696 -15.1323 0.5
14 842.913 115.074 32.1023 0.5
14 842.65 -34.0712 84.1771 0.5
14 842.211 -18.4435 92.6641 0.5
14 887.116 196.837 4.31971 0.5
14 851.496 -17.3785 -85.0411 0.5
14 839.524 97.1356 -56.3121 0.5
14 888.169 142.427 89.9587 0.5
14 858.904 146.65 -16.7584 0.5
14 869.141 165.558 6.88856 0.5
14 837.943 -14.4586 -96.5018 0.5
14 865.289 119.336 -79.8398 0.5
14 839.326 -43.4281 81.7568 0.5
14 858.781 37.8893 -99.5026 0.5
14 875.013 -23.9983 2.66113 0.5
14 836.514 -2.07509 -99.3527 0.5
14 863.132 -22.1875 -63.103 0.5
14 836.733 52.4396 -90.3891 0.5
14 876.999 70.4791 99.6008 0.5
14 861.399 123.723 70.0785 0.5
14 841.927 -80.1477 -15.397 0.5
14 860.076 -32.1501 56.8835 0.5
14 851.661 6.08784 -95.5711 0.5
14 842.659 77.976 -81.4266 0.5
14 835.892 105.516 23.0375 0.5
14 855.839 -54.1091 -24.8418 0.5
14 846.189 60.9 -93.7279 0.5
14 851.531 66.9165 94.8687 0.5
14 861.878 132.907 60.4092 0.5
14 882.343 51.4896 -92.8345 0.5
14 888.67 193.237 -35.1557 0.5
14 848.371 46.0484 98.6744 0.5
14 880.697 16.1859 -71.7802 0.5
14 839.993 -46.1408 -78.8912 0.5
14 840.062 53.8351 92.3307 0.5
14 877.948 -14.8363 28.3898 0.5
14 857.841 27.5086 98.2331 0.5
14 880.709 33.2906 85.0845 0.5
14 864.944 -29.9801 -46.546 0.5
14 884.655 60.1882 94.5788 0.5
14 856.752 96.3566 -85.4048 0.5
14 880.793 -11.4658 22.4688 0.5
14 871.644 0.0148476 71.2995 0.5
14 886.919 -0.456824 -24.1304 0.5
14 839.883 115.061 3.44566 0.5
14 841.596 -77.1821 30.394 0.5
14 855.86 97.8392 83.4852 0.5
14 882.8 113.842 -96.9806 0.5
14 864.983 158.141 9.50517 0.5
14 843.65 -43.3491 -76 0.5
14 882.072 123.167 -93.6844 0.5
14 858.504 116.167 72.5754 0.5
14 877.946 172.744 -39.8959 0.5
14 888.876 85.0701 98.8825 0.5
14 887.512 168.157 -70.8793 0.5
14 887.549 181.863 53.9735 0.5
14 875.77 20.8006 -82.5245 0.5
14 870.938 167.516 16.6225 0.5
14 875.894 15.4827 -78.4529 0.5
14 885.42 125.069 -95.0485 0.5
14 854.102 42.33 99.9666 0.5
14 881.783 -1.22404 45.7599 0.5
14 861.678 -33.075 -51.123 0.5
14 861.981 38.4292 98.8738 0.5
14 853.54 -60.9385 7.57991 0.5
14 867.871 159.369 28.7695 0.5
15 947.977 42.0388 -81.4892 0.5
15 986.262 187.279 48.8091 0.5
15 902.735 190.995 -41.4711 0.5
15 935.527 4.41865 29.3974 0.5
15 993.197 137.576 92.6718 0.5
15 976.685 190.754 -41.9972 0.5
15 927.317 56.1244 -89.8606 0.5
15 973.461 199.719 7.48709 0.5
15 933.408 127.191 -96.2323 0.5
15 950.382 197.186 -23.5575 0.5
15 947.62 159.55 80.3354 0.5
15 893.238 168.714 72.6522 0.5
15 910.158 0.153318 5.53535 0.5
15 895.52 67.6809 94.6334 0.5
15 933.13 1.75363 18.6454 0.5
15 943.033 113.44 99.0927 0.5
15 931.399 14.8951 -52.5086 0.5
15 947.656 71.1052 -95.7345 0.5
15 996.639 39.0178 79.2538 0.5
15 941.983 174.644 66.5454 0.5
15 961.959 197.63 -21.6442 0.5
15 937.337 159.641 -80.2682 0.5
15 952.477 12.3598 48.1581 0.5
15 996.148 7.51126 38.0241 0.5
15 959.703 116.967 -98.5502 0.5
15 922.861 5.41669 32.4653 0.5
15 961.431 161.679 -78.713 0.5
15 907.267 127.61 -96.113 0.5
15 991.766 98.2683 -99.985 0.5
15 999.727 43.9365 82.8063 0.5
15 996.112 5.40874 -32.4421 0.5
15 972.51 12.9577 49.2304 0.5
15 894.808 184.096 54.1097 0.5
15 946.89 0.850333 13.0132 0.5
15 972.07 111.887 99.2909 0.5
15 992.517 6.22853 34.7406 0.5
15 925.838 121.952 -97.5608 0.5
15 950.179 199.888 -4.73325 0.5
15 944.445 124.959 -96.8352 0.5
15 988.072 64.4798 -93.479 0.5
15 967.047 3.83329 27.422 0.5
15 949.886 199.53 -9.6838 0.5
15 940.045 199.05 -13.7529 0.5
15 889.928 187.311 48.752 0.5
15 901.272 33.2894 -74.4963 0.5
15 953.05 15.1765 -52.9621 0.5
15 998.653 189.672 -44.26 0.5
15 943.544 184.59 -53.3338 0.5
15 984.748 0.379815 -8.7074 0.5
15 938.699 80.6295 98.106 0.5
15 905.844 2.31522 21.3935 0.5
15 947.174 18.979 58.614 0.5
15 907.727 5.08195 -31.4732 0.5
15 988.834 155.254 -83.3486 0.5
15 892.742 103.325 99.9447 0.5
15 928.788 39.7262 -79.794 0.5
15 995.897 0.98767 -14.0199 0.5
15 990.079 131.166 95.0192 0.5
15 963.322 1.93574 -19.5806 0.5
15 905.91 86.3302 -99.0613 0.5
15 909.852 171.063 70.3569 0.5
15 994.925 52.7873 -88.1531 0.5
15 968.735 0.28985 -7.60829 0.5
15 968.776 2.98807 -24.2628 0.5
15 992.409 48.0066 -85.4206 0.5
15 972.171 70.2718 -95.479 0.5
15 964.756 0.702803 11.835 0.5
15 969.154 184.071 -54.1484 0.5
15 999.047 92.1247 -99.6894 0.5
15 954.656 57.4716 -90.506 0.5
15 934.682 4.75534 -30.4705 0.5
15 965.311 199.612 8.79826 0.5
15 942.946 162.998 -77.6612 0.5
15 982.586 182.76 56.1324 0.5
15 904.889 71.8202 95.9474 0.5
15 974.666 35.9864 76.8261 0.5
15 922.452 141.871 90.8121 0.5
15 944.288 136.259 -93.1948 0.5
15 904.596 19.9522 -59.9363 0.5
15 988.227 104.019 99.9192 0.5
15 994.095 0.910219 13.4616 0.5
15 972.106 189.136 45.3291 0.5
15 965.345 41.7014 -81.2482 0.5
15 978.237 48.2411 -85.5629 0.5
15 934.137 0.971306 -13.9039 0.5
15 918.612 149.902 -86.6591 0.5
15 940.878 156.116 82.7707 0.5
15 909.031 148.311 -87.556 0.5
15 960.848 20.4701 -60.6218 0.5
15 985.151 117.735 -98.4147 0.5
15 978.314 7.71646 38.5194 0.5
15 929.094 2.94362 -24.0844 0.5
15 952.371 136.212 -93.2133 0.5
15 947.624 17.51 -56.5278 0.5
15 998.435 184.732 53.1084 0.5
15 975.315 100.543 -99.9985 0.5
15 890.789 161.583 -78.7876 0.5
15 979.017 157.02 82.1506 0.5
15 980.165 0.267719 7.31247 0.5
15 892.385 150.836 86.1145 0.5
15 965.942 36.4689 -77.2256 0.5
15 937.302 167.872 73.4397 0.5
15 889.071 11.3117 46.1994 0.5
15 921.482 0.650767 11.3899 0.5
15 927.472 13.5877 -50.328 0.5
15 898.062 1.068 -14.576 0.5
15 967.442 128.569 95.8322 0.5
15 990.307 10.1121 43.8197 0.5
15 955.439 37.3011 -77.9028 0.5
15 948.424 191.537 -40.2616 0.5
15 990.292 23.0627 -63.88 0.5
