0 62.7488 110.26 10.9419 0.5
0 23.3789 111.107 10.0809 0.5
0 0.967258 97.5921 14.8055 0.5
0 85.2624 85.2885 -2.92785 0.5
0 51.8322 85.3547 3.24275 0.5
0 32.8184 114.711 -2.92926 0.5
0 1.60305 102.39 -14.8084 0.5
0 35.9101 89.8685 11.0613 0.5
0 46.5147 113.728 -6.04492 0.5
0 43.42 108.41 -12.4205 0.5
0 68.5154 109.16 -11.8782 0.5
0 30.7052 98.4978 -14.9246 0.5
0 36.268 101.59 14.9155 0.5
0 19.3251 100.652 14.9858 0.5
0 78.7742 113.744 -6.00911 0.5
0 109.695 86.7622 7.05417 0.5
0 102.486 108.61 -12.2826 0.5
0 109.898 100.011 15 0.5
0 83.8082 114.885 1.85182 0.5
0 69.2428 90.5418 -11.6423 0.5
0 52.2591 85.1275 1.95159 0.5
0 28.8627 96.7297 -14.6392 0.5
0 105.838 102.328 -14.8183 0.5
0 33.704 92.4362 12.9534 0.5
0 58.9464 86.9264 -7.35389 0.5
0 90.3574 112.235 -8.67775 0.5
0 36.7995 98.809 14.9526 0.5
0 22.6621 85.2734 -2.85105 0.5
0 81.9849 102.326 14.8185 0.5
0 85.4988 103.236 -14.6468 0.5
0 67.8121 99.2326 -14.9804 0.5
0 108.304 85.641 -4.33804 0.5
0 30.7111 112.185 -8.7485 0.5
0 68.7857 107.52 12.9788 0.5
0 21.019 93.2162 -13.3783 0.5
0 78.9344 99.3041 14.9838 0.5
0 54.0464 94.3559 -13.8976 0.5
0 55.3704 98.1063 -14.88 0.5
0 84.5331 85.8907 5.09191 0.5
0 13.1984 92.215 -12.8216 0.5
0 90.0728 106.366 13.582 0.5
0 65.4629 85.0902 1.64227 0.5
0 64.8528 88.1127 9.14837 0.5
0 23.0868 95.6216 -14.3468 0.5
0 91.865 85.0012 -0.187479 0.5
0 56.7236 86.6956 -6.92762 0.5
0 1.46147 113.943 5.5323 0.5
0 105.581 95.5518 -14.3253 0.5
0 18.9943 106.851 13.3441 0.5
0 41.936 107.098 -13.2143 0.5
0 25.453 113.794 -5.89254 0.5
0 15.7889 93.6004 13.5663 0.5
0 83.0508 114.543 -3.67556 0.5
0 45.5704 91.9781 -12.6747 0.5
0 32.8311 100.362 -14.9956 0.5
0 40.4031 114.505 3.82141 0.5
0 108.678 87.3212 -8.01549 0.5
0 68.8347 86.3544 -6.22884 0.5
0 22.321 107.971 -12.7068 0.5
0 95.6943 114.851 2.11131 0.5
0 89.6669 112.676 8.01985 0.5
0 81.7825 113.928 5.56823 0.5
0 63.8268 86.6764 -6.89071 0.5
0 51.6578 114.958 1.1207 0.5
0 84.2301 114.054 5.24248 0.5
0 0.0853526 113.898 -5.64229 0.5
0 9.3319 93.6659 13.597 0.5
0 25.8344 115 -0.0713864 0.5
0 49.8892 97.5428 14.7974 0.5
0 7.27346 109.88 -11.2862 0.5
0 45.938 89.7895 -10.9885 0.5
0 26.3604 95.6725 14.3622 0.5
0 56.1612 94.7993 -14.0696 0.5
0 79.79 111.644 -9.45628 0.5
0 67.3628 95.5061 14.311 0.5
0 24.4471 100.666 -14.9852 0.5
0 73.2425 113.34 6.85895 0.5
0 41.1049 92.6368 -13.0684 0.5
0 104.804 113.76 -5.97236 0.5
0 98.2093 97.2491 -14.7456 0.5
0 106.487 97.8514 14.8453 0.5
0 59.7715 102.197 -14.8383 0.5
0 49.1184 86.2726 6.04631 0.5
0 98.2048 110.419 10.7909 0.5
0 73.7286 85.0117 -0.591446 0.5
0 5.14192 104.109 14.4262 0.5
0 82.2531 85.485 3.78347 0.5
0 97.3737 85 -0.0370912 0.5
0 11.2407 86.9335 7.36662 0.5
0 104.063 110.66 10.5533 0.5
0 83.4077 88.3129 9.40276 0.5
0 14.5794 107.446 -13.0214 0.5
0 2.2455 99.5745 14.994 0.5
0 108.346 113.343 6.85282 0.5
0 90.2053 90.9587 11.9689 0.5
0 62.5172 111.425 9.71928 0.5
0 77.769 112.864 -7.71492 0.5
0 50.5777 114.463 3.97801 0.5
0 40.4832 108.367 -12.4497 0.5
0 49.1778 106.921 -13.3078 0.5
0 20.3242 114.999 0.171593 0.5
0 74.6688 113.665 -6.18536 0.5
0 89.1423 94.2277 -13.8449 0.5
0 7.44822 85.0267 -0.895115 0.5
0 92.5557 89.3344 10.5473 0.5
0 34.5222 110.429 10.7811 0.5
0 73.1266 108.451 12.3929 0.5
0 3.96374 114.149 -4.97955 0.5
0 85.6663 100.804 -14.9785 0.5
0 4.12735 89.3824 -10.5956 0.5
0 5.46229 99.4377 -14.9895 0.5
0 70.9981 104.563 -14.2893 0.5
0 93.264 102.568 -14.7786 0.5
0 10.6579 112.202 -8.72418 0.5
0 52.4004 109.177 11.8649 0.5
0 99.8868 102.174 -14.8416 0.5
0 25.8548 93.1911 13.3656 0.5
0 0.669776 90.2938 -11.4363 0.5
0 24.2442 93.2773 13.4092 0.5
0 83.9959 113.576 6.37943 0.5
0 1.27156 85.0135 0.635556 0.5
0 40.9542 94.8919 -14.1035 0.5
0 59.4317 85.0002 0.0678863 0.5
0 32.2723 89.7357 10.9382 0.5
0 47.025 114.868 -1.98343 0.5
0 110.394 114.105 5.10318 0.5
0 35.4982 111.039 10.1563 0.5
0 109.942 85.0081 -0.492426 0.5
0 15.3685 108.537 -12.3335 0.5
0 46.8629 91.0725 12.054 0.5
0 102.354 107.41 -13.0419 0.5
0 78.169 96.4721 14.5792 0.5
0 89.3238 114.781 -2.55224 0.5
0 9.96476 106.778 -13.3812 0.5
0 59.6618 114.761 -2.6678 0.5
0 106.963 90.4163 -11.5392 0.5
1 123.593 77.0625 -14.942 0.5
1 131.305 77.9193 -7.66159 0.5
1 134.826 44.2201 2.96221 0.5
1 148.438 27.6312 12.8631 0.5
1 119.198 76.0937 11.2695 0.5
1 137.389 41.5977 -7.67432 0.5
1 118.458 87.0111 14.9977 0.5
1 154.312 14.4872 10.5261 0.5
1 120.403 77.4754 -13.5519 0.5
1 164.654 21.4707 -4.80244 0.5
1 137.336 66.7111 -8.81855 0.5
1 151.364 15.3017 0.793311 0.5
1 164.439 -3.35642 10.2091 0.5
1 119.022 78.6227 12.8874 0.5
1 138.33 44.7175 12.6003 0.5
1 143.527 53.3353 -11.623 0.5
1 144.846 48.4675 13.3197 0.5
1 157.848 6.57175 -8.32572 0.5
1 136.346 68.7512 -8.35224 0.5
1 131.482 58.0873 -13.4554 0.5
1 145.418 50.2916 -11.4307 0.5
1 124.658 81.8486 14.0277 0.5
1 129.278 60.7309 12.8104 0.5
1 128.801 84.0725 2.92399 0.5
1 158.135 23.3541 14.2105 0.5
1 121.204 85.7802 14.6409 0.5
1 140.751 35.8964 -7.87685 0.5
1 144.076 41.2578 14.9095 0.5
1 130.548 52.1272 4.81397 0.5
1 122.069 81.4459 14.9939 0.5
1 134.112 46.2573 5.62678 0.5
1 151.715 22.5311 -13.1909 0.5
1 114.485 83.9601 -11.0012 0.5
1 129.781 56.6871 10.2235 0.5
1 149.493 35.4536 14.8749 0.5
1 137.727 60.9411 13.2444 0.5
1 156.872 24.6586 14.4789 0.5
1 119.909 98.1675 -6.72777 0.5
1 124.678 77.928 14.9321 0.5
1 130.733 79.4237 6.72037 0.5
1 152.588 17.0416 -10.069 0.5
1 121.759 83.5329 14.8694 0.5
1 160.564 -0.552438 -1.74735 0.5
1 158.352 7.44523 -10.4805 0.5
1 159.053 14.833 14.8482 0.5
1 147.662 38.9326 14.8316 0.5
1 145.545 37.7094 14.7642 0.5
1 139.549 65.2332 -3.88245 0.5
1 136.011 71.5821 -2.93865 0.5
1 129.491 83.1017 -1.38111 0.5
1 131.027 55.3232 -11.0156 0.5
1 153.365 41.8136 0.204172 0.5
1 158.329 3.23537 -0.765911 0.5
1 160.261 18.6486 14.5163 0.5
1 111.91 93.5275 -14.1104 0.5
1 144.883 51.8502 -10.8625 0.5
1 128.195 81.633 -9.95185 0.5
1 156.416 8.08194 -6.64386 0.5
1 117.207 103.799 -4.34464 0.5
1 150.298 24.0667 -12.6509 0.5
1 137.068 47.8979 -13.1896 0.5
1 116.538 91.589 -14.9673 0.5
1 119.313 100.782 -0.598458 0.5
1 147.457 47.5556 10.703 0.5
1 151.611 43.6086 5.97847 0.5
1 165.263 1.79468 14.3364 0.5
1 130.816 66.988 14.9583 0.5
1 117.399 94.1997 14.11 0.5
1 156.252 7.76552 -5.25798 0.5
1 121.166 94.3688 -9.28046 0.5
1 137.611 58.1482 14.4436 0.5
1 139.136 38.0336 6.69018 0.5
1 113.785 102.813 13.022 0.5
1 160.305 -0.195274 -0.583109 0.5
1 158.169 31.2905 7.82571 0.5
1 126.161 81.6924 -12.8368 0.5
1 138.345 46.8358 -13.7504 0.5
1 125.032 88.444 -8.20603 0.5
1 161.072 13.3817 -14.9998 0.5
1 149.737 29.3865 -14.5336 0.5
1 140.898 42.954 -13.9736 0.5
1 145.275 54.3815 6.4251 0.5
1 125.927 89.1888 -2.1083 0.5
1 162.108 5.52494 -13.6835 0.5
1 114.623 92.8581 14.9626 0.5
1 165.873 0.702215 -14.3257 0.5
1 126.217 61.8949 -9.07912 0.5
1 117.838 74.3612 5.41573 0.5
1 128.537 68.269 14.9198 0.5
1 140.515 41.959 13.207 0.5
1 127.332 66.8817 14.134 0.5
1 157.458 12.2597 -13.0105 0.5
1 128.474 84.9179 0.519055 0.5
1 160.497 5.41542 11.9662 0.5
1 156.939 34.2832 6.19682 0.5
1 119.035 76.8102 -11.6372 0.5
1 132.548 60.9617 14.878 0.5
1 128.517 58.1974 9.44309 0.5
1 147.432 22.9899 -5.11716 0.5
1 136.484 65.4453 -11.6955 0.5
1 136.606 40.851 0.519772 0.5
1 154.798 35.522 9.98841 0.5
1 157.538 4.74261 -2.1542 0.5
1 124.226 64.0657 -7.09095 0.5
1 124.658 61.7079 2.2639 0.5
1 154.13 17.602 -12.7589 0.5
1 119.673 70.5679 3.43165 0.5
1 114.904 105.083 9.44584 0.5
1 147.752 50.7928 4.66184 0.5
1 135.441 51.0057 -13.3425 0.5
1 128.116 70.1515 -14.9948 0.5
1 130.277 72.3342 -13.943 0.5
1 139.783 35.3405 0.198658 0.5
1 127.763 86.0235 2.0092 0.5
1 154.587 32.2525 -12.9582 0.5
1 119.895 71.2813 6.53055 0.5
1 144.724 53.5245 9.33236 0.5
1 128.884 81.5602 -8.52145 0.5
1 159.441 10.2792 13.7431 0.5
1 144.369 53.0094 -10.5992 0.5
1 152.433 13.4341 -0.426335 0.5
1 134.565 68.9329 -11.5621 0.5
1 155.167 32.7323 11.9706 0.5
2 196.194 68.79 -5.70577 0.5
2 182.862 30.6417 -14.9531 0.5
2 198.322 48.1214 10.7303 0.5
2 211.191 88.1311 -13.1386 0.5
2 220.131 111.363 0.675909 0.5
2 202.071 71.3062 -13.6548 0.5
2 181.92 35.217 14.1343 0.5
2 215.589 84.9402 -14.5687 0.5
2 199.604 73.5986 -7.86229 0.5
2 186.173 26.1394 9.72369 0.5
2 187.463 37.7754 14.8634 0.5
2 190.405 59.7211 2.24885 0.5
2 197.318 58.9949 -14.848 0.5
2 176.918 15.2223 -13.6089 0.5
2 219.836 110.188 4.46112 0.5
2 171.359 6.12113 13.8414 0.5
2 208.186 89.5605 5.70721 0.5
2 197.733 51.2107 -13.5788 0.5
2 167.601 19.1344 6.0166 0.5
2 170.889 19.7003 -12.2817 0.5
2 206.499 60.2348 -8.24448 0.5
2 198.334 48.8121 -11.3456 0.5
2 221.706 101.407 -14.8226 0.5
2 205.113 60.539 -11.3324 0.5
2 204.814 57.9484 -9.13131 0.5
2 212.78 70.9876 8.04715 0.5
2 189.326 41.1392 14.8814 0.5
2 195.141 39.1513 -5.53104 0.5
2 193.375 64.985 -1.22933 0.5
2 172.077 10.8741 14.8271 0.5
2 190.994 55.7167 11.3514 0.5
2 219.876 97.7597 -14.8888 0.5
2 213.353 70.7157 -5.58286 0.5
2 209.455 69.1581 12.1992 0.5
2 181.145 14.012 -2.18181 0.5
2 189.428 56.1127 7.63094 0.5
2 213.834 95.9528 10.7303 0.5
2 211.412 80.1379 -14.9568 0.5
2 168.766 20.5175 7.2958 0.5
2 215.016 102.45 -1.42784 0.5
2 179.678 13.5746 7.92312 0.5
2 199.155 50.1067 11.2344 0.5
2 181.819 38.2768 12.5227 0.5
2 221.18 85.4998 -7.98969 0.5
2 178.473 22.7332 14.9258 0.5
2 209.982 64.3282 -3.95075 0.5
2 169.92 23.8908 -3.91212 0.5
2 204.944 62.2196 12.7796 0.5
2 210.388 65.1506 -4.36089 0.5
2 203.995 55.0513 6.78399 0.5
2 175.181 5.17907 -6.85318 0.5
2 203.326 52.8028 3.96098 0.5
2 186.91 46.6316 -12.8159 0.5
2 220.069 99.8668 -14.5624 0.5
2 197.281 55.8612 14.9705 0.5
2 183.05 18.6124 6.45704 0.5
2 205.381 76.9388 -13.6994 0.5
2 192.689 33.942 1.69177 0.5
2 197.894 67.8302 11.2089 0.5
2 191.592 54.5741 -12.916 0.5
2 204.055 53.5386 -0.376586 0.5
2 187.715 30.1341 11.0919 0.5
2 175.569 33.097 -5.6299 0.5
2 211.599 73.273 -12.4763 0.5
2 185.187 50.2258 -4.29116 0.5
2 184.798 27.0015 -12.5749 0.5
2 205.26 83.7009 -7.34062 0.5
2 213.398 74.4757 -10.9606 0.5
2 201.183 67.356 14.5115 0.5
2 185.249 44.8262 -12.0999 0.5
2 197.765 49.1157 -12.3434 0.5
2 218.169 84.995 12.6981 0.5
2 185.999 27.8543 11.6849 0.5
2 173.936 1.84065 3.74181 0.5
2 182.736 46.4175 2.38665 0.5
2 192.71 61.3958 8.27403 0.5
2 177.279 27.3509 14.0715 0.5
2 174.524 6.36788 10.1812 0.5
2 197.476 53.5921 -14.5749 0.5
2 170.178 16.0863 -13.6452 0.5
2 188.916 47.2377 14.1683 0.5
2 190.665 32.5439 7.82582 0.5
2 219.977 107.046 -10.2684 0.5
2 212.248 90.2139 12.9968 0.5
2 178.108 10.0273 6.40443 0.5
2 177.422 31.4758 -11.9451 0.5
2 212.315 86.3366 -14.587 0.5
2 218.517 103.945 10.8442 0.5
2 205.058 77.3991 13.1981 0.5
2 180.735 15.3238 -7.7903 0.5
2 191.041 58.8562 7.71444 0.5
2 180.311 20.2783 -13.1976 0.5
2 208.879 91.7758 -1.83731 0.5
2 168.126 -2.96984 -11.7907 0.5
2 193.155 35.664 -5.41192 0.5
2 209.662 68.5522 -11.4475 0.5
2 216.032 80.3104 -12.0237 0.5
2 212.934 70.1033 5.85761 0.5
2 188.639 37.1514 -14.2507 0.5
2 203.457 60.2693 -13.1431 0.5
2 171.061 0.836728 -10.6637 0.5
2 205.816 57.505 5.17433 0.5
2 174.823 20.4892 -14.7751 0.5
2 200.392 60.4585 14.8999 0.5
2 210.769 70.0849 -11.1102 0.5
2 193.654 53.3658 -14.7272 0.5
2 197.558 45.4926 -9.27606 0.5
2 205.079 57.7118 8.14669 0.5
2 204.787 54.8777 1.518 0.5
2 201.064 72.2618 -12.0682 0.5
2 196.262 60.5473 -13.9504 0.5
2 180.968 42.8516 -4.50949 0.5
2 168.303 20.218 -6.30847 0.5
3 307.539 92.4619 12.9683 0.5
3 301.34 101.332 14.9407 0.5
3 271.021 93.8645 -13.6878 0.5
3 318.463 114.359 -4.33824 0.5
3 263.163 101.112 -14.9587 0.5
3 235.566 111.962 -9.0509 0.5
3 294.3 87.8602 -8.81048 0.5
3 284.769 112.855 -7.73043 0.5
3 299.337 89.9642 -11.1482 0.5
3 276.068 85.3811 3.35975 0.5
3 329.736 113.734 -6.03158 0.5
3 290.8 114.959 1.11432 0.5
3 310.899 98.7252 -14.9457 0.5
3 268.793 87.4909 -8.27777 0.5
3 329.808 114.641 -3.26032 0.5
3 307.146 86.9154 7.33432 0.5
3 259.812 114.223 -4.76639 0.5
3 286.424 104.063 -14.4393 0.5
3 280.727 112.208 8.71537 0.5
3 299.681 112.501 8.29028 0.5
3 317.161 110.263 -10.9393 0.5
3 284.091 111.797 9.26419 0.5
3 223.699 114.773 -2.59972 0.5
3 240.336 87.6636 8.53314 0.5
3 288.612 110.297 -10.9071 0.5
3 248.86 102.316 -14.8202 0.5
3 254.191 86.0801 5.58893 0.5
3 331.558 86.2599 6.01734 0.5
3 223.011 114.322 4.4578 0.5
3 302.776 99.9491 -14.9999 0.5
3 247.159 87.3701 8.09228 0.5
3 303.009 107.761 -12.836 0.5
3 280.886 91.0257 12.0192 0.5
3 326.042 106.806 -13.3671 0.5
3 236.121 101.251 -14.9478 0.5
3 233.098 101.778 14.8942 0.5
3 323.016 102.953 -14.7065 0.5
3 295.128 99.4168 -14.9887 0.5
3 319.002 112.582 8.16649 0.5
3 295.191 85.0684 -1.43121 0.5
3 226.487 113.838 -5.78879 0.5
3 227.728 114.329 -4.43608 0.5
3 226.075 106.15 -13.6811 0.5
3 243.896 114.765 2.6458 0.5
3 235.451 89.158 10.3659 0.5
3 243.958 112.989 7.50287 0.5
3 231.704 113.812 5.85127 0.5
3 238.987 86.1731 5.81526 0.5
3 286.537 88.0636 9.08423 0.5
3 267.348 109.459 11.6418 0.5
3 285.543 114.828 2.26556 0.5
3 274.566 114.895 1.76997 0.5
3 304.269 105.338 -14.0181 0.5
3 264.069 111.875 -9.16446 0.5
3 292.2 94.3284 -13.8864 0.5
3 264.423 88.9787 -10.1751 0.5
3 324.639 86.0411 -5.49091 0.5
3 262.774 92.5459 -13.0168 0.5
3 252.662 100.508 14.9914 0.5
3 240.403 94.3212 13.8835 0.5
3 323.599 95.278 -14.2374 0.5
3 311.278 85.2404 -2.67447 0.5
3 239.825 104.198 14.4007 0.5
3 228.469 101.2 14.9519 0.5
3 317.033 114.483 3.90517 0.5
3 302.611 93.6844 -13.6056 0.5
3 264.291 86.5579 6.65663 0.5
3 317.779 114.995 0.405942 0.5
3 287.73 106.747 13.3971 0.5
3 323.127 114.345 -4.38397 0.5
3 259.043 113.458 6.62505 0.5
3 328.939 103.62 -14.5567 0.5
3 225.09 91.8646 -12.6022 0.5
3 298.958 113.099 -7.30849 0.5
3 313.086 105.067 14.1182 0.5
3 305.738 85.8559 -4.9945 0.5
3 268.769 111.234 -9.94018 0.5
3 224.233 110.161 11.0342 0.5
3 318.462 100.007 15 0.5
3 231.592 96.0085 -14.4592 0.5
3 324.221 100.072 -14.9998 0.5
3 291.69 85.1086 -1.80172 0.5
3 244.548 106.829 13.3552 0.5
3 321.036 89.9547 11.1397 0.5
3 280.992 114.405 4.18319 0.5
3 234.292 106.279 -13.6224 0.5
3 275.127 96.8554 -14.6667 0.5
3 243.849 85.0193 -0.761359 0.5
3 331.249 85.0032 0.310797 0.5
3 277.802 97.3659 -14.7669 0.5
3 255.953 104.295 14.3719 0.5
3 327.834 109.868 11.2971 0.5
3 299.855 114.902 -1.70949 0.5
3 271.869 91.8313 12.5807 0.5
3 259.52 86.1855 -5.84468 0.5
3 277.106 114.476 3.92887 0.5
3 227.003 106.415 13.5591 0.5
3 289.203 85.2568 2.76376 0.5
3 301.373 109.975 -11.2026 0.5
3 306.313 87.7845 -8.70528 0.5
3 309.833 88.7892 -9.96588 0.5
3 261.776 111.534 -9.59013 0.5
3 331.693 106.581 -13.4794 0.5
3 278.793 111.189 9.99068 0.5
3 293.652 114.998 0.23244 0.5
3 248.566 97.3204 14.7587 0.5
3 321.347 86.0827 5.59547 0.5
3 250.048 112.439 -8.38232 0.5
3 284.335 90.5904 -11.6816 0.5
3 279.824 113.47 -6.60082 0.5
3 271.727 88.4366 -9.55442 0.5
3 297.113 91.4752 12.3421 0.5
3 254.703 95.7286 14.379 0.5
3 248.268 113.355 -6.82903 0.5
3 307.6 108.775 -12.1653 0.5
3 272.418 114.987 0.616534 0.5
3 312.718 114.026 5.31709 0.5
3 250.968 97.7494 14.8302 0.5
3 269.068 114.81 -2.38176 0.5
3 312.976 114.997 -0.300171 0.5
3 265.498 87.5277 -8.33312 0.5
3 270.513 105.746 -13.856 0.5
3 283.925 85.3803 -3.35636 0.5
3 269.126 114.618 3.36334 0.5
3 270.322 105.033 14.1305 0.5
3 306.752 86.2843 -6.07276 0.5
3 245.457 113.991 5.40852 0.5
3 290.583 94.5232 13.9644 0.5
3 297.139 105.366 -14.0072 0.5
3 316.262 91.3191 -12.2328 0.5
3 243.504 110.059 -11.127 0.5
3 237.881 89.0635 -10.2661 0.5
3 276.106 87.2371 -7.88084 0.5
3 256.322 91.7993 12.5598 0.5
4 386.538 20.7038 -7.72506 0.5
4 372.86 43.4344 -9.1352 0.5
4 381.646 19.9351 14.558 0.5
4 371.33 20.5522 -6.25102 0.5
4 358.456 52.2215 -14.3812 0.5
4 353.763 78.5837 5.46635 0.5
4 333.497 96.4763 14.6457 0.5
4 333.555 84.7104 -1.68272 0.5
4 375.059 22.8193 14.1734 0.5
4 364.193 60.838 -4.56579 0.5
4 385.907 23.7597 -2.31665 0.5
4 333.945 110.691 -9.32294 0.5
4 365.941 48.2578 -14.2329 0.5
4 349.332 71.8629 -14.9939 0.5
4 387.824 18.1326 8.27079 0.5
4 361.42 39.1494 -8.72193 0.5
4 371.223 21.78 -8.15057 0.5
4 384.149 10.5886 -14.9349 0.5
4 334.746 109.946 8.45047 0.5
4 383.239 17.4848 14.4778 0.5
4 388.203 13.3568 12.4318 0.5
4 370.299 41.6381 -13.8892 0.5
4 387.902 19.8869 -4.1916 0.5
4 383.135 12.4935 14.9481 0.5
4 368.748 53.3518 3.02132 0.5
4 343.562 69.799 8.31616 0.5
4 381.682 30.7951 3.69397 0.5
4 352.286 80.884 6.08209 0.5
4 370.677 43.3546 12.6656 0.5
4 383.742 -2.28383 0.878461 0.5
4 335.881 83.4202 -8.77338 0.5
4 365.593 57.0255 -7.65362 0.5
4 359.628 48.3782 -13.7133 0.5
4 343.62 90.1343 -12.7193 0.5
4 368.062 24.8517 0.344951 0.5
4 351.028 77.2665 -12.7417 0.5
4 336.53 87.3491 13.2056 0.5
4 345.517 79.0503 -14.9992 0.5
4 344.191 89.2861 -12.6296 0.5
4 349.579 57.0981 2.6521 0.5
4 351.962 60.247 12.9974 0.5
4 346.636 91.2623 -4.52098 0.5
4 340.601 83.6388 14.5177 0.5
4 352.399 78.902 -9.09903 0.5
4 353.885 50.3628 -5.28051 0.5
4 365.041 56.4994 9.72783 0.5
4 337.417 78.8435 -5.16107 0.5
4 356.376 45.1426 -1.27538 0.5
4 350.796 54.9098 -2.15229 0.5
4 337.924 104.654 8.12885 0.5
4 376.786 12.0164 7.94701 0.5
4 358.425 67.6993 -10.0235 0.5
4 359.797 69.0375 -1.9406 0.5
4 386.414 16.8827 -12.1326 0.5
4 370.293 48.776 -7.83329 0.5
4 373.693 17.6489 8.37341 0.5
4 372.958 24.756 13.4645 0.5
4 357.886 70.1063 -8.08725 0.5
4 342.508 99.0982 -0.548881 0.5
4 356.157 62.4695 14.8659 0.5
4 385.223 11.3328 -14.9512 0.5
4 354.495 57.0343 13.6072 0.5
4 347.199 90.9216 -1.36115 0.5
4 354.343 60.1217 14.5888 0.5
4 346.892 78.8135 -14.823 0.5
4 368.35 43.6175 -14.3799 0.5
4 341.817 74.8917 10.796 0.5
4 341.31 97.1355 10.2493 0.5
4 335.949 107.603 8.82031 0.5
4 380.745 2.89848 -0.748947 0.5
4 380.858 3.41031 4.60595 0.5
4 353.018 53.4712 8.39088 0.5
4 374.343 21.9563 13.2601 0.5
4 360.496 41.6221 9.82884 0.5
4 353.505 55.4235 11.4938 0.5
4 370.294 21.1278 -2.08019 0.5
4 387.114 2.73494 14.4248 0.5
4 339.934 73.6135 1.17363 0.5
4 386.448 19.3717 -9.78529 0.5
4 344.928 94.889 -0.935011 0.5
4 376.303 10.7338 -2.17772 0.5
4 363.612 50.2878 14.749 0.5
4 357.892 54.5883 -14.722 0.5
4 356.902 65.5103 -13.598 0.5
4 366.751 53.5728 -9.68533 0.5
4 337.517 98.7381 -13.7544 0.5
4 346.707 90.4967 -6.19462 0.5
4 349.13 74.8591 -14.8349 0.5
4 357.417 72.3271 5.27464 0.5
4 376.149 31.8656 13.7371 0.5
4 336.716 79.317 -2.29062 0.5
4 344.279 94.0411 7.48308 0.5
4 355.109 55.8756 -13.5624 0.5
4 386.057 -3.84242 8.25811 0.5
4 338.35 88.3943 -14.7136 0.5
4 340.448 74.5028 -7.17097 0.5
4 388.826 2.08081 -14.8912 0.5
4 337.425 87.5172 13.9959 0.5
4 367.444 41.3 -14.9951 0.5
4 346.241 71.9402 13.8736 0.5
4 347.076 61.4231 -2.59702 0.5
4 334.633 83.3741 -4.28498 0.5
4 388.584 -0.356973 14.2578 0.5
4 383.936 14.1167 14.8961 0.5
4 345.085 70.7452 12.0747 0.5
4 352.987 79.5762 -6.29208 0.5
4 336.675 107.613 -6.73808 0.5
4 386.991 13.8903 -13.3558 0.5
4 356.849 59.3418 14.9998 0.5
4 367.223 56.2262 1.49302 0.5
4 337.116 98.8526 13.9923 0.5
4 336.894 108.202 4.30541 0.5
4 333.615 86.7315 7.85083 0.5
4 346.333 65.4197 -8.91397 0.5
4 365.526 38.1332 13.7002 0.5
4 382.092 7.69146 12.778 0.5
4 364.325 59.1765 -7.72857 0.5
4 341.622 99.1178 6.59154 0.5
4 366.339 30.9516 9.15724 0.5
4 381.016 8.75705 -12.2524 0.5
4 367.587 52.5166 9.20294 0.5
4 363.532 60.5488 7.73122 0.5
4 377.533 30.6133 13.1757 0.5
4 376.445 15.9188 11.6814 0.5
4 344.643 78.245 -14.8429 0.5
4 354.126 65.8678 -14.8814 0.5
4 376.369 30.044 -14.2825 0.5
4 339.535 76.6508 8.12682 0.5
4 360.681 59.6805 13.2412 0.5
4 385.506 20.747 10.0753 0.5
4 384.182 -0.0804197 -8.99055 0.5
4 364.16 42.241 -14.3506 0.5
4 363.691 35.6105 -9.25066 0.5
4 365.891 35.6913 -12.7406 0.5
5 342.133 -90.5995 6.75753 0.5
5 366.887 -49.2418 -1.65236 0.5
5 362.213 -46.8311 14.3394 0.5
5 386.208 -14.1707 -6.93282 0.5
5 387.384 -7.54398 -12.2104 0.5
5 376.299 -8.04379 -11.1917 0.5
5 344.91 -62.9562 -11.6546 0.5
5 346.453 -68.9787 14.9814 0.5
5 376.494 -32.5557 -2.03239 0.5
5 386.206 -15.4093 -3.69579 0.5
5 364.045 -35.2455 14.4539 0.5
5 362.897 -30.8639 10.8273 0.5
5 356.574 -39.1519 -7.40644 0.5
5 338.234 -83.4713 -14.992 0.5
5 375.015 -14.9544 14.0321 0.5
5 347.839 -74.6455 13.093 0.5
5 358.486 -48.4135 14.9926 0.5
5 343.529 -76.7035 14.8776 0.5
5 364.887 -42.9359 14.0926 0.5
5 351.884 -48.5173 9.25752 0.5
5 367.574 -26.3038 13.3495 0.5
5 338.726 -89.6741 13.4877 0.5
5 369.871 -33.5726 14.3376 0.5
5 365.752 -23.2754 -7.44185 0.5
5 353.413 -43.2576 4.15458 0.5
5 363.204 -47.7475 13.2476 0.5
5 346.023 -79.7063 11.8203 0.5
5 368.093 -19.6417 -8.13405 0.5
5 372.892 -38.4278 -3.86066 0.5
5 383.588 7.9436 -6.83943 0.5
5 369.926 -15.4243 6.22868 0.5
5 360.485 -60.3959 -0.882736 0.5
5 358.842 -37.6962 10.6417 0.5
5 359.801 -53.2188 -13.4637 0.5
5 382.23 -20.0358 -8.61887 0.5
5 370.587 -16.5254 9.75024 0.5
5 339.009 -68.358 4.64809 0.5
5 336.622 -75.7174 -10.1576 0.5
5 345.923 -55.6609 0.691924 0.5
5 339.233 -94.6518 -8.41021 0.5
5 339.859 -90.8659 -11.426 0.5
5 374.08 -7.19817 -3.09652 0.5
5 357.937 -38.3017 9.59048 0.5
5 361.842 -58.071 -0.0824212 0.5
5 339.016 -79.5357 14.6821 0.5
5 380.558 3.67226 -4.44121 0.5
5 375.663 -32.0233 -7.67007 0.5
5 347.642 -80.9504 6.96877 0.5
5 375.613 -4.29127 1.46734 0.5
5 352.103 -66.5496 13.4656 0.5
5 371.512 -39.7043 -6.77684 0.5
5 349.864 -76.6086 7.83627 0.5
5 336.69 -86.5447 -14.9997 0.5
5 383.265 -20.63 -3.15697 0.5
5 340.075 -82.4342 -14.9077 0.5
5 385.119 -11.5585 -12.1442 0.5
5 385.458 6.34299 12.3519 0.5
5 367.528 -47.804 3.5215 0.5
5 373.479 -28.1275 -14.0658 0.5
5 356.694 -48.5043 14.5896 0.5
5 386.286 -9.62632 -12.08 0.5
5 355.767 -62.3345 12.1901 0.5
5 359.941 -38.7046 12.8968 0.5
5 352.268 -50.4634 11.8546 0.5
5 343.335 -60.1268 -0.051934 0.5
5 354.084 -61.0274 14.3032 0.5
5 336.005 -74.0172 5.86652 0.5
5 357.992 -36.7393 -7.48117 0.5
5 349.931 -51.2403 -8.34967 0.5
5 362.16 -43.8314 14.9426 0.5
5 385.364 -17.1618 2.23987 0.5
5 387.975 3.76836 14.9169 0.5
5 371.759 -30.6215 -14.2361 0.5
5 373.808 -13.5103 12.1218 0.5
5 378.728 0.632063 -3.99957 0.5
5 363.387 -52.6399 8.66368 0.5
5 376.201 -33.2007 0.16886 0.5
5 358.546 -61.3427 -8.19767 0.5
5 344.767 -87.6081 1.07547 0.5
5 366.477 -27.7839 13.1265 0.5
5 356.848 -55.7432 14.4506 0.5
5 334.081 -77.3992 5.98201 0.5
5 381.85 6.54504 -1.06686 0.5
5 363.553 -51.6918 -9.53031 0.5
5 359.658 -55.877 -11.9829 0.5
5 350.918 -67.8933 -13.7909 0.5
5 345.505 -73.6742 -14.8216 0.5
5 364.285 -52.8481 -5.36647 0.5
5 361.03 -48.7488 -14.3791 0.5
5 345.161 -73.3332 14.9373 0.5
5 381.23 -4.69724 -14.2134 0.5
5 354.087 -45.0074 -9.63446 0.5
5 348.792 -80.3124 -3.28089 0.5
5 349.84 -60.3199 14.5764 0.5
5 383.91 -6.6254 -14.8944 0.5
5 369.162 -34.46 -14.438 0.5
5 365.379 -51.9444 0.181456 0.5
5 340.829 -94.0458 3.53036 0.5
5 384.268 1.16144 -13.9983 0.5
5 374.607 -23.8511 -14.7193 0.5
5 360.508 -51.435 -13.7242 0.5
5 337.413 -70.548 2.20923 0.5
5 334.7 -86.222 14.4947 0.5
5 376.975 -5.48273 9.77438 0.5
5 359.488 -62.1297 0.757168 0.5
5 346.823 -83.804 -2.89381 0.5
5 384.69 -17.5963 5.12116 0.5
5 355.995 -68.1171 -1.57015 0.5
5 348.553 -67.1817 -14.9602 0.5
5 383.212 -8.01516 -14.8716 0.5
5 343.886 -88.4226 -4.68396 0.5
5 362.967 -55.3411 -4.7804 0.5
5 368.032 -46.94 -3.48304 0.5
5 357.807 -35.3811 -3.08708 0.5
5 362.533 -28.8893 -7.50691 0.5
5 340.582 -84.0917 14.401 0.5
5 335.024 -74.5921 1.44452 0.5
5 346.763 -82.4641 -6.98342 0.5
5 357.197 -66.1159 -0.0918786 0.5
5 373.465 -11.9041 10.159 0.5
5 385.249 -13.9881 9.68022 0.5
5 340.775 -72.7061 13.3425 0.5
5 353.306 -47.4084 10.7635 0.5
5 377.797 -7.84352 -12.9364 0.5
6 411.784 -107.442 -0.497463 0.5
6 389.191 -101.78 11.745 0.5
6 419.927 -95.7501 -14.6325 0.5
6 416.968 -105.213 -7.88039 0.5
6 399.267 -105.719 6.99578 0.5
6 438.888 -104.75 8.5856 0.5
6 391.754 -92.6036 -14.9992 0.5
6 414.478 -77.4861 1.03838 0.5
6 414.199 -107.119 3.13263 0.5
6 342.113 -90.007 14.7997 0.5
6 363.685 -94.1172 -14.9071 0.5
6 431.125 -106.753 -4.52069 0.5
6 438.529 -77.4707 0.786656 0.5
6 425.005 -107.36 1.64147 0.5
6 397.743 -86.8745 -13.9253 0.5
6 337.034 -104.879 8.39846 0.5
6 382.171 -103.123 10.5404 0.5
6 370.926 -81.1539 -9.86892 0.5
6 370.076 -86.5049 -13.7715 0.5
6 347.312 -83.8064 12.2591 0.5
6 362.437 -96.063 14.5584 0.5
6 367.625 -96.1646 14.5328 0.5
6 416.895 -96.7763 14.3626 0.5
6 404.539 -102.575 -11.0669 0.5
6 444.352 -83.9583 12.3649 0.5
6 407.093 -80.1346 8.56327 0.5
6 413.883 -106.523 -5.19097 0.5
6 344.934 -84.4591 -12.6943 0.5
6 381.468 -101.587 11.8958 0.5
6 341.252 -107.43 0.773931 0.5
6 347.477 -105.404 7.56339 0.5
6 366.897 -97.0337 14.2825 0.5
6 392.563 -104.193 9.33334 0.5
6 434.844 -83.695 12.1798 0.5
6 420.983 -83.9662 -12.3703 0.5
6 418.633 -82.9594 11.6158 0.5
6 438.433 -107.202 -2.719 0.5
6 374.171 -87.7426 -14.2422 0.5
6 427.832 -104.336 9.14986 0.5
6 405.754 -79.5981 7.73476 0.5
6 337.861 -84.0123 -12.4018 0.5
6 378.775 -77.6671 2.54251 0.5
6 380.719 -105.692 -7.04598 0.5
6 391.101 -106.915 3.97162 0.5
6 438.57 -104.164 -9.36935 0.5
6 374.527 -101.418 12.0243 0.5
6 359.242 -101.202 12.182 0.5
6 443.309 -105.431 -7.51714 0.5
6 359.328 -88.8518 -14.562 0.5
6 378.142 -98.2912 13.816 0.5
6 428.649 -83.6063 12.1156 0.5
6 410.642 -81.1364 9.8489 0.5
6 429.804 -86.8136 13.9007 0.5
6 423.111 -84.8367 12.9242 0.5
6 433.863 -107.125 -3.10727 0.5
6 337.483 -78.8903 -6.41345 0.5
6 377.193 -106.711 -4.64963 0.5
6 404.161 -107.181 -2.82608 0.5
6 410.017 -80.8606 -9.52275 0.5
6 382.675 -97.6999 14.0513 0.5
6 390.429 -78.6307 -5.83301 0.5
6 436.614 -107.441 -0.532783 0.5
6 348.678 -107.425 0.868045 0.5
6 437.643 -100.184 12.8528 0.5
6 440.508 -106.461 -5.35556 0.5
6 372.662 -101.624 -11.8675 0.5
6 412.743 -107.09 3.26874 0.5
6 337.128 -90.0468 -14.8062 0.5
6 369.16 -102.86 -10.7996 0.5
6 356.92 -103.298 -10.3598 0.5
6 420.447 -78.0706 4.26976 0.5
6 404.036 -91.1613 14.9445 0.5
6 386.503 -85.0907 -13.0706 0.5
6 360.999 -77.452 0.237581 0.5
6 426.064 -106.292 5.78005 0.5
6 439.998 -77.6355 2.35145 0.5
6 376.467 -78.4494 5.38347 0.5
6 429.219 -104.17 9.36239 0.5
6 378.828 -106.103 6.21269 0.5
6 398.999 -104.822 -8.48096 0.5
6 409.453 -80.0817 8.48664 0.5
6 345.543 -107.449 -0.161342 0.5
6 348.904 -93.7704 14.9418 0.5
6 368.553 -82.7042 -11.4025 0.5
6 354.022 -78.7853 6.18662 0.5
6 339.015 -103.945 -9.63634 0.5
6 395.013 -94.3417 -14.8802 0.5
6 357.141 -81.7982 -10.5611 0.5
6 378.357 -104.476 -8.96552 0.5
6 370.362 -92.9331 -14.9922 0.5
6 377.901 -87.3816 -14.1177 0.5
6 416.255 -104.317 -9.17423 0.5
6 404.55 -78.3247 -5.047 0.5
6 441.48 -77.5286 -1.53221 0.5
6 377.779 -97.2531 14.2103 0.5
6 391.334 -87.8632 14.2815 0.5
6 405.309 -105.999 -6.43639 0.5
6 378.665 -81.6776 -10.4381 0.5
6 342.85 -103.402 10.2497 0.5
6 439.476 -107.449 -0.160645 0.5
6 435.87 -93.5953 -14.9562 0.5
6 433.433 -107.185 2.8072 0.5
6 442.23 -102.956 10.7062 0.5
6 415.124 -102.545 -11.095 0.5
6 358.991 -88.1762 14.3782 0.5
6 353.031 -107.446 -0.338424 0.5
6 338.36 -95.595 14.6666 0.5
6 336.962 -101.156 12.2152 0.5
6 425.391 -87.9989 14.3243 0.5
6 433.023 -98.1107 -13.8909 0.5
6 397.552 -106.451 -5.3817 0.5
6 383.91 -101.196 12.1861 0.5
6 437.391 -78.9125 6.46025 0.5
6 409.054 -89.3271 14.6713 0.5
6 408.436 -82.2813 11.0271 0.5
6 388.321 -80.3377 -8.84823 0.5
6 432.008 -105.311 7.71996 0.5
6 391.054 -106.671 -4.77053 0.5
6 436.655 -83.7351 12.2085 0.5
6 424.351 -106.138 6.13626 0.5
6 367.288 -105.753 -6.92987 0.5
6 393.908 -106.782 4.42831 0.5
6 342.265 -101.45 11.9999 0.5
6 436.409 -91.2243 -14.9498 0.5
6 400.93 -90.9686 -14.9267 0.5
6 341.389 -78.4966 -5.50446 0.5
6 427.842 -104.276 -9.2278 0.5
6 435.517 -78.7641 6.13943 0.5
7 463.714 -111.947 5.69218 0.5
7 471.551 -152.589 -7.14575 0.5
7 461.338 -121.054 -14.9856 0.5
7 473.753 -150.605 13.0527 0.5
7 480.02 -164.485 -10.7936 0.5
7 469.531 -122.93 -7.5322 0.5
7 467.116 -116.724 0.40182 0.5
7 448.309 -84.397 -2.74223 0.5
7 480.578 -153.188 -14.8858 0.5
7 454.929 -97.7266 7.6826 0.5
7 449.217 -86.0892 3.32246 0.5
7 489.847 -166.441 -14.2614 0.5
7 485.441 -174.085 -10.5852 0.5
7 447.826 -111.669 -6.81731 0.5
7 449.01 -109.35 -12.0059 0.5
7 450.367 -109.803 -13.2164 0.5
7 463.335 -140.163 -0.413438 0.5
7 444.764 -106.315 -6.91369 0.5
7 463.077 -110.851 -5.70849 0.5
7 461.218 -122.325 14.9774 0.5
7 454.385 -123.73 -5.21887 0.5
7 484.823 -150.428 -9.05396 0.5
7 454.431 -97.7651 9.02299 0.5
7 463.019 -116.234 -12.4359 0.5
7 458.088 -130.99 1.65074 0.5
7 478.58 -155.568 -14.4586 0.5
7 463.908 -117.886 -12.5102 0.5
7 445.869 -109.91 -0.465796 0.5
7 498.341 -200.69 -1.83416 0.5
7 488.455 -154.467 -4.79756 0.5
7 458.228 -101.376 1.24457 0.5
7 449.627 -90.668 10.4517 0.5
7 497.837 -179.902 14.1324 0.5
7 499.924 -178.642 -11.2681 0.5
7 465.683 -120.314 -12.0582 0.5
7 482.577 -143.767 2.83155 0.5
7 478.865 -140.722 9.81177 0.5
7 471.358 -141.032 14.8706 0.5
7 483.772 -174.498 5.56295 0.5
7 478.455 -146.031 14.0221 0.5
7 467.597 -117.802 2.73158 0.5
7 458.052 -128.61 -8.15154 0.5
7 497.318 -176.17 12.7754 0.5
7 491.15 -187.199 -5.75483 0.5
7 493.039 -191.54 -1.52888 0.5
7 451.013 -101.885 14.8738 0.5
7 488.292 -156.522 -9.16394 0.5
7 453.152 -120.485 7.56349 0.5
7 456.164 -107.245 -13.9536 0.5
7 476.923 -133.788 -1.57442 0.5
7 447.789 -85.5897 8.05526 0.5
7 494.197 -163.958 3.14688 0.5
7 479.432 -138.626 -4.11531 0.5
7 499.637 -195.986 -12.7264 0.5
7 485.733 -160.974 -14.6992 0.5
7 475.401 -146.888 14.9776 0.5
7 471.088 -151.316 7.95144 0.5
7 471.188 -127.191 -9.53437 0.5
7 459.664 -104.393 4.13724 0.5
7 451.808 -120.029 2.28503 0.5
7 480.011 -147.566 13.5246 0.5
7 483.704 -146.184 4.63715 0.5
7 477.354 -134.485 1.01309 0.5
7 498.071 -175.476 -11.3059 0.5
7 487.506 -164.063 14.7026 0.5
7 469.655 -138.098 14.8684 0.5
7 496.744 -174.222 -12.1384 0.5
7 455.745 -127.023 -0.160874 0.5
7 479.321 -137.976 1.87361 0.5
7 487.427 -174.388 -12.9958 0.5
7 470.039 -121.892 -1.81491 0.5
7 485.046 -152.801 11.2034 0.5
7 457.496 -124.511 -11.6451 0.5
7 473.756 -154.034 -10.3955 0.5
7 457.557 -115.573 14.9944 0.5
7 481.349 -148.708 12.8952 0.5
7 493.976 -173.59 14.2605 0.5
7 468.148 -125.029 12.3758 0.5
7 497.391 -187.082 14.712 0.5
7 486.492 -158.374 -13.3165 0.5
7 494.943 -165.706 -4.80383 0.5
7 477.305 -137.34 8.96551 0.5
7 472.139 -155.418 0.132477 0.5
7 445.76 -97.4702 14.7473 0.5
7 462.115 -111.597 -9.67897 0.5
7 471.971 -130.196 -11.2412 0.5
7 453.21 -95.1961 8.38705 0.5
7 492.663 -161.358 3.40434 0.5
7 460.616 -132.329 9.17255 0.5
7 493.931 -188.029 -11.2997 0.5
7 466.968 -123.564 12.7523 0.5
7 475.851 -143.307 -14.576 0.5
7 454.038 -94.8457 4.77286 0.5
7 465.86 -123.23 13.6066 0.5
7 475.843 -152.669 13.8184 0.5
7 483.952 -145.885 -0.41788 0.5
7 476.168 -135.416 -9.02399 0.5
7 456.217 -124.98 -8.81185 0.5
7 463.73 -138.325 -8.33431 0.5
7 499.568 -192.36 -14.3299 0.5
7 460.308 -118.686 14.9486 0.5
7 484.92 -148.96 -6.33574 0.5
7 495.236 -180.049 14.9953 0.5
7 474.138 -148.36 14.3157 0.5
7 452.703 -100.742 -13.7423 0.5
7 445.953 -104.465 -11.6875 0.5
7 468.454 -128.573 13.9701 0.5
7 491.004 -164.666 -12.4083 0.5
7 470.598 -152.728 0.795893 0.5
7 476.96 -157.431 12.2458 0.5
7 498.404 -188.055 -14.8458 0.5
7 493.387 -188.711 9.64229 0.5
7 451.41 -95.8138 -12.2181 0.5
7 469.021 -145.706 -10.5248 0.5
7 455.943 -101.329 10.1571 0.5
7 451.565 -108.302 -14.5817 0.5
7 465.366 -142.303 6.2964 0.5
7 456.272 -126.965 -5.30972 0.5
7 460.509 -119.74 14.9905 0.5
7 493.566 -180.732 -14.6545 0.5
7 462.536 -123.15 14.9865 0.5
7 488.713 -181.603 -8.32464 0.5
7 480.169 -143.619 -10.5041 0.5
7 488.132 -153.695 -4.119 0.5
7 485.32 -165.284 -14.8613 0.5
7 480.047 -168.47 -4.35358 0.5
7 491.083 -171.327 -14.8788 0.5
7 470.921 -131.321 13.2728 0.5
7 487.305 -160.249 -13.5485 0.5
7 448.755 -93.7863 13.6905 0.5
7 455.777 -102.517 11.5574 0.5
7 499.091 -191.742 14.2638 0.5
7 488.592 -171.851 -14.7102 0.5
7 456.443 -114.644 -14.9334 0.5
7 465.582 -143.851 -2.5078 0.5
7 445.997 -109.69 3.64093 0.5
7 499.87 -202.303 -5.75303 0.5
8 535.861 -134.886 -12.4785 0.5
8 519.983 -154.092 -15 0.5
8 540.405 -119.007 -14.9967 0.5
8 516.128 -161.405 -14.9853 0.5
8 516.671 -158.579 -14.9503 0.5
8 536.179 -134.664 12.2531 0.5
8 519.671 -152.617 14.868 0.5
8 510.052 -169.316 -14.8728 0.5
8 525.595 -135.523 -12.1327 0.5
8 504.449 -175.161 13.8297 0.5
8 513.482 -172.867 -12.966 0.5
8 521.299 -163.353 -9.54813 0.5
8 546.141 -116.015 -13.1265 0.5
8 537.681 -117.838 13.927 0.5
8 512.306 -157.142 -10.9819 0.5
8 518.443 -148.499 12.5392 0.5
8 503.024 -175.926 12.9838 0.5
8 502.358 -172.596 9.0071 0.5
8 528.038 -141.992 -14.8817 0.5
8 543.133 -102.857 -10.0785 0.5
8 512.029 -182.442 -3.43059 0.5
8 548.436 -93.3537 -9.71631 0.5
8 502.514 -195.036 -10.4975 0.5
8 501.049 -180.768 -13.7079 0.5
8 540.336 -113.013 -13.8343 0.5
8 535.688 -141.763 -1.71723 0.5
8 532.181 -121.332 -9.50492 0.5
8 538.701 -135.1 -6.62591 0.5
8 535.677 -138.705 -9.22996 0.5
8 534.056 -115.56 5.03502 0.5
8 524.069 -161.641 3.20191 0.5
8 508.219 -159.968 -3.94668 0.5
8 542.4 -107.106 -12.6051 0.5
8 553.545 -94.5768 14.9387 0.5
8 555.182 -85.7377 -13.0705 0.5
8 510.973 -178.78 11.9158 0.5
8 501.342 -179.647 13.4188 0.5
8 548.217 -112.489 13.0883 0.5
8 533.856 -127.22 14.7337 0.5
8 506.098 -187.332 11.8321 0.5
8 531.137 -148.43 -6.14117 0.5
8 524.438 -137.802 -12.3279 0.5
8 507.462 -171.735 -14.4523 0.5
8 538.451 -132.307 -10.9698 0.5
8 507.319 -173.528 -14.7952 0.5
8 553.345 -107.268 -10.2087 0.5
8 531.995 -131.071 14.8396 0.5
8 553.861 -110.183 2.45593 0.5
8 501.889 -196.503 -10.0888 0.5
8 504.935 -177.557 -14.7781 0.5
8 526.768 -127.712 -3.43966 0.5
8 523.654 -153.238 13.9421 0.5
8 538.1 -129.238 -13.4929 0.5
8 527.129 -148.502 -13.3618 0.5
8 534.976 -139.443 9.80963 0.5
8 539.838 -134.65 -0.830043 0.5
8 519.046 -150.287 -13.9946 0.5
8 519.335 -152.533 -14.7637 0.5
8 511.556 -177.48 -12.1324 0.5
8 516.507 -147.662 8.40824 0.5
8 536.589 -116.766 12.3345 0.5
8 513.162 -162.025 -14.4966 0.5
8 517.43 -159.038 14.9898 0.5
8 512.312 -182.244 1.77775 0.5
8 542.469 -104.35 -10.4431 0.5
8 530.836 -149.75 3.89581 0.5
8 527.901 -155.292 -1.31098 0.5
8 503.873 -179.012 14.7063 0.5
8 536.957 -118.194 -13.5328 0.5
8 512.211 -152.692 2.23911 0.5
8 506.757 -171.068 13.7892 0.5
8 515.243 -175.893 6.28729 0.5
8 539.112 -105.936 0.386708 0.5
8 536.657 -111.845 6.86251 0.5
8 535.916 -127.201 -14.982 0.5
8 550.803 -92.6645 12.6781 0.5
8 500.728 -200.349 7.59708 0.5
8 517.148 -170.675 9.38418 0.5
8 534.24 -132.952 14.5658 0.5
8 546.307 -94.1056 4.32276 0.5
8 523.037 -163.489 -2.90626 0.5
8 531.797 -125.326 12.5104 0.5
8 503.794 -167.141 1.05211 0.5
8 549.722 -110.505 -12.7193 0.5
8 536.214 -140.266 -4.47866 0.5
8 507.216 -177.191 -14.9656 0.5
8 550.438 -106.762 13.9754 0.5
8 502.175 -169.908 -0.00517664 0.5
8 546.505 -122.168 5.27591 0.5
8 549.494 -115.956 -7.46997 0.5
8 544.397 -122.423 10.5674 0.5
8 533.718 -143.406 -7.24847 0.5
8 533.657 -117.561 -7.79147 0.5
8 549.755 -96.172 -13.6017 0.5
8 519.618 -156.475 -14.8942 0.5
8 523.61 -132.887 1.77648 0.5
8 545.273 -97.2392 -7.44717 0.5
8 515.417 -152.124 -11.315 0.5
8 532.984 -131.838 -14.9971 0.5
8 515.412 -176.816 -2.21115 0.5
8 547.757 -115.798 11.3207 0.5
8 539.424 -118.095 -14.8232 0.5
8 526.112 -141.09 -14.8136 0.5
8 539.688 -130.703 -10.4419 0.5
8 541.542 -131.575 -2.09197 0.5
8 546.361 -123.146 -2.60912 0.5
8 527.274 -140.906 14.9906 0.5
8 553.46 -81.6001 3.9193 0.5
8 534.211 -141.769 -8.51441 0.5
8 509.473 -171.721 14.99 0.5
8 537.487 -122.378 -14.9375 0.5
8 519.293 -140.337 -1.53045 0.5
8 543.726 -98.1602 -2.5642 0.5
8 532.697 -138.597 13.4921 0.5
8 521.896 -163.098 8.51504 0.5
8 517.243 -155.981 -14.7311 0.5
9 571.452 -106.042 -6.34415 0.5
9 606.176 -86.4666 13.7549 0.5
9 628.011 -91.0893 14.9381 0.5
9 600.819 -107.423 -0.894225 0.5
9 618.599 -77.4891 1.08178 0.5
9 556.08 -96.4497 -14.4569 0.5
9 645.491 -84.4524 -12.69 0.5
9 611.7 -82.6897 -11.3901 0.5
9 558.427 -99.7446 -13.1069 0.5
9 600.268 -81.2541 -9.98247 0.5
9 637.356 -78.1652 -4.57629 0.5
9 648.778 -84.6368 12.8044 0.5
9 665.414 -85.755 -13.423 0.5
9 576.243 -88.431 -14.4515 0.5
9 576.841 -101.407 12.0322 0.5
9 617.135 -106.028 6.3757 0.5
9 573.327 -103.366 10.2876 0.5
9 559.171 -85.1941 13.1282 0.5
9 583.273 -94.5267 -14.8556 0.5
9 603.86 -77.677 2.59944 0.5
9 607.208 -99.8466 13.0496 0.5
9 570.632 -106.74 -4.56016 0.5
9 599.205 -106.513 -5.2193 0.5
9 566.472 -107.42 -0.94847 0.5
9 646.396 -90.3097 14.8465 0.5
9 558.181 -84.8225 12.9159 0.5
9 657.922 -87.3054 14.0901 0.5
9 597.014 -78.3127 5.01337 0.5
9 567.127 -104.165 9.36761 0.5
9 632.406 -94.9776 14.7855 0.5
9 644.295 -107.318 -1.98303 0.5
9 628.547 -80.5517 9.13392 0.5
9 568.161 -104.466 -8.97846 0.5
9 651.713 -84.7274 -12.8592 0.5
9 594.957 -102.008 -11.5603 0.5
9 585.827 -79.7416 7.96834 0.5
9 562.215 -78.4792 -5.46025 0.5
9 658.644 -101.201 12.1832 0.5
9 663.766 -93.4659 14.9656 0.5
9 579.689 -106.286 5.7932 0.5
9 629.875 -106.473 -5.32441 0.5
9 601.523 -104.861 -8.42364 0.5
9 609.858 -81.0105 9.70236 0.5
9 563.413 -102.968 -10.6947 0.5
9 578.679 -81.9744 10.7359 0.5
9 599.565 -79.6229 -7.77585 0.5
9 613.2 -96.8227 -14.3485 0.5
9 603.457 -107.433 -0.722486 0.5
9 563.617 -106.966 3.78119 0.5
9 587.721 -80.0057 8.37474 0.5
9 577.314 -80.1905 -8.64299 0.5
9 559.153 -99.7234 13.1187 0.5
9 642.808 -80.0987 8.51141 0.5
9 587.748 -78.3131 5.01462 0.5
9 623.243 -106.98 -3.72585 0.5
9 612.214 -93.3859 14.9708 0.5
9 563.272 -79.9217 -8.24863 0.5
9 631.784 -77.4542 -0.349828 0.5
9 666.045 -86.7505 -13.875 0.5
9 570.723 -97.6372 -14.0746 0.5
9 640.254 -105.854 -6.73263 0.5
9 640.478 -103.251 10.4089 0.5
9 581.591 -77.5793 1.96463 0.5
9 646.677 -83.2094 -11.8156 0.5
9 629.331 -78.6534 -5.88666 0.5
9 652.679 -86.9768 -13.9658 0.5
9 617.154 -104.239 -9.2752 0.5
9 605.051 -79.6173 7.76654 0.5
9 661.389 -105.386 -7.5934 0.5
9 576.221 -84.9459 -12.988 0.5
9 562.02 -102.172 11.4234 0.5
9 613.016 -100.25 12.8128 0.5
9 593.977 -92.442 -15 0.5
9 563.406 -105.959 -6.5201 0.5
9 615.061 -94.5765 14.8485 0.5
9 628.141 -100.264 12.8041 0.5
9 622.435 -81.5829 -10.3395 0.5
9 645.893 -100.524 12.6414 0.5
9 626.533 -78.7783 -6.17119 0.5
9 651.639 -101.282 12.1246 0.5
9 634.59 -84.0772 12.4457 0.5
9 577.992 -104.945 -8.29985 0.5
9 570.702 -106.868 4.13869 0.5
9 591.227 -78.5157 -5.55269 0.5
9 659.764 -82.5345 11.2553 0.5
9 648.49 -106.957 -3.81489 0.5
9 588.705 -79.8508 8.13989 0.5
9 595.112 -91.0731 14.9367 0.5
9 656.339 -78.3872 5.21876 0.5
9 595.017 -107.156 -2.95543 0.5
9 599.222 -96.6582 -14.3976 0.5
9 628.625 -92.7022 14.9979 0.5
9 568.682 -103.78 -9.82964 0.5
9 661.948 -106.334 5.67865 0.5
9 622.36 -88.8382 14.5587 0.5
9 563.657 -93.6279 14.9537 0.5
9 563.394 -90.9211 -14.9219 0.5
9 599.051 -91.8712 -14.9888 0.5
9 653.218 -104.821 8.48312 0.5
9 595.321 -77.8522 3.45 0.5
9 562.671 -98.0457 -13.9172 0.5
9 636.696 -80.8406 -9.49845 0.5
9 636.946 -77.6993 -2.7231 0.5
9 663.585 -88.5526 -14.4848 0.5
9 567.973 -80.1116 -8.53004 0.5
9 596.433 -103.591 -10.0439 0.5
9 616.353 -78.4402 -5.3594 0.5
9 621.663 -77.4754 0.870404 0.5
9 610.583 -82.8652 11.5382 0.5
9 563.946 -87.4329 14.136 0.5
9 634.23 -82.4779 11.2052 0.5
9 576.262 -86.643 -13.8303 0.5
10 639.912 -54.0547 12.7226 0.5
10 639.947 -58.3856 -8.70578 0.5
10 664.308 -96.3397 -12.7047 0.5
10 624.549 -34.3245 2.29196 0.5
10 662.448 -78.8204 13.602 0.5
10 643.603 -58.1925 -13.8793 0.5
10 622.628 -23.6706 -12.9913 0.5
10 620.077 -25.5344 -5.92623 0.5
10 643.262 -37.1558 -2.6918 0.5
10 627.002 -21.3033 -14.7992 0.5
10 640.196 -35.6029 -10.1996 0.5
10 666.522 -107.08 -1.89072 0.5
10 632.93 -20.1649 -5.75604 0.5
10 634.928 -52.2092 -2.82456 0.5
10 656.149 -79.1091 14.1853 0.5
10 619.421 -12.4028 14.8934 0.5
10 641.39 -33.6928 -0.827969 0.5
10 653.701 -82.9877 -7.49228 0.5
10 620.293 -21.614 11.6196 0.5
10 632.016 -26.1593 13.6247 0.5
10 650.415 -58.3685 13.777 0.5
10 616.16 -19.9309 -1.09191 0.5
10 619.793 -7.37443 -14.4875 0.5
10 645.608 -43.1597 7.79455 0.5
10 632.34 -38.5803 -13.921 0.5
10 657.264 -76.9311 -14.9804 0.5
10 651.948 -80.6141 -6.20198 0.5
10 636.161 -41.6454 -14.8617 0.5
10 654.759 -66.9908 14.1996 0.5
10 634.563 -46.7453 -11.2684 0.5
10 622.011 -4.99845 11.0844 0.5
10 649.091 -47.5497 -3.99174 0.5
10 634.033 -50.1694 4.70514 0.5
10 657.931 -92.3184 0.164259 0.5
10 618.154 2.8337 9.91378 0.5
10 659.213 -81.5015 14.8713 0.5
10 631.779 -18.8191 -7.11709 0.5
10 660.456 -71.3448 10.8596 0.5
10 649.734 -63.0238 14.9997 0.5
10 637.307 -27.4835 -5.07604 0.5
10 630.144 -33.2359 -14.4444 0.5
10 651.056 -73.8052 12.4312 0.5
10 630.397 -43.1237 6.54788 0.5
10 639.198 -32.1921 -8.01115 0.5
10 658.907 -75.5929 14.6055 0.5
10 631.835 -39.2735 13.1841 0.5
10 626.254 -35.2415 7.83868 0.5
10 624.471 -20.6974 -14.9406 0.5
10 620.459 -14.9044 14.792 0.5
10 640.758 -47.4321 14.9993 0.5
10 623.371 -16.454 14.9663 0.5
10 639.744 -41.6434 -14.4071 0.5
10 640.053 -46.3148 -14.9999 0.5
10 651.632 -57.1903 11.8332 0.5
10 617.281 -19.8713 7.55284 0.5
10 623.655 -32.3987 -4.03413 0.5
10 618.374 6.02269 -2.26961 0.5
10 634.798 -50.9253 6.16633 0.5
10 611.229 -3.98687 12.9571 0.5
10 655.998 -84.6231 10.5614 0.5
10 635.545 -43.5451 -14.1421 0.5
10 611.773 16.6125 -5.42506 0.5
10 635.273 -23.6225 4.01533 0.5
10 633.333 -30.8738 -14.5002 0.5
10 612.906 -11.748 -8.41845 0.5
10 625.223 -5.69309 0.876733 0.5
10 633.474 -21.3025 6.20413 0.5
10 650.886 -54.8784 -10.9626 0.5
10 627.344 -12.9193 9.72242 0.5
10 651.476 -68.9362 -14.737 0.5
10 628.598 -41.0805 -3.57767 0.5
10 625.787 -23.3896 14.8982 0.5
10 662.043 -97.9525 6.51571 0.5
10 647.643 -45.1311 4.30233 0.5
10 614.145 13.2829 2.65456 0.5
10 645.103 -46.3881 -12.2108 0.5
10 658.002 -68.8036 -12.2628 0.5
10 612.146 -11.8016 5.91571 0.5
10 658.706 -93.3261 3.15779 0.5
10 656.112 -77.252 14.6799 0.5
10 646.279 -65.0088 -12.769 0.5
10 665.312 -102.046 9.07657 0.5
10 658.368 -86.8644 -12.1563 0.5
10 612.06 -0.198971 -14.8179 0.5
10 651.981 -80.7312 6.06818 0.5
10 615.376 -8.47223 -14.1906 0.5
10 658.967 -83.8269 14.2403 0.5
10 647.445 -72.6689 -6.51483 0.5
10 632.455 -19.148 -5.26669 0.5
10 661.771 -98.8131 -2.16688 0.5
10 642.818 -36.8937 4.68392 0.5
10 622.008 -7.9821 13.2041 0.5
10 624.3 -5.27584 5.89458 0.5
10 666.519 -84.3975 -12.8145 0.5
10 655.756 -59.9579 6.34041 0.5
10 633.087 -35.6535 14.9377 0.5
10 637.854 -30.3224 8.69573 0.5
10 650.599 -50.9288 6.12728 0.5
10 648.627 -68.1984 -13.2695 0.5
10 660.627 -71.0388 -10.251 0.5
10 631.923 -17.5582 -2.91174 0.5
10 631.579 -28.77 -14.7157 0.5
10 637.269 -35.141 13.5706 0.5
10 661.339 -91.4392 12.5498 0.5
10 618.187 -3.28779 14.0726 0.5
10 657.15 -89.0685 -7.30307 0.5
10 664.798 -97.394 12.5725 0.5
10 663.466 -101.75 2.16147 0.5
10 614.178 -12.5435 10.1915 0.5
10 636.956 -55.3182 -4.43506 0.5
10 617.688 -6.84668 -14.9803 0.5
10 657.359 -68.0287 -12.4939 0.5
10 640.585 -59.0975 -9.23242 0.5
10 624.546 -4.89099 3.42298 0.5
10 656.821 -72.2095 -14.6576 0.5
10 642.07 -37.3649 8.31718 0.5
10 614.751 -7.26674 14.2322 0.5
10 618.591 0.37863 11.5598 0.5
10 654.248 -85.2463 4.51159 0.5
10 612.809 -14.1221 -1.14583 0.5
10 658.301 -92.0253 -5.21552 0.5
10 660.25 -69.3544 9.02388 0.5
10 621.988 -19.5729 14.3065 0.5
10 629.029 -12.2794 -0.763622 0.5
10 613.122 -8.49233 -12.1591 0.5
10 623.644 -16.884 -14.9633 0.5
10 617.316 0.319347 -13.1087 0.5
10 627.652 -15.3986 -11.6281 0.5
10 616.611 -0.133268 -13.9079 0.5
10 622.022 -0.582089 3.6841 0.5
10 623.87 -15.5116 -14.734 0.5
10 666.665 -84.9486 12.9914 0.5
10 613.465 -6.36561 -13.7198 0.5
10 648.225 -57.3133 14.6557 0.5
10 633.61 -40.7117 13.9484 0.5
10 665.183 -86.2945 14.5651 0.5
10 641.144 -43.9136 -14.3613 0.5
10 662.701 -75.017 10.6479 0.5
10 644.733 -65.8724 -9.73491 0.5
10 664.318 -99.3898 -10.1897 0.5
10 627.687 -26.169 -14.9492 0.5
10 633.073 -44.9262 10.5513 0.5
11 634.436 39.1159 14.1214 0.5
11 625.015 14.2785 6.37217 0.5
11 638.885 62.7363 -10.351 0.5
11 650.13 69.7778 14.9166 0.5
11 649.197 78.6916 -12.0378 0.5
11 637.772 64.8581 1.68236 0.5
11 644.785 76.4542 4.35408 0.5
11 639.102 56.6897 -14.33 0.5
11 652.351 88.8439 -6.24284 0.5
11 642.426 70.6513 8.08193 0.5
11 622.002 11.1466 -9.64099 0.5
11 652.126 89.6903 -1.92945 0.5
11 646.492 72.8229 -12.8325 0.5
11 638.129 61.8658 9.87121 0.5
11 655.762 95.8794 -2.63083 0.5
11 657.55 83.7143 14.9919 0.5
11 623.225 32.3072 -12.9609 0.5
11 631.238 36.8739 -14.8963 0.5
11 630.007 22.1899 -4.48593 0.5
11 657.613 98.9721 3.20635 0.5
11 620.331 6.95956 -7.84641 0.5
11 663.221 90.5488 -14.5898 0.5
11 629.901 50.1972 5.6943 0.5
11 662.34 94.1651 -14.908 0.5
11 644.739 65.5058 14.5895 0.5
11 626.184 21.1262 -12.179 0.5
11 662.24 83.7614 12.3103 0.5
11 626.026 31.0651 14.929 0.5
11 633.773 40.7804 14.8309 0.5
11 638.218 63.1931 -8.34 0.5
11 618.968 26.0893 -12.2152 0.5
11 657.628 98.6263 -4.58455 0.5
11 663.627 102.225 -12.9966 0.5
11 649.605 74.0891 -14.5516 0.5
11 637.623 54.3257 -14.2675 0.5
11 613.48 13.1091 14.058 0.5
11 612.823 2.0364 14.2436 0.5
11 635.592 42.583 -14.5628 0.5
11 625.274 36.3221 -12.6788 0.5
11 657.034 71.5807 9.34368 0.5
11 643.58 75.0127 -0.0787183 0.5
11 632.267 28.7204 -9.38856 0.5
11 627.581 42.1347 -11.3281 0.5
11 621.602 9.89155 8.9264 0.5
11 637.813 47.2509 -14.7414 0.5
11 622.377 31.9881 -12.2197 0.5
11 659.259 95.2658 -12.6277 0.5
11 638.496 66.0068 -2.43995 0.5
11 634.993 51.936 13.372 0.5
11 632.101 54.6805 -3.64979 0.5
11 660.556 103.858 4.05149 0.5
11 616.218 19.9377 13.0945 0.5
11 662.763 106.068 7.7719 0.5
11 616.222 8.8651 -14.5205 0.5
11 648.539 69.5851 -14.9677 0.5
11 625.563 26.1015 14.7542 0.5
11 636.874 59.4034 10.1909 0.5
11 621.49 20.1614 -14.9155 0.5
11 636.788 52.247 14.4575 0.5
11 631.994 50.3927 10.7626 0.5
11 643.283 74.2534 -2.6956 0.5
11 653.008 73.2852 14.6852 0.5
11 639.509 58.6366 13.8848 0.5
11 662.1 105.278 -7.14793 0.5
11 626.148 41.0023 9.99774 0.5
11 624.282 34.6212 -12.6676 0.5
11 616.731 -0.585485 5.13293 0.5
11 613.697 -3.33503 9.52289 0.5
11 650.672 61.0071 9.87668 0.5
11 657.307 84.2854 -14.9918 0.5
11 632.208 43.5427 -14.6489 0.5
11 653.857 62.9575 -2.08345 0.5
11 632.405 32.3506 -12.4901 0.5
11 618.638 5.33064 -9.65265 0.5
11 641.728 71.8041 0.181545 0.5
11 614.671 15.3579 -13.9877 0.5
11 650.017 82.4792 -9.84482 0.5
11 612.555 5.49769 14.9798 0.5
11 621.598 15.144 -13.3728 0.5
11 622.676 10.9813 -7.78013 0.5
11 652.188 72.7469 -14.8413 0.5
11 617.958 17.0349 14.9344 0.5
11 623.452 11.6907 -6.62123 0.5
11 621.96 7.59688 0.974083 0.5
11 640.379 68.0182 6.43482 0.5
11 640.809 47.9869 -13.1449 0.5
11 623.016 38.8743 3.91966 0.5
11 625.214 34.9816 13.3802 0.5
11 650.942 77.386 14.2704 0.5
11 662.275 99.3475 13.2909 0.5
11 626.713 24.2606 13.5002 0.5
11 647.021 61.8219 -14.4144 0.5
11 629.702 28.5003 -13.0046 0.5
11 652.471 63.335 8.89615 0.5
11 637.352 40.6401 12.3005 0.5
11 640.801 70.1848 -0.676918 0.5
11 611.239 -9.21746 -7.09996 0.5
11 650.342 86.6986 0.89823 0.5
11 633.885 30.1782 -7.40795 0.5
11 628.271 24.8038 12.2247 0.5
11 643.786 57.1758 -14.6559 0.5
11 661.936 83.4338 -12.4464 0.5
11 614.335 9.84757 14.9921 0.5
11 661.327 102.866 8.84542 0.5
11 624.695 20.6803 13.4584 0.5
11 643.534 69.2651 -11.744 0.5
11 631.247 31.4973 13.1839 0.5
11 615.218 21.9844 -10.0931 0.5
11 631.546 34.7888 14.3462 0.5
11 625.84 33.4298 -14.4164 0.5
11 638.076 49.9261 14.9898 0.5
11 632.961 55.3862 5.95894 0.5
11 613.602 -3.63322 -9.3586 0.5
11 629.114 27.3711 -12.9404 0.5
11 614.622 -4.80979 3.14856 0.5
11 648.88 66.4267 14.7428 0.5
11 617.732 29.5915 4.36926 0.5
11 647.46 58.2009 12.3373 0.5
11 635.596 43.2515 14.7104 0.5
11 628.527 44.3378 10.8111 0.5
11 659.581 98.9858 9.91131 0.5
11 651.508 60.6601 7.33359 0.5
11 659.557 101.204 6.49908 0.5
11 634.619 34.5824 11.2607 0.5
12 760.758 112.547 -8.2201 0.5
12 687.331 94.9489 14.124 0.5
12 677.697 112.925 7.61149 0.5
12 700.989 85.5809 -4.13379 0.5
12 756.156 88.7494 -9.92092 0.5
12 744.215 93.4692 13.5036 0.5
12 693.225 85.4871 -3.79152 0.5
12 742.106 112.172 -8.76656 0.5
12 721.85 98.445 -14.9192 0.5
12 746.289 112.755 7.894 0.5
12 741.706 85.1151 -1.85438 0.5
12 670.203 101.595 14.9149 0.5
12 678.039 114.994 0.431731 0.5
12 773.684 86.9466 7.38981 0.5
12 735.708 113.199 -7.12649 0.5
12 743.783 111.592 -9.52013 0.5
12 738.05 114.961 1.07653 0.5
12 723.344 86.1816 5.83541 0.5
12 762.796 111.195 9.98312 0.5
12 679.392 92.0525 12.7215 0.5
12 712.201 86.4347 6.4017 0.5
12 771.352 112.825 7.77986 0.5
12 718.571 100.688 14.9842 0.5
12 743.755 114.317 -4.47358 0.5
12 773.111 89.4673 -10.68 0.5
12 752.884 85.1225 -1.91273 0.5
12 671.938 113.962 -5.4827 0.5
12 671.153 87.9827 -8.97685 0.5
12 699.698 96.6758 -14.627 0.5
12 702.471 85 0.0325345 0.5
12 732.078 85.4917 3.8091 0.5
12 772.878 107.227 13.1444 0.5
12 716.884 114.945 -1.28648 0.5
12 688.131 86.3918 -6.31001 0.5
12 700.153 110.936 10.2661 0.5
12 721.333 106.215 -13.652 0.5
12 742.883 96.0016 14.4573 0.5
12 735.581 105.308 14.0294 0.5
12 732.418 109.725 -11.4206 0.5
12 749.872 102.808 -14.7348 0.5
12 696.261 111.345 -9.81234 0.5
12 766.716 101.425 14.9322 0.5
12 696.24 85.0091 -0.523431 0.5
12 675.397 114.939 -1.35293 0.5
12 749.316 86.2652 6.02957 0.5
12 701.27 111.684 9.40607 0.5
12 676.516 114.317 -4.47475 0.5
12 688.616 85.0437 -1.14451 0.5
12 715.483 113.202 -7.12133 0.5
12 736.834 108.586 -12.2998 0.5
12 689.977 103.136 14.6685 0.5
12 749.683 90.7327 -11.7948 0.5
12 687.02 113.73 6.03956 0.5
12 702.295 85.4655 -3.70781 0.5
12 724.798 86.1286 5.70825 0.5
12 725.433 110.553 -10.66 0.5
12 768.023 108.704 12.2165 0.5
12 690.78 86.0453 -5.5015 0.5
12 709.064 92.7342 13.1228 0.5
12 756.989 99.3294 14.985 0.5
12 726.257 114.951 1.21009 0.5
12 717.398 112.871 7.70295 0.5
12 668.642 107.212 -13.1526 0.5
12 713.236 86.5136 -6.56643 0.5
12 674.334 114.887 1.83902 0.5
12 680.032 101.152 14.9557 0.5
12 702.73 111.89 -9.14504 0.5
12 727.646 92.3303 -12.8909 0.5
12 670.813 93.0441 -13.2897 0.5
12 701.902 92.4611 -12.9679 0.5
12 740.49 114.69 3.03612 0.5
12 764.756 91.9953 12.6856 0.5
12 741.532 105.374 14.0043 0.5
12 716.426 95.0161 -14.1478 0.5
12 733.835 105.433 -13.9814 0.5
12 758.981 105.757 13.8514 0.5
12 679.395 110.331 10.8754 0.5
12 728.518 101.611 -14.9132 0.5
12 698.299 85.4518 3.6536 0.5
12 673.748 104.053 -14.4419 0.5
12 672.166 86.2385 5.9684 0.5
12 716.78 89.0854 -10.2894 0.5
12 716.966 105.634 13.9017 0.5
12 694.228 90.3478 -11.482 0.5
12 767.648 108.247 -12.5297 0.5
12 729.376 114.074 5.18746 0.5
12 707.704 112.9 7.65401 0.5
12 769.261 112.101 -8.8634 0.5
12 749.338 111.506 9.62296 0.5
12 739.805 93.8411 13.6773 0.5
12 726.936 106.55 -13.4946 0.5
12 693.009 88.2281 9.29634 0.5
12 753.683 85.3628 3.27913 0.5
12 685.092 86.054 5.52339 0.5
12 747.999 106.917 -13.3102 0.5
12 704.787 107.877 -12.7653 0.5
12 726.809 114.399 4.20377 0.5
12 703.186 85.6077 4.22631 0.5
12 753.721 97.4296 -14.7781 0.5
12 688.356 88.4822 -9.60944 0.5
12 682.317 85.0087 -0.511789 0.5
12 743.809 102.884 -14.7201 0.5
12 746.945 110.243 -10.9583 0.5
12 754.825 98.7522 -14.948 0.5
12 721.248 114.893 -1.78786 0.5
12 706.015 98.1152 14.8811 0.5
12 738.683 85.0266 -0.893707 0.5
12 775.331 105.089 -14.1104 0.5
12 761.773 114.295 -4.54411 0.5
12 771.066 114.996 0.361754 0.5
12 720.41 90.0099 11.1892 0.5
12 764.796 88.8828 -10.0701 0.5
12 720.474 113.01 -7.46667 0.5
12 711.916 85.4881 3.79519 0.5
12 717.639 91.8092 -12.5663 0.5
12 776.609 113.873 5.70542 0.5
12 713.573 105.723 13.8655 0.5
12 725.337 111.112 10.0761 0.5
12 737.677 103.333 -14.6251 0.5
12 681.108 99.2178 14.9796 0.5
12 682.651 112.338 -8.53008 0.5
12 708.037 113.489 -6.56197 0.5
12 691.239 99.6922 14.9968 0.5
12 761.4 113.739 -6.01977 0.5
13 789.656 66.7673 -8.04662 0.5
13 832.456 12.3024 -13.2619 0.5
13 820.651 33.9906 -12.5282 0.5
13 800.563 56.5418 14.4588 0.5
13 809.86 58.9607 -3.73328 0.5
13 831.255 19.1123 -9.33952 0.5
13 811.163 30.7222 -9.68716 0.5
13 829.731 19.1061 11.9307 0.5
13 801.364 46.7738 8.4781 0.5
13 796.701 56.6343 10.6234 0.5
13 832.148 -7.54846 -6.78714 0.5
13 808.857 59.5793 6.72193 0.5
13 821.181 30.6006 13.8427 0.5
13 806.421 46.8346 14.5729 0.5
13 822.143 24.6498 -14.9255 0.5
13 804.021 64.6436 -11.091 0.5
13 789.695 87.7907 -12.406 0.5
13 788.709 96.0641 -0.275582 0.5
13 787.804 67.8848 -2.73053 0.5
13 781.232 98.8012 -14.2167 0.5
13 794.995 57.1028 7.348 0.5
13 804.481 38.7524 -0.349067 0.5
13 795.567 81.2824 8.87307 0.5
13 788.192 94.2849 8.55311 0.5
13 782.533 77.6699 -5.13332 0.5
13 778.386 84.0651 -1.87739 0.5
13 810.606 31.9062 -9.93921 0.5
13 803.588 58.6923 -14.6103 0.5
13 819.257 13.252 1.693 0.5
13 778 108.794 11.8631 0.5
13 832.808 17.5801 7.66139 0.5
13 781.039 107.033 8.01173 0.5
13 793.765 75.7307 -14.6047 0.5
13 815.564 28.0989 -13.5411 0.5
13 801.486 64.3395 13.9929 0.5
13 829.697 11.3435 -14.9461 0.5
13 781.019 109.15 2.64715 0.5
13 819.976 36.955 11.1409 0.5
13 820.889 13.6025 -9.35417 0.5
13 814.957 30.3075 14.0342 0.5
13 779.443 83.2082 -5.62109 0.5
13 792.8 88.5534 3.55428 0.5
13 783.804 75.8831 6.15325 0.5
13 789.633 64.5077 1.11617 0.5
13 828.534 0.825489 -9.90694 0.5
13 810.823 28.2269 -3.70037 0.5
13 804.525 66.6091 -7.59296 0.5
13 828.869 24.9011 6.75473 0.5
13 787.649 95.5823 8.0151 0.5
13 791.779 71.1716 -14.2844 0.5
13 782.917 87.8376 -14.6414 0.5
13 814.341 41.101 -14.3306 0.5
13 781.924 104.727 -9.12072 0.5
13 820.237 32.3279 -13.8042 0.5
13 791.882 90.1716 -3.43467 0.5
13 825.311 3.10289 -3.57741 0.5
13 825.991 29.9181 -6.68865 0.5
13 784.391 94.2137 13.8878 0.5
13 800.38 62.2575 -14.9339 0.5
13 796.756 74.3547 -13.1449 0.5
13 793.409 64.0839 12.1173 0.5
13 819.443 38.3419 10.7049 0.5
13 803.299 55.6624 14.9994 0.5
13 779.257 98.9323 -14.9254 0.5
13 807.99 32.7463 -1.50703 0.5
13 782.124 100.233 12.8359 0.5
13 813.706 24.7197 7.39434 0.5
13 832.169 9.28587 14.5873 0.5
13 785.941 95.1505 -11.7768 0.5
13 807.567 63.0323 -3.31611 0.5
13 808.322 62.0241 1.46076 0.5
13 817.431 41.2088 11.277 0.5
13 803.908 39.8309 1.63558 0.5
13 820.234 38.4997 -8.95261 0.5
13 832.409 10.5641 -14.0745 0.5
13 800.296 46.4736 3.75131 0.5
13 817.07 33.2611 14.942 0.5
13 830.156 11.0718 14.8924 0.5
13 802.319 71.0695 6.3776 0.5
13 800.521 70.2279 11.509 0.5
13 818.514 32.6244 14.6587 0.5
13 796.794 69.3544 14.8239 0.5
13 792.503 89.3786 1.86585 0.5
13 808.227 56.3266 -11.9494 0.5
13 785.351 86.5821 14.997 0.5
13 783.409 82.1493 12.6266 0.5
13 795.852 59.9768 -12.2071 0.5
13 792.882 88.2891 -4.02128 0.5
13 816.292 33.0162 -14.9975 0.5
13 820.293 22.6534 14.5344 0.5
13 790.946 72.4617 14.2348 0.5
13 828.74 -2.48714 -4.78254 0.5
13 802.998 45.2442 10.1186 0.5
13 781.575 79.1642 4.65666 0.5
13 789.457 94.2259 4.00526 0.5
13 832.322 14.759 -11.8219 0.5
13 789.787 71.6039 12.9349 0.5
13 801.907 48.8461 11.7203 0.5
13 800.039 67.2518 -13.8294 0.5
13 778.456 112.319 -6.55218 0.5
13 790.412 63.1817 -1.38661 0.5
13 815.715 19.3114 0.77919 0.5
13 829.969 -4.69809 4.53019 0.5
13 815.167 50.0293 2.50544 0.5
13 796.135 62.3224 13.7986 0.5
13 809.558 39.948 14.1398 0.5
13 780.428 102.552 -13.1909 0.5
13 833.331 -5.31687 -11.9274 0.5
13 826.051 6.52586 11.3024 0.5
13 801.342 53.4615 -13.8649 0.5
13 800.628 46.9726 -6.64 0.5
13 806.872 39.4719 -11.0577 0.5
13 782.801 103.342 -8.94449 0.5
13 803.972 51.3922 14.6462 0.5
13 786.971 98.6778 3.43409 0.5
13 780.559 110.172 -0.538594 0.5
13 813.183 53.307 3.31133 0.5
13 790.426 79.02 14.9713 0.5
13 826.151 27.0739 -10.3478 0.5
13 781.918 90.4318 -14.8071 0.5
13 784.426 81.0722 -13.0405 0.5
13 788.223 67.1666 2.77473 0.5
13 828.142 27.4986 -2.8248 0.5
13 821.276 12.5983 8.91848 0.5
13 800.317 74.778 -5.83719 0.5
13 784.945 84.1922 -14.6108 0.5
13 802.134 60.0802 14.8277 0.5
13 780.208 106.952 -10.0202 0.5
13 828.504 18.7844 -13.448 0.5
13 823.403 35.6854 2.93351 0.5
13 795.09 62.362 -12.9007 0.5
13 785.776 90.6989 14.2928 0.5
13 826.159 27.7613 9.55804 0.5
13 789.467 80.416 14.9854 0.5
13 805.388 44.1913 -12.6975 0.5
13 790.608 83.1098 -14.0199 0.5
13 803.171 43.3233 -7.99124 0.5
13 792.215 89.7921 -2.45607 0.5
13 816.089 18.9692 -3.11401 0.5
13 830.033 7.41273 14.8552 0.5
13 787.745 95.1424 -8.43157 0.5
13 784.518 92.214 14.4872 0.5
13 811.977 55.0448 4.59173 0.5
13 788.275 95.8723 -5.24426 0.5
13 817.59 17.036 5.36508 0.5
13 813.251 50.3284 9.29823 0.5
13 826.09 31.2947 -0.881287 0.5
13 827.257 25.4587 10.0242 0.5
13 802.526 54.0576 -14.6808 0.5
14 870.88 55.1126 6.11768 0.5
14 851.835 23.475 8.52065 0.5
14 850.49 27.1751 -13.6057 0.5
14 881.736 74.3942 7.09318 0.5
14 864.076 67.8257 10.4067 0.5
14 848.002 35.7576 13.4822 0.5
14 861.811 59.2709 13.672 0.5
14 871.464 75.0355 -14.0638 0.5
14 853.496 52.3571 -6.1989 0.5
14 850.927 40.8454 13.4714 0.5
14 887.944 109.315 -10.2487 0.5
14 888.814 87.2581 -8.12032 0.5
14 864.774 63.4468 -14.0642 0.5
14 875.675 89.0208 9.12255 0.5
14 868.812 58.9949 -13.6446 0.5
14 873.659 71.9232 14.9036 0.5
14 849.999 42.761 -11.0709 0.5
14 848.905 18.5871 8.78344 0.5
14 858.183 31.9272 -1.8226 0.5
14 870.134 72.9949 -13.9631 0.5
14 881.435 97.3247 -10.9662 0.5
14 883.952 106.372 -1.51571 0.5
14 859.437 48.2218 -14.9804 0.5
14 872.007 84.2268 6.60752 0.5
14 843.495 35.7273 4.35905 0.5
14 837.309 -3.62881 4.55851 0.5
14 840.156 27.1054 9.61497 0.5
14 840.559 1.98431 -4.5101 0.5
14 846.327 32.0935 -13.8275 0.5
14 877.846 95.8145 -1.31732 0.5
14 883.731 90.8968 14.999 0.5
14 857.549 31.5617 -4.95946 0.5
14 880.153 89.7742 -14.1754 0.5
14 883.916 105.063 -6.16145 0.5
14 849.685 17.0986 -0.218789 0.5
14 851.499 20.3533 -1.84883 0.5
14 836.825 -2.42091 8.66571 0.5
14 840.596 30.9368 3.5174 0.5
14 855.154 28.495 -7.35275 0.5
14 849.969 32.7839 14.9987 0.5
14 865.796 68.9586 12.0329 0.5
14 881.522 91.3816 14.4168 0.5
14 862.678 65.6011 -10.1989 0.5
14 871.538 56.1485 -5.88121 0.5
14 850.612 48.2881 3.50207 0.5
14 853.888 30.4215 -12.0331 0.5
14 859.399 63.4732 -3.64451 0.5
14 880.485 77.4014 -12.6612 0.5
14 833.829 15.2362 10.6101 0.5
14 878.375 95.8818 -5.13831 0.5
14 851.152 23.9264 10.5006 0.5
14 881.207 84.1426 14.7815 0.5
14 864.057 42.3266 -3.16094 0.5
14 886.272 80.6294 2.20094 0.5
14 843.369 22.9415 14.8936 0.5
14 835.483 2.57146 14.1676 0.5
14 852.952 36.2427 14.9235 0.5
14 873.735 76.0867 -14.8172 0.5
14 836.094 -5.3915 -5.51791 0.5
14 834.623 -4.42149 10.7808 0.5
14 834.11 4.57243 14.99 0.5
14 885.045 107.307 5.47595 0.5
14 847.243 34.3652 -13.5197 0.5
14 870.936 83.0373 5.0251 0.5
14 860.717 38.2686 7.59194 0.5
14 874.836 74.0434 -14.9126 0.5
14 842.324 34.3408 -0.433119 0.5
14 844.649 18.696 14.2516 0.5
14 874.832 70.3154 -14.0182 0.5
14 869.07 55.1571 -10.6964 0.5
14 859.657 34.3939 -0.880548 0.5
14 856.345 49.7241 13.7073 0.5
14 881.237 101.716 -0.960495 0.5
14 873.067 58.639 5.49585 0.5
14 859.707 37.8954 -9.55918 0.5
14 851.791 44.4122 -12.2417 0.5
14 868.683 61.0398 14.4673 0.5
14 837.685 23.4254 -8.84769 0.5
14 837.295 17.1301 -13.5217 0.5
14 857.424 34.2745 -9.94825 0.5
14 834.813 15.436 -11.9257 0.5
14 858.555 53.0763 13.9089 0.5
14 845.404 13.6809 10.1965 0.5
14 861.439 67.386 -1.44632 0.5
14 851.602 32.7629 -14.7632 0.5
14 854.956 50.2533 11.9804 0.5
14 885.021 83.2655 -11.1486 0.5
14 858.476 45.846 14.9271 0.5
14 841.488 30.9453 -7.40149 0.5
14 854.462 54.789 -4.13447 0.5
14 843.808 36.3499 -4.0902 0.5
14 865.832 61.9467 -14.8814 0.5
14 851.973 21.1045 1.16585 0.5
14 875.921 78.4751 14.9708 0.5
14 881.076 80.0811 -13.5723 0.5
14 869.348 51.3075 -2.13532 0.5
14 880.729 91.7691 13.7899 0.5
14 845.149 33.4489 -11.8409 0.5
14 846.55 12.0273 3.27021 0.5
14 885.49 93.2271 -14.9738 0.5
14 833.394 -11.0424 1.5179 0.5
14 867.297 49.1707 6.67898 0.5
14 886.625 95.0554 14.9651 0.5
14 857.195 47.1455 -14.8606 0.5
14 877.333 88.983 12.0014 0.5
14 842.683 9.59063 10.8303 0.5
14 876.63 92.9064 -5.007 0.5
14 885.715 86.2255 -12.5093 0.5
14 877.412 84.5174 14.3414 0.5
14 838.533 -1.02296 5.86772 0.5
14 875.904 77.2609 14.9979 0.5
14 835.196 21.9894 -0.610718 0.5
14 868.483 53.1026 -9.56641 0.5
14 885.065 88.2091 -14.0818 0.5
14 877.547 67.6254 7.9339 0.5
14 839.394 5.02629 -11.8115 0.5
14 850.522 47.3063 -5.97173 0.5
14 857.684 31.3668 -3.5045 0.5
14 872.425 56.4843 -0.0731041 0.5
14 866.87 47.7986 -5.21549 0.5
14 843.745 36.687 1.90208 0.5
14 872.097 64.7097 13.6557 0.5
14 884.429 105.394 7.27234 0.5
14 886.064 103.908 -12.1473 0.5
14 853.027 22.8955 -0.567926 0.5
14 839.063 1.60211 -8.86824 0.5
14 884.099 78.7388 -7.54546 0.5
14 833.933 -8.37108 -7.15332 0.5
14 833.572 19.1703 0.732714 0.5
15 946.792 85.0205 -0.783716 0.5
15 896.442 91.0158 12.0118 0.5
15 983.134 113.57 -6.39213 0.5
15 937.978 86.3462 6.21071 0.5
15 962.472 90.5357 11.6373 0.5
15 935.778 114.838 -2.19765 0.5
15 921.234 101.764 14.8959 0.5
15 914.06 109.26 -11.8004 0.5
15 931.826 92.486 -12.9823 0.5
15 910.565 85.2278 2.60429 0.5
15 891.125 86.9594 7.41235 0.5
15 971.934 114.695 -3.01181 0.5
15 962.842 103.596 -14.5627 0.5
15 919.068 86.3911 -6.30862 0.5
15 979.058 91.6435 12.4567 0.5
15 985.361 109.373 -11.7109 0.5
15 989.2 95.2481 -14.2274 0.5
15 946.597 85.2188 2.55245 0.5
15 989.521 109.24 11.8164 0.5
15 945.079 88.2763 9.35707 0.5
15 928.157 88.908 -10.0979 0.5
15 951.185 89.4336 -10.6466 0.5
15 953.918 101.035 -14.9643 0.5
15 951.121 94.1752 -13.8229 0.5
15 949.752 94.0489 -13.769 0.5
15 953.216 85.1812 2.32435 0.5
15 897.501 104.759 14.2249 0.5
15 989.772 113.971 -5.45912 0.5
15 992.199 94.0244 13.7583 0.5
15 944.82 104.745 14.2299 0.5
15 917.285 114.983 0.721308 0.5
15 908.071 98.0319 -14.8703 0.5
15 991.496 95.4271 -14.286 0.5
15 994.6 100.038 15 0.5
15 925.633 97.8341 -14.8428 0.5
15 963.134 101.659 14.908 0.5
15 897.255 85.7678 -4.73745 0.5
15 953.194 113.564 6.40391 0.5
15 966.268 109.256 11.8037 0.5
15 990.354 102.819 -14.7327 0.5
15 938.32 104.785 -14.2165 0.5
15 928.593 112.489 -8.30883 0.5
15 919.051 93.5733 -13.5535 0.5
15 943.594 85.9904 -5.36011 0.5
15 940.194 86.0398 -5.48742 0.5
15 990.021 112.217 8.70275 0.5
15 964.362 109.152 11.8847 0.5
15 898.952 112.602 8.13643 0.5
15 997.931 85.0571 1.30789 0.5
15 924.843 107.296 -13.1058 0.5
15 962.797 112.737 -7.92325 0.5
15 998.129 90.0642 11.2374 0.5
15 961.986 110.001 -11.1797 0.5
15 959.092 115 -0.115132 0.5
15 979.509 86.2293 5.94705 0.5
15 945.001 98.5456 14.9293 0.5
15 987.493 92.0228 12.7029 0.5
15 933.384 85.005 0.385985 0.5
15 962.968 85.455 -3.66648 0.5
15 990.283 85.9853 5.34688 0.5
15 913.066 114.612 -3.38822 0.5
15 893.787 114.936 1.37968 0.5
15 969.11 114.657 -3.18712 0.5
15 996.011 85.7464 -4.67285 0.5
15 994.123 112.171 -8.76733 0.5
15 903.162 99.6145 14.995 0.5
15 956.822 108.127 12.6076 0.5
15 896.907 99.8393 -14.9991 0.5
15 934.165 99.0953 14.9727 0.5
15 943.633 93.3708 13.4556 0.5
15 902.783 101.87 14.883 0.5
15 975.468 95.4469 -14.2923 0.5
15 910.951 112.235 8.67764 0.5
15 952.803 89.3203 10.533 0.5
15 918.698 96.3927 -14.5598 0.5
15 958.158 87.3567 -8.07136 0.5
15 932.191 90.0056 11.1854 0.5
15 984.197 95.5946 -14.3385 0.5
15 959.288 111.457 -9.68227 0.5
15 968.159 89.1322 -10.3388 0.5
15 975.594 101.32 -14.9418 0.5
15 968.535 91.1237 -12.0918 0.5
15 920.736 93.4397 -13.4893 0.5
15 972.163 85.3972 -3.42902 0.5
15 907.412 112.1 -8.86506 0.5
15 997.587 85.0975 -1.70736 0.5
15 975.103 85.0465 -1.18072 0.5
15 923.996 106.366 -13.5819 0.5
15 890.952 109.172 11.8689 0.5
15 999.471 112.65 -8.06036 0.5
15 960.733 114.194 -4.85125 0.5
15 992.369 93.5234 -13.5297 0.5
15 910.153 103.241 14.6456 0.5
15 905.279 110.825 -10.3838 0.5
15 942.148 89.8323 11.0281 0.5
15 937.548 107.708 12.8679 0.5
15 973.144 112.636 8.08246 0.5
15 920.807 90.0416 -11.2174 0.5
15 999.06 86.042 -5.49299 0.5
15 956.222 114.889 1.82489 0.5
15 940.497 96.664 -14.6243 0.5
15 891.851 103.694 -14.538 0.5
15 923.501 93.4887 -13.5131 0.5
15 909.151 105.506 -13.9531 0.5
15 999.468 109.427 11.6674 0.5
15 975.761 87.3371 8.04066 0.5
15 993.328 112.279 8.61478 0.5
15 894.528 107.491 -12.9958 0.5
15 968.262 97.0411 -14.7053 0.5
15 958.031 110.19 11.0075 0.5
15 950.332 106.645 13.4476 0.5
15 949.352 103.587 14.5647 0.5
15 923.047 85.2841 2.90572 0.5
15 934.301 111.279 9.889 0.5
15 978.616 114.48 3.91677 0.5
15 894.635 85.6174 -4.25913 0.5
15 946.013 85.8537 -4.98807 0.5
15 894.479 97.7966 -14.8373 0.5
15 922.522 114.631 -3.30661 0.5
15 905.675 88.0062 -9.00824 0.5
15 910.285 112.056 -8.92515 0.5
15 969.613 86.7079 6.95128 0.5
15 937.71 85.2159 2.53598 0.5
15 969.137 111.871 9.1689 0.5
15 890.308 114.869 1.9761 0.5
15 898.211 89.7966 -10.995 0.5
15 944.593 104.697 -14.2457 0.5
15 930.48 92.3485 12.9018 0.5
15 890.599 100.141 -14.9993 0.5
15 911.728 108.412 -12.4192 0.5
15 976.018 106.705 13.418 0.5
15 908.464 85.4517 -3.65321 0.5
15 901.1 88.2826 -9.36496 0.5
15 959.535 103.942 14.4726 0.5
15 905.638 114.617 -3.36996 0.5
