0 134.196 22.228 62.8611 0.5
0 54.4553 99.5509 99.999 0.5
0 43.9515 149.991 -86.6077 0.5
0 46.76 41.1164 80.8252 0.5
0 176.841 199.966 -2.60166 0.5
0 176.118 101.904 -99.9819 0.5
0 162.593 0.165993 5.75943 0.5
0 260.412 98.2956 99.9855 0.5
0 25.1034 143.346 90.1173 0.5
0 7.66989 133.731 94.1394 0.5
0 153.35 88.7225 -99.3621 0.5
0 153.294 156.56 82.4681 0.5
0 13.07 31.6285 -72.9749 0.5
0 280.364 104.171 -99.913 0.5
0 288.659 170.182 -71.235 0.5
0 231.268 97.7715 99.9752 0.5
0 213.746 13.2841 -49.8032 0.5
0 325.301 190.132 43.3144 0.5
0 4.10864 135.564 -93.4622 0.5
0 129.512 126.275 96.4864 0.5
0 77.2568 102.791 -99.961 0.5
0 207.91 56.219 89.9068 0.5
0 103.368 5.47857 32.6451 0.5
0 197.095 43.9061 82.7857 0.5
0 217.226 170.073 -71.3425 0.5
0 306.374 5.23943 31.9442 0.5
0 328.563 157.081 82.108 0.5
0 208.509 188.852 -45.8845 0.5
0 248.885 8.02171 39.2428 0.5
0 92.0032 153.777 84.3092 0.5
0 252.387 0.0290513 2.41027 0.5
0 228.735 125.026 -96.818 0.5
0 114.262 182.788 56.091 0.5
0 73.9175 189.927 43.7403 0.5
0 297.044 88.2575 -99.3082 0.5
0 226.105 31.6133 -72.9607 0.5
0 50.9012 193.861 -34.4988 0.5
0 298.026 182.293 56.8144 0.5
0 223.705 139.181 -92.0044 0.5
0 104.624 57.6429 -90.5863 0.5
0 64.2781 192.54 -37.9002 0.5
0 111.942 31.5995 72.9478 0.5
0 76.6629 197.619 -21.6906 0.5
0 241.442 167.674 73.6222 0.5
0 57.6954 142.831 -90.3631 0.5
0 176.863 86.7305 -99.1157 0.5
0 208.216 57.6036 -90.5679 0.5
0 8.35669 164.946 -76.0394 0.5
0 217.321 165.999 -75.1274 0.5
0 270.23 170.85 -70.5714 0.5
0 303.884 13.2147 49.682 0.5
0 13.01 4.60357 29.992 0.5
0 105.162 0.776177 12.4352 0.5
0 40.6063 150.815 -86.1266 0.5
0 80.55 191.038 -41.3781 0.5
0 36.129 178.869 -61.4792 0.5
0 274.495 176.869 63.9624 0.5
0 325.548 132.763 94.4806 0.5
0 208.928 163.883 -76.9349 0.5
0 138.723 151.866 85.4978 0.5
0 118.976 3.38346 -25.7923 0.5
0 91.0837 1.72992 -18.52 0.5
0 74.148 5.828 -33.6398 0.5
0 55.3136 156.789 82.3106 0.5
0 272.016 0.0533198 3.26514 0.5
0 76.4077 152.944 84.8347 0.5
0 192.506 95.8676 -99.9146 0.5
0 235.182 69.9557 95.38 0.5
0 14.5513 195.706 -28.9875 0.5
0 276.608 52.13 87.7978 0.5
0 117.824 159.114 -80.6569 0.5
0 164.506 126.274 -96.4865 0.5
0 282.855 118.554 -98.2637 0.5
0 279.405 176.943 63.8726 0.5
0 115.103 39.6888 -79.7656 0.5
0 35.0808 181.006 58.6344 0.5
0 310.528 13.9505 50.9459 0.5
0 327.437 198.13 19.2503 0.5
0 16.6545 18.3583 -57.7463 0.5
0 62.6641 181.995 57.2429 0.5
0 6.87006 72.2463 96.0715 0.5
0 62.0405 147.344 -88.0828 0.5
0 244.583 199.982 1.91575 0.5
0 188.807 199.904 -4.38247 0.5
0 170.691 166.105 75.0342 0.5
0 91.8611 65.3827 -93.8171 0.5
0 295.455 183.706 54.7117 0.5
0 97.5277 151.806 85.5345 0.5
0 233.763 0.537003 10.3495 0.5
0 320.387 117.729 98.4159 0.5
0 294.927 19.8751 59.8331 0.5
0 267.794 181.338 -58.1732 0.5
0 233.177 54.0206 88.8026 0.5
0 170.037 165.646 -75.4364 0.5
0 224.689 179.708 -60.3869 0.5
0 29.858 69.346 95.1858 0.5
0 87.2096 29.1855 -70.6067 0.5
0 326.489 11.5297 -46.6156 0.5
0 240.837 83.228 98.5835 0.5
0 252.608 19.9626 -59.9501 0.5
0 124.077 3.5769 -26.5063 0.5
0 270.838 189.313 44.98 0.5
0 315.447 170.434 -70.9863 0.5
0 258.341 44.3473 83.0829 0.5
0 186.884 26.5065 67.8137 0.5
0 217.37 8.44958 -40.2308 0.5
0 297.564 172.417 -68.9617 0.5
0 77.4653 192.773 37.3256 0.5
0 199.306 112.271 -99.2442 0.5
0 8.74385 185.243 52.2848 0.5
0 189.233 77.5207 -97.4407 0.5
0 229.713 53.1436 -88.343 0.5
0 16.4371 2.12088 20.486 0.5
0 289.141 199.889 4.70361 0.5
0 147.475 53.0536 -88.2952 0.5
0 197.527 97.4737 99.9681 0.5
0 75.7 178.249 -62.2666 0.5
0 206.338 182.821 56.0413 0.5
0 223.228 126.22 -96.5014 0.5
0 181.415 65.251 -93.7684 0.5
0 132.202 10.0085 43.6065 0.5
0 140.936 199.947 -3.26687 0.5
0 79.4875 193.585 35.2388 0.5
0 23.7014 140.46 91.4495 0.5
0 2.97461 151.931 -85.4588 0.5
0 318.863 190.237 43.0961 0.5
0 58.153 199.592 9.02014 0.5
0 309.192 196.431 26.479 0.5
0 244.164 2.63761 22.8159 0.5
0 185.937 199.608 -8.84314 0.5
0 145.207 26.7463 -68.0727 0.5
0 194.093 24.7355 65.8427 0.5
0 70.6355 198.109 19.3562 0.5
0 35.4554 14.2042 -51.3719 0.5
0 161.829 159.863 80.1024 0.5
0 73.5653 12.0745 47.6352 0.5
0 324.425 153.73 84.3392 0.5
0 82.8404 185.029 52.6308 0.5
0 319.557 48.2146 85.5469 0.5
0 33.5735 188.904 45.7834 0.5
0 176.174 71.0252 -95.7103 0.5
0 112.486 3.2195 25.1701 0.5
0 317.617 0.00133197 -0.516133 0.5
0 288.338 1.09439 -14.754 0.5
0 197.563 0.0154099 -1.75549 0.5
0 28.7751 121.356 97.693 0.5
0 19.6112 180.775 58.9527 0.5
0 262.874 138.816 92.1593 0.5
0 158.909 197.96 -20.096 0.5
0 246.83 15.8102 -53.9637 0.5
0 232.544 197.441 22.4795 0.5
0 174.905 199.988 1.56274 0.5
1 358.067 151.531 -33.0783 0.5
1 365.08 -47.852 -37.0945 0.5
1 357.297 -40.5379 13.8795 0.5
1 368.061 -51.8613 39.8637 0.5
1 346.39 168.684 -40.7988 0.5
1 359.288 70.9482 98.7273 0.5
1 336.333 191.679 24.8025 0.5
1 349.715 51.946 -98.0444 0.5
1 379.394 25.6545 99.8523 0.5
1 369.736 69.0716 -94.6999 0.5
1 374.488 1.11927 -96.1159 0.5
1 346.938 93.2835 -98.5705 0.5
1 346.441 21.5375 83.0115 0.5
1 372.207 129.104 26.4614 0.5
1 336.758 80.563 99.0838 0.5
1 352.481 -5.90665 -68.6187 0.5
1 346.949 151.812 -65.6935 0.5
1 370.777 131.457 26.9121 0.5
1 335.365 111.262 -98.9016 0.5
1 334.969 179.163 -57.2416 0.5
1 350.962 -13.3063 56.113 0.5
1 379.668 28.1236 -99.6485 0.5
1 338.909 45.1845 89.223 0.5
1 364.601 145.77 -3.82815 0.5
1 386.701 103.502 28.2133 0.5
1 350.888 127.992 -81.1777 0.5
1 365.933 102.555 -80.7258 0.5
1 335.28 81.5353 -98.8546 0.5
1 363.168 142.865 32.5918 0.5
1 366.013 25.7002 -98.4217 0.5
1 362.895 118.18 72.0143 0.5
1 384.775 -74.6663 51.7514 0.5
1 341.081 -13.2882 5.10975 0.5
1 356.897 51.7099 99.7201 0.5
1 333.805 32.6179 -74.6266 0.5
1 383.921 6.20763 99.8094 0.5
1 361.071 108.174 -82.7024 0.5
1 374.514 124.921 -27.1385 0.5
1 375.218 76.5241 87.1324 0.5
1 336.801 44.069 86.6457 0.5
1 333.793 193.354 33.7022 0.5
1 336.995 188.906 -30.4593 0.5
1 339.141 164.965 -66.1164 0.5
1 337.912 189.64 21.9042 0.5
1 370.433 19.126 98.61 0.5
1 373.618 -51.8272 -57.1608 0.5
1 346.471 145.46 73.1212 0.5
1 388.58 -93.9624 -18.5057 0.5
1 344.767 -16.0932 -26.9897 0.5
1 367.128 17.7777 97.1537 0.5
1 361.928 46.0272 -99.9012 0.5
1 364.704 30.5681 -98.8539 0.5
1 386.047 -90.8813 -9.17622 0.5
1 366.881 116.966 -66.0623 0.5
1 379.764 99.9182 -59.5455 0.5
1 360.441 150.255 -23.4697 0.5
1 387.955 105.164 6.75243 0.5
1 366.912 45.1914 -99.9438 0.5
1 364.567 140.402 -32.7044 0.5
1 353.908 137.154 68.5685 0.5
1 343.751 181.798 5.63691 0.5
1 386.723 12.353 -99.8834 0.5
1 336.908 193.12 11.7124 0.5
1 380.469 -58.431 64.0576 0.5
1 386.572 63.6069 -82.9713 0.5
1 358.031 66.3071 -99.5864 0.5
1 385.975 108.793 2.40728 0.5
1 339.729 46.5803 90.5934 0.5
1 351.159 167.049 -20.2669 0.5
1 362.315 -45.8729 -29.0889 0.5
1 380.944 114.006 26.3348 0.5
1 347.622 172.23 -24.3951 0.5
1 352.108 46.4012 97.7529 0.5
1 377.498 -45.9691 -71.9269 0.5
1 346.085 156.28 62.1178 0.5
1 349.99 160.112 -45.669 0.5
1 384.099 -38.5776 -86.2243 0.5
1 351.266 36.8448 -94.7095 0.5
1 382.582 63.6234 87.2143 0.5
1 386.506 87.5161 60.5104 0.5
1 384.864 41.4205 95.1793 0.5
1 378.054 117.553 -31.1886 0.5
1 366.865 66.01 -97.0552 0.5
1 338.455 13.9614 63.6015 0.5
1 382.706 84.0115 71.8752 0.5
1 360.918 10.25 90.765 0.5
1 373.46 117.316 49.6259 0.5
1 365.206 -51.5543 -26.7737 0.5
1 386.183 -21.2624 95.4805 0.5
1 343.609 173.42 40.9803 0.5
1 336.046 36.744 -81.0622 0.5
1 335.453 10.5093 -51.3325 0.5
1 338.328 167.464 64.8569 0.5
1 354.986 99.6486 92.8423 0.5
1 347.514 17.1732 -81.2719 0.5
1 353.788 142.358 62.8435 0.5
1 381.179 54.8331 92.6199 0.5
1 350.773 70.7056 -99.9958 0.5
1 362.873 14.9567 -94.0862 0.5
1 363.171 -32.2558 59.224 0.5
1 362.884 146.934 19.3122 0.5
1 363.907 -41.7232 46.0473 0.5
1 388.884 12.4489 -99.6238 0.5
1 382.08 50.1772 -93.8203 0.5
1 377.848 85.0772 -78.3186 0.5
1 387.469 20.2512 99.0127 0.5
1 362.257 108.701 -80.8874 0.5
1 368.296 -30.7731 -71.2021 0.5
1 348.39 128.265 -83.9453 0.5
1 381.204 -75.038 -38.9018 0.5
1 357.324 -9.8581 73.037 0.5
1 334.623 101.893 -99.9148 0.5
1 381.818 -69.0631 52.5409 0.5
1 352.637 99.8487 94.2983 0.5
1 348.34 -15.8208 -43.942 0.5
1 379.56 68.3053 87.5217 0.5
1 388.723 -28.3201 -94.6115 0.5
1 353.366 164.644 -11.4568 0.5
1 360.062 -11.2877 -76 0.5
1 363.425 24.0383 -97.1163 0.5
1 333.589 92.0613 99.7187 0.5
1 345.782 59.1783 -98.1276 0.5
1 349.271 127.596 83.3832 0.5
1 387.49 -93.0473 12.2685 0.5
1 344.953 175.052 -30.6817 0.5
1 339.247 54.7995 -93.6909 0.5
1 374.704 0.252684 95.9733 0.5
1 372.82 131.064 -10.4061 0.5
1 355.519 156.645 31.0044 0.5
1 351.274 41.2851 96.1039 0.5
1 376.38 124.025 16.7684 0.5
1 386.828 -41.1664 -87.4449 0.5
1 369.644 85.0782 -87.7435 0.5
1 372.976 -64.8889 -27.2131 0.5
1 346.552 46.9409 -95.3421 0.5
1 351.913 81.2155 -99.0986 0.5
1 337.823 114.287 -97.5357 0.5
1 359.458 117.672 77.7237 0.5
1 375.874 -70.63 24.5176 0.5
1 355.606 -38.1698 9.02145 0.5
1 385.02 83.7075 68.096 0.5
1 387.369 -40.1079 -88.5226 0.5
1 370.626 -20.1305 83.1603 0.5
1 387.655 31.9343 96.5547 0.5
1 385.406 57.8368 -87.7112 0.5
1 353.125 148.376 -56.2846 0.5
1 343.68 -16.2104 -18.421 0.5
1 384.403 96.7224 -52.3915 0.5
1 370.562 127.855 -38.3895 0.5
1 335.976 106.359 -99.4002 0.5
1 344.283 175.719 -32.1665 0.5
1 359.793 -28.4067 56.3997 0.5
1 381.972 -82.5356 -18.4048 0.5
1 368.166 -41.7267 -58.0948 0.5
1 375.266 90.1464 -77.8405 0.5
1 336.747 173.112 -61.279 0.5
1 354.38 131.428 -73.4312 0.5
2 357.551 -115.964 75.5974 0.5
2 333.898 -186.276 -31.8162 0.5
2 381.386 90.3834 8.8891 0.5
2 349.492 -7.58618 -82.2507 0.5
2 358.788 -135.263 49.4791 0.5
2 355.573 -123.622 71.7145 0.5
2 367.142 60.0659 -34.2327 0.5
2 383.694 -105.189 -2.57372 0.5
2 381.63 -108.672 4.99984 0.5
2 342.365 -74.6983 99.9778 0.5
2 365.676 -48.2703 99.2967 0.5
2 336.237 -96.5145 -99.5856 0.5
2 351.416 -46.9447 98.9887 0.5
2 353.766 -114.664 -81.7414 0.5
2 370.154 -13.4105 -98.8282 0.5
2 344.675 -131.854 -80.705 0.5
2 341.211 -157.427 61.7961 0.5
2 375.497 70.5994 -43.548 0.5
2 385.713 -42.8701 91.1437 0.5
2 369.074 -36.306 99.834 0.5
2 368.787 -56.0799 96.8151 0.5
2 339.611 -27.0403 83.8197 0.5
2 365.405 -103.89 -74.2452 0.5
2 362.49 -92.8022 -86.1045 0.5
2 357.205 17.7153 -72.554 0.5
2 379.034 72.8692 -50.7534 0.5
2 334.795 -24.8372 -75.9246 0.5
2 380.623 -103.833 -36.0116 0.5
2 385.723 -4.7049 99.9551 0.5
2 337.329 -14.13 70.0144 0.5
2 369.685 -127.469 -19.9938 0.5
2 344.999 -72.7922 -99.9985 0.5
2 336.624 -69.8884 -98.568 0.5
2 369.936 -65.1487 -93.2583 0.5
2 381.549 -99.5569 -42.2884 0.5
2 343.546 9.41005 53.9931 0.5
2 353.474 -113.687 82.7672 0.5
2 375.302 79.6748 -10.6283 0.5
2 339.942 -123.338 90.5965 0.5
2 374.193 -93.299 69.79 0.5
2 347.513 -144.906 63.7857 0.5
2 334.915 -189.635 -3.86678 0.5
2 359.333 -95.1085 87.8952 0.5
2 359.504 -129.05 57.3397 0.5
2 353.45 34.4055 39.1606 0.5
2 386.073 -69.748 72.7173 0.5
2 371.143 -57.6016 -95.1901 0.5
2 370.721 66.9305 32.3465 0.5
2 338.922 -152.315 71.8572 0.5
2 369.764 -74.3312 89.3127 0.5
2 370.711 -53.9008 -96.5093 0.5
2 360.422 26.074 -69.8056 0.5
2 381.941 -91.3861 55.586 0.5
2 363.186 -132.038 -40.811 0.5
2 351.603 -53.8109 -99.755 0.5
2 346.495 -36.4897 -94.3409 0.5
2 381.886 29.9637 -92.3673 0.5
2 348.711 -28.8046 92.899 0.5
2 334.068 -62.3728 -95.7614 0.5
2 338.279 -47.5906 -93.1813 0.5
2 384.801 -97.1201 -34.6256 0.5
2 334.624 -36.4807 -84.3371 0.5
2 345.169 -43.2028 95.7789 0.5
2 386.18 -20.9256 97.9779 0.5
2 342.288 -176.258 -11.6618 0.5
2 365.75 -130.964 32.2361 0.5
2 365.687 -30.2059 99.8072 0.5
2 355.749 46.3623 -1.63574 0.5
2 342.208 -52.8548 -97.0216 0.5
2 382.647 92.055 13.453 0.5
2 371.841 -8.79073 -98.551 0.5
2 365.927 -126.426 42.6884 0.5
2 377.438 4.7242 -97.8164 0.5
2 338.012 12.9864 22.9392 0.5
2 350.797 -78.0188 98.7413 0.5
2 361.627 -103.778 -79.7484 0.5
2 345.011 -169.988 -21.0244 0.5
2 338.144 -138.427 -83.967 0.5
2 373.843 -10.2033 -99.2674 0.5
2 347.654 -80.3237 -99.1931 0.5
2 367.482 -78.9476 88.9748 0.5
2 355.612 -150.196 26.8284 0.5
2 374.987 -80.8637 79.5772 0.5
2 387.998 -58.2548 79.6329 0.5
2 388.233 -43.2567 -88.8459 0.5
2 352.151 -75.8006 -98.7207 0.5
2 366.441 -3.80548 94.9753 0.5
2 388.468 69.169 -75.019 0.5
2 356.738 14.2254 75.0061 0.5
2 386.697 53.7562 -84.3083 0.5
2 365.522 -103.35 74.548 0.5
2 385.063 74.5299 -63.3418 0.5
2 354.853 -3.5525 -85.6444 0.5
2 367.693 -103.356 71.0021 0.5
2 365.485 -107.095 -71.0863 0.5
2 368.894 -6.62482 97.0193 0.5
2 371.434 27.8394 83.9753 0.5
2 356.038 -88.0098 -93.7176 0.5
2 371.444 53.8594 59.5984 0.5
2 349.518 -146.012 57.8136 0.5
2 353.581 -154.44 -24.0756 0.5
2 365.258 -79.8898 90.4089 0.5
2 347.362 -143.929 65.2521 0.5
2 348.204 15.5915 56.825 0.5
2 338.523 11.4859 -31.3862 0.5
2 339.071 -25.7848 82.3531 0.5
2 348.308 -66.0279 -99.9988 0.5
2 341.567 -18.8247 -80.4735 0.5
2 379.81 -21.1136 99.5793 0.5
2 369.951 68.1248 -23.6983 0.5
2 337.848 -159.248 66.574 0.5
2 383.745 -4.18413 99.9955 0.5
2 351.727 -131.472 70.5399 0.5
2 333.86 -154.519 -77.6748 0.5
2 386.875 10.0101 99.5262 0.5
2 343.626 -2.68185 -69.4586 0.5
2 376.316 77.5943 29.348 0.5
2 344.401 -1.43755 69.5602 0.5
2 337.142 -179.756 -34.3822 0.5
2 363.914 -139.004 9.7716 0.5
2 387.115 -22.5598 -97.2567 0.5
2 336.842 -179.334 -36.8556 0.5
2 356.722 -28.0997 97.1166 0.5
2 385.337 59.163 78.8216 0.5
2 354.862 14.4099 -71.8317 0.5
2 375.26 -114.662 31.7333 0.5
2 373.347 -90.6331 73.7926 0.5
2 354.235 37.2766 35.3997 0.5
2 360.598 -140.046 -31.7667 0.5
2 386.339 -100.016 -11.1673 0.5
2 365.188 -31.131 -99.811 0.5
2 366.836 -106.11 69.719 0.5
2 339.297 -104.925 -97.3651 0.5
2 346.69 -5.233 -76.7684 0.5
2 357.463 -136.207 51.778 0.5
2 373.334 66.8415 -43.5729 0.5
2 356.641 -151.963 -4.83831 0.5
2 386.986 -58.2251 -80.9559 0.5
2 361.332 50.3764 33.1919 0.5
2 367.481 -127.169 -34.4879 0.5
2 377.223 -99.7189 -55.3447 0.5
2 351.503 -11.5141 86.909 0.5
2 360.436 22.1632 -73.6263 0.5
2 346.311 -164.8 31.746 0.5
2 383.839 73.8522 -61.5363 0.5
2 373.318 -57.6391 -93.8804 0.5
2 334.213 -190.695 6.79471 0.5
2 388.837 -28.2694 94.7572 0.5
2 346.797 -167.006 -20.5029 0.5
2 363.129 -30.1611 99.428 0.5
2 338.669 -101.129 -98.3811 0.5
2 348.367 -120.602 -84.0436 0.5
2 376.009 70.3553 -45.8106 0.5
2 345.674 -159.092 47.4665 0.5
2 382.315 -13.3825 -99.8333 0.5
2 343.594 -153.986 60.9113 0.5
2 374.314 75.5971 24.0453 0.5
2 337.205 -181.691 28.1837 0.5
2 374.266 57.3123 61.484 0.5
2 352.386 -139.188 60.3484 0.5
2 380.955 57.7307 73.6008 0.5
2 339.63 -166.434 52.8567 0.5
2 361.618 -136.545 36.5379 0.5
3 362.554 -4.15784 46.9519 0.5
3 387.637 -57.1311 93.5552 0.5
3 424.818 -139.769 88.0962 0.5
3 364.945 3.33608 -28.723 0.5
3 418.081 -158.284 -75.2725 0.5
3 343.213 -173.596 58.4402 0.5
3 395.289 -66.9497 -96.694 0.5
3 417.837 -188.388 -28.2106 0.5
3 417.108 -162.029 -71.8245 0.5
3 429.643 -182.675 43.1224 0.5
3 370.59 -189.534 23.9749 0.5
3 423.875 -183.554 41.232 0.5
3 401.775 -96.7777 -99.9063 0.5
3 403.941 -101.648 -99.5761 0.5
3 412.096 -115.194 -97.3793 0.5
3 374.355 -171.936 -60.6799 0.5
3 373.652 -7.15041 52.1916 0.5
3 386.906 2.22444 32.1983 0.5
3 346.893 -11.6592 58.9307 0.5
3 392.924 -10.1536 56.8092 0.5
3 392.494 -123.966 -94.9038 0.5
3 394.987 -136.501 89.7747 0.5
3 338.064 0.388711 37.1612 0.5
3 352.976 -154.934 78.0754 0.5
3 355.762 -182.34 43.8157 0.5
3 421.415 5.85828 18.3157 0.5
3 351.156 -108.726 98.6666 0.5
3 412.181 -132.477 91.6396 0.5
3 334.006 -133.319 91.2674 0.5
3 354.677 -133.15 91.3429 0.5
3 397.304 -92.7337 99.9996 0.5
3 368.078 -166.031 -67.7185 0.5
3 429.625 -10.8219 57.7654 0.5
3 337.689 -178.015 51.7562 0.5
3 443.625 -17.305 65.9789 0.5
3 380.204 -181.93 -44.6467 0.5
3 378.066 -174.282 -57.4762 0.5
3 341.138 -164.997 -68.8253 0.5
3 436.775 -15.9299 -64.379 0.5
3 362.37 -171.084 -61.7801 0.5
3 350.536 -26.26 -74.9592 0.5
3 399.781 -161.655 72.1853 0.5
3 420.685 -126.726 -93.9423 0.5
3 385.374 -29.9905 -78.0948 0.5
3 339.927 -174.215 -57.5722 0.5
3 428.243 -20.4818 -69.4302 0.5
3 411.217 -190.351 20.3838 0.5
3 391.033 5.80601 18.5941 0.5
3 412.592 -5.10661 48.6941 0.5
3 406.558 -188.304 28.4973 0.5
3 343.048 -30.7638 -78.7071 0.5
3 414.758 -171.442 -61.3208 0.5
3 367.876 -95.8505 99.9422 0.5
3 344.511 -174.475 -57.2011 0.5
3 354.793 -72.9646 -98.0832 0.5
3 383.661 -49.3031 -90.2127 0.5
3 342.854 -175.314 -55.9783 0.5
3 412.646 -121.214 95.7739 0.5
3 443.098 -67.5725 -96.8561 0.5
3 421.575 -22.1468 71.1158 0.5
3 365.765 -186.824 -33.0695 0.5
3 430.564 -191.602 -12.9947 0.5
3 368.368 -64.8346 96.1113 0.5
3 356.092 -51.3877 91.1805 0.5
3 359.368 -151 -81.0672 0.5
3 361.644 -66.8609 -96.6705 0.5
3 338.356 -182.903 42.6421 0.5
3 420.072 7.45642 -4.3232 0.5
3 366.924 -192.213 -6.88665 0.5
3 370.3 -99.0682 -99.7808 0.5
3 352.899 -186.203 34.7914 0.5
3 377.031 -126.237 -94.1192 0.5
3 335.431 -192.179 7.36182 0.5
3 436.561 -192.16 7.61255 0.5
3 381.675 -105.373 99.1615 0.5
3 348.588 -136.431 -89.809 0.5
3 442.959 -82.5833 -99.512 0.5
3 432.556 -15.6912 64.0943 0.5
3 431.968 0.499669 36.8828 0.5
3 391.955 -181.304 45.8808 0.5
3 424.209 0.488278 36.9115 0.5
3 337.75 -54.6524 92.5815 0.5
3 413.192 1.09222 35.353 0.5
3 367.283 -65.9194 -96.4164 0.5
3 361.918 -176.53 54.1345 0.5
3 386.033 -91.678 -99.997 0.5
3 363.787 -176.832 53.6621 0.5
3 338.959 -45.0005 -88.0258 0.5
3 399.762 -2.23525 -43.1426 0.5
3 428.319 -183.966 40.3093 0.5
3 345.145 -65.367 96.2627 0.5
3 343.045 -31.7525 79.472 0.5
3 374.731 7.37964 5.83315 0.5
3 363.715 -21.1811 70.1479 0.5
3 403.539 -162.224 -71.6354 0.5
3 427.69 -107.47 -98.8655 0.5
3 406.121 -121.983 -95.5396 0.5
3 365.134 4.45394 24.6902 0.5
3 358.318 -174.409 -57.2953 0.5
3 398.776 -117.128 96.9072 0.5
3 412.902 -129.584 -92.8497 0.5
3 377.766 -173.613 -58.4169 0.5
3 347.089 -172.413 -60.0493 0.5
3 399.805 -157.384 76.0501 0.5
3 423.253 -57.7182 93.7747 0.5
3 374.194 -192.442 1.3047 0.5
3 395.272 -84.2824 99.6659 0.5
3 352.976 -81.5718 -99.4065 0.5
3 393.483 -0.868105 -40.1589 0.5
3 408.507 -185.553 36.4942 0.5
3 346.664 5.33429 -20.9336 0.5
3 413.169 -133.482 -91.1941 0.5
3 403.877 -29.7458 77.8985 0.5
3 357.213 -98.9906 -99.7859 0.5
3 426.709 -191.741 -11.886 0.5
3 337.149 -100.935 -99.6394 0.5
3 410.852 3.41537 28.4572 0.5
3 357.615 -189.412 24.4635 0.5
3 373.058 -189.659 23.4628 0.5
3 407.289 -21.1445 -70.1107 0.5
3 427.584 -151.942 80.3783 0.5
3 435.946 -167.235 -66.3871 0.5
3 349.754 -100.521 99.6737 0.5
3 370.841 -192.45 0.142695 0.5
3 381.795 -67.6582 -96.8781 0.5
3 409.823 -113.808 -97.6925 0.5
3 348.1 -64.9724 96.1508 0.5
3 408.336 -10.5687 -57.4059 0.5
3 368.516 -149.025 82.4577 0.5
3 333.893 -188.76 -26.9161 0.5
3 436.539 -177.217 -53.0527 0.5
3 342.597 -66.5139 96.578 0.5
3 409.488 -132.756 91.5175 0.5
3 378.39 2.56154 -31.1896 0.5
3 392.683 -189.795 22.8907 0.5
3 391.734 -1.48649 -41.5406 0.5
3 432.327 -91.3253 99.9937 0.5
3 340.359 -175.021 -56.4103 0.5
3 334.752 7.52928 2.03128 0.5
3 340.106 -179.493 49.2301 0.5
3 352.379 -54.8063 -92.6442 0.5
3 398.58 -52.1981 91.5411 0.5
3 404.452 -60.1577 94.6425 0.5
3 364.754 -191.505 13.7162 0.5
3 404.391 -131.249 92.1662 0.5
3 417.229 -166.91 66.7513 0.5
3 333.776 -175.994 -54.9587 0.5
3 435.602 -99.466 99.7536 0.5
3 398.304 -11.9396 59.3132 0.5
3 412.218 -119.433 96.2908 0.5
3 372.582 -188.148 29.017 0.5
3 440.505 -68.9964 -97.2107 0.5
3 381.087 -163.635 -70.2337 0.5
4 478.472 -198.213 88.3595 0.5
4 490.335 -266.259 -33.2088 0.5
4 456.505 -203.897 -42.4197 0.5
4 474.3 -165.442 -97.7095 0.5
4 455.847 -19.6204 -37.8014 0.5
4 457.4 -177.178 -78.2319 0.5
4 453.896 -62.612 88.6837 0.5
4 462.758 -24.5984 -9.24162 0.5
4 479.834 -58.8556 -31.5556 0.5
4 462.482 -199.952 64.6873 0.5
4 479.72 -204.843 85.8421 0.5
4 453.309 -9.08566 15.9588 0.5
4 490.167 -185.264 99.0681 0.5
4 492.248 -93.8878 -58.1408 0.5
4 462.624 -114.174 99.5221 0.5
4 499.539 -209.944 -97.5347 0.5
4 453.249 -28.6176 -61.2039 0.5
4 489.705 -230.037 -80.5984 0.5
4 447.609 0.520029 -17.5291 0.5
4 450.209 -17.6428 53.0114 0.5
4 458.694 -216.578 10.505 0.5
4 449.61 -36.5562 76.1294 0.5
4 491.271 -188.796 98.8318 0.5
4 464.338 -50.4751 -64.4846 0.5
4 495.563 -182.064 99.9942 0.5
4 476.945 -241.248 -37.9826 0.5
4 479.096 -72.8764 60.5402 0.5
4 472.255 -240.136 -9.82978 0.5
4 497.274 -110.515 67.8734 0.5
4 497.28 -86.6069 -22.8415 0.5
4 475.456 -73.732 -68.9467 0.5
4 449.451 -2.49404 -16.5117 0.5
4 493.061 -81.4059 -30.4507 0.5
4 451.311 -171.038 -74.5104 0.5
4 487.337 -121.861 89.3629 0.5
4 445.012 -35.5089 -81.5158 0.5
4 458.313 -208.074 -40.1115 0.5
4 474.242 -199.41 -83.2852 0.5
4 467.174 -68.0906 77.0636 0.5
4 478.486 -156.357 -99.8777 0.5
4 494.014 -148.024 95.3046 0.5
4 483.113 -227.61 -73.15 0.5
4 474.277 -241.328 -23.4741 0.5
4 493.776 -97.1018 -58.9288 0.5
4 474.016 -46.8825 -25.1446 0.5
4 499.743 -162.221 -96.5583 0.5
4 494.368 -83.8178 -30.9098 0.5
4 486.038 -205.909 91.0202 0.5
4 491.795 -268.039 35.2632 0.5
4 472.66 -61.555 -60.3106 0.5
4 493.755 -219.292 91.0125 0.5
4 473.046 -230.404 -46.7227 0.5
4 448.95 -76.4053 -97.1147 0.5
4 497.184 -112.038 69.6461 0.5
4 479.821 -100.082 -84.3948 0.5
4 474.776 -144.127 99.9963 0.5
4 494.465 -239.297 79.8433 0.5
4 485.076 -130.315 -94.5677 0.5
4 458.298 -200.037 54.886 0.5
4 471.68 -228.361 -46.1062 0.5
4 480.482 -61.0632 -34.6493 0.5
4 451.394 -184.438 -60.0656 0.5
4 483.936 -183.575 97.3838 0.5
4 482.875 -64.1531 -31.6448 0.5
4 481.225 -163.936 99.6969 0.5
4 470.616 -127.119 99.43 0.5
4 487.58 -225.275 81.3825 0.5
4 482.296 -243.549 -51.7986 0.5
4 458.39 -22.0754 32.6243 0.5
4 471.006 -46.4132 -39.093 0.5
4 497.748 -281.773 24.3192 0.5
4 464.644 -144.838 98.4743 0.5
4 485.277 -64.7825 17.8586 0.5
4 491.308 -138.777 -93.7338 0.5
4 457.993 -197.87 -57.3034 0.5
4 462.327 -175.184 -85.5619 0.5
4 468.484 -209.301 65.9022 0.5
4 476.112 -242.527 -30.5274 0.5
4 463.152 -144.067 98.1366 0.5
4 457.462 -159.909 -89.3476 0.5
4 474.131 -197.759 -84.2368 0.5
4 477.631 -243.853 34.3313 0.5
4 495.064 -95.6205 53.4676 0.5
4 456.7 -115.781 -99.9779 0.5
4 453.051 -172.96 75.4742 0.5
4 469.676 -44.9004 40.904 0.5
4 491.79 -74.5814 5.0157 0.5
4 489.431 -226.407 82.8237 0.5
4 461.041 -51.7324 -71.9365 0.5
4 469.324 -218.311 -56.1201 0.5
4 451.995 -5.58424 3.37213 0.5
4 478.553 -190.926 -91.9115 0.5
4 481.945 -199.482 -90.7157 0.5
4 452.751 -175.769 72.4457 0.5
4 486.105 -134.859 -95.4723 0.5
4 444.93 -41.9621 85.8213 0.5
4 485.479 -75.806 48.0154 0.5
4 486.459 -93.2931 -69.4714 0.5
4 460.335 -118.846 -99.9936 0.5
4 470.497 -180.761 -90.1937 0.5
4 451.64 -27.6884 -63.5314 0.5
4 478.159 -80.0213 70.5969 0.5
4 477.366 -142.506 -99.7571 0.5
4 454.483 -186.001 64.8004 0.5
4 471.459 -40.754 17.3305 0.5
4 482.403 -81.0292 -63.6018 0.5
4 467.294 -193.417 -78.9389 0.5
4 496.197 -122.983 80.6635 0.5
4 444.756 -173.378 -59.4774 0.5
4 490.299 -74.9709 -24.6999 0.5
4 471.214 -163.589 96.8831 0.5
4 491.658 -102.784 69.9718 0.5
4 484.017 -100.657 79.747 0.5
4 467.691 -78.5717 84.0749 0.5
4 476.363 -103.712 -89.7888 0.5
4 483.785 -97.4475 77.5441 0.5
4 494.102 -263.302 52.9318 0.5
4 486.33 -86.2719 -61.6627 0.5
4 444.974 -184.81 -40.4766 0.5
4 470.65 -200.942 -77.5768 0.5
4 493.114 -233.101 82.6095 0.5
4 488.909 -245.563 -64.8784 0.5
4 445.011 -22.7711 70.7608 0.5
4 491.598 -125.97 -87.6429 0.5
4 477.951 -250.468 -1.84867 0.5
4 472.589 -119.738 97.6704 0.5
4 490.496 -145.877 96.4696 0.5
4 488.698 -136.269 94.4574 0.5
4 449.288 -196.156 30.2446 0.5
4 449.985 -4.46731 21.8668 0.5
4 459.202 -57.1424 -79.3418 0.5
4 468.647 -105.393 95.7096 0.5
4 451.169 -49.6516 -83.8787 0.5
4 454.593 -109.575 -99.999 0.5
4 483.891 -63.7015 -24.0242 0.5
4 475.832 -50.0582 -25.2617 0.5
4 494.366 -254.154 65.8738 0.5
5 504.861 -133.998 88.6576 0.5
5 515.697 -260.429 14.5087 0.5
5 530.238 -42.2015 33.841 0.5
5 543.287 -212.51 -15.3726 0.5
5 520.871 -58.5412 34.1617 0.5
5 521.986 -243.221 -37.6876 0.5
5 517.506 -59.9166 -17.6141 0.5
5 530.415 -36.0323 2.75218 0.5
5 512.554 -94.7186 -69.1763 0.5
5 541.278 -196.207 61.2749 0.5
5 533.037 -222.479 -41.4034 0.5
5 520.569 -54.7279 18.2484 0.5
5 501.5 -215.373 -95.6128 0.5
5 522.09 -92.2956 -81.3772 0.5
5 536.424 -38.6484 -49.4148 0.5
5 520.184 -65.6914 -47.4526 0.5
5 500.643 -139.307 -87.587 0.5
5 512.74 -186.842 -97.9317 0.5
5 512.939 -255.015 -46.0815 0.5
5 553.629 -88.8198 -99.7569 0.5
5 531.894 -106.308 96.2511 0.5
5 514.578 -261.966 17.0277 0.5
5 509.568 -97.9316 -67.0718 0.5
5 548.228 -119.42 -98.9754 0.5
5 555.2 -42.6995 86.3899 0.5
5 537.607 -187.749 76.6611 0.5
5 541.654 -19.5223 -24.2833 0.5
5 511.541 -265.701 24.2477 0.5
5 506.027 -278.224 -1.56827 0.5
5 545.512 -120.743 99.4044 0.5
5 512.145 -267.213 9.22902 0.5
5 535.46 -188.951 78.7004 0.5
5 547.379 -11.4062 30.5916 0.5
5 506.643 -77.389 -6.62068 0.5
5 510.138 -260.369 -45.0963 0.5
5 535.301 -195.686 73.1778 0.5
5 512.692 -217.725 85.9978 0.5
5 505.311 -182.96 -99.9393 0.5
5 525.173 -233.898 -45.9382 0.5
5 544.947 -182.039 70.2023 0.5
5 534.276 -211.493 -56.971 0.5
5 541.14 -83.2282 -93.9735 0.5
5 521.207 -53.8027 -19.1923 0.5
5 548.917 -55.7234 87.6034 0.5
5 525.055 -59.2306 50.9485 0.5
5 505.249 -162.296 98.4944 0.5
5 522.934 -248.589 -8.51504 0.5
5 506.486 -135.946 -90.9846 0.5
5 531.655 -141.181 99.7307 0.5
5 506.759 -80.3808 25.9006 0.5
5 505.327 -225.179 -88.9312 0.5
5 534.798 -45.1282 55.3661 0.5
5 538.128 -183.238 -79.5444 0.5
5 553.989 -166.518 -70.0613 0.5
5 553.549 -68.1952 -96.0781 0.5
5 523.918 -190.178 -90.3161 0.5
5 506.417 -173.835 -99.9306 0.5
5 518.134 -85.5247 -69.6654 0.5
5 534.734 -222.726 33.5255 0.5
5 540.625 -200.108 -57.5254 0.5
5 516.921 -77.6277 57.609 0.5
5 532.288 -181.385 -87.3772 0.5
5 523.04 -137.196 99.3281 0.5
5 507.937 -161.865 99.1433 0.5
5 554.664 -189.178 -30.6586 0.5
5 512.773 -261.442 -31.5556 0.5
5 549.524 -13.6816 -45.1719 0.5
5 548.011 -192.923 48.5823 0.5
5 524.725 -54.8192 41.3914 0.5
5 534.676 -90.2301 92.3394 0.5
5 513.824 -226.451 -78.6812 0.5
5 547.981 -203.19 21.6895 0.5
5 540.767 -207.094 -45.5371 0.5
5 530.484 -210.992 -66.0117 0.5
5 547.252 -110.807 -99.9209 0.5
5 542.634 -72.1163 -90.418 0.5
5 520.253 -226.205 -68.759 0.5
5 516.018 -204.218 -90.1456 0.5
5 532.902 -114.679 -98.5431 0.5
5 545.82 -209.311 -0.542204 0.5
5 538.425 -38.572 54.95 0.5
5 533.891 -40.1054 43.8606 0.5
5 552.137 -13.5531 -52.9702 0.5
5 507.881 -238.496 77.2753 0.5
5 539.241 -20.7938 4.13242 0.5
5 525.022 -220.71 -65.7184 0.5
5 511.535 -240.893 69.1934 0.5
5 553.082 -178.15 -58.0649 0.5
5 525.452 -66.5684 62.5509 0.5
5 506.238 -252.317 66.7669 0.5
5 520.928 -125.981 96.4396 0.5
5 521.294 -196.184 -89.6071 0.5
5 527.139 -130.762 -99.4034 0.5
5 514.649 -70.2704 36.6753 0.5
5 505.853 -278.244 -7.66165 0.5
5 526.109 -50.8808 -37.8194 0.5
5 501.499 -283.603 22.119 0.5
5 528.464 -56.9517 56.6262 0.5
5 519.214 -235.332 -60.0851 0.5
5 530.363 -68.9856 74.1458 0.5
5 554.596 -181.513 48.5893 0.5
5 554.534 -4.00432 43.1426 0.5
5 530.167 -72.4413 -76.8515 0.5
5 525.978 -110.397 94.2985 0.5
5 526.985 -239.91 -20.026 0.5
5 521.059 -106.048 88.7129 0.5
5 515.117 -226.44 -76.8809 0.5
5 528.043 -140.295 -99.9998 0.5
5 536.667 -44.7727 59.4715 0.5
5 512.666 -210.578 -89.8776 0.5
5 532.935 -220.674 45.5122 0.5
5 504.322 -264.551 -55.2356 0.5
5 531.975 -174.767 -90.9944 0.5
5 555.318 -188.805 -28.1922 0.5
5 525.029 -156.523 -99.3708 0.5
5 510.17 -270.755 -7.80558 0.5
5 537.851 -33.9999 -45.3702 0.5
5 509.447 -203.065 95.1541 0.5
5 527.208 -237.745 -27.3175 0.5
5 524.426 -193.854 -88.0059 0.5
5 541.338 -211.28 -33.5509 0.5
5 520.816 -53.1631 -10.3939 0.5
5 528.735 -106.551 94.6216 0.5
5 541.294 -17.2838 -5.13043 0.5
5 546.237 -32.8038 65.2413 0.5
5 551.562 -23.5913 -65.2537 0.5
5 549.88 -2.72096 -9.37938 0.5
5 516.36 -189.69 -95.5955 0.5
5 509.963 -87.185 -53.8944 0.5
5 551.001 -152.554 85.285 0.5
5 527.915 -120.631 -98.0414 0.5
5 528.086 -52.6833 -48.6916 0.5
5 543.519 -162.566 -87.021 0.5
5 521.153 -52.4952 -9.55947 0.5
5 541.634 -191.696 -65.9925 0.5
5 514.354 -228.614 -76.163 0.5
5 542.854 -140.766 96.4754 0.5
5 546.854 -141.978 -93.8763 0.5
5 508.19 -245.535 -70.3747 0.5
5 518.405 -79.558 63.5144 0.5
5 516.692 -61.685 19.5046 0.5
5 547.301 -89.556 98.5111 0.5
5 512.483 -147.099 97.9887 0.5
5 555.336 -68.8127 -97.0728 0.5
5 516.41 -69.7341 -42.5019 0.5
5 545.949 -50.2629 -80.867 0.5
5 504.266 -259.822 61.9048 0.5
5 532.42 -65.4992 74.2159 0.5
5 555.373 -184.298 -40.275 0.5
5 514.635 -192.861 -95.5392 0.5
5 512.049 -85.1666 -56.3099 0.5
5 555.176 -174.076 -58.6872 0.5
5 536.125 -200.112 67.2523 0.5
5 525.656 -83.4187 79.3796 0.5
5 546.703 -175.243 73.8191 0.5
5 511.726 -192.457 -97.0547 0.5
5 509.263 -260.522 47.697 0.5
5 535.61 -103.34 97.1616 0.5
5 528.866 -83.0756 83.1167 0.5
5 543.853 -188.591 65.1432 0.5
5 522.156 -58.313 -39.2215 0.5
5 540.979 -114.666 99.954 0.5
5 548.746 -14.0264 -43.1368 0.5
5 545.329 -148.058 92.5414 0.5
5 539.193 -108.788 -99.2769 0.5
5 550.343 -1.60786 -5.07225 0.5
5 543.928 -153.867 -91.0838 0.5
5 536.215 -197.358 -70.0062 0.5
6 655.839 -192.436 -1.69138 0.5
6 614.746 4.65829 -23.8739 0.5
6 659.05 4.073 -26.1399 0.5
6 621.586 -72.7706 98.0445 0.5
6 583.714 -135.227 90.3889 0.5
6 557.37 -182.293 43.9124 0.5
6 598.211 -184.616 38.8007 0.5
6 643.29 -111.668 -98.1359 0.5
6 623.023 -65.0047 -96.16 0.5
6 638.178 -189.131 25.5502 0.5
6 578.129 -69.8261 97.4072 0.5
6 627.961 -192.45 0.0722999 0.5
6 571.138 -163.161 -70.7102 0.5
6 607.233 -185.531 -36.5508 0.5
6 587.858 -12.0242 59.4278 0.5
6 664.299 -119.195 96.3572 0.5
6 581.735 -185.14 37.5308 0.5
6 665.434 -111.624 -98.1446 0.5
6 640.948 -51.35 91.1635 0.5
6 560.983 -149.389 82.2065 0.5
6 624.68 -179.619 49.0054 0.5
6 585.705 -38.1558 -83.977 0.5
6 576.449 -155.182 77.8762 0.5
6 572.946 -157.89 75.6148 0.5
6 561.921 5.49894 -20.1492 0.5
6 630.329 -18.8036 67.6475 0.5
6 660.618 -149.222 -82.322 0.5
6 602.458 -42.5156 86.6403 0.5
6 583.783 -18.8807 67.7314 0.5
6 590.024 0.18887 -37.6566 0.5
6 582.151 -10.8702 57.8335 0.5
6 653.492 -191.568 -13.2564 0.5
6 628.326 5.30906 -21.0511 0.5
6 634.98 0.557729 36.7362 0.5
6 584.678 -41.1952 85.8658 0.5
6 650.318 -3.18556 -45.076 0.5
6 656.794 -135.14 -90.4297 0.5
6 631.529 -107.76 98.8212 0.5
6 654.909 -54.7371 -92.6161 0.5
6 562.321 0.718475 36.3266 0.5
6 593.608 -10.7028 57.5967 0.5
6 595.122 -191.751 11.8071 0.5
6 642.116 -1.37206 -41.2891 0.5
6 641.857 -140.865 87.4988 0.5
6 641.209 -174.204 57.5873 0.5
6 619.267 2.96113 -29.9449 0.5
6 638.343 -4.3659 47.3411 0.5
6 581.58 -192.382 -3.67811 0.5
6 613.239 6.61842 -13.6172 0.5
6 591.487 -181.541 45.4182 0.5
6 573.325 -11.0526 -58.09 0.5
6 625.315 -192.442 -1.27698 0.5
6 581.97 -13.3345 -61.1615 0.5
6 640.06 -60.907 94.8948 0.5
6 563.115 -160.044 73.6957 0.5
6 593.522 -192.45 -0.0820997 0.5
6 596.73 -126.172 94.1427 0.5
6 642.079 -144.681 85.2757 0.5
6 562.835 6.90183 -11.3664 0.5
6 646.195 -38.5486 84.2296 0.5
6 615.191 -192.447 0.824328 0.5
6 638.094 -191.153 -16.0559 0.5
6 591.037 -6.58335 51.2533 0.5
6 589.371 -6.07466 -50.3913 0.5
6 613.606 -9.52582 -55.8889 0.5
6 599.761 -21.1963 -70.1633 0.5
6 656.978 -191.852 -10.9247 0.5
6 590.096 -1.05293 -40.5778 0.5
6 555.636 5.73399 -18.9707 0.5
6 599.396 -186.7 33.4211 0.5
6 587.385 -51.9743 -91.4424 0.5
6 556.851 -163.518 70.3521 0.5
6 654.556 -27.4465 -75.9904 0.5
6 610.381 -191.908 -10.4013 0.5
6 577.683 -192.184 7.2837 0.5
6 606.349 -20.1565 69.0915 0.5
6 603.465 -56.3445 93.2544 0.5
6 649.559 -192.237 -6.52972 0.5
6 563.725 -68.5095 97.092 0.5
6 616.326 6.8802 11.554 0.5
6 611.456 -32.8095 80.2683 0.5
6 606.174 -187.606 -30.747 0.5
6 623.313 -187.689 -30.4877 0.5
6 584.033 -182.486 43.5154 0.5
6 627.395 -188.673 27.2253 0.5
6 635.819 -21.7081 70.6793 0.5
6 616.2 -6.67776 -51.4112 0.5
6 647.454 -10.7433 57.6542 0.5
6 636.36 4.88002 22.9532 0.5
6 577.623 -72.0933 97.9061 0.5
6 561.835 -14.8409 63.062 0.5
6 659.626 4.35427 -25.0782 0.5
6 647.668 -148.389 -82.8904 0.5
6 586.114 -143.956 -85.7152 0.5
6 599.137 -20.2792 69.2197 0.5
6 574.888 -90.5479 99.9819 0.5
6 583.178 -71.0682 -97.6873 0.5
6 601.802 -192.175 7.4187 0.5
6 655.635 -78.6506 -99.0433 0.5
6 626.83 -191.773 -11.614 0.5
6 656.807 -41.3203 -85.9404 0.5
6 585.582 -34.4804 -81.4832 0.5
6 593.833 -109.63 98.5131 0.5
6 614.918 2.9264 30.0554 0.5
6 617.996 -29.5289 77.7234 0.5
6 593.058 -31.5927 79.3497 0.5
6 639.419 7.49793 -3.22389 0.5
6 629.484 -67.2996 96.7856 0.5
6 629.226 -0.435897 -39.1585 0.5
6 635.545 -190.228 20.9655 0.5
6 568.436 -177.433 -52.706 0.5
6 616.501 -20.6291 69.5827 0.5
6 657.469 -39.0511 84.5491 0.5
6 612.147 -192.43 -2.0026 0.5
6 638.79 -124.115 94.8542 0.5
6 623.777 -190.613 19.0813 0.5
6 640.648 -91.4848 -99.9953 0.5
6 594.013 -192.416 -2.62524 0.5
6 622.252 -175.749 55.3286 0.5
6 584.142 -192.073 8.67379 0.5
6 610.331 3.88757 26.8152 0.5
6 586.684 -30.8802 78.7982 0.5
6 556.221 -86.6929 99.8341 0.5
6 619.623 -89.4309 99.9544 0.5
6 656.533 -154.601 78.3409 0.5
6 665.335 -11.3395 -58.4899 0.5
6 654.955 -173.252 58.9154 0.5
6 568.51 -189.671 -23.4106 0.5
6 630.25 -14.1028 -62.1426 0.5
6 639.78 -82.3969 -99.4934 0.5
6 661.222 -33.4195 80.718 0.5
6 594.713 -35.8674 -82.4524 0.5
6 579.426 -179.312 49.5486 0.5
6 615.202 -87.7164 -99.8879 0.5
6 642.595 6.36993 -15.3168 0.5
6 578.615 -22.14 71.109 0.5
6 657.474 -166.316 67.4081 0.5
6 619.956 -123.57 -95.0343 0.5
6 649.677 -12.377 59.9025 0.5
6 634.49 -38.4538 84.1689 0.5
6 633.193 -178.961 50.1585 0.5
6 661.864 -192.385 -3.5968 0.5
6 652.359 -121.999 -95.5346 0.5
6 618.011 -137.991 89.0284 0.5
6 611.718 -51.3339 91.1562 0.5
6 653.115 7.5101 2.82134 0.5
6 580.133 -174.655 -56.9414 0.5
6 664.338 -184.395 -39.3205 0.5
6 604.959 -45.668 88.3823 0.5
6 664.239 -117.615 96.7819 0.5
6 608.281 -148.687 82.6886 0.5
6 610.535 -13.2381 -61.0366 0.5
6 588.094 -74.7791 -98.4263 0.5
6 600.978 -79.968 99.2179 0.5
6 560.456 -46.1237 88.6221 0.5
6 570.856 -191.662 12.5319 0.5
6 571.945 -190.503 19.637 0.5
6 635.443 -14.5621 -62.7174 0.5
7 647.157 -136.02 -63.3649 0.5
7 630.228 -129.336 -0.126459 0.5
7 650.45 34.5461 14.7351 0.5
7 646.873 27.243 52.0131 0.5
7 666.54 -10.2656 -57.286 0.5
7 623.934 -56.8871 -92.3114 0.5
7 663.024 -81.4675 -99.8907 0.5
7 639.066 -144.119 -10.2419 0.5
7 627.525 -119.607 -31.3677 0.5
7 664.742 -137.938 -87.2726 0.5
7 615.402 78.1176 -57.5579 0.5
7 640.919 -26.3446 97.6594 0.5
7 645.813 42.9741 -11.7775 0.5
7 655.324 -59.1592 99.0647 0.5
7 654.404 17.4426 -46.2665 0.5
7 616.808 -45.698 -91.823 0.5
7 659.628 -6.76178 67.8099 0.5
7 655.475 -124.519 85.7474 0.5
7 640.396 16.8699 -76.9888 0.5
7 653.621 -90.6957 97.804 0.5
7 651.755 -164.892 -18.5171 0.5
7 633.91 -131.893 -27.3771 0.5
7 638.771 46.9586 -41.2575 0.5
7 633.493 -134.289 -11.8261 0.5
7 620.955 -85.7761 -68.8747 0.5
7 665.99 -139.94 -87.3616 0.5
7 640.013 -135.329 -45.5098 0.5
7 634.934 25.5624 -77.6189 0.5
7 615.667 -64.3432 79.8292 0.5
7 648.146 -91.6047 94.9975 0.5
7 642.959 -96.2191 -89.3875 0.5
7 612.786 -74.1549 -66.1114 0.5
7 645.368 24.4351 60.0065 0.5
7 637.062 9.40703 -86.265 0.5
7 612.189 101.664 -6.99222 0.5
7 618.449 88.9751 20.3373 0.5
7 624.552 -88.5382 -72.3503 0.5
7 636.41 -16.0171 97.0706 0.5
7 631.026 8.90844 -91.8131 0.5
7 637.954 -127.557 52.9365 0.5
7 633.145 -94.7927 79.6959 0.5
7 617.18 47.0648 -84.2935 0.5
7 616.915 -9.6869 -99.9419 0.5
7 619.354 33.0876 89.9996 0.5
7 634.017 -59.0164 97.2914 0.5
7 636.177 56.9076 -26.0485 0.5
7 656.141 -108.573 -93.9138 0.5
7 645.012 -130.542 -65.457 0.5
7 633.685 34.3026 -71.779 0.5
7 627.067 -65.9347 -90.7183 0.5
7 644.743 38.0188 38.006 0.5
7 660.697 13.917 27.9058 0.5
7 648.158 14.3606 66.4237 0.5
7 624.9 74.657 -31.9314 0.5
7 661.945 -173.133 45.8673 0.5
7 616.554 -85.9143 -59.649 0.5
7 658.173 -115.234 92.7045 0.5
7 617.213 -39.3942 94.5368 0.5
7 642.67 44.7587 29.1903 0.5
7 625.562 -98.1325 -63.9508 0.5
7 624.016 -102.313 -54.6645 0.5
7 622.798 -3.2448 99.1219 0.5
7 616.005 -72.871 73.1636 0.5
7 646.286 -157.091 3.42172 0.5
7 663.698 -95.9833 99.6231 0.5
7 637.874 55.1489 21.1889 0.5
7 642.924 -7.17175 89.724 0.5
7 619.441 -60.0509 -86.9476 0.5
7 635.713 -134 -30.72 0.5
7 630.262 -84.0167 -83.7643 0.5
7 645.82 -13.764 -90.4822 0.5
7 660.278 -94.7743 -99.0994 0.5
7 623.137 -107.77 42.0821 0.5
7 645.597 -75.9339 97.984 0.5
7 613.621 -94.3182 34.8119 0.5
7 655.616 25.2721 -16.7837 0.5
7 634.167 -134.589 -17.646 0.5
7 633.174 -129.549 -30.8878 0.5
7 648.471 -29.3334 94.8757 0.5
7 615.737 48.3143 85.0778 0.5
7 656.984 7.44894 55.5852 0.5
7 662.503 -66.7308 98.2725 0.5
7 641.762 -139.69 -42.802 0.5
7 665.169 -12.9542 63.9227 0.5
7 631.752 -14.313 -98.4278 0.5
7 619.683 -56.9253 88.8677 0.5
7 626.526 20.6436 -90.0102 0.5
7 641.059 -127.084 61.3268 0.5
7 613.239 -98.2456 18.1737 0.5
7 627.352 -124.354 0.586503 0.5
7 636.486 -104.097 -76.9031 0.5
7 639.039 23.0975 -73.6024 0.5
7 612.843 99.3621 16.7566 0.5
7 617.519 -88.0946 -58.9578 0.5
7 616.119 -95.3861 -42.5688 0.5
7 614.131 -97.0886 -29.2282 0.5
7 639.914 14.6107 79.4519 0.5
7 626.064 -116.528 32.9817 0.5
7 651.707 -162.814 -27.0413 0.5
7 654.717 -143.456 -69.7028 0.5
7 631.141 -77.4488 88.5147 0.5
7 640.559 43.984 -40.9889 0.5
7 658.02 21.7944 -12.0827 0.5
7 618.333 7.85712 98.6143 0.5
7 641.443 -23.4028 96.7314 0.5
7 650.636 -25.1796 91.866 0.5
7 643.963 -83.465 -95.2869 0.5
7 642.412 13.9482 -76.5133 0.5
7 655.744 6.86851 59.4636 0.5
7 613.692 61.2253 -78.5227 0.5
7 646.442 -84.4584 -96.2753 0.5
7 623.78 -86.5657 72.9501 0.5
7 656.447 -122.592 -87.8125 0.5
7 611.894 70.7045 73.0547 0.5
7 627.208 61.2381 52.1191 0.5
7 638.268 33.1656 64.489 0.5
7 619.566 86.7889 21.5157 0.5
7 662.86 -35.2864 86.2706 0.5
7 660.524 -28.4737 -84.5886 0.5
7 613.467 -36.7296 93.1308 0.5
7 631.334 -34.1108 -99.9591 0.5
7 643.555 12.9652 -75.6634 0.5
7 620.145 68.6115 -59.3503 0.5
7 629.341 -108.781 58.6703 0.5
7 663.098 2.3205 -46.3901 0.5
7 627.209 -123.884 6.68483 0.5
7 617.872 69.8397 62.8582 0.5
7 636.901 41.3731 56.8501 0.5
7 618.106 -95.6449 -48.7657 0.5
7 620.737 -110.354 -22.4109 0.5
7 637.255 58.3997 4.2861 0.5
7 660.304 -78.1779 -99.9471 0.5
7 666.433 -164.695 68.7167 0.5
7 651.78 -78.4277 99.3058 0.5
7 620.996 -6.67128 99.777 0.5
7 619.495 -94.6244 -54.4457 0.5
7 624.727 -57.2665 92.7193 0.5
7 619.896 -32.3729 -97.7847 0.5
7 621.323 -44.1419 95.3214 0.5
7 619.546 -44.3745 94.2076 0.5
7 637.184 19.8778 -79.0369 0.5
7 649.52 -162.059 -11.7419 0.5
7 617.548 -105.352 -20.0071 0.5
7 655.776 -9.01319 76.3553 0.5
7 623.608 -105.443 -48.2788 0.5
7 666.58 -54.2612 -92.4828 0.5
7 651.466 29.8447 -28.1137 0.5
7 630.179 50.0691 60.8947 0.5
7 630.907 -17.1405 99.1019 0.5
7 661.971 -184.068 7.06865 0.5
7 647.784 -145.469 51.492 0.5
7 644.671 22.7919 63.6291 0.5
7 612.573 -30.1104 94.9576 0.5
7 662.156 12.1951 24.9706 0.5
7 625.702 -75.9835 83.852 0.5
7 631.106 -59.9173 95.6846 0.5
7 642.583 42.7455 -35.5128 0.5
7 615.58 -99.7872 -28.6065 0.5
7 659.01 -7.31554 -69.5288 0.5
7 634.34 -91.4267 -83.5373 0.5
7 643.54 30.8042 -55.4805 0.5
7 656.004 -103.758 95.4639 0.5
7 621.766 31.396 -88.7529 0.5
7 655.143 -172.469 2.10777 0.5
7 632.178 -58.5487 96.605 0.5
7 643.187 -146.76 -31.2917 0.5
7 632.121 25.7643 -81.19 0.5
7 655.257 -162.907 -43.1351 0.5
8 620.738 -10.1321 95.2093 0.5
8 633.463 105.914 -77.3139 0.5
8 656.434 17.4026 76.1018 0.5
8 623.901 36.3003 99.4605 0.5
8 637.555 138.627 -45.4962 0.5
8 665.666 44.9298 -84.5881 0.5
8 634.97 16.6919 -95.88 0.5
8 623.85 -49.0477 66.2721 0.5
8 631.5 138.425 -11.5071 0.5
8 626.583 15.0766 98.7919 0.5
8 646.06 143.728 60.7648 0.5
8 657.771 76.7073 -99.6887 0.5
8 642.649 84.3989 -96.5614 0.5
8 618.239 40.9213 96.8758 0.5
8 621.835 9.84481 99.215 0.5
8 615.855 -85.2199 23.4484 0.5
8 635.464 145.352 -10.9747 0.5
8 629.986 57.8777 -97.6809 0.5
8 652.603 118.592 90.3062 0.5
8 665.993 141.875 90.2633 0.5
8 647.562 126.441 80.3491 0.5
8 623.99 -31.1555 -81.9993 0.5
8 625.345 116.475 -47.4126 0.5
8 663.154 124.711 -95.1402 0.5
8 653.275 153.574 64.081 0.5
8 651.13 159.765 49.8718 0.5
8 655.821 15.1067 75.032 0.5
8 634.584 -43.0287 -48.4849 0.5
8 637.83 126.988 -63.882 0.5
8 636.749 42.1137 99.8158 0.5
8 644.438 151.389 43.816 0.5
8 643.734 17.8681 -90.561 0.5
8 659.261 -3.09436 43.032 0.5
8 636.591 130.343 56.6067 0.5
8 614.295 -35.9002 -89.2074 0.5
8 611.816 -93.5606 -16.9269 0.5
8 665.307 10.7429 -49.4773 0.5
8 613.648 20.17 99.2772 0.5
8 654.468 171.461 -37.78 0.5
8 655.49 5.50153 65.9844 0.5
8 630.394 -6.93896 -89.7446 0.5
8 634.465 6.4626 92.5962 0.5
8 650.833 109.592 92.8966 0.5
8 636.61 -5.24966 84.6809 0.5
8 614.58 -89.5739 11.3136 0.5
8 635.239 -54.276 5.61825 0.5
8 635.563 123.666 -63.1489 0.5
8 641.941 147.208 -43.5159 0.5
8 634.799 23.8164 97.7728 0.5
8 613.416 87.6154 60.2015 0.5
8 622.062 2.96549 98.0247 0.5
8 628.316 105.284 -69.6968 0.5
8 657.326 120.692 -92.9543 0.5
8 657.1 141.441 -81.4538 0.5
8 666.456 183.675 -54.1985 0.5
8 637.665 44.3504 99.8531 0.5
8 652.364 97.0469 -97.5903 0.5
8 626.14 -52.7618 -56.4145 0.5
8 617.075 114.104 0.53851 0.5
8 631.734 -43.1516 -56.2978 0.5
8 652.664 -19.5317 30.3636 0.5
8 633.579 128.264 51.7434 0.5
8 618.634 -36.9815 84.303 0.5
8 650.876 114.881 -90.6447 0.5
8 632.826 138.384 -24.3182 0.5
8 650.24 152.267 59.0295 0.5
8 622.584 99.0951 -65.6327 0.5
8 613.954 25.2858 -98.6147 0.5
8 614.95 10.7834 99.9994 0.5
8 666.327 176.295 -63.9447 0.5
8 629.474 70.0358 -93.8767 0.5
8 619.832 77.2924 -81.1668 0.5
8 662.091 57.9319 93.9905 0.5
8 633.825 109.106 75.1351 0.5
8 653.568 22.0302 -83.3299 0.5
8 618.751 -40.3287 81.9304 0.5
8 650.647 -9.34184 -57.8112 0.5
8 613.439 41.8966 -94.0098 0.5
8 616.58 -16.5293 -95.4641 0.5
8 617.752 67.1531 85.492 0.5
8 611.574 40.4836 93.3313 0.5
8 635.171 144.744 -11.8383 0.5
8 620.915 -50.2724 70.3926 0.5
8 637.989 103.416 84.7453 0.5
8 642.781 110.331 -85.5976 0.5
8 665.859 4.86556 34.8393 0.5
8 625.377 -71.4844 -2.51379 0.5
8 628.098 -63.6422 -24.9432 0.5
8 666.068 197.148 18.9623 0.5
8 643.165 156.968 21.4445 0.5
8 625.08 -71.3919 11.2764 0.5
8 632.348 54.6348 -99.0042 0.5
8 618.78 45.2632 95.94 0.5
8 612.398 -86.3475 -38.3575 0.5
8 646.263 157.667 -36.7355 0.5
8 630.771 22.8849 -98.8775 0.5
8 636.95 5.44076 90.2404 0.5
8 634.412 46.9592 99.9601 0.5
8 659.958 179.011 -42.2605 0.5
8 624.88 126.985 11.2843 0.5
8 655.041 28.18 -85.6081 0.5
8 659.713 98.7638 -99.4142 0.5
8 641.695 123.497 74.4626 0.5
8 624.831 -72.1917 7.33828 0.5
8 664.388 95.4096 99.9979 0.5
8 613.643 38.5269 95.2776 0.5
8 632.531 42.8318 99.9808 0.5
8 636.942 60.352 -99.2969 0.5
8 650.74 -7.33218 -60.3361 0.5
8 662.383 -5.91797 -17.2653 0.5
8 648.645 23.8655 -89.3427 0.5
8 641.89 -42.0635 -13.014 0.5
8 639.357 121.397 72.6681 0.5
8 646.695 29.4208 -93.3001 0.5
8 623.911 60.6805 93.7732 0.5
8 648.716 132.495 77.1801 0.5
8 665.796 10.9535 -48.3412 0.5
8 637.354 -34.7446 54.3 0.5
8 624.682 -15.1118 90.5694 0.5
8 622.363 52.2451 95.7084 0.5
8 621.437 12.9203 99.6174 0.5
8 633.556 119.178 64.3706 0.5
8 643.214 141.292 57.3593 0.5
8 653.438 172.552 29.7777 0.5
8 637.414 -49.9028 12.3461 0.5
8 627.208 -7.53744 91.9994 0.5
8 620.28 46.3389 -96.3744 0.5
8 637.842 -44.4485 32.6427 0.5
8 657.365 183.448 9.38299 0.5
8 621.166 115.901 32.0924 0.5
8 643.368 15.9045 89.9265 0.5
8 637.003 -13.8729 -78.0676 0.5
8 628.191 18.518 98.8928 0.5
8 634.693 112.509 73.424 0.5
8 649.489 18.0307 85.284 0.5
8 617.827 47.1426 -94.831 0.5
8 634.531 127.326 -55.7968 0.5
8 619.964 -55.3212 66.7853 0.5
8 664.004 -2.55682 -20.1719 0.5
8 617.442 105.126 -42.7815 0.5
8 622.102 -18.2728 -91.1709 0.5
8 645.045 -29.6723 38.6655 0.5
8 659.75 100.328 -99.2398 0.5
8 623.115 -42.0811 74.5532 0.5
8 622.881 29.94 99.8329 0.5
8 631.629 -33.7287 -68.3003 0.5
8 663.913 40.8022 83.8896 0.5
8 632.766 138.923 21.5886 0.5
8 631.484 -9.39757 87.4742 0.5
8 615.942 -50.5445 -77.912 0.5
8 651.398 2.13338 -69.9931 0.5
8 653.751 -12.7379 -42.823 0.5
8 666.082 157.548 81.0598 0.5
8 647.068 84.3513 -98.3119 0.5
8 666.36 10.1102 -44.8893 0.5
8 662.223 160.876 72.7848 0.5
8 651.892 25.1567 87.0296 0.5
8 662.294 26.1496 74.8832 0.5
8 629.299 85.4045 86.5285 0.5
8 661.004 123.073 -94.4397 0.5
8 660.394 40.6338 87.4509 0.5
8 614.115 -24.6766 -94.1666 0.5
8 663.511 69.2041 -96.7389 0.5
8 627.654 125.178 37.3824 0.5
9 883.573 195.338 30.1773 0.5
9 700.432 127.267 96.2108 0.5
9 856.851 54.3247 88.9594 0.5
9 823.578 54.8141 -89.2089 0.5
9 720.851 199.948 -3.2245 0.5
9 976.642 100.374 99.9993 0.5
9 946.215 196.872 24.8167 0.5
9 702.821 0.319896 7.99229 0.5
9 958.339 101.769 -99.9843 0.5
9 703.745 21.784 62.3078 0.5
9 788.192 3.66405 26.8214 0.5
9 996.063 134.379 -93.9048 0.5
9 967.861 176.238 -64.7127 0.5
9 877.397 13.1382 49.5482 0.5
9 790.974 174.472 66.7377 0.5
9 979.328 200 -0.0894849 0.5
9 936.888 197.513 -22.1633 0.5
9 923.282 147.44 -88.0311 0.5
9 681.385 2.28402 21.2506 0.5
9 814.18 10.4114 44.4284 0.5
9 728.428 48.3581 85.6336 0.5
9 905.826 35.3231 -76.2686 0.5
9 966.512 145.285 -89.1585 0.5
9 693.303 7.06399 -36.9175 0.5
9 843.849 194.669 32.2153 0.5
9 871.603 10.9171 45.4339 0.5
9 746.715 33.6207 -74.7917 0.5
9 709.852 26.1981 -67.478 0.5
9 818.08 20.5418 -60.7157 0.5
9 836.221 0.478968 9.7757 0.5
9 775.207 11.9126 -47.3352 0.5
9 792.814 111.903 99.2891 0.5
9 792.073 166.974 74.2592 0.5
9 870.881 182.71 -56.2058 0.5
9 853.546 23.5131 64.4186 0.5
9 782.621 165.362 -75.6827 0.5
9 859.501 187.939 47.61 0.5
9 782.851 82.5428 98.4644 0.5
9 788.655 108.396 99.647 0.5
9 786.479 0.299675 -7.73596 0.5
9 974.966 182.115 -57.0714 0.5
9 927.021 168.602 -72.7583 0.5
9 928.048 0.16683 -5.77392 0.5
9 973.734 45.4964 -83.8412 0.5
9 974.548 74.9263 -96.8055 0.5
9 730.274 199.214 12.5134 0.5
9 678.534 24.7954 65.9111 0.5
9 944.132 6.94844 36.6252 0.5
9 860.486 43.0511 82.1999 0.5
9 959.292 87.655 99.2351 0.5
9 673.078 38.9007 -79.1636 0.5
9 830.709 193.17 36.3236 0.5
9 718.27 29.8651 -71.2818 0.5
9 848.508 43.4056 -82.4444 0.5
9 778.461 4.32284 29.084 0.5
9 707.035 193.245 36.1296 0.5
9 989.464 30.2539 71.6623 0.5
9 973.72 22.6265 63.3509 0.5
9 842.061 9.25588 42.0179 0.5
9 952.55 0.421197 9.16854 0.5
9 881.945 194.206 33.5453 0.5
9 847.398 170.668 -70.7535 0.5
9 977.832 148.486 -87.4593 0.5
9 984.637 197.775 -20.9765 0.5
9 942.825 57.4883 -90.5138 0.5
9 884.248 107.843 -99.692 0.5
9 787.576 199.903 4.39355 0.5
9 727.047 35.4909 76.4106 0.5
9 996.464 1.29145 16.0194 0.5
9 670.729 0.540032 -10.3786 0.5
9 718.368 184.339 -53.7295 0.5
9 914.508 40.1529 -80.1144 0.5
9 791.305 55.5133 -89.5597 0.5
9 845.867 47.0567 -84.8352 0.5
9 866.827 90.2943 -99.5279 0.5
9 703.108 90.5499 99.5525 0.5
9 936.533 181.734 -57.6161 0.5
9 970.461 105.282 99.8604 0.5
9 951.549 199.572 -9.24118 0.5
9 695.729 199.991 1.37238 0.5
9 971.044 137.132 92.8503 0.5
9 931.965 194.448 32.8578 0.5
9 737.45 153.772 84.3122 0.5
9 854.817 180.509 59.3154 0.5
9 823.551 0.921361 -13.5434 0.5
9 973.739 92.1676 -99.6928 0.5
9 792.96 179.588 60.5448 0.5
9 936.995 1.0827 14.6754 0.5
9 932.143 193.355 35.8442 0.5
9 782.068 63.8368 -93.2321 0.5
9 916.434 7.00216 36.7614 0.5
9 955.124 165.553 75.5169 0.5
9 906.3 102.833 -99.9599 0.5
9 680.428 1.62503 -17.9545 0.5
9 765.863 198.575 16.8239 0.5
9 811.66 192.497 38.0039 0.5
9 761.251 157.82 81.5893 0.5
9 718.451 169.748 -71.6607 0.5
9 840.059 52.1583 -87.8133 0.5
9 899.363 137.997 -92.4998 0.5
9 944.848 9.55886 42.6662 0.5
9 887.282 166.011 -75.1166 0.5
9 703.063 3.75411 -27.1427 0.5
9 987.373 23.3954 64.2786 0.5
9 973.644 2.98145 24.2363 0.5
9 868.859 36.9011 77.5792 0.5
9 667.789 4.11599 28.3947 0.5
9 918.715 59.2338 91.3133 0.5
9 706.004 54.6442 -89.1227 0.5
9 851.345 0.208255 6.4504 0.5
9 759.726 191.223 40.968 0.5
9 993.304 100.003 100 0.5
9 730.389 197.871 -20.5237 0.5
9 947.888 25.6509 66.8746 0.5
9 837.352 92.3729 99.7087 0.5
9 727.134 19.41 -59.2052 0.5
9 674.439 196.944 24.5332 0.5
9 765.892 11.7888 47.104 0.5
9 841.29 154.572 83.7967 0.5
9 888.861 44.7234 -83.3337 0.5
9 821.192 26.5729 67.8856 0.5
9 706.89 132.271 94.6497 0.5
9 796.339 170.936 70.4844 0.5
9 934.399 199.895 -4.58826 0.5
9 801.496 1.51829 -17.3595 0.5
9 702.746 32.174 73.4822 0.5
9 810.807 4.11179 28.3805 0.5
9 936.503 117.739 98.414 0.5
9 742.319 0.0725745 3.80915 0.5
9 721.624 151.535 85.6981 0.5
9 892.724 61.7879 -92.4112 0.5
9 964.849 60.3231 -91.7919 0.5
9 991.816 76.4222 97.1807 0.5
9 685.732 160.217 -79.837 0.5
9 771.146 199.415 10.8021 0.5
9 990.159 2.13389 20.5481 0.5
9 835.674 164.697 76.2512 0.5
9 770.816 26.2771 67.5643 0.5
9 719.027 173.399 -67.9156 0.5
9 836.825 197.727 21.1976 0.5
9 699.039 109.182 -99.5776 0.5
9 686.009 0.731861 12.0763 0.5
9 976.318 198.659 16.3208 0.5
9 835.664 49.9391 86.5674 0.5
9 711.979 195.656 29.1547 0.5
9 980.344 0.0522779 3.23309 0.5
9 771.416 131.002 95.0731 0.5
9 815.481 34.6077 75.6561 0.5
9 866.027 75.4724 96.9453 0.5
9 995.552 198.452 -17.5265 0.5
9 967.888 5.4197 -32.4741 0.5
9 796.428 63.4313 -93.0738 0.5
9 831.174 85.5188 -98.9459 0.5
9 763.882 122.576 -97.4182 0.5
9 796.377 148.774 87.2991 0.5
9 783.108 96.0253 99.921 0.5
9 977.667 12.9767 -49.2639 0.5
9 795.844 80.4782 98.076 0.5
9 784.438 2.45531 -22.0235 0.5
9 889.401 168.814 72.5576 0.5
9 963.114 131.574 -94.8846 0.5
9 879.618 80.4335 -98.0671 0.5
9 739.872 193.576 35.2634 0.5
9 672.213 45.3977 83.777 0.5
9 829.375 121.584 -97.6428 0.5
9 752.264 193.883 34.4383 0.5
9 713.551 34.2677 -75.3609 0.5
9 892.457 191.506 40.3328 0.5
9 670.746 7.14673 -37.1251 0.5
9 798.981 36.5933 -77.3278 0.5
