0 43.438 58.2707 90.8772 0.5
0 22.2268 0.00486932 -0.986834 0.5
0 59.1273 115.755 -98.7512 0.5
0 98.2294 163.02 -77.6436 0.5
0 84.0109 99.6352 99.9993 0.5
0 22.0717 28.4966 69.909 0.5
0 76.1273 63.5307 93.1128 0.5
0 72.903 154.479 83.857 0.5
0 58.8512 191.631 -40.046 0.5
0 109.421 148.44 87.4849 0.5
0 80.9007 132.588 94.5409 0.5
0 34.0984 200 0.126566 0.5
0 42.5674 142.102 90.7053 0.5
0 64.2112 41.8603 -81.362 0.5
0 18.1361 0.0159964 1.78858 0.5
0 60.7781 152.941 84.8365 0.5
0 14.3746 130.49 95.2384 0.5
0 77.5307 46.246 84.3238 0.5
0 15.996 120.569 97.8617 0.5
0 2.34546 31.8699 -73.2004 0.5
0 88.8864 189.448 44.7102 0.5
0 45.8509 126.78 96.3475 0.5
0 4.82535 15.2168 -53.0264 0.5
0 68.3735 199.393 -10.9991 0.5
0 25.7663 3.90543 -27.6737 0.5
0 34.425 0.804977 12.6628 0.5
0 41.3506 19.5164 -59.3497 0.5
0 53.6327 26.5933 -67.9077 0.5
0 45.8914 199.046 13.7813 0.5
0 67.1189 68.7702 -94.9984 0.5
0 32.53 177.575 -63.1039 0.5
0 11.7137 2.52257 -22.3193 0.5
0 101.87 10.8319 45.2665 0.5
0 42.4527 130.278 -95.306 0.5
0 101.068 196.658 -25.635 0.5
0 95.4313 52.1345 87.8003 0.5
0 38.1133 9.97876 43.5451 0.5
0 59.9931 129.022 -95.696 0.5
0 110.696 0.344523 8.29372 0.5
0 62.1492 10.9817 45.5603 0.5
0 15.4744 166.742 74.4684 0.5
0 94.3717 188.824 -45.9378 0.5
0 68.378 95.8433 99.9136 0.5
0 96.1539 72.8911 -96.2554 0.5
0 62.2461 198.621 -16.5496 0.5
0 27.0523 138.848 -92.1457 0.5
0 92.0634 0.332168 8.14391 0.5
0 19.9336 156.435 -82.5535 0.5
0 106.62 87.4171 99.2052 0.5
0 40.7904 24.7779 65.8911 0.5
0 32.3271 6.05636 34.2723 0.5
0 102.474 124.177 -97.0334 0.5
0 86.1504 195.144 30.7849 0.5
0 52.0963 166.746 -74.4642 0.5
0 75.2574 29.4575 -70.8784 0.5
0 71.6137 50.1901 86.712 0.5
0 108.112 188.706 46.1656 0.5
0 8.83337 152.99 84.8061 0.5
0 50.5422 189.887 43.8222 0.5
0 88.1217 152.994 -84.8038 0.5
1 131.225 150.655 -51.8723 0.5
1 116.93 -6.85261 25.1928 0.5
1 117.227 16.2336 68.1595 0.5
1 117.581 187.109 18.2825 0.5
1 148.584 52.3753 -98.4955 0.5
1 163.786 -64.9798 -67.541 0.5
1 129.338 -12.3944 58.8844 0.5
1 125.761 -5.96642 -59.2032 0.5
1 154.586 -29.5638 -83.9968 0.5
1 134.048 97.3445 92.8741 0.5
1 143.38 -46.713 -41.8497 0.5
1 112.875 190.223 -36.045 0.5
1 149.933 132.182 10.7214 0.5
1 139.433 -18.3842 72.0664 0.5
1 150.812 88.3781 -82.0661 0.5
1 157.821 24.1184 -99.8738 0.5
1 133.93 158.507 19.747 0.5
1 137.818 47.5385 99.8074 0.5
1 156.368 -62.4413 54.1736 0.5
1 113.325 168.24 69.3198 0.5
1 155.322 -75.0693 -17.2883 0.5
1 151.24 129.918 -10.7147 0.5
1 114.468 98.2149 99.9188 0.5
1 140.854 65.4707 -98.5466 0.5
1 142.617 56.7454 -99.3577 0.5
1 118.884 -13.1929 -7.34739 0.5
1 118.999 161.302 66.1839 0.5
1 164.214 85.7735 -62.8873 0.5
1 114.989 103.724 -99.4534 0.5
1 125.787 169.003 32.9289 0.5
1 135.473 39.1138 98.2377 0.5
1 150.931 -68.507 -9.60744 0.5
1 135.898 47.4154 99.5331 0.5
1 157.029 -28.3428 87.278 0.5
1 139.963 6.3891 -89.9764 0.5
1 119.19 145.664 -80.2566 0.5
1 146.063 -28.0318 -73.7885 0.5
1 123.194 23.7842 -83.3263 0.5
1 138.02 0.590331 84.9236 0.5
1 130.421 109.263 -90.4212 0.5
1 129.488 81.0142 99.1717 0.5
1 164.481 -12.7422 -97.9172 0.5
1 166.062 -86.271 -41.2539 0.5
1 130.625 165.369 12.8716 0.5
1 123.758 54.1961 97.1021 0.5
1 148.612 -64.0912 13.1019 0.5
1 149.094 103.63 -71.9802 0.5
1 140.6 -50.3932 -11.6622 0.5
1 139.609 91.5648 -91.2425 0.5
1 162.916 -53.6128 76.9338 0.5
1 126.549 102.613 95.5955 0.5
1 162.311 53.7965 90.5296 0.5
1 144.02 25.9082 98.5286 0.5
1 120.649 43.2718 -91.5602 0.5
1 114.067 193.858 14.2625 0.5
1 156.692 -50.6946 -69.6601 0.5
1 142.597 83.1518 -92.6269 0.5
1 163.465 104.518 -30.618 0.5
1 142.986 -45.7737 42.4021 0.5
1 160.556 -78.4316 37.2825 0.5
1 132.522 80.6384 98.4169 0.5
1 128.827 -21.5747 -41.7013 0.5
1 161.729 86.9922 -66.5217 0.5
1 147.558 -16.7431 -84.412 0.5
1 134.571 111.677 -85.2264 0.5
1 132.558 139.504 -64.2234 0.5
1 113.42 76.2861 -98.0375 0.5
1 149.026 25.1158 99.5746 0.5
1 159.774 75.0829 -80.4696 0.5
2 192.54 -51.3602 3.19699 0.5
2 178.02 -27.4737 -86.0684 0.5
2 211.416 84.3611 99.9526 0.5
2 183.878 63.1394 -95.5333 0.5
2 190.767 7.23733 92.3827 0.5
2 217.532 79.2175 99.1956 0.5
2 217.705 -3.63651 28.6333 0.5
2 206.067 7.9136 76.7502 0.5
2 213.847 149.842 76.5459 0.5
2 170.747 -51.6588 -78.0612 0.5
2 188.437 133.483 39.1897 0.5
2 196.982 141.396 52.4945 0.5
2 212.395 -1.42026 53.6358 0.5
2 187.125 -43.8837 -55.6369 0.5
2 190.856 38.893 99.77 0.5
2 190.343 -50.1423 31.4484 0.5
2 189.958 -55.6434 6.92287 0.5
2 190.971 1.4464 89.5902 0.5
2 212.203 125.251 -90.4697 0.5
2 210.059 145.161 -74.926 0.5
2 203.375 167.347 1.30531 0.5
2 188.84 -4.43323 -88.4716 0.5
2 172.336 113.548 3.03938 0.5
2 188.39 5.9263 -93.4961 0.5
2 186.719 94.0315 83.1689 0.5
2 186.899 113.673 -66.3089 0.5
2 178.76 -12.5177 92.8077 0.5
2 213.194 -0.736553 -52.5174 0.5
2 177.774 90.3563 73.9256 0.5
2 183.718 126.491 36.2927 0.5
2 200.827 127.872 76.0536 0.5
2 190.942 -52.6917 17.1791 0.5
2 186.401 46.6519 -99.6212 0.5
2 218.016 86.3297 -99.796 0.5
2 202.401 9.76058 82.9109 0.5
2 198.68 143.936 -53.1389 0.5
2 193.715 122.897 69.1119 0.5
2 180.5 54.0867 -96.4654 0.5
2 218.3 35.6726 81.7918 0.5
2 192.464 118.154 -71.7112 0.5
2 209.754 80.3655 -99.9808 0.5
2 186.538 105.243 -74.1911 0.5
2 212.692 168.129 -53.2626 0.5
2 172.96 103.569 45.8014 0.5
2 217.454 61.6523 -95.3659 0.5
2 185.446 12.4867 97.1228 0.5
2 172.97 -39.3185 -84.1598 0.5
2 208.747 -2.02126 61.7179 0.5
2 211.8 -16.0362 19.9803 0.5
2 215.722 37.4187 85.8254 0.5
2 194.404 -46.7193 -17.0425 0.5
2 186.182 124.211 49.9456 0.5
2 196.378 141.161 51.1583 0.5
2 170.502 102.707 -38.5048 0.5
2 208.579 156.897 -59.2897 0.5
2 217.854 101.466 -99.5913 0.5
2 205.576 -17.2384 -46.7379 0.5
2 187.872 -50.7773 -40.8373 0.5
2 181.157 11.4812 98.4759 0.5
2 172.761 -29.5769 -89.845 0.5
2 180.888 79.9484 -85.6941 0.5
2 186.668 90.2237 -85.5345 0.5
2 200.542 14.3754 -87.6871 0.5
2 220.372 188.322 40.2868 0.5
2 217.501 16.1883 65.417 0.5
3 233.326 3.25231 -25.2959 0.5
3 285.009 36.1159 -76.9339 0.5
3 302.973 150.221 -86.4744 0.5
3 228.446 3.52224 26.3067 0.5
3 301.036 3.68149 -26.8839 0.5
3 246.388 199.888 -4.72141 0.5
3 298.142 112.096 99.2658 0.5
3 236.238 158.594 81.0352 0.5
3 313.455 179.745 -60.3379 0.5
3 309.495 57.6228 90.5769 0.5
3 330.897 136.474 -93.1109 0.5
3 276.527 97.4832 -99.9683 0.5
3 297.887 150.432 86.3519 0.5
3 300.216 124.941 96.8399 0.5
3 319.298 6.46873 -35.3822 0.5
3 251.843 87.1138 99.1663 0.5
3 263.768 190.241 -43.0876 0.5
3 314.647 197.248 -23.2994 0.5
3 294.788 113.568 99.0752 0.5
3 327.847 24.0271 65.024 0.5
3 263.331 137.808 -92.5772 0.5
3 328.628 199.926 3.84704 0.5
3 273.049 171.482 69.9308 0.5
3 258.926 53.7451 -88.6594 0.5
3 270.567 190.516 -42.5063 0.5
3 279.074 25.0951 -66.2515 0.5
3 232.623 173.872 67.4012 0.5
3 231.654 11.5822 46.7151 0.5
3 251.328 138.954 92.1008 0.5
3 239.259 70.4044 95.5201 0.5
3 302.256 12.0527 -47.5949 0.5
3 254.102 33.3338 -74.536 0.5
3 226.024 133.082 94.3693 0.5
3 306.81 48.0611 -85.4538 0.5
3 258.188 132.05 -94.7249 0.5
3 235.569 67.8963 94.7067 0.5
3 297.963 30.6159 72.0128 0.5
3 330.919 185.577 51.7357 0.5
3 244.35 120.986 97.7732 0.5
3 318.93 33.1782 74.3966 0.5
3 284.49 103.378 99.9429 0.5
3 258.149 199.749 -7.0751 0.5
3 259.089 60.0761 91.6847 0.5
3 302.357 118.76 98.2245 0.5
3 296.842 36.3727 -77.1464 0.5
3 294.736 185.695 51.5403 0.5
3 272.05 132.053 94.7237 0.5
3 327.208 88.5298 99.34 0.5
3 321.053 98.8949 99.9939 0.5
3 275.09 181.739 -57.6089 0.5
3 293.367 191.869 -39.4985 0.5
3 277.295 199.72 7.47916 0.5
3 282.946 95.3618 99.8924 0.5
3 327.218 199.336 -11.5034 0.5
3 298.676 153.258 -84.6379 0.5
3 255.088 0.446188 -9.43602 0.5
3 259.409 16.9058 55.6359 0.5
3 262.532 182.538 56.4583 0.5
3 298.561 41.9377 81.4173 0.5
3 332.065 2.70329 23.0944 0.5
3 300.185 199.629 -8.6049 0.5
3 294.129 65.2996 93.7864 0.5
3 302.342 171.593 69.8168 0.5
3 312.37 173.992 -67.2693 0.5
3 298.116 128.932 -95.7233 0.5
3 266.293 195.982 28.0621 0.5
3 268.236 0.00193239 0.62167 0.5
3 323.914 149.842 -86.6933 0.5
4 369.688 90.4201 -84.5561 0.5
4 363.585 53.5237 99.8246 0.5
4 362.352 140.397 -42.1999 0.5
4 342.571 96.3057 99.2399 0.5
4 333.772 124.522 96.7513 0.5
4 354.202 148.096 53.8823 0.5
4 381.777 -41.691 81.6155 0.5
4 361.664 12.0125 -92.1164 0.5
4 364.719 140.221 -32.4684 0.5
4 365.296 20.8871 -97.1385 0.5
4 378.269 -36.4817 -80.9944 0.5
4 342.097 87.676 99.9592 0.5
4 333.61 7.85586 -39.9707 0.5
4 369.645 -62.8652 -2.40213 0.5
4 384.106 60.6657 87.3921 0.5
4 344.933 160.918 -58.6312 0.5
4 388.357 29.2411 -96.9409 0.5
4 379.918 26.38 99.75 0.5
4 382.539 87.3324 68.812 0.5
4 357.682 17.0075 -91.2897 0.5
4 380.657 110.843 37.2335 0.5
4 364.076 11.4387 -93.557 0.5
4 383.195 9.2646 -99.9044 0.5
4 347.24 0.771715 65.9835 0.5
4 349.231 21.5564 86.0719 0.5
4 344.811 -5.00214 -52.4798 0.5
4 360.135 119.656 -75.0579 0.5
4 350.131 124.993 84.1103 0.5
4 360.689 -10.5022 77.562 0.5
4 376.948 104.468 59.985 0.5
4 356.046 142.127 57.9931 0.5
4 335.808 0.964856 31.9814 0.5
4 383.447 -62.6112 65.2109 0.5
4 374.949 -7.0752 93.6772 0.5
4 352.746 -19.4354 51.3443 0.5
4 348.233 -18.1909 38.2799 0.5
4 383.299 113.454 0.574552 0.5
4 360.234 138.816 -52.0127 0.5
4 336.215 191.306 26.9559 0.5
4 347.656 45.8152 -95.5877 0.5
4 348.205 49.4599 -96.8808 0.5
4 371 -53.3181 47.3539 0.5
4 364.028 -20.0949 -74.2992 0.5
4 363.868 23.0979 97.0735 0.5
4 359.29 126.302 70.1565 0.5
4 367.431 -55.9592 24.7038 0.5
4 366.161 131.498 -46.828 0.5
4 374.481 -60.5226 -45.0978 0.5
5 357.622 15.2016 75.4914 0.5
5 387.421 67.6725 74.7383 0.5
5 384.019 -36.594 -94.7641 0.5
5 382.778 71.1073 62.681 0.5
5 350.612 34.9106 -22.5137 0.5
5 358.005 44.2043 34.3298 0.5
5 372.699 66.5455 -41.8694 0.5
5 361.064 31.4557 65.1391 0.5
5 340.46 -45.7525 -93.9138 0.5
5 363.893 19.812 80.4976 0.5
5 335.848 -20.6152 73.8004 0.5
5 339.123 -170.652 47.0708 0.5
5 334.34 -189.99 -11.9498 0.5
5 373.954 -122.068 -2.22336 0.5
5 367.954 -121.991 -44.5952 0.5
5 363.712 -88.5748 87.3168 0.5
5 357.68 11.4195 78.6968 0.5
5 368.302 48.8318 -59.036 0.5
5 343.404 -27.7483 88.1288 0.5
5 357.11 3.77968 -83.485 0.5
5 368.792 -116.013 52.7115 0.5
5 346.917 -82.8959 99.019 0.5
5 354.28 41.8414 19.8498 0.5
5 364.889 -53.554 -98.7504 0.5
5 375.058 -44.858 -96.9073 0.5
5 348.028 -65.5658 -99.9897 0.5
5 387.695 17.6745 98.7171 0.5
5 384.675 95.869 11.0041 0.5
5 357.046 -150.653 -12.023 0.5
5 376.575 77.4463 -31.2254 0.5
5 364.495 13.9241 -85.1709 0.5
5 384.771 82.3621 -51.5004 0.5
5 341.703 6.73496 -53.1791 0.5
5 386.417 96.6944 -23.4976 0.5
5 361.478 29.8107 -67.7927 0.5
5 378.363 76.6653 41.1916 0.5
5 377.61 -1.6613 -99.0009 0.5
5 370.6 37.0033 -76.0735 0.5
5 359.75 -78.2565 94.8888 0.5
5 369.618 42.6276 69.157 0.5
5 353.961 -108.727 85.4135 0.5
5 341.003 -35.4602 89.9432 0.5
5 370.476 -127.157 -13.8267 0.5
5 342.408 4.69148 -58.052 0.5
5 346.206 19.6432 44.006 0.5
5 334.764 -143.104 -84.7172 0.5
5 342.642 -100.568 97.0174 0.5
5 341.49 -92.3128 99.0164 0.5
5 374.888 -103.043 -56.4141 0.5
5 365.56 9.50206 -88.7225 0.5
5 381.526 2.78925 -99.3053 0.5
5 362.21 50.5394 -36.8244 0.5
5 354.704 -97.4167 -90.761 0.5
5 339.352 -151.144 -72.2682 0.5
5 355.084 -23.3523 -94.934 0.5
5 366.312 62.9398 18.5288 0.5
5 342.84 -173.026 -24.1437 0.5
5 386.111 69.1847 71.1975 0.5
5 371.088 -22.8373 -99.9109 0.5
5 347.511 -31.192 -93.0215 0.5
5 346.718 -119.046 -86.7297 0.5
5 371.344 54.168 -58.9434 0.5
5 352.059 -141.788 57.562 0.5
5 371.626 45.9082 -69.3626 0.5
6 368.62 -56.6339 -93.3659 0.5
6 430.683 -160.053 -73.6873 0.5
6 390.377 -141.5 -87.1441 0.5
6 383.249 -94.0726 99.9868 0.5
6 347.68 -20.9654 69.9281 0.5
6 359.336 -74.5612 98.3869 0.5
6 336.736 -73.3027 98.1498 0.5
6 352.136 -157.041 76.3416 0.5
6 404.73 -166.021 67.7295 0.5
6 389.733 -192.191 7.1893 0.5
6 428.916 -8.94613 55.019 0.5
6 378.35 -19.9785 68.9047 0.5
6 389.45 -62.4013 -95.3786 0.5
6 353.859 -14.2609 -62.3414 0.5
6 348.936 -114.425 -97.5556 0.5
6 440.74 -192.222 6.7477 0.5
6 379.709 6.87498 11.5988 0.5
6 373.855 -172.298 -60.2025 0.5
6 439.034 -0.637948 39.6299 0.5
6 393.839 -110.47 98.363 0.5
6 368.477 -68.7601 97.1534 0.5
6 358.486 -15.3797 63.7193 0.5
6 335.292 -85.2153 99.7379 0.5
6 427.017 -191.28 15.2533 0.5
6 377.821 -38.9209 84.4667 0.5
6 438.495 -180.121 48.1024 0.5
6 394.819 -134.599 90.6835 0.5
6 342.365 -18.5783 67.4015 0.5
6 418.223 -191.809 -11.3071 0.5
6 337.779 -19.2853 68.1683 0.5
6 436.136 -102.328 99.5109 0.5
6 360.293 -14.8137 63.0285 0.5
6 414.38 -141.846 -86.9486 0.5
6 375.759 0.22262 37.5735 0.5
6 357.18 -40.4602 85.4228 0.5
6 349.404 -48.3435 -89.7475 0.5
6 355.625 -3.82975 46.3296 0.5
6 418.586 -49.5447 90.3279 0.5
6 382.444 -192.307 -5.34344 0.5
6 390.758 -138.414 -88.8108 0.5
6 438.59 -111.333 98.2009 0.5
6 359.6 -25.3632 74.1576 0.5
6 350.514 -28.4421 76.8308 0.5
6 400.475 6.91751 -11.2285 0.5
6 383.575 -25.6367 74.4041 0.5
6 395.144 -159.56 -74.1366 0.5
6 407.683 -114.257 -97.5934 0.5
6 336.94 -173.735 58.2474 0.5
6 438.191 -18.5463 -67.3664 0.5
6 383.869 -17.9601 -66.7176 0.5
6 426.119 -135.202 -90.4004 0.5
7 480.43 -93.404 78.9497 0.5
7 461.857 -99.97 97.4036 0.5
7 478.083 -250.702 -1.5374 0.5
7 475.254 -65.0206 58.9278 0.5
7 464.199 -152.336 96.649 0.5
7 484.986 -165.93 -99.9468 0.5
7 455.651 -128.83 98.5497 0.5
7 489.181 -257.862 47.6341 0.5
7 466.303 -210.825 59.3069 0.5
7 460.773 -65.0196 -83.0425 0.5
7 465.212 -50.6653 -62.8828 0.5
7 473.822 -232.231 -45.7968 0.5
7 490.085 -91.7149 -60.2825 0.5
7 457.181 -74.9798 91.8548 0.5
7 453.742 -154.829 88.6485 0.5
7 448.993 -130.308 -95.4007 0.5
7 454.176 -16.6358 -37.5788 0.5
7 486.198 -153.705 -99.386 0.5
7 485.795 -247.069 55.779 0.5
7 462.782 -123.763 99.999 0.5
7 498.085 -249.923 -76.3629 0.5
7 460.09 -25.523 -34.0434 0.5
7 474.359 -183.952 -91.7866 0.5
7 451.362 -125.602 97.7334 0.5
7 464.912 -99.8361 -95.9813 0.5
7 463.482 -90.2514 -93.6101 0.5
7 484.762 -202.427 -91.5884 0.5
7 492.549 -246.386 70.8046 0.5
7 456.073 -73.0724 -91.8599 0.5
7 486.322 -74.8364 -43.2818 0.5
7 444.649 -93.6352 99.9966 0.5
7 467.736 -173.559 -91.3126 0.5
7 473.364 -135.306 99.7379 0.5
7 452.251 -20.2825 -51.5507 0.5
7 477.843 -103.641 88.4485 0.5
7 454.405 -137.812 -95.968 0.5
7 465.397 -214.326 51.722 0.5
7 446.55 -16.1562 60.0778 0.5
7 499.44 -154.281 -94.2486 0.5
7 494.139 -81.7432 -25.1674 0.5
7 499.249 -251.306 -76.8944 0.5
7 453.042 -79.8547 96.1484 0.5
7 457.409 -80.9053 -94.0426 0.5
7 480.967 -58.7611 -24.5171 0.5
7 468.568 -105.43 95.762 0.5
7 474.135 -48.2639 29.3006 0.5
7 451.553 -73.7196 95.0599 0.5
7 457.898 -22.6836 36.5827 0.5
7 474.524 -135.72 -99.6094 0.5
7 471.312 -46.1098 37.066 0.5
7 486.014 -179.471 -98.8656 0.5
8 519.32 -244.04 -45.9283 0.5
8 546.874 -54.1269 -84.5732 0.5
8 524.491 -91.702 -83.809 0.5
8 549.755 -169.271 -74.4384 0.5
8 544.425 -203.358 40.0494 0.5
8 511.542 -266.995 -18.303 0.5
8 554.951 -175.043 57.881 0.5
8 538.688 -69.7248 85.4525 0.5
8 500.348 -272.334 53.8519 0.5
8 548.757 -116.135 99.2883 0.5
8 525.807 -95.2408 -87.3207 0.5
8 547.331 -173.436 -74.4698 0.5
8 504.248 -176.11 99.8644 0.5
8 533.605 -32.4518 19.8137 0.5
8 537.16 -165.9 90.9422 0.5
8 546.258 -30.6918 -62.7497 0.5
8 500.639 -127.181 79.7084 0.5
8 540.682 -144.567 -96.4646 0.5
8 511.715 -68.4887 4.58496 0.5
8 518.487 -187.473 95.1327 0.5
8 527.348 -76.1536 75.8619 0.5
8 524.397 -238.625 38.7047 0.5
8 547.806 -30.7171 -65.9669 0.5
8 545.505 -200.481 42.2776 0.5
8 507.684 -261.439 50.9046 0.5
8 536.753 -160.661 93.4317 0.5
8 507.63 -186.111 -99.4312 0.5
8 521.24 -219.54 73.6413 0.5
8 553.838 -152.642 82.0137 0.5
8 512.632 -201.073 93.9419 0.5
8 537.519 -212.672 45.6321 0.5
8 537.731 -29.8509 35.5382 0.5
8 539.877 -217.496 20.4377 0.5
8 526.778 -76.5389 -75.3409 0.5
8 503.441 -158.521 -97.0289 0.5
8 524.655 -92.6222 84.5809 0.5
8 516.661 -241.413 57.8113 0.5
8 555.258 -30.4133 78.02 0.5
8 524.958 -198.3 84.8905 0.5
8 538.644 -38.7908 55.8486 0.5
8 530.776 -181.37 88.7916 0.5
8 517.543 -232.433 -67.1036 0.5
8 545.924 -9.92227 -12.55 0.5
8 513.207 -103.639 -78.3325 0.5
8 537.396 -77.4993 -88.5815 0.5
8 538.602 -155.25 94.2443 0.5
8 541.044 -89.6998 -96.0333 0.5
8 518.94 -177.955 97.5308 0.5
8 548.393 -101.376 99.9394 0.5
8 515.936 -256.072 31.2282 0.5
8 540.636 -23.6755 -32.3708 0.5
8 519.814 -253.229 14.9728 0.5
8 532.844 -49.9507 -57.4685 0.5
8 552.047 -191.459 36.9299 0.5
8 507.79 -273.114 -20.2388 0.5
8 520.837 -251.422 -15.2031 0.5
9 613.487 4.99518 -22.4593 0.5
9 600.623 -9.52972 -55.8947 0.5
9 649.81 -34.172 -81.2629 0.5
9 589.75 -20.7199 69.6762 0.5
9 576.123 -26.1428 74.8555 0.5
9 638.952 -26.5367 -75.2026 0.5
9 610.896 -128.383 -93.3212 0.5
9 602.726 -169.053 -64.2803 0.5
9 555.87 -151.933 -80.385 0.5
9 635.876 -77.3953 98.8603 0.5
9 626.285 -27.2924 -75.8583 0.5
9 637.536 -63.2805 95.6511 0.5
9 585.577 -172.663 59.7154 0.5
9 597.589 -148.135 83.0612 0.5
9 585.507 -180.574 47.2675 0.5
9 641.171 -189.161 25.4346 0.5
9 612.502 -189.411 24.4658 0.5
9 604.5 -190.919 17.4336 0.5
9 622.589 -172.525 -59.9002 0.5
9 612.106 -180.947 46.5643 0.5
9 559.562 -5.14934 48.7707 0.5
9 663.992 -154.405 -78.4958 0.5
9 573.805 4.43567 24.7619 0.5
9 604.162 7.47113 3.96853 0.5
9 595.161 -21.285 -70.2533 0.5
9 652.655 -181.004 -46.4566 0.5
9 626.447 -63.9992 95.8673 0.5
9 564.332 -131.141 -92.2117 0.5
9 602.983 -66.7528 96.6419 0.5
9 623.738 -7.76755 53.1871 0.5
9 568.996 -191.281 15.2441 0.5
9 619.416 2.73821 30.6462 0.5
9 618.155 -192.317 5.15106 0.5
9 621.252 6.87334 -11.6128 0.5
9 619.67 -169.478 63.7705 0.5
9 566.604 -113.956 -97.66 0.5
9 629.153 -3.14799 -45.0015 0.5
9 577.691 -191.686 12.3409 0.5
9 559.023 -177.397 -52.7643 0.5
9 595.835 -134.37 -90.7895 0.5
9 584.367 -53.8894 92.2663 0.5
9 599.855 -165.65 68.1305 0.5
9 659.823 -123.695 94.9934 0.5
9 578.443 -77.1862 98.8282 0.5
9 583.174 -11.7556 59.0626 0.5
9 661.766 -33.38 -80.6891 0.5
9 604.814 -116.212 97.1357 0.5
9 630.405 -183.717 -40.871 0.5
9 562.366 -158.55 75.0384 0.5
9 604.047 -55.3552 -92.8653 0.5
9 625.827 -36.6619 -82.992 0.5
9 612.761 7.33713 6.52005 0.5
9 664.26 -15.1179 -63.4014 0.5
9 560.796 -166.951 -66.7053 0.5
9 658.265 -14.6397 62.8135 0.5
9 665.035 -94.5575 99.9778 0.5
9 607.376 -126.309 -94.0936 0.5
9 619.015 -104.052 -99.3247 0.5
10 631.307 52.8211 -54.2188 0.5
10 653.849 -26.4796 -89.912 0.5
10 627.852 71.9178 -23.7496 0.5
10 619.263 37.1074 88.0249 0.5
10 651.151 25.1118 -42.1376 0.5
10 626.33 75.7583 -18.1283 0.5
10 646.755 -144.312 50.4349 0.5
10 629.021 -13.1824 -99.0062 0.5
10 638.572 -34 -99.5197 0.5
10 664.37 -97.3389 99.6061 0.5
10 620.411 5.20949 98.4494 0.5
10 622.156 -77.7194 78.1712 0.5
10 634.569 -132.106 30.4513 0.5
10 644.669 -62.2773 -99.6852 0.5
10 630.191 69.5744 -15.1465 0.5
10 660.755 -23.5297 -80.9729 0.5
10 611.257 70.5728 -74.1903 0.5
10 649.278 -147.522 -52.3707 0.5
10 650.705 0.0485549 -76.1201 0.5
10 632.729 48.1391 -57.5122 0.5
10 618.713 76.3219 -51.5093 0.5
10 617.054 72.897 -60.7716 0.5
10 639.624 -18.6356 -96.2929 0.5
10 644.454 -41.694 -99.2429 0.5
10 650.211 -145.137 58.3825 0.5
10 633.322 -78.3065 -89.9889 0.5
10 661.557 -161.925 -62.1701 0.5
10 637.549 38.3477 -59.5113 0.5
10 628.851 -23.1281 -99.9269 0.5
10 634.416 42.7121 60.918 0.5
10 661.414 -183.353 0.137027 0.5
10 654.501 1.586 68.3828 0.5
10 646.889 -152.775 -32.471 0.5
10 638.557 13.971 -81.6502 0.5
10 649.248 -146.924 -53.2485 0.5
10 660.561 -167.32 -51.9521 0.5
10 625.328 63.1081 54.3255 0.5
10 619.143 83.4889 -35.1309 0.5
10 626.977 25.3002 87.1689 0.5
10 664.133 -187.935 5.00817 0.5
10 624.014 73.0299 40.1106 0.5
10 652.965 -103.454 93.7732 0.5
10 630.691 -124.736 -32.4207 0.5
10 647.189 -61.8902 -99.9496 0.5
10 621.872 47.7694 -77.9554 0.5
10 655.383 -161.899 45.6083 0.5
10 646.526 -109.904 85.2093 0.5
10 631.047 66.5248 -23.1634 0.5
10 648.602 37.7983 14.3909 0.5
10 632.086 -116.949 -53.6429 0.5
10 618.454 85.8818 31.7541 0.5
10 635.019 -49.7391 99.2647 0.5
10 625.44 -92.1592 70.304 0.5
10 639.728 -107.193 78.9287 0.5
10 628.443 -27.8187 99.9876 0.5
10 642.185 -25.2039 96.8651 0.5
10 661.56 -155.41 69.5982 0.5
10 627.608 -3.17617 97.6344 0.5
11 636.589 147.887 1.83734 0.5
11 639.565 42.8902 99.4817 0.5
11 653.726 -21.3269 14.7061 0.5
11 661.124 178.297 47.6887 0.5
11 644.678 63.5669 99.9864 0.5
11 657.077 144.615 -79.0664 0.5
11 622.667 53.2722 -95.5551 0.5
11 614.259 -79.9768 -45.1972 0.5
11 627.538 121.282 -45.4893 0.5
11 621.078 90.9028 71.5462 0.5
11 629.793 -18.2802 83.9005 0.5
11 666.094 9.34992 44.2864 0.5
11 616.704 -71.9665 51.9791 0.5
11 636.554 119.507 69.7445 0.5
11 624.987 9.5693 -98.3227 0.5
11 654.752 44.418 -93.6952 0.5
11 635.263 -7.71806 -84.5952 0.5
11 621.814 106.557 -53.879 0.5
11 654.449 144.322 75.5768 0.5
11 615.282 -88.9881 -1.62257 0.5
11 612.777 104.103 22.4669 0.5
11 654.306 6.30346 69.0975 0.5
11 650.08 150.495 61.0214 0.5
11 617.206 92.4631 62.414 0.5
11 645.554 158.714 30.3512 0.5
11 622.984 -57.2171 -57.8677 0.5
11 626.499 -2.63916 -94.3749 0.5
11 611.691 100.246 29.767 0.5
11 664.012 194.963 -9.3578 0.5
11 640.118 -40.0434 -33.9511 0.5
11 655.176 -19.628 -7.39512 0.5
11 654.924 129.824 -86.5084 0.5
11 648.791 156.85 -47.846 0.5
11 658.024 117.774 94.4877 0.5
11 644.613 144.636 56.0216 0.5
11 653.26 171.802 -31.154 0.5
11 648.999 168.596 -12.649 0.5
11 650.056 110.229 92.0815 0.5
11 636.313 19.9199 96.1428 0.5
11 643.583 133.39 67.9448 0.5
11 649.752 40.7022 -95.3936 0.5
11 629.374 -10.6962 88.7378 0.5
11 629.582 9.14649 96.3917 0.5
11 623.673 -56.6757 -56.9364 0.5
11 642.174 145.693 47.2829 0.5
11 644.568 138.46 -64.1221 0.5
11 621.836 85.8275 77.2712 0.5
11 657.335 56.7159 -96.2519 0.5
11 613.419 -87.5594 -30.1975 0.5
11 644.908 -20.4688 56.0991 0.5
11 662.056 44.991 -88.2543 0.5
11 662.312 84.7149 -99.6998 0.5
11 647.01 160.274 33.2192 0.5
11 625.302 -64.7103 -36.5939 0.5
11 664.614 95.7188 -99.9974 0.5
11 664.367 189.385 35.8136 0.5
11 648.674 13.8108 -83.4996 0.5
11 650.089 170.12 15.2297 0.5
11 629.655 135.193 -11.8192 0.5
11 633.621 -41.293 54.1704 0.5
11 646.3 164.639 4.1142 0.5
11 649.023 -29.79 12.3794 0.5
11 640.47 -23.4432 -62.492 0.5
11 637.874 -26.2749 64.5163 0.5
11 634.413 -12.4608 -82.4437 0.5
11 653.79 -21.6861 -11.0858 0.5
11 630.139 110.348 67.6807 0.5
12 716.061 198.52 -17.1393 0.5
12 671.332 152.1 -85.3559 0.5
12 692.644 0.921503 -13.5444 0.5
12 723.117 185.434 -51.9716 0.5
12 751.41 19.1523 -58.8528 0.5
12 673.23 173.745 -67.5405 0.5
12 683.381 86.1555 -99.037 0.5
12 695.906 80.8123 98.1419 0.5
12 713.909 180.102 59.8642 0.5
12 709.028 39.0249 79.2593 0.5
12 740.068 191.948 -39.313 0.5
12 685.005 4.97645 -31.1532 0.5
12 713.004 153.964 84.1898 0.5
12 688.652 125.064 96.808 0.5
12 681.645 184.101 -54.1024 0.5
12 689.813 28.4196 -69.8301 0.5
12 706.293 199.994 -1.10804 0.5
12 749.237 16.5135 55.0455 0.5
12 747.244 188.833 45.9197 0.5
12 723.96 67.0719 -94.4232 0.5
12 718.27 188.167 -47.1865 0.5
12 736.593 0.0370028 2.72015 0.5
12 694.933 15.4551 53.4055 0.5
12 760.746 197.223 -23.4039 0.5
12 694.375 199.528 9.70538 0.5
12 684.892 5.588 -32.9602 0.5
12 772.636 199.62 8.71414 0.5
12 754.64 182.837 -56.0174 0.5
12 685.152 56.5316 90.0583 0.5
12 737.716 155.354 83.2822 0.5
12 690.721 84.8393 98.8441 0.5
12 715.108 122.175 97.5104 0.5
12 672.883 4.4269 29.4242 0.5
12 754.637 173.22 68.1084 0.5
12 719.366 100.007 -100 0.5
12 711.346 176.273 -64.6715 0.5
12 670.083 152.203 -85.2924 0.5
12 730.886 199.995 -0.993728 0.5
12 768.53 58.0686 -90.7841 0.5
12 741.43 27.5506 68.9281 0.5
12 775.796 148.635 87.3764 0.5
12 677.033 168.88 72.4948 0.5
12 692.424 99.0236 -99.9952 0.5
12 764.498 13.9284 -50.9086 0.5
12 668.315 1.11819 14.9127 0.5
12 723.557 21.0999 61.4392 0.5
12 687.033 45.9509 84.135 0.5
12 670.477 199.022 13.9526 0.5
12 769.011 118.936 -98.1908 0.5
12 683.781 70.0853 95.4207 0.5
12 751.884 1.92228 -19.5131 0.5
12 686.739 172.275 69.1113 0.5
12 739.727 199.051 -13.7442 0.5
12 718.207 198.703 16.0566 0.5
12 775.911 92.858 99.7446 0.5
12 761.193 78.9706 -97.7638 0.5
12 741.953 148.301 -87.5617 0.5
12 679.658 123.718 -97.1466 0.5
12 771.693 62.4799 -92.6944 0.5
12 688.378 175.62 65.4345 0.5
12 769.092 145.14 89.2321 0.5
12 702.791 174.801 -66.3684 0.5
12 702.668 198.855 -15.0872 0.5
12 729.342 158.18 81.3333 0.5
13 783.08 21.5458 72.1221 0.5
13 800.503 -35.1529 28.7031 0.5
13 813.405 -58.7737 -24.045 0.5
13 830.4 -22.7789 -94.8647 0.5
13 816.845 118.536 50.687 0.5
13 790.121 95.5988 98.5483 0.5
13 828.769 -41.2057 -84.8705 0.5
13 781.63 178.949 51.6629 0.5
13 821.443 -56.3315 -59.0547 0.5
13 819.287 9.95133 -98.3387 0.5
13 777.932 -0.262232 0.996051 0.5
13 811.675 140.339 13.7464 0.5
13 820.529 111.899 51.1206 0.5
13 791.646 140.486 -76.4123 0.5
13 777.95 147.654 -87.7528 0.5
13 821.612 122.354 -18.4844 0.5
13 792.079 -12.4541 -48.0777 0.5
13 790.434 174.636 26.013 0.5
13 793.364 74.3517 99.9909 0.5
13 803.499 20.7542 -93.7882 0.5
13 779.983 38.299 -81.5456 0.5
13 794.958 163.728 35.5034 0.5
13 791.61 62.4667 99.0742 0.5
13 796.416 56.3094 99.3471 0.5
13 827.532 -32.3156 -88.7203 0.5
13 796.474 -32.2614 4.92401 0.5
13 784.267 11.6773 -63.7047 0.5
13 807.031 148.964 -8.57438 0.5
13 819.474 -40.6971 72.8759 0.5
13 821.564 -62.2818 -50.276 0.5
13 810.306 -25.0068 -72.697 0.5
13 789.791 109.881 95.1746 0.5
13 829.889 79.8412 71.3157 0.5
13 802.16 138.105 -59.5496 0.5
13 783.747 106.443 -98.5818 0.5
13 797.781 104.063 -92.2041 0.5
13 780.007 167.478 70.0771 0.5
13 817.069 123.51 -40.2 0.5
13 784.098 53.6944 -93.5404 0.5
13 802.421 -21.194 61.9351 0.5
13 796.442 -19.5286 48.9489 0.5
13 821.134 -57.7927 -56.2237 0.5
13 812.283 -10.2884 -86.2986 0.5
13 828.162 -84.3353 24.0432 0.5
13 792.377 24.9569 -86.7422 0.5
13 777.974 175.866 -64.7515 0.5
13 778.692 157.624 -80.5889 0.5
13 821.094 10.8494 -98.9975 0.5
13 790.556 100.619 -97.3776 0.5
13 815.897 127.814 -34.5583 0.5
13 800.668 -39.4119 6.858 0.5
13 783.042 180.216 -44.9368 0.5
13 817.531 50.6983 -98.0697 0.5
13 787.374 173.675 42.973 0.5
13 830.296 95.5904 -50.0834 0.5
13 832.344 93.1837 -48.0584 0.5
13 819.388 -64.2735 -38.7147 0.5
13 780.486 0.617413 32.1469 0.5
13 815.641 123.139 -46.1383 0.5
13 824.144 -5.52059 96.7696 0.5
13 788.374 127.088 -89.0789 0.5
13 794.962 -19.3333 -44.4674 0.5
13 799.186 34.6497 -95.921 0.5
13 822.053 -67.1504 -42.6181 0.5
13 805.415 -16.2142 -72.9999 0.5
13 785.511 -13.3927 -0.501708 0.5
13 804.308 102.556 -87.4466 0.5
14 884.957 16.266 63.8953 0.5
14 884.997 188.125 31.6319 0.5
14 858.742 21.1278 96.3818 0.5
14 867.567 129.712 -74.5568 0.5
14 853.659 35.3936 99.9357 0.5
14 852.567 -62.3918 -10.1766 0.5
14 852.767 -15.1867 85.0354 0.5
14 839.436 78.3125 76.8653 0.5
14 838.206 102.755 -42.4547 0.5
14 835.193 -91.586 16.7803 0.5
14 887.99 6.57489 39.499 0.5
14 863.982 -25.2424 -57.0906 0.5
14 872.544 90.7767 98.1615 0.5
14 844.339 -48.5822 -69.9945 0.5
14 836.68 105.75 27.3842 0.5
14 833.919 -95.1099 -4.48166 0.5
14 852.682 129.037 -39.7748 0.5
14 871.462 36.6978 -94.3565 0.5
14 867.271 -2.12484 -76.2645 0.5
14 876.976 -18.2071 -21.8972 0.5
14 836.867 36.6959 -96.3418 0.5
14 874.193 52.0261 97.4313 0.5
14 842.859 119.991 7.51733 0.5
14 853.133 -56.0394 -33.8183 0.5
14 840.048 1.74328 -99.0623 0.5
14 839.792 -43.5026 -81.1291 0.5
14 876.577 -4.27781 55.8457 0.5
14 849.096 100.791 71.6925 0.5
14 879.961 174.841 -42.9557 0.5
14 838.006 36.0491 97.0324 0.5
14 862.723 8.2992 -88.5938 0.5
14 880.687 30.0207 -83.0024 0.5
14 837.433 -88.7893 -8.18651 0.5
14 887.423 189.406 -39.3194 0.5
14 834.965 -86.4581 36.6061 0.5
14 879.417 167.763 53.9962 0.5
14 884.579 13.2558 -60.9481 0.5
14 872.16 -27.3042 18.2083 0.5
14 861.713 -41.7562 -32.165 0.5
14 842.38 28.6775 99.5729 0.5
14 880.654 181.945 -27.2742 0.5
14 842.795 70.8027 86.2303 0.5
14 875.383 26.0699 86.2904 0.5
14 843.108 -65.6938 50.3513 0.5
14 849.294 -16.5748 -87.7295 0.5
14 888.291 192.457 35.4827 0.5
14 883.279 49.2661 91.2006 0.5
14 837.189 85.2622 66.3595 0.5
14 867.719 -36.5297 -5.23488 0.5
14 874.768 173.073 -22.0787 0.5
14 857.629 -20.3758 74.9224 0.5
14 859.924 -48.7523 -16.7689 0.5
14 882.176 33.3083 -83.4741 0.5
14 881.443 104.516 98.4725 0.5
14 861.662 -44.1776 -24.233 0.5
14 851.828 71.1872 93.5325 0.5
14 869.482 112.253 -88.8608 0.5
14 851.534 -42.5437 62.7731 0.5
14 873.983 153.917 60.351 0.5
14 874.957 30.2233 -88.9744 0.5
14 838.159 -13.3349 96.7023 0.5
14 888.626 177.046 63.1945 0.5
14 887.835 90.6174 -99.714 0.5
15 895.403 56.0065 -89.8029 0.5
15 891.305 165.01 75.9848 0.5
15 912.737 118.78 98.2207 0.5
15 959.107 110.309 99.4672 0.5
15 918.604 199.781 -6.61437 0.5
15 906.115 53.7878 -88.6816 0.5
15 952.684 180.472 -59.366 0.5
15 932.093 199.402 -10.9227 0.5
15 994.626 44.7174 -83.3297 0.5
15 965.124 152.944 -84.8346 0.5
15 914.961 5.31411 -32.1649 0.5
15 957.858 164.806 -76.159 0.5
15 970.232 31.1292 72.5039 0.5
15 989.353 187.965 -47.5619 0.5
15 947.892 17.5571 56.5965 0.5
15 981.578 157.117 -82.0834 0.5
15 987.485 175.175 -65.9449 0.5
15 900.815 199.306 -11.7616 0.5
15 961.005 81.2048 98.2178 0.5
15 928.217 25.1094 -66.2676 0.5
15 946.354 94.3417 -99.8398 0.5
15 977.417 141.78 -90.854 0.5
15 935.286 43.0996 82.2335 0.5
15 917.28 184.037 54.2007 0.5
15 979.878 159.789 80.158 0.5
15 910.024 43.7597 82.6863 0.5
15 968.431 3.30434 25.4941 0.5
15 994.512 54.4099 -89.0031 0.5
15 908.185 100.036 -100 0.5
15 994.045 180.172 59.7694 0.5
15 968.169 180.196 59.7375 0.5
15 987.052 175.505 65.5668 0.5
15 975.645 134.139 93.9923 0.5
15 915.299 135.318 -93.5554 0.5
15 972.406 12.9047 -49.1367 0.5
15 925.014 50.8401 87.0821 0.5
15 969.441 68.6606 94.9623 0.5
15 982.788 96.7021 -99.9456 0.5
15 957.054 8.45219 40.2368 0.5
15 974.103 10.8628 45.3273 0.5
15 993.003 50.272 -86.759 0.5
15 927.427 143.071 90.2489 0.5
15 978.879 150.885 -86.0853 0.5
15 898.189 191.445 40.4703 0.5
15 933.841 44.7886 -83.3769 0.5
15 937.577 183.955 -54.3289 0.5
15 918.33 198.628 16.5074 0.5
15 916.08 53.7111 -88.6416 0.5
15 986.256 200 0.280265 0.5
15 950.555 96.7622 99.9476 0.5
15 964.923 116.201 -98.6789 0.5
15 956.558 83.9015 -98.6957 0.5
15 926.525 161.255 79.0433 0.5
15 905.881 67.9164 94.7135 0.5
15 905.974 9.16546 41.8221 0.5
15 994.907 184.446 53.5619 0.5
15 988.315 5.47114 32.6235 0.5
15 931.287 179.026 61.2777 0.5
15 970.855 8.22043 39.7053 0.5
15 896.816 194.783 31.8774 0.5
15 894.575 163.665 77.1154 0.5
15 946.24 198.957 14.4071 0.5
15 993.429 6.06528 34.2968 0.5
15 937.558 160.93 79.2944 0.5
15 913.405 194.503 32.6996 0.5
15 976.161 19.9421 59.9227 0.5
15 891.402 59.913 -91.6135 0.5
15 891.785 200 0.107628 0.5
15 953.781 66.8075 -94.3306 0.5
15 903.007 185.707 -51.5201 0.5
15 938.116 120.046 97.9701 0.5
