0 76.5772 56.6721 90.126 0.5
0 110.476 10.6496 44.9056 0.5
0 82.961 15.1616 -52.9381 0.5
0 40.7409 69.3384 95.1833 0.5
0 39.0182 12.4032 48.2369 0.5
0 70.9806 198.904 14.7636 0.5
0 105.551 121.227 -97.721 0.5
0 44.9157 50.6835 -86.9936 0.5
0 17.8281 30.1921 -71.6021 0.5
0 99.9216 186.892 49.4949 0.5
0 7.21574 199.959 -2.86753 0.5
0 106.634 159.722 -80.2081 0.5
0 77.8175 1.74847 -18.6182 0.5
0 32.1372 89.5266 99.45 0.5
0 72.2899 123.403 -97.223 0.5
0 67.7183 177.49 -63.209 0.5
0 12.2671 142.794 -90.3807 0.5
0 63.5533 194.175 33.6313 0.5
0 29.2697 76.7049 -97.2488 0.5
0 54.1166 32.8864 74.1334 0.5
0 46.9927 180.879 58.8099 0.5
0 28.9598 53.903 88.7415 0.5
0 87.5992 17.1475 -55.9952 0.5
0 82.1388 199.298 -11.8297 0.5
0 63.2365 0.202744 6.36456 0.5
0 91.974 161.36 78.9615 0.5
0 85.3844 143.938 -89.8302 0.5
0 109.531 47.9355 85.3773 0.5
0 57.1325 41.3201 -80.9732 0.5
0 28.6512 164.993 75.9991 0.5
0 40.5373 59.6063 91.4787 0.5
0 48.4966 2.82849 -23.6156 0.5
0 59.8435 184.025 -54.2199 0.5
0 78.5676 32.7517 -74.0113 0.5
0 12.8436 103.274 -99.9464 0.5
0 106.509 158.894 80.8176 0.5
0 30.4831 199.981 1.95194 0.5
0 99.0206 130.606 -95.2011 0.5
0 52.0416 27.3422 68.7084 0.5
0 101.637 7.2695 -37.4307 0.5
0 55.5785 187.492 48.4274 0.5
0 15.5589 168.037 -73.2873 0.5
0 40.8902 113.591 -99.0722 0.5
0 8.30648 199.994 -1.05153 0.5
0 92.1182 37.4672 78.0362 0.5
0 7.1541 19.565 59.4155 0.5
0 60.937 17.0475 -55.847 0.5
0 44.5108 9.6472 42.8529 0.5
0 50.208 104.798 -99.8848 0.5
0 24.8744 144.796 89.4055 0.5
0 75.2898 12.8335 -49.0102 0.5
0 103.245 182.442 56.5984 0.5
0 40.8053 161.698 78.6979 0.5
0 80.7182 55.7716 89.6875 0.5
0 90.0462 158.009 -81.4552 0.5
0 89.8442 34.1591 75.266 0.5
0 78.4395 3.84805 -27.4737 0.5
1 145.494 88.8193 87.5223 0.5
1 165.614 83.9657 62.1179 0.5
1 122 172.148 -41.4429 0.5
1 151.585 -17.9331 87.8196 0.5
1 153.068 28.8441 -99.9885 0.5
1 163.846 84.9513 64.651 0.5
1 163.193 97.1245 48.7129 0.5
1 157.168 -48.0405 -73.0715 0.5
1 117.871 135.472 88.1705 0.5
1 149.126 74.2867 91.5943 0.5
1 130.028 -30.3477 21.8566 0.5
1 157.865 -74.2616 36.0351 0.5
1 147.491 -59.9474 -24.5686 0.5
1 157.55 -33.025 85.0542 0.5
1 131.964 127.198 77.4014 0.5
1 137.9 -29.7345 -55.2739 0.5
1 163.578 -87.9337 24.079 0.5
1 154.524 124.806 -0.361165 0.5
1 132.189 84.1791 -97.8369 0.5
1 128.301 -29.7088 3.60708 0.5
1 134.525 159.128 7.96756 0.5
1 141.555 114.411 -74.1086 0.5
1 113.098 159.14 77.9972 0.5
1 111.801 196.896 -19.4492 0.5
1 153.044 -65.4044 37.3226 0.5
1 118.51 101.013 99.0394 0.5
1 146.768 125.673 -48.5357 0.5
1 141.603 -42.0478 -45.1368 0.5
1 154.63 -73.9208 -17.0005 0.5
1 163.579 -80.3568 -44.6459 0.5
1 111.513 141.854 -90.4953 0.5
1 125.468 165.102 43.6538 0.5
1 137.19 -28.7701 54.8724 0.5
1 128.463 29.5149 -91.4624 0.5
1 150.393 -35.4313 -73.8797 0.5
1 120.276 -15.8653 1.35675 0.5
1 154.092 59.9413 93.9021 0.5
1 159.168 23.6419 99.7632 0.5
1 152.178 -14.4706 90.12 0.5
1 123.129 147.034 73.4607 0.5
1 142.843 77.6676 94.5273 0.5
1 142.762 -36.2464 58.0518 0.5
1 116.749 97.6695 -99.7232 0.5
1 113.851 4.42808 -41.8401 0.5
1 129.333 136.169 73.5702 0.5
1 120.963 70.9559 -99.2799 0.5
1 116.921 62.8635 96.2654 0.5
1 118.853 37.4501 87.0926 0.5
1 138.007 152.212 15.4639 0.5
1 160.648 13.7137 -99.9988 0.5
1 161.975 -35.3976 -88.1071 0.5
1 144.013 95.5674 85.0763 0.5
1 143.345 118.564 -66.8246 0.5
1 159.221 14.111 -99.9672 0.5
1 146.69 -10.7031 87.128 0.5
1 156.197 -60.8108 -56.1912 0.5
1 113.218 131.771 93.5168 0.5
1 117.03 74.3793 -98.8121 0.5
1 143.4 -23.5361 73.6806 0.5
1 148.076 -4.63153 91.3841 0.5
1 111.262 72.4245 96.1972 0.5
1 124.539 97.8909 -97.738 0.5
2 189.938 -55.6415 7.42404 0.5
2 171.45 96.7731 -53.1374 0.5
2 215.752 174.598 51.3577 0.5
2 206.325 10.0266 78.1112 0.5
2 205.916 81.2785 99.5457 0.5
2 222.093 112.363 99.2047 0.5
2 219.857 183.548 48.1512 0.5
2 206.744 -21.1547 33.1509 0.5
2 206.089 -26.6394 -16.0967 0.5
2 204.959 23.4318 -88.4432 0.5
2 196.425 89.8593 93.8453 0.5
2 182.801 127.574 -28.4963 0.5
2 193.744 -21.8541 -68.8455 0.5
2 204.956 149.315 -61.0256 0.5
2 195.762 102.202 87.7091 0.5
2 190.01 34.8328 99.5597 0.5
2 184.328 -63.5806 -20.1618 0.5
2 212.203 145.059 78.1326 0.5
2 220.321 17.3058 -60.7893 0.5
2 221.974 6.38018 -36.2716 0.5
2 208.423 -14.2128 -42.9401 0.5
2 192.311 76.8261 95.8126 0.5
2 213.863 74.7291 99.4159 0.5
2 207.958 132.408 82.0847 0.5
2 215.588 33.1285 83.2646 0.5
2 217.044 38.0216 84.7938 0.5
2 218.709 1.48151 -38.1575 0.5
2 182.354 -1.15592 -94.7071 0.5
2 211.106 180.59 -5.59239 0.5
2 196.501 93.6563 92.4133 0.5
2 212.302 -5.65408 46.6117 0.5
2 205.469 95.6913 -96.8994 0.5
2 219.785 59.0353 -93.0048 0.5
2 201.958 27.5671 -92.7692 0.5
2 186.171 -3.4002 -91.2276 0.5
2 190.596 1.27554 -89.8264 0.5
2 195.117 96.5349 -90.0517 0.5
2 212.746 111.204 -96.1109 0.5
2 167.955 -93.4468 -10.4391 0.5
2 220.361 194.194 22.5803 0.5
2 216.768 -0.340428 41.6929 0.5
2 188.314 136 -32.0309 0.5
2 180.048 -65.9019 37.1247 0.5
2 176.913 -72.778 33.2779 0.5
2 191.406 137.633 -41.4436 0.5
2 206.559 -2.44603 65.783 0.5
2 218.045 -1.33758 33.8332 0.5
2 204.697 163.915 33.3668 0.5
2 197.442 -42.1456 -12.4215 0.5
2 192.317 68.9579 -97.8224 0.5
2 208.34 107.642 -94.8471 0.5
2 182.634 46.3696 -98.8778 0.5
2 168.307 60.6454 84.1482 0.5
2 189.499 -40.4551 -54.6027 0.5
2 203.502 -22.303 -43.8379 0.5
2 212.562 -14.949 -18.8042 0.5
2 215.647 141.314 84.9849 0.5
2 205.234 65.5706 99.8747 0.5
2 194.204 149.141 -21.459 0.5
2 197.296 148.916 38.9801 0.5
2 194.736 35.4953 -98.5621 0.5
2 201.651 -30.6014 31.3151 0.5
2 198.177 109.573 -85.8862 0.5
2 181.984 116.234 -51.1496 0.5
2 186.179 137.523 3.09133 0.5
2 180.028 94.5184 -73.6901 0.5
2 209.735 18.8714 -80.3721 0.5
2 194.935 45.732 99.7543 0.5
2 169.363 -7.74509 98.6807 0.5
2 180.117 120.688 35.1551 0.5
2 219.162 64.5434 -95.3447 0.5
2 180.041 89.4873 78.0252 0.5
2 171.353 73.8326 78.5064 0.5
2 170.641 -79.4355 -43.3924 0.5
3 331.411 186.829 -49.606 0.5
3 243.785 1.39053 -16.6184 0.5
3 244.318 59.7634 -91.5479 0.5
3 226.597 104.752 -99.887 0.5
3 308.045 13.046 -49.3862 0.5
3 287.265 171.397 70.018 0.5
3 239.046 76.5914 97.2216 0.5
3 313.809 3.25984 25.3247 0.5
3 325.395 15.7665 -53.8954 0.5
3 291.39 27.375 68.7431 0.5
3 312.205 57.3471 -90.4474 0.5
3 263.041 181.896 -57.3845 0.5
3 228.084 85.7976 -98.9863 0.5
3 246.153 51.0852 -87.2201 0.5
3 308.998 198.45 -17.537 0.5
3 248.182 198.096 -19.4232 0.5
3 284.403 167.595 73.6944 0.5
3 276.471 198.696 -16.0979 0.5
3 313.437 199.798 -6.34966 0.5
3 248.187 197.103 23.894 0.5
3 264.253 146.049 88.7665 0.5
3 279.713 89.5186 -99.4492 0.5
3 312.894 186.091 50.8761 0.5
3 269.877 23.072 63.8911 0.5
3 309.309 122.996 97.32 0.5
3 233.225 161.291 79.0154 0.5
3 226.986 152.022 -85.4031 0.5
3 297.869 153.883 -84.2412 0.5
3 313.289 5.38128 32.362 0.5
3 270.298 0.0743074 -3.85434 0.5
3 232.943 68.7335 -94.9864 0.5
3 278.517 174.952 -66.1982 0.5
3 240.18 154.879 83.5963 0.5
3 287.29 161.315 78.9964 0.5
3 255.182 188.25 -47.0312 0.5
3 242.75 156.22 -82.7001 0.5
3 223.76 26.2469 67.5313 0.5
3 267.94 135.518 93.4799 0.5
3 234.522 13.2925 49.8177 0.5
3 245.076 0.981814 13.9785 0.5
3 233.285 140.895 -91.2559 0.5
3 275.679 72.552 -96.1593 0.5
3 237.372 107.24 99.7376 0.5
3 234.103 52.7368 -88.126 0.5
3 291.93 139.347 91.9338 0.5
3 261.971 58.4708 90.9688 0.5
3 234.335 13.2825 -49.8004 0.5
3 310.651 65.1375 93.7262 0.5
3 259.678 4.21651 28.7319 0.5
3 235.854 122.708 -97.3876 0.5
3 293.072 167.266 -73.9951 0.5
3 249.38 183.826 54.5271 0.5
3 330.097 137.012 -92.8984 0.5
3 326.962 199.881 -4.87641 0.5
3 289.27 199.357 -11.3239 0.5
3 244.093 146.311 -88.63 0.5
4 348.821 163.564 -42.7766 0.5
4 340.082 52.9397 -93.5355 0.5
4 370.009 -55.136 -40.0922 0.5
4 333.521 7.18735 38.0262 0.5
4 343.853 83.6044 99.9833 0.5
4 346.643 144.25 -73.9609 0.5
4 362.153 145.143 31.044 0.5
4 336.881 47.1037 88.3985 0.5
4 351.997 15.6893 -85.4257 0.5
4 339.415 -7.74808 23.4368 0.5
4 338.984 22.8344 73.8924 0.5
4 360.71 -47.1798 -6.89671 0.5
4 373.617 -58.7504 -45.6415 0.5
4 340.871 -6.87307 -34.616 0.5
4 373.715 52.7082 -97.4009 0.5
4 386.408 73.336 -75.7661 0.5
4 358.074 -36.0936 -36.1381 0.5
4 376.372 77.7452 85.239 0.5
4 336.389 23.5074 -70.2184 0.5
4 372.506 -36.1235 -73.0659 0.5
4 340.919 -12.9708 5.80792 0.5
4 367.457 -30.1103 70.4139 0.5
4 379.78 114.71 30.7403 0.5
4 374.387 83.4201 83.8265 0.5
4 387.078 94.4868 -48.2754 0.5
4 352.236 -28.7278 28.0418 0.5
4 341.37 22.4324 77.1299 0.5
4 336.044 9.14847 50.7634 0.5
4 343.016 27.1376 -82.7868 0.5
4 376.412 -55.1885 59.2259 0.5
4 357.474 36.1951 -97.5516 0.5
4 386.843 106.357 -13.8348 0.5
4 382.375 54.1505 92.0422 0.5
4 378.734 -78.0269 -11.0282 0.5
4 339.911 89.4655 99.9963 0.5
4 352.551 87.8668 97.7371 0.5
4 373.581 -20.7845 -85.9734 0.5
4 358.932 64.1909 99.6356 0.5
4 367.681 123.852 55.262 0.5
4 367.794 86.6669 88.6074 0.5
4 347.468 162.696 -48.9896 0.5
4 386.676 98.4447 41.8168 0.5
4 371.822 -39.0207 -69.026 0.5
4 360.121 43.7414 99.5125 0.5
4 334.041 190.17 40.5784 0.5
4 374.697 -30.1579 -81.0932 0.5
4 387.192 54.9828 87.5792 0.5
4 385.544 -85.1649 -32.0224 0.5
4 341.573 7.22965 -61.9508 0.5
4 380.689 -4.88083 97.3523 0.5
4 359.418 100.664 88.8729 0.5
4 371.807 5.09418 95.9214 0.5
4 333.38 170.656 70.6847 0.5
4 344.452 132.279 -85.6967 0.5
4 382.129 112.69 -23.4738 0.5
4 385.693 -87.806 23.838 0.5
4 363.004 121.773 68.17 0.5
4 378.429 -18.8358 91.3301 0.5
4 358.647 156.117 2.79115 0.5
4 357.107 -25.7398 -53.3775 0.5
4 374.776 123.576 30.1184 0.5
4 342.45 179.214 -31.2093 0.5
4 358.528 100.633 -89.666 0.5
4 333.954 135.858 92.9295 0.5
5 360.875 -23.1791 -97.6466 0.5
5 378.695 63.7311 -63.0584 0.5
5 380.784 -44.5817 -93.9266 0.5
5 356.807 -151.738 -3.30083 0.5
5 349.687 -163.111 -14.2035 0.5
5 385.426 35.6427 -92.5539 0.5
5 376.054 18.5644 -92.8951 0.5
5 346.385 12.6006 56.5935 0.5
5 357.588 31.8955 56.7538 0.5
5 341.449 -110.965 94.5467 0.5
5 362.974 -127.139 50.9816 0.5
5 361.623 -134.266 -41.8618 0.5
5 356.303 47.3329 0.416414 0.5
5 385.399 -28.427 96.5183 0.5
5 363.17 -131.11 42.8815 0.5
5 373.629 -96.7797 -67.1233 0.5
5 385.326 -8.17443 99.8329 0.5
5 385.348 -16.9691 -98.9267 0.5
5 351.459 -49.9831 99.385 0.5
5 338.452 -50.8007 94.4736 0.5
5 345.041 -160.425 47.0259 0.5
5 342.405 -30.885 -88.8685 0.5
5 339.65 2.94398 53.551 0.5
5 346.545 11.42 -58.6615 0.5
5 388.501 58.5635 83.2109 0.5
5 378.56 -104.358 -43.0848 0.5
5 356.758 -112.4 79.6057 0.5
5 387.736 77.4899 65.3287 0.5
5 372.582 63.9643 -46.6859 0.5
5 337.358 -119.121 94.171 0.5
5 385.832 23.1398 96.9118 0.5
5 374.541 14.8751 93.3141 0.5
5 375.024 -120.06 -5.99645 0.5
5 338.138 -178.03 -34.3868 0.5
5 377.928 -35.3173 97.9574 0.5
5 377.626 -18.539 -99.9606 0.5
5 387.231 40.1671 91.9696 0.5
5 388.29 0.895319 99.983 0.5
5 386.597 -88.3973 -47.1211 0.5
5 380.566 20.7423 -94.9476 0.5
5 386.888 -40.6626 -91.2213 0.5
5 376.557 53.3048 70.5318 0.5
5 370.539 70.3375 -18.1201 0.5
5 359.316 -130.743 55.3321 0.5
5 345.196 23.9878 28.3724 0.5
5 377.572 -18.3883 99.9672 0.5
5 357.303 10.2688 -79.0846 0.5
5 364.49 53.8706 38.3454 0.5
5 356.815 -128.047 64.6764 0.5
5 387.091 100.4 7.23118 0.5
5 342.7 18.6717 31.5309 0.5
5 335.296 -42.3298 -88.4151 0.5
5 335.425 10.4049 12.3754 0.5
5 352.358 -7.97438 85.7046 0.5
5 360.535 54.002 -11.4993 0.5
5 342.996 -119.112 90.0922 0.5
5 369.761 -126.675 -22.9979 0.5
5 388.856 31.5619 96.0452 0.5
5 366.89 -57.9193 -97.1776 0.5
5 343.482 -150.629 65.2752 0.5
5 341.543 -83.803 99.8446 0.5
5 353.371 -154.107 -26.7235 0.5
5 373.926 -112.539 -42.7605 0.5
6 426.144 -189.857 22.6234 0.5
6 380.575 -132.006 -91.844 0.5
6 425.704 -191.967 9.81437 0.5
6 342.129 -141.527 87.1292 0.5
6 441.187 -2.9304 44.5671 0.5
6 334.617 -10.0103 -56.601 0.5
6 378.613 -4.29842 -47.2153 0.5
6 370.691 -160.832 72.9648 0.5
6 426.594 -75.8004 -98.6042 0.5
6 367.432 -12.4732 -60.0308 0.5
6 336.606 -136.135 -89.9536 0.5
6 398.909 -75.4587 -98.5459 0.5
6 412.953 -107.574 98.8497 0.5
6 404.787 0.289401 -37.4084 0.5
6 338.278 -113.517 -97.7558 0.5
6 402.668 -29.2294 77.48 0.5
6 406.833 3.87676 -26.854 0.5
6 432.924 -192.447 -0.797589 0.5
6 417.332 5.58536 -19.7244 0.5
6 379.456 -153.559 -79.156 0.5
6 391.106 -44.7132 -87.8703 0.5
6 353.176 6.54109 14.1685 0.5
6 403.024 -52.7623 91.7871 0.5
6 390.154 -185.533 -36.5452 0.5
6 383.052 -112.841 97.899 0.5
6 334.257 -178.337 -51.2201 0.5
6 411.706 -26.873 -75.496 0.5
6 357.709 -124.287 -94.7968 0.5
6 413.753 -100.478 99.6772 0.5
6 397.958 -55.2305 -92.8154 0.5
6 418.255 -28.4342 -76.8243 0.5
6 371.783 -84.6377 -99.6944 0.5
6 424.525 5.52588 -20.0177 0.5
6 392.828 -190.711 18.567 0.5
6 419.305 -191.426 -14.2735 0.5
6 371.148 -121.271 95.7569 0.5
6 407.727 -144.105 -85.6256 0.5
6 341.146 -126.327 -94.0869 0.5
6 403.959 -192.424 -2.28428 0.5
6 340.068 -132.144 -91.7845 0.5
6 443.854 -5.10287 48.6874 0.5
6 413.409 -3.4499 -45.5957 0.5
6 380.927 -152.918 -79.6466 0.5
6 398.692 6.7834 12.3578 0.5
6 336.281 -189.039 -25.8969 0.5
6 347.406 -74.019 -98.2868 0.5
6 352.19 -16.7135 -65.299 0.5
6 387.743 -187.725 -30.3748 0.5
6 416.096 -46.3832 88.7572 0.5
6 365.999 -75.9834 98.6349 0.5
6 400.296 -174.328 57.4106 0.5
6 369.778 6.56423 -14.0059 0.5
6 402.299 -137.016 -89.5202 0.5
6 403.459 -121.896 95.5665 0.5
6 360.02 -21.8719 -70.8429 0.5
6 355.227 -175.258 56.0614 0.5
6 373.09 -49.47 90.2924 0.5
6 439.79 -170.049 63.0741 0.5
6 345.24 -183.048 42.3323 0.5
6 342.21 -142.397 86.6332 0.5
6 421.784 -83.7888 -99.6242 0.5
6 392.243 -46.4585 -88.7963 0.5
6 337.006 -180.161 -48.0294 0.5
6 358.083 -8.89985 -54.9487 0.5
6 429.942 -189.324 24.807 0.5
6 346.164 -68.2694 97.0324 0.5
6 337.764 -169.982 63.1571 0.5
6 347.385 -171.197 61.6353 0.5
6 373.124 -178.588 -50.7963 0.5
7 446.842 -25.4323 -70.2471 0.5
7 445.484 -182.979 -46.1235 0.5
7 455.703 -167.13 -83.3985 0.5
7 479.783 -125.852 96.0562 0.5
7 480.518 -177.226 -97.4832 0.5
7 487.282 -112.916 -84.3389 0.5
7 467.314 -228.876 -25.0372 0.5
7 484.7 -65.7673 -26.5636 0.5
7 462.004 -221.954 -13.4559 0.5
7 490.066 -268.241 -25.2026 0.5
7 465.858 -136.004 99.7909 0.5
7 489.804 -135.49 -93.4769 0.5
7 472.279 -52.6954 47.5603 0.5
7 446.359 -31.2608 -76.4144 0.5
7 449.906 -51.4064 -86.31 0.5
7 455.6 -194.014 56.889 0.5
7 450.402 -202.42 -8.33961 0.5
7 456.571 -199.569 50.836 0.5
7 480.121 -155.21 99.9953 0.5
7 460.877 -187.45 74.6503 0.5
7 479.511 -75.6559 63.1574 0.5
7 444.493 4.61054 -23.7291 0.5
7 488.329 -219.863 -85.7775 0.5
7 462.083 -57.574 -75.6268 0.5
7 490.093 -74.9686 -26.0519 0.5
7 473.537 -61.9357 58.7756 0.5
7 477.221 -191.984 90.395 0.5
7 468.127 -199.843 74.7971 0.5
7 475.131 -223.489 62.7156 0.5
7 455.859 -81.2099 95.0703 0.5
7 489.46 -158.156 99.2452 0.5
7 478.411 -62.9793 -46.9326 0.5
7 497.913 -96.3831 46.2193 0.5
7 475.943 -236.961 43.6838 0.5
7 449.478 -1.25869 4.26278 0.5
7 446.528 -73.4734 97.4161 0.5
7 496.638 -276.057 36.2326 0.5
7 445.285 -93.9838 -100 0.5
7 490.072 -108.447 -77.6334 0.5
7 444.539 -24.0221 -72.7675 0.5
7 460.576 -218.879 17.326 0.5
7 480.772 -62.4049 36.8414 0.5
7 493.795 -277.649 -7.45468 0.5
7 457.354 -66.5964 -87.6092 0.5
7 464.944 -37.319 -42.2483 0.5
7 492.139 -121.928 84.718 0.5
7 468.411 -35.7285 -18.7195 0.5
7 455.509 -111.779 99.9999 0.5
7 498.725 -277.101 42.2557 0.5
7 470.344 -55.2076 57.09 0.5
7 462.52 -201.547 -62.8408 0.5
7 455.964 -43.4073 -72.3858 0.5
7 480.552 -92.4975 -78.069 0.5
7 471.882 -155.932 98.7183 0.5
7 496 -117.891 -76.9573 0.5
7 492.589 -123.837 85.4158 0.5
7 461.977 -114.039 99.6139 0.5
7 457.758 -150.761 -93.5809 0.5
7 466.818 -228.499 23.0925 0.5
7 453.054 -95.1412 -99.2504 0.5
7 469.416 -44.6335 -41.3102 0.5
7 452.732 -38.3221 72.8702 0.5
7 476.403 -171.442 -97.1662 0.5
7 454.267 -190.043 -59.2192 0.5
7 494.48 -200.917 97.5941 0.5
7 494.056 -99.5999 61.5932 0.5
7 473.433 -110.028 94.5262 0.5
7 466.859 -157.202 -96.58 0.5
7 479.008 -251.841 9.73485 0.5
7 479.558 -90.4565 -77.8118 0.5
8 553.238 -196.136 -8.09154 0.5
8 519.594 -64.1974 42.4559 0.5
8 513.523 -66.7534 17.2586 0.5
8 518.671 -100.757 -83.1325 0.5
8 514.373 -251.793 -47.4733 0.5
8 530.714 -100.447 -93.6635 0.5
8 541.426 -35.3733 57.8755 0.5
8 508.204 -271.883 22.5776 0.5
8 533.85 -58.7423 70.1129 0.5
8 532.651 -70.8121 -79.0001 0.5
8 508.829 -160.787 99.2036 0.5
8 546.406 -94.749 -99.0779 0.5
8 506.549 -129.018 87.5545 0.5
8 548.21 -205.035 -5.25601 0.5
8 539.735 -165.736 88.852 0.5
8 528.372 -239.403 5.10841 0.5
8 524.629 -101.12 -89.3551 0.5
8 541.249 -19.4392 20.9043 0.5
8 543.809 -25.7507 49.2244 0.5
8 506.818 -80.3282 26.0883 0.5
8 544.535 -209.932 -17.8545 0.5
8 531.225 -152.367 -98.4077 0.5
8 537.631 -189.408 -75.2037 0.5
8 541.153 -130.056 -99.1954 0.5
8 503.31 -281.679 15.8496 0.5
8 525.866 -230.204 -50.4698 0.5
8 548.383 -7.6207 -23.2792 0.5
8 524.268 -57.1253 44.575 0.5
8 518.245 -255.473 -17.8259 0.5
8 552.985 -144.609 -87.8864 0.5
8 508.911 -215.942 90.4248 0.5
8 534.075 -82.1283 87.9839 0.5
8 527.449 -182.445 -91.0672 0.5
8 536.116 -216.349 -43.1118 0.5
8 507.391 -201.576 -96.6406 0.5
8 509.993 -216.569 89.2004 0.5
8 542.086 -80.0617 93.4034 0.5
8 549.49 -129.694 96.3591 0.5
8 524.972 -191.501 88.7507 0.5
8 506.765 -224.493 87.9796 0.5
8 547.192 -157.443 86.3082 0.5
8 538.828 -217.809 -26.6442 0.5
8 546.717 -11.4343 26.8591 0.5
8 512.55 -171.234 99.9076 0.5
8 502.989 -125.599 -81.534 0.5
8 544.298 -77.5595 -93.9009 0.5
8 550.803 -43.5677 -82.0855 0.5
8 525.168 -238.463 -35.7775 0.5
8 545.483 -22.4464 48.5026 0.5
8 527.46 -142.97 -99.9828 0.5
8 538.93 -136.125 -98.8869 0.5
8 528.002 -220.911 59.0035 0.5
8 544.982 -74.5578 -93.2154 0.5
8 548.261 -7.40837 21.4291 0.5
8 517.631 -184.158 96.5551 0.5
8 538.563 -153.277 94.9438 0.5
8 547.323 -7.57724 -13.145 0.5
8 552.516 -190.863 -36.3782 0.5
8 521.433 -247.517 -28.1187 0.5
8 505.471 -171.65 -99.7147 0.5
8 531.536 -220.288 -50.6298 0.5
8 540.661 -18.3512 -4.53892 0.5
8 543.113 -38.6286 -65.7183 0.5
8 510.148 -268.093 -24.3296 0.5
9 658.124 -174.521 -57.1339 0.5
9 618.704 7.09725 -9.50403 0.5
9 660.842 -141.196 87.3146 0.5
9 651.445 -160.541 -73.2367 0.5
9 629.531 -33.0731 80.4635 0.5
9 664.537 -95.9238 99.9396 0.5
9 612.94 -64.2915 95.9536 0.5
9 581.362 7.54329 -1.15057 0.5
9 564.902 -6.11894 50.4672 0.5
9 578.407 5.80117 18.6196 0.5
9 630.809 -181.076 -46.3181 0.5
9 622.746 -4.95395 48.4193 0.5
9 591.347 0.123824 37.8163 0.5
9 639.463 -90.2381 99.9755 0.5
9 642.67 1.80584 33.4039 0.5
9 571.018 -190.864 17.7372 0.5
9 656.613 -186.948 -32.7145 0.5
9 590.693 -186.397 -34.2637 0.5
9 650.329 -91.0298 -99.9899 0.5
9 646.211 -106.908 -98.9493 0.5
9 624.117 -101.781 -99.5637 0.5
9 648.721 -186.926 -32.7777 0.5
9 571.636 6.29752 15.7769 0.5
9 628.631 3.41874 -28.4459 0.5
9 614.761 -92.3489 99.9999 0.5
9 603.726 -152.379 -80.0535 0.5
9 589.582 -0.053264 38.2469 0.5
9 600.516 -142.948 86.313 0.5
9 618.169 4.04852 26.2301 0.5
9 594.442 -189.79 22.9103 0.5
9 567.385 6.42949 14.9275 0.5
9 625.707 -46.3446 -88.7372 0.5
9 646.585 -164.694 -69.1433 0.5
9 591.545 -0.676203 -39.7184 0.5
9 655.258 -167.594 -65.9797 0.5
9 612.456 -124.879 94.5958 0.5
9 641.231 6.59511 -13.7858 0.5
9 589.282 5.31944 -21.0028 0.5
9 595.254 -83.6881 99.6154 0.5
9 607.661 -134.466 90.7451 0.5
9 633.056 -141.777 -86.9879 0.5
9 580.086 -102.869 -99.4557 0.5
9 648.973 -123.959 -94.906 0.5
9 607.16 -149.353 -82.232 0.5
9 610.993 -176.073 -54.8385 0.5
9 656.112 -11.1554 58.2338 0.5
9 594.974 6.20222 16.3622 0.5
9 654.875 4.48929 -24.5511 0.5
9 586.668 -32.6447 80.1456 0.5
9 633.043 -172.659 59.7209 0.5
9 578.252 -17.3053 -65.9792 0.5
9 666.627 3.64052 -27.6874 0.5
9 649.022 -160.794 73.0005 0.5
9 567.589 -173.919 57.9897 0.5
9 611.932 -159.306 74.3663 0.5
10 653.961 -17.6367 -84.9205 0.5
10 654.589 18.4047 43.7222 0.5
10 661.098 -54.6821 -95.9641 0.5
10 644.343 18.9268 -68.6512 0.5
10 621.728 6.00411 -97.8512 0.5
10 644.281 43.4808 23.6704 0.5
10 663.897 7.0468 32.1235 0.5
10 626.767 -96.2225 68.4722 0.5
10 639.978 -22.9974 97.2654 0.5
10 655.964 14.4495 46.821 0.5
10 649.961 3.80425 -73.946 0.5
10 647.064 33.0149 40.3171 0.5
10 630.924 63.5834 33.77 0.5
10 619.76 8.51731 -98.0358 0.5
10 654.743 -84.8139 99.1492 0.5
10 623.609 -69.1755 85.837 0.5
10 645.928 -101.142 89.4973 0.5
10 631.765 -67.1116 93.6327 0.5
10 653.04 2.50272 -70.0652 0.5
10 614.571 -68.0089 -75.3099 0.5
10 620.479 49.6799 78.3562 0.5
10 639.866 -90.6891 89.4739 0.5
10 614.982 95.1672 19.4179 0.5
10 634.81 55.5071 37.3086 0.5
10 618.902 -75.2034 75.5768 0.5
10 627.909 57.1633 -56.5366 0.5
10 622.588 -114.977 -14.965 0.5
10 639.873 42.2098 -47.0284 0.5
10 612.629 -54.762 82.9117 0.5
10 643.094 -136.294 53.2028 0.5
10 619.535 -24.3469 -99.0802 0.5
10 666.282 -40.1825 -85.6585 0.5
10 616.485 81.3176 -49.5669 0.5
10 641.029 -73.4062 96.7302 0.5
10 644.499 -153.722 8.14852 0.5
10 646.164 -153.944 -24.2844 0.5
10 626.883 -89.5299 -75.1383 0.5
10 647.814 4.93637 -76.2208 0.5
10 619.922 14.2824 -96.6228 0.5
10 632.724 54.7805 46.6712 0.5
10 627.435 73.0386 22.0564 0.5
10 655.03 -146.82 -66.6786 0.5
10 619.627 -107.9 -24.6111 0.5
10 635.968 -123.068 54.5826 0.5
10 623.094 -94.6453 -62.9931 0.5
10 623.24 82.5057 -7.22337 0.5
10 649.122 -99.0469 -92.9091 0.5
10 632.475 66.051 11.9825 0.5
10 642.565 -136.994 -50.5383 0.5
10 614.897 34.5918 92.7536 0.5
10 625.896 31.4208 -84.6405 0.5
10 644.989 42.8908 -20.8861 0.5
10 611.827 35.0952 94.5509 0.5
10 633.39 58.3969 -36.2199 0.5
10 638.075 55.4367 18.0069 0.5
10 652.462 -52.761 -98.8555 0.5
10 611.727 79.2485 -64.355 0.5
10 620.162 73.3457 -52.2758 0.5
10 647.229 -74.5096 -98.7558 0.5
10 654.576 2.68353 67.0495 0.5
10 664.231 -56.4416 94.8127 0.5
10 656.984 -159.898 -53.9171 0.5
10 630.447 -110.22 59.3211 0.5
10 640.612 -94.1136 88.3775 0.5
10 647.24 -88.6219 95.4502 0.5
10 645.399 38.5125 -33.7697 0.5
10 666.167 -116.824 96.7626 0.5
10 624.392 -111.768 -37.8972 0.5
10 630.546 -95.6635 75.3226 0.5
10 629.023 66.9202 -33.6458 0.5
10 620.456 60.0781 -68.8865 0.5
10 620.655 -110.898 19.18 0.5
11 638.475 -3.81563 -83.5255 0.5
11 638.996 3.95282 -87.6612 0.5
11 645.256 152.995 43.4258 0.5
11 647.396 119.417 -84.9278 0.5
11 617.397 -11.6412 -96.4786 0.5
11 628.101 -48.5307 57.6177 0.5
11 645.083 160.903 18.4368 0.5
11 647.393 40.6577 96.5717 0.5
11 633.194 -46.1323 -47.2078 0.5
11 623.62 -68.2548 -34.9427 0.5
11 631.461 -16.8279 -82.951 0.5
11 657.109 93.9774 99.4438 0.5
11 639.176 -1.3132 84.3592 0.5
11 649.688 39.5794 -95.0695 0.5
11 653.549 132.326 -83.4855 0.5
11 655.302 79.8767 99.999 0.5
11 651.142 -4.57543 62.9667 0.5
11 613.807 77.1901 72.6226 0.5
11 663.427 10.63 54.6306 0.5
11 611.454 -42.0465 88.5759 0.5
11 623.3 124.264 11.1377 0.5
11 637.393 145.043 28.859 0.5
11 621.086 34.4289 -99.1013 0.5
11 614.246 -72.0216 58.3299 0.5
11 648.414 51.1385 -98.5014 0.5
11 639.088 26.6827 96.6809 0.5
11 642.308 85.6796 96.0376 0.5
11 615.204 -77.6143 46.5995 0.5
11 627.681 -50.4138 -55.9423 0.5
11 656.029 89.7737 99.6633 0.5
11 622.379 59.0923 -93.3719 0.5
11 616.784 -54.01 -73.6797 0.5
11 611.448 -84.6845 -45.5136 0.5
11 661.416 175.83 52.7995 0.5
11 612.927 -1.95482 -99.6054 0.5
11 649.164 130.441 -79.4263 0.5
11 664.189 -4.02158 -7.34377 0.5
11 652.537 139.524 76.8393 0.5
11 651.41 -2.4404 -64.9752 0.5
11 611.538 -90.1119 32.3389 0.5
11 634.05 45.2915 -99.9841 0.5
11 620.293 -7.97794 96.0993 0.5
11 652.215 165.652 42.1489 0.5
11 652.892 59.1512 98.546 0.5
11 662.092 36.3861 83.0582 0.5
11 613.046 -87.8688 31.2389 0.5
11 653.777 175.614 20.2013 0.5
11 635.145 103.187 81.6157 0.5
11 617.059 -75.3586 44.7365 0.5
11 612.788 57.4994 86.1235 0.5
11 636.993 124.326 -65.3149 0.5
11 660.218 32.646 82.7247 0.5
11 656.444 27.0008 -83.3231 0.5
11 658.588 172.084 -50.8997 0.5
11 657.5 66.4427 -98.4248 0.5
11 632.075 -6.38866 88.5448 0.5
11 633.711 134.839 -39.3796 0.5
11 615.254 -88.1301 -13.5301 0.5
11 656.35 53.7688 95.8937 0.5
12 746.35 199.021 13.9565 0.5
12 720.404 9.35254 42.226 0.5
12 776.309 108.077 99.6733 0.5
12 771.625 55.4071 89.5068 0.5
12 767.95 28.6736 70.0896 0.5
12 700.88 153.516 -84.4754 0.5
12 754.014 188.373 46.8006 0.5
12 773.12 179.504 -60.6551 0.5
12 742.243 4.62147 -30.0489 0.5
12 671.525 172.699 68.6646 0.5
12 757.375 130.03 95.3844 0.5
12 670.293 180.042 59.9444 0.5
12 733.848 113.205 -99.1243 0.5
12 679.565 3.59734 26.5806 0.5
12 690.287 161.819 -78.6027 0.5
12 770.31 181.046 -58.5792 0.5
12 730.684 44.5879 -83.2436 0.5
12 765.372 61.5908 92.3295 0.5
12 776.334 2.4918 -22.1845 0.5
12 692.527 10.1809 43.9605 0.5
12 751.626 55.9081 -89.7547 0.5
12 694.525 4.1862 -28.6307 0.5
12 711.143 100.854 99.9964 0.5
12 711.768 114.511 98.9416 0.5
12 698.083 199.593 9.00958 0.5
12 697.942 180.82 -58.8907 0.5
12 764.638 187.692 -48.0628 0.5
12 716.53 14.6358 -52.0861 0.5
12 695.894 145.428 89.0857 0.5
12 718.198 148.041 -87.7046 0.5
12 725.968 5.90699 33.8601 0.5
12 739.554 26.788 -68.1175 0.5
12 731.734 57.2247 -90.3896 0.5
12 759.089 168.806 -72.5651 0.5
12 768.787 155.929 -82.8974 0.5
12 686.901 2.1237 20.4995 0.5
12 733.811 109.981 99.5006 0.5
12 726.021 119.475 98.0853 0.5
12 738.457 0.116702 4.82978 0.5
12 704.999 67.2347 -94.4798 0.5
12 710.394 196.608 25.823 0.5
12 692.067 0.413921 -9.08916 0.5
12 751.295 141.385 -91.0345 0.5
12 768.176 150.247 -86.4596 0.5
12 698.2 0.00981419 -1.40098 0.5
12 704.477 199.767 -6.82328 0.5
12 670.465 2.90009 23.9083 0.5
12 676.851 16.5285 55.0682 0.5
12 709.407 198.647 -16.3932 0.5
12 713.563 135.023 93.6663 0.5
12 700.654 112.313 99.2391 0.5
12 699.655 145.478 89.0606 0.5
12 754.902 141.716 -90.8834 0.5
12 722.407 135.818 -93.3653 0.5
12 725.036 175.09 -66.042 0.5
12 710.616 17.898 57.0899 0.5
12 709.247 78.6625 -97.697 0.5
12 731.769 64.0112 -93.2996 0.5
12 668.899 1.28641 -15.9883 0.5
12 725.778 140.525 91.4207 0.5
12 671.489 195.328 30.2103 0.5
12 734.356 199.423 -10.7265 0.5
12 744.964 123.525 97.1935 0.5
12 751.529 90.6706 -99.5639 0.5
12 760.281 196.369 26.7029 0.5
12 727.987 0.170798 5.84213 0.5
12 676.976 1.63714 -18.0207 0.5
12 711.443 199.605 8.87678 0.5
12 721.204 94.5702 99.8525 0.5
12 762.039 193.619 35.1506 0.5
12 684.661 195.969 -28.1077 0.5
12 758.447 117.192 -98.5111 0.5
13 817.006 131.674 -8.7122 0.5
13 826.446 5.64672 99.4929 0.5
13 814.952 -43.8097 60.7635 0.5
13 820.907 -72.5498 -20.6323 0.5
13 832.239 -12.6061 -98.3157 0.5
13 811.414 51.2391 99.5478 0.5
13 779.914 158.253 -78.4973 0.5
13 796.421 -32.2903 0.456665 0.5
13 798.586 158.211 33.4122 0.5
13 782.507 83.5343 99.6571 0.5
13 804.627 64.6561 -99.3752 0.5
13 832.254 -91.5591 23.4858 0.5
13 808.436 -28.2096 -66.0207 0.5
13 786.206 -8.95811 -33.109 0.5
13 806.028 -48.0529 13.2268 0.5
13 811.614 51.4361 -99.4946 0.5
13 781.433 37.4742 -82.7178 0.5
13 784.84 -9.34346 23.8584 0.5
13 790.065 99.6808 97.7782 0.5
13 805.591 131.822 60.0053 0.5
13 780.767 174.219 -60.7951 0.5
13 809.031 129.785 -54.3862 0.5
13 819.866 76.8734 -86.7338 0.5
13 789.063 134.407 -84.196 0.5
13 806.008 96.7982 -88.9495 0.5
13 780.752 63.7607 95.0449 0.5
13 792.848 169.235 30.177 0.5
13 826.01 -45.1911 -78.7348 0.5
13 789.793 157.538 -62.1412 0.5
13 829.954 -90.1647 6.44428 0.5
13 807.183 104.491 -83.2361 0.5
13 789.907 59.1626 98.0143 0.5
13 801.933 -12.8494 -70.408 0.5
13 818.276 -6.70574 93.0771 0.5
13 798.998 49.4262 -99.0405 0.5
13 810.035 140.708 25.9371 0.5
13 792.414 65.4907 -99.5797 0.5
13 818.334 124.703 -31.3797 0.5
13 787.522 -16.3585 10.1796 0.5
13 820.886 113.384 -47.405 0.5
13 779.582 187.582 -42.098 0.5
13 807.462 21.4258 -96.2412 0.5
13 788.199 12.2583 -71.7149 0.5
13 781.599 92.968 -99.9991 0.5
13 801.944 153.765 29.2655 0.5
13 827.028 -81.4063 27.6454 0.5
13 802.213 -38.2422 28.2759 0.5
13 817.925 -66.2033 25.6067 0.5
13 799.884 -21.1707 -55.9508 0.5
13 829.941 -84.6194 33.3628 0.5
13 792.378 20.6562 84.1308 0.5
13 818.976 -69.9985 -16.4322 0.5
13 803.624 150.486 30.4443 0.5
13 809.848 -35.447 60.1324 0.5
13 831.721 -10.6444 -98.5077 0.5
13 810.24 111.065 73.9725 0.5
13 824.1 -78.0617 20.7267 0.5
13 807.239 148.917 3.30368 0.5
13 795.523 141.653 -68.9929 0.5
14 880.15 -3.37147 47.0601 0.5
14 869.333 155.353 -45.1535 0.5
14 835.522 -66.811 66.8431 0.5
14 868.659 75.2825 -99.4658 0.5
14 867.925 -11.0917 -66.3915 0.5
14 877.211 -12.745 -37.9538 0.5
14 857.7 141.112 -30.8172 0.5
14 868.214 -29.048 36.1476 0.5
14 853.359 91.8456 -84.5581 0.5
14 880.11 113.578 95.768 0.5
14 872.515 156.179 -53.4139 0.5
14 864.859 138.072 -60.4069 0.5
14 858.697 43.582 -99.9149 0.5
14 849.091 -67.6958 15.6705 0.5
14 857.804 -33.4835 -60.4731 0.5
14 867.193 -33.0234 -29.8349 0.5
14 835.963 38.483 -95.3454 0.5
14 881.289 181.142 33.2613 0.5
14 839.621 114.542 -4.97638 0.5
14 865.7 155.319 29.7124 0.5
14 857.086 41.0922 99.9269 0.5
14 846.804 -71.693 15.4487 0.5
14 873.7 -21.369 31.0412 0.5
14 888.839 129.274 95.5928 0.5
14 887.428 3.51532 34.244 0.5
14 853.299 50.2409 -99.2914 0.5
14 871.274 -12.8938 56.6821 0.5
14 871.017 167.076 -19.746 0.5
14 878.622 138.818 -82.4394 0.5
14 842.865 -32.4036 84.994 0.5
14 885.753 60.2423 93.9239 0.5
14 878.899 181.629 14.5821 0.5
14 875.4 161.684 52.6008 0.5
14 864.165 -38.8693 27.8392 0.5
14 864.992 148.154 44.5175 0.5
14 847.372 112.448 53.7005 0.5
14 876.086 169.446 40.0718 0.5
14 884.765 170.824 62.6188 0.5
14 838.929 -84.1332 -21.7755 0.5
14 872.68 123.012 85.9661 0.5
14 886.728 14.4439 57.5029 0.5
14 880.092 154.067 -72.0898 0.5
14 870.384 164.724 25.1885 0.5
14 865.078 72.1599 -99.098 0.5
14 886.064 151.058 82.8822 0.5
14 857.223 101.859 82.3682 0.5
14 862.476 77.3045 97.3064 0.5
14 883.698 88.5031 -99.9686 0.5
14 871.737 116.816 -88.519 0.5
14 844.133 -77.1458 -8.63322 0.5
14 865.656 124.26 -76.4175 0.5
14 858.986 146.756 16.9739 0.5
14 840.024 102.381 49.2722 0.5
14 884.341 99.6122 99.7191 0.5
14 848.938 36.4728 99.8392 0.5
14 862.836 -38.5328 35.7072 0.5
14 851.473 -40.1363 65.7667 0.5
14 873.144 1.08862 -69.7685 0.5
14 836.643 -45.5415 83.4841 0.5
14 841.02 -80.9642 19.6369 0.5
14 873.498 170.29 -24.5176 0.5
14 885.647 -3.07174 -22.4091 0.5
14 863.377 -8.45378 76.6157 0.5
14 874.541 18.2818 82.2568 0.5
14 839.334 49.2066 -93.661 0.5
14 873.572 162.49 -45.557 0.5
15 964.389 3.02773 -24.4209 0.5
15 982.163 11.7787 47.0851 0.5
15 960.66 1.79841 18.8798 0.5
15 964.813 49.6603 86.4055 0.5
15 990.424 162.647 -77.9443 0.5
15 924.162 82.7146 -98.4947 0.5
15 900.212 152.359 -85.1969 0.5
15 993.021 54.1904 -88.8903 0.5
15 907.827 183.913 54.3933 0.5
15 998.424 22.983 -63.7838 0.5
15 905.985 182.979 -55.808 0.5
15 945.885 199.776 -6.69504 0.5
15 992.493 199.758 -6.95889 0.5
15 931.735 0.00541104 -1.04028 0.5
15 955.242 186.564 50.0662 0.5
15 898.667 158.896 80.8165 0.5
15 980.057 38.0939 -78.5343 0.5
15 998.737 6.74818 -36.1123 0.5
15 946.897 23.3855 64.2668 0.5
15 996.902 188.478 -46.6 0.5
15 940.751 26.6756 -67.9966 0.5
15 904.012 47.9866 -85.4084 0.5
15 986.75 1.07362 -14.6141 0.5
15 978.802 178.062 -62.5008 0.5
15 912.348 2.47175 -22.0961 0.5
15 890.837 1.63169 17.991 0.5
15 974.888 123.096 97.2962 0.5
15 940.724 181.501 -57.9451 0.5
15 910.392 131.053 95.0562 0.5
15 920.068 28.943 70.3626 0.5
15 953.731 1.46169 17.0353 0.5
15 927.931 183.26 55.388 0.5
15 969.496 66.4658 -94.2096 0.5
15 973.577 145.602 -88.9969 0.5
15 947.151 135.275 93.5716 0.5
15 939.478 59.5224 91.4416 0.5
15 974.137 180.234 -59.6868 0.5
15 983.102 83.3188 -98.5989 0.5
15 889.771 40.271 -80.2026 0.5
15 994.225 197.362 -22.8156 0.5
15 951.688 86.0982 99.029 0.5
15 976.735 8.15119 39.5449 0.5
15 907.073 36.013 76.8483 0.5
15 896.543 54.9859 -89.2958 0.5
15 964.774 125.686 -96.645 0.5
15 898.094 109.551 -99.5428 0.5
15 925.803 21.0113 61.3252 0.5
15 955.4 69.5084 95.2379 0.5
15 955.523 30.9753 -72.3574 0.5
15 939.047 119.999 97.9799 0.5
15 976.601 177.287 63.457 0.5
15 998.255 15.7122 53.8105 0.5
15 959.529 1.33133 16.2633 0.5
15 900.818 0.127351 5.04519 0.5
15 968.264 0.311963 -7.89274 0.5
15 986.916 174.67 66.516 0.5
15 962.378 34.123 75.2344 0.5
15 986.198 198.852 -15.1105 0.5
15 944.519 189.371 44.864 0.5
15 944.701 4.14572 28.4948 0.5
15 957.686 171.756 -69.6496 0.5
15 956.334 45.2444 83.6769 0.5
15 900.509 163.597 77.1715 0.5
15 936.384 6.8881 36.4716 0.5
15 972.592 29.3776 -70.7989 0.5
15 918.663 0.0546738 -3.30632 0.5
15 953.958 108.889 -99.6042 0.5
15 950.831 198.838 15.2011 0.5
