0 199.294 144.84 89.3833 0.5
0 205.204 74.6721 -96.7393 0.5
0 263.55 14.463 51.8017 0.5
0 221.292 15.3057 -53.1683 0.5
0 302.672 55.8351 -89.7188 0.5
0 312.693 33.7455 74.9022 0.5
0 170.263 142.145 90.6852 0.5
0 99.1998 28.4218 69.8324 0.5
0 293.241 18.1533 -57.4554 0.5
0 149.012 92.283 99.7018 0.5
0 228.138 118.155 98.3383 0.5
0 196.347 196.246 -27.143 0.5
0 127.744 12.0628 47.6135 0.5
0 122.748 196.303 26.9404 0.5
0 235.215 193.797 -34.673 0.5
0 68.9822 5.53081 -32.7959 0.5
0 258.755 0.0168386 1.83506 0.5
0 281.929 97.8297 99.9764 0.5
0 160.868 128.004 -95.999 0.5
0 26.7448 194.236 33.46 0.5
0 322.804 10.9683 45.5342 0.5
0 157.494 177.738 62.9031 0.5
0 99.358 92.806 -99.7409 0.5
0 241.825 23.7049 -64.6457 0.5
0 158.676 169.881 -71.5306 0.5
0 299.745 47.7006 -85.2337 0.5
0 188.922 50.1251 86.6746 0.5
0 41.7455 165.051 -75.9494 0.5
0 328.964 112.885 99.1664 0.5
0 225.786 150.102 86.5435 0.5
0 262.648 121.804 97.594 0.5
0 225.334 199.206 12.5734 0.5
0 16.3494 172.489 68.8864 0.5
0 276.933 195.492 -29.6865 0.5
0 264.447 49.1862 -86.1276 0.5
0 64.8615 0.532441 10.3056 0.5
0 208.487 65.9345 94.0188 0.5
0 214.94 2.91184 23.956 0.5
0 323.594 39.5194 79.6372 0.5
0 22.982 76.7227 97.2531 0.5
0 304.388 99.29 99.9975 0.5
0 162.856 103.402 99.9421 0.5
0 310.379 169.724 71.6842 0.5
0 106.525 74.8833 96.7944 0.5
0 68.9878 138.945 92.1047 0.5
0 255.819 174.584 66.6127 0.5
0 149.378 142.115 90.6993 0.5
0 290.663 194.662 32.2352 0.5
0 159.821 92.7262 -99.7351 0.5
0 181.31 118.606 98.2538 0.5
0 1.8654 109.518 99.546 0.5
0 20.6672 191.728 39.8245 0.5
0 232.535 178.297 62.2062 0.5
0 65.1671 75.2311 96.884 0.5
0 254.649 56.8867 -90.2288 0.5
0 248.071 107.703 -99.7029 0.5
0 323.608 16.1129 -54.4331 0.5
0 30.0444 20.9724 -61.2751 0.5
0 306.226 6.43575 35.2949 0.5
0 77.0699 195.309 -30.2699 0.5
0 323.439 150.786 86.1441 0.5
0 289.625 72.2933 96.085 0.5
0 169.437 192.74 37.4061 0.5
0 136.018 18.3405 57.7212 0.5
0 186.551 8.76904 40.9501 0.5
0 210.325 11.6685 46.878 0.5
0 164.033 168.418 72.9312 0.5
0 28.3953 192.73 -37.4323 0.5
0 321.729 56.7327 -90.1551 0.5
0 102.966 88.0984 99.2892 0.5
0 278.515 184.791 53.0145 0.5
0 322.949 5.82077 -33.6195 0.5
0 113.344 17.7089 56.817 0.5
0 179.349 14.7471 -52.2679 0.5
0 26.9376 121.367 -97.6905 0.5
0 7.54608 196.28 -27.023 0.5
0 309.762 175.386 -65.7039 0.5
0 4.71789 148.242 -87.594 0.5
0 138.401 0.964462 -13.855 0.5
0 92.5942 154.02 84.1536 0.5
0 137.389 157.403 81.8835 0.5
0 11.314 166.406 74.7675 0.5
0 58.9515 149.863 86.6814 0.5
0 87.8777 199.033 13.8698 0.5
0 182.539 1.15689 15.167 0.5
0 312.154 134.583 -93.8297 0.5
0 20.9838 186.748 -49.7468 0.5
0 12.7175 122.352 -97.4699 0.5
0 250.177 184.986 -52.7002 0.5
0 39.689 13.8127 -50.7125 0.5
0 57.9432 143.613 -89.9882 0.5
0 6.89719 5.18357 -31.7781 0.5
0 166.857 113.22 -99.1223 0.5
0 304.742 199.858 5.32077 0.5
0 145.518 1.72584 -18.4984 0.5
0 197.5 49.8684 -86.5265 0.5
0 40.4435 199.826 5.89034 0.5
0 278.7 188.241 47.0488 0.5
0 249.181 161.835 -78.5902 0.5
0 301.225 0.344584 -8.29446 0.5
0 103.986 168.683 -72.6821 0.5
0 319.385 162.039 -78.4295 0.5
0 254.121 4.20105 -28.6803 0.5
0 325.637 76.3506 -97.1633 0.5
0 268.669 4.66083 30.1735 0.5
0 143.803 73.6142 96.4562 0.5
0 33.6426 175.536 65.5309 0.5
0 40.4926 154.27 -83.9926 0.5
0 245.842 147.417 88.0432 0.5
0 93.0064 67.7445 94.6551 0.5
0 259.238 67.0093 94.4014 0.5
0 329.293 21.0012 -61.3122 0.5
0 18.063 133.77 94.1252 0.5
0 103.65 155.887 -82.9254 0.5
0 305.895 25.657 -66.8814 0.5
0 127.605 97.1955 -99.9607 0.5
0 304.43 9.45047 -42.4356 0.5
0 138.549 137.704 92.6198 0.5
0 222.336 109.739 -99.5246 0.5
0 1.47573 71.6633 95.9011 0.5
0 265.359 16.0009 54.2601 0.5
0 30.2884 120.76 97.8213 0.5
0 209.721 86.8806 99.1357 0.5
0 188.368 17.8232 56.9822 0.5
0 237.143 76.8358 -97.2801 0.5
0 143.672 175.271 -65.8347 0.5
0 299.903 94.2116 -99.8323 0.5
0 124.604 62.5792 92.7345 0.5
0 243.434 16.3789 -54.8408 0.5
0 142.106 91.1465 99.6073 0.5
0 217.101 67.3642 -94.5246 0.5
0 69.9559 0.490916 9.89658 0.5
0 261.421 30.7591 72.1505 0.5
0 110.245 49.3792 86.2411 0.5
0 264.624 154.626 -83.7618 0.5
0 305.481 157.254 81.9874 0.5
0 223.869 17.2584 56.1589 0.5
0 290.234 35.8815 76.7386 0.5
0 2.17261 2.86781 -23.7768 0.5
0 284.37 189.994 43.6022 0.5
0 14.8664 15.025 -52.7185 0.5
0 129.722 61.9273 -92.4688 0.5
0 66.988 147.473 88.013 0.5
0 128.119 22.4728 -63.1627 0.5
0 211.658 173.352 67.9663 0.5
0 280.991 199.579 9.16964 0.5
0 285.555 11.1654 -45.9175 0.5
0 188.778 23.6487 64.5793 0.5
0 208.625 65.4936 -93.8579 0.5
0 30.6369 88.0055 -99.2781 0.5
0 158.479 141.775 -90.8563 0.5
0 32.7963 129.144 -95.6589 0.5
0 183.515 99.3811 99.9981 0.5
0 322.324 164.642 76.2985 0.5
0 119.988 3.34369 25.6429 0.5
0 61.011 17.1958 56.0666 0.5
0 265.009 5.78135 -33.5089 0.5
0 133.713 120.486 -97.8792 0.5
0 108.085 134.86 93.7273 0.5
0 178.006 200 -0.0405538 0.5
0 38.5134 198.508 17.2086 0.5
0 111.674 8.68508 40.7625 0.5
0 213.185 166.343 74.8234 0.5
0 60.7087 199.796 6.39024 0.5
0 176.623 143.388 -90.0971 0.5
0 108.534 1.45203 16.9793 0.5
0 208.762 28.1449 -69.5474 0.5
0 124.506 48.7777 -85.8852 0.5
0 186.234 161.755 -78.6529 0.5
0 175.877 49.6969 86.4269 0.5
0 45.0789 199.999 0.486625 0.5
0 136.579 131.93 -94.7653 0.5
0 187.033 157.242 -81.996 0.5
0 10.1623 118.317 98.3081 0.5
0 139.166 83.9162 -98.6981 0.5
0 211.607 145.376 89.1123 0.5
0 231.503 61.0471 -92.1014 0.5
0 287.754 170.13 -71.2864 0.5
0 53.3021 3.42836 -25.9599 0.5
0 223.113 15.8031 53.9526 0.5
0 261.609 174.073 -67.1805 0.5
0 92.2419 2.34999 -21.5517 0.5
0 118.558 76.8009 97.2718 0.5
0 174.739 55.399 89.5028 0.5
0 144.864 6.03112 34.2031 0.5
0 122.871 142.555 -90.4936 0.5
0 259.692 196.663 25.6192 0.5
0 115.792 193.876 34.4565 0.5
0 246.667 61.985 -92.4925 0.5
0 60.009 86.2843 -99.0549 0.5
0 314.015 0.314441 7.92398 0.5
0 3.30169 128.95 -95.7178 0.5
0 47.2785 190.431 42.6883 0.5
0 141.404 16.9193 55.656 0.5
0 106.14 106.57 -99.7839 0.5
0 262.139 162.79 -77.8298 0.5
0 107.039 171.717 69.6894 0.5
0 266.453 75.0797 -96.8451 0.5
0 87.3577 49.285 -86.1858 0.5
0 168.274 7.58536e-05 0.123169 0.5
0 177.167 22.9 63.6835 0.5
0 117.662 182.445 56.5932 0.5
0 123.504 176.191 64.7683 0.5
0 306.166 199.223 12.4395 0.5
0 291.85 185.834 -51.3076 0.5
0 76.5575 6.60751 -35.7469 0.5
0 67.7489 26.992 68.3362 0.5
0 282.199 11.7722 -47.0729 0.5
0 239.788 0.784938 -12.5049 0.5
0 136.392 51.1157 87.2372 0.5
0 186.937 194.16 -33.6746 0.5
0 150.851 172.433 68.9458 0.5
0 207.704 88.1796 99.2989 0.5
0 223.529 5.63939 33.107 0.5
0 97.861 13.2459 49.7365 0.5
0 136.612 193.855 34.5137 0.5
0 157.094 183.007 55.7659 0.5
0 251.198 111.976 99.2803 0.5
0 57.0261 80.856 98.1504 0.5
0 26.0761 199.488 10.108 0.5
0 314.829 84.1725 98.7395 0.5
0 93.0738 5.08969 31.4966 0.5
0 283.483 186.556 50.0809 0.5
0 321.407 195.954 28.1561 0.5
0 305.646 194.992 -31.2496 0.5
0 102.735 2.77828 23.408 0.5
0 261.277 151.068 -85.9771 0.5
0 303.643 180.149 59.8007 0.5
0 115.019 0.282568 -7.51224 0.5
0 260.287 5.32922 32.2094 0.5
0 330.572 95.1963 99.8846 0.5
0 235.996 13.9178 -50.8906 0.5
0 243.334 100.451 -99.999 0.5
0 227.965 199.579 -9.17104 0.5
0 253.157 157.83 -81.5824 0.5
0 80.8398 160.99 -79.2479 0.5
0 189.985 181.851 -57.4492 0.5
0 155.507 0.170464 5.83642 0.5
0 86.0732 107.872 -99.6897 0.5
0 19.3126 1.20978 -15.5078 0.5
0 260.572 28.579 -69.9932 0.5
0 149.984 168.52 -72.8353 0.5
0 282.184 63.98 -93.2875 0.5
0 208.821 160.324 -79.7558 0.5
0 140.611 198.829 15.2573 0.5
0 160.244 87.1483 -99.1707 0.5
0 59.4808 126.284 -96.484 0.5
0 215.717 74.322 -96.647 0.5
0 95.918 51.7198 87.5729 0.5
0 332.212 96.4446 -99.9368 0.5
0 177.056 162.869 -77.7657 0.5
0 157.818 23.5543 -64.4675 0.5
0 132.409 28.9761 -70.3961 0.5
0 57.1709 10.1564 43.9105 0.5
0 124.585 39.9619 -79.9714 0.5
0 249.442 91.913 99.6725 0.5
0 194.527 0.439344 9.36354 0.5
0 181.351 112.926 -99.1611 0.5
0 23.8837 58.9983 91.2078 0.5
0 192.761 120.908 -97.7899 0.5
0 35.282 9.04489 41.5592 0.5
0 331.825 89.716 -99.4698 0.5
0 83.2384 8.89118 41.2211 0.5
0 150.776 198.439 17.5974 0.5
0 267.214 20.3746 60.4962 0.5
0 176.462 93.4869 -99.7877 0.5
0 306.57 3.90423 27.6695 0.5
0 123.909 59.9192 -91.6162 0.5
0 33.0506 34.8701 -75.8821 0.5
0 132.652 114.906 98.8828 0.5
0 280.191 130.059 -95.3753 0.5
0 31.8718 4.70515 -30.3132 0.5
0 315.549 7.98629 39.1596 0.5
0 216.413 192.98 -36.8059 0.5
0 194.956 129.144 -95.659 0.5
0 122.383 188.428 46.6955 0.5
0 40.2856 0.846621 12.9849 0.5
0 249.696 161.837 78.5884 0.5
0 218.528 21.7929 -62.3189 0.5
0 123.615 44.9494 -83.4831 0.5
0 56.1393 45.9981 -84.1653 0.5
0 60.388 175.136 -65.9891 0.5
0 201.847 6.63317 -35.8139 0.5
0 199.113 25.2979 66.4801 0.5
0 195.596 128.307 -95.9098 0.5
0 259.061 192.918 -36.9635 0.5
0 180.255 32.6616 -73.9293 0.5
0 164.565 146.116 -88.7317 0.5
0 96.7776 177.653 -63.0081 0.5
0 299.468 58.1555 -90.8242 0.5
0 241.55 39.0155 -79.2521 0.5
0 173.905 197.768 -21.0079 0.5
0 254.64 12.0982 -47.6789 0.5
0 129.72 198.208 18.846 0.5
0 31.986 0.778217 12.4514 0.5
0 220.613 30.5561 71.9552 0.5
0 209.547 198.365 -18.0074 0.5
0 197.526 81.4504 98.2645 0.5
0 135.079 199.432 10.6463 0.5
0 55.8732 0.000305571 -0.247213 0.5
0 198.432 142.105 90.7038 0.5
0 288.812 22.5576 63.2667 0.5
0 271.203 3.89828 -27.6489 0.5
0 175.221 72.287 -96.0832 0.5
0 241.086 199.996 -0.897916 0.5
0 30.7773 59.772 91.5517 0.5
0 212.388 103.867 -99.9252 0.5
0 264.117 0.185528 -6.08861 0.5
0 309.884 83.9837 -98.7091 0.5
0 201.429 189.303 44.9999 0.5
0 279.179 181.559 -57.8632 0.5
0 311.148 9.91212 -43.4071 0.5
0 137.915 161.116 -79.1505 0.5
0 186.109 76.3736 97.1689 0.5
0 302.393 67.6268 -94.6149 0.5
0 34.1477 100.899 99.996 0.5
0 286.108 0.683313 -11.6703 0.5
0 110.608 142.672 -90.4385 0.5
0 24.4964 95.28 -99.8885 0.5
0 319.701 138.473 92.3031 0.5
0 197.541 191.818 39.6154 0.5
0 70.7019 184.764 -53.0576 0.5
0 277.481 108.465 -99.641 0.5
1 400.093 -42.4286 96.3425 0.5
1 456.281 -25.0142 47.6121 0.5
1 337.708 33.6882 80.9338 0.5
1 492.295 -269.777 32.8605 0.5
1 387.487 35.5708 -95.5902 0.5
1 351.496 144.029 -65.5865 0.5
1 367.194 0.426328 -91.2422 0.5
1 461.12 -196.256 66.2313 0.5
1 360.919 19.0889 -94.3523 0.5
1 388.969 -25.3618 -95.7033 0.5
1 437.536 -161.163 59.085 0.5
1 426.038 -12.7905 87.8477 0.5
1 388.838 83.3727 -60.6493 0.5
1 442.037 -125.865 92.6681 0.5
1 462.522 -122.674 -99.9941 0.5
1 498.74 -286.009 -9.81929 0.5
1 377.623 -57.613 -58.7787 0.5
1 437.568 -31.1492 86.9518 0.5
1 344.764 -16.8857 -23.9577 0.5
1 460.518 -87.7383 -94.5534 0.5
1 437.36 5.21277 -52.0399 0.5
1 395.489 -94.4963 -49.5866 0.5
1 481.29 -162.3 -99.818 0.5
1 473.855 -240.755 22.8031 0.5
1 404.829 -22.5119 -99.9913 0.5
1 488.898 -226.931 81.8259 0.5
1 365.645 49.1393 -99.8697 0.5
1 437.59 -117.8 92.8139 0.5
1 417.396 -142.767 -23.6383 0.5
1 388.23 -88.3029 -36.1953 0.5
1 351.612 75.709 -99.7282 0.5
1 391.893 2.1707 -99.9352 0.5
1 349.621 99.2123 96.1663 0.5
1 475.076 -215.97 -70.9552 0.5
1 433.049 -111.578 -92.1382 0.5
1 432.275 -45.9425 -96.7128 0.5
1 436.048 -74.2583 99.9334 0.5
1 414.758 -18.3712 97.3989 0.5
1 449.768 -200.803 -13.1453 0.5
1 426.815 -132.627 -70.7089 0.5
1 343.397 154.863 69.0924 0.5
1 350.146 98.3312 -96.1581 0.5
1 356.589 139.8 -59.8945 0.5
1 357.673 86.0597 -95.9362 0.5
1 374.53 -27.406 -82.8142 0.5
1 422.222 -46.6091 -99.7295 0.5
1 435.403 19.6188 26.5589 0.5
1 419.854 -131.719 57.4347 0.5
1 476.979 -52.8929 28.311 0.5
1 473.533 -83.5881 80.5611 0.5
1 415.856 -34.4085 -99.636 0.5
1 363.455 -48.3213 27.4869 0.5
1 460.716 -39.4173 -58.343 0.5
1 420.279 -150.205 8.81735 0.5
1 432.561 -136.715 -76.124 0.5
1 389.814 48.0459 -88.8575 0.5
1 492.592 -229.108 84.6347 0.5
1 449.446 -199.19 -19.5201 0.5
1 346.526 157.04 -60.1463 0.5
1 495.965 -89.668 -39.1482 0.5
1 355.357 -32.0063 34.5009 0.5
1 356.461 71.1268 99.3725 0.5
1 360.436 100.618 87.9659 0.5
1 441 13.0169 9.98384 0.5
1 487.761 -229.914 78.1129 0.5
1 443.369 -5.28739 -52.1905 0.5
1 392.022 -86.7888 52.4571 0.5
1 339.127 -8.39235 18.0529 0.5
1 420.408 40.9838 -39.6531 0.5
1 450.915 -118.615 98.875 0.5
1 336.085 2.9061 38.4128 0.5
1 385.53 96.4126 -49.6228 0.5
1 424.85 26.8697 -52.0583 0.5
1 381.679 92.7364 64.4343 0.5
1 387.673 -94.0397 3.97518 0.5
1 472.384 -71.1455 71.7094 0.5
1 410.366 -41.4807 -99.6749 0.5
1 466.085 -30.4068 9.72546 0.5
1 466.638 -179.589 -87.3412 0.5
1 457.655 -42.6751 68.7096 0.5
1 408.976 66.6273 21.5744 0.5
1 359.09 -31.8745 48.8382 0.5
1 497.287 -282.856 -14.9313 0.5
1 448.462 -0.707878 -16.0707 0.5
1 349.684 134.775 -77.5816 0.5
1 420.011 11.0618 -79.0925 0.5
1 468.023 -232.847 9.39109 0.5
1 493.767 -185.824 -99.6839 0.5
1 423.063 -83.5951 95.9477 0.5
1 437.674 -114.261 94.2082 0.5
1 458.046 -208.011 39.1852 0.5
1 358.056 -36.6663 -34.5416 0.5
1 386.153 -86.3001 31.7848 0.5
1 478.803 -197.499 -89.0292 0.5
1 442.104 -173.484 52.5358 0.5
1 383.594 72.5752 -80.2771 0.5
1 426.511 -33.0536 -95.9016 0.5
1 357.772 87.8986 -95.322 0.5
1 477.882 -147.353 -99.9546 0.5
1 497.994 -231.417 88.6795 0.5
1 408.077 67.9953 22.4163 0.5
1 355.928 0.650116 -79.8381 0.5
1 442.122 -133.262 89.3857 0.5
1 479.925 -185.048 -95.0266 0.5
1 357.738 95.8182 -92.4623 0.5
1 341.493 57.3277 -95.8412 0.5
1 493.582 -150.381 96.236 0.5
1 333.939 4.31379 -32.308 0.5
1 497.956 -197.129 -99.2782 0.5
1 451.664 -204.95 -0.861575 0.5
1 434.703 22.5166 -19.4321 0.5
1 470.851 -110.324 -96.0399 0.5
1 404.112 -118.364 -28.768 0.5
1 427.086 -4.70264 81.6877 0.5
1 473.479 -98.3673 -89.6162 0.5
1 419.645 20.608 71.3112 0.5
1 470.324 -82.4328 -83.6208 0.5
1 412.92 -133.817 -28.1049 0.5
1 378.183 -41.2865 77.165 0.5
1 408.915 -45.9389 98.8643 0.5
1 448.959 -96.712 99.9367 0.5
1 470.074 -108.309 -95.8431 0.5
1 432.929 -55.8567 -98.6044 0.5
1 405.064 36.8618 -79.1611 0.5
1 376.55 -1.1608 96.4774 0.5
1 452.12 -146.505 91.3163 0.5
1 344.016 -11.8956 -35.7454 0.5
1 404.402 76.8902 1.78639 0.5
1 492.029 -84.3609 -42.5236 0.5
1 358.221 144.508 48.2026 0.5
1 351.015 -27.5966 24.4291 0.5
1 486.151 -227.904 77.4841 0.5
1 444.576 -140.01 -88.0888 0.5
1 347.47 116.466 91.2303 0.5
1 432.858 -99.1 -96.3646 0.5
1 401.398 1.40455 98.1208 0.5
1 457.184 -115.41 -99.996 0.5
1 367.194 -57.8126 12.8955 0.5
1 487.827 -71.5496 27.8598 0.5
1 398.143 -72.9598 79.466 0.5
1 368.124 88.1665 -87.4927 0.5
1 489.332 -209.791 -91.8284 0.5
1 359.616 137.249 56.1141 0.5
1 402.005 -101.699 56.1378 0.5
1 448.197 -71.6065 96.1891 0.5
1 388.013 -5.8898 -99.3729 0.5
1 335.17 168.009 -70.228 0.5
1 348.097 172.47 19.6923 0.5
1 471.801 -177.319 -92.7078 0.5
1 451.562 -4.9961 -6.59237 0.5
1 420.381 -33.9242 -98.5708 0.5
1 380.468 -52.2625 -70.7986 0.5
1 345.648 176.22 22.0016 0.5
1 408.243 69.3608 -13.3249 0.5
1 434.516 -155.501 -59.6685 0.5
1 361.304 109.702 -81.3554 0.5
1 405.328 44.305 -72.378 0.5
1 455.572 -60.2407 -85.7294 0.5
1 432.848 -142.83 70.9555 0.5
1 478.781 -89.0951 77.7996 0.5
1 410.301 -132.989 8.02622 0.5
1 434.728 -110.355 -93.7738 0.5
1 435.634 -12.8635 76.5642 0.5
1 385.477 86.188 -64.3984 0.5
1 350.625 -27.1587 23.4602 0.5
1 337.591 191.431 -15.409 0.5
1 442.859 -123.94 93.9568 0.5
1 343.545 179.508 23.5174 0.5
1 347.698 -16.2969 40.5329 0.5
1 427.445 1.78855 76.169 0.5
1 428.431 -164.546 -5.77585 0.5
1 334.906 8.01586 -45.0833 0.5
1 436.777 -9.59562 -71.8287 0.5
1 381.258 -42.8243 80.1369 0.5
1 348.159 77.2248 99.9578 0.5
1 410.841 -66.4728 94.6653 0.5
1 351.115 147.556 62.1321 0.5
1 356.827 159.286 2.03627 0.5
1 492.432 -247.508 69.4583 0.5
1 408.47 -89.3195 80.6087 0.5
1 344.198 -15.6702 -24.8912 0.5
1 450.846 -188.901 52.0885 0.5
1 451.357 -194.487 -43.4568 0.5
1 463.883 -32.1005 34.0678 0.5
1 419.98 -133.168 55.6396 0.5
1 465.215 -48.297 -59.8273 0.5
1 376.832 -25.0354 -86.7791 0.5
1 395.172 -92.4501 52.1217 0.5
1 355.131 160.724 -17.3796 0.5
1 410.087 -118.016 -52.559 0.5
1 408.097 66.6277 -27.5767 0.5
1 407.046 -72.482 89.3996 0.5
1 477.023 -247.579 -16.0658 0.5
1 402.7 40.8392 -79.2512 0.5
1 489.243 -260.377 -42.8911 0.5
1 353.162 -13.8549 -60.6464 0.5
1 392.752 60.4862 77.3316 0.5
1 412.297 -0.605848 -93.2319 0.5
1 349.513 -27.0301 -14.0683 0.5
1 485.359 -144.852 -98.2805 0.5
1 386.722 52.1549 -89.4901 0.5
1 395.662 72.6558 -59.1741 0.5
1 456.855 -47.5537 74.7801 0.5
1 349.256 151.804 -60.8141 0.5
1 493.144 -227.538 -86.1722 0.5
1 408.793 65.8675 -25.9781 0.5
1 437.051 -110.022 -95.2745 0.5
1 423.918 42.5281 10.6976 0.5
1 431.068 -162.403 -36.4464 0.5
1 455.828 -40.9031 -70.1524 0.5
1 408.899 -87.4144 -82.4885 0.5
1 361.214 -3.65351 83.2761 0.5
1 419.092 -20.3654 -95.9495 0.5
1 381.449 100.511 54.4913 0.5
1 354.252 -33.1468 -24.6499 0.5
1 379.193 -75.946 -26.1739 0.5
1 334.006 14.1305 -53.1531 0.5
1 377.467 79.32 -83.0099 0.5
1 479.983 -54.2774 7.37622 0.5
1 370.625 -14.7126 -86.5325 0.5
1 370.681 -58.6114 -34.3258 0.5
1 395.472 -107.528 4.4403 0.5
1 412.022 -62.7322 -96.4415 0.5
1 481.704 -81.5027 65.5925 0.5
1 390.357 70.8836 71.7544 0.5
1 345.69 168.141 -44.5183 0.5
1 457.741 -22.4854 36.767 0.5
1 430.647 -91.3981 97.3554 0.5
1 405.47 3.43082 95.8897 0.5
1 422.89 -154.715 8.95051 0.5
1 360.915 105.577 84.5795 0.5
1 494.44 -83.0487 -28.012 0.5
1 466.122 -31.7527 -18.6574 0.5
1 496.327 -145.959 93.1581 0.5
1 378.981 -77.5046 -17.5939 0.5
1 391.068 -14.4673 98.9478 0.5
1 480.457 -228.883 -67.1975 0.5
1 429.42 -151.374 52.7646 0.5
1 420.878 -149.844 -18.8242 0.5
1 339.254 17.4248 69.0645 0.5
1 387.918 105.43 2.33555 0.5
1 371.536 105.848 69.3798 0.5
1 452.177 -200.035 33.5853 0.5
1 341.396 176.153 43.345 0.5
1 361.231 -44.8923 25.9596 0.5
1 427.044 -120.5 -81.3276 0.5
1 356.287 -39.3695 8.78784 0.5
1 423.859 -153.235 26.4452 0.5
1 461.843 -222.583 -0.754293 0.5
1 483.954 -114.821 -88.7598 0.5
1 493.914 -277.542 -10.855 0.5
1 408.922 67.877 15.4457 0.5
1 393.224 0.693382 99.902 0.5
1 457.77 -103.08 -99.2219 0.5
1 492.471 -85.7872 43.9038 0.5
1 393.946 -104.983 0.624076 0.5
1 487.678 -90.093 63.5138 0.5
1 459.509 -204.753 -50.6735 0.5
1 365.485 64.5048 97.94 0.5
1 385.739 107.167 20.2122 0.5
1 431.139 17.5507 49.3849 0.5
1 460.958 -27.1461 34.3746 0.5
1 368.343 102.744 77.3473 0.5
1 352.784 42.7002 97.1729 0.5
1 467.414 -232.204 -2.48857 0.5
1 452.287 -202.183 27.4859 0.5
1 472.332 -183.556 -90.3763 0.5
1 382.438 58.1528 90.185 0.5
1 475.101 -178.728 -94.3355 0.5
1 352.476 -25.422 38.562 0.5
1 390.747 0.437436 -99.9999 0.5
1 379.826 -80.1827 8.30072 0.5
1 434.873 24.1275 0.105767 0.5
1 350.504 -21.4415 39.8877 0.5
1 383.838 25.8157 -99.1126 0.5
1 429.005 -157.121 40.5418 0.5
1 387.096 92.954 50.9038 0.5
1 333.795 165.902 -74.5042 0.5
1 448.206 -56.434 90.5049 0.5
1 334.805 136.999 91.8472 0.5
1 498.203 -271.676 -50.8384 0.5
1 461.82 -22.6054 -3.45262 0.5
1 339.507 120.548 -94.9948 0.5
1 434.109 -31.9352 -90.4663 0.5
1 424.812 41.1851 8.58926 0.5
1 447.255 -182.318 52.6778 0.5
1 341.92 50.7833 -93.9174 0.5
1 400.769 83.1406 -3.41141 0.5
1 434.654 -84.8506 -99.5611 0.5
1 382.858 47.5879 94.2692 0.5
1 462.009 -23.4816 -11.0226 0.5
1 472.689 -42.2277 -13.0602 0.5
1 436.419 -44.3853 93.9832 0.5
1 406.587 -33.2105 99.7994 0.5
1 399.038 39.9097 -84.3501 0.5
1 364.999 -42.3008 -48.4957 0.5
1 373.672 129.829 -7.76674 0.5
1 445.293 -113.892 -97.9851 0.5
1 416.735 -105.16 79.4675 0.5
1 350.6 146.653 64.331 0.5
1 457.5 -178.828 -77.0323 0.5
1 392.643 -101.568 15.1794 0.5
1 462.092 -120.067 99.9565 0.5
1 420.276 -114.143 -77.207 0.5
1 437.625 1.00695 57.7402 0.5
1 465.458 -117.682 99.3748 0.5
1 482.497 -62.2599 27.6567 0.5
1 469.478 -199.347 77.221 0.5
1 349.303 154.259 57.3516 0.5
1 420.83 -115.393 76.9673 0.5
1 424.5 33.8701 -39.7159 0.5
1 487.574 -98.8062 72.998 0.5
1 407.02 -15.8307 99.3016 0.5
1 387.515 41.3903 93.5866 0.5
1 373.83 6.63632 97.2666 0.5
1 368.309 -4.07323 90.0465 0.5
1 374.779 106.826 -61.8075 0.5
1 345.366 126.874 -87.8823 0.5
1 347.356 171.31 29.3446 0.5
1 398.591 -107.623 32.4365 0.5
1 437.243 -150.258 71.138 0.5
1 357.891 -35.6953 -36.3461 0.5
1 337.545 60.1998 94.5698 0.5
1 487.714 -245.991 -61.8273 0.5
1 357.22 113.992 83.2744 0.5
1 497.116 -190.696 -99.7536 0.5
1 353.369 -3.72175 -72.3634 0.5
1 351.51 66.4681 -99.979 0.5
1 340.791 24.2695 77.8099 0.5
1 448.965 -25.5175 -66.4118 0.5
1 409.527 66.9977 14.3265 0.5
1 491.76 -99.4554 -66.2036 0.5
1 348.369 -25.8864 -5.59483 0.5
1 476.938 -239.18 42.6474 0.5
2 574.334 -80.5929 -97.8408 0.5
2 565.992 -172.716 -18.1299 0.5
2 612.844 89.3443 56.4143 0.5
2 607.255 93.4586 26.7269 0.5
2 594.965 -91.2523 -74.1802 0.5
2 650.68 160.315 47.4871 0.5
2 592.458 -19.8862 -99.6254 0.5
2 591.553 30.8166 79.3033 0.5
2 648.281 161.514 -35.8358 0.5
2 548.344 -150.729 88.9014 0.5
2 548.751 -148.852 89.4953 0.5
2 572.98 -142.332 59.9172 0.5
2 664.087 97.7735 -99.9749 0.5
2 655.073 -2.46183 56.6857 0.5
2 581.828 -42.1826 -99.8865 0.5
2 508.254 -213.199 92.1573 0.5
2 603.568 34.9931 89.6603 0.5
2 598.917 -41.5676 -97.0222 0.5
2 571.189 -127.904 78.0374 0.5
2 555.377 -127.496 93.7726 0.5
2 636.255 10.1078 92.8164 0.5
2 630.446 16.3882 -97.7968 0.5
2 531.466 -128.783 -99.8546 0.5
2 539.336 -220.324 -6.61801 0.5
2 556.748 3.65631 34.0062 0.5
2 627.678 28.9154 -99.9368 0.5
2 505.098 -96.9415 -55.9191 0.5
2 586.672 -18.4472 97.9576 0.5
2 534.957 -215.748 -48.1946 0.5
2 581.214 -148.001 -1.21697 0.5
2 587.258 -48.3168 -99.4176 0.5
2 660.486 167.404 62.4421 0.5
2 665.751 -1.56783 -1.94847 0.5
2 551.284 -131.648 94.809 0.5
2 547.228 -206.612 -7.24703 0.5
2 664.533 88.8733 99.7236 0.5
2 648.623 -30.1096 15.0746 0.5
2 646.043 -25.5767 -43.8845 0.5
2 640.256 -41.0549 30.2642 0.5
2 567.095 -170.676 18.8223 0.5
2 558.563 -4.63344 56.3566 0.5
2 546.559 -11.3073 25.3802 0.5
2 548.435 -143.412 92.2376 0.5
2 565.853 -169.629 -31.1825 0.5
2 633.51 -19.0757 -78.7377 0.5
2 528.122 -128.845 -99.3796 0.5
2 523.439 -245.352 -23.1875 0.5
2 582.774 33.0625 -62.1149 0.5
2 600.284 -112.008 24.1902 0.5
2 618.205 68.5251 -85.1333 0.5
2 515.616 -200.038 -92.3288 0.5
2 508.265 -269.409 31.0723 0.5
2 664.966 195.551 17.2785 0.5
2 540.303 -121.587 99.963 0.5
2 575.13 -14.129 89.5946 0.5
2 548.236 -93.5302 -99.3253 0.5
2 522.258 -59.4904 -42.2579 0.5
2 580.479 48.2452 22.1048 0.5
2 583.497 -61.2412 98.5121 0.5
2 548.965 -45.9228 81.502 0.5
2 553.461 -4.80006 -40.8462 0.5
2 588.049 -136.162 1.22552 0.5
2 594.255 -28.6174 -99.9489 0.5
2 520.376 -90.2796 77.5754 0.5
2 648.727 93.7135 96.8798 0.5
2 665.819 77.2925 -97.7184 0.5
2 635.126 11.6226 94.1332 0.5
2 571.95 -147.866 -54.5481 0.5
2 522.171 -223.304 -68.3134 0.5
2 591.353 29.7591 79.845 0.5
2 558.512 -50.5662 92.9975 0.5
2 614.606 -29.4988 -91.9422 0.5
2 603.196 73.0665 -55.7756 0.5
2 567.633 -161.034 -44.5996 0.5
2 541.89 -189.886 -67.5175 0.5
2 525.09 -141.314 99.9238 0.5
2 610.589 88.3809 51.8451 0.5
2 506.943 -255.282 61.7825 0.5
2 576.466 -134.744 -61.9343 0.5
2 510.577 -134.77 93.4542 0.5
2 541.551 -23.2277 -35.5199 0.5
2 565.315 -175.048 -9.97355 0.5
2 536.524 -216.917 40.337 0.5
2 515.169 -225.548 -77.5399 0.5
2 544.708 -207.352 27.6085 0.5
2 658.569 58.3054 96.0958 0.5
2 612.636 5.3333 99.9941 0.5
2 655.596 149.366 72.8163 0.5
2 632.993 -58.1465 5.96157 0.5
2 539.369 -50.0013 70.9351 0.5
2 619.176 -64.3961 -57.0347 0.5
2 664.979 94.5461 -99.968 0.5
2 561.41 -177.079 -31.9172 0.5
2 605.925 9.64664 -98.8905 0.5
2 655.325 39.4694 -91.2598 0.5
2 583.861 53.0585 -26.2901 0.5
2 579.342 41.3295 37.8002 0.5
2 604.476 39.3101 88.252 0.5
2 511.608 -262.549 -34.1758 0.5
2 550.638 -1.68339 -11.9429 0.5
2 569.37 -163.862 -30.1732 0.5
2 658.037 30.5703 -83.8553 0.5
2 608.017 73.1763 -66.4141 0.5
2 618.937 110.118 -37.2885 0.5
2 645.278 -15.6319 -61.8415 0.5
2 506.064 -78.5204 -8.33184 0.5
2 597.638 -84.4845 76.0585 0.5
2 640.76 132.589 63.2439 0.5
2 501.329 -244.836 81.1301 0.5
2 515.239 -176.191 -99.0278 0.5
2 586.74 59.1992 -21.6159 0.5
2 606.305 -30.9147 96.4619 0.5
2 615.835 51.5247 91.8387 0.5
2 603.447 84.1838 -34.9785 0.5
2 580.484 -12.7363 -93.0864 0.5
2 553.47 -18.1616 -62.7011 0.5
2 610.072 -96.97 14.4853 0.5
2 617.013 -75.837 43.9299 0.5
2 517.361 -242.322 -54.6955 0.5
2 595.075 -22.4501 -99.988 0.5
2 624.93 -10.3165 -92.4878 0.5
2 560.013 -138.816 -84.1103 0.5
2 640.072 78.8074 96.8579 0.5
2 610.306 89.8934 -48.3901 0.5
2 607.641 -102.023 6.51257 0.5
2 621.335 15.5117 99.8216 0.5
2 651.643 104.803 95.1305 0.5
2 542.098 -43.2879 -68.9058 0.5
2 612.549 11.7658 99.8486 0.5
2 655.6 173.439 37.7353 0.5
2 661.859 174.886 55.4582 0.5
2 590.77 -8.6065 97.3543 0.5
2 544.961 -185.407 -66.587 0.5
2 665.832 181.989 -55.124 0.5
2 528.818 -39.1722 -9.05743 0.5
2 549.194 -9.2735 -33.5763 0.5
2 636.025 34.9287 -99.2777 0.5
2 551.522 -0.2322 -12.5842 0.5
2 501.941 -210.019 96.8998 0.5
2 639.233 137.857 -52.0699 0.5
2 510.416 -164.759 -99.8273 0.5
2 568.763 -143.384 67.4691 0.5
2 504.98 -100.436 -60.5116 0.5
2 603.347 -101.229 40.2181 0.5
2 590.275 -11.2236 -97.7508 0.5
2 592.474 -94.7312 74.9272 0.5
2 582.855 -139.814 -32.275 0.5
2 524.876 -245.429 5.64598 0.5
2 638.948 -45.5584 22.0089 0.5
2 563.143 -104.775 -96.7027 0.5
2 591.914 65.9919 -29.7684 0.5
2 657.926 180.002 30.7929 0.5
2 610.06 44.2126 -90.6326 0.5
2 560.015 -88.8422 -99.9153 0.5
2 547.493 -154.859 -87.4827 0.5
2 561.443 -125.693 -90.0717 0.5
2 587.852 -56.9652 97.8857 0.5
2 605.117 -105.866 12.1625 0.5
2 606.876 87.9144 -40.402 0.5
2 596.031 46.8875 72.1594 0.5
2 548.165 -136.856 94.8742 0.5
2 575.792 0.782088 81.3318 0.5
2 525.611 -127.4 98.5591 0.5
2 635.839 28.349 98.3196 0.5
2 633.473 -23.3091 75.2882 0.5
2 630.245 -54.3842 -40.7949 0.5
2 521.052 -233.133 58.7525 0.5
2 641.569 -0.263688 -82.307 0.5
2 599.961 -115.338 6.31743 0.5
2 560.83 -164.551 -58.3138 0.5
2 567.716 -7.57132 76.9896 0.5
2 582.248 -29.0748 -98.5197 0.5
2 563.197 -78.8368 99.9993 0.5
2 560.247 -46.4491 -92.5501 0.5
2 661.244 0.759684 -43.9027 0.5
2 600.038 55.1875 70.8287 0.5
2 525.747 -214.979 70.5212 0.5
2 520.467 -83.1093 71.3013 0.5
2 510.897 -234.632 76.1377 0.5
2 641.647 154.442 20.9669 0.5
2 655.723 88.8737 99.6931 0.5
2 542.772 -189.899 65.7936 0.5
2 508.315 -120.919 -84.5777 0.5
2 629.859 125.167 -45.7516 0.5
2 608.762 85.7881 50.8908 0.5
2 567.307 27.2502 -11.4178 0.5
2 628.624 114.666 59.2496 0.5
2 635.428 -7.20339 84.7395 0.5
2 624.203 65.2389 92.171 0.5
2 573.736 18.9237 60.1547 0.5
2 587.03 -62.4778 96.9412 0.5
2 510.111 -101.026 71.2798 0.5
2 637.518 125.206 65.3502 0.5
2 625.135 -37.3523 -75.6345 0.5
2 508.843 -269.565 27.2801 0.5
2 641.078 95.4712 -91.7423 0.5
2 604.24 89.6312 -21.0607 0.5
2 598.434 12.2765 95.2483 0.5
2 599.848 -80.4607 76.2263 0.5
2 623.283 -74.4167 -12.0215 0.5
2 592.075 1.98136 -95.0156 0.5
2 588.336 -135.574 -4.45174 0.5
2 585.918 -56.409 98.6212 0.5
2 635.212 43.9933 -99.9884 0.5
2 580.731 -2.86749 88.8032 0.5
2 539.573 -109.34 -99.4159 0.5
2 602.355 -93.5871 -56.9538 0.5
2 619.788 99.3243 59.2987 0.5
2 639.48 106.635 84.3433 0.5
2 539.827 -206.769 49.17 0.5
2 595.387 -27.1503 99.9319 0.5
2 569.325 -73.4457 99.8825 0.5
2 641.714 -26.9423 -54.6855 0.5
2 630.504 64.0961 -96.361 0.5
2 612.409 48.0887 90.7222 0.5
2 543.667 -19.2378 -34.6546 0.5
2 572.418 -87.5135 -97.0101 0.5
2 641.303 -28.271 53.7299 0.5
2 666.645 33.0671 74.3307 0.5
2 589.058 63.5682 -19.9478 0.5
2 607.804 25.8371 96.0608 0.5
2 616.088 106.995 -32.418 0.5
2 635.447 102.579 -82.4048 0.5
2 514.168 -64.3186 -6.05306 0.5
2 657.184 97.2439 99.0614 0.5
2 621.49 -63.7569 51.8486 0.5
2 665.564 143.839 -88.9218 0.5
2 502.847 -156.569 96.2367 0.5
2 571.735 -106.775 -90.59 0.5
2 549.296 -107.326 -99.9186 0.5
2 536.13 -136.274 -99.4807 0.5
2 641.08 -36.5352 -38.6771 0.5
2 580.485 -149.271 -0.452015 0.5
2 533.112 -93.1165 -92.4135 0.5
2 544.284 -76.5268 93.5069 0.5
2 582.286 -80.551 93.8969 0.5
2 563.415 -140.925 78.3903 0.5
2 556.056 -7.90328 -54.7497 0.5
2 552.277 -7.85834 43.0269 0.5
2 617.97 12.1898 -99.9399 0.5
2 565.486 -71.8007 99.9405 0.5
2 645.014 19.7361 90.3966 0.5
2 627.515 -35.3159 -73.7786 0.5
2 573.135 -19.122 -90.3402 0.5
2 543.804 -190.395 -63.085 0.5
2 581.053 -148.201 -4.1692 0.5
2 650.313 -7.99214 -60.4411 0.5
2 659.259 91.4695 -99.9075 0.5
2 632.928 22.5932 -98.1841 0.5
2 621.42 -72.1189 34.8017 0.5
2 558.724 12.1354 13.4044 0.5
2 536.177 -207.371 -58.1491 0.5
2 565.505 -167.359 38.8586 0.5
2 650.97 12.1471 -79.4966 0.5
2 542.874 -33.1103 -58.2203 0.5
2 582.886 -6.92611 92.4219 0.5
2 531.797 -164.422 -95.1322 0.5
2 628.474 -58.021 -39.4976 0.5
2 636.488 -25.6756 -67.9108 0.5
2 635.486 107.38 78.9413 0.5
2 520.246 -231.982 -62.1082 0.5
2 594.482 53.9528 -61.3359 0.5
2 647.288 13.6337 -84.9233 0.5
2 505.648 -80.5628 18.1973 0.5
2 518.53 -90.7988 -75.3178 0.5
2 502.107 -90.1235 31.5202 0.5
2 569.485 -167.737 -10.8129 0.5
2 640.079 150.762 -25.048 0.5
2 605.999 24.6145 95.4894 0.5
2 612.26 1.46581 99.9075 0.5
2 655.7 3.07685 62.6661 0.5
2 550.821 -2.59998 19.6516 0.5
2 569.508 29.1538 -22.4897 0.5
2 654.37 149.564 -70.5591 0.5
2 522.604 -54.1396 -30.0298 0.5
2 535.324 -161.688 93.9712 0.5
2 575.11 -3.98754 -83.7828 0.5
2 594.82 -17.429 99.7538 0.5
2 584.749 -108.468 -74.6113 0.5
2 617.084 65.8588 85.575 0.5
2 544.12 -188.54 -64.6612 0.5
2 581.642 -141.926 -32.2454 0.5
2 649.855 146.712 -65.19 0.5
2 512.977 -264.253 -19.6305 0.5
2 612.038 30.809 96.713 0.5
2 584.867 49.2762 41.5533 0.5
2 536.514 -206.528 58.5084 0.5
2 552.979 -139.009 -90.7073 0.5
2 624.115 -73.3891 -7.90281 0.5
2 629.141 130.369 -30.0922 0.5
2 620.735 4.9533 -98.7929 0.5
2 545.68 -58.714 86.1113 0.5
2 559.408 -112.577 96.3419 0.5
2 666.373 195.224 28.8997 0.5
2 606.101 -34.828 -95.4171 0.5
2 584.465 -20.2817 97.5285 0.5
2 662.28 48.6277 -89.9098 0.5
2 650.001 102.969 -94.7976 0.5
2 530.097 -106.023 -95.2281 0.5
2 631.91 24.3036 98.7919 0.5
2 613.863 -80.7321 -45.0596 0.5
2 500.052 -228.092 91.865 0.5
2 564.774 -57.1875 98.1206 0.5
2 628.126 -32.019 75.7665 0.5
2 508.858 -111.203 -78.358 0.5
2 517.21 -92.6452 74.9316 0.5
2 573.753 -99.1361 92.4145 0.5
2 645.794 111.443 87.9473 0.5
2 555.577 -118.928 96.4208 0.5
3 679.219 20.7253 60.9551 0.5
3 776.021 198.784 -15.5479 0.5
3 938.206 187.307 -48.7598 0.5
3 757.726 153.93 84.2116 0.5
3 882.815 117.283 98.4952 0.5
3 861.003 112.948 -99.1582 0.5
3 881.682 21.7744 -62.2957 0.5
3 807.179 199.522 9.76303 0.5
3 986.339 162.996 -77.663 0.5
3 986.557 189.681 44.2418 0.5
3 676.668 157.257 -81.9854 0.5
3 690.997 124.446 -96.9661 0.5
3 909.657 78.9561 -97.7607 0.5
3 853.167 197.327 22.9667 0.5
3 710.923 0.728444 12.0482 0.5
3 685.152 25.9388 67.1932 0.5
3 792.403 55.0797 89.343 0.5
3 783.052 4.42443 -29.4162 0.5
3 813.704 2.22675 20.9855 0.5
3 804.857 146.624 88.4659 0.5
3 967.684 65.6564 93.9176 0.5
3 693.301 1.18334 15.3385 0.5
3 810.125 82.9089 98.5286 0.5
3 971.304 196.289 26.9877 0.5
3 868.886 58.0105 -90.7573 0.5
3 668.141 53.0929 -88.316 0.5
3 831.023 0.401968 -8.95723 0.5
3 858.659 6.37448 35.1321 0.5
3 955.605 130.409 95.2644 0.5
3 848.429 43.027 82.1832 0.5
3 749.267 187.001 -49.3031 0.5
3 911.851 88.388 99.3235 0.5
3 916.029 43.6921 -82.6403 0.5
3 861.392 161.178 -79.1027 0.5
3 965.699 199.531 9.67067 0.5
3 735.264 0.746279 -12.1942 0.5
3 892.815 84.944 -98.8601 0.5
3 803.098 95.3567 99.8921 0.5
3 728.936 70.0207 95.4004 0.5
3 930.173 195.87 28.4433 0.5
3 827.302 189.791 44.0176 0.5
3 809.107 191.337 -40.7128 0.5
3 694.925 199.97 2.43901 0.5
3 799.245 1.49528 17.2285 0.5
3 777.275 149.246 -87.0336 0.5
3 915.381 146.004 -88.7898 0.5
3 723.245 134.182 -93.9767 0.5
3 892.386 154.679 83.7271 0.5
3 915.705 24.1739 65.1951 0.5
3 788.761 86.1039 99.0298 0.5
3 765.41 75.0205 96.8299 0.5
3 993.599 65.0493 -93.6934 0.5
3 934.295 21.2859 -61.6773 0.5
3 841.534 11.4467 46.4577 0.5
3 881.087 62.219 92.5883 0.5
3 940.138 120.079 97.9635 0.5
3 907.326 174.965 66.1835 0.5
3 696.734 24.7938 -65.9092 0.5
3 848.82 26.266 -67.5522 0.5
3 845.472 163.907 -76.9148 0.5
3 791.178 192.518 37.953 0.5
3 787.639 55.2322 -89.4195 0.5
3 875.994 12.4162 48.2606 0.5
3 696.673 180.001 -59.9988 0.5
3 770.686 177.394 63.3257 0.5
3 833.251 199.423 10.7313 0.5
3 987.044 75.2492 -96.8886 0.5
3 862.402 0.649631 11.38 0.5
3 959.874 107.939 99.6844 0.5
3 762.93 198.791 -15.5007 0.5
3 801.014 89.83 99.4815 0.5
3 756.98 198.47 17.4239 0.5
3 674.201 1.12903 14.9844 0.5
3 812.919 98.1821 99.9835 0.5
3 809.74 199.803 -6.268 0.5
3 950.115 171.193 70.2252 0.5
3 763.247 91.508 99.6388 0.5
3 975.89 186.989 49.3252 0.5
3 745.693 191.49 40.369 0.5
3 693.659 135.45 -93.5056 0.5
3 830.135 120.032 -97.973 0.5
3 895.481 95.7384 99.9092 0.5
3 949.569 198.758 -15.7131 0.5
3 699.445 17.5356 -56.5651 0.5
3 758.752 199.884 -4.81753 0.5
3 935.378 154.082 84.1135 0.5
3 932.273 169.827 71.5835 0.5
3 695.601 112.669 99.1943 0.5
3 950.282 45.0352 83.5396 0.5
3 791.912 173.96 67.3042 0.5
3 929.978 191.917 -39.3852 0.5
3 719.016 136.577 93.0706 0.5
3 759.182 79.1149 -97.7948 0.5
3 966.404 198.952 -14.4369 0.5
3 916.631 184.373 53.6763 0.5
3 832.811 18.0123 -57.254 0.5
3 829.084 188.871 -45.8478 0.5
3 874.671 166.081 75.0554 0.5
3 996.42 90.3424 99.5326 0.5
3 825.475 0.00116227 -0.482133 0.5
3 936.115 54.1226 -88.8553 0.5
3 701.561 31.4317 72.7901 0.5
3 797.071 76.6609 -97.2383 0.5
3 968.86 79.0428 97.7793 0.5
3 933.297 74.6603 -96.7362 0.5
3 944.829 92.0727 -99.6853 0.5
3 790.061 57.3088 90.4293 0.5
3 864.589 139.185 92.0028 0.5
3 956.683 23.6413 64.5706 0.5
3 855.273 30.9285 72.3127 0.5
3 854.994 5.36305 32.3086 0.5
3 833.123 169.428 71.9703 0.5
3 788.858 55.7801 -89.6917 0.5
3 927.545 168.972 -72.4081 0.5
3 846.167 70.5201 -95.5559 0.5
3 763.376 50.862 87.0945 0.5
3 791.799 15.7198 53.8224 0.5
3 812.113 81.4172 98.2582 0.5
3 714.114 83.3613 98.606 0.5
3 748.215 2.43541 -21.9351 0.5
3 945.61 46.4947 84.4819 0.5
3 750.731 189.512 -44.5828 0.5
3 968.197 5.66418 33.1776 0.5
3 918.931 187.459 48.4869 0.5
3 669.431 27.1798 68.5362 0.5
3 702.932 6.43592 -35.2954 0.5
3 878.642 63.9323 -93.2691 0.5
3 918.296 60.0552 91.6756 0.5
3 923.707 29.1158 70.5368 0.5
3 985.206 161.173 79.1068 0.5
3 716.734 193.001 -36.7525 0.5
3 838.835 43.4107 -82.4479 0.5
3 782.66 50.6598 -86.9801 0.5
3 816.978 5.95067 33.9812 0.5
3 863.831 196.225 27.2171 0.5
3 667.454 178.231 -62.2889 0.5
3 918.775 129.958 95.407 0.5
3 845.938 39.4948 79.6186 0.5
3 807.827 198.7 16.0701 0.5
3 696.954 193.729 -34.8557 0.5
3 807.364 156.015 82.8388 0.5
3 792.35 134.484 93.866 0.5
3 673.96 1.96669 -19.735 0.5
3 765.907 60.9919 92.0781 0.5
3 958.31 68.3729 -94.8669 0.5
3 749.955 199.995 -1.019 0.5
3 674.001 131.529 -94.8996 0.5
3 734.101 184.983 52.7049 0.5
3 718.407 4.70892 -30.3251 0.5
3 869.386 147.837 -87.816 0.5
3 894.53 149.645 -86.8067 0.5
3 866.331 9.47392 -42.4856 0.5
3 736.912 60.9066 92.0419 0.5
3 945.907 194.748 31.9817 0.5
3 758.647 124.2 97.0276 0.5
3 833.149 199.968 2.54185 0.5
3 936.437 120.881 -97.7956 0.5
3 698.468 9.3762 -42.2768 0.5
3 923.188 48.5111 85.7257 0.5
3 685.559 27.7505 69.1376 0.5
3 831.754 8.09054 -39.4037 0.5
3 987.068 66.1413 -94.0935 0.5
3 862.751 97.0323 -99.956 0.5
3 863.776 9.05735 -41.5865 0.5
3 986.711 29.5878 -71.0079 0.5
3 871.406 189.447 -44.712 0.5
3 889.008 180.024 -59.9686 0.5
3 897.83 32.1222 -73.4344 0.5
3 910.121 7.74845 38.596 0.5
3 792.572 77.2041 97.3671 0.5
3 839.163 184.93 -52.7912 0.5
3 948.77 100.965 -99.9953 0.5
3 932.91 199.502 -9.96872 0.5
3 757.226 31.2117 72.5821 0.5
3 922.27 104.349 -99.9054 0.5
3 955.881 41.7889 81.3109 0.5
3 922.317 116.492 98.6307 0.5
3 779.047 172.078 69.316 0.5
3 975.512 89.3475 99.431 0.5
3 835.706 107.422 99.7242 0.5
3 990.758 129.628 -95.51 0.5
3 786.908 47.8647 -85.3341 0.5
3 725.635 128.435 95.8719 0.5
3 832.188 2.44444 -21.9753 0.5
3 970.544 134.522 93.8521 0.5
3 860.838 57.1633 -90.3605 0.5
3 784.802 31.1201 -72.4953 0.5
3 733.089 22.2275 62.8604 0.5
3 746.299 74.503 96.6949 0.5
3 703.987 115.255 98.8295 0.5
3 866.426 59.8253 91.5751 0.5
3 776.602 43.4361 -82.4653 0.5
3 705.721 194.024 34.0502 0.5
3 969.803 154.297 -83.9755 0.5
3 878.53 12.9644 49.2423 0.5
3 963.211 128.189 95.9445 0.5
3 894.639 186.474 50.2224 0.5
3 867.616 196.289 26.9894 0.5
3 693.019 76.8394 97.281 0.5
3 986.093 198.249 18.6292 0.5
3 694.465 129.41 -95.5773 0.5
3 882.876 173.15 68.1842 0.5
3 770.52 198.19 18.9399 0.5
3 793.14 95.1337 99.8815 0.5
3 980.091 19.0238 58.6759 0.5
3 877.029 68.8226 -95.0156 0.5
3 885.866 2.4487 21.9942 0.5
3 890.198 137.016 -92.897 0.5
3 860.533 123.443 -97.2134 0.5
3 872.958 187.455 -48.4927 0.5
3 853.817 126.768 -96.3508 0.5
3 736.444 104.165 -99.9132 0.5
3 840.605 17.4388 56.4239 0.5
3 901.502 167.145 74.1054 0.5
3 933.459 27.7906 69.1795 0.5
3 717.179 26.2837 -67.5715 0.5
3 810.794 9.06266 41.5981 0.5
3 896.856 180.011 -59.9848 0.5
3 857.107 72.4739 96.1369 0.5
3 820.535 47.3818 85.0372 0.5
3 804.426 110.678 99.4282 0.5
3 680.905 9.72612 43.0189 0.5
3 777.986 9.42949 -42.3908 0.5
3 931.778 101.828 -99.9833 0.5
3 872.695 122.498 -97.4363 0.5
3 789.268 17.5161 -56.5367 0.5
3 779.651 141.846 90.8237 0.5
3 772.514 9.15922 -41.8085 0.5
3 999.906 100.286 -99.9996 0.5
3 668.418 12.1183 47.7159 0.5
3 804.714 56.5336 -90.0593 0.5
3 809.327 0.591325 -10.8589 0.5
3 896.906 177.239 63.515 0.5
3 993.465 59.3082 91.3464 0.5
3 913.537 8.75835 40.9263 0.5
3 734.658 0.0468539 -3.06081 0.5
3 820.684 87.8766 99.2624 0.5
3 965.986 32.445 -73.7314 0.5
3 703.216 6.31675 34.9778 0.5
3 820.586 22.307 62.9587 0.5
3 859.14 36.3299 77.111 0.5
3 905.364 173.994 -67.2677 0.5
3 905.542 80.9299 98.1648 0.5
3 805.714 187.05 -49.2173 0.5
3 822.884 158.833 -80.8624 0.5
3 847.741 7.07358 36.9416 0.5
3 801.365 185.152 52.4324 0.5
3 692.741 37.6042 78.1458 0.5
3 753.354 29.1917 70.6129 0.5
3 776.583 15.6847 -53.7674 0.5
3 723.182 154.14 84.0763 0.5
3 963.066 2.48482 -22.1538 0.5
3 676.829 156.785 82.3131 0.5
3 750.318 10.86 -45.3218 0.5
3 825.091 134.437 -93.8833 0.5
3 798.348 137.17 -92.8353 0.5
3 776.987 188.719 46.1408 0.5
3 751.655 125.365 96.7296 0.5
3 871.209 62.1997 -92.5805 0.5
3 767.102 151.862 85.5003 0.5
3 753.431 37.6634 78.193 0.5
3 879.222 6.51281 -35.4985 0.5
3 834.03 90.6543 99.5623 0.5
3 956.459 158.632 -81.0077 0.5
3 912.086 50.0373 86.624 0.5
3 755.865 37.6961 -78.2191 0.5
3 742.241 1.41543 16.7655 0.5
3 687.615 0.710615 11.9003 0.5
3 767.137 180.061 59.9186 0.5
3 749.015 122.788 -97.3689 0.5
3 732.79 86.2508 99.0503 0.5
3 802.469 13.0569 49.4055 0.5
3 977.071 37.7435 -78.2568 0.5
3 904.011 0.794931 12.5839 0.5
3 716.883 52.1696 -87.8194 0.5
3 730.335 197.043 -24.1384 0.5
3 950.704 140.527 91.4196 0.5
3 727.931 136.772 -92.9937 0.5
3 983.745 185.715 51.5059 0.5
3 703.17 77.5073 97.4376 0.5
3 754.586 25.4952 -66.7011 0.5
3 934.033 3.50157 26.2308 0.5
3 734.959 165.647 75.435 0.5
3 993.36 193.95 34.2557 0.5
3 796.432 199.95 -3.17507 0.5
3 934.593 192.974 -36.8207 0.5
3 884.021 42.1747 81.5857 0.5
3 824.971 16.7426 55.3914 0.5
3 980.515 190.316 -42.9297 0.5
3 723.646 7.20027 -37.2587 0.5
3 828.526 175.11 -66.0185 0.5
3 796.552 124.628 96.9198 0.5
3 782.976 31.039 72.4181 0.5
3 724.841 88.6809 -99.3573 0.5
3 937.87 145.439 -89.0801 0.5
3 740.506 186.19 50.7086 0.5
3 850.493 54.4714 89.0345 0.5
3 968.706 199.72 -7.48198 0.5
3 867.25 198.007 19.8653 0.5
3 870.005 62.9299 92.8752 0.5
3 980.159 64.2948 -93.4084 0.5
3 815.961 191.905 39.4145 0.5
3 912.791 17.9183 -57.1192 0.5
3 773.504 123.587 -97.1785 0.5
3 709.359 1.89015 -19.3509 0.5
3 712.425 27.5084 68.8837 0.5
3 770.636 129.945 -95.4111 0.5
3 707.369 131.584 -94.8812 0.5
3 710.791 199.269 12.0691 0.5
3 975.755 9.33137 42.1806 0.5
3 778.956 144.674 -89.4663 0.5
3 848.644 36.0062 -76.8426 0.5
3 710.988 162.096 78.3842 0.5
3 718.859 197.084 -23.9742 0.5
3 717.47 70.2458 -95.4709 0.5
3 950.879 154.682 -83.7248 0.5
3 683.648 61.9168 -92.4644 0.5
3 849.508 12.2108 47.8858 0.5
3 869.721 67.9146 -94.7129 0.5
3 686.997 180.99 -58.6572 0.5
3 745.244 199.994 -1.12911 0.5
3 888.303 96.2735 -99.9305 0.5
3 853.795 188.71 46.1578 0.5
3 725.12 40.8729 80.6473 0.5
3 964.8 163.617 77.1549 0.5
3 872.455 6.0381 -34.2222 0.5
3 868.859 1.50174 -17.2654 0.5
3 906.416 162.625 77.9619 0.5
3 821.328 166.495 74.6886 0.5
3 984.614 153.516 84.4753 0.5
3 882.358 199.979 -2.05966 0.5
3 880.496 54.3571 88.976 0.5
3 866.893 53.8868 -88.7332 0.5
3 863.824 178.497 -61.9531 0.5
