0 86.9371 185.289 52.2099 0.5
0 285.114 53.9703 88.7765 0.5
0 286.35 198.68 16.1952 0.5
0 283.599 116.205 98.6782 0.5
0 137.477 19.8511 59.801 0.5
0 146.289 189.382 -44.8423 0.5
0 333.183 120.613 -97.8525 0.5
0 94.3103 170.453 -70.9671 0.5
0 219.991 3.57438 -26.4972 0.5
0 143.307 9.77589 -43.1232 0.5
0 229.794 0.678096 11.6258 0.5
0 222.437 59.5037 91.4333 0.5
0 152.335 199.996 0.866804 0.5
0 6.42848 19.6865 59.5797 0.5
0 212.417 179.899 -60.134 0.5
0 232.297 192.245 38.6114 0.5
0 325.045 14.9898 52.6618 0.5
0 327.134 197.537 -22.0559 0.5
0 18.7788 193.533 -35.3775 0.5
0 130.873 84.9235 98.857 0.5
0 199.058 30.0438 -71.4572 0.5
0 38.4559 1.89057 -19.353 0.5
0 300.465 0.426701 9.22811 0.5
0 172.43 26.4526 67.7553 0.5
0 269.545 51.9026 -87.6735 0.5
0 282.85 177.719 -62.9266 0.5
0 148.089 23.7517 64.7008 0.5
0 292.169 3.97854 27.9263 0.5
0 34.9463 3.37888 25.7752 0.5
0 244.234 142.697 90.4267 0.5
0 73.123 199.984 -1.78625 0.5
0 312.965 38.397 78.7723 0.5
0 85.8806 159.496 80.3753 0.5
0 202.843 191.59 40.1413 0.5
0 88.0129 42.2098 81.6106 0.5
0 243.66 162.112 -78.3717 0.5
0 285.576 183.612 -54.8544 0.5
0 163.165 132.208 -94.6713 0.5
0 224.064 196.904 24.6913 0.5
0 146.159 192.883 -37.0513 0.5
0 31.2894 179.458 -60.7156 0.5
0 161.066 6.63777 -35.8259 0.5
0 54.4865 165.143 -75.8708 0.5
0 51.0247 6.39783 35.1942 0.5
0 23.7938 195.495 -29.6762 0.5
0 321.488 0.511742 -10.1038 0.5
0 148.18 116.16 -98.6856 0.5
0 61.1771 182.306 -56.7957 0.5
0 12.923 9.02723 -41.5205 0.5
0 168.348 18.6381 58.1398 0.5
0 115.274 62.1286 92.5514 0.5
0 235.032 194.644 32.2868 0.5
0 301.33 196.467 26.3447 0.5
0 110.089 181.105 58.4975 0.5
0 156.663 197.569 21.9141 0.5
0 148.345 0.0968925 4.40103 0.5
0 160.483 94.928 99.8713 0.5
0 280.942 23.022 -63.8309 0.5
0 63.2586 0.425201 9.21192 0.5
0 236.135 24.7943 -65.9098 0.5
0 288.763 0.163614 5.71804 0.5
0 181.406 113.453 99.0909 0.5
0 69.9346 38.5141 -78.8637 0.5
0 12.5978 7.30908 -37.5286 0.5
0 271.003 4.8949 -30.9034 0.5
0 31.6872 30.1416 -71.5528 0.5
0 94.3186 62.0926 92.5366 0.5
0 13.622 26.0484 -67.3139 0.5
0 318.39 198.959 14.3949 0.5
0 315.074 195.339 30.1748 0.5
0 279.032 5.30684 -32.1435 0.5
0 225.295 31.212 72.5825 0.5
0 303.486 83.9337 98.7009 0.5
0 143.775 187.805 -47.8572 0.5
0 192.366 92.6074 -99.7264 0.5
0 130.1 169.135 72.252 0.5
0 76.7392 199.502 9.96574 0.5
0 34.5181 196.586 25.905 0.5
0 190.624 163.039 -77.6277 0.5
0 37.453 192.353 -38.3537 0.5
0 329.72 189.321 -44.963 0.5
0 156.013 195.438 -29.859 0.5
0 177.229 5.34568 -32.2577 0.5
0 278.963 175.601 65.4559 0.5
0 248.678 12.3149 48.0762 0.5
0 46.7638 180.731 59.0134 0.5
0 9.46724 165.969 75.1541 0.5
0 236.238 54.3389 -88.9666 0.5
0 173.556 11.1621 45.9112 0.5
0 53.5006 170.135 -71.2817 0.5
0 299.407 21.647 62.1355 0.5
0 104.645 48.7881 -85.8914 0.5
0 60.3555 105.096 99.8701 0.5
0 305.45 17.0762 55.8896 0.5
0 104.552 191.426 -40.5129 0.5
0 138.182 2.46105 22.0489 0.5
0 43.1111 0.372579 8.62421 0.5
0 48.9431 174.509 -66.6959 0.5
0 157.896 196.056 27.8062 0.5
0 123.936 189.621 -44.3624 0.5
0 301.732 163.758 77.0383 0.5
0 309.974 157.689 81.6823 0.5
0 11.2162 40.4005 80.2988 0.5
0 270.89 178.058 -62.5054 0.5
0 313.729 150.208 86.4823 0.5
0 34.3467 133.252 94.3096 0.5
0 31.9122 46.9232 -84.7517 0.5
0 202.263 0.166078 -5.7609 0.5
0 332.029 73.0636 96.3039 0.5
0 139.345 178.568 -61.8635 0.5
0 236.107 166.582 -74.6111 0.5
0 49.1156 33.503 -74.687 0.5
0 105.863 133.097 94.364 0.5
0 55.1966 0.96316 13.8457 0.5
0 173.885 197.833 -20.7029 0.5
0 115.406 96.6478 99.9438 0.5
0 73.9459 24.0621 65.0648 0.5
0 217.971 76.8049 -97.2727 0.5
0 239.806 0.0903251 4.24934 0.5
0 311.05 12.1267 -47.7314 0.5
0 316.331 51.5849 87.4985 0.5
0 325.61 172.515 -68.8586 0.5
0 232.138 143.734 -89.9295 0.5
0 312.128 199.515 9.84078 0.5
0 139.367 12.0969 47.6764 0.5
0 23.1265 93.3866 -99.7811 0.5
0 221.839 65.5556 -93.8807 0.5
0 166.36 6.39164 -35.1778 0.5
0 185.484 123.455 97.2103 0.5
0 124.953 199.131 -13.1561 0.5
0 212.749 188.421 -46.7087 0.5
0 227.115 0.0293522 -2.42272 0.5
0 81.748 166.091 -75.0466 0.5
0 105.147 193.851 34.5241 0.5
0 80.4171 29.2382 70.6595 0.5
0 151.357 9.95159 43.4889 0.5
0 72.8196 57.0159 90.2905 0.5
0 206.896 0.867165 -13.1408 0.5
0 7.99528 93.4999 -99.7885 0.5
0 300.445 168.047 73.2774 0.5
0 250.783 57.7809 -90.6507 0.5
0 129.547 0.045481 -3.01565 0.5
0 127.419 178.57 -61.8605 0.5
0 307.553 198.825 15.2846 0.5
0 197.086 141.226 -91.1067 0.5
0 253.588 26.439 67.7405 0.5
0 116.103 2.81104 -23.5437 0.5
0 95.0911 125.804 -96.6134 0.5
0 18.2589 191.531 40.2752 0.5
0 38.0375 155.037 -83.4921 0.5
0 272.269 196.992 -24.3421 0.5
0 177.731 95.1513 -99.8824 0.5
0 108.619 11.1479 45.8836 0.5
1 387.96 -45.7745 -85.9229 0.5
1 368.53 112.493 67.855 0.5
1 337.749 188.782 -26.4846 0.5
1 380.961 -82.3579 -5.19786 0.5
1 352.99 165.583 -8.60471 0.5
1 338.051 182.073 -43.0813 0.5
1 388.47 49.4646 -89.3212 0.5
1 360.388 -46.2612 10.9273 0.5
1 334.774 117.773 -97.9246 0.5
1 359.81 105.316 -85.9137 0.5
1 383.455 71.0028 -81.5926 0.5
1 348.259 153.789 60.4757 0.5
1 335.708 176.702 -58.898 0.5
1 338.807 35.0205 83.1863 0.5
1 376.375 58.2455 94.4691 0.5
1 357.951 23.1296 93.9584 0.5
1 336.171 174.453 60.833 0.5
1 350.343 -10.2467 -58.938 0.5
1 346.124 -18.2799 -27.5656 0.5
1 341.342 162.985 63.978 0.5
1 339.316 43.7392 -88.8443 0.5
1 359.033 121.743 -74.9014 0.5
1 344.229 141.111 -80.0125 0.5
1 336.193 79.9458 -98.8533 0.5
1 388.062 -65.5934 -70.6203 0.5
1 379.666 113.856 -33.8214 0.5
1 358.814 43.4602 99.2276 0.5
1 357.741 -13.2256 -70.47 0.5
1 342.385 1.09267 55.4331 0.5
1 347.838 2.21151 -68.7002 0.5
1 355.498 -28.0651 -44.254 0.5
1 359.431 -43.4042 18.8824 0.5
1 351.96 132.253 -76.4049 0.5
1 347.109 28.1014 -87.7056 0.5
1 380.698 -55.825 67.4946 0.5
1 341.073 186.432 5.71042 0.5
1 356.299 -31.2209 -40.4728 0.5
1 369.858 18.829 98.3834 0.5
1 364.162 92.0359 -89.0837 0.5
1 373.286 130.431 8.58416 0.5
1 338.81 78.2408 -99.244 0.5
1 385.461 -7.98328 -98.4219 0.5
1 363.538 104.402 82.36 0.5
1 384.136 52.1612 -91.584 0.5
1 344.937 90.3396 99.4538 0.5
1 376.751 107.492 -56.2304 0.5
1 370.193 63.0927 96.3043 0.5
1 362.128 74.0674 97.0917 0.5
1 372.897 120.36 -45.8173 0.5
1 377.693 -76.7006 5.15685 0.5
1 375.612 -59.0486 51.3305 0.5
1 358.647 153.114 24.4732 0.5
1 340.424 170.838 -55.5985 0.5
1 344.932 -6.30937 50.6566 0.5
1 342.135 184.65 -4.57795 0.5
1 367.87 81.6636 -90.9896 0.5
1 337.238 144.715 85.7319 0.5
1 337.645 184.156 40.0612 0.5
1 349.511 -3.58371 65.5002 0.5
1 362.227 -18.4015 72.99 0.5
1 362.325 79.5354 -95.4719 0.5
1 354.5 156.734 35.7386 0.5
1 365.863 83.5526 91.6968 0.5
1 347.68 150.132 -66.1643 0.5
1 384.872 92.6318 57.3794 0.5
1 388.359 -81.8418 -50.1167 0.5
1 342.622 127.796 89.8568 0.5
1 385.598 47.0172 92.6855 0.5
1 386.834 -53.197 79.5993 0.5
1 356.141 -33.6586 -33.689 0.5
1 386.536 9.39148 -99.9881 0.5
1 343.818 132.525 -86.2028 0.5
1 352.63 133.944 73.9043 0.5
1 349.394 6.45909 -75.3696 0.5
1 351.073 164.842 -29.4444 0.5
1 351.6 23.7664 89.5056 0.5
1 355.696 49.8262 -99.3434 0.5
1 359.232 152.145 -24.2985 0.5
1 376.572 118.126 -36.7101 0.5
1 337.678 178.253 51.4014 0.5
1 347.985 54.3011 97.9133 0.5
1 370.721 -37.0199 -69.1231 0.5
1 338.998 122.503 94.6348 0.5
1 347.094 75.5788 -99.9983 0.5
1 370.29 93.6454 81.7053 0.5
1 340.68 7.19994 -59.8998 0.5
1 369.069 -61.8952 0.133041 0.5
1 355.264 124.307 78.2283 0.5
1 386.039 -91.1567 -5.12583 0.5
1 384.955 110.134 -9.52961 0.5
1 372.53 -63.0876 -30.6166 0.5
1 348.016 168.07 35.4641 0.5
1 363.448 18.7993 -95.6903 0.5
1 349.868 -14.055 -52.0021 0.5
1 339.095 27.2027 77.8064 0.5
1 379.997 -42.0648 -79.0538 0.5
1 348.458 173.746 -3.37742 0.5
1 341.848 -14.4291 -7.97267 0.5
1 370.94 0.959729 94.0776 0.5
1 352.835 123.605 81.8968 0.5
1 384.391 20.6688 -99.5848 0.5
1 388.773 -16.1527 -97.9533 0.5
1 381.61 73.5621 -82.0393 0.5
1 366.32 -36.1841 -61.2468 0.5
1 382.534 82.3816 73.6906 0.5
1 384.5 -88.1787 -9.42677 0.5
1 358.412 82.1035 96.6834 0.5
1 374.723 124.27 28.1411 0.5
1 357.124 -39.9077 16.0704 0.5
1 333.554 9.81714 43.9996 0.5
1 350.968 -30.2625 7.5093 0.5
1 357.369 41.3222 98.5363 0.5
1 381.244 -58.1934 65.9047 0.5
1 336.353 108.972 98.9864 0.5
1 362.001 131.026 -59.0815 0.5
1 342.711 3.41839 -59.5452 0.5
1 358.139 32.8631 -97.0347 0.5
1 366.247 59.251 -98.6694 0.5
1 382.781 -84.1977 -16.953 0.5
1 371.327 132.092 -20.3868 0.5
1 347.65 -24.558 -6.91604 0.5
1 341.339 179.171 36.661 0.5
1 342.998 9.47898 67.5005 0.5
1 363.484 -34.9243 56.2184 0.5
1 373.68 -9.57701 91.784 0.5
1 366.053 5.46925 92.5569 0.5
1 364.785 138.211 37.539 0.5
1 385.999 76.9451 73.1676 0.5
1 344.555 151.091 70.8923 0.5
1 379.535 -51.6458 -69.7874 0.5
1 355.477 47.1581 98.945 0.5
1 381.402 25.4724 -99.6182 0.5
1 367.02 -49.532 41.054 0.5
1 347.452 -20.3994 -28.1877 0.5
1 369.386 135.991 -17.6182 0.5
1 335.135 19.9777 63.923 0.5
1 340.868 132.445 -89.052 0.5
1 336.214 27.7953 -74.0418 0.5
1 385.828 -65.8496 -66.2267 0.5
1 381.86 -49.063 -75.9834 0.5
1 360.058 -45.0184 -15.8822 0.5
1 338.886 86.4075 -99.921 0.5
1 338.443 58.79 -94.6195 0.5
1 369.973 -31.4325 73.3482 0.5
1 354.202 154.245 -42.7734 0.5
1 371.787 -61.6384 -31.1184 0.5
1 353.736 -28.8602 -35.4084 0.5
1 334.098 106.703 99.6773 0.5
1 350.696 138.771 -72.5288 0.5
1 340.162 20.0822 73.2376 0.5
1 361.453 110.443 -80.6323 0.5
1 355.222 118.896 82.2965 0.5
1 350.378 -15.3405 51.3332 0.5
2 364.943 -12.9982 96.901 0.5
2 377.401 79.6942 28.6219 0.5
2 362.453 43.7252 51.4669 0.5
2 377.95 -114.576 10.9049 0.5
2 378.714 83.8645 21.2662 0.5
2 372.925 -118.358 -32.7582 0.5
2 337.211 -1.09374 53.2539 0.5
2 366.553 62.6025 -22.1561 0.5
2 354.5 7.00195 -77.8291 0.5
2 344.029 -157.043 -55.5995 0.5
2 367.214 2.80517 -93.0726 0.5
2 367.337 -2.84492 -95.1679 0.5
2 343.438 -80.1588 -99.8642 0.5
2 379.375 87.2388 -3.40498 0.5
2 380.629 57.6876 -73.1174 0.5
2 371.843 -41.827 -98.6991 0.5
2 361.733 -96.4039 84.7104 0.5
2 369.638 -76.9029 88.0874 0.5
2 354.035 -79.3362 97.3796 0.5
2 375.92 77.361 27.8319 0.5
2 354.512 -51.405 -99.9048 0.5
2 361.997 12.1293 -83.561 0.5
2 355.335 43.0843 22.5389 0.5
2 368.663 65.8646 23.8161 0.5
2 346.295 27.7349 -21.1666 0.5
2 368.243 -34.8641 -99.9585 0.5
2 352.239 -144.12 53.6095 0.5
2 364.751 -92.1535 -84.0895 0.5
2 378.331 -40.7428 96.4986 0.5
2 386.394 -98.5221 -20.0178 0.5
2 346.306 -169.86 4.91061 0.5
2 351.907 29.9258 -43.1609 0.5
2 375.342 69.215 45.7841 0.5
2 370.437 30.0254 81.3112 0.5
2 337.188 -127.435 90.9089 0.5
2 373.84 -73.1194 86.1186 0.5
2 373.903 -113.87 39.9129 0.5
2 335.899 -18.1664 -71.5702 0.5
2 378.222 -106.107 -40.5568 0.5
2 351.222 -161.355 4.69595 0.5
2 373.293 34.0036 81.996 0.5
2 333.901 -27.9047 -77.2002 0.5
2 333.485 -161.929 71.6665 0.5
2 380.452 -59.4801 87.3722 0.5
2 343.653 -174.574 0.679338 0.5
2 339.664 -164.543 -55.691 0.5
2 382.166 -105.187 -23.0049 0.5
2 342.387 -158.501 -57.6194 0.5
2 372.395 60.6802 51.9074 0.5
2 333.634 -176.346 -53.6085 0.5
2 369.167 -127.964 -21.8732 0.5
2 336.742 -3.55566 -55.7906 0.5
2 348.209 -128.677 -78.4665 0.5
2 341.758 -1.81478 -64.9414 0.5
2 363.372 -130.519 43.3892 0.5
2 376.847 77.5509 -32.3202 0.5
2 382.393 11.8484 -98.1149 0.5
2 373.852 65.0079 48.8119 0.5
2 356.406 22.9965 65.5919 0.5
2 348.334 -162.264 -28.6903 0.5
2 367.555 -72.8238 91.8047 0.5
2 378.859 -46.659 94.3763 0.5
2 384.101 93.5761 19.4331 0.5
2 381.777 -66.867 -81.2298 0.5
2 379.697 33.714 -88.8642 0.5
2 378.502 -61.9724 87.8597 0.5
2 347.623 22.264 -43.663 0.5
2 388.439 76.358 67.9556 0.5
2 375.493 -103.894 53.529 0.5
2 370.862 70.4887 -20.2047 0.5
2 346.045 -19.7213 -86.1873 0.5
2 374.968 -63.2794 -90.3101 0.5
2 357.518 -133.601 -55.7166 0.5
2 360.767 -143.322 17.8865 0.5
2 347.976 -130.664 77.1884 0.5
2 359.264 -140.166 -37.6805 0.5
2 359.562 -105.138 81.3788 0.5
2 353.817 -135.434 61.9978 0.5
2 344.392 26.7006 0.89256 0.5
2 383.279 57.4817 -77.3137 0.5
2 364.602 -138.239 3.24296 0.5
2 360.208 -106.358 -79.6562 0.5
2 359.688 -47.6307 99.9966 0.5
2 382.64 -32.3735 96.7399 0.5
2 342.562 16.7261 36.266 0.5
2 357.422 -30.5362 -97.9405 0.5
2 342.182 22.6409 -6.8527 0.5
2 384.253 23.6238 96.0353 0.5
2 338.678 -113.861 95.1812 0.5
2 364.471 51.3145 43.9328 0.5
2 335.156 -5.31904 54.2995 0.5
2 376.328 64.0123 57.2467 0.5
2 356.342 46.7798 -11.1338 0.5
2 347.863 -151.773 53.4933 0.5
2 374.954 42.3573 -77.8872 0.5
2 375.938 69.385 47.42 0.5
2 381.763 0.278405 -99.608 0.5
2 350.057 35.7461 -12.3898 0.5
2 385.226 -68.382 -75.2909 0.5
2 344.453 -149.623 64.4835 0.5
2 379.52 11.0516 -97.1986 0.5
2 366.744 4.10185 92.2151 0.5
2 372.415 -124.758 -0.0662047 0.5
2 367.436 -0.634754 94.4857 0.5
2 365.404 -67.7617 -95.1195 0.5
2 359.926 13.0696 -80.4024 0.5
2 340.521 -42.9413 92.8796 0.5
2 385.025 68.6384 69.8557 0.5
2 363.838 59.7548 -11.2124 0.5
2 352.871 37.311 -28.2692 0.5
2 341.167 -129.559 -86.2083 0.5
2 388.212 12.8444 -99.4741 0.5
2 386.917 59.0651 -80.9545 0.5
2 362.033 48.3642 -41.2296 0.5
2 388.773 103.135 -9.36068 0.5
2 346.981 23.2506 39.0473 0.5
2 375.594 18.7503 92.4974 0.5
2 351.5 -160.326 11.4549 0.5
2 362.353 -40.3383 -99.9829 0.5
2 336.205 -9.80538 62.9859 0.5
2 382.184 -107.834 0.806305 0.5
2 352.288 -159.216 -8.97783 0.5
2 345.799 -13.0075 -81.5668 0.5
2 370.78 -62.387 93.7508 0.5
2 341.751 -95.6126 98.4134 0.5
2 370.237 59.8413 46.7996 0.5
2 363.528 -58.5187 98.2987 0.5
2 370.556 57.7295 -51.5195 0.5
2 342.609 -11.7904 -76.3388 0.5
2 344.05 -173.022 13.1325 0.5
2 340.775 -75.9184 99.9336 0.5
2 375.79 -110.582 39.959 0.5
2 376.074 -115.499 23.9958 0.5
2 360.121 -124.472 62.0521 0.5
2 382.118 -106.582 -16.5002 0.5
2 358.677 24.0882 68.7253 0.5
2 379.201 50.6791 77.0999 0.5
2 341.58 -17.701 -79.6492 0.5
2 364.597 -49.9375 -99.3206 0.5
2 339.788 -113.95 -94.5097 0.5
2 383.248 63.4822 -71.9221 0.5
2 336.838 -89.1773 -99.9609 0.5
3 433.152 -184.262 -39.6297 0.5
3 385.18 6.8388 -11.9045 0.5
3 365.888 -118.745 -96.4811 0.5
3 403.546 0.722394 36.3165 0.5
3 340.761 -191.385 -14.5584 0.5
3 359.429 -119.325 -96.3209 0.5
3 434.91 -43.8875 -87.4167 0.5
3 430.645 -126.02 -94.1971 0.5
3 357.181 7.51836 -2.51196 0.5
3 408.471 -32.6259 -80.1316 0.5
3 437.666 -189.846 22.6715 0.5
3 431.709 -15.7868 -64.2086 0.5
3 395.151 -75.0809 98.48 0.5
3 441.484 -188.964 26.1728 0.5
3 412.334 6.21267 -16.2991 0.5
3 339.572 -77.2576 -98.8392 0.5
3 344.734 -160.421 73.3485 0.5
3 430.193 -131.544 -92.0415 0.5
3 347.28 -104.334 -99.2913 0.5
3 358.778 -28.6312 76.988 0.5
3 358.251 6.54845 14.117 0.5
3 431.941 -170.123 -62.9836 0.5
3 340.719 -30.2584 78.3083 0.5
3 387.386 -107.066 -98.9261 0.5
3 423.41 -99.0161 99.7842 0.5
3 371.844 -36.1137 -82.6209 0.5
3 369.866 7.41137 -5.26199 0.5
3 443.166 -9.83462 -56.3443 0.5
3 339.042 -12.1091 -59.5426 0.5
3 383.012 -19.2406 -68.1203 0.5
3 409.383 1.07032 35.4109 0.5
3 373.798 -190.286 20.6937 0.5
3 350.455 -135.548 -90.2361 0.5
3 370.793 -180.866 46.7188 0.5
3 387.872 -66.162 96.4828 0.5
3 354.661 -191.909 -10.3934 0.5
3 411.71 -4.15103 -46.9391 0.5
3 365.855 -154.733 -78.2357 0.5
3 406.509 -14.1706 62.228 0.5
3 356.129 -22.6726 -71.6317 0.5
3 405.485 -178.939 -50.1955 0.5
3 361.396 -123.468 -95.0679 0.5
3 394.49 -192.347 -4.53826 0.5
3 337.311 3.47797 -28.2455 0.5
3 368.639 -17.1941 -65.8524 0.5
3 411.057 2.98118 29.881 0.5
3 357.427 -38.6143 -84.2716 0.5
3 397.824 -125.087 -94.5243 0.5
3 349.885 -16.13 64.6161 0.5
3 379.464 -65.3904 -96.2693 0.5
3 370.075 -3.29085 45.2839 0.5
3 381.805 -87.1942 99.8618 0.5
3 432.131 -6.65332 51.3704 0.5
3 341.883 -33.13 -80.5054 0.5
3 399.877 5.86921 18.2569 0.5
3 409.248 2.64241 30.9422 0.5
3 400.133 -18.6117 -67.4381 0.5
3 434.786 -173.27 58.891 0.5
3 389.424 -64.8888 -96.1269 0.5
3 401.475 -182.015 44.4763 0.5
3 400.309 -85.9822 99.7906 0.5
3 383.549 -107.191 -98.9075 0.5
3 401 -69.0475 97.223 0.5
3 423.525 -2.78252 44.2688 0.5
3 357.665 6.3149 -15.6677 0.5
3 369.158 -119.727 96.2079 0.5
3 399.63 -191.584 -13.1304 0.5
3 393.521 1.81137 33.3883 0.5
3 420.391 3.449 28.3437 0.5
3 348.339 -19.3644 68.253 0.5
3 435.497 -95.802 -99.9438 0.5
3 442.207 -150.516 -81.4145 0.5
3 402.61 -45.1575 88.1102 0.5
3 383.931 -55.9163 -93.0875 0.5
3 352.405 -51.4712 91.218 0.5
3 363.977 -152.745 79.7778 0.5
3 371.46 -175.917 55.0747 0.5
3 383.311 -121.406 95.7159 0.5
3 414.812 -100.385 -99.6847 0.5
3 404.958 -168.88 64.4861 0.5
3 418.503 -169.619 -63.6002 0.5
3 337.574 -26.9733 -75.583 0.5
3 389.791 -185.139 -37.5342 0.5
3 372.303 -58.3145 -93.9934 0.5
3 406.542 -65.0032 -96.1596 0.5
3 437.08 -79.6659 -99.1795 0.5
3 420.929 -171.399 61.3766 0.5
3 424.827 -130.28 -92.5684 0.5
3 345.596 -188.958 26.1947 0.5
3 383.757 5.72519 -19.0162 0.5
3 354.812 -164.69 -69.1481 0.5
3 350.179 -10.8917 57.8639 0.5
3 368.512 -6.46545 -51.0553 0.5
3 433.296 -178.166 -51.5048 0.5
3 361.198 -89.5146 99.9569 0.5
3 345.972 0.00109575 -38.1153 0.5
3 371.793 -186.494 -33.996 0.5
3 431.14 -102.449 -99.4989 0.5
3 367.109 -96.8452 -99.9034 0.5
3 414.239 -192.427 -2.13549 0.5
3 416.275 -138.641 88.6926 0.5
3 402.909 -26.8782 75.5005 0.5
3 353.04 5.30241 -21.082 0.5
3 360.128 -178.198 -51.4525 0.5
3 391.732 -180.697 -47.0378 0.5
3 359.282 -183.204 41.9976 0.5
3 349.734 -108.371 98.7245 0.5
3 395.908 -97.9476 99.8488 0.5
3 381.178 -95.0274 -99.9668 0.5
3 350.173 7.49185 3.40709 0.5
3 370.552 -129.725 -92.7934 0.5
3 341.646 -192.38 -3.75241 0.5
3 340.505 -31.4446 -79.2359 0.5
3 349.188 -100.168 -99.7017 0.5
3 383.305 -137.202 89.4272 0.5
3 362.684 4.60663 -24.083 0.5
3 378.897 -73.2613 98.1417 0.5
3 378.34 -39.9079 -85.0842 0.5
3 352.922 -55.4003 92.8833 0.5
3 424.14 -11.4117 -58.5899 0.5
3 341.824 -97.104 -99.8916 0.5
3 346.935 3.27857 -28.9141 0.5
3 393.519 -182.931 -42.5811 0.5
3 388.187 -136.077 -89.9816 0.5
3 408.653 -174.51 57.1505 0.5
3 348.24 -184.104 39.9955 0.5
3 427.505 -55.803 -93.043 0.5
3 339.332 -192.199 -7.07709 0.5
3 340.873 -68.2844 97.0362 0.5
3 408.562 -178.443 51.0418 0.5
3 365.64 -192.391 -3.43359 0.5
3 341.134 -165.305 68.499 0.5
3 358.825 -130.321 -92.5514 0.5
3 377.891 -9.53224 55.8984 0.5
3 387.208 -179.063 -49.9816 0.5
3 408.369 -101.007 99.6332 0.5
3 375.054 -184.766 -38.4427 0.5
3 416.032 -170.267 -62.8053 0.5
3 409.765 7.20067 -8.3502 0.5
3 409.618 -192.398 3.22705 0.5
3 392.392 -113.669 -97.7229 0.5
3 375.251 -190.387 -20.2066 0.5
3 375.749 -90.0291 99.9707 0.5
3 394.869 -102.309 99.5128 0.5
3 390.329 2.34395 31.8448 0.5
3 395.549 -67.1157 96.7376 0.5
3 335.848 -192.106 -8.28881 0.5
3 382.087 -62.1474 -95.2982 0.5
3 386.915 -64.3088 95.9587 0.5
3 398.832 -158.659 -74.9429 0.5
3 437.673 -2.2533 -43.1803 0.5
3 383.418 -63.4179 95.6929 0.5
3 442.87 -28.048 -76.5008 0.5
3 377.99 -73.9083 98.266 0.5
3 356.423 -48.635 -89.8902 0.5
4 471.646 -40.0513 -9.85001 0.5
4 460.323 -76.1065 89.8752 0.5
4 470.445 -53.3874 -54.1078 0.5
4 451.556 -53.1882 85.6716 0.5
4 492.426 -123.196 85.1957 0.5
4 493.36 -225.017 -87.8131 0.5
4 447.216 -121.527 -97.0086 0.5
4 463.612 -31.2267 -32.9285 0.5
4 478.643 -173.642 -97.5595 0.5
4 477.905 -55.7552 -32.2672 0.5
4 495.644 -140.124 91.2054 0.5
4 496.568 -277.47 32.0062 0.5
4 449.671 -191.995 -42.5569 0.5
4 460.021 -145.52 96.5363 0.5
4 453.568 -80.3958 -96.0416 0.5
4 471.345 -238.82 -6.68305 0.5
4 483.5 -206.049 -88.8166 0.5
4 488.093 -161.287 99.7709 0.5
4 472.659 -72.5204 72.5727 0.5
4 471.875 -103.738 -93.2087 0.5
4 482.347 -85.9687 69.2609 0.5
4 465.59 -203.413 66.8875 0.5
4 454.891 -206.387 28.5322 0.5
4 470.465 -151.921 98.9576 0.5
4 460.274 -44.3265 65.5241 0.5
4 496.494 -102.316 59.617 0.5
4 446.653 -183.65 -48.6378 0.5
4 493.627 -260.312 -56.2559 0.5
4 452.939 -196.154 -45.6137 0.5
4 474.137 -242.278 17.8248 0.5
4 453.361 -167.416 80.3567 0.5
4 472.034 -197.654 81.8731 0.5
4 452.23 -6.63591 11.8243 0.5
4 466.87 -73.7224 81.7658 0.5
4 493.51 -171.715 -99.8363 0.5
4 449.523 -189.49 47.0427 0.5
4 449.968 -91.8232 -99.479 0.5
4 466.064 -30.4653 -10.6478 0.5
4 449.284 -4.37505 26.3815 0.5
4 480.28 -192.5 92.5066 0.5
4 492.079 -222.184 -88.1449 0.5
4 474.326 -239.719 -29.6221 0.5
4 488.492 -240.176 69.9803 0.5
4 450.172 -192.941 -42.3926 0.5
4 457.918 -199.873 54.1247 0.5
4 499.583 -225.868 -92.5334 0.5
4 491.206 -73.8579 -9.09039 0.5
4 489.217 -165.38 99.8933 0.5
4 484.887 -259.155 25.6441 0.5
4 473.652 -51.9198 41.1995 0.5
4 461.127 -74.2191 88.1998 0.5
4 494.843 -83.3176 -26.4978 0.5
4 450.259 -138.622 -93.2566 0.5
4 499.238 -144.586 -90.3924 0.5
4 477.716 -51.5987 17.3702 0.5
4 451.372 -5.80154 -16.3946 0.5
4 457.943 -16.8202 -14.0349 0.5
4 473.436 -179.759 92.8656 0.5
4 473.631 -126.185 98.5757 0.5
4 461.403 -220.326 17.2426 0.5
4 492.86 -90.2579 -50.9431 0.5
4 496.126 -213.78 94.804 0.5
4 474.747 -168.156 97.2666 0.5
4 466.386 -36.1326 -33.2198 0.5
4 497.853 -85.008 -3.1918 0.5
4 476.198 -49.9732 -22.3276 0.5
4 458.908 -132.436 -98.8784 0.5
4 445.36 -119.673 -96.6581 0.5
4 465.659 -214.589 52.0375 0.5
4 469.456 -230.049 33.3444 0.5
4 462.817 -222.046 20.9814 0.5
4 447.815 -31.0072 -73.9824 0.5
4 468.829 -43.2854 40.5726 0.5
4 472.085 -157.334 -98.5428 0.5
4 468.893 -34.8316 -2.65203 0.5
4 466.047 -35.0663 -31.8261 0.5
4 470.096 -72.9738 76.9155 0.5
4 495.78 -276.704 -30.1745 0.5
4 492.773 -207.986 -94.7992 0.5
4 481.103 -153.5 -99.9701 0.5
4 490.888 -144.666 -95.9333 0.5
4 451.542 -103.215 99.9883 0.5
4 476.296 -127.568 -97.9691 0.5
4 496.739 -132.622 86.367 0.5
4 483.937 -68.1283 37.4459 0.5
4 467.661 -128.538 99.9149 0.5
4 465.309 -113.5 -98.8552 0.5
4 486.256 -100.629 76.6368 0.5
4 494.039 -114.36 -76.8463 0.5
4 488.132 -267.692 -9.23248 0.5
4 495.876 -279.254 -21.2293 0.5
4 480.389 -153.425 99.9918 0.5
4 472.669 -233.868 -37.9206 0.5
4 452.764 -136.966 95.3603 0.5
4 482.701 -163.847 -99.8681 0.5
4 472.467 -44.6496 -26.8183 0.5
4 490.867 -151.75 97.7473 0.5
4 467.929 -199.779 74.5484 0.5
4 487.537 -224.4 -81.9476 0.5
4 469.815 -173.387 92.9057 0.5
4 484.767 -239.871 63.0986 0.5
4 496.99 -125.079 81.1879 0.5
4 468.165 -85.4995 87.7073 0.5
4 488.439 -250.265 57.7856 0.5
4 486.674 -227.247 -78.7339 0.5
4 489.62 -141.391 -95.6097 0.5
4 450.616 -125.404 -97.4899 0.5
4 495.219 -275.85 29.8016 0.5
4 477.907 -152.307 -99.982 0.5
4 485.368 -89.7389 -67.705 0.5
4 483.877 -250.988 -43.0906 0.5
4 452.504 -153.881 -88.0142 0.5
4 476.953 -50.2418 17.1685 0.5
4 476.067 -53.5636 -35.0464 0.5
4 476.511 -48.0442 3.25204 0.5
4 475.762 -66.8036 60.1471 0.5
4 465.259 -95.6468 94.4486 0.5
4 471.226 -238.043 12.5727 0.5
4 481.883 -114.356 -90.3121 0.5
4 494.694 -185.206 99.8362 0.5
4 469.726 -51.2703 -52.728 0.5
4 453.696 -199.164 -42.1368 0.5
4 475.893 -51.5621 -30.1102 0.5
4 494.041 -87.6208 42.0427 0.5
4 495.492 -203.275 97.4571 0.5
4 488.381 -186.224 -98.4259 0.5
4 465.112 -53.6522 66.5993 0.5
4 488.062 -264.092 27.6733 0.5
4 485.581 -177.709 -99.0141 0.5
4 444.831 -182.189 45.4603 0.5
4 479.558 -69.1467 -54.0697 0.5
4 460.077 -25.4222 -33.8288 0.5
4 478.663 -96.9637 -83.6772 0.5
4 479.927 -252.864 -14.4123 0.5
4 466 -161.527 -94.8285 0.5
4 494.609 -79.844 10.047 0.5
4 490.225 -93.3611 -62.0975 0.5
4 449.555 -14.7239 -50.0414 0.5
4 474.659 -104.651 -91.5935 0.5
4 477.124 -139.81 -99.5719 0.5
4 458.963 -145.474 96.0356 0.5
4 493.767 -273.312 29.8751 0.5
5 508.497 -231.62 81.7007 0.5
5 504.095 -98.3236 -55.3888 0.5
5 547.719 -150.094 89.7651 0.5
5 513.527 -111.909 -84.5883 0.5
5 536.949 -199.42 -66.4343 0.5
5 522.866 -97.7005 -85.7974 0.5
5 515.595 -174.594 99.1605 0.5
5 513.669 -182.285 98.4949 0.5
5 526.456 -234.829 -39.2469 0.5
5 538.975 -127.525 99.7978 0.5
5 525.002 -245.36 -1.36331 0.5
5 549.911 -11.8033 42.7054 0.5
5 523.612 -205.168 81.8925 0.5
5 534.061 -77.4371 -85.2682 0.5
5 549.478 -202.439 -10.3604 0.5
5 536.089 -63.0833 -77.5914 0.5
5 549.209 -9.08327 -33.1096 0.5
5 541.925 -104.588 99.3399 0.5
5 507.981 -269.581 -32.0379 0.5
5 527.497 -78.0052 -77.6241 0.5
5 554.525 -82.5201 99.3114 0.5
5 529.61 -233.763 26.6855 0.5
5 501.634 -187.559 99.9853 0.5
5 520.359 -251.315 -20.3702 0.5
5 535.057 -211.698 -54.6538 0.5
5 540.889 -187.641 71.6211 0.5
5 525.597 -44.5443 6.3846 0.5
5 542.116 -15.7806 -3.24691 0.5
5 540.05 -184.651 -75.6978 0.5
5 552.579 -194.48 24.8053 0.5
5 505.727 -126.608 85.3263 0.5
5 510.751 -151.965 98.3504 0.5
5 519.01 -59.0734 -25.5687 0.5
5 507.994 -240.927 -75.0407 0.5
5 535.94 -106.771 98.0494 0.5
5 541.925 -32.0456 54.2392 0.5
5 501.192 -122.337 -76.6089 0.5
5 514.53 -248.877 -52.08 0.5
5 540.184 -19.1317 -3.40197 0.5
5 534.484 -220.141 41.0314 0.5
5 539.468 -86.6531 94.1641 0.5
5 543.598 -25.0947 47.3735 0.5
5 511.738 -266.594 -18.6309 0.5
5 549.787 -5.55403 -24.7581 0.5
5 531.423 -138.76 -99.8982 0.5
5 518.045 -247.025 -44.3962 0.5
5 552.887 -195.348 -18.4956 0.5
5 515.545 -158.864 99.9583 0.5
5 540.827 -205.416 -48.4931 0.5
5 550.95 -68.6819 94.8273 0.5
5 545.766 -59.5009 -86.6568 0.5
5 540.586 -20.8521 -22.1052 0.5
5 529.395 -57.6737 -59.8825 0.5
5 508.281 -168.712 99.842 0.5
5 507.251 -77.0537 -13.6586 0.5
5 539.661 -21.0546 14.6198 0.5
5 548.078 -176 70.8229 0.5
5 514.213 -91.4061 -68.7154 0.5
5 507.598 -75.6649 5.48882 0.5
5 545.013 -128.302 98.4406 0.5
5 550.451 -3.7696 22.1268 0.5
5 542.589 -202.548 -48.1607 0.5
5 536.582 -52.7575 68.8157 0.5
5 536.075 -48.0498 -62.4009 0.5
5 500.363 -114.358 -67.6017 0.5
5 554.284 -156.754 78.3796 0.5
5 536.42 -157.957 94.6182 0.5
5 515.103 -112.154 86.3921 0.5
5 503.336 -274.437 40.2555 0.5
5 537.495 -29.893 34.5582 0.5
5 523.728 -151.266 99.9319 0.5
5 537.866 -192.928 71.5725 0.5
5 538.715 -221.159 9.56923 0.5
5 508.953 -196.304 -97.2868 0.5
5 506.547 -82.1788 30.7446 0.5
5 545.486 -168.583 -80.9648 0.5
5 535.98 -179.045 -84.9939 0.5
5 519.669 -55.7589 15.1285 0.5
5 518.205 -62.2635 31.5909 0.5
5 528.46 -178.508 92.0277 0.5
5 542.277 -174.274 -80.8679 0.5
5 538.004 -63.9321 -80.8 0.5
5 551.631 -51.5148 -87.8724 0.5
5 500.379 -273.344 52.1502 0.5
5 519.611 -99.6285 -83.4646 0.5
5 521.129 -252.046 2.52155 0.5
5 542.313 -205.558 -43.2326 0.5
5 555.135 -35.8209 -81.9148 0.5
5 535.169 -29.4718 -18.417 0.5
5 536.177 -42.2957 -54.6914 0.5
5 552.538 -190.956 36.041 0.5
5 530.197 -42.3695 -34.1081 0.5
5 553.728 -135.974 -91.4946 0.5
5 551.238 -142.999 -90.2489 0.5
5 534.02 -40.8735 45.8333 0.5
5 507.859 -135.175 91.7006 0.5
5 528.816 -170.883 94.7018 0.5
5 542.552 -108.812 99.81 0.5
5 543.755 -42.8141 -71.3404 0.5
5 525.988 -48.3935 30.3923 0.5
5 548.217 -158.786 -84.4055 0.5
5 501.601 -139.47 -88.5672 0.5
5 519.148 -156.811 99.9915 0.5
5 554.806 -174.586 -58.8662 0.5
5 543.222 -160.543 88.4093 0.5
5 519.556 -215.511 79.4638 0.5
5 537.372 -23.9835 2.78337 0.5
5 516.421 -109.237 -86.0199 0.5
5 506.028 -135.904 90.5989 0.5
5 528.495 -88.7345 -86.2616 0.5
5 513.037 -122.603 90.0472 0.5
5 551.894 -84.1131 -98.9167 0.5
5 531.863 -56.6102 -63.9522 0.5
5 511.574 -210.589 90.7704 0.5
5 527.644 -206.986 -74.9568 0.5
5 514.643 -195.922 94.5336 0.5
5 530.814 -232.108 -25.0767 0.5
5 506.861 -92.8683 54.3776 0.5
5 501.108 -95.0031 -39.7687 0.5
5 504.719 -256.596 64.8821 0.5
5 505.279 -80.8885 -16.4174 0.5
5 518.673 -150.632 -99.8374 0.5
5 518.284 -239.032 57.1995 0.5
5 549.099 -10.928 -37.4936 0.5
5 550.696 -172.199 -70.084 0.5
5 525.65 -47.5868 25.6216 0.5
5 521.641 -247.493 -26.9461 0.5
5 511.978 -254.3 -50.3973 0.5
5 506.201 -276.909 -14.2847 0.5
5 528.271 -226.225 -50.1477 0.5
5 520.545 -58.7653 -33.2063 0.5
5 541.196 -52.907 -76.4906 0.5
5 549.571 -9.60599 36.2227 0.5
5 525.705 -51.3466 37.2436 0.5
5 514.413 -153.26 -99.4523 0.5
5 512.766 -263.665 -23.9007 0.5
5 529.211 -179.467 91.0333 0.5
5 502.327 -192.325 99.7046 0.5
5 517.205 -140.21 -98.2426 0.5
5 548.161 -57.064 87.6206 0.5
5 554.094 -50.8421 -89.7316 0.5
5 537.287 -61.5073 77.9939 0.5
5 513.179 -69.7001 -27.4877 0.5
5 526.127 -214.697 70.1411 0.5
5 542.743 -169.72 83.4651 0.5
5 530.14 -143.745 -99.735 0.5
5 508.061 -179.488 -99.8859 0.5
5 528.18 -151.091 99.3679 0.5
5 552.054 -198.264 -7.09516 0.5
5 553.273 -196.399 0.977508 0.5
5 509.077 -83.767 45.2299 0.5
5 512.987 -68.7344 -22.4545 0.5
5 522.223 -194.565 89.6122 0.5
5 529.298 -39.3722 -16.9282 0.5
6 586.833 -9.64402 -56.0639 0.5
6 646.95 -154.73 78.2383 0.5
6 615.359 -189.419 24.433 0.5
6 556.07 1.44102 -34.416 0.5
6 619.407 -93.6399 -99.9929 0.5
6 643.673 -163.038 70.833 0.5
6 630.664 -119.232 -96.347 0.5
6 666.619 0.407759 37.1136 0.5
6 614.238 -177.422 -52.7238 0.5
6 572.342 -86.4811 99.8217 0.5
6 595.604 7.54756 0.68523 0.5
6 605.174 -91.9072 -99.9985 0.5
6 631.948 -149.454 -82.1617 0.5
6 573.888 -70.0616 97.4616 0.5
6 654.204 -156.91 76.4523 0.5
6 623.579 -192.439 -1.48747 0.5
6 594.955 -51.8305 -91.3786 0.5
6 619.589 -99.8553 99.7254 0.5
6 563.845 -150.39 81.5046 0.5
6 657.309 0.283856 37.4221 0.5
6 622.969 3.52081 28.0996 0.5
6 580.601 -88.5363 99.9234 0.5
6 578.928 -19.0393 67.9033 0.5
6 600.093 -45.5739 88.3325 0.5
6 664.356 -184.287 39.5725 0.5
6 575.788 2.41989 31.6178 0.5
6 606.642 -48.677 89.9106 0.5
6 563.233 -164.437 -69.4114 0.5
6 560.641 4.3175 -25.2197 0.5
6 640.151 -186.256 -34.6465 0.5
6 603.418 7.23768 7.89614 0.5
6 586.541 -83.5422 99.6025 0.5
6 656.479 -37.3387 -83.443 0.5
6 610.473 -188.617 27.4196 0.5
6 619.22 -106.559 98.9996 0.5
6 627.191 -96.6011 99.9138 0.5
6 560.397 7.44961 4.4777 0.5
6 564.351 -154.653 -78.2993 0.5
6 601.465 -184.433 39.2311 0.5
6 653.142 -189.878 -22.5356 0.5
6 666.408 -121.345 -95.7344 0.5
6 637.214 -189.304 24.8871 0.5
6 665.777 -176.215 54.6207 0.5
6 655.171 -14.2736 -62.3574 0.5
6 594.915 -74.0012 98.2835 0.5
6 576.49 -3.30633 45.3143 0.5
6 644.632 -3.88806 -46.441 0.5
6 638.138 -3.81934 46.3097 0.5
6 588.424 -46.2883 -88.7079 0.5
6 615.589 -110.558 -98.3468 0.5
6 660.4 -3.63575 45.9566 0.5
6 655.07 -67.1802 -96.7545 0.5
6 578.837 -176.669 53.9181 0.5
6 655.104 -70.9587 -97.6633 0.5
6 586.295 -104.573 99.2625 0.5
6 608.367 -118.882 -96.4435 0.5
6 578.249 -179.44 -49.3222 0.5
6 636.078 -159.423 -74.2604 0.5
6 648.4 -65.1455 -96.2001 0.5
6 583.577 -170.378 -62.6681 0.5
6 583.743 5.37247 -20.7545 0.5
6 622.898 -1.00192 40.4627 0.5
6 632.361 -151.744 80.5246 0.5
6 573.207 -99.9457 -99.7187 0.5
6 636.015 -158.275 75.28 0.5
6 629.818 -98.5304 -99.815 0.5
6 556.435 -107.535 -98.8557 0.5
6 662.388 -13.1253 60.8899 0.5
6 570.513 -171.275 -61.536 0.5
6 588.353 -109.438 98.5465 0.5
6 590.584 -66.5293 96.5822 0.5
6 588.093 6.20934 16.3192 0.5
6 655.705 -37.9759 -83.8604 0.5
6 589.109 -68.1551 97.0039 0.5
6 651.551 -119.974 96.1376 0.5
6 635.863 -47.4955 -89.3257 0.5
6 639.59 -192.408 -2.89931 0.5
6 664.974 -46.549 -88.8431 0.5
6 641.192 -169.982 -63.1572 0.5
6 618.217 -6.17946 50.5705 0.5
6 588.143 -191.826 11.159 0.5
6 624.265 -163.086 70.7852 0.5
6 652.261 -11.5454 -58.7743 0.5
6 640.764 -131.114 92.2231 0.5
6 602.608 -10.2193 56.9043 0.5
6 608.974 -183.339 -41.704 0.5
6 614.687 -10.7829 57.7102 0.5
6 623.704 -23.0099 71.9587 0.5
6 597.247 -79.875 99.2062 0.5
6 628.966 -122.276 95.4486 0.5
6 570.684 -0.0394177 38.2134 0.5
6 588.346 -170.4 -62.6403 0.5
6 556.488 -108.941 98.631 0.5
6 659.641 -17.6832 -66.4072 0.5
6 581.18 -0.553976 39.4348 0.5
6 562.343 -10.5855 57.4298 0.5
6 651.275 -47.2422 89.1978 0.5
6 615.092 -126.258 -94.1116 0.5
6 577.331 -70.895 97.6493 0.5
6 651.141 -190.116 21.4799 0.5
6 588.135 -51.6611 -91.3031 0.5
6 572.459 -7.23397 52.3279 0.5
6 652.955 -164.297 -69.5559 0.5
6 563.804 3.13756 -29.3769 0.5
6 557.996 -2.87841 44.4625 0.5
6 647.054 7.0872 -9.60877 0.5
6 584.817 -8.24906 -53.9461 0.5
6 650.064 -158.397 -75.1728 0.5
6 561.379 -87.784 99.8911 0.5
6 606.594 -188.531 27.7217 0.5
6 659.384 -155.125 77.9221 0.5
6 623.677 -71.9678 97.8799 0.5
6 659.348 -192.423 -2.31092 0.5
6 595.396 -166.107 -67.6362 0.5
6 583.462 7.54581 -0.905276 0.5
6 622.251 -156.403 76.8769 0.5
6 608.216 4.49299 24.5365 0.5
6 649.365 -192.334 -4.81833 0.5
6 640.255 -51.862 91.3926 0.5
6 642.173 -84.7475 -99.7029 0.5
6 555.913 -65.4727 96.2924 0.5
6 589.662 -183.566 -41.2053 0.5
6 627.718 -117.031 -96.9318 0.5
6 600.03 7.50035 3.14794 0.5
6 606.935 -148.978 82.4898 0.5
6 620.666 -154.558 78.3746 0.5
6 589.638 -136.385 -89.8317 0.5
6 575.536 -87.0623 -99.8548 0.5
6 583.457 -72.8972 -98.0698 0.5
6 643.797 -9.64699 56.0682 0.5
6 622.399 -173.127 -59.0863 0.5
6 624.931 -188.22 28.7762 0.5
6 597.558 -79.6493 -99.1773 0.5
6 638.353 -192.382 3.69997 0.5
6 585.976 7.52703 -2.13927 0.5
6 652.842 -122.006 -95.5324 0.5
6 596.992 -132.359 -91.6913 0.5
6 626.422 -34.037 81.1659 0.5
6 561.385 7.31051 6.91537 0.5
6 561.906 -160.602 73.1797 0.5
6 628.603 -32.2152 79.8233 0.5
6 650.02 -176.116 54.773 0.5
6 580.253 -171.067 -61.801 0.5
6 603.732 -5.52751 49.4415 0.5
6 575.525 -36.6282 82.9694 0.5
6 620.176 -178.071 51.6631 0.5
6 619.963 7.48968 -3.47035 0.5
6 578.853 3.48933 28.2069 0.5
6 576.13 -161.822 72.0243 0.5
6 628.162 2.63328 -30.9702 0.5
6 612.499 -177.714 52.2506 0.5
6 647.777 5.74447 -18.9164 0.5
6 626.275 -187.204 31.9635 0.5
6 654.033 -56.2142 -93.2039 0.5
6 660.186 -192.405 3.00786 0.5
6 560.372 -164.198 -69.6583 0.5
6 572.773 4.09776 26.0483 0.5
7 644.776 -137.344 56.0603 0.5
7 631.483 -120.514 -45.5898 0.5
7 611.65 54.846 -85.4138 0.5
7 646.904 41.5384 6.93505 0.5
7 618.743 56.8726 74.8471 0.5
7 641.193 -7.23355 -91.166 0.5
7 647.959 -152.933 37.0465 0.5
7 656.236 -141.565 74.0727 0.5
7 653.152 -48.3128 97.8281 0.5
7 650.793 -164.475 -9.79945 0.5
7 627.518 75.3546 0.76446 0.5
7 651.832 -16.5128 86.4619 0.5
7 612.133 -76.0335 -62.53 0.5
7 616.515 -76.722 70.2824 0.5
7 621.897 42.8476 81.6366 0.5
7 613.937 -50.1514 -87.1539 0.5
7 651.647 -65.0658 99.9906 0.5
7 612.361 26.0095 -96.9776 0.5
7 613.39 -19.0543 -98.2012 0.5
7 645.749 37.0569 -36.0493 0.5
7 644.357 -76.5037 -97.3905 0.5
7 660.581 -51.3721 95.2236 0.5
7 652.935 -132.988 -76.5686 0.5
7 630.831 -95.0809 76.2483 0.5
7 662.026 -81.8145 -99.9662 0.5
7 619.542 -85.9332 66.0238 0.5
7 648.073 -159.341 -13.4142 0.5
7 646.263 42.2262 11.506 0.5
7 648.19 3.66627 -76.743 0.5
7 649.431 -120.604 -81.457 0.5
7 642.906 -63.2905 -99.278 0.5
7 618.179 -70.6423 -78.3211 0.5
7 615.827 -16.6074 -99.2513 0.5
7 655.211 -158.386 51.4006 0.5
7 615.176 -81.4084 -62.3994 0.5
7 615.044 -98.5211 -29.7136 0.5
7 635.042 -20.4961 -98.5136 0.5
7 644.872 43.3387 19.7075 0.5
7 648.047 -145.128 52.7945 0.5
7 642.998 48.1469 -8.91288 0.5
7 641.301 21.3108 71.5839 0.5
7 625.482 -120.967 -5.46078 0.5
7 625.394 44.9069 75.2399 0.5
7 641.931 -108.019 81.166 0.5
7 651.485 24.911 41.3153 0.5
7 661.736 -60.2895 -97.1702 0.5
7 656.425 20.6915 29.9704 0.5
7 615.731 -97.2736 -36.6391 0.5
7 635.547 -75.857 92.7802 0.5
7 641.63 -109.725 79.516 0.5
7 664.136 -42.5838 89.0579 0.5
7 630.725 -18.1315 -99.2695 0.5
7 636.72 -140.563 -1.90462 0.5
7 615.047 17.9329 -97.7755 0.5
7 659.223 -70.2613 -99.5669 0.5
7 629.249 -102.672 66.1085 0.5
7 636.384 -39.1685 -99.9965 0.5
7 641.08 -126.551 62.0518 0.5
7 630.872 -127.444 -24.3398 0.5
7 611.556 -21.4188 -96.9715 0.5
7 665.252 -138.731 -87.3228 0.5
7 612.721 -88.8148 43.9955 0.5
7 626.574 -117.107 33.8425 0.5
7 649.921 34.7577 18.8655 0.5
7 659.218 -54.1337 96.7164 0.5
7 626.569 -70.5661 87.9622 0.5
7 612.511 26.606 96.7582 0.5
7 635.884 -102.334 77.4965 0.5
7 651.467 -13.5988 85.0954 0.5
7 617.73 90.3378 -19.7624 0.5
7 631.382 -126.268 31.4298 0.5
7 654.308 -43.5851 96.1561 0.5
7 641.504 -138.823 -43.678 0.5
7 660.599 -156.828 66.2708 0.5
7 617.594 56.8726 76.5646 0.5
7 632.499 -115.702 -56.6135 0.5
7 665.206 -167.739 -62.8033 0.5
7 616.585 91.1132 -25.0235 0.5
7 647.242 41.074 -4.89754 0.5
7 627.114 -107.584 -54.8109 0.5
7 661.327 -78.1385 99.8717 0.5
7 645.225 -153.084 20.9887 0.5
7 650.962 -163.823 16.8269 0.5
7 619.045 -108.917 -14.4528 0.5
7 643.764 -21.7465 95.0621 0.5
7 624.412 -95.3016 64.9473 0.5
7 662.421 -101.093 98.7121 0.5
7 611.764 102.57 -3.85156 0.5
7 633.15 36.0204 71.0031 0.5
7 630.036 18.027 88.2506 0.5
7 630.845 -125.43 31.1484 0.5
7 620.774 34.7759 -87.8697 0.5
7 622.134 -115.157 -5.66077 0.5
7 625.721 71.3524 37.0526 0.5
7 626.117 34.2031 -82.5647 0.5
7 622.019 -89.5433 -66.7904 0.5
7 660.342 -177.539 27.8524 0.5
7 637.491 -141.5 9.12445 0.5
7 653.658 -169.855 -3.58788 0.5
7 662.584 -31.3402 -84.1415 0.5
7 660.844 -78.3021 -99.9174 0.5
7 646.007 6.64086 -77.4092 0.5
7 642.786 44.4845 29.4253 0.5
7 631.688 -9.90583 97.5592 0.5
7 646.969 40.4893 15.3044 0.5
7 621.066 -15.5181 99.979 0.5
7 654.213 25.1601 27.8631 0.5
7 660.421 -143.683 78.4198 0.5
7 664.893 -7.61415 -57.5739 0.5
7 663.051 -44.8847 91.0717 0.5
7 637.05 -103.983 77.7977 0.5
7 631.973 -113.676 58.2013 0.5
7 629.62 -48.9736 -97.8363 0.5
7 624.914 -33.0293 -99.1648 0.5
7 644.645 -135.243 -58.7319 0.5
7 631.774 36.0126 -73.2971 0.5
7 629.092 -127.296 -3.82572 0.5
7 647.679 36.5559 27.5922 0.5
7 621.378 -105.132 41.186 0.5
7 615.736 -5.42971 99.9929 0.5
7 612.28 101.514 -6.8867 0.5
7 666.546 -168.503 64.6859 0.5
7 638.254 -23.4502 98.0228 0.5
7 653.596 28.626 -17.6089 0.5
7 620.553 87.0215 8.92838 0.5
7 649.618 -155.435 37.9644 0.5
7 641.422 2.14911 86.0916 0.5
7 643.306 -89.1992 92.819 0.5
7 648.267 -86.8402 -96.4906 0.5
7 650.9 -45.1388 97.979 0.5
7 640.25 51.1931 20.4448 0.5
7 619.336 41.3421 -85.5299 0.5
7 638.705 -112.807 -72.5829 0.5
7 647.866 -8.99363 -86.0806 0.5
7 613.208 70.6583 70.9051 0.5
7 631.208 47.0424 -62.4817 0.5
7 623.343 49.7235 -74.1147 0.5
7 617.907 -8.01569 -100 0.5
7 665.339 -104.331 -98.9895 0.5
7 653.912 -124.056 -84.3591 0.5
7 653.91 -153.111 -56.1384 0.5
7 638.059 -23.1939 -98.0392 0.5
7 617.196 27.8332 93.8246 0.5
7 626.164 65.6695 47.5576 0.5
8 625.562 124.846 -27.8586 0.5
8 656.09 -16.3104 -19.946 0.5
8 637.433 -47.7175 -23.9735 0.5
8 649.853 79.2692 99.6474 0.5
8 634.95 141.365 26.9525 0.5
8 625.479 -49.715 62.1068 0.5
8 622.714 -25.5132 86.9543 0.5
8 637.219 62.3368 -99.106 0.5
8 666.344 196.765 -22.9791 0.5
8 633.209 100.942 -80.8189 0.5
8 627.538 132.01 6.59428 0.5
8 628.399 105.137 -69.995 0.5
8 633.772 19.7427 -97.2519 0.5
8 615.111 67.351 82.4071 0.5
8 666.32 148.558 87.0836 0.5
8 665.96 188.502 44.151 0.5
8 645.782 -1.77385 -75.4755 0.5
8 629.185 118.63 54.9504 0.5
8 648.186 15.9515 -85.3924 0.5
8 656 175.749 33.4934 0.5
8 653.951 88.3908 -99.4562 0.5
8 638.211 130.837 59.8346 0.5
8 651.218 -26.2581 -9.99168 0.5
8 634.91 79.6471 93.8047 0.5
8 615.914 79.2471 -74.0982 0.5
8 634.219 134.595 -41.9076 0.5
8 654.281 115.998 92.7225 0.5
8 659.393 61.161 96.4958 0.5
8 644.964 -37.3784 6.49977 0.5
8 666.494 181.599 57.3811 0.5
8 614.069 92.3781 -55.0564 0.5
8 644.241 161.151 1.1221 0.5
8 630.552 47.8422 -99.4582 0.5
8 658.094 105.977 97.8073 0.5
8 650.625 172.022 6.19866 0.5
8 624.039 110.837 53.207 0.5
8 611.87 -87.8573 -36.8899 0.5
8 627.177 67.5126 93.3296 0.5
8 641.54 -27.17 54.7968 0.5
8 627.195 -21.1935 84.9076 0.5
8 663.503 194.439 4.02512 0.5
8 652.28 -19.2108 33.3007 0.5
8 612.698 -17.9322 96.9634 0.5
8 649.007 163.581 -33.6486 0.5
8 645.473 29.6202 94.1605 0.5
8 613.186 69.1517 78.6318 0.5
8 616.684 -47.6756 -79.1607 0.5
8 640.372 148.412 -34.2401 0.5
8 644.607 -30.3967 38.7478 0.5
8 663.229 51.2297 -90.3705 0.5
8 643.08 84.6358 96.697 0.5
8 641.033 151.308 -28.984 0.5
8 621.398 67.2948 -88.9457 0.5
8 647.967 -23.946 40.2142 0.5
8 636.643 137.673 -44.2539 0.5
8 614.193 67.4105 -81.2491 0.5
8 665.938 96.5128 99.9752 0.5
8 616.832 -56.7827 -70.9537 0.5
8 650.843 52.4225 -97.9447 0.5
8 655.235 -0.125379 -59.5639 0.5
8 645.563 141.8 -62.1354 0.5
8 639.047 152.117 2.99749 0.5
8 657.815 48.4402 93.2066 0.5
8 665.055 2.17771 31.1303 0.5
8 648.674 -10.1976 -61.2686 0.5
8 612.467 103.334 23.4582 0.5
8 617.987 -74.3845 -43.4483 0.5
8 641.697 48.8235 99.6853 0.5
8 632.103 -29.6081 -71.6668 0.5
8 625.159 -71.177 -11.9502 0.5
8 647.439 33.3945 94.2921 0.5
8 625.4 -17.7834 88.6315 0.5
8 645.206 13.2749 -86.8581 0.5
8 664.611 188.257 39.6203 0.5
8 648.24 145.791 -62.9424 0.5
8 642.032 5.16732 -85.3166 0.5
8 622.38 118.634 -30.1698 0.5
8 635.398 7.40339 -92.3176 0.5
8 644.489 53.451 -99.6684 0.5
8 629.716 -49.5249 51.823 0.5
8 630.574 -61.165 16.3757 0.5
8 634.005 113.948 70.9009 0.5
8 665.219 -0.907357 -17.8132 0.5
8 647.109 150.246 54.0715 0.5
8 620.032 107.956 46.1214 0.5
8 623.668 -63.8666 44.8242 0.5
8 660.644 -2.63089 -38.7216 0.5
8 622.123 122.257 -10.8543 0.5
8 614.872 -83.901 -33.5902 0.5
8 628.799 100.73 74.8454 0.5
8 646.377 142.977 -62.4277 0.5
8 656.804 77.2324 -99.8383 0.5
8 664.763 -3.04997 -7.03492 0.5
8 651.072 -19.7418 37.4307 0.5
8 646.433 -34.9202 5.01621 0.5
8 652.147 174.279 10.682 0.5
8 661.556 75.5269 98.7723 0.5
8 629.904 -63.5176 -5.59135 0.5
8 623.379 63.5593 -92.2771 0.5
8 661.244 187.851 23.3218 0.5
8 618.13 -58.6109 -66.6584 0.5
8 629.404 118.785 -55.2887 0.5
8 620.503 1.9924 -98.3575 0.5
8 634.786 133.923 -45.3195 0.5
8 663.693 40.325 83.8281 0.5
8 659.666 183.549 29.0946 0.5
8 664.896 126.03 -95.673 0.5
8 637.4 -48.6015 -20.3407 0.5
8 624.096 121.38 -30.8753 0.5
8 657.461 12.1206 69.4651 0.5
8 660.96 -9.15737 -12.036 0.5
8 654.811 36.7846 -90.4341 0.5
8 621.42 87.307 -75.4089 0.5
8 619.087 91.9428 66.8709 0.5
8 663.195 15.268 61.6702 0.5
8 641.941 -19.652 64.0136 0.5
8 614.478 108.816 -12.5445 0.5
8 657.309 5.28023 61.9352 0.5
8 613.321 16.3537 99.6163 0.5
8 644.291 -18.574 -60.2411 0.5
8 627.388 83.8716 85.4747 0.5
8 659.795 3.01096 -52.5373 0.5
8 634.634 132.01 48.4257 0.5
8 642.775 -19.8351 62.0088 0.5
8 613.384 -41.3105 87.1601 0.5
8 657.761 164.027 -60.7243 0.5
8 622.916 87.0815 -77.7726 0.5
8 665.071 168.833 69.8133 0.5
8 635.178 143.214 21.0804 0.5
8 618.301 -77.6207 -34.5321 0.5
8 645.906 140.062 64.968 0.5
8 658.483 12.7387 -68.2519 0.5
8 632.033 60.2458 -97.9316 0.5
8 659.899 111.362 -97.2991 0.5
8 655.689 167.253 -50.5757 0.5
8 663.036 2.15699 40.2219 0.5
8 660.89 14.0089 65.0102 0.5
8 621.815 29.6812 -99.7283 0.5
8 643.739 -11.6907 69.4201 0.5
8 660.183 113.257 96.9559 0.5
8 616.01 81.3323 72.3121 0.5
8 634.32 67.1038 97.2881 0.5
8 613.06 -38.3277 -89.0602 0.5
8 632.547 71.3962 95.2374 0.5
8 628.044 133.018 4.12146 0.5
8 639.696 38.7712 98.941 0.5
8 617.652 10.7637 -99.9058 0.5
8 642.639 59.8104 99.9898 0.5
8 628.299 -66.1644 7.61138 0.5
8 619.044 -77.3279 -31.6982 0.5
8 646.234 -4.78488 -72.0029 0.5
8 622.291 74.8355 85.6004 0.5
8 613.602 97.7768 -44.2276 0.5
8 621.176 55.9722 -93.7629 0.5
8 619.666 87.5888 -72.3847 0.5
9 705.387 87.487 99.214 0.5
9 871.872 4.56182 -29.8589 0.5
9 822.615 22.8 -63.5623 0.5
9 671.044 185.453 -51.9399 0.5
9 874.002 197.121 -23.8238 0.5
9 732.97 145.079 89.263 0.5
9 984.844 20.1179 -60.1569 0.5
9 835.768 0.879382 13.2327 0.5
9 689.057 60.6 -91.911 0.5
9 705.162 17.1642 56.02 0.5
9 972.649 1.9937 19.8687 0.5
9 827.329 182.644 -56.303 0.5
9 800.537 139.777 91.7486 0.5
9 709.623 156.689 -82.3794 0.5
9 761.511 110.714 -99.4244 0.5
9 700.636 192.045 -39.0851 0.5
9 980.615 85.4823 98.9406 0.5
9 884.026 200 0.244027 0.5
9 984.43 142.162 -90.6775 0.5
9 671.859 182.475 -56.5491 0.5
9 762.87 80.8785 -98.1548 0.5
9 926.907 15.8165 53.9735 0.5
9 754.467 199.245 -12.2676 0.5
9 787.605 157.19 -82.0325 0.5
9 875.488 9.07433 41.6236 0.5
9 963.52 197.272 23.1975 0.5
9 696.987 185.71 -51.5144 0.5
9 862.507 80.8245 -98.1443 0.5
9 815.466 184.309 -53.7773 0.5
9 825.483 20.3326 60.4409 0.5
9 703.163 48.9981 -86.0163 0.5
9 976.58 129.32 95.6051 0.5
9 728.45 152.784 -84.9345 0.5
9 851.985 1.48683 -17.1801 0.5
9 825.555 66.6266 -94.2667 0.5
9 996.261 95.7623 99.9102 0.5
9 919.867 14.4279 51.7437 0.5
9 855.994 58.0222 -90.7627 0.5
9 856.939 156.513 82.5002 0.5
9 898.879 179.168 61.0941 0.5
9 676.215 150.708 86.19 0.5
9 762.77 42.887 -82.086 0.5
9 670.166 141.578 90.9467 0.5
9 942.276 140.989 91.2137 0.5
9 734.115 123.824 97.1207 0.5
9 898.692 24.8796 66.007 0.5
9 861.889 117.454 -98.465 0.5
9 818.808 147.452 -88.0244 0.5
9 962.28 5.26773 -32.0281 0.5
9 910.577 105.835 99.8296 0.5
9 867.474 89.986 99.4973 0.5
9 954.774 197.441 -22.4796 0.5
9 960.765 9.52609 -42.5966 0.5
9 820.43 69.3179 95.1767 0.5
9 941.124 11.89 47.293 0.5
9 989.611 154.085 -84.1117 0.5
9 794.522 197.07 -24.0308 0.5
9 733.305 154.605 -83.7756 0.5
9 747.407 36.9385 77.6096 0.5
9 973.455 117.345 98.4843 0.5
9 838.589 189.843 43.9123 0.5
9 902.944 170.052 71.3632 0.5
9 683.075 33.1952 74.4118 0.5
9 764.274 45.1273 83.6002 0.5
9 835.125 68.4804 94.9026 0.5
9 947.939 168.828 -72.5447 0.5
9 706.574 197.983 19.9841 0.5
9 942.443 173.21 -68.1193 0.5
9 713.238 0.0164723 1.81499 0.5
9 805.034 26.401 67.6992 0.5
9 959.327 28.7473 -70.1644 0.5
9 800.259 165.35 75.6927 0.5
9 696.76 152.499 85.1111 0.5
9 817.821 131.608 -94.8733 0.5
9 848.26 118.455 -98.2823 0.5
9 894.332 39.5795 79.6829 0.5
9 687.702 23.0617 -63.8788 0.5
9 992.549 118.932 98.1915 0.5
9 830.386 180.031 -59.9592 0.5
9 908.8 199.627 -8.62905 0.5
9 978.579 20.0186 60.0248 0.5
9 693.474 199.999 0.347495 0.5
9 897.712 9.68026 42.9225 0.5
9 835.787 175.485 -65.5895 0.5
9 905.265 0.0768309 3.91922 0.5
9 869.931 55.0422 -89.3241 0.5
9 674.958 41.1563 -80.8543 0.5
9 767.049 138.45 92.3127 0.5
9 721.004 43.76 82.6865 0.5
9 983.057 158.683 -80.9708 0.5
9 881.819 0.101044 4.49428 0.5
9 836.399 190.159 43.2592 0.5
9 811.397 5.98949 -34.0885 0.5
9 743.425 54.9735 -89.2895 0.5
9 981.921 188.641 46.2905 0.5
9 694.391 156.997 -82.1664 0.5
9 948.718 45.9499 -84.1343 0.5
9 892.083 186.455 -50.2544 0.5
9 668.859 101.492 99.9889 0.5
9 958.072 106.659 -99.7781 0.5
9 944.786 141.334 -91.0575 0.5
9 839.772 127.011 96.2829 0.5
9 696.962 178.258 -62.2545 0.5
9 861.666 158.313 81.2378 0.5
9 684 176.005 64.9864 0.5
9 820.367 120.958 -97.7791 0.5
9 746.189 2.06143 20.1999 0.5
9 766.134 45.7449 84.0023 0.5
9 882.369 20.7335 60.9658 0.5
9 816.895 184.072 -54.1469 0.5
9 735.335 113.991 99.0164 0.5
9 803.7 193.161 -36.3451 0.5
9 973.851 147.981 -87.737 0.5
9 694.838 177.584 63.0932 0.5
9 959.804 177.998 62.581 0.5
9 883.169 176.595 64.2904 0.5
9 895.775 24.9192 66.052 0.5
9 815.1 173.377 -67.9398 0.5
9 917.821 199.066 -13.6366 0.5
9 688.08 109.57 -99.5411 0.5
9 669.595 70.5695 95.5712 0.5
9 676.841 199.113 13.2917 0.5
9 682.923 1.15288 15.1409 0.5
9 879.847 42.8886 82.0871 0.5
9 970.532 6.15322 -34.5367 0.5
