0 299.643 90.3629 11.4946 0.5
0 300.239 103.683 14.5409 0.5
0 321.496 114.967 0.996839 0.5
0 136.231 97.0976 -14.7165 0.5
0 175.408 92.7465 13.1296 0.5
0 163.139 114.226 4.75555 0.5
0 311.219 114.989 0.562684 0.5
0 243.266 85.8782 -5.05717 0.5
0 184.883 89.8103 11.0077 0.5
0 167.548 103.349 -14.6213 0.5
0 195.828 106.04 -13.73 0.5
0 62.2724 92.2615 12.8497 0.5
0 326.475 92.8395 13.1805 0.5
0 296.484 85.4598 -3.68563 0.5
0 91.2623 87.7971 8.72291 0.5
0 203.412 97.1553 -14.7278 0.5
0 7.12862 97.0763 14.7123 0.5
0 32.493 114.13 5.0339 0.5
0 329.94 85.1681 -2.23929 0.5
0 1.95673 87.2808 7.95124 0.5
0 162.577 88.2824 9.36477 0.5
0 29.201 92.6206 -13.0593 0.5
0 153.904 108.458 12.3879 0.5
0 54.1603 90.0156 11.1943 0.5
0 20.7852 101.936 14.8745 0.5
0 286.779 86.6769 6.89164 0.5
0 155.733 85.0229 0.828561 0.5
0 308.939 85.9502 5.25379 0.5
0 123.144 85.2053 2.47319 0.5
0 279.813 110.69 10.5224 0.5
0 34.4521 95.7123 -14.3741 0.5
0 320.253 87.8944 -8.85749 0.5
0 73.1544 85.1408 -2.05073 0.5
0 196.99 85.4757 -3.74747 0.5
0 162.091 89.5268 -10.7383 0.5
0 67.2374 93.3756 -13.458 0.5
0 193.26 89.3436 -10.5566 0.5
0 27.2716 90.7095 -11.7765 0.5
0 292.451 86.3662 6.25449 0.5
0 83.8624 106.509 13.5142 0.5
0 76.1006 108.224 -12.5443 0.5
0 284.068 91.8814 12.613 0.5
0 330.815 91.0242 12.0181 0.5
0 217.131 114.401 4.19593 0.5
0 147.187 92.4008 -12.9326 0.5
0 284.259 86.3906 -6.30746 0.5
0 36.4447 112.141 -8.80872 0.5
0 63.8792 100.199 -14.9987 0.5
0 105.56 114.643 -3.2509 0.5
0 119.795 110.765 -10.4459 0.5
0 93.7902 94.974 14.1329 0.5
0 57.2049 87.2718 7.93673 0.5
0 69.8258 106.469 13.5334 0.5
0 60.2045 88.0987 -9.13009 0.5
0 5.35831 114.557 -3.61702 0.5
0 308.53 112.535 -8.23852 0.5
0 123.768 87.7825 -8.70247 0.5
0 128.908 114.993 0.459766 0.5
0 69.6295 113.78 5.92601 0.5
0 301.841 91.1468 -12.1087 0.5
0 306.794 114.612 3.39042 0.5
0 33.15 104.578 -14.2842 0.5
0 296.143 95.0284 -14.1522 0.5
0 95.1523 103.576 14.5675 0.5
0 254.79 111.626 9.47857 0.5
0 213.919 90.9332 11.9496 0.5
0 102.089 96.0189 -14.4621 0.5
0 116.954 100.08 -14.9998 0.5
0 134.369 93.1563 13.3478 0.5
0 15.3005 103.39 14.6118 0.5
0 183.158 86.8534 7.22263 0.5
0 138.281 98.3555 -14.9096 0.5
0 21.4107 86.2272 -5.94232 0.5
0 284.118 114.807 -2.40018 0.5
0 259.599 105.788 -13.8385 0.5
0 110.092 89.3379 -10.5508 0.5
0 246.61 114.775 2.59026 0.5
0 97.4857 88.4403 -9.55893 0.5
0 69.372 96.3352 -14.5454 0.5
0 125.241 110.379 -10.8294 0.5
0 125.136 113.314 -6.90984 0.5
0 154.995 114.972 -0.919184 0.5
0 233.149 87.6655 8.53579 0.5
0 317.299 91.3691 12.2682 0.5
0 235.436 113.686 -6.13858 0.5
0 220.892 107.241 -13.1364 0.5
0 85.3446 114.025 5.31898 0.5
0 205.948 107.135 13.1945 0.5
0 152.237 113.289 -6.9568 0.5
0 194.22 110.827 -10.3818 0.5
0 81.3739 107.149 13.187 0.5
0 85.9602 114.847 2.13941 0.5
0 34.2632 86.0586 -5.53511 0.5
0 172.368 85.9108 -5.1473 0.5
0 106.607 114.913 1.61285 0.5
0 122.665 91.6554 -12.4647 0.5
0 116.835 114.833 -2.23153 0.5
0 277.307 114.998 -0.221437 0.5
0 61.9734 87.2673 -7.92963 0.5
0 288.619 85.9182 -5.16751 0.5
0 331.347 94.97 -14.1315 0.5
0 152.66 89.1282 10.3346 0.5
0 50.4995 112.088 8.88116 0.5
0 109.021 114.234 -4.73221 0.5
0 21.9618 85.2533 -2.7449 0.5
0 297.632 102.87 14.7228 0.5
0 298.615 102.413 14.8046 0.5
0 65.9907 91.4022 -12.2914 0.5
0 64.509 86.9931 -7.47135 0.5
0 163.552 101.063 -14.9623 0.5
0 314.283 91.8649 -12.6024 0.5
0 199.369 112.409 -8.42668 0.5
0 42.0224 98.8094 14.9527 0.5
0 180.478 88.7267 9.89503 0.5
0 10.5765 99.5095 -14.992 0.5
0 91.6949 109.464 11.6373 0.5
0 107.734 112.848 -7.74153 0.5
0 241.943 104.228 14.3917 0.5
0 145.938 90.2763 -11.4214 0.5
0 17.2168 96.606 -14.611 0.5
0 51.3686 100.989 14.9674 0.5
0 128.41 87.7522 8.65969 0.5
0 195.947 96.8405 14.6635 0.5
0 301.654 112.989 -7.50176 0.5
0 5.76288 89.4391 -10.6521 0.5
0 67.7215 100.369 -14.9955 0.5
0 148.568 100.589 -14.9884 0.5
0 163.929 101.978 14.869 0.5
0 273.323 93.0966 13.317 0.5
0 288.216 87.2235 7.85879 0.5
0 33.6504 87.458 -8.22793 0.5
0 32.5228 115 0.00758319 0.5
0 278.165 87.2773 -7.94559 0.5
0 261.869 104.859 -14.1912 0.5
0 175.872 100.262 -14.9977 0.5
0 271.543 85.0964 -1.69777 0.5
0 305.637 103.556 -14.5724 0.5
0 37.1484 95.7894 14.3969 0.5
0 248.448 101.905 -14.8786 0.5
0 311.494 114.837 -2.20807 0.5
0 175.282 103.744 14.5252 0.5
0 32.3299 93.7331 -13.6282 0.5
0 303.462 85.0099 0.543666 0.5
0 134.267 90.9221 -11.9412 0.5
0 63.1799 114.988 0.594303 0.5
0 33.8221 99.7325 -14.9976 0.5
0 216.893 85.6929 4.50624 0.5
0 253.446 86.2138 5.91106 0.5
0 188.112 107.635 12.9117 0.5
0 273.308 109.567 -11.5533 0.5
0 244.538 112.249 -8.65874 0.5
0 108.325 93.2432 13.392 0.5
0 198.981 86.3622 -6.24572 0.5
0 314.808 112.772 -7.86553 0.5
0 136.362 92.1497 -12.7818 0.5
0 75.8845 87.8696 8.82349 0.5
0 170.13 114.471 3.94804 0.5
0 306.801 108.943 -12.0426 0.5
0 252.674 113.863 -5.72776 0.5
0 27.5802 87.4098 -8.15397 0.5
0 226.786 111.574 -9.54141 0.5
0 271.323 114.813 -2.3595 0.5
0 220.403 91.9249 -12.6409 0.5
0 298.461 114.993 0.469223 0.5
0 215.568 101.473 14.9275 0.5
0 269.675 114.997 -0.30304 0.5
0 141.467 85.2178 -2.54698 0.5
0 241.574 106.083 -13.7111 0.5
0 183.465 114.998 -0.227281 0.5
0 200.635 112.894 7.66386 0.5
0 131.755 102.159 -14.8439 0.5
0 222.416 110.237 10.9633 0.5
0 297.956 86.4394 6.41168 0.5
0 112.604 112.02 8.97277 0.5
0 127.276 89.4427 10.6557 0.5
0 233.713 101.382 -14.9362 0.5
0 22.1136 94.6292 -14.0055 0.5
0 166.486 111.879 9.15924 0.5
0 2.83328 110.726 -10.4863 0.5
0 61.6243 101.139 -14.9567 0.5
0 184.068 87.7686 -8.68285 0.5
0 1.85399 96.6666 14.6249 0.5
0 169.487 85.8721 -5.04018 0.5
0 231.589 88.0921 9.12146 0.5
0 11.286 103.082 14.68 0.5
0 80.3471 111.757 9.31482 0.5
0 61.7851 85.0513 1.23895 0.5
0 133.691 102.261 14.8287 0.5
0 193.16 111.774 9.29308 0.5
0 282.033 98.3229 -14.906 0.5
0 152.845 110.517 10.6955 0.5
0 253.471 112.969 7.53676 0.5
0 85.7553 112.642 -8.07391 0.5
0 12.8827 113.276 6.98261 0.5
0 161 99.9771 -15 0.5
0 45.159 113.528 6.48001 0.5
0 64.9622 90.404 -11.529 0.5
0 211.824 112.367 8.48893 0.5
0 246.898 90.0663 11.2393 0.5
0 18.0041 85.1655 2.22232 0.5
0 211.558 113.405 6.7316 0.5
0 313.716 110.54 -10.6732 0.5
0 177.496 86.4837 6.50464 0.5
0 45.2277 114.375 -4.28584 0.5
0 177.146 113.825 -5.81981 0.5
0 130.701 105.166 -14.0824 0.5
0 39.1134 114.488 -3.88563 0.5
0 264.319 112.889 7.67342 0.5
0 199.329 94.0815 -13.783 0.5
0 151.272 101.86 -14.8842 0.5
0 324.059 86.5335 6.607 0.5
0 183.863 114.476 3.9298 0.5
0 43.3335 111.953 9.06268 0.5
0 295.725 104.644 14.2629 0.5
0 131.847 89.6501 -10.8572 0.5
0 126.004 88.3224 -9.41451 0.5
0 282.566 114.136 -5.01677 0.5
0 239.485 105.443 13.9777 0.5
0 42.7345 107.046 13.2423 0.5
0 106.442 105.865 -13.806 0.5
0 32.8575 104.77 14.2214 0.5
0 7.85744 89.772 10.9722 0.5
0 100 85.9425 -5.23336 0.5
0 286.652 104.533 14.2988 0.5
0 299.364 105.256 14.049 0.5
0 164.353 96.3972 14.5609 0.5
0 255.03 85.0661 -1.40633 0.5
0 46.7325 100.118 14.9995 0.5
0 263.101 106.56 -13.4895 0.5
0 290.09 103.581 14.5662 0.5
0 115.071 86.7247 6.98328 0.5
0 100.915 88.5084 -9.6407 0.5
0 52.0884 85.1927 2.39675 0.5
0 151.899 114.387 4.24378 0.5
0 63.4125 86.2322 -5.95372 0.5
0 102.937 110.771 -10.4392 0.5
0 173.254 89.2993 -10.5117 0.5
0 202.543 114.937 -1.37096 0.5
0 74.7517 114.775 -2.58594 0.5
1 355.608 46.4549 1.04234 0.5
1 338.468 92.247 -14.9565 0.5
1 377.037 36.6349 -8.54027 0.5
1 362.545 34.6126 2.48939 0.5
1 362.187 46.9971 -14.6915 0.5
1 356.737 52.3622 13.2121 0.5
1 380.273 5.82996 -7.70891 0.5
1 362.853 36.8342 8.95121 0.5
1 361.393 64.1914 7.83209 0.5
1 337.068 90.3252 -14.6535 0.5
1 364.739 37.0034 12.2897 0.5
1 373.538 20.2054 11.0369 0.5
1 388.452 18.5539 -5.32532 0.5
1 349.678 58.3598 -6.87629 0.5
1 342.135 83.3072 14.93 0.5
1 367.97 25.1638 -2.16373 0.5
1 348.336 68.9625 -14.1233 0.5
1 367.415 55.9527 -0.702264 0.5
1 353.741 62.7232 -14.8753 0.5
1 387.932 19.8117 4.26974 0.5
1 342.327 91.814 13.052 0.5
1 385.436 24.5974 -2.1741 0.5
1 375.471 24.1571 14.725 0.5
1 383.186 27.2913 6.2443 0.5
1 354.418 50.3796 -7.30475 0.5
1 348.843 88.005 -1.979 0.5
1 375.469 14.3452 8.02297 0.5
1 351.237 55.7796 -7.10611 0.5
1 379.83 9.50162 -11.2131 0.5
1 365.499 37.3544 13.3014 0.5
1 341.624 71.2069 4.08259 0.5
1 372.31 40.2585 -12.8318 0.5
1 348.626 59.5029 5.36181 0.5
1 348.052 71.3321 14.6602 0.5
1 346.078 92.3041 4.27043 0.5
1 361.368 43.9296 -12.9826 0.5
1 351.875 82.3053 4.12682 0.5
1 344.809 65.137 -0.636632 0.5
1 379.823 18.6727 14.9784 0.5
1 367.565 55.3689 -3.17741 0.5
1 354.379 73.494 -11.2282 0.5
1 372.201 25.2642 13.0392 0.5
1 342.152 71.924 7.81829 0.5
1 365.765 32.3931 -9.71016 0.5
1 374.146 14.391 -1.54745 0.5
1 367.408 38.8132 -14.8424 0.5
1 387.524 -6.82632 7.54185 0.5
1 343.862 66.8238 1.34983 0.5
1 372.695 18.3059 6.5017 0.5
1 341.351 88.2627 -14.8452 0.5
1 360.287 55.2666 14.8725 0.5
1 340.47 77.1282 10.702 0.5
1 350.123 56.9972 5.5814 0.5
1 333.762 104.85 -13.9184 0.5
1 385.495 23.9428 -4.5635 0.5
1 360.32 66.0673 7.80341 0.5
1 383.838 1.65125 -10.3347 0.5
1 387.286 -8.4488 -0.147752 0.5
1 359.489 46.1592 -12.3326 0.5
1 374.777 13.2661 1.21647 0.5
1 354.657 56.002 13.232 0.5
1 381.975 18.3977 14.7646 0.5
1 334.605 92.6914 14.1042 0.5
1 387.066 20.0569 -7.26307 0.5
1 380.239 5.34446 -6.71473 0.5
1 384.732 23.3711 -8.44573 0.5
1 366.398 28.3259 4.18691 0.5
1 371.221 19.7105 -3.14805 0.5
1 387.057 -6.99655 5.52727 0.5
1 376.154 28.2252 14.8079 0.5
1 351.943 64.1031 14.5455 0.5
1 350.734 56.3312 6.47751 0.5
1 365.726 42.1405 14.8971 0.5
1 361.263 52.5073 -14.974 0.5
1 376.778 30.3094 13.9323 0.5
1 387.114 -5.71484 -8.19553 0.5
1 383.048 26.429 8.23403 0.5
1 359.525 58.8381 -14.3991 0.5
1 372.871 17.1776 4.39725 0.5
1 339.111 96.4476 13.5398 0.5
1 380.693 31.6815 -6.08396 0.5
1 359.117 55.9585 -14.9873 0.5
1 360.491 38.9005 -5.22179 0.5
1 381.187 16.1812 14.9709 0.5
1 380.589 32.959 -2.3957 0.5
1 364.272 58.1185 9.38012 0.5
1 355.339 50.3668 9.60978 0.5
1 356.435 49.2149 10.439 0.5
1 388.574 -5.6344 -11.221 0.5
1 364.433 33.3843 7.90286 0.5
1 338.673 87.1102 14.5512 0.5
1 379.449 9.04937 -10.1156 0.5
1 377.608 38.309 -0.421055 0.5
1 362.326 63.6777 -5.65119 0.5
1 378.414 34.8175 7.65672 0.5
1 371.823 35.1207 14.8932 0.5
1 334.477 96.5743 14.9302 0.5
1 349.984 75.2828 -14.4225 0.5
1 341.384 83.1462 -14.7153 0.5
1 376.503 17.3412 12.7592 0.5
1 358.467 69.6173 7.21555 0.5
1 344.956 91.9041 8.95271 0.5
1 342.013 75.781 11.859 0.5
1 368.307 42.2648 14.7284 0.5
1 338.487 106.062 -0.589816 0.5
1 347.394 86.1256 10.7326 0.5
1 379.293 13.7192 13.4326 0.5
1 367.004 28.3269 6.83156 0.5
1 366.509 29.6043 7.59598 0.5
1 361.159 55.7434 14.4734 0.5
1 365.836 58.1887 3.89766 0.5
1 335.325 95.0082 14.9205 0.5
1 348.096 87.798 6.80374 0.5
1 343.252 84.7798 -14.8716 0.5
1 335.61 86.1176 -11.2344 0.5
1 369.111 52.3272 4.54176 0.5
1 376.805 22.5011 14.8372 0.5
1 350.969 56.8345 -8.10919 0.5
1 353.019 60.791 -14.1019 0.5
1 334.587 111.834 5.37312 0.5
1 369.505 50.4068 -7.38067 0.5
1 340.795 96.779 11.4391 0.5
1 388.069 -6.2245 -9.72512 0.5
1 383.489 4.01435 -11.914 0.5
1 369.479 40.9199 14.5796 0.5
1 380.914 9.78452 12.8099 0.5
1 348.678 86.517 7.31769 0.5
1 376.323 37.6846 8.80354 0.5
1 335.398 108.324 -9.1329 0.5
1 360.128 39.1531 4.07095 0.5
1 363.947 40.3966 -13.4807 0.5
1 336.275 108.115 -7.10483 0.5
1 344.941 94.8679 0.906443 0.5
1 345.834 68.2836 11.1219 0.5
1 388.078 -9.6397 -2.31888 0.5
1 379.786 24.6652 14.0979 0.5
1 336.319 80.5839 4.69968 0.5
1 353.375 79.0629 -5.93578 0.5
1 371.43 26.8679 -13.1881 0.5
1 359.796 65.7342 9.54773 0.5
1 333.698 89.4179 -11.2239 0.5
1 342.597 68.9931 -1.05937 0.5
1 386.964 -2.39999 11.601 0.5
1 337.834 88.7308 14.5924 0.5
1 382.463 23.2144 -12.4885 0.5
1 351.631 62.6744 -13.9018 0.5
1 341.288 76.9286 11.7746 0.5
1 384.324 26.4204 2.78565 0.5
1 373.648 43.0399 7.71041 0.5
1 356.398 45.7767 4.61067 0.5
1 342.775 93.8988 10.9502 0.5
1 356.926 73.2251 -5.14922 0.5
1 354.978 76.8912 4.26522 0.5
1 380.772 10.6392 -13.1622 0.5
1 338.958 85.7364 -14.3026 0.5
1 335.378 81.4592 -0.184119 0.5
1 366.943 41.143 14.9862 0.5
1 334.721 110.286 7.99843 0.5
1 351.865 56.4934 9.73866 0.5
1 344.702 79.8569 14.9932 0.5
1 342.62 82.2061 -14.9022 0.5
1 370.839 50.0013 -1.0567 0.5
1 386.77 9.98381 14.7836 0.5
1 367.346 55.9419 -2.09415 0.5
1 365.717 56.792 7.68299 0.5
1 340.982 86.7043 14.9999 0.5
1 372.512 28.4252 14.5325 0.5
1 372.706 36.3232 -14.3031 0.5
1 362.905 63.7549 -0.870434 0.5
1 359.211 60.388 14.0665 0.5
1 382.7 1.15457 -6.85754 0.5
1 352.456 77.7757 10.3083 0.5
1 353.416 75.2128 -11.1824 0.5
1 345.942 91.982 -5.83116 0.5
1 349.056 57.8739 1.78202 0.5
1 359.097 41.0389 4.40804 0.5
1 335.872 110.143 3.68597 0.5
1 359.424 39.8093 0.0164191 0.5
1 352.318 52.3353 2.54291 0.5
1 381.297 7.24573 11.4598 0.5
1 339.992 75.3044 -7.19365 0.5
1 380.23 23.2793 14.307 0.5
1 361.408 53.5728 14.838 0.5
1 369.514 30.3257 -13.2622 0.5
1 372.325 46.5326 -5.20513 0.5
1 373.139 16.078 -0.827343 0.5
1 349.244 60.7398 -9.38507 0.5
1 349.738 72.9864 -14.9345 0.5
1 384.756 7.8756 -14.6849 0.5
1 386.477 4.06941 14.4889 0.5
1 370.685 30.2542 14.1238 0.5
1 378.587 36.1593 -3.68216 0.5
1 352.729 51.4768 -1.45287 0.5
1 338.557 80.7054 10.9542 0.5
1 343.348 81.87 14.9795 0.5
1 371.928 24.2828 12.0968 0.5
1 358.989 45.0405 10.69 0.5
1 384.542 -3.69514 0.165656 0.5
1 341.623 89.3837 14.526 0.5
1 375.091 14.0634 6.30398 0.5
1 369.739 45.8315 -12.0828 0.5
1 384.85 10.8805 14.9996 0.5
1 352.641 66.5663 -15 0.5
1 381.196 3.49693 6.323 0.5
1 337.859 99.5953 13.0284 0.5
1 365.273 38.692 13.7534 0.5
1 366.015 36.3201 13.2271 0.5
1 338.243 106.155 3.18168 0.5
1 368.603 24.2942 -3.37191 0.5
1 386.778 2.19834 14.058 0.5
1 333.487 85.4194 4.48473 0.5
1 335.483 87.5522 12.202 0.5
1 341.696 76.2914 -11.8293 0.5
1 361.52 36.5779 3.43229 0.5
1 375.677 35.5022 -12.1154 0.5
1 342.349 79.2555 14.0957 0.5
1 361.613 36.1365 1.88223 0.5
2 357.161 -64.0538 7.69678 0.5
2 383.387 -17.8056 8.93082 0.5
2 384.622 -10.4364 -13.3598 0.5
2 358.925 -62.7735 3.22692 0.5
2 345.429 -71.8793 -14.9952 0.5
2 351.327 -73.492 -8.71625 0.5
2 372.043 -10.9854 -4.13895 0.5
2 384.206 -2.15393 14.8403 0.5
2 333.472 -97.2427 -14.1307 0.5
2 340.454 -95.0737 -1.12556 0.5
2 366.697 -39.6061 -14.1619 0.5
2 364.7 -23.889 -4.73618 0.5
2 335.807 -90.8053 -14.7659 0.5
2 351.357 -75.917 -3.05789 0.5
2 373.754 -32.9455 -10.7062 0.5
2 348.053 -59.3117 12.9068 0.5
2 372.575 -9.5317 1.22583 0.5
2 352.191 -56.0144 14.5175 0.5
2 333.451 -97.1008 14.1925 0.5
2 379.77 -1.86388 11.0387 0.5
2 356.203 -38.6488 -4.861 0.5
2 353.907 -48.9719 -12.7861 0.5
2 381.831 4.05172 8.28816 0.5
2 337.292 -99.9992 -4.17934 0.5
2 363.849 -26.2736 6.89309 0.5
2 344.789 -74.0101 -14.9344 0.5
2 361.788 -56.3736 7.11001 0.5
2 373.795 -32.0365 11.4679 0.5
2 353.281 -56.9247 -14.9683 0.5
2 342.322 -64.4178 8.3455 0.5
2 385.491 -9.51627 -13.0439 0.5
2 354.502 -56.0472 -14.9977 0.5
2 364.668 -38.1884 -15 0.5
2 339.122 -90.6809 12.5231 0.5
2 348.436 -79.6156 6.88992 0.5
2 336.742 -73.6951 7.73536 0.5
2 384.304 -0.1108 -14.4414 0.5
2 336.779 -76.4447 -11.1475 0.5
2 353.152 -51.69 13.5501 0.5
2 336.895 -100.8 3.76843 0.5
2 355.245 -68.9292 -4.09078 0.5
2 340.574 -91.0369 10.0588 0.5
2 363.696 -47.9144 -12.6543 0.5
2 367.916 -45.0659 -8.26884 0.5
2 382.475 3.62316 10.2443 0.5
2 376.337 -21.7394 -14.5174 0.5
2 343.413 -85.054 -11.1235 0.5
2 361.401 -29.2904 3.66356 0.5
2 342.058 -81.5591 14.394 0.5
2 371.122 -12.8553 4.99582 0.5
2 363.977 -32.0122 13.0697 0.5
2 338.749 -68.0707 0.158049 0.5
2 351.368 -76.0249 2.36974 0.5
2 364.978 -28.0581 -11.5415 0.5
2 366.577 -30.3332 14.2971 0.5
2 383.086 8.36723 3.24869 0.5
2 367.427 -44.6457 -9.92377 0.5
2 337.848 -99.4608 -2.24714 0.5
2 376.92 -6.26467 -10.5208 0.5
2 338.248 -95.9456 -8.99049 0.5
2 369.864 -43.355 -4.898 0.5
2 343.702 -77.4335 -14.7087 0.5
2 339.67 -68.6084 7.71164 0.5
2 361.911 -48.9857 -13.7334 0.5
2 340.26 -84.7906 14.3589 0.5
2 383.284 -7.24828 14.9422 0.5
2 340.256 -90.7694 -10.8954 0.5
2 345.05 -72.4245 14.9976 0.5
2 375.431 -32.8989 6.81324 0.5
2 333.588 -91.2035 -14.9783 0.5
2 340.99 -93.0219 5.79889 0.5
2 380.787 4.1828 -4.05564 0.5
2 333.548 -91.4496 14.9868 0.5
2 372.892 -30.4082 -13.53 0.5
2 376.437 -9.88518 -12.7468 0.5
2 339.284 -75.604 -13.4996 0.5
2 380.103 3.42433 -1.99522 0.5
2 382.989 -5.7526 -14.9841 0.5
2 386.131 -15.5604 3.61565 0.5
2 336.793 -87.1504 14.984 0.5
2 342.993 -62.4427 -6.98229 0.5
2 369.089 -19.9507 10.6437 0.5
2 363.929 -27.6164 -9.20856 0.5
2 378.181 -10.4468 14.3628 0.5
2 359.919 -52.181 13.8422 0.5
2 356.674 -46.0522 13.7606 0.5
2 335.812 -99.62 -9.67485 0.5
2 354.485 -69.4938 -6.15288 0.5
2 335.877 -76.4141 -9.4723 0.5
2 369.354 -41.1859 -10.0616 0.5
2 380.138 -1.80809 -11.5478 0.5
2 357.73 -37.6405 8.2102 0.5
2 335.38 -103.611 -2.95223 0.5
2 386.476 11.399 9.25614 0.5
2 341.716 -79.9365 -14.8652 0.5
2 379.141 1.85336 1.0713 0.5
2 352.173 -46.5281 -6.95533 0.5
2 355.358 -42.0554 8.66179 0.5
2 353.295 -55.8456 14.8619 0.5
2 365.12 -52.0819 -3.04089 0.5
2 385.207 11.5992 -4.83017 0.5
2 353.253 -72.0221 5.19046 0.5
2 359.863 -61.3365 2.20198 0.5
2 360.766 -44.1376 14.9788 0.5
2 371.084 -41.6789 -3.38099 0.5
2 338.363 -82.8995 14.9765 0.5
2 377.602 -27.1272 9.80354 0.5
2 356.945 -36.7112 2.16918 0.5
2 377.3 -25.1295 12.1246 0.5
2 359.706 -58.9617 -8.73927 0.5
2 352.175 -46.8691 7.57661 0.5
2 337.096 -73.1862 -7.90696 0.5
2 347.99 -61.2851 -13.8425 0.5
2 354.75 -51.1364 14.3943 0.5
2 384.234 -17.8394 6.43107 0.5
2 351.026 -72.0674 -10.9406 0.5
2 344.784 -63.8332 -12.1592 0.5
2 341.893 -85.9513 12.4769 0.5
2 355.37 -54.7046 14.9941 0.5
2 351.425 -70.8396 11.4207 0.5
2 354.662 -64.0348 12.3404 0.5
2 373.587 -18.2514 -14.3161 0.5
2 349.188 -79.1261 5.01448 0.5
2 345.382 -57.8528 -6.04523 0.5
2 335.98 -94.7839 -13.3094 0.5
2 362.245 -42.5132 -14.9994 0.5
2 348.724 -80.7061 1.61345 0.5
2 334.87 -102.457 8.03271 0.5
2 343.989 -88.9886 0.386019 0.5
2 333.598 -90.0386 14.8724 0.5
2 351.798 -61.2236 14.9809 0.5
2 351.152 -48.5507 -7.41992 0.5
2 352.795 -67.8898 11.8875 0.5
2 377.587 -12.4346 14.6177 0.5
2 351.677 -46.2803 4.20555 0.5
2 360.189 -60.9307 -0.345229 0.5
2 354.004 -60.9176 14.3792 0.5
2 362.125 -52.348 11.3851 0.5
2 374.71 -6.33003 4.01374 0.5
2 336.465 -75.2804 9.3295 0.5
2 362.028 -50.7225 -12.7058 0.5
2 357.727 -36.6059 -6.34135 0.5
2 355.986 -64.0709 10.3503 0.5
2 340.144 -78.0804 14.7777 0.5
2 379.185 1.26108 -4.54996 0.5
2 379.911 -24.3508 8.17554 0.5
2 381.573 -14.6346 13.8595 0.5
2 363.655 -46.5464 -13.4626 0.5
2 334.088 -106.064 -1.5435 0.5
2 350.764 -75.5199 -7.01194 0.5
2 342.464 -73.1217 -14.5829 0.5
2 378.715 -28.4106 -3.58938 0.5
2 369.919 -42.0835 7.48103 0.5
2 356.815 -38.7273 7.39457 0.5
2 362.093 -52.2573 -11.5084 0.5
2 377.39 -3.31929 7.78277 0.5
2 335.797 -99.7036 9.60689 0.5
2 347.905 -53.7142 6.54439 0.5
2 348.572 -77.1378 -10.1093 0.5
2 343.389 -64.1954 10.3702 0.5
2 352.127 -70.0743 -11.0206 0.5
2 380.617 -13.5576 14.6959 0.5
2 356.394 -58.3356 -13.8214 0.5
2 334.234 -76.2436 -3.23413 0.5
2 345.9 -67.9165 14.7426 0.5
2 345.292 -69.3328 14.8061 0.5
2 351.057 -50.9874 -10.447 0.5
2 342.491 -68.7724 -12.803 0.5
2 387.33 -10.9805 -8.92554 0.5
2 376.329 -24.0057 13.7359 0.5
2 362.973 -29.8293 9.88277 0.5
2 374.818 -35.5072 -1.64208 0.5
2 366.038 -45.9302 -11.0663 0.5
2 388.579 17.8323 3.46721 0.5
2 370.714 -39.0854 -9.7723 0.5
2 366.091 -29.2001 -13.5128 0.5
2 385.396 -10.6885 12.4181 0.5
2 341.286 -89.7133 -10.1579 0.5
2 357.644 -46.9751 -14.6172 0.5
2 370.169 -13.6627 0.645889 0.5
2 372.583 -32.0724 -12.9291 0.5
2 337.015 -95.1203 -11.9647 0.5
2 357.285 -55.0606 -14.4297 0.5
2 339.703 -86.0701 -14.2604 0.5
2 383.709 9.42582 -3.34326 0.5
2 352.431 -47.8296 -9.58072 0.5
2 361.881 -41.9167 14.9605 0.5
2 366.539 -32.8908 14.8599 0.5
2 373.328 -8.21909 -1.12157 0.5
2 351.201 -46.9161 3.49784 0.5
2 381.003 -21.2303 -9.81015 0.5
2 362.408 -56.0954 5.3761 0.5
2 378.44 -19.1912 -14.1879 0.5
2 338.197 -86.3715 14.8154 0.5
2 365.192 -50.0553 -7.84369 0.5
2 380.392 -17.8228 13.3287 0.5
2 353.01 -48.2759 -11.0959 0.5
2 384.901 -13.5416 -10.7996 0.5
2 346.11 -79.8116 11.6158 0.5
2 338.292 -80.3631 14.5863 0.5
2 365.957 -38.5962 14.7637 0.5
2 358.716 -46.8849 14.9143 0.5
2 369.671 -15.0933 4.1351 0.5
3 381.693 -78.098 -4.36097 0.5
3 357.64 -97.1757 14.2362 0.5
3 433.384 -87.7247 -14.2362 0.5
3 423.573 -77.4517 0.221706 0.5
3 358.196 -91.3312 14.9582 0.5
3 439.776 -84.2459 -12.5575 0.5
3 425.744 -77.4724 0.817089 0.5
3 408.794 -91.4532 14.9668 0.5
3 352.56 -79.3268 -7.26488 0.5
3 414.581 -100.768 -12.4824 0.5
3 388.659 -101.016 12.3135 0.5
3 355.999 -106.859 -4.16847 0.5
3 376.345 -96.7347 -14.375 0.5
3 365.127 -96.9528 14.3082 0.5
3 428.766 -92.7936 -14.9961 0.5
3 424.717 -81.3487 -10.0876 0.5
3 348.618 -101.576 -11.9045 0.5
3 350.234 -86.1094 -13.594 0.5
3 393.865 -77.9469 -3.82869 0.5
3 437.75 -82.0902 10.8477 0.5
3 344.669 -94.5526 -14.8519 0.5
3 358.754 -99.5967 13.1881 0.5
3 438.656 -77.8389 3.39326 0.5
3 378.889 -84.1305 12.4814 0.5
3 365.769 -89.3022 14.666 0.5
3 355.084 -94.3716 -14.8764 0.5
3 370.478 -79.6257 7.78045 0.5
3 349.304 -77.4541 -0.34784 0.5
3 406.1 -85.5763 13.3323 0.5
3 356.861 -77.6798 2.61507 0.5
3 364.978 -103.715 9.90494 0.5
3 440.91 -82.7339 -11.4279 0.5
3 364.555 -100.952 12.3578 0.5
3 344.612 -96.4503 -14.4568 0.5
3 419.728 -104.683 -8.68089 0.5
3 437.814 -77.7009 2.73172 0.5
3 345.93 -92.7728 -14.9965 0.5
3 365.826 -77.468 -0.732318 0.5
3 339.733 -78.5843 -5.72181 0.5
3 392.002 -107.22 2.61887 0.5
3 431.301 -98.5233 -13.7155 0.5
3 365.974 -92.752 14.997 0.5
3 337.97 -102.112 -11.4738 0.5
3 416.112 -106.705 -4.66848 0.5
3 337.216 -100.607 -12.588 0.5
3 377.813 -82.788 11.4736 0.5
3 427.341 -86.0294 -13.5563 0.5
3 356.048 -104.687 -8.67472 0.5
3 431.832 -84.3036 12.595 0.5
3 354.684 -92.6972 14.998 0.5
3 398.729 -106.064 -6.2978 0.5
3 441.492 -105.216 7.87658 0.5
3 441.827 -105.761 6.91585 0.5
3 390.982 -87.3402 14.1028 0.5
3 408.094 -79.967 -8.31697 0.5
3 431.388 -79.7745 8.0205 0.5
3 394.093 -86.9293 -13.9471 0.5
3 438.531 -107.38 1.4454 0.5
3 349.795 -106.25 -5.87814 0.5
3 378.28 -104.626 8.76022 0.5
3 419.924 -79.4269 -7.4429 0.5
3 434.062 -92.8413 14.9949 0.5
3 355.934 -90.846 14.914 0.5
3 364.881 -106.284 -5.79833 0.5
3 407.41 -86.937 -13.9501 0.5
3 410.609 -98.0324 -13.9225 0.5
3 335.906 -87.5993 -14.194 0.5
3 376.37 -107.121 -3.12486 0.5
3 443.155 -78.4404 5.36004 0.5
3 416.665 -80.9134 -9.58674 0.5
3 362.495 -105.204 -7.89519 0.5
3 393.018 -79.0003 -6.64094 0.5
3 403.298 -107.429 0.790718 0.5
3 415.166 -89.5906 14.7249 0.5
3 339.844 -91.2297 -14.9503 0.5
3 353.151 -78.9015 6.43713 0.5
3 398.756 -93.5386 14.9605 0.5
3 422.393 -80.2235 8.68965 0.5
3 356.445 -87.2962 14.0868 0.5
3 387.692 -85.8603 -13.475 0.5
3 356.1 -81.9594 10.7212 0.5
3 386.046 -91.6837 -14.9804 0.5
3 371.282 -80.4952 9.05986 0.5
3 433.193 -78.8121 6.24542 0.5
3 424.713 -80.3047 8.80285 0.5
3 358.378 -78.306 -4.99449 0.5
3 363.259 -105.864 6.71344 0.5
3 336.501 -98.8148 -13.5827 0.5
3 348.246 -88.6502 -14.5107 0.5
3 438.837 -99.2067 -13.3921 0.5
3 434.369 -81.7485 -10.5107 0.5
3 379.099 -77.8142 -3.28481 0.5
3 366.967 -83.5524 12.0761 0.5
3 378.836 -77.4556 -0.406223 0.5
3 401.719 -81.3539 -10.0933 0.5
3 435.695 -104.531 -8.89172 0.5
3 367.306 -84.4747 -12.704 0.5
3 337.071 -105.234 7.84601 0.5
3 351.162 -86.1854 13.6291 0.5
3 422.026 -78.2479 4.82677 0.5
3 415.838 -93.9266 14.9272 0.5
3 424.788 -102.792 10.8648 0.5
3 347.743 -103.244 10.416 0.5
3 436.394 -92.8075 -14.9957 0.5
3 395.168 -81.7444 -10.5066 0.5
3 351.239 -104.818 8.48803 0.5
3 435.524 -78.7103 -6.01816 0.5
3 433.762 -107.18 -2.83606 0.5
3 426.104 -104.443 9.00898 0.5
3 417.516 -106.696 -4.69508 0.5
3 404.553 -78.0173 4.08591 0.5
3 443.377 -82.0087 10.7693 0.5
3 373.479 -86.9516 13.9559 0.5
3 407.173 -98.5708 13.6944 0.5
3 414.655 -106.777 4.44286 0.5
3 425.632 -106.177 6.0468 0.5
3 434.489 -78.5562 5.65326 0.5
3 412.557 -77.5205 1.45131 0.5
3 361.68 -77.4807 -0.958511 0.5
3 370.09 -77.6053 -2.15208 0.5
3 364.417 -96.0174 -14.5696 0.5
3 421.837 -95.6108 -14.6632 0.5
3 433.068 -107.307 -2.06751 0.5
3 366.868 -107.431 0.761567 0.5
3 432.297 -107.099 3.22535 0.5
3 365.407 -86.2346 -13.6517 0.5
3 436.52 -88.2454 -14.3986 0.5
3 361.114 -91.1541 14.9439 0.5
3 349.644 -103.719 -9.9005 0.5
3 427.148 -91.0689 14.9363 0.5
3 344.696 -101.631 -11.8623 0.5
3 443.785 -79.3017 -7.21945 0.5
3 410.248 -88.3914 -14.4405 0.5
3 348.027 -107.399 -1.23556 0.5
3 381.5 -106.673 4.76623 0.5
3 443.721 -77.876 -3.54909 0.5
3 354.103 -106.768 -4.47153 0.5
3 403.42 -107.148 -2.99671 0.5
3 420.733 -96.4673 -14.4521 0.5
3 439.126 -96.9059 -14.3229 0.5
3 423.477 -104.519 -8.90797 0.5
3 410.508 -81.1149 9.82409 0.5
3 401.142 -78.046 -4.18597 0.5
3 375.344 -93.6852 -14.9491 0.5
3 420.725 -88.6853 -14.5199 0.5
3 387.068 -90.567 14.8813 0.5
3 411.91 -77.5238 -1.48503 0.5
3 380.347 -101.239 -12.1554 0.5
3 345.284 -78.8917 -6.4164 0.5
3 439.65 -105.583 7.24676 0.5
3 400.797 -105.983 6.46922 0.5
3 355.253 -100.839 -12.4346 0.5
3 403.523 -86.1091 -13.5938 0.5
3 367.203 -77.7142 2.80224 0.5
3 397.209 -102.504 -11.1321 0.5
3 443.589 -77.4611 0.575318 0.5
3 392.078 -96.7329 -14.3756 0.5
3 354.548 -79.1393 6.91536 0.5
3 349.259 -81.4271 -10.1731 0.5
3 334.191 -78.1143 -4.41413 0.5
3 360.017 -93.0718 -14.9871 0.5
3 366.12 -85.1607 13.1097 0.5
3 417.198 -99.0382 13.4758 0.5
3 416.101 -77.4656 -0.682178 0.5
3 401.043 -99.301 13.3441 0.5
3 385.025 -96.8212 14.349 0.5
3 426.222 -102.978 -10.6845 0.5
3 418.239 -104.564 8.84576 0.5
3 344.038 -107.447 -0.320291 0.5
3 420.886 -77.4972 -1.18842 0.5
3 419.603 -81.0589 9.7591 0.5
3 427.773 -80.7726 -9.41464 0.5
3 350.962 -80.2128 8.6746 0.5
3 334.574 -84.3706 12.6381 0.5
3 400.844 -105.464 -7.4591 0.5
3 349.819 -107.437 -0.632867 0.5
3 357.581 -102.825 10.8331 0.5
3 378.592 -77.873 3.53678 0.5
3 434.077 -79.3278 -7.26681 0.5
3 408.486 -94.0408 14.9154 0.5
3 428.63 -81.5601 10.3155 0.5
3 419.804 -86.7293 -13.8662 0.5
3 363.645 -92.4164 15 0.5
3 385.257 -89.3269 14.6712 0.5
3 358.95 -107.431 0.764441 0.5
3 375.649 -91.0687 14.9363 0.5
3 415.77 -101.115 12.2443 0.5
3 384.464 -106.153 6.10207 0.5
3 381.687 -77.596 2.08685 0.5
3 387.68 -83.3979 -11.9607 0.5
3 439.644 -101.965 11.5963 0.5
3 398.871 -77.8399 3.3973 0.5
3 388.713 -87.5273 -14.1692 0.5
3 393.993 -82.0444 10.8037 0.5
3 364.03 -85.2712 13.1706 0.5
3 391.558 -105.252 -7.81668 0.5
3 340.661 -84.8242 -12.9169 0.5
3 432.243 -106.309 5.73959 0.5
3 418.85 -96.2373 14.514 0.5
3 393.723 -107.354 1.69489 0.5
3 361.885 -79.5042 7.57658 0.5
3 399.927 -78.13 4.46495 0.5
3 355.321 -104.219 -9.29999 0.5
3 370.592 -77.985 3.97009 0.5
3 339.921 -100.576 12.6083 0.5
3 355.015 -84.6248 12.797 0.5
3 348.748 -107.306 -2.07178 0.5
3 342.693 -94.7102 -14.8288 0.5
3 366.404 -97.9939 13.9379 0.5
3 382.374 -101.464 11.9898 0.5
3 413.353 -84.5134 -12.7283 0.5
3 393.929 -82.0341 -10.7938 0.5
3 390.234 -106.931 -3.91331 0.5
3 378.013 -102.222 11.3804 0.5
4 469.706 -150.986 -2.55078 0.5
4 482.151 -160.784 -14.6919 0.5
4 451.061 -118.815 1.68378 0.5
4 497.769 -170.582 -4.74452 0.5
4 458.665 -102.107 0.892135 0.5
4 474.235 -131.184 7.7139 0.5
4 463.711 -111.706 -5.07652 0.5
4 488.099 -172.534 -14.3183 0.5
4 452.902 -121.793 -3.01904 0.5
4 461.476 -110.193 9.31471 0.5
4 451.255 -89.5945 -3.2106 0.5
4 486.916 -179.135 -7.2687 0.5
4 472.636 -126.796 -3.90318 0.5
4 465.277 -119.097 -11.6596 0.5
4 475.312 -160.627 -2.91998 0.5
4 466.047 -115.251 3.37502 0.5
4 476.322 -154.923 -13.1267 0.5
4 499.569 -178.599 11.7456 0.5
4 490.904 -169.856 14.6837 0.5
4 470.333 -131.272 13.7395 0.5
4 476.424 -132.861 0.780292 0.5
4 448.509 -111.946 -8.35709 0.5
4 483.206 -159.669 14.9998 0.5
4 464.174 -125.874 -14.9814 0.5
4 471.499 -152.079 -7.87064 0.5
4 479.303 -151.447 -14.9363 0.5
4 475.312 -151.04 14.0967 0.5
4 449.249 -106.983 -13.6538 0.5
4 461.817 -109.453 -7.32897 0.5
4 473.303 -137.477 -14.1568 0.5
4 465.318 -114.43 4.91124 0.5
4 494.131 -166.928 -9.53189 0.5
4 470.475 -145.739 -12.559 0.5
4 470.409 -125.682 -9.33658 0.5
4 469.127 -125.926 11.7878 0.5
4 455.718 -98.4873 -6.56202 0.5
4 486.325 -150.147 -2.16619 0.5
4 479.481 -158.467 14.0204 0.5
4 474.424 -151.171 -13.3725 0.5
4 476.494 -133.109 2.09938 0.5
4 455.261 -111.891 14.9833 0.5
4 477.977 -164.694 4.94037 0.5
4 466.483 -118.28 8.5252 0.5
4 481.493 -149.543 13.2257 0.5
4 479.374 -166.96 5.35869 0.5
4 467.097 -121.206 10.7317 0.5
4 459.394 -124.168 13.8234 0.5
4 445.229 -92.2726 -14.921 0.5
4 497.265 -171.71 -8.68803 0.5
4 469.113 -148.596 6.70132 0.5
4 497.226 -198.744 -1.93885 0.5
4 449.147 -94.9974 13.9165 0.5
4 496.168 -174.289 12.8439 0.5
4 447.196 -102.832 -13.9088 0.5
4 499.914 -191.034 -14.7889 0.5
4 469.86 -151.079 3.41029 0.5
4 455.07 -103.171 12.8831 0.5
4 472.837 -155.658 5.30507 0.5
4 465.961 -114.792 -1.48619 0.5
4 497.156 -173.996 -11.3962 0.5
4 453.09 -99.8755 -12.9617 0.5
4 494.243 -191.719 -7.45763 0.5
4 477.515 -137.937 -9.26945 0.5
4 447.792 -104.155 13.7883 0.5
4 472.205 -150.7 11.0292 0.5
4 483.533 -173.612 -6.62204 0.5
4 483.668 -166.703 -13.6058 0.5
4 465.407 -113.861 1.74914 0.5
4 488.265 -167.633 -14.9829 0.5
4 486.298 -175.223 -10.9238 0.5
4 484.053 -174.505 6.63822 0.5
4 493.053 -182.435 -13.8366 0.5
4 494.491 -169.804 11.7457 0.5
4 469.727 -135.71 14.9906 0.5
4 464.586 -121.603 13.861 0.5
4 487.373 -156.756 -11.1361 0.5
4 467.557 -126.174 13.6094 0.5
4 470.986 -148.782 10.8475 0.5
4 473.43 -154.824 8.76791 0.5
4 485.654 -152.938 -10.3165 0.5
4 459.908 -120.884 -14.9088 0.5
4 461.212 -125.502 -14.4545 0.5
4 467.008 -116.541 -0.535399 0.5
4 448.68 -85.3884 -4.20779 0.5
4 452.63 -120.455 -5.81282 0.5
4 491.452 -164.283 11.5366 0.5
4 465.939 -137.278 -12.9331 0.5
4 474.019 -132.882 -10.417 0.5
4 454.218 -110.656 -14.9456 0.5
4 492.183 -170.451 -14.2495 0.5
4 491.352 -183.405 -11.4343 0.5
4 463.856 -117.913 -12.5873 0.5
4 487.148 -178.266 -9.19362 0.5
4 481.287 -150.205 -13.722 0.5
4 490.359 -184.557 -8.1704 0.5
4 446.114 -106.994 9.44632 0.5
4 473.149 -133.26 -12.0688 0.5
4 471.202 -132.779 -13.7401 0.5
4 487.289 -170.69 14.4481 0.5
4 445.888 -96.1992 14.948 0.5
4 453.269 -93.0145 2.88728 0.5
4 499.396 -192.622 -14.145 0.5
4 463.819 -140.862 2.08118 0.5
4 449.699 -115.97 4.13479 0.5
4 497.19 -186.178 -14.8118 0.5
4 458.73 -131.99 2.46097 0.5
4 490.007 -159.883 -9.64972 0.5
4 491.671 -184.329 -11.1075 0.5
4 446.572 -82.0797 5.23911 0.5
4 497.1 -180.487 -14.6621 0.5
4 485.003 -171.621 12.0581 0.5
4 493.569 -184.334 13.3713 0.5
4 451.616 -104.816 -14.9999 0.5
4 455.089 -95.9872 -1.73761 0.5
4 488.782 -184.202 1.13258 0.5
4 482.627 -152.801 -13.84 0.5
4 481.772 -143.383 -6.06112 0.5
4 492.996 -175.559 14.9676 0.5
4 497.207 -196.876 -7.41406 0.5
4 458.73 -122.973 -13.8422 0.5
4 458.401 -104.201 -8.4075 0.5
4 464.464 -139.246 8.83604 0.5
4 444.761 -79.4046 -6.34255 0.5
4 463.229 -131.185 13.6593 0.5
4 484.504 -169.338 -12.9887 0.5
4 454.653 -124.666 -3.7086 0.5
4 477.188 -149.444 -14.9974 0.5
4 470.713 -144.616 13.4365 0.5
4 453.32 -101.907 13.7843 0.5
4 465.394 -118.204 10.6815 0.5
4 452.331 -91.9018 -4.81034 0.5
4 466.946 -116.472 1.18879 0.5
4 479.024 -137.486 -2.05837 0.5
4 499.213 -173.853 6.62223 0.5
4 466.709 -123.477 -12.9685 0.5
4 457.464 -119.993 14.1451 0.5
4 476.746 -143.035 14.0088 0.5
4 475.928 -141.263 13.8676 0.5
4 491.184 -163.749 -11.479 0.5
4 482.175 -142.945 -2.06967 0.5
4 487.623 -179.222 -9.02043 0.5
4 455.38 -120.644 11.8058 0.5
4 474.895 -159.446 -4.67267 0.5
4 467.436 -120.459 9.24214 0.5
4 470.542 -123.691 -5.48208 0.5
4 467.474 -117.492 2.13678 0.5
4 460.331 -115.186 14.218 0.5
4 451.075 -90.5711 6.81164 0.5
4 455.744 -110.377 14.9095 0.5
4 468.804 -149.462 2.31441 0.5
4 464.539 -119.056 -12.5612 0.5
4 484.629 -147.113 1.36246 0.5
4 451.284 -119.294 0.251764 0.5
4 466.05 -130.69 -14.9777 0.5
4 498.993 -172.005 1.49763 0.5
4 497.033 -169.909 -6.26896 0.5
4 460.803 -125.495 14.2411 0.5
4 444.656 -101.442 12.2721 0.5
4 496.155 -170.334 9.40987 0.5
4 460.29 -129.04 11.8901 0.5
4 451.061 -90.7132 -7.12984 0.5
4 477.62 -140.836 -11.9432 0.5
4 462.608 -138.313 4.18965 0.5
4 466.012 -120.123 -11.4557 0.5
4 466.874 -138.351 -13.2386 0.5
4 494.72 -188.799 11.794 0.5
4 477.83 -136.376 5.63778 0.5
4 445.193 -81.4025 8.52203 0.5
4 447.654 -99.5607 14.9196 0.5
4 488.948 -183.321 -5.90558 0.5
4 489.766 -165.592 14.0108 0.5
4 487.223 -175.517 -12.0212 0.5
4 463.65 -114.419 9.86877 0.5
4 470.378 -132.149 -14.0627 0.5
4 486.006 -162.524 -14.8776 0.5
4 454.783 -109.2 14.9553 0.5
4 459.736 -126.509 12.9482 0.5
4 469.269 -141.181 -13.8613 0.5
4 451.586 -89.8556 1.02631 0.5
4 465.23 -125.658 -14.7375 0.5
4 458.064 -105.383 10.5572 0.5
4 477.574 -159.257 -11.6695 0.5
4 456.341 -101.882 -10.0068 0.5
4 453.68 -94.671 5.9352 0.5
4 459.858 -131.745 8.14278 0.5
4 449.128 -110.975 10.7964 0.5
4 495.446 -195.152 -4.32075 0.5
4 475.235 -133.098 8.00949 0.5
4 482.442 -162.141 14.4902 0.5
4 472.472 -140.688 -14.9969 0.5
4 476.58 -136.279 -9.22023 0.5
4 485.348 -175.166 9.17145 0.5
4 452.857 -115.483 -12.3848 0.5
4 463.542 -114.932 -10.6178 0.5
4 475.434 -137.48 -12.2585 0.5
4 474.584 -138.46 -13.6622 0.5
4 453.462 -109.497 14.9319 0.5
4 459.837 -104.112 -0.246498 0.5
4 467.277 -132.479 -14.9922 0.5
4 451.568 -90.883 5.62639 0.5
4 471.545 -142.371 -14.7008 0.5
4 460.749 -116.618 -14.4365 0.5
5 520.626 -150.793 14.8441 0.5
5 547.321 -121.09 -4.27896 0.5
5 533.08 -146.257 1.91016 0.5
5 525.238 -131.387 -6.38245 0.5
5 542.813 -122.952 -12.4065 0.5
5 504.602 -174.752 13.7687 0.5
5 509.652 -173.797 14.8868 0.5
5 537.21 -115.67 12.3206 0.5
5 526.019 -146.193 14.7757 0.5
5 519.015 -167.694 -9.06081 0.5
5 507.08 -176.556 14.9993 0.5
5 512.156 -170.87 -14.6438 0.5
5 526.339 -133.972 -11.9375 0.5
5 538.321 -129.364 -13.2326 0.5
5 552.083 -89.2592 -11.8425 0.5
5 508.37 -166.633 -12.9648 0.5
5 552.393 -112.461 3.713 0.5
5 503.937 -192.488 10.5807 0.5
5 540.797 -103.555 4.00155 0.5
5 526.598 -151.181 -12.3075 0.5
5 507.018 -191.457 1.37162 0.5
5 547.674 -106.299 14.9987 0.5
5 517.826 -172.359 3.60876 0.5
5 505.033 -188.44 -12.3711 0.5
5 540.46 -104.474 5.05521 0.5
5 503.845 -196.91 1.77016 0.5
5 527.543 -144.489 -14.5809 0.5
5 534.736 -117.497 10.1831 0.5
5 527.993 -151.532 -9.81729 0.5
5 530.636 -121.563 5.25596 0.5
5 517.23 -154.023 14.2085 0.5
5 524.259 -136.279 -10.8293 0.5
5 525.618 -153.253 12.0381 0.5
5 522.769 -162.271 -7.42633 0.5
5 547.469 -96.5711 11.2826 0.5
5 507.074 -169.112 13.0978 0.5
5 530.918 -120.65 3.94124 0.5
5 511.514 -180.967 8.67862 0.5
5 503.24 -187.478 -14.336 0.5
5 527.124 -156.615 -1.55196 0.5
5 540.099 -113.396 13.8225 0.5
5 510.881 -184.701 1.95046 0.5
5 514.494 -178.546 -0.841992 0.5
5 526.962 -127.044 1.43322 0.5
5 519.912 -148.091 -13.7057 0.5
5 541.072 -126.468 12.0511 0.5
5 511.764 -183.152 -2.09461 0.5
5 549.179 -96.1394 -13.0729 0.5
5 516.04 -153.977 -13.3106 0.5
5 545.337 -124.873 2.86352 0.5
5 501.869 -193.469 12.6686 0.5
5 517.542 -172.655 -4.32145 0.5
5 553.915 -96.9319 -14.91 0.5
5 522.207 -136.949 -7.00883 0.5
5 505.687 -177.38 -14.9303 0.5
5 526.533 -140.83 14.8805 0.5
5 508.407 -174.019 14.9997 0.5
5 537.259 -131.587 13.0213 0.5
5 551.792 -98.6461 -14.9965 0.5
5 519.42 -150.316 14.237 0.5
5 533.441 -139.289 12.3351 0.5
5 511.282 -164.35 -14.2165 0.5
5 512.638 -152.916 -5.71502 0.5
5 510.83 -182.115 -8.73001 0.5
5 529.914 -127.724 -11.8955 0.5
5 520.455 -168.232 -0.671921 0.5
5 555.129 -79.5224 -6.18132 0.5
5 543.576 -125.505 8.57852 0.5
5 545.387 -117.037 13.2794 0.5
5 549.792 -87.6202 2.35813 0.5
5 515.91 -146.133 0.647907 0.5
5 520.926 -144.294 12.6011 0.5
5 536.313 -140.36 -3.52289 0.5
5 555.533 -77.5348 1.16703 0.5
5 540.799 -116.308 14.9031 0.5
5 536.461 -121.35 14.408 0.5
5 554.49 -97.5708 14.6382 0.5
5 534.384 -114.787 -4.42477 0.5
5 509.677 -177.559 -13.897 0.5
5 516.659 -144.987 2.22505 0.5
5 520.488 -149.528 14.5464 0.5
5 553.412 -106.31 11.0467 0.5
5 515.116 -177.477 0.720033 0.5
5 533.15 -116.272 0.667135 0.5
5 517.451 -164.357 13.7873 0.5
5 522.267 -155.249 -14.0913 0.5
5 530.021 -127.707 12.0225 0.5
5 548.53 -118.866 4.69018 0.5
5 505.599 -192.911 5.55356 0.5
5 511.683 -167.566 14.9745 0.5
5 519.333 -140.34 2.12775 0.5
5 521.25 -165.376 6.5242 0.5
5 534.02 -134.029 -14.3767 0.5
5 541.307 -129.456 -8.54583 0.5
5 522.553 -135.21 -4.19298 0.5
5 553.824 -83.2051 8.6651 0.5
5 553.786 -110.494 0.806622 0.5
5 524.044 -134.221 -7.80677 0.5
5 504.569 -188.631 12.7705 0.5
5 515.648 -176.56 -0.612243 0.5
5 532.778 -118.141 -5.96839 0.5
5 525.711 -139.508 14.2664 0.5
5 543.07 -99.1327 -1.31424 0.5
5 503.628 -193.553 10.0194 0.5
5 514.898 -160.606 14.8281 0.5
5 521.704 -159.869 12.1577 0.5
5 512.493 -168.52 -14.9264 0.5
5 533.849 -144.815 2.62697 0.5
5 520.558 -141.901 10.0167 0.5
5 550.539 -92.5453 12.2938 0.5
5 519.283 -170.064 2.51665 0.5
5 523.803 -162.375 1.47443 0.5
5 536.085 -135.062 12.0838 0.5
5 504.299 -167.249 5.43669 0.5
5 547.946 -104.625 14.9663 0.5
5 549.156 -95.1249 12.421 0.5
5 513.828 -179.716 -0.498013 0.5
5 511.721 -179.825 9.68929 0.5
5 531.834 -126.634 -13.3173 0.5
5 512.332 -182.185 1.97138 0.5
5 526.955 -137.376 -14.2733 0.5
5 503.983 -195.185 6.72354 0.5
5 502.277 -199.307 -3.54357 0.5
5 534.736 -118.697 -11.3434 0.5
5 541.565 -101.944 -2.78706 0.5
5 528.172 -150.436 -10.657 0.5
5 551.271 -103.846 14.4639 0.5
5 538.779 -128.129 -13.4593 0.5
5 554.599 -108.286 4.89181 0.5
5 531.664 -123.639 11.0052 0.5
5 543.159 -102.528 -9.75682 0.5
5 528.525 -139.851 14.9887 0.5
5 536.92 -110.088 3.26568 0.5
5 503.541 -192.124 11.5404 0.5
5 546.373 -108.411 -14.9999 0.5
5 512.867 -172.89 -13.5177 0.5
5 543.107 -120.472 13.5379 0.5
5 505.387 -194.255 1.64002 0.5
5 549.888 -117.266 -0.194662 0.5
5 505.813 -180.516 -14.878 0.5
5 541.763 -120.61 -14.3789 0.5
5 520.531 -158.895 13.8415 0.5
5 526.542 -131.096 9.50183 0.5
5 503.11 -198.205 1.58842 0.5
5 536.265 -140.788 1.4858 0.5
5 532.628 -135.796 14.553 0.5
5 543.577 -100.806 8.45318 0.5
5 519.043 -141.018 3.11032 0.5
5 518.428 -168.849 -8.87486 0.5
5 539.675 -105.089 -1.99079 0.5
5 518.005 -146.303 -9.99213 0.5
5 534.614 -141.763 -7.41013 0.5
5 515.325 -147.159 0.901155 0.5
5 522.724 -149.242 14.9998 0.5
5 516.021 -169.277 -12.4606 0.5
5 527.558 -134.122 -13.359 0.5
5 519.11 -146.737 -12.119 0.5
5 537.045 -131.945 -13.0287 0.5
5 549.595 -117.506 2.82466 0.5
5 509.272 -169.883 -14.7488 0.5
5 530.022 -144.352 12.8867 0.5
5 503.494 -197.185 -3.6022 0.5
5 531.295 -125.956 12.3485 0.5
5 552.225 -92.2056 13.7417 0.5
5 502.959 -198.25 -2.98501 0.5
5 530.642 -145.983 10.8271 0.5
5 542.948 -125.268 10.2179 0.5
5 555.28 -107.883 1.15902 0.5
5 511.026 -177.394 12.8025 0.5
5 531.637 -119.132 2.74974 0.5
5 546.45 -116.788 -12.3131 0.5
5 524.011 -133.715 -6.79792 0.5
5 503.996 -171.675 11.1092 0.5
5 540.412 -119.184 -14.9915 0.5
5 521.596 -164.193 7.61389 0.5
5 544.407 -98.6507 -7.28996 0.5
5 513.676 -179.684 -3.00574 0.5
5 543.759 -127.827 1.28252 0.5
5 532.562 -146.96 -3.05959 0.5
5 536.764 -116.738 -12.5202 0.5
5 536.915 -123.476 -14.947 0.5
5 537.527 -125.099 -14.9325 0.5
5 517.333 -152.715 -13.7744 0.5
5 516.347 -175.178 2.34396 0.5
5 553.618 -86.5536 -11.8066 0.5
5 548.648 -109.942 -13.944 0.5
5 530.084 -122.355 4.79365 0.5
5 532.651 -124.551 -12.9486 0.5
5 511.012 -161.129 -12.3774 0.5
5 526.174 -132.854 -10.7243 0.5
5 511.461 -155.91 -7.63128 0.5
5 552.935 -108.687 -9.38973 0.5
5 507.779 -161.568 6.25422 0.5
5 541.183 -106.252 -10.0968 0.5
6 572.75 -101.184 12.195 0.5
6 558.924 -107.381 -1.43513 0.5
6 659.36 -77.4503 -0.0797542 0.5
6 572.083 -81.8406 -10.6037 0.5
6 660.953 -83.8162 12.2661 0.5
6 652.727 -99.7393 -13.1098 0.5
6 563.75 -106.176 -6.04964 0.5
6 555.563 -100.633 12.5714 0.5
6 617.418 -81.533 -10.2868 0.5
6 643.12 -107.036 -3.49934 0.5
6 606.606 -77.4511 -0.170505 0.5
6 629.249 -86.2224 13.6461 0.5
6 653.589 -91.2382 14.951 0.5
6 578.615 -96.3122 -14.4943 0.5
6 571.978 -91.0712 -14.9365 0.5
6 577.716 -102.687 -10.9642 0.5
6 640.368 -86.2201 13.645 0.5
6 586.324 -77.4848 -1.01995 0.5
6 583.233 -83.809 -12.261 0.5
6 623.952 -99.1669 13.4121 0.5
6 558.616 -99.026 13.4818 0.5
6 621.154 -106.57 5.06128 0.5
6 623.091 -99.5151 -13.232 0.5
6 602.736 -94.7696 -14.8196 0.5
6 564.364 -92.2316 14.9984 0.5
6 644.887 -87.9796 -14.3183 0.5
6 629.871 -97.6592 14.0664 0.5
6 658.716 -88.9896 14.5954 0.5
6 599.438 -86.3102 13.6858 0.5
6 565.282 -103.684 -9.93954 0.5
6 586.465 -81.6425 -10.4018 0.5
6 586.256 -106.898 -4.03121 0.5
6 617.332 -90.483 -14.8705 0.5
6 589.057 -87.7451 14.243 0.5
6 609.251 -84.5743 -12.7661 0.5
6 648.285 -102.887 10.7733 0.5
6 642.579 -77.7499 -2.98391 0.5
6 617.138 -84.7704 -12.885 0.5
6 581.652 -105.246 7.82641 0.5
6 605.312 -104.03 9.53431 0.5
6 652.837 -86.4893 13.7648 0.5
6 598.436 -95.3676 -14.7135 0.5
6 584.587 -95.851 14.6094 0.5
6 610.542 -101.633 -11.8608 0.5
6 597.805 -81.5424 -10.2967 0.5
6 578.345 -77.9636 3.89111 0.5
6 615.787 -79.9598 -8.30614 0.5
6 597.549 -101.164 12.2091 0.5
6 666.267 -104.172 -9.35948 0.5
6 601.617 -101.544 11.9289 0.5
6 592.571 -87.8586 -14.28 0.5
6 662.039 -89.5476 14.7165 0.5
6 610.909 -84.6628 -12.8202 0.5
6 616.943 -89.2589 -14.6566 0.5
6 607.192 -105.272 7.78373 0.5
6 661.068 -103.67 9.95551 0.5
6 641.349 -78.6635 5.91027 0.5
6 639.523 -104.504 8.92745 0.5
6 589.109 -93.5327 -14.9609 0.5
6 595.825 -106.357 -5.62113 0.5
6 654.737 -102.29 11.3214 0.5
6 561.648 -91.5041 14.9701 0.5
6 610.139 -107.319 1.97939 0.5
6 608.51 -106.792 4.3958 0.5
6 604.36 -89.0038 14.5987 0.5
6 646.803 -107.438 0.601201 0.5
6 651.152 -96.3717 -14.4783 0.5
6 662.653 -77.5089 1.32724 0.5
6 589.31 -86.6653 13.8397 0.5
6 637.049 -77.6495 -2.43777 0.5
6 645.34 -77.9294 3.76175 0.5
6 618.35 -79.0447 -6.73023 0.5
6 638.673 -78.7936 6.20493 0.5
6 658.047 -103.317 -10.3394 0.5
6 584.305 -77.9639 3.89218 0.5
6 608.133 -83.6634 12.157 0.5
6 634.736 -107.149 -2.99248 0.5
6 564.687 -87.7959 -14.2597 0.5
6 590.803 -77.5671 -1.86995 0.5
6 655.359 -79.2249 -7.0777 0.5
6 587.764 -80.8543 -9.51516 0.5
6 591.51 -96.014 -14.5705 0.5
6 585.825 -84.9116 -12.9681 0.5
6 602.125 -81.3322 10.0694 0.5
6 558.548 -77.4501 0.0217644 0.5
6 654.607 -102.335 -11.2821 0.5
6 558.109 -103.76 9.85321 0.5
6 565.722 -107.442 -0.482397 0.5
6 595.715 -106.452 5.38067 0.5
6 620.648 -84.4586 12.694 0.5
6 648.084 -88.9679 -14.5902 0.5
6 639.53 -77.4509 -0.157225 0.5
6 664.613 -88.2315 14.3946 0.5
6 619.455 -92.8592 -14.9944 0.5
6 577.596 -81.9072 -10.6699 0.5
6 562.073 -90.2636 -14.8398 0.5
6 586.786 -80.8903 9.5588 0.5
6 582.419 -81.7549 -10.5173 0.5
6 612.916 -83.6255 12.1296 0.5
6 601.209 -106.223 5.94301 0.5
6 641 -94.7475 -14.823 0.5
6 600.041 -87.657 14.2136 0.5
6 561.119 -106.454 -5.37609 0.5
6 619.397 -103.316 -10.3404 0.5
6 558.461 -77.5127 1.3691 0.5
6 597.562 -103.114 10.5489 0.5
6 639.18 -80.0224 8.39951 0.5
6 649.951 -106.658 -4.81054 0.5
6 583.906 -77.5488 -1.71781 0.5
6 601.612 -98.0542 -13.9138 0.5
6 557.613 -97.0669 -14.2718 0.5
6 636.464 -103.106 -10.5567 0.5
6 601.583 -103.882 9.71192 0.5
6 602.684 -79.4648 -7.50887 0.5
6 594.491 -91.2456 14.9516 0.5
6 613.386 -100.909 12.3876 0.5
6 600.298 -93.0707 14.9872 0.5
6 653.422 -105.331 7.68663 0.5
6 604.296 -107.06 -3.39676 0.5
6 616.918 -78.1542 4.54161 0.5
6 661.449 -87.853 14.2782 0.5
6 613.38 -107.392 1.32247 0.5
6 607.597 -91.933 14.9911 0.5
6 595.43 -107.267 -2.33922 0.5
6 560.268 -97.0892 -14.2646 0.5
6 643.808 -93.9838 -14.9214 0.5
6 648.316 -78.1643 4.57331 0.5
6 621.438 -99.8583 13.0429 0.5
6 572.956 -106.826 4.28046 0.5
6 594.06 -78.7318 6.06709 0.5
6 628.358 -81.5679 -10.3237 0.5
6 642.357 -80.8022 9.45125 0.5
6 605.624 -106.819 -4.30406 0.5
6 625.767 -92.4615 15 0.5
6 602.026 -78.3477 -5.11094 0.5
6 586.983 -79.5312 7.62257 0.5
6 559.029 -81.4968 -10.2482 0.5
6 592.317 -90.3227 -14.8484 0.5
6 570.679 -77.4621 0.598975 0.5
6 561.575 -102.063 11.5151 0.5
6 662.31 -85.6143 13.3518 0.5
6 654.186 -83.6499 12.1473 0.5
6 596.432 -77.5934 -2.06868 0.5
6 599.297 -77.472 0.811241 0.5
6 572.232 -80.9813 9.66782 0.5
6 610.122 -79.8578 8.15077 0.5
6 647.852 -99.551 13.2128 0.5
6 582.364 -78.5048 5.52539 0.5
6 637.271 -107.43 -0.777163 0.5
6 599.612 -92.2089 -14.9981 0.5
6 584.927 -105.42 7.53502 0.5
6 577.608 -97.0218 14.2863 0.5
6 581.826 -79.4665 7.51174 0.5
6 599.349 -79.1204 6.87894 0.5
6 627.482 -107.45 -0.11023 0.5
6 617.179 -77.5073 -1.30826 0.5
6 622.981 -105.634 7.1552 0.5
6 577.127 -89.5068 14.7084 0.5
6 599.677 -94.8717 -14.8032 0.5
6 659.745 -107.305 2.08364 0.5
6 658.286 -78.7013 5.99754 0.5
6 641.436 -79.8826 -8.18891 0.5
6 655.483 -77.9661 3.90068 0.5
6 653.065 -88.3571 -14.4308 0.5
6 594.093 -99.8914 -13.0241 0.5
6 638.074 -77.4563 0.430515 0.5
6 658.245 -84.7576 12.8773 0.5
6 660.692 -78.8731 -6.37695 0.5
6 663.132 -88.0112 14.3282 0.5
6 577.655 -105.694 -7.04318 0.5
6 607.678 -96.4896 -14.4459 0.5
6 651.345 -98.6232 13.6709 0.5
6 604.194 -83.9154 -12.3353 0.5
6 563.249 -107.221 -2.61279 0.5
6 570.975 -77.6141 -2.21225 0.5
6 666.005 -78.4397 5.35817 0.5
6 618.199 -105.345 -7.66245 0.5
6 631.813 -80.9314 -9.60828 0.5
6 611.004 -93.1407 14.9841 0.5
6 569.092 -77.8685 -3.51796 0.5
6 656.941 -105.418 7.53952 0.5
6 631.795 -93.4892 -14.964 0.5
6 643.38 -90.19 14.8288 0.5
6 589.226 -82.8601 -11.534 0.5
6 661.18 -98.6921 -13.6395 0.5
6 579.541 -107.136 3.05348 0.5
6 560.101 -90.504 14.8732 0.5
6 582.643 -83.3229 11.9036 0.5
6 655.49 -99.6892 -13.1375 0.5
6 563.272 -83.78 -12.2405 0.5
6 660.508 -81.0546 9.75409 0.5
6 643.679 -103.277 10.3814 0.5
6 625.373 -86.0981 13.5887 0.5
6 613.609 -81.6989 -10.46 0.5
6 586.984 -82.6261 -11.3353 0.5
6 630.815 -93.0815 -14.9867 0.5
6 592.806 -94.0266 -14.9169 0.5
6 558.442 -78.9256 6.48764 0.5
6 642.549 -77.4558 -0.415327 0.5
6 632.33 -78.4179 5.30082 0.5
6 619.129 -83.6962 -12.1807 0.5
6 581.384 -107.11 3.17806 0.5
6 635.269 -106.411 5.48493 0.5
6 666.48 -106.923 3.93968 0.5
7 651.394 -61.896 14.4287 0.5
7 614.524 7.49991 -11.4956 0.5
7 625.292 -26.2368 13.9747 0.5
7 653.27 -72.0885 14.7283 0.5
7 627.045 -25.2466 -14.9324 0.5
7 633.813 -49.5589 -5.35157 0.5
7 637.11 -27.9475 6.9179 0.5
7 635.76 -39.2851 -14.9955 0.5
7 647.898 -54.4311 13.9512 0.5
7 644.142 -38.6239 2.37056 0.5
7 640.287 -34.1707 8.15571 0.5
7 662.678 -97.6947 8.79226 0.5
7 631.35 -44.4698 -7.14185 0.5
7 664.369 -76.4243 -8.93849 0.5
7 639.473 -31.0785 -4.62088 0.5
7 645.514 -68.6624 7.73696 0.5
7 624.938 -6.72523 6.64474 0.5
7 654.529 -70.5233 14.9727 0.5
7 648.636 -71.3939 11.0219 0.5
7 654.925 -75.7899 -14.5422 0.5
7 644.564 -39.4344 2.81415 0.5
7 618.089 6.2598 -3.56186 0.5
7 616.35 9.51969 -2.32557 0.5
7 614.594 -17.1885 -1.44434 0.5
7 650.76 -79.8894 0.554207 0.5
7 635.564 -25.1275 6.63659 0.5
7 664.261 -78.9384 11.7338 0.5
7 614.119 -15.8459 4.16432 0.5
7 663.377 -81.9497 -14.2106 0.5
7 664.997 -103.364 -5.8667 0.5
7 658.739 -71.1504 12.9506 0.5
7 611.914 -4.49575 13.3293 0.5
7 650.881 -59.308 13.8329 0.5
7 660.442 -70.3229 9.81196 0.5
7 626.396 -26.1102 -14.6072 0.5
7 648.201 -53.603 13.3376 0.5
7 622.293 -19.7684 14.4069 0.5
7 637.151 -32.1465 -11.8617 0.5
7 650.704 -49.9837 -2.32604 0.5
7 660.935 -67.593 1.4514 0.5
7 638.837 -47.278 -14.6909 0.5
7 630.113 -33.0692 -14.4757 0.5
7 635.579 -26.3289 -8.62013 0.5
7 627.294 -16.3699 -12.7609 0.5
7 651.934 -59.7048 -13.1437 0.5
7 640.903 -57.1603 -11.7413 0.5
7 617.387 -19.5713 8.32629 0.5
7 662.972 -84.3461 14.9027 0.5
7 659.461 -94.9081 1.36144 0.5
7 655.32 -87.7962 0.166899 0.5
7 625.695 -9.24827 8.67649 0.5
7 653.826 -77.3411 13.1961 0.5
7 620.854 -12.2559 14.9763 0.5
7 650.636 -78.2805 6.33445 0.5
7 661.015 -78.7494 14.4808 0.5
7 653.374 -59.7786 -11.4855 0.5
7 634.245 -39.8606 -14.5696 0.5
7 664.554 -94.0117 -14.0622 0.5
7 643.41 -37.3611 -2.39876 0.5
7 630.403 -26.6126 14.6914 0.5
7 651.368 -51.4 3.64088 0.5
7 646.466 -67.9586 -10.7155 0.5
7 661.386 -93.931 10.5852 0.5
7 648.014 -45.5968 -3.6609 0.5
7 655.077 -59.2226 7.20853 0.5
7 611.289 -11.3531 2.31524 0.5
7 626.591 -8.03813 0.0994167 0.5
7 625.555 -20.739 -14.9915 0.5
7 612.049 -7.19698 -11.7315 0.5
7 650.718 -74.6687 -11.32 0.5
7 653.594 -65.6936 -14.425 0.5
7 644.238 -59.1077 13.9532 0.5
7 638.244 -28.2211 0.142575 0.5
7 643.063 -65.464 5.64628 0.5
7 625.395 -6.24408 -2.87588 0.5
7 659.141 -94.4135 0.225358 0.5
7 661.304 -92.2557 11.9293 0.5
7 629.753 -41.7991 -6.96312 0.5
7 633.476 -42.0253 -13.2328 0.5
7 666.031 -76.9469 4.19157 0.5
7 646.064 -69.2191 -8.36004 0.5
7 632.511 -40.5436 13.1295 0.5
7 659.347 -65.7716 -5.38449 0.5
7 659.387 -87.936 -12.6289 0.5
7 613.065 -13.8985 4.56093 0.5
7 632.333 -24.305 -12.2358 0.5
7 631.79 -31.4454 14.9881 0.5
7 663.536 -98.1305 10.0858 0.5
7 626.836 -8.98289 3.91975 0.5
7 616.147 -14.6079 -11.4756 0.5
7 613.889 -7.43038 -13.5687 0.5
7 662.037 -82.0041 -14.8025 0.5
7 624.619 -32.2928 8.02646 0.5
7 616.219 -11.3667 13.615 0.5
7 660.826 -94.2381 9.1263 0.5
7 646.754 -48.2966 -11.4729 0.5
7 631.071 -27.4444 -14.6208 0.5
7 619.281 -3.08073 13.1069 0.5
7 619.066 -0.958871 11.966 0.5
7 663.587 -93.7402 -13.4579 0.5
7 629.678 -42.6275 -4.70323 0.5
7 629.461 -22.06 13.7704 0.5
7 651.622 -76.6894 -10.9063 0.5
7 625.21 -6.41493 4.74406 0.5
7 645.648 -65.7112 11.4703 0.5
7 633.709 -48.7655 -6.74247 0.5
7 625.851 -31.3029 11.5694 0.5
7 615.006 -17.7773 -2.40628 0.5
7 622.421 -7.65437 12.5865 0.5
7 616.964 -16.3549 -11.1877 0.5
7 620.938 -25.3026 -8.92249 0.5
7 662.104 -83.1767 14.9373 0.5
7 621.32 -23.1408 -11.8207 0.5
7 666.482 -100.466 12.47 0.5
7 657.952 -92.2562 -1.72643 0.5
7 648.85 -58.6515 14.7093 0.5
7 615.33 -1.71312 14.8894 0.5
7 666.419 -77.0281 -0.46461 0.5
7 657.098 -79.9529 14.4354 0.5
7 653.864 -57.7696 -8.28245 0.5
7 642.965 -66.3774 -0.773273 0.5
7 620.714 -27.1552 4.53787 0.5
7 635.81 -24.2746 -2.82905 0.5
7 657.521 -90.4761 5.71929 0.5
7 616.278 -19.6322 -3.99683 0.5
7 624.67 -31.7786 8.90649 0.5
7 651.858 -78.6808 9.15693 0.5
7 612.019 17.0034 -2.43573 0.5
7 620.824 -2.75056 -10.9071 0.5
7 639.357 -35.2575 11.2775 0.5
7 648.401 -55.4163 13.9958 0.5
7 631.487 -37.9439 -13.5535 0.5
7 649.118 -74.7639 -7.96707 0.5
7 657.711 -65.0611 9.16067 0.5
7 660.482 -94.5496 7.8021 0.5
7 662.19 -70.7909 -5.62489 0.5
7 613.439 -6.26823 -13.7428 0.5
7 649.681 -56.2909 13.4008 0.5
7 657.482 -90.2534 -6.08367 0.5
7 648.443 -75.7415 2.07246 0.5
7 630.736 -40.3754 11.0363 0.5
7 628.062 -17.3303 -12.525 0.5
7 653.752 -55.1246 -1.14798 0.5
7 622.857 -28.7194 -8.79597 0.5
7 662.508 -70.9658 -4.58643 0.5
7 616.875 2.57673 -12.1582 0.5
7 651.363 -52.5982 6.84768 0.5
7 649.784 -72.9057 -11.4444 0.5
7 652.748 -54.7355 6.31331 0.5
7 613.243 -5.80187 13.7975 0.5
7 624.554 -19.4391 14.9998 0.5
7 624.271 -21.2435 14.834 0.5
7 641.269 -56.5894 12.6061 0.5
7 661.182 -97.1515 4.83144 0.5
7 656.719 -90.094 -1.94744 0.5
7 653.101 -75.1498 13.6602 0.5
7 619.869 -26.323 -1.468 0.5
7 618.612 1.38622 -10.6105 0.5
7 612.063 12.8517 -10.4862 0.5
7 649.223 -49.9116 8.5503 0.5
7 613.307 -12.2972 8.63116 0.5
7 617.215 -19.5683 -7.86665 0.5
7 647.386 -44.4063 -3.22607 0.5
7 664.29 -73.7949 -3.68949 0.5
7 663.305 -100.774 -4.9872 0.5
7 663.885 -85.1603 -14.7951 0.5
7 644.987 -42.817 -8.88866 0.5
7 612.643 15.1953 5.18945 0.5
7 658.13 -85.0479 -13.0569 0.5
7 613.296 14.9648 -0.872364 0.5
7 633.415 -20.5015 4.35109 0.5
7 624.191 -4.39338 3.88825 0.5
7 648.558 -58.7165 -14.8119 0.5
7 612.82 -4.87856 -13.8774 0.5
7 623.372 -17.4502 15 0.5
7 612.71 -13.6951 2.97863 0.5
7 664.413 -82.5924 -13.7675 0.5
7 614.017 9.58461 10.3657 0.5
7 623.336 -32.3322 1.4182 0.5
7 664.199 -100.189 -8.98314 0.5
7 625.306 -15.2808 -13.943 0.5
7 647.747 -48.7853 10.31 0.5
7 630.872 -36.4871 -13.7326 0.5
7 650.106 -78.7402 0.889627 0.5
7 633.762 -33.4294 14.8623 0.5
7 656.506 -70.805 -14.4441 0.5
7 659.5 -93.0523 -7.45658 0.5
7 618.329 -23.6537 -1.48297 0.5
7 621.265 -0.336482 6.58726 0.5
7 631.017 -42.2994 -9.51468 0.5
7 624.772 -13.0913 -13.373 0.5
7 636.285 -29.5843 10.9584 0.5
7 615.51 10.8945 -2.78752 0.5
7 612.281 4.31214 -14.7792 0.5
7 616.428 -0.935543 -14.3097 0.5
7 629.909 -15.2233 -6.41145 0.5
7 632.539 -19.1842 4.96564 0.5
7 629.219 -35.3812 -12.8169 0.5
7 653.372 -79.4251 -11.1781 0.5
7 644.954 -51.8732 14.7033 0.5
7 611.678 3.70086 14.9725 0.5
7 635.12 -35.1289 -14.7584 0.5
7 613.934 7.27096 -12.4373 0.5
7 630.503 -39.8649 -11.1328 0.5
7 622.911 -29.8983 -7.05963 0.5
7 652.764 -72.8946 14.3014 0.5
7 663.218 -74.5473 -9.09251 0.5
7 638.258 -50.5105 -13.1227 0.5
7 651.329 -73.456 -12.9489 0.5
7 651.923 -76.5943 11.4582 0.5
7 631.4 -16.7383 -3.31631 0.5
7 644.012 -57.6397 -14.3316 0.5
7 660.498 -93.587 -9.23445 0.5
7 639.55 -58.5712 7.32653 0.5
7 623.942 -3.44863 0.0994612 0.5
7 665.33 -102.559 8.4062 0.5
7 627.903 -10.77 3.69101 0.5
7 650.352 -78.583 -4.23264 0.5
7 632.452 -21.8439 -9.81413 0.5
7 613.336 5.81961 13.7918 0.5
7 614.398 -7.69794 13.842 0.5
7 643.569 -60.0278 12.9417 0.5
7 626.285 -7.52751 -0.789996 0.5
7 648.221 -46.3452 4.9601 0.5
7 657.508 -75.5527 -14.9643 0.5
7 629.059 -18.3951 12.0627 0.5
7 639.554 -41.7879 -14.5359 0.5
7 635.778 -51.7296 7.85159 0.5
7 622.059 -30.071 1.86865 0.5
8 625.349 39.3533 10.2859 0.5
8 647.041 72.8701 13.338 0.5
8 635.822 50.4719 -14.485 0.5
8 663.084 79.2307 -3.59203 0.5
8 636.258 35.1368 -8.73562 0.5
8 629.542 43.6233 -12.7358 0.5
8 655.814 78.7427 14.7968 0.5
8 611.67 17.2173 8.3304 0.5
8 631.98 29.1312 10.4209 0.5
8 618.912 24.0298 -13.3988 0.5
8 623.055 32.8999 -12.4017 0.5
8 633.776 28.0592 -0.897391 0.5
8 650.793 77.5613 14.1224 0.5
8 663.963 101.142 -13.8225 0.5
8 638.666 65.7125 -4.7986 0.5
8 649.175 56.0571 6.22844 0.5
8 629.132 35.9017 -14.9721 0.5
8 633.062 56.7949 -0.0246829 0.5
8 649.017 60.0238 -11.6846 0.5
8 659.502 90.7073 -14.6724 0.5
8 616.27 14.5615 -14.8853 0.5
8 612.962 21.9371 -1.15143 0.5
8 659.898 82.2453 13.7345 0.5
8 654.154 92.6802 4.35611 0.5
8 622.1 28.7922 -13.755 0.5
8 650.574 73.028 14.9729 0.5
8 629.344 31.6353 14.5312 0.5
8 663.289 94.6282 14.9924 0.5
8 663.941 104.7 -11.672 0.5
8 632.776 40.0741 -14.9499 0.5
8 635.527 35.238 -10.3818 0.5
8 635.887 42.7011 14.4602 0.5
8 617.266 22.396 -12.7138 0.5
8 637.514 41.3923 12.6156 0.5
8 622.588 38.3584 2.95759 0.5
8 647.018 61.3886 -14.2843 0.5
8 616.362 16.0434 14.6605 0.5
8 620.295 6.44095 -7.04793 0.5
8 612.302 20.6837 -2.14881 0.5
8 616.031 27.2953 0.209327 0.5
8 621.112 27.6897 13.4737 0.5
8 634.823 37.4825 13.0686 0.5
8 643.445 71.985 8.7192 0.5
8 636.977 35.7649 -7.80271 0.5
8 638.835 37.0749 -2.89168 0.5
8 641.919 71.4828 -4.37503 0.5
8 650.36 57.7055 -5.25172 0.5
8 635.784 53.7813 -13.1198 0.5
8 659.615 77.6942 11.0977 0.5
8 619.565 20.0298 14.9131 0.5
8 660.809 76.2633 -6.34546 0.5
8 641.791 68.6889 9.29317 0.5
8 643.446 70.3396 10.6546 0.5
8 657.523 97.0534 -7.67152 0.5
8 659.972 101.846 -6.65753 0.5
8 619.773 21.9698 14.6564 0.5
8 648.318 62.5515 -13.8878 0.5
8 661.287 98.0607 -13.0602 0.5
8 664.675 94.0994 14.7983 0.5
8 630.453 49.2091 -9.0883 0.5
8 634.815 54.1616 -11.7445 0.5
8 613.499 -4.90231 7.79876 0.5
8 612.199 7.94794 -14.8244 0.5
8 636.713 43.1793 -14.1636 0.5
8 623.955 38.6432 -8.10412 0.5
8 619.814 33.6457 -2.45916 0.5
8 620.395 5.8574 5.39249 0.5
8 623.177 12.5915 -8.88958 0.5
8 621.913 37.3777 1.7863 0.5
8 633.238 30.2168 9.15468 0.5
8 645.296 61.8612 -14.9579 0.5
8 659.415 76.2771 10.0203 0.5
8 638.901 65.6618 -5.98551 0.5
8 665.518 84.2825 6.04663 0.5
8 633.349 37.1937 -14.1071 0.5
8 641.416 56.194 -14.9998 0.5
8 644.051 73.9138 7.3342 0.5
8 650.995 58.4381 4.14164 0.5
8 651.235 86.7162 -6.65268 0.5
8 631.878 24.9788 2.64099 0.5
8 615.45 24.9185 6.26598 0.5
8 662.931 84.2367 -11.775 0.5
8 663.888 92.5796 14.7716 0.5
8 644.453 76.5225 0.235412 0.5
8 648.269 53.1522 0.721562 0.5
8 665.751 100.939 14.7861 0.5
8 612.263 -8.30196 -5.19419 0.5
8 640.21 51.9809 14.8385 0.5
8 642.381 72.9187 0.731504 0.5
8 638.873 40.8031 -10.1368 0.5
8 634.377 53.248 11.8671 0.5
8 664.269 103.114 -13.1225 0.5
8 622.053 10.9628 -9.30741 0.5
8 631.654 30.5099 -12.1132 0.5
8 642.738 43.5563 -0.197054 0.5
8 647.933 82.0673 -3.7823 0.5
8 624.869 33.3748 13.8455 0.5
8 660.353 94.3329 14.0443 0.5
8 639.138 65.2887 7.53703 0.5
8 626.957 36.922 -13.8746 0.5
8 626.327 26.3791 -14.5235 0.5
8 613.122 -0.872221 -12.6053 0.5
8 615.137 2.54353 12.5578 0.5
8 611.277 13.2199 -11.8805 0.5
8 649.662 55.6606 1.84003 0.5
8 612.481 21.1027 1.16612 0.5
8 645.01 66.4978 -14.4544 0.5
8 635.492 34.6613 9.81584 0.5
8 630.65 48.3034 -10.5273 0.5
8 613.444 17.2965 -11.6241 0.5
8 626.034 29.864 -14.998 0.5
8 636.211 32.4626 -2.51772 0.5
8 635.532 32.7618 6.91427 0.5
8 647.961 81.4801 -5.68964 0.5
8 618.067 30.2982 3.93256 0.5
8 615.573 -2.08931 6.34377 0.5
8 658.509 92.4603 13.4749 0.5
8 625.181 27.2206 -14.9716 0.5
8 629.72 24.4694 -9.587 0.5
8 640.409 40.9809 -6.45798 0.5
8 646.533 69.4079 14.376 0.5
8 618.084 3.76042 -8.87703 0.5
8 664.921 87.889 -11.9337 0.5
8 623.777 10.7655 -1.26192 0.5
8 627.554 27.4554 14.2116 0.5
8 666.155 110.612 9.63268 0.5
8 654.67 69.4002 -11.3376 0.5
8 627.988 47.7097 2.96532 0.5
8 650.681 87.0827 -2.61742 0.5
8 645.798 78.1121 -4.66189 0.5
8 655.626 94.8723 5.39745 0.5
8 619.558 11.5405 -13.337 0.5
8 625.738 16.4723 8.08041 0.5
8 644.109 58.1169 -14.7341 0.5
8 664.288 109.044 -7.19238 0.5
8 632.125 26.8816 6.95562 0.5
8 664.049 91.2662 -14.4001 0.5
8 635.439 31.0293 -1.86567 0.5
8 629.774 46.4718 -10.8357 0.5
8 621.235 32.4769 10.0159 0.5
8 641.147 51.0606 14.232 0.5
8 633.823 46.7205 14.5599 0.5
8 630.886 23.3996 -3.32681 0.5
8 621.962 34.4399 9.16949 0.5
8 648.978 66.4118 -14.707 0.5
8 640.317 67.8415 -6.57816 0.5
8 653.263 87.6961 10.2915 0.5
8 651.613 60.568 -6.82389 0.5
8 653.502 86.7192 11.5915 0.5
8 626.641 38.8314 12.588 0.5
8 652.171 89.3325 4.06121 0.5
8 626.274 43.8856 5.76436 0.5
8 643.705 67.7281 12.9915 0.5
8 646.317 50.5723 -4.88594 0.5
8 639.172 62.9527 -10.6383 0.5
8 649.186 74.224 -14.3087 0.5
8 635.747 49.8072 14.6186 0.5
8 653.763 69.4624 12.568 0.5
8 644.788 47.1677 1.36222 0.5
8 639.724 61.1518 12.8016 0.5
8 664.93 90.5074 13.526 0.5
8 624.385 31.6629 -14.1783 0.5
8 656.924 73.3741 11.3974 0.5
8 617.041 23.7623 -11.4281 0.5
8 622.792 24.6812 14.9848 0.5
8 612.104 6.97768 14.9266 0.5
8 612.302 19.4383 6.32823 0.5
8 627.888 46.3862 -6.42686 0.5
8 644.575 64.8221 14.6793 0.5
8 612.721 11.61 14.1255 0.5
8 644.006 47.1199 6.2604 0.5
8 620.113 7.8968 -9.66645 0.5
8 614.986 0.177637 10.8962 0.5
8 630.252 51.1577 -4.74429 0.5
8 614.735 14.0802 14.4489 0.5
8 644.658 76.0067 5.04425 0.5
8 648.303 77.9112 -11.4256 0.5
8 662.909 86.5138 13.2778 0.5
8 617.395 18.2551 14.5625 0.5
8 624.458 29.914 14.6926 0.5
8 628.777 44.6421 -10.933 0.5
8 632.576 46.079 -14.097 0.5
8 624.507 13.2659 -6.08312 0.5
8 666.058 95.9649 -14.7007 0.5
8 623.522 21.5771 14.538 0.5
8 634.458 38.4449 13.8467 0.5
8 631.956 32.5543 -13.0901 0.5
8 615.884 5.20686 13.352 0.5
8 629.971 33.3599 -14.6802 0.5
8 635.847 61.6181 0.0760818 0.5
8 657.603 98.8175 3.77555 0.5
8 629.688 45.0506 -11.9244 0.5
8 659.321 72.9111 4.31319 0.5
8 639.458 38.599 -4.60823 0.5
8 654.163 90.5475 -8.72082 0.5
8 659.644 88.6357 -14.9787 0.5
8 616.167 0.683232 -9.19825 0.5
8 647.184 81.1465 -1.80033 0.5
8 632.656 42.7816 -14.9044 0.5
8 637.557 64.3347 2.70261 0.5
8 635.73 41.2067 14.0664 0.5
8 646.816 59.3975 -13.6496 0.5
8 646.648 51.4473 5.68884 0.5
8 628.609 39.2261 -14.0906 0.5
8 641.314 65.7182 -11.5004 0.5
8 613.686 -3.95899 8.73445 0.5
8 659.589 97.6367 11.273 0.5
8 615.133 14.3794 -14.552 0.5
8 637.723 63.1469 6.9774 0.5
8 657.234 96.6015 7.58717 0.5
8 663.811 81.3573 6.11463 0.5
8 647.055 70.5794 14.2937 0.5
9 735.321 114.998 -0.250667 0.5
9 765.766 87.049 -7.56779 0.5
9 870.678 114.528 3.73216 0.5
9 798.971 114.229 4.74673 0.5
9 836.493 99.434 -14.9893 0.5
9 945.069 104.866 -14.1887 0.5
9 896.743 104.262 14.3819 0.5
9 998.169 90.0499 -11.2248 0.5
9 762.963 114.117 -5.07034 0.5
9 718.087 85.9267 -5.1907 0.5
9 863.586 91.0702 12.0523 0.5
9 838.007 112.825 7.77906 0.5
9 711.633 90.3676 -11.4985 0.5
9 867.028 88.8392 -10.0218 0.5
9 852.229 108.315 12.4846 0.5
9 784.567 85.2293 -2.61268 0.5
9 997.796 97.1975 14.7359 0.5
9 791.572 95.0056 14.1441 0.5
9 895.71 106.378 -13.5764 0.5
9 696.943 109.546 -11.5705 0.5
9 832.938 114.09 5.14429 0.5
9 761.474 98.6777 14.9416 0.5
9 978.389 93.0815 13.3092 0.5
9 802.018 85.9618 5.28466 0.5
9 895.804 107.916 -12.7414 0.5
9 731.058 93.51 -13.5233 0.5
9 674.357 87.9446 -8.92571 0.5
9 988.137 91.7008 -12.4949 0.5
9 674.532 113.531 6.47359 0.5
9 881.395 114.668 -3.14035 0.5
9 790.74 106.141 -13.6852 0.5
9 946.425 107.504 12.988 0.5
9 924.777 99.7931 -14.9986 0.5
9 697.904 99.9348 -14.9999 0.5
9 823.752 105.388 -13.9989 0.5
9 812.716 114.883 -1.87347 0.5
9 964.007 93.3389 -13.4399 0.5
9 690.699 91.398 -12.2884 0.5
9 832.695 94.6625 14.0183 0.5
9 779.174 85.1467 -2.09243 0.5
9 666.873 107.572 12.9488 0.5
9 691.09 107.759 -12.8374 0.5
9 691.611 95.9498 -14.4428 0.5
9 947.105 85.9957 -5.37402 0.5
9 738.902 97.2864 -14.7525 0.5
9 782.983 109.536 -11.5789 0.5
9 685.461 93.9761 13.7373 0.5
9 985.114 100.149 14.9993 0.5
9 798.956 107.094 -13.2163 0.5
9 721.358 98.4207 14.9166 0.5
9 759.776 85.0486 -1.20596 0.5
9 746.128 107.167 13.1773 0.5
9 820.046 105.947 -13.7709 0.5
9 962.815 111.689 -9.3999 0.5
9 686.687 96.3564 14.5507 0.5
9 813.019 101.663 14.9075 0.5
9 666.867 101.035 -14.9642 0.5
9 862.699 87.8163 8.74966 0.5
9 667.331 90.697 11.7667 0.5
9 918.363 112.746 7.90891 0.5
9 871.357 106.272 -13.6258 0.5
9 825.987 113.302 6.93221 0.5
9 812.357 99.1556 14.9762 0.5
9 925.976 85.872 -5.03976 0.5
9 953.736 114.271 4.61823 0.5
9 805.967 101.583 -14.9162 0.5
9 946.502 90.5524 11.6509 0.5
9 758.763 85.0628 -1.37144 0.5
9 680.408 92.2741 12.8573 0.5
9 708.691 113.656 6.20546 0.5
9 923.401 85.0686 1.43338 0.5
9 963.663 114.997 -0.28932 0.5
9 729.808 114.975 -0.862097 0.5
9 792.981 94.7117 -14.0369 0.5
9 728.304 98.1675 -14.8876 0.5
9 955.943 98.9937 14.9662 0.5
9 730.138 94.4838 -13.9489 0.5
9 977.259 90.3238 -11.4618 0.5
9 889.38 86.1679 -5.80295 0.5
9 993.149 97.1534 -14.7274 0.5
9 753.676 88.6581 -9.81632 0.5
9 721.342 113.959 5.49036 0.5
9 764.084 113.69 6.13069 0.5
9 918.72 85.11 1.8134 0.5
9 788.349 114.965 1.0218 0.5
9 758.194 88.2586 9.33487 0.5
9 750.521 89.1879 -10.397 0.5
9 833.394 85.1299 -1.97017 0.5
9 944.976 95.4265 -14.2858 0.5
9 765.233 92.0327 -12.7091 0.5
9 745.529 86.7806 -7.08858 0.5
9 795.688 103.941 -14.473 0.5
9 703.853 90.1467 11.3099 0.5
9 883.528 103.157 14.6639 0.5
9 917.684 105.642 -13.8984 0.5
9 819.434 85.0623 -1.36573 0.5
9 962.842 89.5287 10.7402 0.5
9 937.084 93.7804 13.6498 0.5
9 753.148 98.5511 -14.9299 0.5
9 719.123 85.7474 4.67583 0.5
9 768.239 88.8446 -10.0278 0.5
9 732.403 114.999 0.164781 0.5
9 797.302 107.65 -12.9028 0.5
9 714.41 94.8911 14.1032 0.5
9 691.484 111.666 9.42941 0.5
9 697.528 86.085 5.60111 0.5
9 786.528 88.5477 9.6873 0.5
9 931.831 103.118 -14.6724 0.5
9 807.992 86.3556 6.23131 0.5
9 900.074 92.0041 12.6912 0.5
9 989.414 114.676 3.10161 0.5
9 756.434 114.998 -0.218561 0.5
9 748.218 88.6549 9.81272 0.5
9 969.028 102.216 14.8353 0.5
9 732.152 114.473 3.94127 0.5
9 866.367 85.522 -3.92265 0.5
9 854.378 98.8408 -14.9551 0.5
9 877.017 85.0241 -0.850238 0.5
9 846.807 90.796 11.8442 0.5
9 993.264 90.9403 -11.955 0.5
9 907.106 86.1075 -5.65682 0.5
9 828.144 85.3689 3.30621 0.5
9 790.15 105.394 13.9967 0.5
9 950.176 85.5228 -3.92565 0.5
9 995.247 86.6203 6.78107 0.5
9 900.788 98.3279 14.9065 0.5
9 834.078 88.9769 -10.173 0.5
9 831.444 94.2692 -13.8621 0.5
9 696.592 90.2649 -11.4118 0.5
9 721.153 106.918 13.3097 0.5
9 892.469 111.298 -9.867 0.5
9 924.507 114.995 0.387278 0.5
9 737.867 114.709 2.94068 0.5
9 867.065 102.869 14.723 0.5
9 939.28 114.996 0.332781 0.5
9 832.822 86.9407 -7.37939 0.5
9 974.556 87.6328 -8.48843 0.5
9 979.606 88.8152 9.995 0.5
9 941.109 96.7083 14.6344 0.5
9 816.572 91.5577 12.3987 0.5
9 867.825 114.414 4.15057 0.5
9 930.001 91.0269 -12.0201 0.5
9 901.571 87.0727 7.60824 0.5
9 973.686 85.0219 0.810267 0.5
9 931.091 97.1559 14.7279 0.5
9 813.444 110.398 10.8107 0.5
9 846.23 88.5615 9.70359 0.5
9 961.059 114.964 1.03934 0.5
9 814.794 112.164 -8.77709 0.5
9 941.423 114.98 0.766411 0.5
9 813.808 90.5144 -11.6199 0.5
9 984.798 105.586 13.9211 0.5
9 681.475 86.7432 -7.01844 0.5
9 695.124 105.496 13.9567 0.5
9 819.99 114.016 5.34458 0.5
9 981.294 90.8373 11.8762 0.5
9 701.791 112.686 8.00364 0.5
9 683.271 87.7252 8.62139 0.5
9 996.33 114.997 -0.319788 0.5
9 754.231 98.1902 -14.8904 0.5
9 675.162 97.3634 14.7665 0.5
9 990.495 95.9262 14.4362 0.5
9 784.647 114.953 1.1895 0.5
9 703.805 91.7538 -12.53 0.5
9 722.119 90.0303 11.2074 0.5
9 831.264 88.8187 -9.99887 0.5
9 837.538 89.6706 -10.8767 0.5
9 970.685 110.023 11.1594 0.5
9 753.627 85.3828 -3.36703 0.5
9 952.477 86.1156 -5.67659 0.5
9 831.233 108.293 12.4987 0.5
9 953.699 108.367 12.4498 0.5
9 896.28 94.7718 14.0594 0.5
9 945.559 85.5668 -4.08437 0.5
9 814.925 99.7863 14.9985 0.5
9 960.369 115 0.11002 0.5
9 747.283 99.8867 -14.9996 0.5
9 792.729 86.3091 6.12867 0.5
9 788.235 94.0637 13.7754 0.5
9 884.413 93.5729 13.5533 0.5
9 760.106 86.0296 -5.46137 0.5
9 767.338 112.919 7.62256 0.5
9 814.083 93.9255 -13.715 0.5
9 698.296 111.634 -9.46778 0.5
9 975.056 108.607 12.2848 0.5
9 968.17 91.6781 12.4799 0.5
9 682.527 103.146 14.6664 0.5
9 855.2 86.0872 5.60659 0.5
9 903.019 91.5918 12.4218 0.5
9 951.042 108.575 -12.3071 0.5
9 748.716 98.9974 14.9665 0.5
9 877.112 112.675 8.02198 0.5
9 870.469 100.048 14.9999 0.5
9 880.385 111.298 -9.86647 0.5
9 975.017 114.996 -0.35758 0.5
9 784.776 114.979 -0.790803 0.5
9 819.458 86.4961 6.53025 0.5
9 721.992 111.456 -9.68304 0.5
9 774.788 111.143 -10.0417 0.5
9 728.62 104.67 14.2544 0.5
9 852.826 91.2101 12.1548 0.5
9 880.194 108.234 -12.5381 0.5
9 735.383 107.599 -12.9328 0.5
9 899.577 87.3281 -8.02634 0.5
9 929.613 85.0008 -0.152729 0.5
9 702.836 106.373 -13.5786 0.5
9 958.092 108.5 -12.3589 0.5
9 694.88 92.4149 -12.9409 0.5
9 975.142 89.166 -10.3742 0.5
9 839.419 98.6898 14.9427 0.5
9 674.116 87.3408 -8.04646 0.5
9 781.002 85.3871 3.38553 0.5
9 867.568 86.1977 5.87348 0.5
9 914.648 85.0598 1.3384 0.5
9 747.117 87.1785 -7.78516 0.5
9 789.143 99.5814 14.9942 0.5
9 923.125 114.216 4.78656 0.5
9 890.226 95.4387 -14.2897 0.5
9 814.456 114.083 5.16489 0.5
9 761.42 85.76 -4.71413 0.5
9 938.475 114.866 2.00145 0.5
9 763.471 114.995 0.390987 0.5
9 813.511 91.7142 -12.5038 0.5
9 975.197 113.396 -6.74802 0.5
9 700.391 109.071 -11.9463 0.5
9 885.589 90.5064 11.6134 0.5
